1.161100e+06
4.782200e+05
6.706900e+04
2.458900e+05
2.075600e+05
1.998800e+05
1.160600e+06
2.617100e+04
2.241200e+05
3.747200e+05
5.746900e+05
1.269700e+05
2.170800e+05
2.358800e+05
2.104600e+05
1.300800e+05
2.548400e+05
3.190300e+06
1.636900e+05
4.468300e+05
4.216200e+05
2.031800e+05
1.911600e+05
5.451300e+05
8.109000e+04
2.336500e+05
2.770700e+05
2.212300e+05
4.613800e+05
1.467100e+05
1.665800e+05
4.126900e+05
3.019300e+05
2.277100e+04
2.957300e+05
3.205100e+05
2.397500e+05
2.083700e+05
2.114500e+05
5.067100e+05
1.554500e+05
1.496700e+05
6.856400e+05
2.022300e+05
6.444100e+04
6.658600e+04
3.277200e+05
4.002700e+05
6.249600e+04
1.503400e+05
9.140100e+05
2.702600e+05
2.755200e+05
1.535100e+05
2.645700e+05
8.940000e+05
1.381800e+05
7.720000e+05
1.327800e+05
3.631900e+05
4.765700e+05
4.453000e+04
4.088200e+05
7.444000e+04
2.266700e+05
9.327200e+05
1.285500e+05
5.399100e+04
2.456500e+05
7.087600e+04
1.371100e+05
1.049400e+05
2.652300e+05
2.324700e+05
2.058100e+05
1.093700e+05
9.164800e+05
2.175300e+05
1.349100e+05
3.076300e+05
3.707300e+05
1.053600e+05
5.098400e+05
1.050000e+06
9.343900e+05
1.170500e+05
3.477100e+04
2.271700e+05
4.109700e+05
3.167400e+05
4.861900e+04
6.283300e+05
4.276600e+05
2.392700e+05
5.685700e+05
1.169700e+05
9.858800e+05
7.750200e+05
4.308300e+05
1.728600e+05
