1.161000e+06
4.782000e+05
6.707000e+04
2.459000e+05
2.076000e+05
1.999000e+05
1.161000e+06
2.617000e+04
2.241000e+05
3.747000e+05
5.747000e+05
1.270000e+05
2.171000e+05
2.359000e+05
2.105000e+05
1.301000e+05
2.548000e+05
3.190000e+06
1.637000e+05
4.468000e+05
4.216000e+05
2.032000e+05
1.912000e+05
5.451000e+05
8.109000e+04
2.337000e+05
2.771000e+05
2.212000e+05
4.614000e+05
1.467000e+05
1.666000e+05
4.127000e+05
3.019000e+05
2.277000e+04
2.957000e+05
3.205000e+05
2.397000e+05
2.084000e+05
2.115000e+05
5.067000e+05
1.555000e+05
1.497000e+05
6.856000e+05
2.022000e+05
6.444000e+04
6.659000e+04
3.277000e+05
4.003000e+05
6.250000e+04
1.503000e+05
9.140000e+05
2.703000e+05
2.755000e+05
1.535000e+05
2.646000e+05
8.940000e+05
1.382000e+05
7.720000e+05
1.328000e+05
3.632000e+05
4.766000e+05
4.453000e+04
4.088000e+05
7.444000e+04
2.267000e+05
9.327000e+05
1.285000e+05
5.399000e+04
2.457000e+05
7.088000e+04
1.371000e+05
1.049000e+05
2.652000e+05
2.325000e+05
2.058000e+05
1.094000e+05
9.165000e+05
2.175000e+05
1.349000e+05
3.076000e+05
3.707000e+05
1.054000e+05
5.098000e+05
1.050000e+06
9.344000e+05
1.170000e+05
3.477000e+04
2.272000e+05
4.110000e+05
3.167000e+05
4.862000e+04
6.283000e+05
4.277000e+05
2.393000e+05
5.686000e+05
1.170000e+05
9.859000e+05
7.750000e+05
4.308000e+05
1.729000e+05
