7.069600e-04
8.117100e-03
7.258000e-04
5.507100e-03
5.377000e-03
6.700700e-03
6.981800e-04
4.744700e-03
7.659100e-04
2.513700e-03
4.174300e-03
9.034700e-04
3.578800e-04
9.210400e-03
2.393800e-03
6.943100e-03
9.179200e-03
8.466100e-03
6.121200e-04
2.946500e-03
3.386900e-04
3.129600e-03
7.383100e-04
7.186300e-04
8.561400e-04
8.009800e-03
1.013500e-03
3.395700e-04
1.187600e-03
3.466900e-03
5.666600e-03
3.551500e-03
4.845100e-03
2.058100e-03
5.603400e-04
4.605600e-03
1.489600e-03
2.367400e-03
5.373400e-03
6.829600e-03
2.352900e-03
4.285200e-03
5.543200e-04
4.751300e-03
4.421200e-03
4.663600e-04
6.139100e-03
1.239300e-03
6.544200e-03
2.929200e-03
2.462400e-03
4.718900e-04
4.737500e-04
4.955100e-03
4.367600e-03
3.917300e-04
2.380800e-03
4.963500e-04
7.694700e-04
9.414700e-04
7.097900e-03
2.329900e-03
2.319800e-03
9.027400e-03
6.274000e-04
2.770800e-03
2.836500e-03
4.354800e-03
9.291900e-03
1.777700e-03
2.171100e-03
9.352500e-03
1.099000e-03
7.653000e-03
7.170800e-04
3.838500e-03
6.589100e-03
6.870200e-04
6.435500e-03
1.938200e-03
7.857000e-03
2.938200e-03
5.603400e-04
4.723400e-03
7.062500e-03
7.144500e-03
2.725500e-03
8.919800e-04
5.128800e-03
8.989600e-03
1.393700e-03
7.827900e-04
4.445300e-03
1.588800e-03
6.303700e-03
5.442400e-03
1.724900e-03
5.019000e-03
8.600200e-03
1.393100e-03
