5.313900e+07
1.148300e+08
2.886300e+07
3.222700e+07
3.800100e+07
1.895600e+07
1.715100e+08
4.646000e+07
4.054400e+07
1.117100e+07
1.010000e+08
3.444800e+07
4.038100e+07
8.413900e+07
1.136300e+07
1.782800e+07
3.939900e+07
3.509400e+07
5.031800e+07
3.783100e+07
2.251500e+07
5.569600e+07
2.123400e+07
1.711300e+08
2.390600e+07
6.752100e+07
1.226700e+08
4.358600e+07
2.733400e+07
2.334500e+07
4.510800e+07
2.545200e+07
6.629300e+07
3.216900e+07
7.029800e+06
2.823400e+07
4.074000e+07
2.855500e+07
3.367200e+07
5.541600e+07
4.719900e+07
6.013700e+07
4.454900e+07
1.503800e+07
3.347300e+07
3.067700e+07
1.222200e+07
3.070300e+07
6.376600e+07
7.594500e+07
2.216500e+07
1.627500e+07
3.419000e+07
6.354500e+07
6.279300e+07
7.188900e+07
3.791300e+07
1.778200e+07
3.433000e+07
5.373900e+07
4.476500e+07
2.529400e+07
6.779800e+07
6.635400e+07
7.237000e+07
1.219600e+08
1.139300e+07
2.993700e+07
2.317300e+07
8.178400e+06
3.971000e+07
1.513300e+08
2.653200e+07
2.483600e+07
5.821200e+07
8.365000e+07
2.043700e+07
2.774300e+07
1.225900e+07
3.460800e+07
4.176700e+07
1.135500e+08
1.071200e+08
2.877700e+07
9.974900e+07
3.038700e+07
6.169200e+07
4.837200e+07
2.944800e+07
1.686300e+07
2.368400e+07
7.327000e+07
6.781000e+07
7.757200e+07
1.788600e+07
9.731200e+07
1.493800e+07
2.295800e+07
5.648300e+07
3.761400e+07
