-2.20000000e+02
0.00000000e+00
0.00000000e+00
0.00000000e+00
0.00000000e+00
0.00000000e+00
0.00000000e+00
0.00000000e+00
0.00000000e+00
0.00000000e+00
0.00000000e+00
0.00000000e+00
0.00000000e+00
0.00000000e+00
0.00000000e+00
0.00000000e+00
0.00000000e+00
0.00000000e+00
0.00000000e+00
0.00000000e+00
0.00000000e+00
0.00000000e+00
0.00000000e+00
0.00000000e+00
0.00000000e+00
0.00000000e+00
0.00000000e+00
0.00000000e+00
0.00000000e+00
0.00000000e+00
0.00000000e+00
0.00000000e+00
0.00000000e+00
0.00000000e+00
0.00000000e+00
0.00000000e+00
-1.20000000e+02
-6.49000000e+00
-3.88000000e+00
-2.98000000e+00
-2.58000000e+00
-2.22000000e+00
-1.83000000e+00
-1.51000000e+00
-1.25000000e+00
-1.05000000e+00
-8.70000000e-01
-7.50000000e-01
-6.30000000e-01
-5.30000000e-01
-4.60000000e-01
-3.90000000e-01
-3.40000000e-01
-3.00000000e-01
-2.50000000e-01
-2.20000000e-01
-1.90000000e-01
-1.70000000e-01
-1.40000000e-01
-1.30000000e-01
-1.10000000e-01
-1.00000000e-01
-8.00000000e-02
-7.00000000e-02
-7.00000000e-02
-6.00000000e-02
-5.00000000e-02
-5.00000000e-02
-4.00000000e-02
-4.00000000e-02
-3.00000000e-02
-3.00000000e-02
-2.00000000e+01
-5.64000000e+00
-5.59000000e+00
-5.66000000e+00
-5.37000000e+00
-4.75000000e+00
-4.11000000e+00
-3.51000000e+00
-2.99000000e+00
-2.55000000e+00
-2.17000000e+00
-1.84000000e+00
-1.58000000e+00
-1.34000000e+00
-1.16000000e+00
-9.80000000e-01
-8.50000000e-01
-7.30000000e-01
-6.30000000e-01
-5.40000000e-01
-4.60000000e-01
-4.10000000e-01
-3.50000000e-01
-3.00000000e-01
-2.70000000e-01
-2.20000000e-01
-1.90000000e-01
-1.70000000e-01
-1.50000000e-01
-1.40000000e-01
-1.10000000e-01
-1.00000000e-01
-9.00000000e-02
-8.00000000e-02
-8.00000000e-02
-6.00000000e-02
-9.00000000e-02
-2.30000000e-01
-3.50000000e-01
-4.50000000e-01
-5.00000000e-01
-5.20000000e-01
-5.10000000e-01
-4.70000000e-01
-4.30000000e-01
-3.80000000e-01
-3.40000000e-01
-2.90000000e-01
-2.60000000e-01
-2.20000000e-01
-2.00000000e-01
-1.70000000e-01
-1.40000000e-01
-1.30000000e-01
-1.10000000e-01
-1.00000000e-01
-8.00000000e-02
-7.00000000e-02
-6.00000000e-02
-6.00000000e-02
-4.00000000e-02
-4.00000000e-02
-4.00000000e-02
-3.00000000e-02
-3.00000000e-02
-2.00000000e-02
-2.00000000e-02
-2.00000000e-02
-2.00000000e-02
-1.00000000e-02
-1.00000000e-02
-1.00000000e-02
-3.00000000e-02
-9.00000000e-02
-1.80000000e-01
-2.50000000e-01
-3.00000000e-01
-3.20000000e-01
-3.20000000e-01
-3.10000000e-01
-2.80000000e-01
-2.60000000e-01
-2.30000000e-01
-2.00000000e-01
-1.70000000e-01
-1.60000000e-01
-1.30000000e-01
-1.10000000e-01
-1.10000000e-01
-8.00000000e-02
-8.00000000e-02
-6.00000000e-02
-6.00000000e-02
-5.00000000e-02
-4.00000000e-02
-4.00000000e-02
-3.00000000e-02
-3.00000000e-02
-2.00000000e-02
-2.00000000e-02
-2.00000000e-02
-2.00000000e-02
-1.00000000e-02
-1.00000000e-02
-2.00000000e-02
-1.00000000e-02
0.00000000e+00
-1.00000000e-02
-2.20000000e-01
-1.45000000e+00
-2.12000000e+00
-2.34000000e+00
-2.36000000e+00
-2.29000000e+00
-2.16000000e+00
-2.03000000e+00
-1.88000000e+00
-1.73000000e+00
-1.60000000e+00
-1.46000000e+00
-1.33000000e+00
-1.23000000e+00
-1.12000000e+00
-1.02000000e+00
-9.30000000e-01
-8.60000000e-01
-7.80000000e-01
-7.20000000e-01
-6.60000000e-01
-6.00000000e-01
-5.60000000e-01
-5.10000000e-01
-4.70000000e-01
-4.30000000e-01
-3.90000000e-01
-3.60000000e-01
-3.40000000e-01
-3.20000000e-01
-2.90000000e-01
-2.80000000e-01
-2.50000000e-01
-2.50000000e-01
-2.20000000e-01
-2.10000000e-01
-1.60000000e-01
-1.19000000e+00
-1.83000000e+00
-2.05000000e+00
-2.10000000e+00
-2.04000000e+00
-1.95000000e+00
-1.82000000e+00
-1.69000000e+00
-1.57000000e+00
-1.44000000e+00
-1.31000000e+00
-1.21000000e+00
-1.10000000e+00
-1.01000000e+00
-9.10000000e-01
-8.50000000e-01
-7.60000000e-01
-7.10000000e-01
-6.40000000e-01
-5.90000000e-01
-5.50000000e-01
-5.00000000e-01
-4.60000000e-01
-4.20000000e-01
-3.80000000e-01
-3.50000000e-01
-3.30000000e-01
-3.00000000e-01
-2.80000000e-01
-2.70000000e-01
-2.40000000e-01
-2.40000000e-01
-2.10000000e-01
-2.00000000e-01
-1.90000000e-01
-2.80000000e-01
-9.40000000e-01
-1.21000000e+00
-1.26000000e+00
-1.21000000e+00
-1.15000000e+00
-1.07000000e+00
-9.90000000e-01
-9.10000000e-01
-8.40000000e-01
-7.50000000e-01
-6.90000000e-01
-6.30000000e-01
-5.70000000e-01
-5.20000000e-01
-4.70000000e-01
-4.30000000e-01
-3.90000000e-01
-3.60000000e-01
-3.20000000e-01
-3.00000000e-01
-2.70000000e-01
-2.50000000e-01
-2.30000000e-01
-2.20000000e-01
-1.90000000e-01
-1.70000000e-01
-1.60000000e-01
-1.50000000e-01
-1.40000000e-01
-1.30000000e-01
-1.30000000e-01
-1.10000000e-01
-1.10000000e-01
-1.00000000e-01
-9.00000000e-02
-2.10000000e-01
-7.90000000e-01
-1.00000000e+00
-9.50000000e-01
-8.30000000e-01
-7.20000000e-01
-6.30000000e-01
-5.50000000e-01
-5.00000000e-01
-4.50000000e-01
-3.90000000e-01
-3.60000000e-01
-3.20000000e-01
-3.00000000e-01
-2.60000000e-01
-2.40000000e-01
-2.10000000e-01
-2.00000000e-01
-1.80000000e-01
-1.60000000e-01
-1.50000000e-01
-1.40000000e-01
-1.20000000e-01
-1.20000000e-01
-1.00000000e-01
-1.00000000e-01
-9.00000000e-02
-8.00000000e-02
-7.00000000e-02
-8.00000000e-02
-6.00000000e-02
-6.00000000e-02
-6.00000000e-02
-5.00000000e-02
-5.00000000e-02
-5.00000000e-02
-9.00000000e-02
-1.80000000e-01
-1.50000000e-01
-1.20000000e-01
-9.00000000e-02
-8.00000000e-02
-7.00000000e-02
-6.00000000e-02
-5.00000000e-02
-4.00000000e-02
-4.00000000e-02
-3.00000000e-02
-3.00000000e-02
-3.00000000e-02
-2.00000000e-02
-2.00000000e-02
-2.00000000e-02
-2.00000000e-02
-1.00000000e-02
-2.00000000e-02
-1.00000000e-02
-1.00000000e-02
-1.00000000e-02
-1.00000000e-02
-1.00000000e-02
-1.00000000e-02
0.00000000e+00
-1.00000000e-02
-1.00000000e-02
0.00000000e+00
-1.00000000e-02
0.00000000e+00
-1.00000000e-02
0.00000000e+00
0.00000000e+00
-1.00000000e-02
