5.49460000e-03
3.99270000e-03
3.38550000e-03
3.12450000e-03
2.79240000e-03
2.62330000e-03
2.49730000e-03
2.39730000e-03
2.31480000e-03
2.24500000e-03
2.18490000e-03
2.13240000e-03
2.08580000e-03
2.04420000e-03
2.00670000e-03
1.97260000e-03
1.94150000e-03
1.91300000e-03
1.88830000e-03
1.86580000e-03
1.41260000e-03
5.19200000e-04
6.95020000e-05
4.49360000e-05
3.07620000e-05
2.10030000e-05
1.45880000e-05
9.77580000e-06
6.26830000e-06
3.60810000e-06
1.59610000e-06
1.97060000e-07
0.00000000e+00
0.00000000e+00
0.00000000e+00
0.00000000e+00
0.00000000e+00
0.00000000e+00
0.00000000e+00
0.00000000e+00
8.85080000e-05
5.09760000e-05
3.45500000e-05
2.48340000e-05
1.79920000e-05
1.24680000e-05
8.69170000e-06
5.40170000e-06
3.16670000e-06
1.29780000e-06
2.92210000e-07
0.00000000e+00
0.00000000e+00
0.00000000e+00
0.00000000e+00
0.00000000e+00
0.00000000e+00
0.00000000e+00
0.00000000e+00
0.00000000e+00
0.00000000e+00
0.00000000e+00
0.00000000e+00
0.00000000e+00
0.00000000e+00
0.00000000e+00
0.00000000e+00
0.00000000e+00
0.00000000e+00
0.00000000e+00
0.00000000e+00
0.00000000e+00
0.00000000e+00
0.00000000e+00
0.00000000e+00
0.00000000e+00
0.00000000e+00
0.00000000e+00
0.00000000e+00
0.00000000e+00
1.08260000e-07
1.08120000e-07
1.07770000e-07
1.07090000e-07
1.06000000e-07
1.04440000e-07
1.02380000e-07
9.98130000e-08
9.67240000e-08
9.31180000e-08
8.90040000e-08
8.43930000e-08
7.93010000e-08
7.37520000e-08
6.77720000e-08
6.13920000e-08
5.46480000e-08
4.75770000e-08
4.02200000e-08
3.26190000e-08
