2.70311653e+02
5.00423629e+01
5.00624773e+01
5.01732955e+01
5.04106084e+01
4.97613792e+01
4.99766790e+01
5.00402829e+01
5.00400383e+01
5.00118591e+01
5.00240275e+01
5.00384201e+01
5.00379210e+01
5.01626192e+01
4.99839448e+01
5.00198387e+01
4.96899615e+01
4.97042080e+01
4.97885463e+01
4.98049087e+01
5.02148465e+01
4.97163241e+01
4.96124107e+01
5.00961466e+01
5.01169660e+01
5.01101689e+01
4.96826715e+01
4.99118724e+01
5.02678565e+01
4.99004261e+01
5.02292440e+01
5.07411353e+01
4.98095104e+01
4.97965927e+01
4.99306846e+01
4.95356823e+01
5.00711216e+01
2.69892449e+02
1.50299129e+02
1.43070239e+02
1.39656302e+02
1.36385038e+02
1.34247957e+02
1.31625523e+02
1.30045598e+02
1.28023107e+02
1.26700957e+02
1.26086603e+02
1.24945343e+02
1.24339398e+02
1.23635364e+02
1.23483021e+02
1.22935915e+02
1.22458466e+02
1.22069794e+02
1.22209001e+02
1.21661584e+02
1.21140786e+02
1.20891213e+02
1.20936639e+02
1.21087742e+02
1.20562493e+02
1.20427714e+02
1.20361053e+02
1.20585965e+02
1.20333873e+02
1.20295689e+02
1.20088643e+02
1.20450702e+02
1.20190640e+02
1.19979402e+02
1.19820420e+02
1.19817495e+02
1.19963764e+02
2.70104252e+02
2.50751419e+02
2.44261200e+02
2.38343619e+02
2.33097502e+02
2.28176626e+02
2.23688692e+02
2.19161466e+02
2.15593008e+02
2.12655168e+02
2.10015382e+02
2.08056919e+02
2.06135600e+02
2.04490551e+02
2.03328186e+02
2.01890448e+02
2.01004922e+02
2.00556674e+02
1.99667114e+02
1.98811722e+02
1.98095425e+02
1.97888846e+02
1.97512117e+02
1.96994285e+02
1.97172523e+02
1.96397118e+02
1.95902674e+02
1.96350645e+02
1.95623599e+02
1.95531497e+02
1.95731471e+02
1.95671059e+02
1.95547530e+02
1.95397729e+02
1.95413525e+02
1.95499494e+02
1.95262585e+02
2.68981765e+02
2.69124573e+02
2.68750243e+02
2.67454447e+02
2.67262416e+02
2.66693551e+02
2.66279591e+02
2.66084639e+02
2.65770091e+02
2.64576646e+02
2.64246778e+02
2.64166292e+02
2.63752489e+02
2.63312938e+02
2.63348372e+02
2.62852923e+02
2.63016867e+02
2.62803128e+02
2.62518040e+02
2.62785615e+02
2.62181567e+02
2.62433945e+02
2.62307344e+02
2.62263672e+02
2.61958974e+02
2.62054386e+02
2.62032686e+02
2.61772784e+02
2.61899196e+02
2.61743987e+02
2.61693539e+02
2.62121759e+02
2.61952631e+02
2.61677612e+02
2.61803146e+02
2.61400329e+02
2.62039248e+02
2.68474392e+02
2.68319672e+02
2.68175934e+02
2.68265268e+02
2.67803143e+02
2.67488429e+02
2.67019524e+02
2.66714140e+02
2.66641726e+02
2.66469433e+02
2.65880023e+02
2.65549791e+02
2.65572679e+02
2.65321372e+02
2.64799043e+02
2.64972757e+02
2.64476272e+02
2.64865584e+02
2.64697726e+02
2.64721011e+02
2.64258317e+02
2.64707805e+02
2.64193471e+02
2.64235140e+02
2.64052204e+02
2.64499416e+02
2.64191575e+02
2.63845724e+02
2.63964853e+02
2.64011437e+02
2.64346003e+02
2.64108924e+02
2.64122515e+02
2.63868800e+02
2.64389389e+02
2.63842428e+02
2.64062106e+02
2.67667163e+02
2.67577256e+02
2.66120212e+02
2.63222726e+02
2.60719002e+02
2.58271833e+02
2.55670591e+02
2.53462192e+02
2.51012995e+02
2.49145450e+02
2.47615031e+02
2.45588986e+02
2.44371774e+02
2.42420947e+02
2.41116591e+02
2.40053553e+02
2.38588129e+02
2.38119000e+02
2.37181192e+02
2.36313447e+02
2.35062861e+02
2.34694976e+02
2.34271812e+02
2.32990484e+02
2.33169711e+02
2.32531079e+02
2.32180618e+02
2.31603868e+02
2.30946152e+02
2.30683696e+02
2.30194424e+02
2.29918824e+02
2.29496533e+02
2.30094139e+02
2.29286854e+02
2.28996947e+02
2.28444423e+02
2.68211147e+02
2.68124338e+02
2.66861956e+02
2.64974711e+02
2.63207092e+02
2.60594272e+02
2.58759216e+02
2.56896611e+02
2.54510692e+02
2.52929021e+02
2.50895961e+02
2.49817641e+02
2.48214465e+02
2.47154996e+02
2.45930738e+02
2.44666903e+02
2.43457666e+02
2.43117001e+02
2.42197004e+02
2.41148386e+02
2.40132906e+02
2.39811281e+02
2.39240130e+02
2.38564849e+02
2.37952425e+02
2.37620608e+02
2.37321148e+02
2.36968082e+02
2.36447371e+02
2.35664967e+02
2.36002216e+02
2.35726424e+02
2.35259927e+02
2.34991009e+02
2.34902347e+02
2.34711558e+02
2.34552505e+02
2.69745782e+02
2.69990277e+02
2.68760996e+02
2.67708127e+02
2.66518039e+02
2.65477846e+02
2.63960258e+02
2.63179191e+02
2.61702224e+02
2.61071596e+02
2.59897311e+02
2.59433006e+02
2.58367502e+02
2.58092096e+02
2.56907305e+02
2.56217690e+02
2.56032655e+02
2.55549554e+02
2.55335385e+02
2.54756702e+02
2.54466247e+02
2.54051817e+02
2.53969966e+02
2.53498785e+02
2.53460430e+02
2.52944281e+02
2.52894357e+02
2.52713074e+02
2.53114071e+02
2.52032245e+02
2.52625708e+02
2.52138149e+02
2.52005104e+02
2.51749644e+02
2.51892788e+02
2.51711057e+02
2.51675407e+02
2.70543406e+02
2.70242100e+02
2.69597200e+02
2.68807653e+02
2.68047040e+02
2.66589754e+02
2.66006827e+02
2.65764132e+02
2.64652867e+02
2.64279220e+02
2.63601349e+02
2.63365409e+02
2.62933870e+02
2.62730595e+02
2.62360497e+02
2.62319450e+02
2.61634853e+02
2.61595878e+02
2.60960408e+02
2.60905036e+02
2.61194948e+02
2.60642212e+02
2.60694308e+02
2.60088919e+02
2.60380792e+02
2.60344767e+02
2.60002867e+02
2.60173985e+02
2.60227287e+02
2.60156072e+02
2.59785123e+02
2.59368735e+02
2.59362402e+02
2.59646717e+02
2.59459309e+02
2.59154723e+02
2.59184691e+02
2.70857895e+02
2.70753507e+02
2.70667334e+02
2.70290494e+02
2.70227853e+02
2.70695193e+02
2.70164604e+02
2.69617965e+02
2.70142686e+02
2.70060298e+02
2.69954086e+02
2.69636937e+02
2.69889325e+02
2.69889528e+02
2.70106651e+02
2.69709629e+02
2.69972314e+02
2.69680568e+02
2.69453821e+02
2.69745701e+02
2.69567241e+02
2.69727894e+02
2.69617342e+02
2.69865094e+02
2.69860471e+02
2.69986654e+02
2.69505597e+02
2.69499169e+02
2.69861524e+02
2.69604725e+02
2.69613236e+02
2.69828100e+02
2.69786746e+02
2.69454540e+02
2.69633346e+02
2.69559499e+02
2.69470937e+02
