2.69895772e+02
5.00455161e+01
5.00691557e+01
4.98177561e+01
5.00206669e+01
4.98768023e+01
5.00543812e+01
5.00111585e+01
5.02014253e+01
4.96410442e+01
4.99526496e+01
5.01473379e+01
4.99148654e+01
5.02363584e+01
5.02034473e+01
4.97798122e+01
5.01021355e+01
5.00133774e+01
4.97213244e+01
5.01038265e+01
5.00673829e+01
5.00384852e+01
5.04880373e+01
4.97041481e+01
4.97783592e+01
5.02189710e+01
5.01323654e+01
5.03267665e+01
4.96259814e+01
4.97854018e+01
4.96062679e+01
5.02105896e+01
4.99903939e+01
4.97587884e+01
5.00624498e+01
5.01481556e+01
5.01441323e+01
2.70049282e+02
1.50146901e+02
1.43711391e+02
1.39592218e+02
1.36752046e+02
1.34059085e+02
1.31353041e+02
1.30212259e+02
1.28651460e+02
1.27362935e+02
1.26401989e+02
1.25373174e+02
1.24753668e+02
1.24142184e+02
1.23642994e+02
1.23352096e+02
1.22760024e+02
1.22243391e+02
1.22101330e+02
1.21870176e+02
1.21303786e+02
1.21486252e+02
1.21219563e+02
1.20954547e+02
1.20959485e+02
1.20940919e+02
1.20522881e+02
1.20732998e+02
1.20664356e+02
1.20370059e+02
1.20734775e+02
1.20306761e+02
1.19992195e+02
1.20160747e+02
1.20334142e+02
1.20273054e+02
1.20294219e+02
2.70206894e+02
2.50002054e+02
2.44328884e+02
2.38799600e+02
2.33257630e+02
2.27937482e+02
2.23372095e+02
2.19408965e+02
2.15628292e+02
2.12438952e+02
2.10159871e+02
2.08232125e+02
2.06451401e+02
2.04955386e+02
2.03851037e+02
2.02208943e+02
2.01753654e+02
2.00657246e+02
1.99904391e+02
1.99070156e+02
1.98670143e+02
1.98047167e+02
1.97978344e+02
1.97466074e+02
1.97089802e+02
1.97109351e+02
1.96948510e+02
1.96805488e+02
1.96273436e+02
1.96076130e+02
1.96228497e+02
1.96268871e+02
1.95762741e+02
1.95759686e+02
1.95655825e+02
1.95164206e+02
1.95624788e+02
2.68734954e+02
2.68692392e+02
2.68350842e+02
2.68151603e+02
2.67235942e+02
2.67052592e+02
2.66170718e+02
2.65797474e+02
2.65502059e+02
2.65126673e+02
2.64628881e+02
2.64261639e+02
2.63809476e+02
2.63338884e+02
2.63278957e+02
2.63094821e+02
2.63476096e+02
2.62741219e+02
2.62643741e+02
2.62588783e+02
2.62098091e+02
2.62709962e+02
2.62191401e+02
2.62111614e+02
2.61966999e+02
2.62126997e+02
2.62023295e+02
2.62150260e+02
2.62193570e+02
2.61807022e+02
2.61876288e+02
2.61887960e+02
2.61822735e+02
2.62075013e+02
2.61618153e+02
2.61885128e+02
2.61845578e+02
2.68470133e+02
2.68442490e+02
2.68033752e+02
2.68215578e+02
2.67727344e+02
2.67605492e+02
2.67001926e+02
2.66628705e+02
2.66590637e+02
2.66289540e+02
2.66225847e+02
2.66016959e+02
2.65506793e+02
2.65661881e+02
2.65169989e+02
2.65124310e+02
2.64878061e+02
2.64962221e+02
2.64599400e+02
2.64535455e+02
2.64697446e+02
2.64587408e+02
2.64077198e+02
2.64701612e+02
2.64535101e+02
2.64147217e+02
2.64359273e+02
2.64097567e+02
2.64363327e+02
2.64231972e+02
2.64419888e+02
2.64447097e+02
2.64147398e+02
2.64189113e+02
2.64278218e+02
2.64552836e+02
2.64207961e+02
2.67187577e+02
2.66850889e+02
2.65671652e+02
2.63948041e+02
2.61692439e+02
2.59468500e+02
2.56923022e+02
2.54917298e+02
2.52871767e+02
2.51534766e+02
2.49717003e+02
2.48012828e+02
2.46424176e+02
2.45565288e+02
2.43990499e+02
2.43222610e+02
2.41818357e+02
2.40832902e+02
2.40158241e+02
2.39018632e+02
2.38301501e+02
2.37779402e+02
2.36725875e+02
2.36410765e+02
2.36179710e+02
2.34918001e+02
2.34864975e+02
2.34052884e+02
2.33797946e+02
2.33242624e+02
2.33032452e+02
2.32673235e+02
2.32639786e+02
2.31871447e+02
2.31509013e+02
2.31581316e+02
2.31290287e+02
2.67446465e+02
2.67689192e+02
2.66540661e+02
2.64656877e+02
2.62728471e+02
2.60810838e+02
2.58689045e+02
2.56837187e+02
2.55302457e+02
2.53574845e+02
2.52059256e+02
2.50213492e+02
2.49083253e+02
2.47831574e+02
2.46491854e+02
2.45803914e+02
2.44779745e+02
2.43737965e+02
2.43093962e+02
2.42560973e+02
2.41906496e+02
2.41166220e+02
2.40452627e+02
2.40041345e+02
2.39388471e+02
2.39110670e+02
2.38234188e+02
2.37893451e+02
2.37545573e+02
2.37181224e+02
2.36992864e+02
2.36748471e+02
2.35904338e+02
2.35679517e+02
2.35783399e+02
2.35687493e+02
2.35237490e+02
2.69922226e+02
2.70239473e+02
2.69011977e+02
2.67342358e+02
2.66498399e+02
2.65167162e+02
2.63838696e+02
2.62994811e+02
2.61937162e+02
2.61313300e+02
2.60180878e+02
2.59388048e+02
2.58136720e+02
2.58244132e+02
2.57147697e+02
2.56481032e+02
2.55946346e+02
2.56324849e+02
2.55441206e+02
2.55045622e+02
2.54718586e+02
2.54459632e+02
2.54233833e+02
2.54019837e+02
2.53308574e+02
2.53443310e+02
2.53071137e+02
2.52986770e+02
2.52910629e+02
2.52174095e+02
2.52540601e+02
2.52166560e+02
2.52192106e+02
2.51716863e+02
2.51911509e+02
2.51893715e+02
2.51469432e+02
2.70530280e+02
2.70178615e+02
2.69430589e+02
2.68520439e+02
2.67444035e+02
2.66711089e+02
2.66232565e+02
2.65385671e+02
2.64757109e+02
2.64402850e+02
2.63793324e+02
2.63584553e+02
2.62956077e+02
2.62734246e+02
2.62475263e+02
2.62010399e+02
2.61723349e+02
2.61362457e+02
2.61410878e+02
2.61099094e+02
2.61129570e+02
2.60678906e+02
2.60562816e+02
2.60718685e+02
2.59919520e+02
2.60212504e+02
2.60055621e+02
2.60310248e+02
2.59979238e+02
2.60016600e+02
2.60133508e+02
2.59797246e+02
2.59641952e+02
2.59448685e+02
2.59556981e+02
2.59591133e+02
2.59661186e+02
2.70728476e+02
2.70845422e+02
2.70273056e+02
2.70199693e+02
2.70648258e+02
2.70140621e+02
2.69847943e+02
2.70084533e+02
2.70286646e+02
2.70240398e+02
2.69921706e+02
2.69855709e+02
2.69748360e+02
2.70011887e+02
2.69791492e+02
2.69789181e+02
2.69997191e+02
2.69572394e+02
2.69705927e+02
2.69693769e+02
2.69672306e+02
2.70012798e+02
2.69742548e+02
2.69593977e+02
2.69757423e+02
2.69822331e+02
2.69993412e+02
2.69591119e+02
2.69323750e+02
2.69452893e+02
2.69485706e+02
2.69719057e+02
2.69480401e+02
2.69812359e+02
2.69347878e+02
2.69530813e+02
2.69453500e+02
