2.70000000e+02
5.00000000e+01
5.00000000e+01
5.00000000e+01
5.00000000e+01
5.00000000e+01
5.00000000e+01
5.00000000e+01
5.00000000e+01
5.00000000e+01
5.00000000e+01
5.00000000e+01
5.00000000e+01
5.00000000e+01
5.00000000e+01
5.00000000e+01
5.00000000e+01
5.00000000e+01
5.00000000e+01
5.00000000e+01
5.00000000e+01
5.00000000e+01
5.00000000e+01
5.00000000e+01
5.00000000e+01
5.00000000e+01
5.00000000e+01
5.00000000e+01
5.00000000e+01
5.00000000e+01
5.00000000e+01
5.00000000e+01
5.00000000e+01
5.00000000e+01
5.00000000e+01
5.00000000e+01
5.00000000e+01
2.70000000e+02
1.50000000e+02
1.43684347e+02
1.39847802e+02
1.36887664e+02
1.34369010e+02
1.32199782e+02
1.30380923e+02
1.28877921e+02
1.27630246e+02
1.26587738e+02
1.25711222e+02
1.24970181e+02
1.24340626e+02
1.23803486e+02
1.23343436e+02
1.22948040e+02
1.22607122e+02
1.22312295e+02
1.22056606e+02
1.21834258e+02
1.21640396e+02
1.21470937e+02
1.21322437e+02
1.21191982e+02
1.21077098e+02
1.20975679e+02
1.20885929e+02
1.20806315e+02
1.20735522e+02
1.20673016e+02
1.20618618e+02
1.20569612e+02
1.20525444e+02
1.20485565e+02
1.20449486e+02
1.20416777e+02
2.70000000e+02
2.50000000e+02
2.44391793e+02
2.38786098e+02
2.33133417e+02
2.27801160e+02
2.23098338e+02
2.19053656e+02
2.15606274e+02
2.12677913e+02
2.10192303e+02
2.08081227e+02
2.06285930e+02
2.04756694e+02
2.03451782e+02
2.02336265e+02
2.01380925e+02
2.00561297e+02
1.99856862e+02
1.99250377e+02
1.98727324e+02
1.98275450e+02
1.97884397e+02
1.97545392e+02
1.97250991e+02
1.96994867e+02
1.96771636e+02
1.96576711e+02
1.96406175e+02
1.96256685e+02
1.96126519e+02
1.96014830e+02
1.95915860e+02
1.95827984e+02
1.95749802e+02
1.95680104e+02
1.95617842e+02
2.68698460e+02
2.68621447e+02
2.68386288e+02
2.68017832e+02
2.67547211e+02
2.67018694e+02
2.66475435e+02
2.65950068e+02
2.65462172e+02
2.65020774e+02
2.64628074e+02
2.64282424e+02
2.63980264e+02
2.63717265e+02
2.63488968e+02
2.63291109e+02
2.63119774e+02
2.62971452e+02
2.62843045e+02
2.62731838e+02
2.62635471e+02
2.62551899e+02
2.62479358e+02
2.62416325e+02
2.62361487e+02
2.62313718e+02
2.62272047e+02
2.62235642e+02
2.62203785e+02
2.62175860e+02
2.62151428e+02
2.62130313e+02
2.62111801e+02
2.62095433e+02
2.62080903e+02
2.62067969e+02
2.62056429e+02
2.68310755e+02
2.68293766e+02
2.68205717e+02
2.68033422e+02
2.67786779e+02
2.67488268e+02
2.67164904e+02
2.66840347e+02
2.66531080e+02
2.66246372e+02
2.65990104e+02
2.65762771e+02
2.65562994e+02
2.65388491e+02
2.65236647e+02
2.65104835e+02
2.64990570e+02
2.64891586e+02
2.64805858e+02
2.64731601e+02
2.64667253e+02
2.64611457e+02
2.64563038e+02
2.64520980e+02
2.64484407e+02
2.64452565e+02
2.64424804e+02
2.64400567e+02
2.64379374e+02
2.64360811e+02
2.64344641e+02
2.64330642e+02
2.64318321e+02
2.64307456e+02
2.64297832e+02
2.64289278e+02
2.64281655e+02
2.69599264e+02
2.69259702e+02
2.67656308e+02
2.65362785e+02
2.62842550e+02
2.60304354e+02
2.57847156e+02
2.55517360e+02
2.53334656e+02
2.51304840e+02
2.49425931e+02
2.47691683e+02
2.46093664e+02
2.44622491e+02
2.43268561e+02
2.42022478e+02
2.40875292e+02
2.39818626e+02
2.38844725e+02
2.37946464e+02
2.37117335e+02
2.36351410e+02
2.35643302e+02
2.34988120e+02
2.34381428e+02
2.33819203e+02
2.33297793e+02
2.32813882e+02
2.32364456e+02
2.31946774e+02
2.31561635e+02
2.31212838e+02
2.30887314e+02
2.30583293e+02
2.30299193e+02
2.30033565e+02
2.29785077e+02
2.69812766e+02
2.69589379e+02
2.68364266e+02
2.66461754e+02
2.64293313e+02
2.62066993e+02
2.59886591e+02
2.57804276e+02
2.55844812e+02
2.54018014e+02
2.52324992e+02
2.50761820e+02
2.49321816e+02
2.47996949e+02
2.46778697e+02
2.45658564e+02
2.44628379e+02
2.43680450e+02
2.42807644e+02
2.42003406e+02
2.41261746e+02
2.40577219e+02
2.39944882e+02
2.39360257e+02
2.38819289e+02
2.38318305e+02
2.37853979e+02
2.37423295e+02
2.37023519e+02
2.36652165e+02
2.36310096e+02
2.36000484e+02
2.35711444e+02
2.35441513e+02
2.35189324e+02
2.34953600e+02
2.34733158e+02
2.70497118e+02
2.70314062e+02
2.69423209e+02
2.68194511e+02
2.66888392e+02
2.65599483e+02
2.64366996e+02
2.63208693e+02
2.62131972e+02
2.61138488e+02
2.60226288e+02
2.59391286e+02
2.58628285e+02
2.57931640e+02
2.57295671e+02
2.56714908e+02
2.56184216e+02
2.55698862e+02
2.55254528e+02
2.54847304e+02
2.54473668e+02
2.54130453e+02
2.53814820e+02
2.53524223e+02
2.53256380e+02
2.53009244e+02
2.52780978e+02
2.52569930e+02
2.52374616e+02
2.52193697e+02
2.52027302e+02
2.51876414e+02
2.51736056e+02
2.51605417e+02
2.51483719e+02
2.51370256e+02
2.51264390e+02
2.70708485e+02
2.70569157e+02
2.69836255e+02
2.68835761e+02
2.67862259e+02
2.66989923e+02
2.66217994e+02
2.65532096e+02
2.64919097e+02
2.64369050e+02
2.63874177e+02
2.63428041e+02
2.63025132e+02
2.62660649e+02
2.62330381e+02
2.62030623e+02
2.61758108e+02
2.61509955e+02
2.61283625e+02
2.61076874e+02
2.60887719e+02
2.60714409e+02
2.60555389e+02
2.60409282e+02
2.60274864e+02
2.60151046e+02
2.60036855e+02
2.59931424e+02
2.59833975e+02
2.59743812e+02
2.59660982e+02
2.59585755e+02
2.59515786e+02
2.59450763e+02
2.59390281e+02
2.59333966e+02
2.59281477e+02
2.70865115e+02
2.70783459e+02
2.70616559e+02
2.70470515e+02
2.70353764e+02
2.70258421e+02
2.70178449e+02
2.70109986e+02
2.70050656e+02
2.69998861e+02
2.69953401e+02
2.69913330e+02
2.69877880e+02
2.69846411e+02
2.69818390e+02
2.69793366e+02
2.69770954e+02
2.69750829e+02
2.69732710e+02
2.69716358e+02
2.69701566e+02
2.69688155e+02
2.69675970e+02
2.69664876e+02
2.69654756e+02
2.69645508e+02
2.69637041e+02
2.69629278e+02
2.69622148e+02
2.69615590e+02
2.69609589e+02
2.69604168e+02
2.69599161e+02
2.69594529e+02
2.69590236e+02
2.69586252e+02
2.69582551e+02
