2.69855750e+02
5.02504779e+01
4.96366920e+01
5.00256937e+01
5.00119408e+01
4.98747924e+01
5.00987669e+01
4.99924294e+01
4.99156960e+01
5.01895848e+01
5.01145603e+01
5.00606803e+01
5.00950612e+01
4.99630765e+01
4.97072973e+01
5.01504129e+01
5.01106147e+01
4.99627118e+01
5.03289947e+01
4.98205502e+01
5.00638877e+01
5.04156081e+01
5.02048761e+01
4.98425603e+01
4.98999115e+01
5.00664140e+01
5.01599459e+01
5.02277556e+01
4.99470022e+01
4.97556602e+01
4.98278468e+01
4.99364215e+01
4.99933957e+01
5.00114018e+01
4.99528136e+01
5.00733006e+01
4.99196265e+01
2.70109342e+02
1.50123202e+02
1.43621866e+02
1.39899445e+02
1.36729451e+02
1.34270859e+02
1.32007458e+02
1.30359779e+02
1.29069940e+02
1.27568947e+02
1.26403396e+02
1.25808173e+02
1.24743429e+02
1.24413837e+02
1.24103737e+02
1.23620206e+02
1.22875332e+02
1.22887847e+02
1.21960834e+02
1.22261348e+02
1.21837005e+02
1.21927606e+02
1.21742395e+02
1.21484952e+02
1.21447647e+02
1.21487831e+02
1.21480489e+02
1.21210003e+02
1.20917859e+02
1.20796359e+02
1.21032601e+02
1.20799524e+02
1.20926590e+02
1.20720880e+02
1.20873514e+02
1.20453143e+02
1.20754844e+02
2.70184511e+02
2.50003668e+02
2.45001649e+02
2.38948106e+02
2.33946039e+02
2.28428048e+02
2.23882195e+02
2.20025702e+02
2.16457652e+02
2.13818107e+02
2.11492048e+02
2.09474814e+02
2.07912208e+02
2.06495607e+02
2.05192997e+02
2.04142195e+02
2.03349747e+02
2.02708513e+02
2.01866169e+02
2.01103000e+02
2.00541945e+02
2.00138457e+02
2.00118436e+02
1.99791994e+02
1.99687393e+02
1.99354824e+02
1.99031166e+02
1.98949064e+02
1.98440221e+02
1.98611722e+02
1.98460523e+02
1.98044364e+02
1.98063182e+02
1.98005090e+02
1.97893784e+02
1.97905223e+02
1.98126845e+02
2.68702867e+02
2.69042054e+02
2.68479590e+02
2.67872232e+02
2.67094177e+02
2.66936777e+02
2.66802131e+02
2.65784141e+02
2.65285320e+02
2.65163658e+02
2.64647005e+02
2.64655251e+02
2.63951756e+02
2.63821727e+02
2.63492142e+02
2.63554013e+02
2.62940120e+02
2.62886454e+02
2.62766722e+02
2.62687192e+02
2.62547064e+02
2.62797595e+02
2.62740204e+02
2.62556927e+02
2.62569867e+02
2.62606449e+02
2.62864691e+02
2.62216723e+02
2.62582287e+02
2.62328150e+02
2.62473765e+02
2.62513896e+02
2.62211016e+02
2.62298918e+02
2.62089071e+02
2.61981020e+02
2.62404079e+02
2.68521780e+02
2.68251954e+02
2.68429189e+02
2.67943148e+02
2.67686128e+02
2.67300825e+02
2.67342999e+02
2.67099604e+02
2.66312196e+02
2.66225943e+02
2.65743025e+02
2.65748850e+02
2.65724114e+02
2.65342126e+02
2.65688622e+02
2.64986415e+02
2.64860198e+02
2.64910288e+02
2.65016388e+02
2.64975961e+02
2.64491634e+02
2.64590372e+02
2.64680891e+02
2.64856788e+02
2.64419032e+02
2.64575422e+02
2.64354482e+02
2.64546874e+02
2.64504415e+02
2.64445238e+02
2.64586074e+02
2.64706428e+02
2.64300065e+02
2.64472503e+02
2.64237904e+02
2.64326960e+02
2.64429399e+02
2.73219552e+02
2.73071368e+02
2.71157592e+02
2.68889550e+02
2.66013281e+02
2.63553551e+02
2.61163271e+02
2.59020126e+02
2.56419747e+02
2.54690911e+02
2.52434151e+02
2.50699044e+02
2.49662638e+02
2.47860481e+02
2.46317276e+02
2.45075976e+02
2.43646901e+02
2.43132841e+02
2.42252307e+02
2.41223148e+02
2.40365245e+02
2.40182660e+02
2.38981699e+02
2.38216981e+02
2.37856391e+02
2.36915705e+02
2.36431601e+02
2.35868584e+02
2.35788440e+02
2.35118069e+02
2.34490840e+02
2.34209856e+02
2.34287591e+02
2.33513589e+02
2.33025509e+02
2.33573450e+02
2.32916695e+02
2.73089212e+02
2.72762026e+02
2.71598229e+02
2.69335439e+02
2.67145701e+02
2.65597907e+02
2.62941829e+02
2.61298787e+02
2.58959809e+02
2.57283939e+02
2.55381151e+02
2.53787220e+02
2.52906428e+02
2.51279779e+02
2.49641470e+02
2.49040716e+02
2.47898108e+02
2.46660699e+02
2.45823440e+02
2.44662091e+02
2.44379001e+02
2.43561528e+02
2.43234633e+02
2.42822965e+02
2.41918896e+02
2.41169138e+02
2.41204689e+02
2.40517424e+02
2.40121782e+02
2.39520030e+02
2.39244659e+02
2.39095268e+02
2.38762154e+02
2.38572508e+02
2.38128598e+02
2.37828989e+02
2.37613891e+02
2.71754787e+02
2.71743904e+02
2.70764470e+02
2.69730969e+02
2.68119816e+02
2.66867157e+02
2.65658314e+02
2.64019931e+02
2.63278297e+02
2.62019434e+02
2.61440011e+02
2.60348179e+02
2.59798026e+02
2.59007433e+02
2.58478462e+02
2.57663843e+02
2.57095757e+02
2.56910760e+02
2.56402732e+02
2.55999667e+02
2.55683083e+02
2.55677397e+02
2.55239604e+02
2.55058294e+02
2.54462631e+02
2.54359279e+02
2.53821041e+02
2.53652939e+02
2.53471195e+02
2.53425153e+02
2.53269550e+02
2.53146028e+02
2.53186422e+02
2.52870998e+02
2.52786791e+02
2.52667959e+02
2.52528868e+02
2.71189380e+02
2.70903916e+02
2.70633002e+02
2.69280494e+02
2.68541784e+02
2.67221945e+02
2.66724622e+02
2.65724582e+02
2.65164527e+02
2.64741208e+02
2.63889033e+02
2.63782049e+02
2.63773198e+02
2.63647999e+02
2.62684614e+02
2.62575750e+02
2.62505121e+02
2.61929752e+02
2.61669112e+02
2.61940180e+02
2.61669328e+02
2.61162193e+02
2.60871419e+02
2.60862206e+02
2.60913865e+02
2.60545232e+02
2.60827267e+02
2.60223677e+02
2.60398294e+02
2.60304552e+02
2.60165183e+02
2.59760261e+02
2.60006455e+02
2.60282748e+02
2.60088576e+02
2.60352417e+02
2.59954348e+02
2.70933416e+02
2.70802081e+02
2.70873718e+02
2.70828681e+02
2.70271557e+02
2.70161842e+02
2.70271196e+02
2.70107045e+02
2.70323500e+02
2.69945609e+02
2.69903861e+02
2.69953108e+02
2.69720400e+02
2.69791222e+02
2.69569858e+02
2.69680454e+02
2.69829782e+02
2.69752117e+02
2.69630750e+02
2.69746464e+02
2.69675849e+02
2.69767037e+02
2.69883997e+02
2.69629817e+02
2.69833600e+02
2.69791680e+02
2.69623943e+02
2.69832700e+02
2.69798457e+02
2.69459684e+02
2.69829959e+02
2.69509661e+02
2.69778451e+02
2.69727980e+02
2.69508455e+02
2.69623722e+02
2.69710089e+02
