2.70000000e+02
5.00000000e+01
5.00000000e+01
5.00000000e+01
5.00000000e+01
5.00000000e+01
5.00000000e+01
5.00000000e+01
5.00000000e+01
5.00000000e+01
5.00000000e+01
5.00000000e+01
5.00000000e+01
5.00000000e+01
5.00000000e+01
5.00000000e+01
5.00000000e+01
5.00000000e+01
5.00000000e+01
5.00000000e+01
5.00000000e+01
5.00000000e+01
5.00000000e+01
5.00000000e+01
5.00000000e+01
5.00000000e+01
5.00000000e+01
5.00000000e+01
5.00000000e+01
5.00000000e+01
5.00000000e+01
5.00000000e+01
5.00000000e+01
5.00000000e+01
5.00000000e+01
5.00000000e+01
5.00000000e+01
2.70000000e+02
1.50000000e+02
1.43541392e+02
1.39671366e+02
1.36703872e+02
1.34143845e+02
1.31926041e+02
1.30091639e+02
1.28578703e+02
1.27322949e+02
1.26273107e+02
1.25389550e+02
1.24641572e+02
1.24005123e+02
1.23461137e+02
1.22994327e+02
1.22592314e+02
1.22244979e+02
1.21943993e+02
1.21682450e+02
1.21454593e+02
1.21255596e+02
1.21081397e+02
1.20928564e+02
1.20794184e+02
1.20675780e+02
1.20573581e+02
1.20483482e+02
1.20403237e+02
1.20331697e+02
1.20267818e+02
1.20210684e+02
1.20159494e+02
1.20113549e+02
1.20072240e+02
1.20035035e+02
1.20001469e+02
2.70000000e+02
2.50000000e+02
2.44438892e+02
2.38881113e+02
2.33273598e+02
2.27968685e+02
2.23273712e+02
2.19221875e+02
2.15759632e+02
2.12812826e+02
2.10307230e+02
2.08175666e+02
2.06359906e+02
2.04810499e+02
2.03485852e+02
2.02351122e+02
2.01377154e+02
2.00539539e+02
1.99817815e+02
1.99194792e+02
1.98655998e+02
1.98189223e+02
1.97784141e+02
1.97432000e+02
1.97125368e+02
1.96857919e+02
1.96628747e+02
1.96428991e+02
1.96253307e+02
1.96098547e+02
1.95961996e+02
1.95841313e+02
1.95734479e+02
1.95639750e+02
1.95555614e+02
1.95480764e+02
1.95414064e+02
2.68728846e+02
2.68647599e+02
2.68411326e+02
2.68044378e+02
2.67576778e+02
2.67050459e+02
2.66506924e+02
2.65978353e+02
2.65484667e+02
2.65035584e+02
2.64634010e+02
2.64278870e+02
2.63967018e+02
2.63694411e+02
2.63456773e+02
2.63249957e+02
2.63070119e+02
2.62913789e+02
2.62777884e+02
2.62659694e+02
2.62556855e+02
2.62467309e+02
2.62389273e+02
2.62321205e+02
2.62261771e+02
2.62209818e+02
2.62164765e+02
2.62125653e+02
2.62091374e+02
2.62061210e+02
2.62034608e+02
2.62011106e+02
2.61990308e+02
2.61971874e+02
2.61955511e+02
2.61940963e+02
2.61928008e+02
2.68330539e+02
2.68311668e+02
2.68222150e+02
2.68049822e+02
2.67804392e+02
2.67507233e+02
2.67184169e+02
2.66858244e+02
2.66545911e+02
2.66256753e+02
2.65995081e+02
2.65761786e+02
2.65555798e+02
2.65375055e+02
2.65217094e+02
2.65079382e+02
2.64959494e+02
2.64855198e+02
2.64764486e+02
2.64685581e+02
2.64616919e+02
2.64557135e+02
2.64505046e+02
2.64459621e+02
2.64419971e+02
2.64385326e+02
2.64355435e+02
2.64329308e+02
2.64306430e+02
2.64286334e+02
2.64268633e+02
2.64253008e+02
2.64239192e+02
2.64226957e+02
2.64216103e+02
2.64206461e+02
2.64197882e+02
2.70947806e+02
2.70517560e+02
2.68758623e+02
2.66259710e+02
2.63517554e+02
2.60757987e+02
2.58087107e+02
2.55554994e+02
2.53184026e+02
2.50981560e+02
2.48946352e+02
2.47072287e+02
2.45350622e+02
2.43771337e+02
2.42323970e+02
2.40998119e+02
2.39783754e+02
2.38671381e+02
2.37652137e+02
2.36717824e+02
2.35860906e+02
2.35074494e+02
2.34352306e+02
2.33688630e+02
2.33078281e+02
2.32516557e+02
2.32008955e+02
2.31543587e+02
2.31113635e+02
2.30716065e+02
2.30348139e+02
2.30007385e+02
2.29691562e+02
2.29398639e+02
2.29126770e+02
2.28874275e+02
2.28639623e+02
2.71022781e+02
2.70751417e+02
2.69456381e+02
2.67440159e+02
2.65125704e+02
2.62737924e+02
2.60391543e+02
2.58145721e+02
2.56030199e+02
2.54057921e+02
2.52231746e+02
2.50548543e+02
2.49001765e+02
2.47583080e+02
2.46283381e+02
2.45093407e+02
2.44004125e+02
2.43006935e+02
2.42093787e+02
2.41257230e+02
2.40490414e+02
2.39787081e+02
2.39141530e+02
2.38548584e+02
2.38003548e+02
2.37502165e+02
2.37049639e+02
2.36634777e+02
2.36251590e+02
2.35897373e+02
2.35569660e+02
2.35266231e+02
2.34985082e+02
2.34724392e+02
2.34482508e+02
2.34257925e+02
2.34049272e+02
2.71227230e+02
2.70985786e+02
2.70068728e+02
2.68824613e+02
2.67504942e+02
2.66202380e+02
2.64955309e+02
2.63781375e+02
2.62688460e+02
2.61678690e+02
2.60750534e+02
2.59900285e+02
2.59123063e+02
2.58413474e+02
2.57766022e+02
2.57175355e+02
2.56636400e+02
2.56144435e+02
2.55695114e+02
2.55284468e+02
2.54908890e+02
2.54565113e+02
2.54250187e+02
2.53961446e+02
2.53696488e+02
2.53453147e+02
2.53234485e+02
2.53034305e+02
2.52849376e+02
2.52678503e+02
2.52520540e+02
2.52374423e+02
2.52239173e+02
2.52113897e+02
2.51997779e+02
2.51890077e+02
2.51790115e+02
2.71139472e+02
2.70940430e+02
2.70143838e+02
2.69137508e+02
2.68201012e+02
2.67382912e+02
2.66668493e+02
2.66037733e+02
2.65475869e+02
2.64972586e+02
2.64520151e+02
2.64112374e+02
2.63744087e+02
2.63410874e+02
2.63108912e+02
2.62834863e+02
2.62585800e+02
2.62359142e+02
2.62152612e+02
2.61964194e+02
2.61792099e+02
2.61634735e+02
2.61490685e+02
2.61358684e+02
2.61237604e+02
2.61126430e+02
2.61026763e+02
2.60935571e+02
2.60851200e+02
2.60773179e+02
2.60701019e+02
2.60634249e+02
2.60572428e+02
2.60515152e+02
2.60462052e+02
2.60412789e+02
2.60367056e+02
2.70909625e+02
2.70814541e+02
2.70615986e+02
2.70436740e+02
2.70291252e+02
2.70171645e+02
2.70070864e+02
2.69984274e+02
2.69908977e+02
2.69842985e+02
2.69784819e+02
2.69733323e+02
2.69687565e+02
2.69646777e+02
2.69610318e+02
2.69577644e+02
2.69548295e+02
2.69521876e+02
2.69498046e+02
2.69476511e+02
2.69457015e+02
2.69439336e+02
2.69423279e+02
2.69408672e+02
2.69395366e+02
2.69383228e+02
2.69372351e+02
2.69362494e+02
2.69353435e+02
2.69345103e+02
2.69337435e+02
2.69330372e+02
2.69323861e+02
2.69317853e+02
2.69312304e+02
2.69307175e+02
2.69302429e+02
