2.69802322e+02
4.97905223e+01
5.01919408e+01
5.01673669e+01
4.99506715e+01
4.97987362e+01
4.97365779e+01
4.98038964e+01
5.00434116e+01
4.92247283e+01
5.01027482e+01
5.00483830e+01
5.03993788e+01
5.02962897e+01
4.96913034e+01
5.02431853e+01
5.00998619e+01
4.98439370e+01
5.02216687e+01
5.00603782e+01
4.99872917e+01
4.98330445e+01
4.98761468e+01
5.01570093e+01
5.00309384e+01
4.99893871e+01
5.02912065e+01
5.01897815e+01
4.98647524e+01
4.99972375e+01
5.01194388e+01
4.99915029e+01
4.99181727e+01
5.00460609e+01
4.99375853e+01
5.00748427e+01
4.98194399e+01
2.69863027e+02
1.50040447e+02
1.43175774e+02
1.39593943e+02
1.36398196e+02
1.33957786e+02
1.31824523e+02
1.29683079e+02
1.28368201e+02
1.27341732e+02
1.26075568e+02
1.25284913e+02
1.24617617e+02
1.23895317e+02
1.23190293e+02
1.22693232e+02
1.22773443e+02
1.21912162e+02
1.22084679e+02
1.21462463e+02
1.21269870e+02
1.21439768e+02
1.21023549e+02
1.20473459e+02
1.20494151e+02
1.20730218e+02
1.20274808e+02
1.20170262e+02
1.20298887e+02
1.20067084e+02
1.20424384e+02
1.20282194e+02
1.20337847e+02
1.19973369e+02
1.19925191e+02
1.19684592e+02
1.20274699e+02
2.70291670e+02
2.49634431e+02
2.44479094e+02
2.39087226e+02
2.33218472e+02
2.27891909e+02
2.23240607e+02
2.19336273e+02
2.15853444e+02
2.12374777e+02
2.10518736e+02
2.07917172e+02
2.06179391e+02
2.04377393e+02
2.03794934e+02
2.02399943e+02
2.01093455e+02
2.00310067e+02
1.99825068e+02
1.99018264e+02
1.98560629e+02
1.98615103e+02
1.98216491e+02
1.97721931e+02
1.96748688e+02
1.96795166e+02
1.96868159e+02
1.96545240e+02
1.96100169e+02
1.96230918e+02
1.96453399e+02
1.96099769e+02
1.95758985e+02
1.96044116e+02
1.95489547e+02
1.95414313e+02
1.95585163e+02
2.68692679e+02
2.68590744e+02
2.68105775e+02
2.67678526e+02
2.67528231e+02
2.67110128e+02
2.66596900e+02
2.65950343e+02
2.65261222e+02
2.65220166e+02
2.64709313e+02
2.64399914e+02
2.64228014e+02
2.63932576e+02
2.63842933e+02
2.63624135e+02
2.63290862e+02
2.63330079e+02
2.63131903e+02
2.63137093e+02
2.62972292e+02
2.62836230e+02
2.62671978e+02
2.62956233e+02
2.62287873e+02
2.62768494e+02
2.62507581e+02
2.62569120e+02
2.62635047e+02
2.62799945e+02
2.62336960e+02
2.62619448e+02
2.62216596e+02
2.62560696e+02
2.62067562e+02
2.62755925e+02
2.62210592e+02
2.68390627e+02
2.68472964e+02
2.68568143e+02
2.67825243e+02
2.68100868e+02
2.67429904e+02
2.67506499e+02
2.66728668e+02
2.66295403e+02
2.66333925e+02
2.66241501e+02
2.65564323e+02
2.65463109e+02
2.65456097e+02
2.65236790e+02
2.65463102e+02
2.64984161e+02
2.64989860e+02
2.65148215e+02
2.64737135e+02
2.64606988e+02
2.64892474e+02
2.64833510e+02
2.65087748e+02
2.64614282e+02
2.64750546e+02
2.64604100e+02
2.64711255e+02
2.64339887e+02
2.64776171e+02
2.64924392e+02
2.64283442e+02
2.64884648e+02
2.64780921e+02
2.64651497e+02
2.64742367e+02
2.64891003e+02
2.69383980e+02
2.68889385e+02
2.67708971e+02
2.64960915e+02
2.62641422e+02
2.60591966e+02
2.58053097e+02
2.55438588e+02
2.53757798e+02
2.51088510e+02
2.49472019e+02
2.47631234e+02
2.46095264e+02
2.44410840e+02
2.42907728e+02
2.41916453e+02
2.40299660e+02
2.39480136e+02
2.38813406e+02
2.37525375e+02
2.36816883e+02
2.36023355e+02
2.35372283e+02
2.34889361e+02
2.33857366e+02
2.33351378e+02
2.32719828e+02
2.32240423e+02
2.31488147e+02
2.31448049e+02
2.30924863e+02
2.30726297e+02
2.30561504e+02
2.30240794e+02
2.29636117e+02
2.29149803e+02
2.29211247e+02
2.69785184e+02
2.69379796e+02
2.68221844e+02
2.65931854e+02
2.64410609e+02
2.61819017e+02
2.59654440e+02
2.57441942e+02
2.55708041e+02
2.53550302e+02
2.51846460e+02
2.50303583e+02
2.48961198e+02
2.47463570e+02
2.46149926e+02
2.45267650e+02
2.44059949e+02
2.42974003e+02
2.42370321e+02
2.41480665e+02
2.40842807e+02
2.39986553e+02
2.39516776e+02
2.38763605e+02
2.38116094e+02
2.37953987e+02
2.37029617e+02
2.36957566e+02
2.36471138e+02
2.36083614e+02
2.35472243e+02
2.35102294e+02
2.35265738e+02
2.35146403e+02
2.34453234e+02
2.34129902e+02
2.33901782e+02
2.70224907e+02
2.70778863e+02
2.69772459e+02
2.68787463e+02
2.67050326e+02
2.65564683e+02
2.64529463e+02
2.63167173e+02
2.62518557e+02
2.61257627e+02
2.60273738e+02
2.59905165e+02
2.59394601e+02
2.58299756e+02
2.57678465e+02
2.57246991e+02
2.56327189e+02
2.55693592e+02
2.55460210e+02
2.55150864e+02
2.54560209e+02
2.54374100e+02
2.54053506e+02
2.53511502e+02
2.53606171e+02
2.53651691e+02
2.53095409e+02
2.52599000e+02
2.53088049e+02
2.52877415e+02
2.52120369e+02
2.52141437e+02
2.52009100e+02
2.51941288e+02
2.51601582e+02
2.51815635e+02
2.51463430e+02
2.70812842e+02
2.70804782e+02
2.70299946e+02
2.68866696e+02
2.68370240e+02
2.67108688e+02
2.66678404e+02
2.65786789e+02
2.65276901e+02
2.64796721e+02
2.64315087e+02
2.63464503e+02
2.63220873e+02
2.62781317e+02
2.62765382e+02
2.62352791e+02
2.62073391e+02
2.62055621e+02
2.61544757e+02
2.61483200e+02
2.61261288e+02
2.61378287e+02
2.60855421e+02
2.60763776e+02
2.60624737e+02
2.60389887e+02
2.60486591e+02
2.60274298e+02
2.60453290e+02
2.59818697e+02
2.60257992e+02
2.59911552e+02
2.59747638e+02
2.59957913e+02
2.59626885e+02
2.59201250e+02
2.59566708e+02
2.70857192e+02
2.70544118e+02
2.70620797e+02
2.70382165e+02
2.70015038e+02
2.70582263e+02
2.70332566e+02
2.70000009e+02
2.69966019e+02
2.69938206e+02
2.70233449e+02
2.70019362e+02
2.69958971e+02
2.69832306e+02
2.69987569e+02
2.69596926e+02
2.69496011e+02
2.69582620e+02
2.69887505e+02
2.69641362e+02
2.69864605e+02
2.69540591e+02
2.69370389e+02
2.69706415e+02
2.69747224e+02
2.70137377e+02
2.69315523e+02
2.70028621e+02
2.69566950e+02
2.69787370e+02
2.69499940e+02
2.69584375e+02
2.69968323e+02
2.69504079e+02
2.69582701e+02
2.69615835e+02
2.69650845e+02
