2.69992760e+02
4.98940525e+01
4.99252213e+01
4.98940777e+01
5.01031251e+01
4.99685326e+01
5.02352046e+01
4.98865198e+01
4.99832832e+01
4.99642748e+01
4.98187955e+01
4.99961457e+01
5.01287863e+01
4.99637364e+01
4.98061676e+01
4.98086265e+01
4.99676356e+01
5.00163511e+01
4.98983930e+01
5.01850418e+01
4.97787045e+01
4.99050798e+01
4.96513224e+01
5.02128598e+01
5.03442289e+01
5.01211156e+01
4.99227096e+01
4.98733213e+01
4.99599533e+01
5.04097450e+01
4.98116146e+01
4.98880836e+01
5.01546538e+01
4.99865476e+01
5.00069450e+01
4.97870157e+01
5.01599754e+01
2.69757362e+02
1.50088963e+02
1.43580218e+02
1.39731451e+02
1.36549075e+02
1.34246385e+02
1.32076662e+02
1.30127786e+02
1.28818312e+02
1.27316707e+02
1.26567827e+02
1.25472824e+02
1.24800266e+02
1.23956012e+02
1.23506043e+02
1.23007047e+02
1.22610711e+02
1.22413429e+02
1.21828571e+02
1.21541328e+02
1.21375192e+02
1.21287520e+02
1.20831906e+02
1.20711871e+02
1.20520819e+02
1.20450359e+02
1.20669855e+02
1.20457702e+02
1.20286731e+02
1.20112489e+02
1.20101792e+02
1.20127507e+02
1.20329721e+02
1.20172398e+02
1.19844684e+02
1.19870949e+02
1.19495504e+02
2.70298699e+02
2.50033725e+02
2.44469056e+02
2.39073927e+02
2.33303362e+02
2.28043917e+02
2.23363824e+02
2.19236526e+02
2.15881273e+02
2.13072862e+02
2.10429301e+02
2.08277897e+02
2.06303828e+02
2.05301867e+02
2.03577654e+02
2.02468539e+02
2.01006397e+02
2.00736118e+02
1.99925162e+02
1.99222293e+02
1.98608487e+02
1.98216729e+02
1.97567377e+02
1.97642009e+02
1.97096572e+02
1.96776635e+02
1.96830570e+02
1.96665377e+02
1.96222374e+02
1.96076394e+02
1.95850741e+02
1.95630040e+02
1.95457670e+02
1.95919847e+02
1.95422967e+02
1.95388960e+02
1.95711918e+02
2.68791878e+02
2.68805167e+02
2.68515081e+02
2.68061551e+02
2.67398643e+02
2.67162380e+02
2.66515263e+02
2.66168640e+02
2.65697999e+02
2.64971427e+02
2.64864007e+02
2.64201827e+02
2.63997543e+02
2.64019280e+02
2.63460851e+02
2.63324542e+02
2.62660839e+02
2.63029652e+02
2.63066036e+02
2.62390590e+02
2.62841449e+02
2.62560745e+02
2.62546852e+02
2.62707058e+02
2.62149080e+02
2.62075377e+02
2.62176666e+02
2.62161825e+02
2.61983117e+02
2.62180795e+02
2.62025375e+02
2.61952727e+02
2.62290127e+02
2.62060156e+02
2.61772483e+02
2.61794233e+02
2.62027235e+02
2.68429600e+02
2.68282267e+02
2.67953943e+02
2.68047611e+02
2.67964310e+02
2.67373401e+02
2.67666896e+02
2.66580301e+02
2.66431210e+02
2.66234611e+02
2.66273744e+02
2.65609106e+02
2.65812249e+02
2.65038331e+02
2.65088962e+02
2.64960256e+02
2.65074257e+02
2.65017813e+02
2.64539208e+02
2.64673939e+02
2.64815166e+02
2.65030910e+02
2.64791751e+02
2.64512479e+02
2.64270001e+02
2.64482231e+02
2.64023887e+02
2.63853207e+02
2.64481690e+02
2.64187351e+02
2.64352294e+02
2.64066298e+02
2.64182773e+02
2.64116617e+02
2.64052738e+02
2.64079684e+02
2.63975246e+02
2.71233344e+02
2.70241733e+02
2.68471824e+02
2.66372031e+02
2.63615772e+02
2.60664777e+02
2.58251902e+02
2.55713801e+02
2.52956911e+02
2.50679108e+02
2.48916504e+02
2.47313411e+02
2.45380461e+02
2.43941407e+02
2.42353059e+02
2.40655814e+02
2.39703965e+02
2.38541677e+02
2.37990656e+02
2.36988631e+02
2.35702895e+02
2.35169477e+02
2.34154856e+02
2.33684195e+02
2.33023635e+02
2.32642551e+02
2.32269579e+02
2.31554321e+02
2.31275787e+02
2.30582613e+02
2.29988884e+02
2.30245854e+02
2.29494280e+02
2.29255768e+02
2.29440403e+02
2.28903524e+02
2.28214812e+02
2.70732075e+02
2.70656738e+02
2.69404454e+02
2.67457744e+02
2.65322900e+02
2.62878765e+02
2.60407817e+02
2.58331529e+02
2.55976233e+02
2.53866071e+02
2.52366070e+02
2.50625565e+02
2.48649723e+02
2.47649166e+02
2.46131104e+02
2.44893883e+02
2.43843964e+02
2.43102666e+02
2.42244432e+02
2.41357757e+02
2.40601895e+02
2.39830362e+02
2.39074475e+02
2.38504518e+02
2.37816420e+02
2.37601263e+02
2.37147127e+02
2.36729343e+02
2.36415539e+02
2.35647389e+02
2.35512014e+02
2.35216220e+02
2.34946860e+02
2.35217432e+02
2.34562679e+02
2.34119828e+02
2.33795698e+02
2.71269411e+02
2.70893044e+02
2.70028933e+02
2.68463516e+02
2.67650537e+02
2.66069359e+02
2.64842770e+02
2.63450322e+02
2.62747008e+02
2.61580680e+02
2.60249606e+02
2.59759037e+02
2.58608837e+02
2.58541546e+02
2.57795296e+02
2.57454572e+02
2.56476226e+02
2.56256265e+02
2.55838536e+02
2.55059461e+02
2.54745936e+02
2.54455136e+02
2.54018347e+02
2.54025856e+02
2.53467754e+02
2.53348722e+02
2.52972770e+02
2.52964024e+02
2.52505150e+02
2.52637539e+02
2.52400228e+02
2.52408909e+02
2.52116659e+02
2.52124883e+02
2.52225623e+02
2.51584635e+02
2.51749747e+02
2.70960894e+02
2.70709386e+02
2.70059731e+02
2.69056355e+02
2.68205286e+02
2.67243753e+02
2.66860063e+02
2.65683344e+02
2.65649886e+02
2.64531408e+02
2.64600631e+02
2.63892730e+02
2.63847823e+02
2.63622562e+02
2.62884634e+02
2.62610547e+02
2.62659903e+02
2.61940597e+02
2.62161607e+02
2.61708215e+02
2.62058813e+02
2.61129272e+02
2.61390246e+02
2.61282294e+02
2.61326984e+02
2.61273513e+02
2.61185323e+02
2.60861658e+02
2.61211977e+02
2.60691857e+02
2.60790628e+02
2.60871833e+02
2.60595038e+02
2.60392221e+02
2.60691839e+02
2.60517801e+02
2.60163120e+02
2.71131261e+02
2.70980232e+02
2.70558089e+02
2.70388472e+02
2.70416676e+02
2.70112983e+02
2.70016172e+02
2.70165700e+02
2.69797726e+02
2.70119505e+02
2.69566060e+02
2.69763410e+02
2.69577182e+02
2.69688771e+02
2.69676323e+02
2.69401553e+02
2.69587621e+02
2.69662163e+02
2.69366114e+02
2.69213617e+02
2.69349243e+02
2.69367902e+02
2.69643631e+02
2.69605093e+02
2.69466996e+02
2.69330667e+02
2.69246143e+02
2.69466828e+02
2.69257895e+02
2.69344124e+02
2.69283772e+02
2.69614740e+02
2.69472350e+02
2.69270265e+02
2.69106189e+02
2.69788893e+02
2.69217571e+02
