-2.2000e+02
0.0000e+00
0.0000e+00
0.0000e+00
0.0000e+00
0.0000e+00
0.0000e+00
0.0000e+00
0.0000e+00
0.0000e+00
0.0000e+00
0.0000e+00
0.0000e+00
0.0000e+00
0.0000e+00
0.0000e+00
0.0000e+00
0.0000e+00
0.0000e+00
0.0000e+00
0.0000e+00
0.0000e+00
0.0000e+00
0.0000e+00
0.0000e+00
0.0000e+00
0.0000e+00
0.0000e+00
0.0000e+00
0.0000e+00
0.0000e+00
0.0000e+00
0.0000e+00
0.0000e+00
0.0000e+00
0.0000e+00
-1.2000e+02
-6.1100e+00
-3.8026e+00
-2.9414e+00
-2.5154e+00
-2.1159e+00
-1.8139e+00
-1.5076e+00
-1.2552e+00
-1.0512e+00
-8.8589e-01
-7.5076e-01
-6.3945e-01
-5.4709e-01
-4.7000e-01
-4.0530e-01
-3.5074e-01
-3.0455e-01
-2.6530e-01
-2.3184e-01
-2.0323e-01
-1.7870e-01
-1.5761e-01
-1.3943e-01
-1.2373e-01
-1.1012e-01
-9.8310e-02
-8.8027e-02
-7.9054e-02
-7.1205e-02
-6.4321e-02
-5.8268e-02
-5.2931e-02
-4.8212e-02
-4.4031e-02
-4.0313e-02
-2.0000e+01
-5.5620e+00
-5.5714e+00
-5.6069e+00
-5.2995e+00
-4.6852e+00
-4.0357e+00
-3.4460e+00
-2.9335e+00
-2.4954e+00
-2.1240e+00
-1.8101e+00
-1.5450e+00
-1.3211e+00
-1.1316e+00
-9.7115e-01
-8.3497e-01
-7.1922e-01
-6.2068e-01
-5.3665e-01
-4.6490e-01
-4.0354e-01
-3.5099e-01
-3.0592e-01
-2.6722e-01
-2.3394e-01
-2.0529e-01
-1.8057e-01
-1.5923e-01
-1.4077e-01
-1.2478e-01
-1.1090e-01
-9.8834e-02
-8.8327e-02
-7.9157e-02
-7.1140e-02
-8.0672e-02
-2.3784e-01
-3.7428e-01
-4.8190e-01
-5.4567e-01
-5.6518e-01
-5.5023e-01
-5.1386e-01
-4.6705e-01
-4.1714e-01
-3.6838e-01
-3.2297e-01
-2.8183e-01
-2.4522e-01
-2.1298e-01
-1.8482e-01
-1.6032e-01
-1.3909e-01
-1.2071e-01
-1.0484e-01
-9.1145e-02
-7.9327e-02
-6.9133e-02
-6.0340e-02
-5.2753e-02
-4.6203e-02
-4.0545e-02
-3.5656e-02
-3.1424e-02
-2.7761e-02
-2.4584e-02
-2.1825e-02
-1.9427e-02
-1.7338e-02
-1.5517e-02
-1.3924e-02
-1.8629e-02
-8.9861e-02
-1.7529e-01
-2.5257e-01
-3.0817e-01
-3.3645e-01
-3.4007e-01
-3.2602e-01
-3.0165e-01
-2.7267e-01
-2.4275e-01
-2.1399e-01
-1.8742e-01
-1.6348e-01
-1.4224e-01
-1.2356e-01
-1.0726e-01
-9.3083e-02
-8.0797e-02
-7.0169e-02
-6.0987e-02
-5.3059e-02
-4.6217e-02
-4.0315e-02
-3.5220e-02
-3.0822e-02
-2.7025e-02
-2.3742e-02
-2.0904e-02
-1.8446e-02
-1.6317e-02
-1.4468e-02
-1.2863e-02
-1.1465e-02
-1.0247e-02
-9.1840e-03
-3.8723e-01
-1.6462e+00
-2.3332e+00
-2.5633e+00
-2.5892e+00
-2.5182e+00
-2.4010e+00
-2.2643e+00
-2.1218e+00
-1.9807e+00
-1.8452e+00
-1.7172e+00
-1.5976e+00
-1.4867e+00
-1.3841e+00
-1.2895e+00
-1.2024e+00
-1.1221e+00
-1.0481e+00
-9.7989e-01
-9.1693e-01
-8.5877e-01
-8.0496e-01
-7.5512e-01
-7.0890e-01
-6.6597e-01
-6.2606e-01
-5.8890e-01
-5.5427e-01
-5.2196e-01
-4.9179e-01
-4.6358e-01
-4.3718e-01
-4.1246e-01
-3.8929e-01
-3.6755e-01
-3.2775e-01
-1.4338e+00
-2.0755e+00
-2.3006e+00
-2.3343e+00
-2.2765e+00
-2.1741e+00
-2.0520e+00
-1.9231e+00
-1.7946e+00
-1.6708e+00
-1.5536e+00
-1.4442e+00
-1.3427e+00
-1.2490e+00
-1.1627e+00
-1.0833e+00
-1.0103e+00
-9.4317e-01
-8.8135e-01
-8.2436e-01
-7.7177e-01
-7.2318e-01
-6.7821e-01
-6.3654e-01
-5.9788e-01
-5.6195e-01
-5.2852e-01
-4.9739e-01
-4.6835e-01
-4.4124e-01
-4.1590e-01
-3.9220e-01
-3.7001e-01
-3.4922e-01
-3.2971e-01
-2.8011e-01
-1.0105e+00
-1.3523e+00
-1.4177e+00
-1.3822e+00
-1.3082e+00
-1.2198e+00
-1.1283e+00
-1.0387e+00
-9.5376e-01
-8.7493e-01
-8.0267e-01
-7.3695e-01
-6.7745e-01
-6.2372e-01
-5.7521e-01
-5.3141e-01
-4.9182e-01
-4.5596e-01
-4.2343e-01
-3.9385e-01
-3.6688e-01
-3.4225e-01
-3.1969e-01
-2.9899e-01
-2.7994e-01
-2.6239e-01
-2.4618e-01
-2.3117e-01
-2.1726e-01
-2.0435e-01
-1.9234e-01
-1.8115e-01
-1.7071e-01
-1.6097e-01
-1.5186e-01
-2.0480e-01
-8.2578e-01
-1.0904e+00
-1.0486e+00
-9.3029e-01
-8.1466e-01
-7.1675e-01
-6.3566e-01
-5.6756e-01
-5.0942e-01
-4.5922e-01
-4.1555e-01
-3.7735e-01
-3.4379e-01
-3.1419e-01
-2.8796e-01
-2.6465e-01
-2.4385e-01
-2.2522e-01
-2.0848e-01
-1.9338e-01
-1.7971e-01
-1.6730e-01
-1.5600e-01
-1.4568e-01
-1.3623e-01
-1.2755e-01
-1.1956e-01
-1.1219e-01
-1.0538e-01
-9.9066e-02
-9.3207e-02
-8.7760e-02
-8.2690e-02
-7.7961e-02
-7.3545e-02
-8.6823e-02
-1.7075e-01
-1.4887e-01
-1.1875e-01
-9.6575e-02
-8.0565e-02
-6.8600e-02
-5.9244e-02
-5.1625e-02
-4.5288e-02
-3.9956e-02
-3.5427e-02
-3.1558e-02
-2.8232e-02
-2.5362e-02
-2.2869e-02
-2.0699e-02
-1.8799e-02
-1.7130e-02
-1.5656e-02
-1.4352e-02
-1.3191e-02
-1.2155e-02
-1.1227e-02
-1.0393e-02
-9.6390e-03
-8.9580e-03
-8.3380e-03
-7.7750e-03
-7.2590e-03
-6.7880e-03
-6.3540e-03
-5.9560e-03
-5.5880e-03
-5.2480e-03
-4.9330e-03
