2.70146144e+02
4.95497399e+01
4.99159100e+01
5.03336478e+01
5.00248718e+01
4.99568172e+01
5.02337754e+01
5.02318740e+01
5.01811797e+01
4.99727448e+01
4.97361996e+01
4.95918720e+01
5.01237793e+01
4.99641589e+01
5.02531406e+01
4.99407294e+01
5.03860944e+01
5.01506350e+01
4.96432231e+01
5.00442939e+01
5.02366030e+01
5.04316790e+01
4.99500932e+01
5.00223959e+01
5.03297721e+01
4.98021550e+01
4.95783875e+01
5.02645975e+01
5.02299338e+01
5.00709734e+01
5.01383416e+01
4.97938903e+01
4.97987524e+01
4.98355543e+01
5.00232652e+01
4.99842723e+01
5.00667417e+01
2.69955840e+02
1.49773131e+02
1.43712474e+02
1.39828239e+02
1.36665576e+02
1.34132158e+02
1.31726716e+02
1.30278656e+02
1.28653760e+02
1.27549257e+02
1.25957541e+02
1.25610053e+02
1.24521374e+02
1.23994697e+02
1.23445246e+02
1.23128685e+02
1.23217028e+02
1.22400412e+02
1.22258144e+02
1.22193710e+02
1.21787637e+02
1.21655143e+02
1.21571611e+02
1.21289195e+02
1.20715909e+02
1.20802481e+02
1.20497023e+02
1.20917831e+02
1.20531772e+02
1.20805013e+02
1.20634118e+02
1.20653057e+02
1.20171215e+02
1.20084304e+02
1.20476382e+02
1.20119593e+02
1.20570631e+02
2.70237749e+02
2.49786109e+02
2.44384587e+02
2.39095144e+02
2.33652862e+02
2.28123899e+02
2.23515860e+02
2.19505459e+02
2.16628588e+02
2.13520279e+02
2.10563613e+02
2.08758064e+02
2.07120893e+02
2.05699315e+02
2.04092129e+02
2.03307996e+02
2.02232593e+02
2.01511241e+02
2.01074063e+02
1.99979606e+02
1.99996262e+02
1.99370477e+02
1.98621550e+02
1.98374969e+02
1.98352781e+02
1.97863600e+02
1.97694843e+02
1.97493269e+02
1.97119840e+02
1.97181657e+02
1.96928713e+02
1.97184981e+02
1.96951800e+02
1.97040817e+02
1.97071577e+02
1.96715387e+02
1.96849684e+02
2.68933312e+02
2.68737797e+02
2.68430250e+02
2.68274898e+02
2.67416972e+02
2.67037790e+02
2.66734836e+02
2.65551495e+02
2.65301677e+02
2.65266122e+02
2.64489191e+02
2.63827018e+02
2.63878046e+02
2.63719424e+02
2.63175171e+02
2.63036780e+02
2.62452039e+02
2.62851785e+02
2.62334022e+02
2.62168874e+02
2.62681065e+02
2.62235371e+02
2.62218959e+02
2.62381442e+02
2.61904017e+02
2.61890536e+02
2.62147962e+02
2.61950599e+02
2.61768661e+02
2.61523899e+02
2.61792051e+02
2.61349732e+02
2.61522055e+02
2.61147150e+02
2.61507283e+02
2.61675301e+02
2.61358785e+02
2.68626424e+02
2.68728609e+02
2.68182499e+02
2.68255990e+02
2.67885527e+02
2.67317927e+02
2.66980992e+02
2.66537230e+02
2.66715144e+02
2.66078126e+02
2.65734822e+02
2.65434170e+02
2.65371729e+02
2.65024027e+02
2.64657088e+02
2.64976486e+02
2.64567005e+02
2.64334538e+02
2.64685902e+02
2.64482216e+02
2.64179663e+02
2.64233311e+02
2.64119849e+02
2.64266186e+02
2.63695964e+02
2.63744675e+02
2.64230977e+02
2.63574850e+02
2.64023367e+02
2.63958134e+02
2.63958344e+02
2.63358837e+02
2.64180080e+02
2.64094976e+02
2.63790782e+02
2.63629292e+02
2.63711470e+02
2.70359756e+02
2.69360988e+02
2.67252680e+02
2.64953588e+02
2.62147802e+02
2.59209052e+02
2.56822251e+02
2.54579822e+02
2.52042222e+02
2.50252431e+02
2.48136637e+02
2.46326335e+02
2.44976254e+02
2.43667424e+02
2.41990651e+02
2.40761125e+02
2.39628018e+02
2.38379049e+02
2.37533943e+02
2.36600469e+02
2.35935709e+02
2.35319637e+02
2.34547298e+02
2.34054867e+02
2.33241736e+02
2.32854452e+02
2.32552835e+02
2.31725288e+02
2.31829997e+02
2.31159885e+02
2.31011404e+02
2.30211580e+02
2.29979270e+02
2.29650370e+02
2.29293539e+02
2.29409762e+02
2.28820161e+02
2.70295558e+02
2.69832605e+02
2.68883122e+02
2.66975482e+02
2.65094252e+02
2.62517308e+02
2.59844629e+02
2.57739718e+02
2.55977444e+02
2.54242310e+02
2.52267746e+02
2.50759053e+02
2.48913498e+02
2.47745991e+02
2.46547821e+02
2.45599588e+02
2.44679541e+02
2.43461099e+02
2.42747966e+02
2.41464822e+02
2.40749037e+02
2.40224345e+02
2.39716827e+02
2.38833614e+02
2.38675341e+02
2.38205435e+02
2.37738068e+02
2.37264188e+02
2.36702750e+02
2.36384686e+02
2.35699075e+02
2.35870471e+02
2.35332165e+02
2.35436052e+02
2.35391424e+02
2.34632658e+02
2.34495045e+02
2.70806255e+02
2.70493192e+02
2.69742230e+02
2.68467899e+02
2.67046913e+02
2.65717170e+02
2.64548773e+02
2.63648124e+02
2.62449745e+02
2.61513005e+02
2.60013209e+02
2.59310025e+02
2.58795253e+02
2.57752517e+02
2.57658045e+02
2.56762941e+02
2.55907866e+02
2.55413498e+02
2.55468641e+02
2.54944352e+02
2.54572657e+02
2.54153477e+02
2.53370821e+02
2.53475535e+02
2.53330478e+02
2.52818702e+02
2.52426874e+02
2.52534318e+02
2.51893303e+02
2.51323607e+02
2.51873147e+02
2.51358177e+02
2.51459367e+02
2.51488461e+02
2.51003602e+02
2.51067392e+02
2.50806990e+02
2.70589175e+02
2.70679389e+02
2.69725485e+02
2.68913141e+02
2.67782281e+02
2.67137302e+02
2.65993929e+02
2.65571980e+02
2.64901005e+02
2.64386977e+02
2.64245711e+02
2.63289877e+02
2.62900035e+02
2.62816005e+02
2.62129834e+02
2.61960529e+02
2.61519429e+02
2.61495064e+02
2.61533248e+02
2.61062550e+02
2.60933283e+02
2.60493334e+02
2.60452332e+02
2.60126413e+02
2.59993464e+02
2.59965746e+02
2.60141070e+02
2.59837064e+02
2.59553910e+02
2.59627486e+02
2.59566606e+02
2.59473879e+02
2.59263066e+02
2.59158872e+02
2.59088874e+02
2.59156016e+02
2.58850389e+02
2.70909517e+02
2.70653098e+02
2.70352604e+02
2.70732019e+02
2.70340128e+02
2.70101176e+02
2.70514355e+02
2.70137224e+02
2.70303671e+02
2.69872263e+02
2.69753612e+02
2.69823937e+02
2.69627528e+02
2.69843082e+02
2.69514348e+02
2.69555683e+02
2.69650270e+02
2.69957978e+02
2.69448395e+02
2.69705544e+02
2.69491408e+02
2.69869862e+02
2.69751211e+02
2.69686286e+02
2.69649945e+02
2.69662429e+02
2.69840970e+02
2.69631328e+02
2.69472924e+02
2.69636811e+02
2.69676359e+02
2.69725980e+02
2.69885306e+02
2.69513339e+02
2.69721047e+02
2.69532212e+02
2.69299821e+02
