2.70036346e+02
4.99758664e+01
5.01362210e+01
4.98157972e+01
4.99847258e+01
4.99774929e+01
4.99843172e+01
5.00494084e+01
5.03283752e+01
5.02685127e+01
4.96021481e+01
5.00614559e+01
5.03384545e+01
4.99107638e+01
5.02277614e+01
4.97512084e+01
5.00851656e+01
4.98480064e+01
4.96425939e+01
5.03461763e+01
4.97536327e+01
4.98902706e+01
4.98382560e+01
5.02023950e+01
5.04323412e+01
4.97323752e+01
4.99158516e+01
5.01001505e+01
4.97342668e+01
5.01380385e+01
5.01095375e+01
5.02952081e+01
4.99700136e+01
5.01264715e+01
5.01186096e+01
5.00811101e+01
5.04401690e+01
2.69979097e+02
1.49999340e+02
1.43759067e+02
1.40422844e+02
1.36783686e+02
1.34413022e+02
1.32236574e+02
1.30475748e+02
1.29324717e+02
1.27888955e+02
1.27010369e+02
1.25790759e+02
1.24992921e+02
1.24454697e+02
1.24214812e+02
1.23875592e+02
1.23383242e+02
1.23162964e+02
1.22740323e+02
1.22204904e+02
1.22214745e+02
1.22162113e+02
1.21656232e+02
1.21299987e+02
1.21339343e+02
1.21265183e+02
1.21304387e+02
1.21222298e+02
1.20717277e+02
1.20578262e+02
1.21027628e+02
1.20896720e+02
1.21134596e+02
1.21233513e+02
1.20937729e+02
1.20554942e+02
1.20782168e+02
2.69621343e+02
2.49860640e+02
2.44102183e+02
2.39151622e+02
2.33500482e+02
2.27933529e+02
2.23609326e+02
2.19641706e+02
2.15961030e+02
2.13481568e+02
2.11055141e+02
2.09200379e+02
2.07468399e+02
2.05586814e+02
2.04583708e+02
2.03474601e+02
2.02623186e+02
2.01903460e+02
2.01401586e+02
2.00446854e+02
2.00371301e+02
1.99621921e+02
1.98741390e+02
1.98999436e+02
1.98468082e+02
1.98478173e+02
1.98574362e+02
1.97792878e+02
1.97962037e+02
1.97556762e+02
1.97518438e+02
1.97331455e+02
1.97273583e+02
1.97125954e+02
1.96918761e+02
1.97400295e+02
1.96821684e+02
2.68769416e+02
2.68574644e+02
2.68434797e+02
2.67863194e+02
2.67347717e+02
2.66897775e+02
2.66486881e+02
2.66145767e+02
2.65666127e+02
2.65276025e+02
2.64450415e+02
2.64197874e+02
2.64236022e+02
2.63808705e+02
2.63742952e+02
2.63420329e+02
2.63446290e+02
2.63137386e+02
2.62581707e+02
2.63024963e+02
2.62804919e+02
2.62757168e+02
2.63064140e+02
2.62748252e+02
2.62248312e+02
2.62324422e+02
2.62878544e+02
2.62550846e+02
2.62446612e+02
2.62601198e+02
2.62701124e+02
2.62453302e+02
2.62153054e+02
2.62420312e+02
2.62085051e+02
2.62257467e+02
2.62596425e+02
2.68221176e+02
2.68468198e+02
2.68065276e+02
2.67757468e+02
2.67834877e+02
2.67308101e+02
2.67096129e+02
2.66844931e+02
2.66501540e+02
2.66082725e+02
2.66148540e+02
2.66039522e+02
2.65904857e+02
2.65340083e+02
2.65087567e+02
2.65526481e+02
2.64949007e+02
2.64700903e+02
2.64630325e+02
2.64651239e+02
2.64792757e+02
2.64404403e+02
2.64350549e+02
2.64759495e+02
2.64726312e+02
2.64915234e+02
2.64326259e+02
2.64317964e+02
2.64378132e+02
2.64402823e+02
2.64180385e+02
2.64251590e+02
2.64225786e+02
2.63865034e+02
2.64157331e+02
2.64442576e+02
2.64338390e+02
2.70022197e+02
2.70002710e+02
2.67949230e+02
2.65472314e+02
2.62526403e+02
2.59822316e+02
2.57614778e+02
2.54997750e+02
2.52352428e+02
2.50500318e+02
2.48410468e+02
2.46078357e+02
2.44265485e+02
2.43049367e+02
2.41802646e+02
2.40029788e+02
2.38947936e+02
2.37672013e+02
2.36790502e+02
2.35986636e+02
2.34942692e+02
2.34064816e+02
2.33340689e+02
2.32790117e+02
2.32340773e+02
2.31690660e+02
2.31027556e+02
2.30548070e+02
2.30359420e+02
2.29353581e+02
2.29365221e+02
2.28736558e+02
2.28121732e+02
2.27925655e+02
2.27778701e+02
2.27639737e+02
2.27049727e+02
2.70128179e+02
2.69740105e+02
2.68330806e+02
2.65878579e+02
2.63792887e+02
2.61132007e+02
2.58492742e+02
2.56679730e+02
2.54353691e+02
2.52549306e+02
2.50559630e+02
2.48934194e+02
2.46985776e+02
2.45846690e+02
2.44495875e+02
2.43131182e+02
2.42103171e+02
2.41277227e+02
2.40162086e+02
2.39542090e+02
2.38487555e+02
2.38009273e+02
2.37277514e+02
2.36421142e+02
2.36094735e+02
2.35715926e+02
2.35417745e+02
2.34490032e+02
2.34331722e+02
2.33924674e+02
2.33438185e+02
2.33081359e+02
2.33224739e+02
2.32567188e+02
2.32158092e+02
2.31551490e+02
2.31808391e+02
2.70896515e+02
2.70353084e+02
2.69426995e+02
2.68434090e+02
2.66846034e+02
2.65594096e+02
2.64595838e+02
2.63097447e+02
2.61620525e+02
2.60897053e+02
2.59857286e+02
2.58895421e+02
2.58543308e+02
2.57922148e+02
2.56981807e+02
2.56412670e+02
2.55646975e+02
2.55214353e+02
2.54687234e+02
2.54303719e+02
2.54216676e+02
2.53550910e+02
2.53486796e+02
2.53428640e+02
2.52622892e+02
2.52590991e+02
2.52537238e+02
2.52047336e+02
2.51607207e+02
2.51772068e+02
2.51384161e+02
2.51031515e+02
2.51229479e+02
2.50842663e+02
2.50684338e+02
2.50677817e+02
2.50421915e+02
2.70916279e+02
2.70672384e+02
2.70459338e+02
2.68737543e+02
2.67887096e+02
2.67127418e+02
2.66519891e+02
2.65024526e+02
2.65223248e+02
2.64896945e+02
2.64160137e+02
2.63198019e+02
2.63498141e+02
2.63133918e+02
2.62676807e+02
2.62326699e+02
2.61730172e+02
2.61784511e+02
2.61730748e+02
2.61307645e+02
2.61206649e+02
2.60875202e+02
2.60832653e+02
2.60645622e+02
2.60582532e+02
2.60269744e+02
2.60020852e+02
2.60498447e+02
2.60288298e+02
2.60270607e+02
2.59949735e+02
2.60070136e+02
2.59810653e+02
2.59885351e+02
2.59449688e+02
2.59940135e+02
2.59665205e+02
2.70805578e+02
2.71045475e+02
2.70501518e+02
2.70341018e+02
2.70285165e+02
2.70281635e+02
2.69917897e+02
2.70506708e+02
2.70232609e+02
2.69995483e+02
2.69638334e+02
2.69852489e+02
2.69739233e+02
2.69396068e+02
2.69752531e+02
2.70010811e+02
2.69524630e+02
2.69886088e+02
2.69865722e+02
2.69259494e+02
2.69350607e+02
2.69658651e+02
2.69662961e+02
2.69828693e+02
2.69502573e+02
2.69749022e+02
2.69315251e+02
2.69332396e+02
2.69675440e+02
2.69533019e+02
2.69616899e+02
2.69570142e+02
2.69496756e+02
2.69386503e+02
2.69543192e+02
2.69829151e+02
2.69561734e+02
