-2.2000e+02
0.0000e+00
0.0000e+00
0.0000e+00
0.0000e+00
0.0000e+00
0.0000e+00
0.0000e+00
0.0000e+00
0.0000e+00
0.0000e+00
0.0000e+00
0.0000e+00
0.0000e+00
0.0000e+00
0.0000e+00
0.0000e+00
0.0000e+00
0.0000e+00
0.0000e+00
0.0000e+00
0.0000e+00
0.0000e+00
0.0000e+00
0.0000e+00
0.0000e+00
0.0000e+00
0.0000e+00
0.0000e+00
0.0000e+00
0.0000e+00
0.0000e+00
0.0000e+00
0.0000e+00
0.0000e+00
0.0000e+00
-1.2000e+02
-7.1645e+00
-4.4065e+00
-3.6056e+00
-3.1948e+00
-2.6137e+00
-2.1441e+00
-1.7757e+00
-1.4843e+00
-1.2507e+00
-1.0609e+00
-9.0506e-01
-7.7592e-01
-6.6810e-01
-5.7751e-01
-5.0101e-01
-4.3610e-01
-3.8081e-01
-3.3354e-01
-2.9301e-01
-2.5813e-01
-2.2805e-01
-2.0203e-01
-1.7946e-01
-1.5984e-01
-1.4275e-01
-1.2781e-01
-1.1474e-01
-1.0327e-01
-9.3174e-02
-8.4276e-02
-7.6415e-02
-6.9453e-02
-6.3272e-02
-5.7775e-02
-5.2870e-02
-2.0000e+01
-5.8109e+00
-5.9930e+00
-6.2357e+00
-5.8998e+00
-5.2179e+00
-4.5119e+00
-3.8673e+00
-3.3050e+00
-2.8236e+00
-2.4147e+00
-2.0683e+00
-1.7748e+00
-1.5260e+00
-1.3148e+00
-1.1350e+00
-9.8177e-01
-8.5091e-01
-7.3895e-01
-6.4299e-01
-5.6059e-01
-4.8973e-01
-4.2868e-01
-3.7601e-01
-3.3048e-01
-2.9108e-01
-2.5693e-01
-2.2727e-01
-2.0148e-01
-1.7902e-01
-1.5942e-01
-1.4229e-01
-1.2730e-01
-1.1416e-01
-1.0261e-01
-9.2443e-02
-7.7357e-02
-2.3263e-01
-3.7437e-01
-4.8866e-01
-5.5752e-01
-5.7966e-01
-5.6574e-01
-5.2979e-01
-4.8312e-01
-4.3317e-01
-3.8424e-01
-3.3853e-01
-2.9701e-01
-2.5993e-01
-2.2715e-01
-1.9837e-01
-1.7323e-01
-1.5130e-01
-1.3222e-01
-1.1563e-01
-1.0122e-01
-8.8701e-02
-7.7823e-02
-6.8370e-02
-6.0153e-02
-5.3005e-02
-4.6782e-02
-4.1362e-02
-3.6636e-02
-3.2512e-02
-2.8907e-02
-2.5755e-02
-2.2995e-02
-2.0574e-02
-1.8447e-02
-1.6578e-02
-2.0387e-02
-9.6232e-02
-1.8794e-01
-2.7196e-01
-3.3199e-01
-3.6176e-01
-3.6483e-01
-3.4936e-01
-3.2341e-01
-2.9291e-01
-2.6158e-01
-2.3153e-01
-2.0377e-01
-1.7871e-01
-1.5640e-01
-1.3672e-01
-1.1947e-01
-1.0439e-01
-9.1243e-02
-7.9800e-02
-6.9849e-02
-6.1197e-02
-5.3678e-02
-4.7141e-02
-4.1457e-02
-3.6512e-02
-3.2208e-02
-2.8459e-02
-2.5190e-02
-2.2338e-02
-1.9847e-02
-1.7670e-02
-1.5762e-02
-1.4091e-02
-1.2623e-02
-1.1334e-02
-4.4678e-01
-1.8515e+00
-2.8005e+00
-3.1990e+00
-3.3092e+00
-3.2687e+00
-3.1461e+00
-2.9809e+00
-2.7970e+00
-2.6082e+00
-2.4228e+00
-2.2452e+00
-2.0777e+00
-1.9215e+00
-1.7768e+00
-1.6433e+00
-1.5205e+00
-1.4078e+00
-1.3045e+00
-1.2099e+00
-1.1231e+00
-1.0437e+00
-9.7078e-01
-9.0392e-01
-8.4252e-01
-7.8608e-01
-7.3415e-01
-6.8631e-01
-6.4219e-01
-6.0146e-01
-5.6381e-01
-5.2896e-01
-4.9667e-01
-4.6672e-01
-4.3891e-01
-4.1306e-01
-6.0121e-01
-2.1182e+00
-2.8356e+00
-2.9853e+00
-2.9383e+00
-2.8224e+00
-2.6765e+00
-2.5175e+00
-2.3548e+00
-2.1940e+00
-2.0388e+00
-1.8913e+00
-1.7527e+00
-1.6234e+00
-1.5034e+00
-1.3926e+00
-1.2905e+00
-1.1966e+00
-1.1103e+00
-1.0311e+00
-9.5839e-01
-8.9162e-01
-8.3027e-01
-7.7389e-01
-7.2202e-01
-6.7427e-01
-6.3026e-01
-5.8966e-01
-5.5217e-01
-5.1751e-01
-4.8543e-01
-4.5571e-01
-4.2814e-01
-4.0254e-01
-3.7875e-01
-3.5661e-01
1.1955e-01
2.1810e-03
-2.4110e-01
-4.8549e-01
-6.6248e-01
-7.6820e-01
-8.2007e-01
-8.3534e-01
-8.2678e-01
-8.0314e-01
-7.7038e-01
-7.3248e-01
-6.9213e-01
-6.5111e-01
-6.1060e-01
-5.7134e-01
-5.3381e-01
-4.9826e-01
-4.6481e-01
-4.3351e-01
-4.0431e-01
-3.7715e-01
-3.5193e-01
-3.2854e-01
-3.0687e-01
-2.8679e-01
-2.6820e-01
-2.5098e-01
-2.3502e-01
-2.2024e-01
-2.0652e-01
-1.9379e-01
-1.8198e-01
-1.7100e-01
-1.6078e-01
-1.5128e-01
1.0400e-01
7.3281e-02
-2.1666e-02
-1.2772e-01
-2.1825e-01
-2.8388e-01
-3.2591e-01
-3.4918e-01
-3.5864e-01
-3.5841e-01
-3.5158e-01
-3.4041e-01
-3.2653e-01
-3.1109e-01
-2.9489e-01
-2.7849e-01
-2.6229e-01
-2.4652e-01
-2.3137e-01
-2.1694e-01
-2.0327e-01
-1.9039e-01
-1.7830e-01
-1.6698e-01
-1.5640e-01
-1.4653e-01
-1.3733e-01
-1.2876e-01
-1.2078e-01
-1.1335e-01
-1.0644e-01
-9.9993e-02
-9.3992e-02
-8.8401e-02
-8.3187e-02
-7.8326e-02
1.2630e-03
-9.4400e-04
-3.6700e-03
-5.6680e-03
-6.8550e-03
-7.4660e-03
-7.6880e-03
-7.6550e-03
-7.4540e-03
-7.1520e-03
-6.7880e-03
-6.3960e-03
-5.9940e-03
-5.5960e-03
-5.2090e-03
-4.8400e-03
-4.4930e-03
-4.1650e-03
-3.8620e-03
-3.5800e-03
-3.3190e-03
-3.0790e-03
-2.8560e-03
-2.6530e-03
-2.4650e-03
-2.2930e-03
-2.1330e-03
-1.9880e-03
-1.8540e-03
-1.7300e-03
-1.6150e-03
-1.5110e-03
-1.4140e-03
-1.3240e-03
-1.2410e-03
-1.1640e-03
