-2.2000e+02
0.0000e+00
0.0000e+00
0.0000e+00
0.0000e+00
0.0000e+00
0.0000e+00
0.0000e+00
0.0000e+00
0.0000e+00
0.0000e+00
0.0000e+00
0.0000e+00
0.0000e+00
0.0000e+00
0.0000e+00
0.0000e+00
0.0000e+00
0.0000e+00
0.0000e+00
0.0000e+00
0.0000e+00
0.0000e+00
0.0000e+00
0.0000e+00
0.0000e+00
0.0000e+00
0.0000e+00
0.0000e+00
0.0000e+00
0.0000e+00
0.0000e+00
0.0000e+00
0.0000e+00
0.0000e+00
0.0000e+00
-1.2000e+02
-6.0007e+00
-3.7777e+00
-2.9189e+00
-2.5053e+00
-2.0861e+00
-1.8029e+00
-1.5054e+00
-1.2547e+00
-1.0513e+00
-8.8591e-01
-7.5058e-01
-6.3902e-01
-5.4644e-01
-4.6913e-01
-4.0425e-01
-3.4954e-01
-3.0322e-01
-2.6385e-01
-2.3029e-01
-2.0158e-01
-1.7695e-01
-1.5578e-01
-1.3752e-01
-1.2174e-01
-1.0806e-01
-9.6188e-02
-8.5853e-02
-7.6837e-02
-6.8954e-02
-6.2044e-02
-5.5977e-02
-5.0635e-02
-4.5920e-02
-4.1034e-02
-3.6831e-02
-2.0000e+01
-5.4787e+00
-5.5415e+00
-5.5739e+00
-5.2745e+00
-4.6656e+00
-4.0154e+00
-3.4240e+00
-2.9105e+00
-2.4720e+00
-2.1007e+00
-1.7873e+00
-1.5232e+00
-1.3006e+00
-1.1126e+00
-9.5367e-01
-8.1906e-01
-7.0485e-01
-6.0775e-01
-5.2507e-01
-4.5453e-01
-3.9425e-01
-3.4265e-01
-2.9842e-01
-2.6044e-01
-2.2778e-01
-1.9965e-01
-1.7538e-01
-1.5442e-01
-1.3628e-01
-1.2056e-01
-1.0691e-01
-9.5047e-02
-8.4710e-02
-7.4670e-02
-6.6070e-02
-1.1633e-01
-2.4326e-01
-3.6230e-01
-4.5370e-01
-5.0268e-01
-5.1148e-01
-4.9083e-01
-4.5311e-01
-4.0804e-01
-3.6178e-01
-3.1766e-01
-2.7723e-01
-2.4105e-01
-2.0913e-01
-1.8122e-01
-1.5697e-01
-1.3596e-01
-1.1780e-01
-1.0214e-01
-8.8634e-02
-7.6993e-02
-6.6961e-02
-5.8313e-02
-5.0856e-02
-4.4423e-02
-3.8869e-02
-3.4070e-02
-2.9921e-02
-2.6328e-02
-2.3216e-02
-2.0517e-02
-1.8171e-02
-1.6131e-02
-1.4354e-02
-1.2713e-02
-1.1223e-02
-3.4240e-02
-9.9405e-02
-1.7276e-01
-2.3906e-01
-2.8441e-01
-3.0444e-01
-3.0284e-01
-2.8660e-01
-2.6244e-01
-2.3527e-01
-2.0809e-01
-1.8249e-01
-1.5919e-01
-1.3841e-01
-1.2011e-01
-1.0413e-01
-9.0237e-02
-7.8208e-02
-6.7811e-02
-5.8837e-02
-5.1097e-02
-4.4421e-02
-3.8666e-02
-3.3702e-02
-2.9420e-02
-2.5722e-02
-2.2528e-02
-1.9768e-02
-1.7378e-02
-1.5309e-02
-1.3515e-02
-1.1957e-02
-1.0603e-02
-9.4250e-03
-8.3070e-03
-7.3630e-03
-6.7142e-01
-1.8496e+00
-2.5055e+00
-2.7393e+00
-2.7668e+00
-2.6882e+00
-2.5561e+00
-2.4008e+00
-2.2383e+00
-2.0773e+00
-1.9226e+00
-1.7767e+00
-1.6406e+00
-1.5147e+00
-1.3986e+00
-1.2921e+00
-1.1944e+00
-1.1050e+00
-1.0231e+00
-9.4830e-01
-8.7981e-01
-8.1711e-01
-7.5967e-01
-7.0701e-01
-6.5869e-01
-6.1431e-01
-5.7350e-01
-5.3594e-01
-5.0134e-01
-4.6942e-01
-4.3994e-01
-4.1269e-01
-3.8748e-01
-3.6411e-01
-3.3585e-01
-3.1006e-01
-5.1031e-01
-1.5522e+00
-2.1868e+00
-2.4294e+00
-2.4734e+00
-2.4155e+00
-2.3054e+00
-2.1711e+00
-2.0277e+00
-1.8838e+00
-1.7444e+00
-1.6121e+00
-1.4884e+00
-1.3736e+00
-1.2678e+00
-1.1706e+00
-1.0815e+00
-1.0000e+00
-9.2552e-01
-8.5740e-01
-7.9512e-01
-7.3814e-01
-6.8598e-01
-6.3819e-01
-5.9437e-01
-5.5414e-01
-5.1717e-01
-4.8317e-01
-4.5185e-01
-4.2297e-01
-3.9632e-01
-3.7169e-01
-3.4890e-01
-3.2780e-01
-3.0246e-01
-2.7900e-01
-3.9993e-01
-1.1009e+00
-1.4217e+00
-1.4807e+00
-1.4460e+00
-1.3746e+00
-1.2877e+00
-1.1959e+00
-1.1043e+00
-1.0159e+00
-9.3252e-01
-8.5505e-01
-7.8378e-01
-7.1863e-01
-6.5932e-01
-6.0546e-01
-5.5661e-01
-5.1231e-01
-4.7215e-01
-4.3570e-01
-4.0261e-01
-3.7252e-01
-3.4513e-01
-3.2017e-01
-2.9738e-01
-2.7656e-01
-2.5750e-01
-2.4004e-01
-2.2400e-01
-2.0927e-01
-1.9571e-01
-1.8322e-01
-1.7169e-01
-1.6104e-01
-1.4840e-01
-1.3699e-01
-2.8991e-01
-8.9562e-01
-1.1333e+00
-1.0811e+00
-9.6161e-01
-8.4817e-01
-7.5253e-01
-6.7279e-01
-6.0495e-01
-5.4605e-01
-4.9429e-01
-4.4850e-01
-4.0784e-01
-3.7162e-01
-3.3929e-01
-3.1036e-01
-2.8445e-01
-2.6116e-01
-2.4021e-01
-2.2132e-01
-2.0425e-01
-1.8879e-01
-1.7477e-01
-1.6203e-01
-1.5042e-01
-1.3983e-01
-1.3016e-01
-1.2130e-01
-1.1318e-01
-1.0572e-01
-9.8866e-02
-9.2549e-02
-8.6724e-02
-8.1343e-02
-7.4878e-02
-6.8868e-02
-9.4149e-02
-1.7983e-01
-1.5734e-01
-1.2662e-01
-1.0406e-01
-8.7692e-02
-7.5339e-02
-6.5611e-02
-5.7615e-02
-5.0892e-02
-4.5167e-02
-4.0252e-02
-3.6006e-02
-3.2317e-02
-2.9098e-02
-2.6280e-02
-2.3800e-02
-2.1614e-02
-1.9678e-02
-1.7958e-02
-1.6428e-02
-1.5060e-02
-1.3835e-02
-1.2735e-02
-1.1744e-02
-1.0851e-02
-1.0041e-02
-9.3090e-03
-8.6420e-03
-8.0350e-03
-7.4820e-03
-6.9750e-03
-6.5130e-03
-6.0870e-03
-5.5920e-03
-5.1420e-03
