2.70000000e+02
5.00000000e+01
5.00000000e+01
5.00000000e+01
5.00000000e+01
5.00000000e+01
5.00000000e+01
5.00000000e+01
5.00000000e+01
5.00000000e+01
5.00000000e+01
5.00000000e+01
5.00000000e+01
5.00000000e+01
5.00000000e+01
5.00000000e+01
5.00000000e+01
5.00000000e+01
5.00000000e+01
5.00000000e+01
5.00000000e+01
5.00000000e+01
5.00000000e+01
5.00000000e+01
5.00000000e+01
5.00000000e+01
5.00000000e+01
5.00000000e+01
5.00000000e+01
5.00000000e+01
5.00000000e+01
5.00000000e+01
5.00000000e+01
5.00000000e+01
5.00000000e+01
5.00000000e+01
5.00000000e+01
2.70000000e+02
1.50000000e+02
1.43753690e+02
1.39904161e+02
1.36947911e+02
1.34421981e+02
1.32233414e+02
1.30404281e+02
1.28893942e+02
1.27640602e+02
1.26593296e+02
1.25712299e+02
1.24966755e+02
1.24332501e+02
1.23790402e+02
1.23325140e+02
1.22924331e+02
1.22577871e+02
1.22277452e+02
1.22016197e+02
1.21788376e+02
1.21589196e+02
1.21414620e+02
1.21261242e+02
1.21126174e+02
1.21006958e+02
1.20901498e+02
1.20808003e+02
1.20724933e+02
1.20650968e+02
1.20584968e+02
1.20526436e+02
1.20475235e+02
1.20429032e+02
1.20387307e+02
1.20349562e+02
1.20315352e+02
2.70000000e+02
2.50000000e+02
2.44564843e+02
2.39085389e+02
2.33565900e+02
2.28341212e+02
2.23721221e+02
2.19741599e+02
2.16346462e+02
2.13460452e+02
2.11009078e+02
2.08925353e+02
2.07151475e+02
2.05638526e+02
2.04345479e+02
2.03238048e+02
2.02287601e+02
2.01470205e+02
2.00765824e+02
2.00157645e+02
1.99631527e+02
1.99175549e+02
1.98779638e+02
1.98435259e+02
1.98135170e+02
1.97873209e+02
1.97644125e+02
1.97443435e+02
1.97267305e+02
1.97112449e+02
1.96976050e+02
1.96856586e+02
1.96753252e+02
1.96661368e+02
1.96579528e+02
1.96506504e+02
1.96441228e+02
2.68898976e+02
2.68747876e+02
2.68467871e+02
2.68065943e+02
2.67563483e+02
2.67000485e+02
2.66419293e+02
2.65853669e+02
2.65324846e+02
2.64843326e+02
2.64412363e+02
2.64030938e+02
2.63695788e+02
2.63402652e+02
2.63147000e+02
2.62924415e+02
2.62730793e+02
2.62562419e+02
2.62415993e+02
2.62288605e+02
2.62177717e+02
2.62081119e+02
2.61996895e+02
2.61923387e+02
2.61859161e+02
2.61802978e+02
2.61753769e+02
2.61710611e+02
2.61672706e+02
2.61639367e+02
2.61609999e+02
2.61584155e+02
2.61561628e+02
2.61541803e+02
2.61524222e+02
2.61508571e+02
2.61494604e+02
2.68440429e+02
2.68395306e+02
2.68277679e+02
2.68084246e+02
2.67819536e+02
2.67502173e+02
2.67157652e+02
2.66809777e+02
2.66475945e+02
2.66166460e+02
2.65886053e+02
2.65635797e+02
2.65414642e+02
2.65220452e+02
2.65050638e+02
2.64902516e+02
2.64773508e+02
2.64661232e+02
2.64563542e+02
2.64478533e+02
2.64404528e+02
2.64340065e+02
2.64283869e+02
2.64234837e+02
2.64192011e+02
2.64154565e+02
2.64121783e+02
2.64093047e+02
2.64067825e+02
2.64045655e+02
2.64026139e+02
2.64009036e+02
2.63994106e+02
2.63980913e+02
2.63969240e+02
2.63958870e+02
2.63949628e+02
2.74734500e+02
2.73821181e+02
2.71467458e+02
2.68525038e+02
2.65495865e+02
2.62561930e+02
2.59791491e+02
2.57207168e+02
2.54812882e+02
2.52604141e+02
2.50572115e+02
2.48705855e+02
2.46993562e+02
2.45423329e+02
2.43983565e+02
2.42663244e+02
2.41452031e+02
2.40340341e+02
2.39319345e+02
2.38380961e+02
2.37517813e+02
2.36723189e+02
2.35990995e+02
2.35315704e+02
2.34692306e+02
2.34116263e+02
2.33583466e+02
2.33090193e+02
2.32633070e+02
2.32209040e+02
2.31815333e+02
2.31453413e+02
2.31126230e+02
2.30819410e+02
2.30532312e+02
2.30263648e+02
2.30012106e+02
2.74243345e+02
2.73846988e+02
2.72458104e+02
2.70370350e+02
2.67983063e+02
2.65520119e+02
2.63098952e+02
2.60780344e+02
2.58594368e+02
2.56554025e+02
2.54662217e+02
2.52915856e+02
2.51308416e+02
2.49831552e+02
2.48476108e+02
2.47232751e+02
2.46092353e+02
2.45046205e+02
2.44086142e+02
2.43204591e+02
2.42394583e+02
2.41649744e+02
2.40964258e+02
2.40332842e+02
2.39750697e+02
2.39213474e+02
2.38717233e+02
2.38258406e+02
2.37833759e+02
2.37440366e+02
2.37075574e+02
2.36739922e+02
2.36436818e+02
2.36153700e+02
2.35889133e+02
2.35641835e+02
2.35410554e+02
2.72670906e+02
2.72353205e+02
2.71312159e+02
2.69947312e+02
2.68521638e+02
2.67123199e+02
2.65785815e+02
2.64524987e+02
2.63347966e+02
2.62257096e+02
2.61251295e+02
2.60327241e+02
2.59480302e+02
2.58705189e+02
2.57996389e+02
2.57348443e+02
2.56756109e+02
2.56214453e+02
2.55718897e+02
2.55265226e+02
2.54849592e+02
2.54468489e+02
2.54118740e+02
2.53797468e+02
2.53502070e+02
2.53230198e+02
2.52979729e+02
2.52748749e+02
2.52535526e+02
2.52338498e+02
2.52156254e+02
2.51989017e+02
2.51838009e+02
2.51697308e+02
2.51566260e+02
2.51444117e+02
2.51330177e+02
2.71880750e+02
2.71652010e+02
2.70799999e+02
2.69694118e+02
2.68635078e+02
2.67692950e+02
2.66861398e+02
2.66121997e+02
2.65459370e+02
2.64862504e+02
2.64323199e+02
2.63834912e+02
2.63392159e+02
2.62990201e+02
2.62624873e+02
2.62292484e+02
2.61989745e+02
2.61713720e+02
2.61461783e+02
2.61231587e+02
2.61021027e+02
2.60828221e+02
2.60651479e+02
2.60489288e+02
2.60340288e+02
2.60203260e+02
2.60077106e+02
2.59960840e+02
2.59853575e+02
2.59754509e+02
2.59662922e+02
2.59578898e+02
2.59503206e+02
2.59432614e+02
2.59366810e+02
2.59305486e+02
2.59248310e+02
2.70947318e+02
2.70857924e+02
2.70679415e+02
2.70523320e+02
2.70398718e+02
2.70297064e+02
2.70211733e+02
2.70138509e+02
2.70074831e+02
2.70019000e+02
2.69969765e+02
2.69926156e+02
2.69887389e+02
2.69852821e+02
2.69821911e+02
2.69794204e+02
2.69769311e+02
2.69746898e+02
2.69726676e+02
2.69708396e+02
2.69691841e+02
2.69676821e+02
2.69663171e+02
2.69650746e+02
2.69639416e+02
2.69629070e+02
2.69619609e+02
2.69610942e+02
2.69602994e+02
2.69595693e+02
2.69588978e+02
2.69582838e+02
2.69577319e+02
2.69572207e+02
2.69567468e+02
2.69563069e+02
2.69558984e+02
