2.70053606e+02
5.01510445e+01
4.98496338e+01
5.01802540e+01
5.00802533e+01
5.01286045e+01
5.01259465e+01
5.03669257e+01
4.98839929e+01
4.97542536e+01
4.98670465e+01
4.98861081e+01
4.96990027e+01
5.00125538e+01
4.96512142e+01
4.98933666e+01
5.00715159e+01
5.00654705e+01
4.98171680e+01
4.98411535e+01
4.96425428e+01
5.03039100e+01
4.96962180e+01
5.00682431e+01
4.97684057e+01
5.01031692e+01
5.00517365e+01
4.98830386e+01
4.98938130e+01
4.99185242e+01
4.97080681e+01
5.00452986e+01
4.99909896e+01
4.95029527e+01
4.98438718e+01
5.02418471e+01
4.99569770e+01
2.69823530e+02
1.50138518e+02
1.43642342e+02
1.39725171e+02
1.36669134e+02
1.33717036e+02
1.31303976e+02
1.30143115e+02
1.28204307e+02
1.27235189e+02
1.26156064e+02
1.25266969e+02
1.24733333e+02
1.23884517e+02
1.23092856e+02
1.22925532e+02
1.22601320e+02
1.22245916e+02
1.21911772e+02
1.21462883e+02
1.21879245e+02
1.20822088e+02
1.20867102e+02
1.21164404e+02
1.20842452e+02
1.20892597e+02
1.20397140e+02
1.20414623e+02
1.20735634e+02
1.20839274e+02
1.20265385e+02
1.20240801e+02
1.20152363e+02
1.20317252e+02
1.20513594e+02
1.20223441e+02
1.19988913e+02
2.69749867e+02
2.50109134e+02
2.44684469e+02
2.39067502e+02
2.33590276e+02
2.28289695e+02
2.23833511e+02
2.20052187e+02
2.16743877e+02
2.13989132e+02
2.11472851e+02
2.09028897e+02
2.07470806e+02
2.06099661e+02
2.05030624e+02
2.04093758e+02
2.02860757e+02
2.01945822e+02
2.01313391e+02
2.00657233e+02
2.00407185e+02
1.99571299e+02
1.99778097e+02
1.99232590e+02
1.99028762e+02
1.98828530e+02
1.98574697e+02
1.98547829e+02
1.98138333e+02
1.98282144e+02
1.98147964e+02
1.98183625e+02
1.97748886e+02
1.97825336e+02
1.97636185e+02
1.98052444e+02
1.97379321e+02
2.68549124e+02
2.68580490e+02
2.68408581e+02
2.67910928e+02
2.67489329e+02
2.66699033e+02
2.66400614e+02
2.65444734e+02
2.65135851e+02
2.65036929e+02
2.64423532e+02
2.64066974e+02
2.64103990e+02
2.63385272e+02
2.63132087e+02
2.63056012e+02
2.62693122e+02
2.62687848e+02
2.62689994e+02
2.62516509e+02
2.62287600e+02
2.62154071e+02
2.61805108e+02
2.62077428e+02
2.61884455e+02
2.61923751e+02
2.61713784e+02
2.61851194e+02
2.62084701e+02
2.61787070e+02
2.62033933e+02
2.61779784e+02
2.61838030e+02
2.61576393e+02
2.61685230e+02
2.61530054e+02
2.61900416e+02
2.67916955e+02
2.68540569e+02
2.68489353e+02
2.67922332e+02
2.67861611e+02
2.67306726e+02
2.67058850e+02
2.66703847e+02
2.66082965e+02
2.66002549e+02
2.65753077e+02
2.65701097e+02
2.65041615e+02
2.65047368e+02
2.64759616e+02
2.64763977e+02
2.64717149e+02
2.64565363e+02
2.64421031e+02
2.64455982e+02
2.64416063e+02
2.64088268e+02
2.64016268e+02
2.63871781e+02
2.63927174e+02
2.64183959e+02
2.63849832e+02
2.63805591e+02
2.63898313e+02
2.64004979e+02
2.63946204e+02
2.63345150e+02
2.63983174e+02
2.63777650e+02
2.63969724e+02
2.63956913e+02
2.63866050e+02
2.70981556e+02
2.70821814e+02
2.68695331e+02
2.66253059e+02
2.63795757e+02
2.61264588e+02
2.58887866e+02
2.56511580e+02
2.54627141e+02
2.53386466e+02
2.51404553e+02
2.49864862e+02
2.48298930e+02
2.46867716e+02
2.45777010e+02
2.44720363e+02
2.44010429e+02
2.42622899e+02
2.42066414e+02
2.41280100e+02
2.40583349e+02
2.39717302e+02
2.39282043e+02
2.38618349e+02
2.37802026e+02
2.37740402e+02
2.37224442e+02
2.36642498e+02
2.36081284e+02
2.36023915e+02
2.35389560e+02
2.35029531e+02
2.34812970e+02
2.34439364e+02
2.34092249e+02
2.34076196e+02
2.33565573e+02
2.71102008e+02
2.71093016e+02
2.70044418e+02
2.68147885e+02
2.66078062e+02
2.64017381e+02
2.61885630e+02
2.59855454e+02
2.58396269e+02
2.56503058e+02
2.54734989e+02
2.53477957e+02
2.52391868e+02
2.50961429e+02
2.50076334e+02
2.48778629e+02
2.48050885e+02
2.47036036e+02
2.46368849e+02
2.45460504e+02
2.45079782e+02
2.44358865e+02
2.43712137e+02
2.42868881e+02
2.42559802e+02
2.41903238e+02
2.41578394e+02
2.41297782e+02
2.40899605e+02
2.40481291e+02
2.40254862e+02
2.39497606e+02
2.39387815e+02
2.39150189e+02
2.39208003e+02
2.38734447e+02
2.38312292e+02
2.71505584e+02
2.71123919e+02
2.70161829e+02
2.69103133e+02
2.67867499e+02
2.65957890e+02
2.65248692e+02
2.64303510e+02
2.63103414e+02
2.62051581e+02
2.60983768e+02
2.60683976e+02
2.59421099e+02
2.58781429e+02
2.58225608e+02
2.58173578e+02
2.57574475e+02
2.56818419e+02
2.56439036e+02
2.55930804e+02
2.55718495e+02
2.55397398e+02
2.55331840e+02
2.54778519e+02
2.54639123e+02
2.54452306e+02
2.54184567e+02
2.54039477e+02
2.54349930e+02
2.53424076e+02
2.52966487e+02
2.52996438e+02
2.53083852e+02
2.53033418e+02
2.52816013e+02
2.52539209e+02
2.52277617e+02
2.71244572e+02
2.70587023e+02
2.70417611e+02
2.68742728e+02
2.68396491e+02
2.67715692e+02
2.66425140e+02
2.66065115e+02
2.65659957e+02
2.64973130e+02
2.64379137e+02
2.63962546e+02
2.63746423e+02
2.63379487e+02
2.62895051e+02
2.62352472e+02
2.62528987e+02
2.62285026e+02
2.61812147e+02
2.61878113e+02
2.61590633e+02
2.61379715e+02
2.60975985e+02
2.60970711e+02
2.60586760e+02
2.60677682e+02
2.60563894e+02
2.60501597e+02
2.60321178e+02
2.60508939e+02
2.60456078e+02
2.60043702e+02
2.60455965e+02
2.60054272e+02
2.60060008e+02
2.60065538e+02
2.59843612e+02
2.70843884e+02
2.70550870e+02
2.70383484e+02
2.70240818e+02
2.70287820e+02
2.70292426e+02
2.70073182e+02
2.70091471e+02
2.70160598e+02
2.69961774e+02
2.69864657e+02
2.69856776e+02
2.70141624e+02
2.69932226e+02
2.69888633e+02
2.69756232e+02
2.70012116e+02
2.69732631e+02
2.69657681e+02
2.69949876e+02
2.69848633e+02
2.69828447e+02
2.70144084e+02
2.69803604e+02
2.69681243e+02
2.69837741e+02
2.69651784e+02
2.69803524e+02
2.69493544e+02
2.69575458e+02
2.69508017e+02
2.69728214e+02
2.69607483e+02
2.69833274e+02
2.69654997e+02
2.69855068e+02
2.69712405e+02
