-2.2000e+02
0.0000e+00
0.0000e+00
0.0000e+00
0.0000e+00
0.0000e+00
0.0000e+00
0.0000e+00
0.0000e+00
0.0000e+00
0.0000e+00
0.0000e+00
0.0000e+00
0.0000e+00
0.0000e+00
0.0000e+00
0.0000e+00
0.0000e+00
0.0000e+00
0.0000e+00
0.0000e+00
0.0000e+00
0.0000e+00
0.0000e+00
0.0000e+00
0.0000e+00
0.0000e+00
0.0000e+00
0.0000e+00
0.0000e+00
0.0000e+00
0.0000e+00
0.0000e+00
0.0000e+00
0.0000e+00
0.0000e+00
-1.2000e+02
-6.5041e+00
-3.8690e+00
-2.9625e+00
-2.5519e+00
-2.2024e+00
-1.8151e+00
-1.4924e+00
-1.2349e+00
-1.0294e+00
-8.6377e-01
-7.2909e-01
-6.1857e-01
-5.2718e-01
-4.5108e-01
-3.8736e-01
-3.3371e-01
-2.8836e-01
-2.4987e-01
-2.1709e-01
-1.8908e-01
-1.6508e-01
-1.4446e-01
-1.2671e-01
-1.1138e-01
-9.8124e-02
-8.6631e-02
-7.6646e-02
-6.7359e-02
-5.8361e-02
-5.2199e-02
-4.6740e-02
-4.1930e-02
-3.7686e-02
-3.3936e-02
-3.0612e-02
-2.0000e+01
-5.5733e+00
-5.5167e+00
-5.5469e+00
-5.2298e+00
-4.6125e+00
-3.9678e+00
-3.3803e+00
-2.8691e+00
-2.4333e+00
-2.0651e+00
-1.7551e+00
-1.4942e+00
-1.2746e+00
-1.0893e+00
-9.3272e-01
-8.0015e-01
-6.8767e-01
-5.9205e-01
-5.1061e-01
-4.4111e-01
-3.8171e-01
-3.3085e-01
-2.8725e-01
-2.4980e-01
-2.1760e-01
-1.8987e-01
-1.6595e-01
-1.4407e-01
-1.2330e-01
-1.0886e-01
-9.6262e-02
-8.5258e-02
-7.5641e-02
-6.7223e-02
-5.9847e-02
-1.0236e-01
-2.6276e-01
-3.9283e-01
-4.9336e-01
-5.5172e-01
-5.6756e-01
-5.5023e-01
-5.1250e-01
-4.6496e-01
-4.1467e-01
-3.6573e-01
-3.2025e-01
-2.7914e-01
-2.4260e-01
-2.1048e-01
-1.8244e-01
-1.5807e-01
-1.3695e-01
-1.1868e-01
-1.0291e-01
-8.9282e-02
-7.7525e-02
-6.7378e-02
-5.8619e-02
-5.1057e-02
-4.4525e-02
-3.8877e-02
-3.3994e-02
-2.9651e-02
-2.5561e-02
-2.2349e-02
-1.9685e-02
-1.7399e-02
-1.5417e-02
-1.3685e-02
-1.2171e-02
-3.3517e-02
-1.2480e-01
-2.1739e-01
-2.9573e-01
-3.4865e-01
-3.7233e-01
-3.7075e-01
-3.5184e-01
-3.2331e-01
-2.9087e-01
-2.5807e-01
-2.2691e-01
-1.9835e-01
-1.7273e-01
-1.5006e-01
-1.3019e-01
-1.1287e-01
-9.7834e-02
-8.4806e-02
-7.3540e-02
-6.3805e-02
-5.5399e-02
-4.8141e-02
-4.1875e-02
-3.6462e-02
-3.1787e-02
-2.7746e-02
-2.4250e-02
-2.1089e-02
-1.8218e-02
-1.5962e-02
-1.4035e-02
-1.2389e-02
-1.0968e-02
-9.7290e-03
-8.6480e-03
-1.9121e-01
-1.4202e+00
-2.1284e+00
-2.3902e+00
-2.4413e+00
-2.3858e+00
-2.2754e+00
-2.1381e+00
-1.9901e+00
-1.8410e+00
-1.6964e+00
-1.5594e+00
-1.4314e+00
-1.3128e+00
-1.2038e+00
-1.1038e+00
-1.0125e+00
-9.2913e-01
-8.5310e-01
-7.8377e-01
-7.2056e-01
-6.6289e-01
-6.1025e-01
-5.6216e-01
-5.1821e-01
-4.7800e-01
-4.4118e-01
-4.0744e-01
-3.7267e-01
-3.3344e-01
-3.0975e-01
-2.8784e-01
-2.6756e-01
-2.4880e-01
-2.3143e-01
-2.1534e-01
-1.7799e-01
-1.3062e+00
-1.9696e+00
-2.1984e+00
-2.2288e+00
-2.1650e+00
-2.0556e+00
-1.9250e+00
-1.7870e+00
-1.6496e+00
-1.5173e+00
-1.3926e+00
-1.2766e+00
-1.1696e+00
-1.0714e+00
-9.8171e-01
-8.9987e-01
-8.2530e-01
-7.5740e-01
-6.9557e-01
-6.3924e-01
-5.8790e-01
-5.4107e-01
-4.9832e-01
-4.5926e-01
-4.2355e-01
-3.9087e-01
-3.6092e-01
-3.3000e-01
-2.9501e-01
-2.7429e-01
-2.5502e-01
-2.3707e-01
-2.2042e-01
-2.0499e-01
-1.9070e-01
-2.8838e-01
-9.4789e-01
-1.2573e+00
-1.3202e+00
-1.2920e+00
-1.2265e+00
-1.1450e+00
-1.0575e+00
-9.6988e-01
-8.8551e-01
-8.0629e-01
-7.3312e-01
-6.6622e-01
-6.0545e-01
-5.5046e-01
-5.0083e-01
-4.5608e-01
-4.1574e-01
-3.7936e-01
-3.4653e-01
-3.1687e-01
-2.9006e-01
-2.6578e-01
-2.4377e-01
-2.2380e-01
-2.0565e-01
-1.8913e-01
-1.7408e-01
-1.5911e-01
-1.4329e-01
-1.3219e-01
-1.2213e-01
-1.1301e-01
-1.0469e-01
-9.7074e-02
-9.0075e-02
-2.1629e-01
-7.8997e-01
-1.0261e+00
-9.8151e-01
-8.7022e-01
-7.6352e-01
-6.7328e-01
-5.9724e-01
-5.3205e-01
-4.7546e-01
-4.2597e-01
-3.8248e-01
-3.4415e-01
-3.1027e-01
-2.8025e-01
-2.5359e-01
-2.2986e-01
-2.0869e-01
-1.8976e-01
-1.7281e-01
-1.5759e-01
-1.4389e-01
-1.3156e-01
-1.2041e-01
-1.1034e-01
-1.0121e-01
-9.2935e-02
-8.5414e-02
-7.7954e-02
-7.0301e-02
-6.4850e-02
-5.9817e-02
-5.5243e-02
-5.1084e-02
-4.7291e-02
-4.3821e-02
-8.6485e-02
-1.6736e-01
-1.4584e-01
-1.1610e-01
-9.4410e-02
-7.8933e-02
-6.7324e-02
-5.8092e-02
-5.0504e-02
-4.4154e-02
-3.8776e-02
-3.4187e-02
-3.0246e-02
-2.6847e-02
-2.3900e-02
-2.1335e-02
-1.9097e-02
-1.7135e-02
-1.5410e-02
-1.3889e-02
-1.2545e-02
-1.1353e-02
-1.0292e-02
-9.3480e-03
-8.5030e-03
-7.7470e-03
-7.0690e-03
-6.4590e-03
-5.8710e-03
-5.2660e-03
-4.8230e-03
-4.4300e-03
-4.0770e-03
-3.7560e-03
-3.4670e-03
-3.2020e-03
