-2.2000e+02
0.0000e+00
0.0000e+00
0.0000e+00
0.0000e+00
0.0000e+00
0.0000e+00
0.0000e+00
0.0000e+00
0.0000e+00
0.0000e+00
0.0000e+00
0.0000e+00
0.0000e+00
0.0000e+00
0.0000e+00
0.0000e+00
0.0000e+00
0.0000e+00
0.0000e+00
0.0000e+00
0.0000e+00
0.0000e+00
0.0000e+00
0.0000e+00
0.0000e+00
0.0000e+00
0.0000e+00
0.0000e+00
0.0000e+00
0.0000e+00
0.0000e+00
0.0000e+00
0.0000e+00
0.0000e+00
0.0000e+00
-1.2000e+02
-6.1561e+00
-3.8172e+00
-2.9407e+00
-2.5168e+00
-2.1361e+00
-1.8257e+00
-1.5175e+00
-1.2650e+00
-1.0613e+00
-8.9602e-01
-7.6087e-01
-6.4941e-01
-5.5677e-01
-4.7927e-01
-4.1407e-01
-3.5896e-01
-3.1216e-01
-2.7229e-01
-2.3820e-01
-2.0896e-01
-1.8382e-01
-1.6215e-01
-1.4342e-01
-1.2720e-01
-1.1312e-01
-1.0087e-01
-9.0195e-02
-8.0865e-02
-7.2699e-02
-6.5535e-02
-5.9235e-02
-5.3684e-02
-4.8783e-02
-4.4445e-02
-4.0596e-02
-2.0000e+01
-5.4395e+00
-5.5412e+00
-5.5971e+00
-5.3068e+00
-4.7017e+00
-4.0573e+00
-3.4698e+00
-2.9579e+00
-2.5198e+00
-2.1479e+00
-1.8333e+00
-1.5673e+00
-1.3424e+00
-1.1519e+00
-9.9021e-01
-8.5284e-01
-7.3588e-01
-6.3613e-01
-5.5091e-01
-4.7800e-01
-4.1551e-01
-3.6187e-01
-3.1578e-01
-2.7611e-01
-2.4191e-01
-2.1240e-01
-1.8689e-01
-1.6482e-01
-1.4569e-01
-1.2909e-01
-1.1465e-01
-1.0209e-01
-9.1127e-02
-8.1554e-02
-7.3178e-02
-8.4977e-02
-2.4316e-01
-3.8620e-01
-5.0208e-01
-5.7277e-01
-5.9660e-01
-5.8338e-01
-5.4675e-01
-4.9838e-01
-4.4618e-01
-3.9482e-01
-3.4675e-01
-3.0307e-01
-2.6408e-01
-2.2970e-01
-1.9961e-01
-1.7339e-01
-1.5063e-01
-1.3092e-01
-1.1386e-01
-9.9122e-02
-8.6383e-02
-7.5374e-02
-6.5862e-02
-5.7638e-02
-5.0526e-02
-4.4369e-02
-3.9038e-02
-3.4415e-02
-3.0403e-02
-2.6919e-02
-2.3888e-02
-2.1247e-02
-1.8946e-02
-1.6934e-02
-1.5176e-02
-1.9897e-02
-9.0839e-02
-1.7843e-01
-2.6016e-01
-3.2059e-01
-3.5267e-01
-3.5856e-01
-3.4531e-01
-3.2067e-01
-2.9070e-01
-2.5941e-01
-2.2913e-01
-2.0103e-01
-1.7563e-01
-1.5302e-01
-1.3312e-01
-1.1571e-01
-1.0056e-01
-8.7408e-02
-7.6014e-02
-6.6154e-02
-5.7630e-02
-5.0260e-02
-4.3892e-02
-3.8385e-02
-3.3622e-02
-2.9502e-02
-2.5932e-02
-2.2841e-02
-2.0157e-02
-1.7828e-02
-1.5803e-02
-1.4041e-02
-1.2504e-02
-1.1163e-02
-9.9910e-03
-8.2389e-01
-2.0617e+00
-2.7450e+00
-2.9765e+00
-2.9946e+00
-2.9066e+00
-2.7659e+00
-2.6015e+00
-2.4288e+00
-2.2566e+00
-2.0902e+00
-1.9325e+00
-1.7847e+00
-1.6475e+00
-1.5208e+00
-1.4044e+00
-1.2976e+00
-1.1998e+00
-1.1105e+00
-1.0288e+00
-9.5425e-01
-8.8609e-01
-8.2377e-01
-7.6677e-01
-7.1458e-01
-6.6675e-01
-6.2287e-01
-5.8258e-01
-5.4554e-01
-5.1143e-01
-4.8001e-01
-4.5100e-01
-4.2420e-01
-3.9941e-01
-3.7644e-01
-3.5514e-01
-6.8938e-01
-1.8048e+00
-2.4352e+00
-2.6583e+00
-2.6848e+00
-2.6127e+00
-2.4906e+00
-2.3450e+00
-2.1905e+00
-2.0358e+00
-1.8858e+00
-1.7434e+00
-1.6100e+00
-1.4862e+00
-1.3720e+00
-1.2671e+00
-1.1709e+00
-1.0829e+00
-1.0026e+00
-9.2913e-01
-8.6205e-01
-8.0075e-01
-7.4471e-01
-6.9343e-01
-6.4647e-01
-6.0343e-01
-5.6392e-01
-5.2763e-01
-4.9425e-01
-4.6350e-01
-4.3515e-01
-4.0898e-01
-3.8479e-01
-3.6239e-01
-3.4164e-01
-3.2238e-01
-3.6171e-01
-1.1040e+00
-1.4535e+00
-1.5266e+00
-1.4992e+00
-1.4321e+00
-1.3482e+00
-1.2582e+00
-1.1675e+00
-1.0795e+00
-9.9604e-01
-9.1807e-01
-8.4596e-01
-7.7971e-01
-7.1909e-01
-6.6374e-01
-6.1328e-01
-5.6730e-01
-5.2540e-01
-4.8719e-01
-4.5233e-01
-4.2049e-01
-3.9138e-01
-3.6474e-01
-3.4033e-01
-3.1793e-01
-2.9735e-01
-2.7842e-01
-2.6098e-01
-2.4490e-01
-2.3005e-01
-2.1633e-01
-2.0362e-01
-1.9184e-01
-1.8091e-01
-1.7076e-01
-2.5896e-01
-8.8645e-01
-1.1445e+00
-1.1018e+00
-9.8655e-01
-8.7530e-01
-7.8131e-01
-7.0285e-01
-6.3600e-01
-5.7792e-01
-5.2686e-01
-4.8161e-01
-4.4132e-01
-4.0529e-01
-3.7298e-01
-3.4390e-01
-3.1767e-01
-2.9395e-01
-2.7245e-01
-2.5291e-01
-2.3513e-01
-2.1891e-01
-2.0408e-01
-1.9051e-01
-1.7806e-01
-1.6662e-01
-1.5609e-01
-1.4640e-01
-1.3745e-01
-1.2918e-01
-1.2152e-01
-1.1444e-01
-1.0786e-01
-1.0175e-01
-9.6069e-02
-9.0781e-02
-9.4751e-02
-1.7840e-01
-1.5536e-01
-1.2428e-01
-1.0168e-01
-8.5495e-02
-7.3442e-02
-6.3985e-02
-5.6238e-02
-4.9746e-02
-4.4233e-02
-3.9507e-02
-3.5424e-02
-3.1880e-02
-2.8784e-02
-2.6070e-02
-2.3682e-02
-2.1570e-02
-1.9698e-02
-1.8034e-02
-1.6548e-02
-1.5218e-02
-1.4025e-02
-1.2952e-02
-1.1984e-02
-1.1108e-02
-1.0315e-02
-9.5950e-03
-8.9380e-03
-8.3400e-03
-7.7940e-03
-7.2920e-03
-6.8340e-03
-6.4100e-03
-6.0220e-03
-5.6640e-03
