2.70117364e+02
4.98044153e+01
4.96902634e+01
4.96704846e+01
5.00690033e+01
4.96357899e+01
5.03252033e+01
5.02709143e+01
4.99697373e+01
4.98940833e+01
4.98435954e+01
5.00489139e+01
4.95625748e+01
5.01165113e+01
4.99435175e+01
4.99747458e+01
4.97846542e+01
4.99534713e+01
5.00143990e+01
4.99960790e+01
4.98284912e+01
4.96644858e+01
5.04311632e+01
4.98094607e+01
4.99859078e+01
5.01186621e+01
5.02617689e+01
4.99939957e+01
4.99526956e+01
4.97327356e+01
5.05468500e+01
4.99959607e+01
5.02009718e+01
4.98459415e+01
4.99950638e+01
5.00957460e+01
5.00799089e+01
2.70276873e+02
1.49778684e+02
1.43214267e+02
1.39551578e+02
1.36452681e+02
1.33866499e+02
1.31817091e+02
1.29898266e+02
1.28473568e+02
1.27317282e+02
1.26232516e+02
1.25234362e+02
1.24151309e+02
1.23708822e+02
1.23300806e+02
1.22447689e+02
1.22237345e+02
1.22014662e+02
1.21614438e+02
1.21156771e+02
1.20721253e+02
1.21095923e+02
1.20466782e+02
1.20195462e+02
1.20477545e+02
1.20291967e+02
1.20647576e+02
1.20102850e+02
1.19780739e+02
1.19605016e+02
1.19803826e+02
1.20014882e+02
1.19418655e+02
1.19575569e+02
1.19947388e+02
1.19550408e+02
1.19857005e+02
2.70091911e+02
2.50329235e+02
2.44565022e+02
2.38758615e+02
2.33218721e+02
2.28085632e+02
2.22817459e+02
2.19128879e+02
2.15572993e+02
2.12445477e+02
2.10069490e+02
2.08030074e+02
2.06270344e+02
2.04334338e+02
2.02905878e+02
2.01776401e+02
2.00870840e+02
2.00080768e+02
1.99520559e+02
1.98830588e+02
1.98291291e+02
1.97882743e+02
1.97238948e+02
1.96957155e+02
1.96742709e+02
1.96326093e+02
1.95965169e+02
1.96200986e+02
1.95796162e+02
1.95990854e+02
1.95758491e+02
1.95426012e+02
1.95212368e+02
1.95510434e+02
1.95059006e+02
1.95052302e+02
1.95020494e+02
2.68497502e+02
2.69004722e+02
2.68745925e+02
2.68030273e+02
2.67462249e+02
2.66736084e+02
2.66578667e+02
2.65936726e+02
2.65255213e+02
2.64781514e+02
2.64403387e+02
2.63966273e+02
2.64052573e+02
2.63423121e+02
2.63295984e+02
2.63028055e+02
2.62796254e+02
2.62679676e+02
2.62837894e+02
2.62360100e+02
2.62734452e+02
2.62103968e+02
2.62241093e+02
2.62404045e+02
2.61915539e+02
2.62170326e+02
2.61982929e+02
2.62081138e+02
2.61813871e+02
2.61499363e+02
2.61877088e+02
2.61642081e+02
2.62237322e+02
2.61827040e+02
2.61862086e+02
2.61697504e+02
2.62024404e+02
2.68252286e+02
2.68337658e+02
2.68066796e+02
2.68243263e+02
2.68078260e+02
2.67480671e+02
2.67270753e+02
2.67130692e+02
2.66473083e+02
2.66225718e+02
2.65953847e+02
2.65812416e+02
2.65508352e+02
2.65540875e+02
2.65236268e+02
2.64985077e+02
2.64730891e+02
2.64751848e+02
2.64794093e+02
2.64137232e+02
2.64635800e+02
2.64524402e+02
2.64366519e+02
2.64262044e+02
2.64249629e+02
2.63962664e+02
2.64211396e+02
2.64051638e+02
2.64380577e+02
2.63908057e+02
2.64144525e+02
2.64144405e+02
2.63899675e+02
2.63938221e+02
2.64313680e+02
2.63874055e+02
2.63877749e+02
2.70268297e+02
2.69674436e+02
2.67756133e+02
2.65286150e+02
2.62584537e+02
2.59341016e+02
2.56790927e+02
2.54445043e+02
2.52259601e+02
2.49862663e+02
2.48352651e+02
2.45906414e+02
2.43885281e+02
2.42436647e+02
2.41124214e+02
2.39844773e+02
2.38739492e+02
2.37791943e+02
2.36903065e+02
2.35805848e+02
2.34987061e+02
2.34350026e+02
2.33704944e+02
2.32802499e+02
2.32514891e+02
2.31719230e+02
2.31575107e+02
2.30974470e+02
2.30511807e+02
2.29588265e+02
2.29721618e+02
2.29380200e+02
2.28757681e+02
2.28574777e+02
2.28596232e+02
2.28401910e+02
2.28016546e+02
2.70279734e+02
2.70116102e+02
2.69002704e+02
2.66824006e+02
2.64139129e+02
2.61485033e+02
2.59452066e+02
2.57096593e+02
2.55226720e+02
2.53269444e+02
2.51235097e+02
2.49324435e+02
2.47973196e+02
2.46420016e+02
2.45294437e+02
2.43835968e+02
2.43230210e+02
2.42281142e+02
2.41137242e+02
2.40377118e+02
2.39573330e+02
2.39055723e+02
2.38345419e+02
2.37846650e+02
2.37091767e+02
2.36343112e+02
2.35829034e+02
2.35517066e+02
2.35518296e+02
2.34853393e+02
2.34712755e+02
2.34632189e+02
2.34190238e+02
2.34145214e+02
2.33616697e+02
2.33236218e+02
2.33231213e+02
2.71090311e+02
2.71236048e+02
2.69809449e+02
2.68638696e+02
2.67528787e+02
2.65977943e+02
2.64724980e+02
2.63499942e+02
2.62276189e+02
2.61190574e+02
2.60256234e+02
2.59166196e+02
2.58820242e+02
2.57607445e+02
2.57275600e+02
2.55995773e+02
2.56104188e+02
2.55391231e+02
2.54986901e+02
2.54870702e+02
2.54355041e+02
2.53859293e+02
2.53286643e+02
2.53092905e+02
2.52952986e+02
2.52905809e+02
2.52349359e+02
2.52250403e+02
2.51957454e+02
2.51563663e+02
2.51559277e+02
2.51694723e+02
2.51233346e+02
2.51077297e+02
2.51301851e+02
2.51042692e+02
2.50909913e+02
2.71329947e+02
2.70802479e+02
2.69847824e+02
2.69196214e+02
2.68667477e+02
2.67437582e+02
2.66596416e+02
2.65745305e+02
2.64834528e+02
2.64503229e+02
2.63882289e+02
2.63524576e+02
2.62646442e+02
2.62555967e+02
2.62504031e+02
2.61903580e+02
2.61445945e+02
2.61048209e+02
2.61446370e+02
2.60843698e+02
2.60796017e+02
2.60775627e+02
2.60257777e+02
2.60025168e+02
2.60249788e+02
2.59901217e+02
2.60204445e+02
2.60067520e+02
2.59847368e+02
2.59625162e+02
2.59687402e+02
2.59469711e+02
2.59539830e+02
2.58956287e+02
2.59324653e+02
2.59180116e+02
2.59134153e+02
2.71097737e+02
2.70425972e+02
2.70527425e+02
2.70253701e+02
2.70014197e+02
2.70142655e+02
2.70269304e+02
2.69961216e+02
2.69696669e+02
2.69744788e+02
2.69603225e+02
2.69880839e+02
2.69700962e+02
2.69642211e+02
2.69707964e+02
2.69635705e+02
2.69870907e+02
2.69435555e+02
2.69753265e+02
2.69818064e+02
2.69680037e+02
2.69590930e+02
2.69458169e+02
2.69030930e+02
2.69441889e+02
2.69597517e+02
2.69295544e+02
2.69189775e+02
2.69841281e+02
2.69226340e+02
2.69438654e+02
2.69246962e+02
2.69583216e+02
2.69523500e+02
2.69480474e+02
2.69115824e+02
2.69344485e+02
