-2.2000e+02
0.0000e+00
0.0000e+00
0.0000e+00
0.0000e+00
0.0000e+00
0.0000e+00
0.0000e+00
0.0000e+00
0.0000e+00
0.0000e+00
0.0000e+00
0.0000e+00
0.0000e+00
0.0000e+00
0.0000e+00
0.0000e+00
0.0000e+00
0.0000e+00
0.0000e+00
0.0000e+00
0.0000e+00
0.0000e+00
0.0000e+00
0.0000e+00
0.0000e+00
0.0000e+00
0.0000e+00
0.0000e+00
0.0000e+00
0.0000e+00
0.0000e+00
0.0000e+00
0.0000e+00
0.0000e+00
0.0000e+00
-1.2000e+02
-6.4074e+00
-3.8482e+00
-2.9406e+00
-2.5141e+00
-2.1772e+00
-1.7998e+00
-1.4791e+00
-1.2225e+00
-1.0176e+00
-8.5261e-01
-7.1868e-01
-6.0900e-01
-5.1850e-01
-4.4332e-01
-3.8050e-01
-3.2775e-01
-2.8326e-01
-2.4557e-01
-2.1353e-01
-1.8621e-01
-1.6285e-01
-1.4281e-01
-1.2557e-01
-1.1071e-01
-9.7876e-02
-8.6759e-02
-7.7110e-02
-6.8717e-02
-6.1400e-02
-5.5010e-02
-4.9417e-02
-4.4508e-02
-4.0195e-02
-3.6394e-02
-3.2115e-02
-2.0000e+01
-5.5035e+00
-5.4559e+00
-5.4662e+00
-5.1468e+00
-4.5294e+00
-3.8850e+00
-3.2997e+00
-2.7922e+00
-2.3609e+00
-1.9978e+00
-1.6932e+00
-1.4379e+00
-1.2236e+00
-1.0436e+00
-8.9203e-01
-7.6410e-01
-6.5590e-01
-5.6419e-01
-4.8628e-01
-4.1996e-01
-3.6341e-01
-3.1508e-01
-2.7373e-01
-2.3827e-01
-2.0782e-01
-1.8163e-01
-1.5908e-01
-1.3962e-01
-1.2280e-01
-1.0825e-01
-9.5647e-02
-8.4705e-02
-7.5192e-02
-6.6911e-02
-5.8195e-02
-1.0623e-01
-2.6450e-01
-3.8427e-01
-4.7310e-01
-5.2134e-01
-5.3024e-01
-5.0935e-01
-4.7087e-01
-4.2459e-01
-3.7678e-01
-3.3096e-01
-2.8885e-01
-2.5109e-01
-2.1774e-01
-1.8857e-01
-1.6322e-01
-1.4127e-01
-1.2230e-01
-1.0594e-01
-9.1831e-02
-7.9675e-02
-6.9202e-02
-6.0175e-02
-5.2392e-02
-4.5679e-02
-3.9884e-02
-3.4879e-02
-3.0554e-02
-2.6810e-02
-2.3570e-02
-2.0761e-02
-1.8324e-02
-1.6206e-02
-1.4365e-02
-1.2761e-02
-1.1228e-02
-2.6416e-02
-1.0688e-01
-1.8854e-01
-2.5634e-01
-3.0182e-01
-3.2186e-01
-3.1991e-01
-3.0287e-01
-2.7756e-01
-2.4901e-01
-2.2035e-01
-1.9328e-01
-1.6858e-01
-1.4653e-01
-1.2711e-01
-1.1013e-01
-9.5384e-02
-8.2610e-02
-7.1571e-02
-6.2041e-02
-5.3824e-02
-4.6738e-02
-4.0628e-02
-3.5359e-02
-3.0814e-02
-2.6890e-02
-2.3501e-02
-2.0572e-02
-1.8040e-02
-1.5846e-02
-1.3946e-02
-1.2298e-02
-1.0867e-02
-9.6230e-03
-8.5400e-03
-7.4640e-03
-4.7742e-01
-1.8029e+00
-2.4592e+00
-2.6334e+00
-2.6074e+00
-2.4951e+00
-2.3469e+00
-2.1862e+00
-2.0246e+00
-1.8683e+00
-1.7206e+00
-1.5830e+00
-1.4560e+00
-1.3393e+00
-1.2326e+00
-1.1353e+00
-1.0466e+00
-9.6596e-01
-8.9253e-01
-8.2571e-01
-7.6485e-01
-7.0939e-01
-6.5879e-01
-6.1259e-01
-5.7034e-01
-5.3168e-01
-4.9624e-01
-4.6371e-01
-4.3381e-01
-4.0630e-01
-3.8095e-01
-3.5755e-01
-3.3594e-01
-3.1594e-01
-2.9742e-01
-2.7235e-01
-2.7617e-01
-1.2637e+00
-1.9334e+00
-2.2004e+00
-2.2575e+00
-2.2084e+00
-2.1060e+00
-1.9784e+00
-1.8412e+00
-1.7035e+00
-1.5704e+00
-1.4448e+00
-1.3279e+00
-1.2202e+00
-1.1215e+00
-1.0314e+00
-9.4942e-01
-8.7486e-01
-8.0709e-01
-7.4551e-01
-6.8952e-01
-6.3858e-01
-5.9219e-01
-5.4991e-01
-5.1131e-01
-4.7605e-01
-4.4377e-01
-4.1420e-01
-3.8707e-01
-3.6214e-01
-3.3920e-01
-3.1807e-01
-2.9857e-01
-2.8055e-01
-2.6388e-01
-2.4143e-01
-2.7292e-01
-9.7123e-01
-1.2939e+00
-1.3575e+00
-1.3292e+00
-1.2635e+00
-1.1811e+00
-1.0921e+00
-1.0025e+00
-9.1588e-01
-8.3443e-01
-7.5911e-01
-6.9025e-01
-6.2774e-01
-5.7126e-01
-5.2036e-01
-4.7457e-01
-4.3339e-01
-3.9637e-01
-3.6306e-01
-3.3308e-01
-3.0606e-01
-2.8168e-01
-2.5965e-01
-2.3973e-01
-2.2168e-01
-2.0530e-01
-1.9042e-01
-1.7687e-01
-1.6452e-01
-1.5324e-01
-1.4292e-01
-1.3348e-01
-1.2481e-01
-1.1685e-01
-1.0709e-01
-2.0013e-01
-7.9877e-01
-1.0524e+00
-1.0119e+00
-8.9976e-01
-7.9088e-01
-6.9825e-01
-6.1996e-01
-5.5267e-01
-4.9408e-01
-4.4272e-01
-3.9751e-01
-3.5762e-01
-3.2236e-01
-2.9113e-01
-2.6344e-01
-2.3884e-01
-2.1695e-01
-1.9744e-01
-1.8003e-01
-1.6446e-01
-1.5051e-01
-1.3799e-01
-1.2674e-01
-1.1662e-01
-1.0748e-01
-9.9225e-02
-9.1756e-02
-8.4983e-02
-7.8832e-02
-7.3236e-02
-6.8137e-02
-6.3482e-02
-5.9225e-02
-5.5328e-02
-5.0650e-02
-8.6048e-02
-1.6976e-01
-1.4803e-01
-1.1796e-01
-9.6026e-02
-8.0339e-02
-6.8588e-02
-5.9255e-02
-5.1582e-02
-4.5154e-02
-3.9708e-02
-3.5057e-02
-3.1061e-02
-2.7611e-02
-2.4620e-02
-2.2018e-02
-1.9746e-02
-1.7757e-02
-1.6011e-02
-1.4472e-02
-1.3115e-02
-1.1912e-02
-1.0845e-02
-9.8960e-03
-9.0510e-03
-8.2940e-03
-7.6160e-03
-7.0090e-03
-6.4610e-03
-5.9690e-03
-5.5230e-03
-5.1190e-03
-4.7530e-03
-4.4210e-03
-4.1170e-03
-3.7630e-03
