2.70000000e+02
5.00000000e+01
5.00000000e+01
5.00000000e+01
5.00000000e+01
5.00000000e+01
5.00000000e+01
5.00000000e+01
5.00000000e+01
5.00000000e+01
5.00000000e+01
5.00000000e+01
5.00000000e+01
5.00000000e+01
5.00000000e+01
5.00000000e+01
5.00000000e+01
5.00000000e+01
5.00000000e+01
5.00000000e+01
5.00000000e+01
5.00000000e+01
5.00000000e+01
5.00000000e+01
5.00000000e+01
5.00000000e+01
5.00000000e+01
5.00000000e+01
5.00000000e+01
5.00000000e+01
5.00000000e+01
5.00000000e+01
5.00000000e+01
5.00000000e+01
5.00000000e+01
5.00000000e+01
5.00000000e+01
2.70000000e+02
1.50000000e+02
1.43953420e+02
1.40156301e+02
1.37208351e+02
1.34682777e+02
1.32572744e+02
1.30752717e+02
1.29236473e+02
1.27973404e+02
1.26915692e+02
1.26024970e+02
1.25270993e+02
1.24629814e+02
1.24082296e+02
1.23612999e+02
1.23209358e+02
1.22861071e+02
1.22559633e+02
1.22297985e+02
1.22070240e+02
1.21871465e+02
1.21697511e+02
1.21544878e+02
1.21410604e+02
1.21292175e+02
1.21187453e+02
1.21094614e+02
1.21012099e+02
1.20940262e+02
1.20876316e+02
1.20818793e+02
1.20766973e+02
1.20720194e+02
1.20677873e+02
1.20639500e+02
1.20604627e+02
2.70000000e+02
2.50000000e+02
2.44371570e+02
2.38783291e+02
2.33167567e+02
2.27863758e+02
2.23179243e+02
2.19151665e+02
2.15721169e+02
2.12809463e+02
2.10340661e+02
2.08246679e+02
2.06468613e+02
2.04956461e+02
2.03668171e+02
2.02568534e+02
2.01628111e+02
2.00822283e+02
2.00130444e+02
1.99535313e+02
1.99022381e+02
1.98579433e+02
1.98196175e+02
1.97863910e+02
1.97575279e+02
1.97324045e+02
1.97104914e+02
1.96913382e+02
1.96745617e+02
1.96601225e+02
1.96474718e+02
1.96362811e+02
1.96263596e+02
1.96175434e+02
1.96096913e+02
1.96026821e+02
1.95964108e+02
2.68595460e+02
2.68516171e+02
2.68290637e+02
2.67946363e+02
2.67515176e+02
2.67039756e+02
2.66559241e+02
2.66101441e+02
2.65681770e+02
2.65306242e+02
2.64975184e+02
2.64685980e+02
2.64434731e+02
2.64217171e+02
2.64029126e+02
2.63866733e+02
2.63726526e+02
2.63605447e+02
2.63500833e+02
2.63410374e+02
2.63332080e+02
2.63264240e+02
2.63205385e+02
2.63154256e+02
2.63109774e+02
2.63071014e+02
2.63037185e+02
2.63007607e+02
2.62981699e+02
2.62959197e+02
2.62939602e+02
2.62922341e+02
2.62907068e+02
2.62893517e+02
2.62881464e+02
2.62870721e+02
2.62861122e+02
2.68249082e+02
2.68230735e+02
2.68144811e+02
2.67982218e+02
2.67754408e+02
2.67483911e+02
2.67196109e+02
2.66911918e+02
2.66644972e+02
2.66402230e+02
2.66185980e+02
2.65995775e+02
2.65829795e+02
2.65685646e+02
2.65560812e+02
2.65452872e+02
2.65359606e+02
2.65279029e+02
2.65209396e+02
2.65149184e+02
2.65097077e+02
2.65051940e+02
2.65012796e+02
2.64978807e+02
2.64949251e+02
2.64923514e+02
2.64901066e+02
2.64881453e+02
2.64864288e+02
2.64849452e+02
2.64836455e+02
2.64825026e+02
2.64814935e+02
2.64805995e+02
2.64798053e+02
2.64790981e+02
2.64784670e+02
2.68954359e+02
2.68748868e+02
2.67327148e+02
2.65070107e+02
2.62445340e+02
2.59704711e+02
2.56986095e+02
2.54365893e+02
2.51884060e+02
2.49559520e+02
2.47398568e+02
2.45399777e+02
2.43557143e+02
2.41862102e+02
2.40304819e+02
2.38875007e+02
2.37562441e+02
2.36357269e+02
2.35250185e+02
2.34232526e+02
2.33296301e+02
2.32434192e+02
2.31639529e+02
2.30906257e+02
2.30228888e+02
2.29602459e+02
2.29022487e+02
2.28484921e+02
2.27986102e+02
2.27531859e+02
2.27112101e+02
2.26720790e+02
2.26355559e+02
2.26014288e+02
2.25695072e+02
2.25396191e+02
2.25116087e+02
2.69259055e+02
2.68975261e+02
2.67410458e+02
2.65115204e+02
2.62571108e+02
2.59996180e+02
2.57495134e+02
2.55119715e+02
2.52893187e+02
2.50823772e+02
2.48911050e+02
2.47149538e+02
2.45530949e+02
2.44045631e+02
2.42683452e+02
2.41434348e+02
2.40288643e+02
2.39237224e+02
2.38271630e+02
2.37384079e+02
2.36567464e+02
2.35815323e+02
2.35121800e+02
2.34481600e+02
2.33889941e+02
2.33342512e+02
2.32835420e+02
2.32365156e+02
2.31928555e+02
2.31531189e+02
2.31163569e+02
2.30820580e+02
2.30500225e+02
2.30200701e+02
2.29920378e+02
2.29657779e+02
2.29411562e+02
2.70508786e+02
2.70272666e+02
2.69276426e+02
2.67902411e+02
2.66441695e+02
2.65005957e+02
2.63640580e+02
2.62364486e+02
2.61183684e+02
2.60097957e+02
2.59103678e+02
2.58195345e+02
2.57366571e+02
2.56610724e+02
2.55921295e+02
2.55292109e+02
2.54717434e+02
2.54192014e+02
2.53711079e+02
2.53270319e+02
2.52865861e+02
2.52494226e+02
2.52152298e+02
2.51837286e+02
2.51546691e+02
2.51278272e+02
2.51030021e+02
2.50800137e+02
2.50587002e+02
2.50392680e+02
2.50213022e+02
2.50045723e+02
2.49889733e+02
2.49744117e+02
2.49608035e+02
2.49480730e+02
2.49361517e+02
2.70791027e+02
2.70613045e+02
2.69783352e+02
2.68658761e+02
2.67568284e+02
2.66597507e+02
2.65745760e+02
2.64995782e+02
2.64330786e+02
2.63737730e+02
2.63206612e+02
2.62729403e+02
2.62299429e+02
2.61911033e+02
2.61559365e+02
2.61240239e+02
2.60950025e+02
2.60685565e+02
2.60444104e+02
2.60223227e+02
2.60020817e+02
2.59835013e+02
2.59664169e+02
2.59506833e+02
2.59361718e+02
2.59227679e+02
2.59103697e+02
2.58988863e+02
2.58882366e+02
2.58785187e+02
2.58695183e+02
2.58611357e+02
2.58533196e+02
2.58460222e+02
2.58392013e+02
2.58328185e+02
2.58268398e+02
2.70868897e+02
2.70770835e+02
2.70566757e+02
2.70385971e+02
2.70241030e+02
2.70122779e+02
2.70023859e+02
2.69939450e+02
2.69866422e+02
2.69802714e+02
2.69746814e+02
2.69697535e+02
2.69653919e+02
2.69615178e+02
2.69580656e+02
2.69549798e+02
2.69522139e+02
2.69497278e+02
2.69474874e+02
2.69454636e+02
2.69436310e+02
2.69419678e+02
2.69404550e+02
2.69390761e+02
2.69378167e+02
2.69366643e+02
2.69356076e+02
2.69346371e+02
2.69337442e+02
2.69329364e+02
2.69321941e+02
2.69315069e+02
2.69308697e+02
2.69302780e+02
2.69297278e+02
2.69292155e+02
2.69287378e+02
