-2.2000e+02
0.0000e+00
0.0000e+00
0.0000e+00
0.0000e+00
0.0000e+00
0.0000e+00
0.0000e+00
0.0000e+00
0.0000e+00
0.0000e+00
0.0000e+00
0.0000e+00
0.0000e+00
0.0000e+00
0.0000e+00
0.0000e+00
0.0000e+00
0.0000e+00
0.0000e+00
0.0000e+00
0.0000e+00
0.0000e+00
0.0000e+00
0.0000e+00
0.0000e+00
0.0000e+00
0.0000e+00
0.0000e+00
0.0000e+00
0.0000e+00
0.0000e+00
0.0000e+00
0.0000e+00
0.0000e+00
0.0000e+00
-1.2000e+02
-6.4499e+00
-3.8719e+00
-2.9632e+00
-2.5546e+00
-2.2097e+00
-1.8234e+00
-1.5001e+00
-1.2418e+00
-1.0354e+00
-8.6905e-01
-7.3375e-01
-6.2275e-01
-5.3096e-01
-4.5455e-01
-3.9058e-01
-3.3674e-01
-2.9123e-01
-2.5261e-01
-2.1972e-01
-1.9163e-01
-1.6756e-01
-1.4688e-01
-1.2907e-01
-1.1370e-01
-1.0041e-01
-8.8885e-02
-7.8874e-02
-7.0162e-02
-6.1547e-02
-5.4239e-02
-4.8824e-02
-4.4014e-02
-3.9761e-02
-3.5998e-02
-3.2664e-02
-2.0000e+01
-5.5306e+00
-5.4858e+00
-5.5081e+00
-5.1957e+00
-4.5849e+00
-3.9454e+00
-3.3619e+00
-2.8540e+00
-2.4207e+00
-2.0546e+00
-1.7463e+00
-1.4869e+00
-1.2686e+00
-1.0845e+00
-9.2897e-01
-7.9732e-01
-6.8565e-01
-5.9072e-01
-5.0987e-01
-4.4088e-01
-3.8191e-01
-3.3141e-01
-2.8810e-01
-2.5089e-01
-2.1888e-01
-1.9130e-01
-1.6751e-01
-1.4696e-01
-1.2731e-01
-1.1071e-01
-9.8071e-02
-8.7034e-02
-7.7395e-02
-6.8964e-02
-6.1582e-02
-1.0305e-01
-2.6594e-01
-3.9350e-01
-4.8971e-01
-5.4415e-01
-5.5750e-01
-5.3912e-01
-5.0137e-01
-4.5447e-01
-4.0515e-01
-3.5732e-01
-3.1295e-01
-2.7289e-01
-2.3731e-01
-2.0605e-01
-1.7875e-01
-1.5502e-01
-1.3445e-01
-1.1665e-01
-1.0127e-01
-8.7979e-02
-7.6499e-02
-6.6583e-02
-5.8015e-02
-5.0610e-02
-4.4208e-02
-3.8667e-02
-3.3871e-02
-2.9715e-02
-2.5941e-02
-2.2539e-02
-1.9827e-02
-1.7541e-02
-1.5566e-02
-1.3846e-02
-1.2343e-02
-2.4158e-02
-1.0242e-01
-1.8605e-01
-2.5723e-01
-3.0651e-01
-3.3013e-01
-3.3102e-01
-3.1580e-01
-2.9131e-01
-2.6281e-01
-2.3367e-01
-2.0578e-01
-1.8012e-01
-1.5704e-01
-1.3659e-01
-1.1863e-01
-1.0296e-01
-8.9339e-02
-7.7532e-02
-6.7311e-02
-5.8472e-02
-5.0833e-02
-4.4230e-02
-3.8524e-02
-3.3591e-02
-2.9327e-02
-2.5636e-02
-2.2441e-02
-1.9675e-02
-1.7085e-02
-1.4925e-02
-1.3132e-02
-1.1593e-02
-1.0270e-02
-9.1230e-03
-8.1240e-03
-4.7906e-01
-1.7801e+00
-2.4511e+00
-2.6379e+00
-2.6178e+00
-2.5065e+00
-2.3561e+00
-2.1913e+00
-2.0250e+00
-1.8639e+00
-1.7118e+00
-1.5701e+00
-1.4395e+00
-1.3197e+00
-1.2104e+00
-1.1108e+00
-1.0204e+00
-9.3820e-01
-8.6360e-01
-7.9586e-01
-7.3432e-01
-6.7839e-01
-6.2750e-01
-5.8117e-01
-5.3893e-01
-5.0039e-01
-4.6517e-01
-4.3295e-01
-4.0344e-01
-3.6988e-01
-3.3986e-01
-3.1899e-01
-2.9942e-01
-2.8124e-01
-2.6438e-01
-2.4873e-01
-3.0358e-01
-1.3173e+00
-1.9859e+00
-2.2369e+00
-2.2785e+00
-2.2182e+00
-2.1080e+00
-1.9747e+00
-1.8332e+00
-1.6920e+00
-1.5561e+00
-1.4282e+00
-1.3093e+00
-1.1998e+00
-1.0997e+00
-1.0085e+00
-9.2549e-01
-8.5016e-01
-7.8181e-01
-7.1979e-01
-6.6352e-01
-6.1242e-01
-5.6598e-01
-5.2375e-01
-4.8529e-01
-4.5023e-01
-4.1824e-01
-3.8899e-01
-3.6224e-01
-3.3204e-01
-3.0475e-01
-2.8578e-01
-2.6812e-01
-2.5172e-01
-2.3652e-01
-2.2243e-01
-3.0703e-01
-9.5407e-01
-1.2625e+00
-1.3308e+00
-1.3098e+00
-1.2512e+00
-1.1754e+00
-1.0920e+00
-1.0069e+00
-9.2396e-01
-8.4519e-01
-7.7177e-01
-7.0417e-01
-6.4240e-01
-5.8627e-01
-5.3544e-01
-4.8949e-01
-4.4799e-01
-4.1054e-01
-3.7673e-01
-3.4619e-01
-3.1858e-01
-2.9360e-01
-2.7097e-01
-2.5044e-01
-2.3179e-01
-2.1483e-01
-1.9938e-01
-1.8529e-01
-1.6920e-01
-1.5497e-01
-1.4517e-01
-1.3602e-01
-1.2754e-01
-1.1970e-01
-1.1244e-01
-2.2196e-01
-7.8368e-01
-1.0193e+00
-9.8229e-01
-8.7879e-01
-7.7844e-01
-6.9309e-01
-6.2065e-01
-5.5793e-01
-5.0282e-01
-4.5404e-01
-4.1068e-01
-3.7205e-01
-3.3759e-01
-3.0682e-01
-2.7931e-01
-2.5469e-01
-2.3264e-01
-2.1285e-01
-1.9507e-01
-1.7907e-01
-1.6466e-01
-1.5165e-01
-1.3989e-01
-1.2925e-01
-1.1959e-01
-1.1082e-01
-1.0284e-01
-9.5563e-02
-8.7254e-02
-7.9645e-02
-7.4720e-02
-7.0105e-02
-6.5780e-02
-6.1758e-02
-5.8030e-02
-8.6147e-02
-1.6621e-01
-1.4597e-01
-1.1755e-01
-9.6666e-02
-8.1623e-02
-7.0236e-02
-6.1103e-02
-5.3533e-02
-4.7146e-02
-4.1696e-02
-3.7009e-02
-3.2958e-02
-2.9437e-02
-2.6369e-02
-2.3685e-02
-2.1330e-02
-1.9256e-02
-1.7428e-02
-1.5809e-02
-1.4374e-02
-1.3098e-02
-1.1960e-02
-1.0945e-02
-1.0035e-02
-9.2190e-03
-8.4850e-03
-7.8240e-03
-7.2270e-03
-6.5860e-03
-5.9860e-03
-5.5740e-03
-5.1980e-03
-4.8530e-03
-4.5360e-03
-4.2450e-03
