2.69563959e+02
4.97705225e+01
4.99834547e+01
5.03355899e+01
5.00279827e+01
4.99697788e+01
4.98036232e+01
4.99905452e+01
5.00555287e+01
4.99060067e+01
4.99035243e+01
5.02944472e+01
4.98000781e+01
5.02093724e+01
5.01218655e+01
5.00019378e+01
4.99584035e+01
5.00173834e+01
5.00101820e+01
5.05132688e+01
5.04713007e+01
4.98019927e+01
5.02007716e+01
5.01263131e+01
5.02261392e+01
4.98843209e+01
4.99888950e+01
5.00223911e+01
5.00876941e+01
5.00183722e+01
4.97522670e+01
4.94682493e+01
4.96425526e+01
5.01401725e+01
4.99716810e+01
5.00846457e+01
4.96721525e+01
2.69849481e+02
1.50195421e+02
1.43783271e+02
1.39863753e+02
1.36976841e+02
1.34369889e+02
1.32388106e+02
1.30517257e+02
1.28883556e+02
1.27588799e+02
1.26679334e+02
1.26245309e+02
1.25084266e+02
1.24072677e+02
1.23649668e+02
1.23448105e+02
1.23075456e+02
1.22204171e+02
1.22133134e+02
1.22029653e+02
1.21825146e+02
1.21275282e+02
1.21647899e+02
1.21120128e+02
1.21519078e+02
1.20724213e+02
1.20810416e+02
1.20468787e+02
1.20890667e+02
1.21035385e+02
1.20676823e+02
1.20573364e+02
1.20701821e+02
1.20581027e+02
1.20544486e+02
1.20372917e+02
1.20527527e+02
2.69580170e+02
2.50097509e+02
2.44529125e+02
2.39037808e+02
2.33448232e+02
2.28266936e+02
2.24086200e+02
2.19511631e+02
2.15721982e+02
2.13534105e+02
2.11281213e+02
2.08846170e+02
2.07053780e+02
2.05654026e+02
2.04333117e+02
2.03161669e+02
2.02548324e+02
2.01586035e+02
2.00542560e+02
2.00510936e+02
1.99675687e+02
1.99231550e+02
1.98782733e+02
1.98118728e+02
1.98154954e+02
1.98066653e+02
1.97717428e+02
1.97430619e+02
1.97510678e+02
1.97124840e+02
1.97024045e+02
1.96635026e+02
1.96651479e+02
1.97059181e+02
1.96397401e+02
1.96671438e+02
1.96024864e+02
2.69021279e+02
2.68506511e+02
2.68322712e+02
2.67733593e+02
2.67593655e+02
2.66807393e+02
2.66470391e+02
2.66061471e+02
2.65227988e+02
2.64814013e+02
2.64123832e+02
2.63835409e+02
2.63797598e+02
2.63516129e+02
2.63041719e+02
2.63227812e+02
2.63049587e+02
2.62328275e+02
2.62551096e+02
2.62120390e+02
2.62520243e+02
2.62111100e+02
2.61856982e+02
2.61673649e+02
2.61977027e+02
2.62081880e+02
2.62094691e+02
2.61493884e+02
2.61502799e+02
2.61748473e+02
2.61385179e+02
2.61241489e+02
2.61514296e+02
2.61487863e+02
2.61469717e+02
2.61727104e+02
2.61443357e+02
2.68549343e+02
2.68637486e+02
2.68301429e+02
2.68298620e+02
2.67804057e+02
2.67571335e+02
2.67083271e+02
2.67042940e+02
2.66573549e+02
2.66076112e+02
2.66081290e+02
2.65689306e+02
2.65043337e+02
2.65492801e+02
2.65128829e+02
2.65117286e+02
2.64529196e+02
2.64505771e+02
2.64653805e+02
2.64092164e+02
2.64338872e+02
2.64550407e+02
2.64088393e+02
2.64257346e+02
2.64126507e+02
2.64024304e+02
2.64228936e+02
2.64316964e+02
2.63970533e+02
2.64121272e+02
2.64113273e+02
2.64113175e+02
2.63643081e+02
2.63868981e+02
2.63808368e+02
2.64071290e+02
2.64102076e+02
2.74843423e+02
2.73584211e+02
2.71560628e+02
2.68286468e+02
2.65531914e+02
2.62570142e+02
2.59637179e+02
2.57320433e+02
2.54908338e+02
2.52425144e+02
2.50142464e+02
2.48755618e+02
2.46630490e+02
2.45402901e+02
2.44151028e+02
2.42769912e+02
2.41394698e+02
2.40210123e+02
2.38832157e+02
2.38075395e+02
2.37083589e+02
2.36880379e+02
2.35873065e+02
2.35530853e+02
2.35117250e+02
2.34027989e+02
2.33585356e+02
2.33100831e+02
2.32526400e+02
2.32178626e+02
2.32110483e+02
2.31276813e+02
2.31209694e+02
2.30966542e+02
2.30826613e+02
2.30338199e+02
2.29885666e+02
2.74076204e+02
2.73641631e+02
2.72733014e+02
2.70388883e+02
2.68194563e+02
2.65810599e+02
2.63299724e+02
2.60791715e+02
2.58630330e+02
2.56794549e+02
2.54690596e+02
2.53090899e+02
2.51434477e+02
2.49874826e+02
2.48672636e+02
2.47668031e+02
2.45884773e+02
2.44896743e+02
2.44128943e+02
2.43230088e+02
2.42172538e+02
2.41823914e+02
2.40864206e+02
2.40134682e+02
2.39283808e+02
2.39152018e+02
2.38836034e+02
2.38489768e+02
2.37378790e+02
2.37632784e+02
2.37058020e+02
2.36839039e+02
2.36491264e+02
2.36668753e+02
2.36110514e+02
2.35456389e+02
2.35496560e+02
2.72742480e+02
2.72248490e+02
2.71729123e+02
2.69476425e+02
2.68668044e+02
2.67044024e+02
2.65641712e+02
2.64482170e+02
2.63685850e+02
2.62023301e+02
2.61428333e+02
2.60810667e+02
2.59469374e+02
2.59049204e+02
2.57784094e+02
2.57515499e+02
2.57074402e+02
2.56592355e+02
2.55780361e+02
2.55415106e+02
2.54488399e+02
2.54400192e+02
2.54230443e+02
2.53806783e+02
2.53521501e+02
2.53564354e+02
2.53092431e+02
2.52401320e+02
2.52794037e+02
2.52266332e+02
2.52391804e+02
2.51895138e+02
2.51983132e+02
2.51634235e+02
2.51600963e+02
2.51837333e+02
2.51226459e+02
2.71688391e+02
2.71955825e+02
2.70943688e+02
2.69794642e+02
2.68231748e+02
2.67572025e+02
2.66906562e+02
2.66117748e+02
2.65526007e+02
2.64934158e+02
2.64317328e+02
2.63673013e+02
2.62993839e+02
2.62846466e+02
2.62809053e+02
2.62410744e+02
2.62353550e+02
2.61615097e+02
2.61383295e+02
2.61123071e+02
2.60949966e+02
2.61005890e+02
2.60659494e+02
2.60435978e+02
2.60165362e+02
2.60002754e+02
2.59781864e+02
2.60038575e+02
2.59770263e+02
2.59530767e+02
2.59541989e+02
2.59771524e+02
2.59613772e+02
2.59483886e+02
2.59361028e+02
2.59252123e+02
2.59628606e+02
2.70953586e+02
2.70665739e+02
2.70544555e+02
2.70912905e+02
2.70147623e+02
2.70287995e+02
2.70276376e+02
2.69972616e+02
2.69674422e+02
2.70527749e+02
2.69968349e+02
2.69720778e+02
2.69884402e+02
2.70124087e+02
2.69751145e+02
2.69790549e+02
2.69783454e+02
2.70004098e+02
2.69561553e+02
2.69616779e+02
2.69939924e+02
2.69490657e+02
2.69794827e+02
2.69378286e+02
2.69510137e+02
2.69596544e+02
2.69675252e+02
2.69602969e+02
2.69585806e+02
2.69645991e+02
2.69182086e+02
2.69667738e+02
2.69497597e+02
2.69605575e+02
2.69173954e+02
2.69499667e+02
2.70018290e+02
