-2.2000e+02
0.0000e+00
0.0000e+00
0.0000e+00
0.0000e+00
0.0000e+00
0.0000e+00
0.0000e+00
0.0000e+00
0.0000e+00
0.0000e+00
0.0000e+00
0.0000e+00
0.0000e+00
0.0000e+00
0.0000e+00
0.0000e+00
0.0000e+00
0.0000e+00
0.0000e+00
0.0000e+00
0.0000e+00
0.0000e+00
0.0000e+00
0.0000e+00
0.0000e+00
0.0000e+00
0.0000e+00
0.0000e+00
0.0000e+00
0.0000e+00
0.0000e+00
0.0000e+00
0.0000e+00
0.0000e+00
0.0000e+00
-1.2000e+02
-6.5350e+00
-3.9072e+00
-2.9959e+00
-2.6146e+00
-2.2501e+00
-1.8542e+00
-1.5285e+00
-1.2688e+00
-1.0609e+00
-8.9312e-01
-7.5626e-01
-6.4363e-01
-5.5022e-01
-4.7222e-01
-4.0671e-01
-3.5142e-01
-3.0455e-01
-2.6466e-01
-2.3059e-01
-2.0141e-01
-1.7635e-01
-1.5476e-01
-1.3612e-01
-1.1999e-01
-1.0600e-01
-9.3848e-02
-8.3266e-02
-7.4035e-02
-6.5968e-02
-5.8374e-02
-5.0880e-02
-4.5915e-02
-4.1442e-02
-3.7453e-02
-3.3906e-02
-2.0000e+01
-5.5639e+00
-5.5681e+00
-5.6312e+00
-5.3325e+00
-4.7243e+00
-4.0814e+00
-3.4903e+00
-2.9727e+00
-2.5293e+00
-2.1530e+00
-1.8350e+00
-1.5666e+00
-1.3399e+00
-1.1483e+00
-9.8595e-01
-8.4818e-01
-7.3103e-01
-6.3122e-01
-5.4601e-01
-4.7313e-01
-4.1069e-01
-3.5709e-01
-3.1101e-01
-2.7133e-01
-2.3711e-01
-2.0756e-01
-1.8200e-01
-1.5986e-01
-1.4066e-01
-1.2300e-01
-1.0610e-01
-9.4240e-02
-8.3849e-02
-7.4737e-02
-6.6737e-02
-8.1688e-02
-2.3955e-01
-3.7410e-01
-4.7887e-01
-5.4103e-01
-5.6038e-01
-5.4622e-01
-5.1109e-01
-4.6558e-01
-4.1678e-01
-3.6891e-01
-3.2418e-01
-2.8356e-01
-2.4732e-01
-2.1535e-01
-1.8734e-01
-1.6293e-01
-1.4170e-01
-1.2328e-01
-1.0731e-01
-9.3472e-02
-8.1488e-02
-7.1104e-02
-6.2108e-02
-5.4307e-02
-4.7544e-02
-4.1673e-02
-3.6576e-02
-3.2145e-02
-2.8292e-02
-2.4852e-02
-2.1593e-02
-1.8999e-02
-1.6838e-02
-1.4975e-02
-1.3351e-02
-1.8976e-02
-9.0864e-02
-1.7588e-01
-2.5158e-01
-3.0574e-01
-3.3340e-01
-3.3717e-01
-3.2373e-01
-3.0016e-01
-2.7195e-01
-2.4269e-01
-2.1445e-01
-1.8829e-01
-1.6464e-01
-1.4361e-01
-1.2508e-01
-1.0886e-01
-9.4723e-02
-8.2428e-02
-7.1756e-02
-6.2501e-02
-5.4478e-02
-4.7525e-02
-4.1497e-02
-3.6273e-02
-3.1740e-02
-2.7806e-02
-2.4392e-02
-2.1425e-02
-1.8845e-02
-1.6488e-02
-1.4347e-02
-1.2671e-02
-1.1205e-02
-9.9470e-03
-8.8560e-03
-4.9063e-01
-1.9375e+00
-2.6780e+00
-2.8764e+00
-2.8437e+00
-2.7129e+00
-2.5422e+00
-2.3578e+00
-2.1732e+00
-1.9953e+00
-1.8276e+00
-1.6717e+00
-1.5280e+00
-1.3965e+00
-1.2766e+00
-1.1675e+00
-1.0685e+00
-9.7876e-01
-8.9742e-01
-8.2371e-01
-7.5689e-01
-6.9629e-01
-6.4128e-01
-5.9131e-01
-5.4586e-01
-5.0448e-01
-4.6676e-01
-4.3234e-01
-4.0088e-01
-3.7210e-01
-3.4315e-01
-3.1186e-01
-2.9060e-01
-2.7112e-01
-2.5323e-01
-2.3676e-01
-3.1035e-01
-1.4391e+00
-2.1662e+00
-2.4326e+00
-2.4701e+00
-2.3980e+00
-2.2732e+00
-2.1243e+00
-1.9674e+00
-1.8115e+00
-1.6619e+00
-1.5213e+00
-1.3909e+00
-1.2711e+00
-1.1616e+00
-1.0620e+00
-9.7154e-01
-8.8953e-01
-8.1525e-01
-7.4795e-01
-6.8699e-01
-6.3173e-01
-5.8160e-01
-5.3608e-01
-4.9470e-01
-4.5705e-01
-4.2275e-01
-3.9146e-01
-3.6287e-01
-3.3673e-01
-3.1026e-01
-2.8181e-01
-2.6279e-01
-2.4518e-01
-2.2899e-01
-2.1407e-01
-2.3214e-01
-8.9893e-01
-1.2506e+00
-1.3526e+00
-1.3518e+00
-1.3030e+00
-1.2299e+00
-1.1450e+00
-1.0563e+00
-9.6868e-01
-8.8495e-01
-8.0665e-01
-7.3442e-01
-6.6840e-01
-6.0840e-01
-5.5408e-01
-5.0500e-01
-4.6073e-01
-4.2081e-01
-3.8480e-01
-3.5232e-01
-3.2299e-01
-2.9649e-01
-2.7251e-01
-2.5080e-01
-2.3110e-01
-2.1322e-01
-1.9696e-01
-1.8215e-01
-1.6865e-01
-1.5527e-01
-1.4121e-01
-1.3123e-01
-1.2216e-01
-1.1384e-01
-1.0620e-01
-1.7328e-01
-7.4517e-01
-1.0150e+00
-9.9865e-01
-9.0381e-01
-8.0606e-01
-7.2029e-01
-6.4589e-01
-5.8057e-01
-5.2270e-01
-4.7123e-01
-4.2535e-01
-3.8444e-01
-3.4793e-01
-3.1534e-01
-2.8622e-01
-2.6019e-01
-2.3688e-01
-2.1598e-01
-1.9723e-01
-1.8038e-01
-1.6521e-01
-1.5154e-01
-1.3919e-01
-1.2802e-01
-1.1792e-01
-1.0874e-01
-1.0041e-01
-9.2837e-02
-8.5932e-02
-7.9080e-02
-7.2108e-02
-6.6995e-02
-6.2290e-02
-5.8004e-02
-5.4081e-02
-8.8508e-02
-1.8350e-01
-1.6548e-01
-1.3476e-01
-1.1146e-01
-9.4497e-02
-8.1526e-02
-7.1041e-02
-6.2299e-02
-5.4883e-02
-4.8528e-02
-4.3043e-02
-3.8286e-02
-3.4145e-02
-3.0527e-02
-2.7357e-02
-2.4573e-02
-2.2120e-02
-1.9956e-02
-1.8039e-02
-1.6340e-02
-1.4830e-02
-1.3485e-02
-1.2284e-02
-1.1211e-02
-1.0248e-02
-9.3840e-03
-8.6080e-03
-7.9070e-03
-7.2740e-03
-6.6620e-03
-6.0280e-03
-5.5700e-03
-5.1570e-03
-4.7840e-03
-4.4420e-03
