-2.2000e+02
0.0000e+00
0.0000e+00
0.0000e+00
0.0000e+00
0.0000e+00
0.0000e+00
0.0000e+00
0.0000e+00
0.0000e+00
0.0000e+00
0.0000e+00
0.0000e+00
0.0000e+00
0.0000e+00
0.0000e+00
0.0000e+00
0.0000e+00
0.0000e+00
0.0000e+00
0.0000e+00
0.0000e+00
0.0000e+00
0.0000e+00
0.0000e+00
0.0000e+00
0.0000e+00
0.0000e+00
0.0000e+00
0.0000e+00
0.0000e+00
0.0000e+00
0.0000e+00
0.0000e+00
0.0000e+00
0.0000e+00
-1.2000e+02
-6.4044e+00
-3.8463e+00
-2.9369e+00
-2.5148e+00
-2.1801e+00
-1.8036e+00
-1.4841e+00
-1.2286e+00
-1.0246e+00
-8.6043e-01
-7.2704e-01
-6.1771e-01
-5.2738e-01
-4.5222e-01
-3.8931e-01
-3.3635e-01
-2.9158e-01
-2.5356e-01
-2.2115e-01
-1.9343e-01
-1.6966e-01
-1.4920e-01
-1.3156e-01
-1.1630e-01
-1.0308e-01
-9.1590e-02
-8.1587e-02
-7.2858e-02
-6.5226e-02
-5.8538e-02
-5.2666e-02
-4.7498e-02
-4.1450e-02
-3.7757e-02
-3.4427e-02
-2.0000e+01
-5.4860e+00
-5.4377e+00
-5.4398e+00
-5.1206e+00
-4.5083e+00
-3.8705e+00
-3.2919e+00
-2.7902e+00
-2.3639e+00
-2.0046e+00
-1.7029e+00
-1.4496e+00
-1.2367e+00
-1.0575e+00
-9.0634e-01
-7.7848e-01
-6.7010e-01
-5.7801e-01
-4.9960e-01
-4.3269e-01
-3.7549e-01
-3.2649e-01
-2.8444e-01
-2.4829e-01
-2.1717e-01
-1.9032e-01
-1.6714e-01
-1.4708e-01
-1.2969e-01
-1.1461e-01
-1.0150e-01
-9.0091e-02
-7.7599e-02
-6.9464e-02
-6.2302e-02
-1.0913e-01
-2.7691e-01
-4.0549e-01
-5.0169e-01
-5.5599e-01
-5.6914e-01
-5.5033e-01
-5.1189e-01
-4.6412e-01
-4.1387e-01
-3.6511e-01
-3.1989e-01
-2.7906e-01
-2.4279e-01
-2.1093e-01
-1.8312e-01
-1.5895e-01
-1.3800e-01
-1.1987e-01
-1.0420e-01
-9.0664e-02
-7.8965e-02
-6.8856e-02
-6.0116e-02
-5.2558e-02
-4.6016e-02
-4.0351e-02
-3.5441e-02
-3.1182e-02
-2.7483e-02
-2.4269e-02
-2.1472e-02
-1.9035e-02
-1.6623e-02
-1.4701e-02
-1.3109e-02
-3.4433e-02
-1.2977e-01
-2.2235e-01
-2.9814e-01
-3.4839e-01
-3.7034e-01
-3.6797e-01
-3.4886e-01
-3.2048e-01
-2.8834e-01
-2.5593e-01
-2.2517e-01
-1.9699e-01
-1.7173e-01
-1.4939e-01
-1.2981e-01
-1.1274e-01
-9.7921e-02
-8.5073e-02
-7.3956e-02
-6.4342e-02
-5.6030e-02
-4.8845e-02
-4.2633e-02
-3.7258e-02
-3.2608e-02
-2.8580e-02
-2.5089e-02
-2.2062e-02
-1.9434e-02
-1.7150e-02
-1.5163e-02
-1.3433e-02
-1.1679e-02
-1.0389e-02
-9.2460e-03
-8.1618e-01
-2.3146e+00
-2.9090e+00
-2.9978e+00
-2.9060e+00
-2.7463e+00
-2.5632e+00
-2.3755e+00
-2.1921e+00
-2.0176e+00
-1.8542e+00
-1.7029e+00
-1.5636e+00
-1.4361e+00
-1.3196e+00
-1.2135e+00
-1.1169e+00
-1.0290e+00
-9.4904e-01
-8.7628e-01
-8.1004e-01
-7.4969e-01
-6.9467e-01
-6.4444e-01
-5.9856e-01
-5.5659e-01
-5.1815e-01
-4.8291e-01
-4.5055e-01
-4.2081e-01
-3.9344e-01
-3.6822e-01
-3.4495e-01
-3.1153e-01
-2.9362e-01
-2.7644e-01
-2.9938e-01
-1.2340e+00
-1.9476e+00
-2.2775e+00
-2.3793e+00
-2.3567e+00
-2.2676e+00
-2.1444e+00
-2.0057e+00
-1.8626e+00
-1.7219e+00
-1.5873e+00
-1.4608e+00
-1.3433e+00
-1.2351e+00
-1.1358e+00
-1.0450e+00
-9.6225e-01
-8.8684e-01
-8.1817e-01
-7.5565e-01
-6.9871e-01
-6.4681e-01
-5.9947e-01
-5.5626e-01
-5.1676e-01
-4.8063e-01
-4.4753e-01
-4.1717e-01
-3.8930e-01
-3.6368e-01
-3.4009e-01
-3.1834e-01
-2.8788e-01
-2.7064e-01
-2.5464e-01
-2.1966e-01
-9.4629e-01
-1.2852e+00
-1.3591e+00
-1.3427e+00
-1.2900e+00
-1.2199e+00
-1.1411e+00
-1.0593e+00
-9.7838e-01
-9.0067e-01
-8.2755e-01
-7.5966e-01
-6.9718e-01
-6.4002e-01
-5.8790e-01
-5.4050e-01
-4.9743e-01
-4.5831e-01
-4.2279e-01
-3.9051e-01
-3.6115e-01
-3.3442e-01
-3.1007e-01
-2.8784e-01
-2.6754e-01
-2.4896e-01
-2.3195e-01
-2.1634e-01
-2.0200e-01
-1.8882e-01
-1.7667e-01
-1.6547e-01
-1.5003e-01
-1.4107e-01
-1.3277e-01
-1.6346e-01
-7.7672e-01
-1.0494e+00
-1.0182e+00
-9.1140e-01
-8.0708e-01
-7.1903e-01
-6.4517e-01
-5.8185e-01
-5.2662e-01
-4.7795e-01
-4.3477e-01
-3.9632e-01
-3.6198e-01
-3.3123e-01
-3.0365e-01
-2.7886e-01
-2.5653e-01
-2.3638e-01
-2.1816e-01
-2.0166e-01
-1.8668e-01
-1.7307e-01
-1.6066e-01
-1.4935e-01
-1.3901e-01
-1.2955e-01
-1.2086e-01
-1.1289e-01
-1.0556e-01
-9.8809e-02
-9.2579e-02
-8.6825e-02
-7.8797e-02
-7.4219e-02
-6.9959e-02
-8.4159e-02
-1.6919e-01
-1.4751e-01
-1.1770e-01
-9.6088e-02
-8.0732e-02
-6.9294e-02
-6.0240e-02
-5.2802e-02
-4.6565e-02
-4.1267e-02
-3.6723e-02
-3.2800e-02
-2.9395e-02
-2.6424e-02
-2.3824e-02
-2.1538e-02
-1.9522e-02
-1.7739e-02
-1.6157e-02
-1.4749e-02
-1.3494e-02
-1.2370e-02
-1.1364e-02
-1.0459e-02
-9.6430e-03
-8.9070e-03
-8.2400e-03
-7.6370e-03
-7.0870e-03
-6.5880e-03
-6.1310e-03
-5.7150e-03
-5.1680e-03
-4.8340e-03
-4.5300e-03
