-2.2000e+02
0.0000e+00
0.0000e+00
0.0000e+00
0.0000e+00
0.0000e+00
0.0000e+00
0.0000e+00
0.0000e+00
0.0000e+00
0.0000e+00
0.0000e+00
0.0000e+00
0.0000e+00
0.0000e+00
0.0000e+00
0.0000e+00
0.0000e+00
0.0000e+00
0.0000e+00
0.0000e+00
0.0000e+00
0.0000e+00
0.0000e+00
0.0000e+00
0.0000e+00
0.0000e+00
0.0000e+00
0.0000e+00
0.0000e+00
0.0000e+00
0.0000e+00
0.0000e+00
0.0000e+00
0.0000e+00
0.0000e+00
-1.2000e+02
-6.4586e+00
-3.8700e+00
-2.9675e+00
-2.5600e+00
-2.2178e+00
-1.8344e+00
-1.5129e+00
-1.2558e+00
-1.0498e+00
-8.8356e-01
-7.4798e-01
-6.3645e-01
-5.4399e-01
-4.6681e-01
-4.0201e-01
-3.4734e-01
-3.0099e-01
-2.6154e-01
-2.2786e-01
-1.9900e-01
-1.7420e-01
-1.5283e-01
-1.3438e-01
-1.1840e-01
-1.0220e-01
-9.0099e-02
-8.0245e-02
-7.1540e-02
-6.3879e-02
-5.7134e-02
-5.1190e-02
-4.5945e-02
-4.1309e-02
-3.7205e-02
-3.3566e-02
-2.0000e+01
-5.5611e+00
-5.5578e+00
-5.6075e+00
-5.3049e+00
-4.6950e+00
-4.0518e+00
-3.4622e+00
-2.9468e+00
-2.5056e+00
-2.1316e+00
-1.8158e+00
-1.5494e+00
-1.3246e+00
-1.1347e+00
-9.7397e-01
-8.3761e-01
-7.2172e-01
-6.2302e-01
-5.3879e-01
-4.6678e-01
-4.0508e-01
-3.5214e-01
-3.0663e-01
-2.6745e-01
-2.2917e-01
-1.9976e-01
-1.7568e-01
-1.5476e-01
-1.3655e-01
-1.2068e-01
-1.0683e-01
-9.4729e-02
-8.4136e-02
-7.4850e-02
-6.6700e-02
-8.1247e-02
-2.3627e-01
-3.6695e-01
-4.6760e-01
-5.2632e-01
-5.4353e-01
-5.2857e-01
-4.9369e-01
-4.4908e-01
-4.0157e-01
-3.5514e-01
-3.1185e-01
-2.7261e-01
-2.3764e-01
-2.0682e-01
-1.7984e-01
-1.5633e-01
-1.3591e-01
-1.1819e-01
-1.0284e-01
-8.9546e-02
-7.8036e-02
-6.8068e-02
-5.9434e-02
-5.1953e-02
-4.5053e-02
-3.9112e-02
-3.4279e-02
-3.0164e-02
-2.6602e-02
-2.3502e-02
-2.0798e-02
-1.8434e-02
-1.6363e-02
-1.4548e-02
-1.2955e-02
-1.8871e-02
-8.9518e-02
-1.7233e-01
-2.4543e-01
-2.9716e-01
-3.2306e-01
-3.2592e-01
-3.1233e-01
-2.8916e-01
-2.6167e-01
-2.3330e-01
-2.0599e-01
-1.8074e-01
-1.5796e-01
-1.3771e-01
-1.1989e-01
-1.0430e-01
-9.0712e-02
-7.8905e-02
-6.8662e-02
-5.9784e-02
-5.2089e-02
-4.5425e-02
-3.9650e-02
-3.4645e-02
-2.9891e-02
-2.6127e-02
-2.2878e-02
-2.0096e-02
-1.7701e-02
-1.5625e-02
-1.3816e-02
-1.2235e-02
-1.0854e-02
-9.6420e-03
-8.5790e-03
-4.3025e-01
-1.7589e+00
-2.4989e+00
-2.7422e+00
-2.7596e+00
-2.6709e+00
-2.5321e+00
-2.3710e+00
-2.2025e+00
-2.0352e+00
-1.8741e+00
-1.7217e+00
-1.5793e+00
-1.4474e+00
-1.3259e+00
-1.2144e+00
-1.1124e+00
-1.0192e+00
-9.3431e-01
-8.5692e-01
-7.8641e-01
-7.2219e-01
-6.6368e-01
-6.1035e-01
-5.6172e-01
-5.0760e-01
-4.6537e-01
-4.2995e-01
-3.9757e-01
-3.6793e-01
-3.4075e-01
-3.1582e-01
-2.9292e-01
-2.7187e-01
-2.5249e-01
-2.3465e-01
-2.7136e-01
-1.2950e+00
-2.0162e+00
-2.3145e+00
-2.3878e+00
-2.3464e+00
-2.2458e+00
-2.1155e+00
-1.9723e+00
-1.8262e+00
-1.6832e+00
-1.5468e+00
-1.4187e+00
-1.2997e+00
-1.1900e+00
-1.0893e+00
-9.9719e-01
-9.1315e-01
-8.3656e-01
-7.6682e-01
-7.0333e-01
-6.4555e-01
-5.9295e-01
-5.4504e-01
-5.0138e-01
-4.5253e-01
-4.1486e-01
-3.8319e-01
-3.5422e-01
-3.2771e-01
-3.0343e-01
-2.8115e-01
-2.6069e-01
-2.4188e-01
-2.2458e-01
-2.0865e-01
-2.4144e-01
-9.1706e-01
-1.2441e+00
-1.3197e+00
-1.3026e+00
-1.2471e+00
-1.1739e+00
-1.0929e+00
-1.0098e+00
-9.2816e-01
-8.5025e-01
-7.7722e-01
-7.0959e-01
-6.4745e-01
-5.9067e-01
-5.3896e-01
-4.9196e-01
-4.4932e-01
-4.1065e-01
-3.7558e-01
-3.4378e-01
-3.1493e-01
-2.8874e-01
-2.6496e-01
-2.4334e-01
-2.1866e-01
-2.0018e-01
-1.8493e-01
-1.7087e-01
-1.5796e-01
-1.4612e-01
-1.3525e-01
-1.2528e-01
-1.1612e-01
-1.0770e-01
-9.9962e-02
-1.9904e-01
-7.9659e-01
-1.0063e+00
-9.3650e-01
-8.1810e-01
-7.1442e-01
-6.3076e-01
-5.6186e-01
-5.0328e-01
-4.5243e-01
-4.0778e-01
-3.6829e-01
-3.3321e-01
-3.0196e-01
-2.7405e-01
-2.4906e-01
-2.2666e-01
-2.0653e-01
-1.8842e-01
-1.7210e-01
-1.5736e-01
-1.4405e-01
-1.3200e-01
-1.2108e-01
-1.1117e-01
-9.9667e-02
-9.1192e-02
-8.4371e-02
-7.8021e-02
-7.2160e-02
-6.6770e-02
-6.1821e-02
-5.7276e-02
-5.3100e-02
-4.9263e-02
-4.5733e-02
-9.5084e-02
-1.9855e-01
-1.7925e-01
-1.4549e-01
-1.1961e-01
-1.0078e-01
-8.6590e-02
-7.5297e-02
-6.5992e-02
-5.8166e-02
-5.1496e-02
-4.5758e-02
-4.0788e-02
-3.6459e-02
-3.2674e-02
-2.9349e-02
-2.6419e-02
-2.3830e-02
-2.1535e-02
-1.9496e-02
-1.7679e-02
-1.6057e-02
-1.4607e-02
-1.3306e-02
-1.2138e-02
-1.0877e-02
-9.8570e-03
-9.0590e-03
-8.3320e-03
-7.6680e-03
-7.0630e-03
-6.5110e-03
-6.0080e-03
-5.5490e-03
-5.1290e-03
-4.7460e-03
