-2.2000e+02
0.0000e+00
0.0000e+00
0.0000e+00
0.0000e+00
0.0000e+00
0.0000e+00
0.0000e+00
0.0000e+00
0.0000e+00
0.0000e+00
0.0000e+00
0.0000e+00
0.0000e+00
0.0000e+00
0.0000e+00
0.0000e+00
0.0000e+00
0.0000e+00
0.0000e+00
0.0000e+00
0.0000e+00
0.0000e+00
0.0000e+00
0.0000e+00
0.0000e+00
0.0000e+00
0.0000e+00
0.0000e+00
0.0000e+00
0.0000e+00
0.0000e+00
0.0000e+00
0.0000e+00
0.0000e+00
0.0000e+00
-1.2000e+02
-6.3311e+00
-3.8373e+00
-2.9445e+00
-2.5200e+00
-2.1871e+00
-1.8250e+00
-1.5087e+00
-1.2540e+00
-1.0496e+00
-8.8430e-01
-7.4944e-01
-6.3842e-01
-5.4630e-01
-4.6937e-01
-4.0474e-01
-3.5017e-01
-3.0389e-01
-2.6450e-01
-2.3085e-01
-2.0202e-01
-1.7724e-01
-1.5589e-01
-1.3746e-01
-1.2149e-01
-1.0765e-01
-9.5606e-02
-8.5115e-02
-7.5956e-02
-6.7943e-02
-6.0918e-02
-5.4749e-02
-4.9319e-02
-4.3834e-02
-3.9144e-02
-3.5623e-02
-2.0000e+01
-5.5344e+00
-5.5373e+00
-5.5771e+00
-5.2799e+00
-4.6763e+00
-4.0376e+00
-3.4527e+00
-2.9413e+00
-2.5032e+00
-2.1314e+00
-1.8171e+00
-1.5517e+00
-1.3275e+00
-1.1379e+00
-9.7724e-01
-8.4088e-01
-7.2492e-01
-6.2610e-01
-5.4175e-01
-4.6962e-01
-4.0782e-01
-3.5479e-01
-3.0922e-01
-2.6999e-01
-2.3617e-01
-2.0698e-01
-1.8174e-01
-1.5989e-01
-1.4095e-01
-1.2450e-01
-1.1020e-01
-9.7747e-02
-8.5669e-02
-7.5364e-02
-6.7503e-02
-8.2055e-02
-2.3998e-01
-3.7363e-01
-4.7686e-01
-5.3733e-01
-5.5540e-01
-5.4048e-01
-5.0502e-01
-4.5949e-01
-4.1090e-01
-3.6335e-01
-3.1900e-01
-2.7877e-01
-2.4293e-01
-2.1133e-01
-1.8369e-01
-1.5961e-01
-1.3870e-01
-1.2058e-01
-1.0489e-01
-9.1311e-02
-7.9566e-02
-6.9407e-02
-6.0617e-02
-5.3009e-02
-4.6420e-02
-4.0709e-02
-3.5758e-02
-3.1460e-02
-2.7726e-02
-2.4480e-02
-2.1654e-02
-1.9191e-02
-1.6932e-02
-1.4875e-02
-1.3232e-02
-1.9090e-02
-9.0892e-02
-1.7527e-01
-2.4994e-01
-3.0292e-01
-3.2960e-01
-3.3276e-01
-3.1905e-01
-2.9545e-01
-2.6739e-01
-2.3838e-01
-2.1043e-01
-1.8459e-01
-1.6126e-01
-1.4052e-01
-1.2228e-01
-1.0633e-01
-9.2433e-02
-8.0369e-02
-6.9910e-02
-6.0851e-02
-5.3012e-02
-4.6226e-02
-4.0354e-02
-3.5270e-02
-3.0868e-02
-2.7054e-02
-2.3746e-02
-2.0877e-02
-1.8384e-02
-1.6217e-02
-1.4333e-02
-1.2692e-02
-1.1138e-02
-9.8330e-03
-8.7470e-03
-4.2436e-01
-1.5999e+00
-2.3249e+00
-2.6086e+00
-2.6695e+00
-2.6156e+00
-2.5024e+00
-2.3601e+00
-2.2058e+00
-2.0495e+00
-1.8970e+00
-1.7516e+00
-1.6150e+00
-1.4879e+00
-1.3704e+00
-1.2622e+00
-1.1631e+00
-1.0722e+00
-9.8920e-01
-9.1332e-01
-8.4400e-01
-7.8066e-01
-7.2278e-01
-6.6985e-01
-6.2142e-01
-5.7706e-01
-5.3640e-01
-4.9910e-01
-4.6483e-01
-4.3333e-01
-4.0434e-01
-3.7762e-01
-3.5298e-01
-3.2344e-01
-2.9708e-01
-2.7998e-01
-4.4059e-01
-1.6021e+00
-2.2527e+00
-2.4632e+00
-2.4754e+00
-2.3961e+00
-2.2742e+00
-2.1333e+00
-1.9863e+00
-1.8404e+00
-1.7000e+00
-1.5673e+00
-1.4434e+00
-1.3288e+00
-1.2232e+00
-1.1264e+00
-1.0377e+00
-9.5671e-01
-8.8273e-01
-8.1519e-01
-7.5353e-01
-6.9722e-01
-6.4576e-01
-5.9871e-01
-5.5565e-01
-5.1621e-01
-4.8005e-01
-4.4686e-01
-4.1636e-01
-3.8831e-01
-3.6248e-01
-3.3867e-01
-3.1670e-01
-2.9018e-01
-2.6652e-01
-2.5160e-01
-2.6831e-01
-9.9854e-01
-1.3429e+00
-1.4193e+00
-1.3968e+00
-1.3340e+00
-1.2538e+00
-1.1670e+00
-1.0794e+00
-9.9448e-01
-9.1409e-01
-8.3918e-01
-7.7007e-01
-7.0673e-01
-6.4889e-01
-5.9622e-01
-5.4830e-01
-5.0474e-01
-4.6514e-01
-4.2911e-01
-3.9633e-01
-3.6646e-01
-3.3923e-01
-3.1437e-01
-2.9166e-01
-2.7088e-01
-2.5185e-01
-2.3439e-01
-2.1836e-01
-2.0363e-01
-1.9006e-01
-1.7756e-01
-1.6603e-01
-1.5283e-01
-1.4097e-01
-1.3241e-01
-1.9832e-01
-8.0751e-01
-1.0522e+00
-1.0070e+00
-8.9800e-01
-7.9545e-01
-7.0961e-01
-6.3761e-01
-5.7570e-01
-5.2155e-01
-4.7370e-01
-4.3119e-01
-3.9327e-01
-3.5935e-01
-3.2893e-01
-3.0159e-01
-2.7698e-01
-2.5477e-01
-2.3469e-01
-2.1650e-01
-2.0000e-01
-1.8501e-01
-1.7136e-01
-1.5891e-01
-1.4754e-01
-1.3714e-01
-1.2761e-01
-1.1887e-01
-1.1084e-01
-1.0345e-01
-9.6643e-02
-9.0366e-02
-8.4569e-02
-7.7916e-02
-7.1896e-02
-6.7717e-02
-8.4679e-02
-1.6766e-01
-1.4614e-01
-1.1691e-01
-9.5735e-02
-8.0648e-02
-6.9390e-02
-6.0460e-02
-5.3098e-02
-4.6906e-02
-4.1631e-02
-3.7098e-02
-3.3175e-02
-2.9764e-02
-2.6783e-02
-2.4168e-02
-2.1866e-02
-1.9832e-02
-1.8029e-02
-1.6426e-02
-1.4999e-02
-1.3722e-02
-1.2578e-02
-1.1552e-02
-1.0627e-02
-9.7930e-03
-9.0390e-03
-8.3550e-03
-7.7360e-03
-7.1710e-03
-6.6570e-03
-6.1870e-03
-5.7590e-03
-5.2820e-03
-4.8530e-03
-4.5440e-03
