-2.2000e+02
0.0000e+00
0.0000e+00
0.0000e+00
0.0000e+00
0.0000e+00
0.0000e+00
0.0000e+00
0.0000e+00
0.0000e+00
0.0000e+00
0.0000e+00
0.0000e+00
0.0000e+00
0.0000e+00
0.0000e+00
0.0000e+00
0.0000e+00
0.0000e+00
0.0000e+00
0.0000e+00
0.0000e+00
0.0000e+00
0.0000e+00
0.0000e+00
0.0000e+00
0.0000e+00
0.0000e+00
0.0000e+00
0.0000e+00
0.0000e+00
0.0000e+00
0.0000e+00
0.0000e+00
0.0000e+00
0.0000e+00
-1.2000e+02
-6.2315e+00
-3.8251e+00
-2.9596e+00
-2.5210e+00
-2.1424e+00
-1.8140e+00
-1.5002e+00
-1.2446e+00
-1.0389e+00
-8.7232e-01
-7.3637e-01
-6.2452e-01
-5.3187e-01
-4.5465e-01
-3.8996e-01
-3.3553e-01
-2.8954e-01
-2.5056e-01
-2.1741e-01
-1.8915e-01
-1.6499e-01
-1.4429e-01
-1.2651e-01
-1.1120e-01
-9.8004e-02
-8.6596e-02
-7.6715e-02
-6.8143e-02
-6.0687e-02
-5.4192e-02
-4.8521e-02
-4.3558e-02
-3.9209e-02
-3.4681e-02
-3.0874e-02
-2.0000e+01
-5.6559e+00
-5.6108e+00
-5.6462e+00
-5.3227e+00
-4.6930e+00
-4.0337e+00
-3.4359e+00
-2.9166e+00
-2.4735e+00
-2.0986e+00
-1.7825e+00
-1.5163e+00
-1.2920e+00
-1.1027e+00
-9.4280e-01
-8.0746e-01
-6.9271e-01
-5.9527e-01
-5.1239e-01
-4.4179e-01
-3.8155e-01
-3.3009e-01
-2.8607e-01
-2.4836e-01
-2.1602e-01
-1.8825e-01
-1.6437e-01
-1.4380e-01
-1.2608e-01
-1.1078e-01
-9.7553e-02
-8.6105e-02
-7.6180e-02
-6.6341e-02
-5.8026e-02
-8.0270e-02
-2.3237e-01
-3.5990e-01
-4.5654e-01
-5.0975e-01
-5.2132e-01
-5.0190e-01
-4.6429e-01
-4.1862e-01
-3.7134e-01
-3.2601e-01
-2.8432e-01
-2.4693e-01
-2.1391e-01
-1.8502e-01
-1.5990e-01
-1.3814e-01
-1.1936e-01
-1.0316e-01
-8.9211e-02
-7.7203e-02
-6.6872e-02
-5.7983e-02
-5.0333e-02
-4.3749e-02
-3.8080e-02
-3.3195e-02
-2.8984e-02
-2.5351e-02
-2.2216e-02
-1.9504e-02
-1.7160e-02
-1.5129e-02
-1.3369e-02
-1.1735e-02
-1.0241e-02
-1.8613e-02
-8.8715e-02
-1.7038e-01
-2.4178e-01
-2.9068e-01
-3.1304e-01
-3.1256e-01
-2.9648e-01
-2.7186e-01
-2.4388e-01
-2.1572e-01
-1.8909e-01
-1.6478e-01
-1.4308e-01
-1.2395e-01
-1.0723e-01
-9.2708e-02
-8.0134e-02
-6.9273e-02
-5.9907e-02
-5.1838e-02
-4.4891e-02
-3.8911e-02
-3.3764e-02
-2.9332e-02
-2.5516e-02
-2.2229e-02
-1.9396e-02
-1.6951e-02
-1.4842e-02
-1.3019e-02
-1.1443e-02
-1.0080e-02
-8.8970e-03
-7.7600e-03
-6.8170e-03
-7.8977e-02
-1.2785e+00
-1.9884e+00
-2.2582e+00
-2.3182e+00
-2.2713e+00
-2.1697e+00
-2.0422e+00
-1.9045e+00
-1.7656e+00
-1.6308e+00
-1.5030e+00
-1.3835e+00
-1.2729e+00
-1.1711e+00
-1.0778e+00
-9.9265e-01
-9.1497e-01
-8.4418e-01
-7.7969e-01
-7.2094e-01
-6.6739e-01
-6.1854e-01
-5.7394e-01
-5.3319e-01
-4.9589e-01
-4.6173e-01
-4.3040e-01
-4.0163e-01
-3.7517e-01
-3.5080e-01
-3.2834e-01
-3.0761e-01
-2.8845e-01
-2.6514e-01
-2.4295e-01
-7.2511e-02
-1.1622e+00
-1.8251e+00
-2.0650e+00
-2.1095e+00
-2.0592e+00
-1.9620e+00
-1.8431e+00
-1.7159e+00
-1.5884e+00
-1.4650e+00
-1.3483e+00
-1.2396e+00
-1.1392e+00
-1.0470e+00
-9.6276e-01
-8.8597e-01
-8.1606e-01
-7.5246e-01
-6.9461e-01
-6.4197e-01
-5.9404e-01
-5.5037e-01
-5.1053e-01
-4.7415e-01
-4.4088e-01
-4.1042e-01
-3.8250e-01
-3.5687e-01
-3.3331e-01
-3.1162e-01
-2.9163e-01
-2.7319e-01
-2.5615e-01
-2.3510e-01
-2.1538e-01
-2.0428e-01
-9.0862e-01
-1.2352e+00
-1.3012e+00
-1.2745e+00
-1.2107e+00
-1.1309e+00
-1.0454e+00
-9.5966e-01
-8.7687e-01
-7.9900e-01
-7.2699e-01
-6.6115e-01
-6.0138e-01
-5.4738e-01
-4.9874e-01
-4.5498e-01
-4.1564e-01
-3.8027e-01
-3.4844e-01
-3.1978e-01
-2.9394e-01
-2.7061e-01
-2.4951e-01
-2.3040e-01
-2.1307e-01
-1.9732e-01
-1.8298e-01
-1.6992e-01
-1.5798e-01
-1.4706e-01
-1.3707e-01
-1.2789e-01
-1.1946e-01
-1.0993e-01
-1.0134e-01
-1.5631e-01
-7.6051e-01
-1.0249e+00
-9.8979e-01
-8.8051e-01
-7.7318e-01
-6.8152e-01
-6.0435e-01
-5.3827e-01
-4.8089e-01
-4.3069e-01
-3.8658e-01
-3.4775e-01
-3.1349e-01
-2.8321e-01
-2.5640e-01
-2.3263e-01
-2.1151e-01
-1.9270e-01
-1.7591e-01
-1.6090e-01
-1.4745e-01
-1.3537e-01
-1.2450e-01
-1.1469e-01
-1.0584e-01
-9.7813e-02
-9.0534e-02
-8.3918e-02
-7.7893e-02
-7.2396e-02
-6.7372e-02
-6.2773e-02
-5.8556e-02
-5.3832e-02
-4.9785e-02
-8.3786e-02
-1.7011e-01
-1.4854e-01
-1.1831e-01
-9.6103e-02
-8.0090e-02
-6.8096e-02
-5.8634e-02
-5.0875e-02
-4.4388e-02
-3.8906e-02
-3.4236e-02
-3.0240e-02
-2.6800e-02
-2.3830e-02
-2.1257e-02
-1.9017e-02
-1.7065e-02
-1.5356e-02
-1.3856e-02
-1.2536e-02
-1.1369e-02
-1.0338e-02
-9.4210e-03
-8.6050e-03
-7.8780e-03
-7.2260e-03
-6.6430e-03
-6.1170e-03
-5.6430e-03
-5.2160e-03
-4.8290e-03
-4.4770e-03
-4.1580e-03
-3.8140e-03
-3.5030e-03
