2.70000000e+02
5.00000000e+01
5.00000000e+01
5.00000000e+01
5.00000000e+01
5.00000000e+01
5.00000000e+01
5.00000000e+01
5.00000000e+01
5.00000000e+01
5.00000000e+01
5.00000000e+01
5.00000000e+01
5.00000000e+01
5.00000000e+01
5.00000000e+01
5.00000000e+01
5.00000000e+01
5.00000000e+01
5.00000000e+01
5.00000000e+01
5.00000000e+01
5.00000000e+01
5.00000000e+01
5.00000000e+01
5.00000000e+01
5.00000000e+01
5.00000000e+01
5.00000000e+01
5.00000000e+01
5.00000000e+01
5.00000000e+01
5.00000000e+01
5.00000000e+01
5.00000000e+01
5.00000000e+01
5.00000000e+01
2.70000000e+02
1.50000000e+02
1.43814735e+02
1.39990799e+02
1.37031668e+02
1.34504238e+02
1.32348595e+02
1.30518019e+02
1.29000147e+02
1.27737438e+02
1.26680522e+02
1.25790504e+02
1.25036956e+02
1.24395893e+02
1.23848206e+02
1.23378507e+02
1.22974289e+02
1.22625300e+02
1.22323081e+02
1.22060608e+02
1.21832018e+02
1.21632396e+02
1.21457607e+02
1.21304158e+02
1.21169090e+02
1.21049892e+02
1.20944422e+02
1.20850857e+02
1.20767635e+02
1.20693418e+02
1.20627058e+02
1.20569069e+02
1.20517139e+02
1.20470145e+02
1.20427552e+02
1.20388862e+02
1.20353637e+02
2.70000000e+02
2.50000000e+02
2.44418253e+02
2.38832943e+02
2.33207119e+02
2.27892321e+02
2.23196574e+02
2.19152625e+02
2.15700960e+02
2.12764630e+02
2.10268707e+02
2.08146027e+02
2.06338579e+02
2.04797147e+02
2.03480319e+02
2.02353363e+02
2.01387173e+02
2.00557337e+02
1.99843353e+02
1.99227969e+02
1.98696639e+02
1.98237079e+02
1.97838891e+02
1.97493260e+02
1.97192701e+02
1.96930847e+02
1.96702277e+02
1.96502366e+02
1.96327164e+02
1.96173297e+02
1.96037874e+02
1.95920986e+02
1.95818104e+02
1.95726611e+02
1.95645067e+02
1.95572224e+02
1.95507005e+02
2.68714745e+02
2.68633034e+02
2.68397554e+02
2.68030571e+02
2.67562054e+02
2.67035697e+02
2.66494279e+02
2.65970237e+02
2.65483120e+02
2.65041999e+02
2.64649142e+02
2.64302983e+02
2.64000043e+02
2.63736069e+02
2.63506666e+02
2.63307620e+02
2.63135060e+02
2.62985506e+02
2.62855881e+02
2.62743488e+02
2.62645977e+02
2.62561312e+02
2.62487729e+02
2.62423708e+02
2.62367938e+02
2.62319288e+02
2.62276787e+02
2.62239599e+02
2.62207003e+02
2.62178382e+02
2.62153202e+02
2.62131226e+02
2.62112016e+02
2.62095032e+02
2.62079937e+02
2.62066478e+02
2.62054448e+02
2.68321342e+02
2.68302245e+02
2.68213064e+02
2.68041137e+02
2.67795588e+02
2.67498391e+02
2.67176268e+02
2.66852701e+02
2.66544105e+02
2.66259748e+02
2.66003542e+02
2.65776027e+02
2.65575872e+02
2.65400843e+02
2.65248369e+02
2.65115858e+02
2.65000855e+02
2.64901117e+02
2.64814634e+02
2.64739636e+02
2.64674569e+02
2.64618081e+02
2.64569001e+02
2.64526314e+02
2.64489146e+02
2.64456741e+02
2.64428449e+02
2.64403711e+02
2.64382045e+02
2.64363036e+02
2.64346328e+02
2.64331835e+02
2.64319074e+02
2.64307808e+02
2.64297819e+02
2.64288929e+02
2.64280993e+02
2.68665372e+02
2.68353308e+02
2.66973783e+02
2.64894096e+02
2.62518974e+02
2.60059601e+02
2.57630702e+02
2.55295108e+02
2.53085094e+02
2.51015209e+02
2.49089299e+02
2.47304843e+02
2.45655712e+02
2.44133884e+02
2.42730514e+02
2.41436579e+02
2.40243261e+02
2.39142170e+02
2.38125455e+02
2.37185853e+02
2.36316694e+02
2.35511888e+02
2.34765892e+02
2.34073673e+02
2.33430666e+02
2.32832735e+02
2.32276133e+02
2.31757463e+02
2.31273646e+02
2.30821890e+02
2.30399658e+02
2.30014809e+02
2.29657466e+02
2.29321585e+02
2.29005641e+02
2.28708227e+02
2.28428055e+02
2.68981445e+02
2.68583786e+02
2.67027779e+02
2.64860955e+02
2.62512354e+02
2.60164442e+02
2.57900446e+02
2.55758916e+02
2.53755679e+02
2.51894838e+02
2.50173804e+02
2.48586237e+02
2.47123884e+02
2.45777701e+02
2.44538517e+02
2.43397427e+02
2.42346008e+02
2.41376418e+02
2.40481437e+02
2.39654469e+02
2.38889509e+02
2.38181117e+02
2.37524366e+02
2.36914801e+02
2.36348397e+02
2.35821516e+02
2.35330868e+02
2.34873476e+02
2.34446645e+02
2.34047930e+02
2.33675115e+02
2.33336054e+02
2.33020693e+02
2.32723827e+02
2.32444333e+02
2.32181073e+02
2.31932964e+02
2.70564834e+02
2.70195184e+02
2.69114588e+02
2.67691742e+02
2.66200850e+02
2.64747072e+02
2.63371779e+02
2.62090708e+02
2.60907774e+02
2.59821306e+02
2.58826610e+02
2.57917442e+02
2.57086942e+02
2.56328198e+02
2.55634564e+02
2.54999829e+02
2.54418290e+02
2.53884770e+02
2.53394604e+02
2.52943604e+02
2.52528026e+02
2.52144522e+02
2.51790103e+02
2.51462098e+02
2.51158121e+02
2.50876036e+02
2.50613928e+02
2.50370082e+02
2.50142954e+02
2.49931156e+02
2.49733434e+02
2.49553831e+02
2.49386787e+02
2.49229843e+02
2.49082347e+02
2.48943620e+02
2.48813043e+02
2.70873881e+02
2.70605934e+02
2.69710379e+02
2.68550182e+02
2.67430969e+02
2.66430609e+02
2.65547404e+02
2.64764625e+02
2.64066493e+02
2.63440817e+02
2.62878067e+02
2.62370445e+02
2.61911371e+02
2.61495200e+02
2.61117053e+02
2.60772686e+02
2.60458402e+02
2.60170971e+02
2.59907565e+02
2.59665706e+02
2.59443213e+02
2.59238169e+02
2.59048881e+02
2.58873852e+02
2.58711755e+02
2.58561411e+02
2.58421772e+02
2.58291900e+02
2.58170957e+02
2.58058193e+02
2.57952931e+02
2.57857361e+02
2.57768633e+02
2.57685108e+02
2.57606533e+02
2.57532609e+02
2.57463024e+02
2.70884672e+02
2.70781285e+02
2.70581488e+02
2.70404954e+02
2.70262823e+02
2.70146409e+02
2.70048731e+02
2.69965175e+02
2.69892801e+02
2.69829622e+02
2.69774152e+02
2.69725218e+02
2.69681870e+02
2.69643324e+02
2.69608927e+02
2.69578130e+02
2.69550469e+02
2.69525549e+02
2.69503033e+02
2.69482634e+02
2.69464103e+02
2.69447227e+02
2.69431821e+02
2.69417725e+02
2.69404798e+02
2.69392920e+02
2.69381983e+02
2.69371894e+02
2.69362570e+02
2.69353938e+02
2.69345935e+02
2.69338698e+02
2.69332011e+02
2.69325760e+02
2.69319915e+02
2.69314444e+02
2.69309318e+02
