2.70000000e+02
5.00000000e+01
5.00000000e+01
5.00000000e+01
5.00000000e+01
5.00000000e+01
5.00000000e+01
5.00000000e+01
5.00000000e+01
5.00000000e+01
5.00000000e+01
5.00000000e+01
5.00000000e+01
5.00000000e+01
5.00000000e+01
5.00000000e+01
5.00000000e+01
5.00000000e+01
5.00000000e+01
5.00000000e+01
5.00000000e+01
5.00000000e+01
5.00000000e+01
5.00000000e+01
5.00000000e+01
5.00000000e+01
5.00000000e+01
5.00000000e+01
5.00000000e+01
5.00000000e+01
5.00000000e+01
5.00000000e+01
5.00000000e+01
5.00000000e+01
5.00000000e+01
5.00000000e+01
5.00000000e+01
2.70000000e+02
1.50000000e+02
1.43640557e+02
1.39781992e+02
1.36805226e+02
1.34271672e+02
1.32085385e+02
1.30258778e+02
1.28750752e+02
1.27499463e+02
1.26454183e+02
1.25575441e+02
1.24832558e+02
1.24201462e+02
1.23663037e+02
1.23201936e+02
1.22805704e+02
1.22464153e+02
1.22168881e+02
1.21912916e+02
1.21690443e+02
1.21496587e+02
1.21327245e+02
1.21178952e+02
1.21048774e+02
1.20934218e+02
1.20833160e+02
1.20743790e+02
1.20664560e+02
1.20594142e+02
1.20531398e+02
1.20477342e+02
1.20428646e+02
1.20384746e+02
1.20345092e+02
1.20309193e+02
1.20276617e+02
2.70000000e+02
2.50000000e+02
2.44387130e+02
2.38777872e+02
2.33113616e+02
2.27765430e+02
2.23044363e+02
2.18979817e+02
2.15512102e+02
2.12563654e+02
2.10058629e+02
2.07929103e+02
2.06116528e+02
2.04571319e+02
2.03251813e+02
2.02123105e+02
2.01155957e+02
2.00325855e+02
1.99612207e+02
1.98997684e+02
1.98467671e+02
1.98009816e+02
1.97613663e+02
1.97270340e+02
1.96972310e+02
1.96713161e+02
1.96487428e+02
1.96290451e+02
1.96118246e+02
1.95967410e+02
1.95835028e+02
1.95722426e+02
1.95622736e+02
1.95534309e+02
1.95455714e+02
1.95385709e+02
1.95323219e+02
2.68720873e+02
2.68645421e+02
2.68406322e+02
2.68027642e+02
2.67539915e+02
2.66988130e+02
2.66417319e+02
2.65862319e+02
2.65344579e+02
2.64874453e+02
2.64454954e+02
2.64084843e+02
2.63760696e+02
2.63478148e+02
2.63232606e+02
2.63019621e+02
2.62835074e+02
2.62675249e+02
2.62536851e+02
2.62416981e+02
2.62313114e+02
2.62223055e+02
2.62144907e+02
2.62077030e+02
2.62018010e+02
2.61966628e+02
2.61921838e+02
2.61882736e+02
2.61848548e+02
2.61818607e+02
2.61792338e+02
2.61769647e+02
2.61749802e+02
2.61732292e+02
2.61716770e+02
2.61702970e+02
2.61690670e+02
2.68323300e+02
2.68307112e+02
2.68218168e+02
2.68041650e+02
2.67786744e+02
2.67475906e+02
2.67136928e+02
2.66794718e+02
2.66467016e+02
2.66164096e+02
2.65890525e+02
2.65647192e+02
2.65432903e+02
2.65245413e+02
2.65082061e+02
2.64940122e+02
2.64816991e+02
2.64710275e+02
2.64617823e+02
2.64537731e+02
2.64468328e+02
2.64408158e+02
2.64355957e+02
2.64310631e+02
2.64271236e+02
2.64236957e+02
2.64207092e+02
2.64181038e+02
2.64158273e+02
2.64138351e+02
2.64120888e+02
2.64105902e+02
2.64092684e+02
2.64081047e+02
2.64070754e+02
2.64061619e+02
2.64053488e+02
2.68561808e+02
2.68286672e+02
2.66739748e+02
2.64476357e+02
2.61972071e+02
2.59444696e+02
2.56997816e+02
2.54680002e+02
2.52511935e+02
2.50499688e+02
2.48641162e+02
2.46929778e+02
2.45356662e+02
2.43911949e+02
2.42585544e+02
2.41367581e+02
2.40248671e+02
2.39220036e+02
2.38273569e+02
2.37401837e+02
2.36598070e+02
2.35856124e+02
2.35170437e+02
2.34535982e+02
2.33948223e+02
2.33403068e+02
2.32896823e+02
2.32426158e+02
2.31988064e+02
2.31579825e+02
2.31198986e+02
2.30856879e+02
2.30535987e+02
2.30234828e+02
2.29951995e+02
2.29686147e+02
2.29436052e+02
2.68915725e+02
2.68654781e+02
2.67215128e+02
2.65123477e+02
2.62828296e+02
2.60524889e+02
2.58302312e+02
2.56201484e+02
2.54239551e+02
2.52421157e+02
2.50743808e+02
2.49201049e+02
2.47784403e+02
2.46484558e+02
2.45292065e+02
2.44197749e+02
2.43192931e+02
2.42269542e+02
2.41420159e+02
2.40638009e+02
2.39916941e+02
2.39251389e+02
2.38636325e+02
2.38067217e+02
2.37539980e+02
2.37050935e+02
2.36596763e+02
2.36174477e+02
2.35781379e+02
2.35415034e+02
2.35073241e+02
2.34766451e+02
2.34478447e+02
2.34208033e+02
2.33954017e+02
2.33715226e+02
2.33490569e+02
2.70477617e+02
2.70193339e+02
2.69211973e+02
2.67903396e+02
2.66528145e+02
2.65182271e+02
2.63904395e+02
2.62710503e+02
2.61606018e+02
2.60590795e+02
2.59661407e+02
2.58812619e+02
2.58038361e+02
2.57332338e+02
2.56688384e+02
2.56100663e+02
2.55563765e+02
2.55072744e+02
2.54623117e+02
2.54210845e+02
2.53832299e+02
2.53484230e+02
2.53163731e+02
2.52868201e+02
2.52595315e+02
2.52342993e+02
2.52109372e+02
2.51892781e+02
2.51691724e+02
2.51504854e+02
2.51330961e+02
2.51174442e+02
2.51028044e+02
2.50891066e+02
2.50762781e+02
2.50642518e+02
2.50529666e+02
2.70811303e+02
2.70599444e+02
2.69791919e+02
2.68745607e+02
2.67749007e+02
2.66866902e+02
2.66092394e+02
2.65407676e+02
2.64797770e+02
2.64251674e+02
2.63760978e+02
2.63318870e+02
2.62919622e+02
2.62558322e+02
2.62230709e+02
2.61933067e+02
2.61662140e+02
2.61415074e+02
2.61189357e+02
2.60982778e+02
2.60793389e+02
2.60619464e+02
2.60459482e+02
2.60312091e+02
2.60176090e+02
2.60050415e+02
2.59934115e+02
2.59826340e+02
2.59726334e+02
2.59633417e+02
2.59546979e+02
2.59469205e+02
2.59396382e+02
2.59328224e+02
2.59264417e+02
2.59204634e+02
2.59148566e+02
2.70876244e+02
2.70787822e+02
2.70613604e+02
2.70461602e+02
2.70340424e+02
2.70241814e+02
2.70159392e+02
2.70089058e+02
2.70028280e+02
2.69975342e+02
2.69928964e+02
2.69888142e+02
2.69852065e+02
2.69820064e+02
2.69791582e+02
2.69766151e+02
2.69743378e+02
2.69722924e+02
2.69704504e+02
2.69687871e+02
2.69672813e+02
2.69659148e+02
2.69646718e+02
2.69635385e+02
2.69625031e+02
2.69615550e+02
2.69606853e+02
2.69598857e+02
2.69591494e+02
2.69584702e+02
2.69578424e+02
2.69572794e+02
2.69567566e+02
2.69562702e+02
2.69558172e+02
2.69553947e+02
2.69550001e+02
