-2.2000e+02
0.0000e+00
0.0000e+00
0.0000e+00
0.0000e+00
0.0000e+00
0.0000e+00
0.0000e+00
0.0000e+00
0.0000e+00
0.0000e+00
0.0000e+00
0.0000e+00
0.0000e+00
0.0000e+00
0.0000e+00
0.0000e+00
0.0000e+00
0.0000e+00
0.0000e+00
0.0000e+00
0.0000e+00
0.0000e+00
0.0000e+00
0.0000e+00
0.0000e+00
0.0000e+00
0.0000e+00
0.0000e+00
0.0000e+00
0.0000e+00
0.0000e+00
0.0000e+00
0.0000e+00
0.0000e+00
0.0000e+00
-1.2000e+02
-6.0919e+00
-3.8005e+00
-2.9400e+00
-2.5167e+00
-2.1164e+00
-1.8170e+00
-1.5111e+00
-1.2582e+00
-1.0536e+00
-8.8749e-01
-7.5167e-01
-6.3973e-01
-5.4684e-01
-4.6928e-01
-4.0417e-01
-3.4928e-01
-3.0279e-01
-2.6329e-01
-2.2961e-01
-2.0081e-01
-1.7611e-01
-1.5488e-01
-1.3657e-01
-1.2076e-01
-1.0706e-01
-9.5178e-02
-8.4842e-02
-7.5831e-02
-6.7960e-02
-6.1071e-02
-5.5027e-02
-4.9712e-02
-4.5029e-02
-4.0894e-02
-3.5878e-02
-2.0000e+01
-5.5566e+00
-5.5697e+00
-5.6025e+00
-5.2932e+00
-4.6756e+00
-4.0218e+00
-3.4282e+00
-2.9126e+00
-2.4726e+00
-2.1003e+00
-1.7864e+00
-1.5219e+00
-1.2990e+00
-1.1109e+00
-9.5198e-01
-8.1738e-01
-7.0318e-01
-6.0612e-01
-5.2347e-01
-4.5297e-01
-3.9273e-01
-3.4117e-01
-2.9697e-01
-2.5902e-01
-2.2639e-01
-1.9829e-01
-1.7405e-01
-1.5312e-01
-1.3501e-01
-1.1932e-01
-1.0571e-01
-9.3874e-02
-8.3572e-02
-7.4589e-02
-6.4660e-02
-8.1275e-02
-2.3075e-01
-3.5382e-01
-4.4487e-01
-4.9303e-01
-5.0136e-01
-4.8072e-01
-4.4343e-01
-3.9908e-01
-3.5367e-01
-3.1041e-01
-2.7082e-01
-2.3542e-01
-2.0421e-01
-1.7693e-01
-1.5323e-01
-1.3271e-01
-1.1498e-01
-9.9677e-02
-8.6486e-02
-7.5116e-02
-6.5317e-02
-5.6868e-02
-4.9583e-02
-4.3295e-02
-3.7868e-02
-3.3176e-02
-2.9121e-02
-2.5609e-02
-2.2567e-02
-1.9927e-02
-1.7636e-02
-1.5642e-02
-1.3906e-02
-1.2392e-02
-1.0871e-02
-1.9007e-02
-8.7411e-02
-1.6579e-01
-2.3314e-01
-2.7820e-01
-2.9786e-01
-2.9614e-01
-2.8007e-01
-2.5630e-01
-2.2965e-01
-2.0304e-01
-1.7800e-01
-1.5524e-01
-1.3494e-01
-1.1709e-01
-1.0149e-01
-8.7949e-02
-7.6218e-02
-6.6081e-02
-5.7330e-02
-4.9782e-02
-4.3272e-02
-3.7659e-02
-3.2816e-02
-2.8637e-02
-2.5030e-02
-2.1913e-02
-1.9218e-02
-1.6885e-02
-1.4866e-02
-1.3115e-02
-1.1594e-02
-1.0272e-02
-9.1230e-03
-8.1200e-03
-7.0830e-03
-5.1286e-01
-1.7806e+00
-2.4916e+00
-2.7346e+00
-2.7584e+00
-2.6749e+00
-2.5388e+00
-2.3800e+00
-2.2141e+00
-2.0497e+00
-1.8918e+00
-1.7430e+00
-1.6044e+00
-1.4765e+00
-1.3589e+00
-1.2514e+00
-1.1531e+00
-1.0636e+00
-9.8201e-01
-9.0770e-01
-8.4002e-01
-7.7833e-01
-7.2208e-01
-6.7074e-01
-6.2384e-01
-5.8095e-01
-5.4168e-01
-5.0569e-01
-4.7267e-01
-4.4232e-01
-4.1440e-01
-3.8868e-01
-3.6496e-01
-3.4306e-01
-3.2280e-01
-2.9091e-01
-3.5385e-01
-1.3960e+00
-2.0943e+00
-2.3785e+00
-2.4442e+00
-2.3968e+00
-2.2907e+00
-2.1567e+00
-2.0115e+00
-1.8648e+00
-1.7223e+00
-1.5872e+00
-1.4608e+00
-1.3439e+00
-1.2365e+00
-1.1381e+00
-1.0484e+00
-9.6653e-01
-8.9203e-01
-8.2420e-01
-7.6245e-01
-7.0621e-01
-6.5493e-01
-6.0816e-01
-5.6545e-01
-5.2640e-01
-4.9066e-01
-4.5791e-01
-4.2786e-01
-4.0026e-01
-3.7487e-01
-3.5149e-01
-3.2994e-01
-3.1003e-01
-2.9163e-01
-2.6333e-01
-2.7661e-01
-1.0132e+00
-1.3746e+00
-1.4606e+00
-1.4428e+00
-1.3814e+00
-1.3000e+00
-1.2108e+00
-1.1200e+00
-1.0316e+00
-9.4775e-01
-8.6954e-01
-7.9743e-01
-7.3141e-01
-6.7124e-01
-6.1655e-01
-5.6689e-01
-5.2184e-01
-4.8096e-01
-4.4384e-01
-4.1013e-01
-3.7946e-01
-3.5154e-01
-3.2610e-01
-3.0288e-01
-2.8166e-01
-2.6225e-01
-2.4446e-01
-2.2815e-01
-2.1317e-01
-1.9940e-01
-1.8672e-01
-1.7503e-01
-1.6425e-01
-1.5428e-01
-1.3983e-01
-2.0513e-01
-8.4147e-01
-1.1271e+00
-1.0986e+00
-9.8859e-01
-8.7842e-01
-7.8337e-01
-7.0292e-01
-6.3374e-01
-5.7331e-01
-5.2003e-01
-4.7280e-01
-4.3080e-01
-3.9332e-01
-3.5981e-01
-3.2977e-01
-3.0278e-01
-2.7848e-01
-2.5654e-01
-2.3671e-01
-2.1874e-01
-2.0243e-01
-1.8760e-01
-1.7409e-01
-1.6176e-01
-1.5049e-01
-1.4018e-01
-1.3073e-01
-1.2205e-01
-1.1408e-01
-1.0674e-01
-9.9984e-02
-9.3750e-02
-8.7991e-02
-8.2667e-02
-7.4909e-02
-9.9962e-02
-2.0108e-01
-1.7822e-01
-1.4370e-01
-1.1801e-01
-9.9336e-02
-8.5256e-02
-7.4136e-02
-6.4981e-02
-5.7286e-02
-5.0743e-02
-4.5131e-02
-4.0290e-02
-3.6090e-02
-3.2433e-02
-2.9232e-02
-2.6423e-02
-2.3948e-02
-2.1760e-02
-1.9820e-02
-1.8095e-02
-1.6556e-02
-1.5182e-02
-1.3948e-02
-1.2841e-02
-1.1843e-02
-1.0943e-02
-1.0129e-02
-9.3900e-03
-8.7190e-03
-8.1090e-03
-7.5530e-03
-7.0440e-03
-6.5800e-03
-6.1530e-03
-5.5530e-03
