2.70000000e+02
5.00000000e+01
5.00000000e+01
5.00000000e+01
5.00000000e+01
5.00000000e+01
5.00000000e+01
5.00000000e+01
5.00000000e+01
5.00000000e+01
5.00000000e+01
5.00000000e+01
5.00000000e+01
5.00000000e+01
5.00000000e+01
5.00000000e+01
5.00000000e+01
5.00000000e+01
5.00000000e+01
5.00000000e+01
5.00000000e+01
5.00000000e+01
5.00000000e+01
5.00000000e+01
5.00000000e+01
5.00000000e+01
5.00000000e+01
5.00000000e+01
5.00000000e+01
5.00000000e+01
5.00000000e+01
5.00000000e+01
5.00000000e+01
5.00000000e+01
5.00000000e+01
5.00000000e+01
5.00000000e+01
2.70000000e+02
1.50000000e+02
1.43494301e+02
1.39618568e+02
1.36653559e+02
1.34088801e+02
1.31874200e+02
1.30048952e+02
1.28546452e+02
1.27301348e+02
1.26261929e+02
1.25388372e+02
1.24649884e+02
1.24022390e+02
1.23486830e+02
1.23027938e+02
1.22633357e+02
1.22292997e+02
1.21998551e+02
1.21743136e+02
1.21521014e+02
1.21327378e+02
1.21158184e+02
1.21010014e+02
1.20879972e+02
1.20765595e+02
1.20664783e+02
1.20575741e+02
1.20496930e+02
1.20428172e+02
1.20367907e+02
1.20313989e+02
1.20265691e+02
1.20222351e+02
1.20183387e+02
1.20148289e+02
1.20116615e+02
2.70000000e+02
2.50000000e+02
2.44448779e+02
2.38897324e+02
2.33298297e+02
2.28002764e+02
2.23315071e+02
2.19267367e+02
2.15806623e+02
2.12859325e+02
2.10351898e+02
2.08217745e+02
2.06399115e+02
2.04846914e+02
2.03519792e+02
2.02383060e+02
2.01407645e+02
2.00569164e+02
1.99847144e+02
1.99224357e+02
1.98686278e+02
1.98220636e+02
1.97817038e+02
1.97466669e+02
1.97162033e+02
1.96896748e+02
1.96665368e+02
1.96463242e+02
1.96286388e+02
1.96133738e+02
1.96001508e+02
1.95884754e+02
1.95781505e+02
1.95690054e+02
1.95608918e+02
1.95536812e+02
1.95472621e+02
2.68743022e+02
2.68660172e+02
2.68419025e+02
2.68043596e+02
2.67564044e+02
2.67022493e+02
2.66461083e+02
2.65913030e+02
2.65399374e+02
2.64930765e+02
2.64510764e+02
2.64138679e+02
2.63811542e+02
2.63525344e+02
2.63275751e+02
2.63058508e+02
2.62869637e+02
2.62705523e+02
2.62562943e+02
2.62439052e+02
2.62331362e+02
2.62237703e+02
2.62156191e+02
2.62085194e+02
2.62023299e+02
2.61969286e+02
2.61922101e+02
2.61880832e+02
2.61844694e+02
2.61813226e+02
2.61785968e+02
2.61762059e+02
2.61740971e+02
2.61722320e+02
2.61705790e+02
2.61691113e+02
2.61678059e+02
2.68337376e+02
2.68317986e+02
2.68226500e+02
2.68050246e+02
2.67798823e+02
2.67493601e+02
2.67160603e+02
2.66823375e+02
2.66499030e+02
2.66197794e+02
2.65924477e+02
2.65680305e+02
2.65464391e+02
2.65274748e+02
2.65108909e+02
2.64964293e+02
2.64838402e+02
2.64728919e+02
2.64633750e+02
2.64551030e+02
2.64479117e+02
2.64416574e+02
2.64362149e+02
2.64314754e+02
2.64273448e+02
2.64237414e+02
2.64205949e+02
2.64178443e+02
2.64154368e+02
2.64133517e+02
2.64115351e+02
2.64099407e+02
2.64085373e+02
2.64072980e+02
2.64062008e+02
2.64052276e+02
2.64043628e+02
2.70903188e+02
2.70349739e+02
2.68406254e+02
2.65923161e+02
2.63354880e+02
2.60861270e+02
2.58502287e+02
2.56299011e+02
2.54256430e+02
2.52371536e+02
2.50637137e+02
2.49043985e+02
2.47581998e+02
2.46240954e+02
2.45010905e+02
2.43882396e+02
2.42846585e+02
2.41895294e+02
2.41021014e+02
2.40216884e+02
2.39476664e+02
2.38794685e+02
2.38165809e+02
2.37585383e+02
2.37049196e+02
2.36553434e+02
2.36094645e+02
2.35669702e+02
2.35275771e+02
2.34917611e+02
2.34590633e+02
2.34285228e+02
2.34000130e+02
2.33733907e+02
2.33485190e+02
2.33252704e+02
2.33035267e+02
2.71015055e+02
2.70790091e+02
2.69661683e+02
2.67888678e+02
2.65840951e+02
2.63720683e+02
2.61633399e+02
2.59633962e+02
2.57749929e+02
2.55993189e+02
2.54366287e+02
2.52866276e+02
2.51487121e+02
2.50221203e+02
2.49060252e+02
2.47995912e+02
2.47020076e+02
2.46125073e+02
2.45303758e+02
2.44549545e+02
2.43856410e+02
2.43218866e+02
2.42631936e+02
2.42091106e+02
2.41592296e+02
2.41131814e+02
2.40706323e+02
2.40312804e+02
2.39948527e+02
2.39617012e+02
2.39315155e+02
2.39033825e+02
2.38771538e+02
2.38526924e+02
2.38298676e+02
2.38085576e+02
2.37886496e+02
2.71332847e+02
2.71022531e+02
2.70033269e+02
2.68738776e+02
2.67392551e+02
2.66080600e+02
2.64835362e+02
2.63670765e+02
2.62592468e+02
2.61601094e+02
2.60693993e+02
2.59866569e+02
2.59113226e+02
2.58427989e+02
2.57804898e+02
2.57238235e+02
2.56722646e+02
2.56253198e+02
2.55825395e+02
2.55435162e+02
2.55078830e+02
2.54753100e+02
2.54455010e+02
2.54181909e+02
2.53931419e+02
2.53701411e+02
2.53489975e+02
2.53295399e+02
2.53116146e+02
2.52953176e+02
2.52804756e+02
2.52667488e+02
2.52540353e+02
2.52422428e+02
2.52312910e+02
2.52211091e+02
2.52116339e+02
2.71221167e+02
2.70995020e+02
2.70174134e+02
2.69106830e+02
2.68084276e+02
2.67176743e+02
2.66379701e+02
2.65675928e+02
2.65050634e+02
2.64492635e+02
2.63993183e+02
2.63545116e+02
2.63142385e+02
2.62779782e+02
2.62452786e+02
2.62157441e+02
2.61890278e+02
2.61648248e+02
2.61428666e+02
2.61229163e+02
2.61047647e+02
2.60882269e+02
2.60731389e+02
2.60593553e+02
2.60467470e+02
2.60351992e+02
2.60246096e+02
2.60148868e+02
2.60059493e+02
2.59978404e+02
2.59904544e+02
2.59836320e+02
2.59773280e+02
2.59714952e+02
2.59660908e+02
2.59610769e+02
2.59564199e+02
2.70899417e+02
2.70811041e+02
2.70640893e+02
2.70493176e+02
2.70375798e+02
2.70280505e+02
2.70200903e+02
2.70133017e+02
2.70074410e+02
2.70023410e+02
2.69978773e+02
2.69939527e+02
2.69904890e+02
2.69874216e+02
2.69846971e+02
2.69822703e+02
2.69801031e+02
2.69781630e+02
2.69764220e+02
2.69748563e+02
2.69734453e+02
2.69721710e+02
2.69710179e+02
2.69699726e+02
2.69690233e+02
2.69681597e+02
2.69673726e+02
2.69666542e+02
2.69659975e+02
2.69654041e+02
2.69648671e+02
2.69643735e+02
2.69639192e+02
2.69635003e+02
2.69631134e+02
2.69627556e+02
2.69624242e+02
