-2.2000e+02
0.0000e+00
0.0000e+00
0.0000e+00
0.0000e+00
0.0000e+00
0.0000e+00
0.0000e+00
0.0000e+00
0.0000e+00
0.0000e+00
0.0000e+00
0.0000e+00
0.0000e+00
0.0000e+00
0.0000e+00
0.0000e+00
0.0000e+00
0.0000e+00
0.0000e+00
0.0000e+00
0.0000e+00
0.0000e+00
0.0000e+00
0.0000e+00
0.0000e+00
0.0000e+00
0.0000e+00
0.0000e+00
0.0000e+00
0.0000e+00
0.0000e+00
0.0000e+00
0.0000e+00
0.0000e+00
0.0000e+00
-1.2000e+02
-6.0569e+00
-3.7752e+00
-2.9118e+00
-2.4956e+00
-2.0917e+00
-1.7998e+00
-1.4963e+00
-1.2442e+00
-1.0402e+00
-8.7466e-01
-7.3933e-01
-6.2788e-01
-5.3545e-01
-4.5834e-01
-3.9368e-01
-3.3919e-01
-2.9310e-01
-2.5396e-01
-2.2064e-01
-1.9217e-01
-1.6779e-01
-1.4687e-01
-1.2886e-01
-1.1333e-01
-9.9913e-02
-8.8297e-02
-7.8217e-02
-6.9456e-02
-5.9620e-02
-5.3522e-02
-4.8085e-02
-4.3279e-02
-3.9037e-02
-3.5287e-02
-3.1969e-02
-2.0000e+01
-5.5092e+00
-5.4717e+00
-5.4719e+00
-5.1648e+00
-4.5591e+00
-3.9170e+00
-3.3346e+00
-2.8295e+00
-2.3990e+00
-2.0351e+00
-1.7287e+00
-1.4708e+00
-1.2536e+00
-1.0706e+00
-9.1594e-01
-7.8510e-01
-6.7418e-01
-5.7997e-01
-4.9980e-01
-4.3146e-01
-3.7311e-01
-3.2322e-01
-2.8048e-01
-2.4383e-01
-2.1235e-01
-1.8527e-01
-1.6195e-01
-1.4184e-01
-1.2041e-01
-1.0636e-01
-9.4118e-02
-8.3450e-02
-7.4143e-02
-6.6010e-02
-5.8892e-02
-9.7395e-02
-2.4863e-01
-3.6528e-01
-4.5102e-01
-4.9586e-01
-5.0225e-01
-4.8037e-01
-4.4225e-01
-3.9735e-01
-3.5158e-01
-3.0811e-01
-2.6840e-01
-2.3294e-01
-2.0173e-01
-1.7448e-01
-1.5083e-01
-1.3038e-01
-1.1273e-01
-9.7514e-02
-8.4411e-02
-7.3128e-02
-6.3415e-02
-5.5052e-02
-4.7849e-02
-4.1640e-02
-3.6288e-02
-3.1670e-02
-2.7684e-02
-2.4238e-02
-2.0847e-02
-1.8209e-02
-1.6042e-02
-1.4191e-02
-1.2586e-02
-1.1188e-02
-9.9670e-03
-2.9498e-02
-1.1324e-01
-1.9622e-01
-2.6396e-01
-3.0705e-01
-3.2347e-01
-3.1807e-01
-2.9847e-01
-2.7162e-01
-2.4238e-01
-2.1362e-01
-1.8681e-01
-1.6255e-01
-1.4102e-01
-1.2213e-01
-1.0567e-01
-9.1390e-02
-7.9046e-02
-6.8389e-02
-5.9203e-02
-5.1289e-02
-4.4470e-02
-3.8597e-02
-3.3537e-02
-2.9177e-02
-2.5417e-02
-2.2173e-02
-1.9372e-02
-1.6952e-02
-1.4527e-02
-1.2755e-02
-1.1217e-02
-9.9060e-03
-8.7780e-03
-7.7960e-03
-6.9390e-03
-5.3513e-01
-1.6733e+00
-2.3162e+00
-2.5592e+00
-2.6061e+00
-2.5467e+00
-2.4294e+00
-2.2835e+00
-2.1257e+00
-1.9664e+00
-1.8115e+00
-1.6645e+00
-1.5269e+00
-1.3995e+00
-1.2825e+00
-1.1754e+00
-1.0777e+00
-9.8878e-01
-9.0800e-01
-8.3465e-01
-7.6805e-01
-7.0758e-01
-6.5265e-01
-6.0272e-01
-5.5730e-01
-5.1593e-01
-4.7823e-01
-4.4383e-01
-4.1239e-01
-3.6970e-01
-3.4535e-01
-3.2292e-01
-3.0219e-01
-2.8305e-01
-2.6537e-01
-2.4901e-01
-4.5677e-01
-1.5253e+00
-2.1451e+00
-2.3664e+00
-2.3969e+00
-2.3311e+00
-2.2155e+00
-2.0767e+00
-1.9292e+00
-1.7815e+00
-1.6387e+00
-1.5035e+00
-1.3775e+00
-1.2611e+00
-1.1543e+00
-1.0568e+00
-9.6798e-01
-8.8730e-01
-8.1409e-01
-7.4769e-01
-6.8747e-01
-6.3286e-01
-5.8330e-01
-5.3829e-01
-4.9739e-01
-4.6017e-01
-4.2628e-01
-3.9537e-01
-3.6716e-01
-3.2872e-01
-3.0713e-01
-2.8715e-01
-2.6861e-01
-2.5147e-01
-2.3564e-01
-2.2100e-01
-3.3270e-01
-1.0368e+00
-1.3702e+00
-1.4354e+00
-1.4013e+00
-1.3275e+00
-1.2374e+00
-1.1421e+00
-1.0472e+00
-9.5586e-01
-8.6999e-01
-7.9047e-01
-7.1758e-01
-6.5125e-01
-5.9116e-01
-5.3690e-01
-4.8800e-01
-4.4399e-01
-4.0440e-01
-3.6879e-01
-3.3675e-01
-3.0791e-01
-2.8193e-01
-2.5850e-01
-2.3736e-01
-2.1825e-01
-2.0097e-01
-1.8532e-01
-1.7113e-01
-1.5358e-01
-1.4241e-01
-1.3216e-01
-1.2286e-01
-1.1440e-01
-1.0666e-01
-9.9561e-02
-2.3752e-01
-8.4195e-01
-1.0915e+00
-1.0481e+00
-9.3342e-01
-8.2166e-01
-7.2571e-01
-6.4450e-01
-5.7468e-01
-5.1375e-01
-4.6015e-01
-4.1281e-01
-3.7090e-01
-3.3375e-01
-3.0077e-01
-2.7147e-01
-2.4540e-01
-2.2219e-01
-2.0148e-01
-1.8300e-01
-1.6647e-01
-1.5168e-01
-1.3842e-01
-1.2652e-01
-1.1583e-01
-1.0620e-01
-9.7522e-02
-8.9689e-02
-8.2609e-02
-7.4083e-02
-6.8661e-02
-6.3526e-02
-5.8874e-02
-5.4662e-02
-5.0834e-02
-4.7344e-02
-9.2619e-02
-1.7758e-01
-1.5451e-01
-1.2339e-01
-1.0062e-01
-8.4147e-02
-7.1745e-02
-6.1959e-02
-5.3910e-02
-4.7148e-02
-4.1405e-02
-3.6488e-02
-3.2256e-02
-2.8598e-02
-2.5423e-02
-2.2658e-02
-2.0243e-02
-1.8131e-02
-1.6274e-02
-1.4642e-02
-1.3202e-02
-1.1929e-02
-1.0802e-02
-9.8010e-03
-8.9110e-03
-8.1180e-03
-7.4090e-03
-6.7760e-03
-6.2080e-03
-5.5480e-03
-5.1000e-03
-4.6990e-03
-4.3400e-03
-4.0160e-03
-3.7240e-03
-3.4570e-03
