2.69874333e+02
5.00509717e+01
5.00128688e+01
4.99902422e+01
5.01949107e+01
4.98482985e+01
5.00948047e+01
5.00798002e+01
4.99268792e+01
5.03076793e+01
5.02178587e+01
5.00373938e+01
4.97049155e+01
4.99964843e+01
4.98506905e+01
4.95191063e+01
5.00652894e+01
5.00276826e+01
4.98664562e+01
5.00600858e+01
4.97548932e+01
5.03119416e+01
5.01200499e+01
4.98765378e+01
4.98633400e+01
5.01372592e+01
4.98955101e+01
5.01623976e+01
4.99405338e+01
4.98759561e+01
4.97062152e+01
4.97651086e+01
4.99957453e+01
5.02127074e+01
5.00124102e+01
4.98854856e+01
5.02869204e+01
2.69881861e+02
1.50002838e+02
1.43530855e+02
1.39992234e+02
1.36999997e+02
1.34185454e+02
1.32125034e+02
1.29975131e+02
1.28779999e+02
1.27676266e+02
1.26439776e+02
1.25972475e+02
1.25322237e+02
1.24603246e+02
1.23604892e+02
1.23544629e+02
1.22798792e+02
1.22500513e+02
1.22450186e+02
1.22156950e+02
1.22135375e+02
1.21863318e+02
1.21300195e+02
1.21449954e+02
1.21285646e+02
1.21284490e+02
1.21065206e+02
1.21018349e+02
1.20815689e+02
1.20666309e+02
1.20851171e+02
1.20562410e+02
1.20737671e+02
1.20293772e+02
1.20654432e+02
1.20330970e+02
1.20516916e+02
2.70301309e+02
2.50284483e+02
2.44954886e+02
2.38760789e+02
2.33760163e+02
2.28548350e+02
2.24246130e+02
2.20275124e+02
2.16578204e+02
2.14104904e+02
2.11625404e+02
2.09664552e+02
2.07829407e+02
2.06549718e+02
2.05478783e+02
2.04118110e+02
2.03251299e+02
2.02456567e+02
2.01809216e+02
2.01433724e+02
2.00775510e+02
2.00486192e+02
1.99879817e+02
2.00072503e+02
1.99449156e+02
1.98964937e+02
1.98916725e+02
1.98663382e+02
1.98896013e+02
1.98199227e+02
1.98107819e+02
1.97794163e+02
1.97775488e+02
1.98062833e+02
1.98073684e+02
1.97754403e+02
1.97688280e+02
2.69040251e+02
2.68764929e+02
2.68292507e+02
2.67978910e+02
2.67261026e+02
2.66832148e+02
2.66698311e+02
2.65834123e+02
2.65506629e+02
2.65464210e+02
2.64771009e+02
2.64315581e+02
2.63708184e+02
2.63484982e+02
2.63282651e+02
2.63293042e+02
2.62708156e+02
2.62727202e+02
2.62503711e+02
2.62481955e+02
2.62201863e+02
2.62292741e+02
2.62146750e+02
2.62098660e+02
2.62022772e+02
2.62260559e+02
2.61912127e+02
2.61687317e+02
2.62150728e+02
2.62009089e+02
2.62162165e+02
2.61792395e+02
2.61832556e+02
2.62047130e+02
2.61975893e+02
2.61679800e+02
2.61795707e+02
2.68287989e+02
2.68444150e+02
2.68297353e+02
2.68214017e+02
2.67863811e+02
2.67613428e+02
2.66789428e+02
2.66646047e+02
2.66368470e+02
2.65875817e+02
2.65630898e+02
2.65798214e+02
2.65593939e+02
2.65008498e+02
2.64901264e+02
2.64606461e+02
2.64359414e+02
2.64148419e+02
2.64371902e+02
2.64316658e+02
2.64199042e+02
2.64141612e+02
2.64078622e+02
2.64178636e+02
2.64056362e+02
2.63791492e+02
2.64049909e+02
2.64106931e+02
2.63960927e+02
2.63992073e+02
2.63855626e+02
2.63757353e+02
2.63903893e+02
2.63805722e+02
2.63852354e+02
2.63626500e+02
2.63905326e+02
2.73821816e+02
2.73112759e+02
2.70798616e+02
2.67683772e+02
2.64604949e+02
2.61754845e+02
2.58565163e+02
2.55980046e+02
2.53822621e+02
2.51251875e+02
2.49368621e+02
2.47480873e+02
2.45910091e+02
2.44424816e+02
2.42915056e+02
2.41542714e+02
2.40330516e+02
2.39073892e+02
2.38044622e+02
2.37053126e+02
2.36066108e+02
2.35429628e+02
2.34653250e+02
2.33758122e+02
2.33503795e+02
2.32721529e+02
2.32190058e+02
2.31713813e+02
2.31385364e+02
2.30938785e+02
2.30469692e+02
2.29861308e+02
2.29769364e+02
2.29538841e+02
2.29225933e+02
2.29364323e+02
2.28660700e+02
2.73388802e+02
2.73192798e+02
2.71749708e+02
2.69366982e+02
2.67196924e+02
2.65026052e+02
2.62434508e+02
2.60024229e+02
2.57491045e+02
2.55908316e+02
2.53590740e+02
2.51721174e+02
2.50668210e+02
2.48494606e+02
2.47383154e+02
2.46448530e+02
2.44749748e+02
2.44463004e+02
2.43384737e+02
2.42342766e+02
2.41783030e+02
2.40754971e+02
2.40507359e+02
2.39560895e+02
2.39399495e+02
2.38322387e+02
2.38015055e+02
2.37818664e+02
2.37011062e+02
2.36630779e+02
2.36034602e+02
2.36084879e+02
2.35246418e+02
2.35390803e+02
2.35117238e+02
2.34846161e+02
2.34401849e+02
2.72854464e+02
2.72162761e+02
2.71065391e+02
2.69840393e+02
2.68450916e+02
2.67251769e+02
2.65559658e+02
2.64383619e+02
2.62931173e+02
2.62273112e+02
2.61212704e+02
2.60126876e+02
2.59267517e+02
2.58641203e+02
2.57967172e+02
2.57104613e+02
2.56486582e+02
2.55682259e+02
2.55616567e+02
2.55270231e+02
2.54673734e+02
2.54233318e+02
2.54338625e+02
2.53334219e+02
2.53326508e+02
2.53070400e+02
2.52805395e+02
2.52437120e+02
2.52864358e+02
2.52179568e+02
2.52278668e+02
2.51593870e+02
2.51600833e+02
2.51623333e+02
2.51387628e+02
2.51094668e+02
2.51436116e+02
2.71516395e+02
2.71561705e+02
2.70689220e+02
2.69427979e+02
2.68778209e+02
2.67680664e+02
2.67149234e+02
2.66314524e+02
2.65840825e+02
2.64918996e+02
2.64611503e+02
2.64027841e+02
2.63571577e+02
2.63142809e+02
2.62896486e+02
2.62447451e+02
2.62458595e+02
2.62089636e+02
2.61891657e+02
2.61670890e+02
2.61471317e+02
2.60985412e+02
2.61203537e+02
2.60844271e+02
2.60849057e+02
2.60873350e+02
2.60399286e+02
2.60366221e+02
2.60097502e+02
2.60242204e+02
2.60073107e+02
2.59924221e+02
2.59846457e+02
2.60401261e+02
2.59489005e+02
2.59733740e+02
2.59688247e+02
2.71181936e+02
2.70894289e+02
2.70744866e+02
2.70941056e+02
2.70111461e+02
2.70193445e+02
2.70302550e+02
2.69753158e+02
2.70163788e+02
2.69680790e+02
2.69718280e+02
2.69849380e+02
2.69861496e+02
2.69808394e+02
2.69884577e+02
2.69821973e+02
2.69869117e+02
2.69453721e+02
2.69629361e+02
2.69453897e+02
2.69694607e+02
2.69562284e+02
2.69266248e+02
2.69474397e+02
2.69870599e+02
2.69438788e+02
2.69535928e+02
2.69628154e+02
2.69324718e+02
2.69465091e+02
2.69438795e+02
2.69545173e+02
2.69648487e+02
2.69632611e+02
2.69548987e+02
2.69652188e+02
2.69573121e+02
