-2.2000e+02
0.0000e+00
0.0000e+00
0.0000e+00
0.0000e+00
0.0000e+00
0.0000e+00
0.0000e+00
0.0000e+00
0.0000e+00
0.0000e+00
0.0000e+00
0.0000e+00
0.0000e+00
0.0000e+00
0.0000e+00
0.0000e+00
0.0000e+00
0.0000e+00
0.0000e+00
0.0000e+00
0.0000e+00
0.0000e+00
0.0000e+00
0.0000e+00
0.0000e+00
0.0000e+00
0.0000e+00
0.0000e+00
0.0000e+00
0.0000e+00
0.0000e+00
0.0000e+00
0.0000e+00
0.0000e+00
0.0000e+00
-1.2000e+02
-6.5956e+00
-3.9021e+00
-2.9873e+00
-2.6096e+00
-2.2352e+00
-1.8367e+00
-1.5108e+00
-1.2515e+00
-1.0445e+00
-8.7755e-01
-7.4161e-01
-6.2989e-01
-5.3734e-01
-4.6015e-01
-3.9539e-01
-3.4079e-01
-2.9455e-01
-2.5525e-01
-2.2173e-01
-1.9306e-01
-1.6847e-01
-1.4734e-01
-1.2912e-01
-1.1340e-01
-9.7496e-02
-8.5651e-02
-7.6032e-02
-6.7583e-02
-6.0183e-02
-5.3693e-02
-4.8000e-02
-4.2994e-02
-3.8591e-02
-3.4709e-02
-3.1282e-02
-2.0000e+01
-5.5903e+00
-5.5709e+00
-5.6244e+00
-5.3161e+00
-4.7041e+00
-4.0610e+00
-3.4713e+00
-2.9558e+00
-2.5143e+00
-2.1399e+00
-1.8235e+00
-1.5563e+00
-1.3307e+00
-1.1398e+00
-9.7802e-01
-8.4067e-01
-7.2382e-01
-6.2423e-01
-5.3919e-01
-4.6645e-01
-4.0412e-01
-3.5064e-01
-3.0469e-01
-2.6514e-01
-2.2617e-01
-1.9656e-01
-1.7249e-01
-1.5157e-01
-1.3339e-01
-1.1757e-01
-1.0380e-01
-9.1779e-02
-8.1288e-02
-7.2119e-02
-6.4095e-02
-8.1859e-02
-2.3756e-01
-3.6966e-01
-4.7270e-01
-5.3477e-01
-5.5535e-01
-5.4297e-01
-5.0958e-01
-4.6544e-01
-4.1759e-01
-3.7028e-01
-3.2582e-01
-2.8525e-01
-2.4893e-01
-2.1678e-01
-1.8856e-01
-1.6390e-01
-1.4243e-01
-1.2378e-01
-1.0760e-01
-9.3576e-02
-8.1427e-02
-7.0901e-02
-6.1787e-02
-5.3889e-02
-4.6609e-02
-4.0318e-02
-3.5223e-02
-3.0907e-02
-2.7183e-02
-2.3951e-02
-2.1136e-02
-1.8682e-02
-1.6537e-02
-1.4662e-02
-1.3021e-02
-1.9101e-02
-9.0117e-02
-1.7369e-01
-2.4810e-01
-3.0177e-01
-3.2987e-01
-3.3463e-01
-3.2232e-01
-2.9974e-01
-2.7226e-01
-2.4347e-01
-2.1549e-01
-1.8942e-01
-1.6576e-01
-1.4464e-01
-1.2598e-01
-1.0960e-01
-9.5308e-02
-8.2859e-02
-7.2043e-02
-6.2658e-02
-5.4519e-02
-4.7466e-02
-4.1354e-02
-3.6059e-02
-3.1004e-02
-2.7039e-02
-2.3603e-02
-2.0671e-02
-1.8158e-02
-1.5984e-02
-1.4095e-02
-1.2448e-02
-1.1011e-02
-9.7550e-03
-8.6560e-03
-4.4646e-01
-1.8367e+00
-2.4607e+00
-2.5925e+00
-2.5326e+00
-2.3965e+00
-2.2321e+00
-2.0604e+00
-1.8917e+00
-1.7312e+00
-1.5815e+00
-1.4435e+00
-1.3172e+00
-1.2021e+00
-1.0978e+00
-1.0032e+00
-9.1775e-01
-8.4047e-01
-7.7062e-01
-7.0747e-01
-6.5033e-01
-5.9860e-01
-5.5171e-01
-5.0917e-01
-4.7054e-01
-4.2680e-01
-3.9272e-01
-3.6482e-01
-3.3941e-01
-3.1617e-01
-2.9487e-01
-2.7532e-01
-2.5735e-01
-2.4080e-01
-2.2555e-01
-2.1148e-01
-1.9982e-01
-1.1170e+00
-1.7785e+00
-2.0550e+00
-2.1223e+00
-2.0822e+00
-1.9871e+00
-1.8647e+00
-1.7311e+00
-1.5958e+00
-1.4645e+00
-1.3402e+00
-1.2245e+00
-1.1180e+00
-1.0205e+00
-9.3191e-01
-8.5152e-01
-7.7875e-01
-7.1293e-01
-6.5344e-01
-5.9964e-01
-5.5099e-01
-5.0695e-01
-4.6705e-01
-4.3086e-01
-3.8954e-01
-3.5830e-01
-3.3246e-01
-3.0887e-01
-2.8731e-01
-2.6758e-01
-2.4948e-01
-2.3287e-01
-2.1761e-01
-2.0356e-01
-1.9062e-01
-2.5913e-01
-9.2048e-01
-1.2282e+00
-1.2910e+00
-1.2671e+00
-1.2080e+00
-1.1323e+00
-1.0489e+00
-9.6363e-01
-8.8032e-01
-8.0122e-01
-7.2754e-01
-6.5981e-01
-5.9807e-01
-5.4214e-01
-4.9167e-01
-4.4623e-01
-4.0540e-01
-3.6872e-01
-3.3578e-01
-3.0619e-01
-2.7960e-01
-2.5568e-01
-2.3415e-01
-2.1474e-01
-1.9318e-01
-1.7674e-01
-1.6311e-01
-1.5074e-01
-1.3949e-01
-1.2925e-01
-1.1992e-01
-1.1140e-01
-1.0362e-01
-9.6503e-02
-8.9979e-02
-1.9007e-01
-7.6306e-01
-1.0112e+00
-9.7710e-01
-8.7180e-01
-7.6821e-01
-6.7940e-01
-6.0374e-01
-5.3832e-01
-4.8111e-01
-4.3075e-01
-3.8627e-01
-3.4689e-01
-3.1198e-01
-2.8100e-01
-2.5348e-01
-2.2901e-01
-2.0722e-01
-1.8780e-01
-1.7048e-01
-1.5500e-01
-1.4114e-01
-1.2873e-01
-1.1760e-01
-1.0760e-01
-9.6587e-02
-8.8249e-02
-8.1264e-02
-7.4931e-02
-6.9194e-02
-6.3988e-02
-5.9258e-02
-5.4950e-02
-5.1025e-02
-4.7441e-02
-4.4163e-02
-8.2013e-02
-1.6227e-01
-1.4211e-01
-1.1372e-01
-9.2813e-02
-7.7808e-02
-6.6457e-02
-5.7386e-02
-4.9904e-02
-4.3621e-02
-3.8285e-02
-3.3716e-02
-2.9783e-02
-2.6384e-02
-2.3433e-02
-2.0864e-02
-1.8623e-02
-1.6661e-02
-1.4940e-02
-1.3427e-02
-1.2092e-02
-1.0915e-02
-9.8710e-03
-8.9470e-03
-8.1240e-03
-7.2470e-03
-6.5720e-03
-6.0150e-03
-5.5140e-03
-5.0650e-03
-4.6590e-03
-4.2950e-03
-3.9630e-03
-3.6650e-03
-3.3930e-03
-3.1470e-03
