-2.2000e+02
0.0000e+00
0.0000e+00
0.0000e+00
0.0000e+00
0.0000e+00
0.0000e+00
0.0000e+00
0.0000e+00
0.0000e+00
0.0000e+00
0.0000e+00
0.0000e+00
0.0000e+00
0.0000e+00
0.0000e+00
0.0000e+00
0.0000e+00
0.0000e+00
0.0000e+00
0.0000e+00
0.0000e+00
0.0000e+00
0.0000e+00
0.0000e+00
0.0000e+00
0.0000e+00
0.0000e+00
0.0000e+00
0.0000e+00
0.0000e+00
0.0000e+00
0.0000e+00
0.0000e+00
0.0000e+00
0.0000e+00
-1.2000e+02
-6.6183e+00
-3.8979e+00
-2.9822e+00
-2.6021e+00
-2.2251e+00
-1.8261e+00
-1.5005e+00
-1.2419e+00
-1.0358e+00
-8.6989e-01
-7.3500e-01
-6.2430e-01
-5.3270e-01
-4.5637e-01
-3.9239e-01
-3.3847e-01
-2.9282e-01
-2.5403e-01
-2.2094e-01
-1.9263e-01
-1.6834e-01
-1.4745e-01
-1.2943e-01
-1.1386e-01
-9.7405e-02
-8.6473e-02
-7.6869e-02
-6.8444e-02
-6.1059e-02
-5.4574e-02
-4.8876e-02
-4.3860e-02
-3.9436e-02
-3.5531e-02
-3.2075e-02
-2.0000e+01
-5.5867e+00
-5.5264e+00
-5.5603e+00
-5.2401e+00
-4.6236e+00
-3.9816e+00
-3.3964e+00
-2.8872e+00
-2.4529e+00
-2.0857e+00
-1.7763e+00
-1.5155e+00
-1.2956e+00
-1.1098e+00
-9.5244e-01
-8.1894e-01
-7.0541e-01
-6.0868e-01
-5.2609e-01
-4.5544e-01
-3.9491e-01
-3.4295e-01
-2.9829e-01
-2.5985e-01
-2.2057e-01
-1.9351e-01
-1.7001e-01
-1.4958e-01
-1.3181e-01
-1.1634e-01
-1.0285e-01
-9.1074e-02
-8.0787e-02
-7.1786e-02
-6.3902e-02
-1.5948e-01
-2.8664e-01
-4.0699e-01
-5.0647e-01
-5.6745e-01
-5.8702e-01
-5.7299e-01
-5.3740e-01
-4.9074e-01
-4.4029e-01
-3.9044e-01
-3.4358e-01
-3.0084e-01
-2.6256e-01
-2.2870e-01
-1.9896e-01
-1.7298e-01
-1.5036e-01
-1.3071e-01
-1.1366e-01
-9.8890e-02
-8.6091e-02
-7.5005e-02
-6.5404e-02
-5.7085e-02
-4.9153e-02
-4.2779e-02
-3.7466e-02
-3.2923e-02
-2.8990e-02
-2.5573e-02
-2.2594e-02
-1.9994e-02
-1.7721e-02
-1.5732e-02
-1.3989e-02
-5.1626e-02
-1.2777e-01
-2.0529e-01
-2.7773e-01
-3.3115e-01
-3.5881e-01
-3.6233e-01
-3.4811e-01
-3.2325e-01
-2.9338e-01
-2.6224e-01
-2.3204e-01
-2.0395e-01
-1.7848e-01
-1.5575e-01
-1.3567e-01
-1.1806e-01
-1.0268e-01
-8.9296e-02
-7.7667e-02
-6.7575e-02
-5.8826e-02
-5.1244e-02
-4.4673e-02
-3.8980e-02
-3.3409e-02
-2.9273e-02
-2.5599e-02
-2.2462e-02
-1.9759e-02
-1.7415e-02
-1.5376e-02
-1.3596e-02
-1.2042e-02
-1.0683e-02
-9.4920e-03
-1.4109e-01
-1.3971e+00
-2.0978e+00
-2.3428e+00
-2.3833e+00
-2.3244e+00
-2.2148e+00
-2.0800e+00
-1.9352e+00
-1.7894e+00
-1.6480e+00
-1.5139e+00
-1.3887e+00
-1.2728e+00
-1.1663e+00
-1.0688e+00
-9.7990e-01
-8.9895e-01
-8.2533e-01
-7.5841e-01
-6.9758e-01
-6.4228e-01
-5.9197e-01
-5.4619e-01
-5.0447e-01
-4.5212e-01
-4.1961e-01
-3.8968e-01
-3.6219e-01
-3.3695e-01
-3.1377e-01
-2.9244e-01
-2.7280e-01
-2.5468e-01
-2.3797e-01
-2.2252e-01
-1.0647e-01
-1.1608e+00
-1.8517e+00
-2.1056e+00
-2.1513e+00
-2.0987e+00
-1.9982e+00
-1.8744e+00
-1.7418e+00
-1.6085e+00
-1.4796e+00
-1.3576e+00
-1.2440e+00
-1.1392e+00
-1.0431e+00
-9.5531e-01
-8.7543e-01
-8.0283e-01
-7.3690e-01
-6.7705e-01
-6.2271e-01
-5.7334e-01
-5.2846e-01
-4.8763e-01
-4.5044e-01
-4.0360e-01
-3.7470e-01
-3.4810e-01
-3.2363e-01
-3.0116e-01
-2.8050e-01
-2.6149e-01
-2.4398e-01
-2.2783e-01
-2.1292e-01
-1.9914e-01
-2.1929e-01
-8.9540e-01
-1.2167e+00
-1.2885e+00
-1.2677e+00
-1.2086e+00
-1.1325e+00
-1.0494e+00
-9.6544e-01
-8.8412e-01
-8.0746e-01
-7.3640e-01
-6.7126e-01
-6.1197e-01
-5.5825e-01
-5.0971e-01
-4.6588e-01
-4.2635e-01
-3.9067e-01
-3.5845e-01
-3.2933e-01
-3.0298e-01
-2.7909e-01
-2.5742e-01
-2.3772e-01
-2.1318e-01
-1.9782e-01
-1.8376e-01
-1.7086e-01
-1.5901e-01
-1.4811e-01
-1.3808e-01
-1.2885e-01
-1.2033e-01
-1.1247e-01
-1.0520e-01
-1.6414e-01
-7.4221e-01
-9.9617e-01
-9.6470e-01
-8.6160e-01
-7.6020e-01
-6.7359e-01
-6.0013e-01
-5.3695e-01
-4.8197e-01
-4.3380e-01
-3.9141e-01
-3.5400e-01
-3.2089e-01
-2.9151e-01
-2.6538e-01
-2.4208e-01
-2.2126e-01
-2.0261e-01
-1.8585e-01
-1.7077e-01
-1.5716e-01
-1.4485e-01
-1.3370e-01
-1.2357e-01
-1.1081e-01
-1.0295e-01
-9.5791e-02
-8.9181e-02
-8.3088e-02
-7.7472e-02
-7.2298e-02
-6.7525e-02
-6.3119e-02
-5.9049e-02
-5.5283e-02
-7.8165e-02
-1.5987e-01
-1.4066e-01
-1.1289e-01
-9.2415e-02
-7.7693e-02
-6.6524e-02
-5.7581e-02
-5.0201e-02
-4.4004e-02
-3.8745e-02
-3.4250e-02
-3.0384e-02
-2.7043e-02
-2.4146e-02
-2.1622e-02
-1.9417e-02
-1.7483e-02
-1.5782e-02
-1.4281e-02
-1.2953e-02
-1.1775e-02
-1.0726e-02
-9.7900e-03
-8.9530e-03
-7.9610e-03
-7.3230e-03
-6.7510e-03
-6.2320e-03
-5.7590e-03
-5.3300e-03
-4.9390e-03
-4.5830e-03
-4.2570e-03
-3.9590e-03
-3.6870e-03
