2.69641074e+02
5.03038469e+01
5.03334695e+01
4.99350593e+01
4.96121541e+01
5.02321680e+01
5.00468219e+01
4.97923584e+01
4.99667051e+01
5.00344606e+01
5.02014729e+01
4.97710154e+01
4.96970860e+01
5.00342763e+01
5.00540352e+01
4.98859697e+01
5.01529029e+01
4.96544301e+01
4.97901055e+01
5.01985356e+01
4.95721200e+01
4.98586810e+01
4.98965298e+01
5.00817437e+01
5.01960181e+01
4.98209250e+01
4.98963740e+01
4.99370366e+01
5.02084853e+01
5.01298783e+01
5.03251122e+01
5.02558751e+01
4.99132405e+01
5.00379963e+01
4.98186216e+01
5.02553658e+01
4.98535405e+01
2.69970827e+02
1.49833288e+02
1.43721960e+02
1.39997109e+02
1.36900158e+02
1.34745810e+02
1.32396520e+02
1.30637357e+02
1.29306653e+02
1.27970340e+02
1.27082362e+02
1.25973266e+02
1.25509318e+02
1.24501239e+02
1.23654676e+02
1.23803270e+02
1.23272126e+02
1.22931568e+02
1.22399375e+02
1.22277577e+02
1.21847097e+02
1.22049555e+02
1.22219495e+02
1.21839219e+02
1.21257649e+02
1.21297951e+02
1.21124798e+02
1.21179995e+02
1.20968849e+02
1.20916147e+02
1.21186958e+02
1.20975406e+02
1.20417514e+02
1.20769181e+02
1.20707284e+02
1.20792897e+02
1.20790039e+02
2.69967117e+02
2.50287336e+02
2.44184174e+02
2.38818177e+02
2.33495324e+02
2.27877125e+02
2.23366014e+02
2.18916859e+02
2.15956107e+02
2.13159859e+02
2.10411979e+02
2.08635688e+02
2.06400913e+02
2.05085604e+02
2.03585646e+02
2.02857745e+02
2.01762042e+02
2.00974356e+02
2.00227425e+02
1.99508039e+02
1.98863323e+02
1.98854736e+02
1.98059539e+02
1.97970196e+02
1.97467144e+02
1.97407354e+02
1.97035663e+02
1.97138494e+02
1.96973304e+02
1.96225648e+02
1.96365871e+02
1.96187723e+02
1.96330018e+02
1.96170890e+02
1.95822817e+02
1.96077484e+02
1.96333173e+02
2.68594604e+02
2.68614202e+02
2.68287543e+02
2.67916910e+02
2.67391286e+02
2.67124829e+02
2.66608444e+02
2.65961148e+02
2.65493985e+02
2.65393627e+02
2.64956059e+02
2.64532880e+02
2.63996944e+02
2.64227002e+02
2.63903887e+02
2.63696864e+02
2.63514982e+02
2.63370544e+02
2.63415128e+02
2.62940546e+02
2.63018846e+02
2.63221848e+02
2.62745961e+02
2.62821709e+02
2.62816515e+02
2.62437815e+02
2.62577362e+02
2.62444334e+02
2.62203289e+02
2.62678011e+02
2.62829397e+02
2.62813090e+02
2.62491688e+02
2.62480227e+02
2.62375773e+02
2.62514074e+02
2.62199682e+02
2.68590033e+02
2.68465044e+02
2.68386731e+02
2.68113752e+02
2.68121393e+02
2.67171189e+02
2.67254262e+02
2.66765910e+02
2.66840905e+02
2.66274130e+02
2.66041355e+02
2.65575172e+02
2.65379576e+02
2.65245783e+02
2.65335830e+02
2.64906018e+02
2.65184663e+02
2.65439810e+02
2.65226965e+02
2.64931236e+02
2.64775087e+02
2.65028573e+02
2.64561022e+02
2.64365442e+02
2.64136743e+02
2.64503082e+02
2.64471264e+02
2.64639779e+02
2.64708900e+02
2.64502665e+02
2.64182673e+02
2.64415588e+02
2.64359547e+02
2.64678378e+02
2.64402133e+02
2.64294500e+02
2.64398436e+02
2.70777370e+02
2.70315932e+02
2.68433623e+02
2.66260133e+02
2.63671205e+02
2.60910301e+02
2.58521378e+02
2.56211581e+02
2.54144290e+02
2.51466490e+02
2.49297550e+02
2.47967795e+02
2.46143027e+02
2.44956048e+02
2.43634585e+02
2.42240253e+02
2.41202320e+02
2.40015876e+02
2.38749799e+02
2.38133607e+02
2.37211247e+02
2.36509955e+02
2.35567044e+02
2.35402954e+02
2.35103798e+02
2.33969069e+02
2.33944103e+02
2.32789475e+02
2.32398856e+02
2.32128033e+02
2.32098147e+02
2.31667468e+02
2.31304626e+02
2.30584873e+02
2.30402814e+02
2.30510746e+02
2.29796686e+02
2.70624853e+02
2.70509753e+02
2.68862898e+02
2.66966406e+02
2.64869124e+02
2.62234636e+02
2.60051836e+02
2.57677656e+02
2.55970473e+02
2.54191238e+02
2.52367110e+02
2.50533890e+02
2.49123855e+02
2.47412648e+02
2.46638137e+02
2.45118686e+02
2.44647721e+02
2.43671282e+02
2.42788199e+02
2.41979394e+02
2.40966419e+02
2.40436449e+02
2.40003645e+02
2.38842535e+02
2.38475448e+02
2.37825385e+02
2.37838362e+02
2.36893667e+02
2.36645927e+02
2.36374499e+02
2.35869378e+02
2.35798685e+02
2.35327508e+02
2.35011318e+02
2.34921450e+02
2.34591384e+02
2.34474570e+02
2.71340336e+02
2.70708316e+02
2.69857361e+02
2.68379869e+02
2.66971370e+02
2.66176055e+02
2.64487816e+02
2.63329018e+02
2.62036022e+02
2.61005194e+02
2.59937064e+02
2.59251973e+02
2.58201516e+02
2.57977328e+02
2.56984673e+02
2.56545064e+02
2.56031893e+02
2.55278249e+02
2.55228308e+02
2.54338735e+02
2.54293974e+02
2.53685871e+02
2.53604197e+02
2.53064493e+02
2.52905895e+02
2.52905288e+02
2.52625106e+02
2.52119102e+02
2.52008142e+02
2.52128522e+02
2.51597392e+02
2.51456021e+02
2.51105830e+02
2.51418707e+02
2.51128151e+02
2.51220536e+02
2.50743064e+02
2.70939681e+02
2.71151840e+02
2.70447552e+02
2.68822127e+02
2.67943394e+02
2.66909886e+02
2.66140159e+02
2.65632556e+02
2.64971344e+02
2.64239555e+02
2.63868547e+02
2.63653038e+02
2.62678361e+02
2.62461959e+02
2.62008378e+02
2.62076045e+02
2.61694324e+02
2.61144653e+02
2.61272963e+02
2.60895832e+02
2.60925213e+02
2.60576834e+02
2.60158916e+02
2.60505538e+02
2.60037653e+02
2.59900456e+02
2.60081605e+02
2.59572659e+02
2.59691949e+02
2.59566432e+02
2.59213944e+02
2.59377713e+02
2.59697237e+02
2.59122053e+02
2.59265822e+02
2.59241139e+02
2.58765025e+02
2.71241820e+02
2.70716645e+02
2.70742897e+02
2.70087298e+02
2.69916886e+02
2.70003368e+02
2.70256371e+02
2.70151337e+02
2.70134516e+02
2.70399120e+02
2.69935061e+02
2.69679916e+02
2.70342365e+02
2.70043610e+02
2.70154358e+02
2.69733884e+02
2.69423353e+02
2.69589113e+02
2.69605649e+02
2.69787323e+02
2.69556321e+02
2.69737308e+02
2.69646539e+02
2.69648686e+02
2.69389624e+02
2.69709790e+02
2.70060653e+02
2.69954679e+02
2.69828001e+02
2.69436634e+02
2.69778835e+02
2.69577930e+02
2.69681165e+02
2.69551011e+02
2.69423796e+02
2.69522223e+02
2.69613154e+02
