2.69902418e+02
4.99894517e+01
5.01098346e+01
4.98281061e+01
4.97672037e+01
5.00652821e+01
4.99933613e+01
4.97664473e+01
4.99373136e+01
5.01142947e+01
4.99222670e+01
4.98282271e+01
4.96268072e+01
4.99703793e+01
4.96452528e+01
5.04395431e+01
5.01163299e+01
4.97214138e+01
5.01231836e+01
4.98781529e+01
4.99553523e+01
5.01288626e+01
5.00007714e+01
4.99150297e+01
4.99271834e+01
4.98895591e+01
5.02261052e+01
4.98391923e+01
4.99981703e+01
4.96341312e+01
4.97626291e+01
5.01136926e+01
5.00707468e+01
5.01015996e+01
5.01222181e+01
4.99590381e+01
5.00446017e+01
2.70100768e+02
1.50502554e+02
1.43722966e+02
1.39877645e+02
1.37339695e+02
1.34728697e+02
1.32690363e+02
1.30656766e+02
1.28998624e+02
1.27886641e+02
1.27200836e+02
1.26163096e+02
1.25216152e+02
1.24376126e+02
1.24028357e+02
1.23653213e+02
1.23331429e+02
1.22971794e+02
1.22569453e+02
1.21767175e+02
1.22090774e+02
1.21862882e+02
1.21841360e+02
1.21902436e+02
1.21408915e+02
1.21191722e+02
1.21340775e+02
1.21173946e+02
1.20946586e+02
1.20532961e+02
1.20932374e+02
1.20373437e+02
1.20718005e+02
1.20396618e+02
1.20617973e+02
1.20312913e+02
1.20436445e+02
2.69972144e+02
2.50093805e+02
2.44477578e+02
2.38472759e+02
2.33355302e+02
2.28196090e+02
2.22938792e+02
2.19359571e+02
2.16030724e+02
2.12797798e+02
2.10466995e+02
2.08433246e+02
2.06720872e+02
2.04802021e+02
2.03715982e+02
2.02578123e+02
2.01627895e+02
2.00612071e+02
2.00246083e+02
1.99421509e+02
1.98836841e+02
1.99046473e+02
1.98023698e+02
1.97812347e+02
1.97451117e+02
1.97572014e+02
1.96986344e+02
1.96987123e+02
1.96608005e+02
1.96375825e+02
1.96071846e+02
1.96270156e+02
1.96339720e+02
1.96031280e+02
1.96249788e+02
1.95756320e+02
1.95876514e+02
2.68640860e+02
2.68574137e+02
2.68292517e+02
2.68026019e+02
2.67516795e+02
2.67304930e+02
2.66497596e+02
2.65889100e+02
2.65386136e+02
2.65904837e+02
2.64803498e+02
2.64539884e+02
2.64224983e+02
2.63923595e+02
2.63912721e+02
2.63657575e+02
2.63648196e+02
2.63243644e+02
2.63568604e+02
2.63258293e+02
2.63309553e+02
2.62935534e+02
2.63032063e+02
2.62922817e+02
2.62933534e+02
2.62792533e+02
2.62627822e+02
2.62578766e+02
2.62688741e+02
2.62612379e+02
2.62464332e+02
2.62943969e+02
2.62605675e+02
2.62478794e+02
2.62441581e+02
2.62857050e+02
2.62607583e+02
2.68355166e+02
2.68323732e+02
2.68762480e+02
2.68129151e+02
2.67630629e+02
2.67211119e+02
2.67206824e+02
2.67106190e+02
2.66592957e+02
2.66232904e+02
2.66254907e+02
2.66109227e+02
2.65915275e+02
2.64997050e+02
2.65250903e+02
2.65082018e+02
2.64989775e+02
2.65101122e+02
2.65441439e+02
2.64852239e+02
2.64921324e+02
2.64549630e+02
2.65083457e+02
2.64866522e+02
2.65182320e+02
2.64787999e+02
2.64709935e+02
2.64715533e+02
2.64537008e+02
2.64758425e+02
2.64569195e+02
2.64630937e+02
2.64706714e+02
2.64604998e+02
2.64431978e+02
2.64797056e+02
2.64316847e+02
2.72885383e+02
2.72780345e+02
2.70710906e+02
2.68153573e+02
2.65234960e+02
2.62460064e+02
2.59936838e+02
2.57489580e+02
2.54694591e+02
2.52709688e+02
2.50671920e+02
2.48738725e+02
2.47017477e+02
2.45587700e+02
2.44090751e+02
2.42365950e+02
2.41491962e+02
2.40352698e+02
2.38923880e+02
2.38301979e+02
2.36940994e+02
2.36441387e+02
2.35744369e+02
2.35076627e+02
2.34459642e+02
2.33760551e+02
2.32662779e+02
2.32554185e+02
2.32377676e+02
2.31306814e+02
2.30826031e+02
2.31106268e+02
2.30296808e+02
2.30049776e+02
2.29580231e+02
2.29494750e+02
2.29073665e+02
2.72300384e+02
2.72162816e+02
2.70805049e+02
2.68812669e+02
2.66445486e+02
2.64040118e+02
2.61395865e+02
2.59145068e+02
2.57164476e+02
2.55136494e+02
2.53573761e+02
2.51154659e+02
2.49652112e+02
2.48467306e+02
2.47350046e+02
2.45716805e+02
2.44625342e+02
2.43613850e+02
2.42326305e+02
2.41667759e+02
2.41578514e+02
2.40073182e+02
2.39596357e+02
2.38890791e+02
2.38287705e+02
2.38101531e+02
2.37304287e+02
2.36732896e+02
2.36471808e+02
2.35700807e+02
2.35647933e+02
2.34948578e+02
2.35006252e+02
2.34543607e+02
2.33996846e+02
2.33610317e+02
2.33465822e+02
2.71948605e+02
2.71785355e+02
2.70505213e+02
2.68962632e+02
2.67171027e+02
2.66079082e+02
2.64523432e+02
2.63677714e+02
2.62363880e+02
2.61246751e+02
2.60125292e+02
2.59165394e+02
2.58761012e+02
2.57663257e+02
2.57118006e+02
2.56097192e+02
2.55800829e+02
2.54924825e+02
2.54780283e+02
2.54202030e+02
2.53672083e+02
2.52789078e+02
2.52815453e+02
2.52437943e+02
2.52347089e+02
2.51621493e+02
2.51848280e+02
2.51099349e+02
2.51090567e+02
2.50954342e+02
2.50645680e+02
2.50212610e+02
2.49901924e+02
2.50137404e+02
2.50043337e+02
2.49918277e+02
2.49217432e+02
2.71211877e+02
2.71094692e+02
2.70140765e+02
2.69024710e+02
2.68057317e+02
2.67364600e+02
2.66112859e+02
2.65198442e+02
2.64946144e+02
2.64107961e+02
2.63710453e+02
2.62953684e+02
2.62714719e+02
2.62083287e+02
2.62029303e+02
2.61899071e+02
2.61091839e+02
2.60896229e+02
2.60801590e+02
2.60268343e+02
2.59990589e+02
2.59737589e+02
2.59628672e+02
2.59188395e+02
2.59553715e+02
2.59052499e+02
2.59255134e+02
2.58871620e+02
2.58488468e+02
2.58636723e+02
2.58373982e+02
2.58250661e+02
2.58447117e+02
2.57985668e+02
2.57917264e+02
2.57685285e+02
2.57935545e+02
2.70969286e+02
2.70676055e+02
2.70461003e+02
2.70688888e+02
2.70247070e+02
2.70334037e+02
2.69984635e+02
2.70194950e+02
2.69886587e+02
2.69733929e+02
2.69863184e+02
2.69656900e+02
2.69736504e+02
2.69174618e+02
2.69793967e+02
2.69477863e+02
2.69660779e+02
2.69709085e+02
2.69465764e+02
2.69317479e+02
2.69777381e+02
2.69364027e+02
2.69540443e+02
2.69049431e+02
2.69372076e+02
2.69465771e+02
2.69437375e+02
2.69667694e+02
2.69250010e+02
2.69023296e+02
2.69599692e+02
2.69598934e+02
2.69317024e+02
2.69669008e+02
2.69490032e+02
2.69446952e+02
2.69269516e+02
