2.69991951e+02
5.01162234e+01
5.01663197e+01
4.97227384e+01
5.00404554e+01
4.99766307e+01
4.99663522e+01
4.97669422e+01
5.04368723e+01
5.01523202e+01
4.96582605e+01
4.99292501e+01
4.98618636e+01
4.98528406e+01
4.98614833e+01
5.02923360e+01
4.98817334e+01
4.97901210e+01
4.98092484e+01
4.97705189e+01
4.96910608e+01
5.01503515e+01
5.05982380e+01
5.02090195e+01
4.98087590e+01
4.96002783e+01
4.97640953e+01
4.96115359e+01
4.99437067e+01
4.99456385e+01
4.99504395e+01
4.98208298e+01
5.00453872e+01
4.98663263e+01
4.96158803e+01
5.01172905e+01
4.98708941e+01
2.69837961e+02
1.49807569e+02
1.43585528e+02
1.39862002e+02
1.36838810e+02
1.34314569e+02
1.32133270e+02
1.29988338e+02
1.28276959e+02
1.27653869e+02
1.26423774e+02
1.25852141e+02
1.24686722e+02
1.24421182e+02
1.24162635e+02
1.23284682e+02
1.22937701e+02
1.22422634e+02
1.22163175e+02
1.21881155e+02
1.21763887e+02
1.21361814e+02
1.21546488e+02
1.21346335e+02
1.21198491e+02
1.21166574e+02
1.20880487e+02
1.20587677e+02
1.20977962e+02
1.20216656e+02
1.20781122e+02
1.20438175e+02
1.20372692e+02
1.20648485e+02
1.20034112e+02
1.20065830e+02
1.20352602e+02
2.69707136e+02
2.49603646e+02
2.44160794e+02
2.39005460e+02
2.33353427e+02
2.28193127e+02
2.23903977e+02
2.19644131e+02
2.16641101e+02
2.13733539e+02
2.11720540e+02
2.08903220e+02
2.07714014e+02
2.05922164e+02
2.04565027e+02
2.03650656e+02
2.02225270e+02
2.02191783e+02
2.01233171e+02
2.00710661e+02
2.00521716e+02
1.99318356e+02
1.99268078e+02
1.99139794e+02
1.98437190e+02
1.98331511e+02
1.98067790e+02
1.98445308e+02
1.97717677e+02
1.97686834e+02
1.97280629e+02
1.97194092e+02
1.97547126e+02
1.97053401e+02
1.97016810e+02
1.96834326e+02
1.96745229e+02
2.68368624e+02
2.68660648e+02
2.68231903e+02
2.67696785e+02
2.67353078e+02
2.67183186e+02
2.66713954e+02
2.65912602e+02
2.65543297e+02
2.64583516e+02
2.64217726e+02
2.63902733e+02
2.63790802e+02
2.63500208e+02
2.63538781e+02
2.63006322e+02
2.62782664e+02
2.62454826e+02
2.62745595e+02
2.62360874e+02
2.62467667e+02
2.62573519e+02
2.62087265e+02
2.62488451e+02
2.62266503e+02
2.62007273e+02
2.62185644e+02
2.61587632e+02
2.62002805e+02
2.61919671e+02
2.62386690e+02
2.61868193e+02
2.61985677e+02
2.62102080e+02
2.61998301e+02
2.61961740e+02
2.62158554e+02
2.68522659e+02
2.68286441e+02
2.68384324e+02
2.68118586e+02
2.67954177e+02
2.67319879e+02
2.66913700e+02
2.66797704e+02
2.66853009e+02
2.66069906e+02
2.66140860e+02
2.65470908e+02
2.65529428e+02
2.65438951e+02
2.65522686e+02
2.64872835e+02
2.65178251e+02
2.64473962e+02
2.64745770e+02
2.64590239e+02
2.65068982e+02
2.64107423e+02
2.65056372e+02
2.64531426e+02
2.64596695e+02
2.64387356e+02
2.64308267e+02
2.64418071e+02
2.64292398e+02
2.64482646e+02
2.64499092e+02
2.64090721e+02
2.64267875e+02
2.63883035e+02
2.64161088e+02
2.64335577e+02
2.64414284e+02
2.75557722e+02
2.74541661e+02
2.72283555e+02
2.68993149e+02
2.66590304e+02
2.63895825e+02
2.60649282e+02
2.58352127e+02
2.56478940e+02
2.54204120e+02
2.52400326e+02
2.50368165e+02
2.48926860e+02
2.47546211e+02
2.46090478e+02
2.44257199e+02
2.43454043e+02
2.42319445e+02
2.41190318e+02
2.40261230e+02
2.39854977e+02
2.38695936e+02
2.38021591e+02
2.37781154e+02
2.36924570e+02
2.36386262e+02
2.35302082e+02
2.35332156e+02
2.34521519e+02
2.33892812e+02
2.33901478e+02
2.33038922e+02
2.33361573e+02
2.32694596e+02
2.32068798e+02
2.32114000e+02
2.31656401e+02
2.74831242e+02
2.74676365e+02
2.73446120e+02
2.71650733e+02
2.69860983e+02
2.67019904e+02
2.64703602e+02
2.62452848e+02
2.60053954e+02
2.58464520e+02
2.56597697e+02
2.55341900e+02
2.53322022e+02
2.51969347e+02
2.50457049e+02
2.49615789e+02
2.48390354e+02
2.47188279e+02
2.45973333e+02
2.45688462e+02
2.44824765e+02
2.43909363e+02
2.43338710e+02
2.42851034e+02
2.42103295e+02
2.41657952e+02
2.41071469e+02
2.40443224e+02
2.39800726e+02
2.39801897e+02
2.39172745e+02
2.38798925e+02
2.38496003e+02
2.38131063e+02
2.37683491e+02
2.37339749e+02
2.37278268e+02
2.73610025e+02
2.73093997e+02
2.71820993e+02
2.70189020e+02
2.68957765e+02
2.67606916e+02
2.66171390e+02
2.64786263e+02
2.63597050e+02
2.62608909e+02
2.61146154e+02
2.60353552e+02
2.59720396e+02
2.58926735e+02
2.58374979e+02
2.57223057e+02
2.56961325e+02
2.56442633e+02
2.55770629e+02
2.55525183e+02
2.55102828e+02
2.54484794e+02
2.53982615e+02
2.54522828e+02
2.53559474e+02
2.53363792e+02
2.52945502e+02
2.52834719e+02
2.52394586e+02
2.51827291e+02
2.52055997e+02
2.52096022e+02
2.51526067e+02
2.51794677e+02
2.51079138e+02
2.51389323e+02
2.51089627e+02
2.72147606e+02
2.71666455e+02
2.70703711e+02
2.70032899e+02
2.68698457e+02
2.67426128e+02
2.67121345e+02
2.66212185e+02
2.65520124e+02
2.64856858e+02
2.63946520e+02
2.63633607e+02
2.63367695e+02
2.63121942e+02
2.62387717e+02
2.62191552e+02
2.61643199e+02
2.61258308e+02
2.61241920e+02
2.60799907e+02
2.60370173e+02
2.60328557e+02
2.60073619e+02
2.60080195e+02
2.60144295e+02
2.59481709e+02
2.59411782e+02
2.59518768e+02
2.59426072e+02
2.59651269e+02
2.59077662e+02
2.59148676e+02
2.59412410e+02
2.58916514e+02
2.58980927e+02
2.58746037e+02
2.58639771e+02
2.71300049e+02
2.71113609e+02
2.71075526e+02
2.70280510e+02
2.70531965e+02
2.70527409e+02
2.70001787e+02
2.69995784e+02
2.70326892e+02
2.70229020e+02
2.69740985e+02
2.69876046e+02
2.69687146e+02
2.69568889e+02
2.69535435e+02
2.69655547e+02
2.69509608e+02
2.69491971e+02
2.69450698e+02
2.69535721e+02
2.69532491e+02
2.69527905e+02
2.69974136e+02
2.69939253e+02
2.69331318e+02
2.69484160e+02
2.69636010e+02
2.69500500e+02
2.69464867e+02
2.69709583e+02
2.69320073e+02
2.69236422e+02
2.69563938e+02
2.69459963e+02
2.69126897e+02
2.69385972e+02
2.69422827e+02
