2.69919196e+02
4.99271339e+01
5.02332772e+01
4.98722125e+01
5.00245527e+01
5.00916667e+01
5.00827553e+01
4.98131795e+01
4.99271872e+01
4.98929527e+01
5.01648499e+01
4.99752579e+01
4.99420045e+01
4.98220472e+01
4.99404580e+01
5.00912263e+01
4.99190668e+01
5.01063971e+01
4.99426888e+01
4.99818908e+01
4.99021314e+01
4.98886851e+01
4.99572947e+01
5.03295613e+01
5.00448038e+01
5.03071043e+01
4.99883529e+01
4.98545428e+01
4.99186894e+01
4.97896076e+01
4.98087411e+01
5.01772777e+01
5.00903461e+01
4.98723018e+01
5.01717191e+01
5.02543004e+01
4.99268174e+01
2.69999610e+02
1.50087226e+02
1.43589560e+02
1.39630891e+02
1.36300947e+02
1.34244727e+02
1.31857396e+02
1.29846386e+02
1.28370997e+02
1.27137013e+02
1.26148543e+02
1.25247227e+02
1.25253236e+02
1.23969890e+02
1.23775107e+02
1.23144293e+02
1.22723745e+02
1.22476413e+02
1.22077321e+02
1.22012164e+02
1.21420914e+02
1.21667438e+02
1.21233229e+02
1.21556159e+02
1.21302520e+02
1.20655177e+02
1.20395834e+02
1.20391009e+02
1.20557958e+02
1.20648005e+02
1.20461365e+02
1.20320647e+02
1.20226026e+02
1.20402490e+02
1.20425508e+02
1.19895433e+02
1.20280673e+02
2.69883071e+02
2.50212208e+02
2.44354667e+02
2.38908902e+02
2.33353668e+02
2.28390982e+02
2.23683062e+02
2.19880244e+02
2.16049028e+02
2.13587940e+02
2.11299229e+02
2.08803105e+02
2.07221549e+02
2.05808655e+02
2.04366278e+02
2.03230287e+02
2.02386607e+02
2.01612517e+02
2.00834888e+02
2.00008022e+02
1.99725223e+02
1.99375906e+02
1.98884557e+02
1.98540283e+02
1.98252177e+02
1.97939360e+02
1.97753866e+02
1.97699656e+02
1.97620532e+02
1.97243531e+02
1.96777837e+02
1.97059971e+02
1.96749450e+02
1.97263303e+02
1.96480707e+02
1.97205801e+02
1.96399237e+02
2.68627602e+02
2.68483499e+02
2.68667604e+02
2.67745335e+02
2.67416414e+02
2.66974039e+02
2.66802813e+02
2.65649616e+02
2.65015595e+02
2.65335716e+02
2.64892928e+02
2.64257442e+02
2.63952965e+02
2.63589256e+02
2.63096693e+02
2.62991384e+02
2.63088733e+02
2.62620790e+02
2.62643989e+02
2.62645782e+02
2.62340000e+02
2.62460955e+02
2.62106212e+02
2.62205819e+02
2.62221283e+02
2.61761935e+02
2.62003187e+02
2.62457415e+02
2.61945373e+02
2.62091010e+02
2.61975608e+02
2.61332297e+02
2.61501772e+02
2.62268931e+02
2.61800465e+02
2.61924630e+02
2.61976625e+02
2.68233501e+02
2.68742204e+02
2.68182267e+02
2.68297364e+02
2.67929571e+02
2.67291263e+02
2.67200434e+02
2.66843219e+02
2.66445458e+02
2.65942184e+02
2.65971579e+02
2.65459594e+02
2.65197065e+02
2.64872436e+02
2.65093647e+02
2.64807779e+02
2.64868617e+02
2.64206513e+02
2.64656975e+02
2.64032337e+02
2.64170380e+02
2.64803935e+02
2.64253872e+02
2.64201929e+02
2.64220800e+02
2.64428911e+02
2.64110305e+02
2.64363532e+02
2.63892194e+02
2.64126086e+02
2.63715733e+02
2.63869790e+02
2.63820087e+02
2.63914714e+02
2.63777520e+02
2.63768601e+02
2.64177351e+02
2.70565898e+02
2.70141207e+02
2.68661268e+02
2.66157838e+02
2.63671643e+02
2.61183973e+02
2.58795298e+02
2.56025836e+02
2.54013976e+02
2.52441465e+02
2.50561942e+02
2.48312096e+02
2.46945882e+02
2.45389729e+02
2.44175876e+02
2.43219343e+02
2.41565878e+02
2.40180816e+02
2.39877204e+02
2.39110647e+02
2.38294812e+02
2.37478266e+02
2.36758930e+02
2.36510334e+02
2.35628324e+02
2.35018385e+02
2.34897447e+02
2.34128361e+02
2.34032232e+02
2.33428809e+02
2.33079730e+02
2.32346414e+02
2.32451889e+02
2.31840645e+02
2.31922902e+02
2.31251052e+02
2.31410657e+02
2.70848238e+02
2.70258032e+02
2.69406331e+02
2.67005456e+02
2.64367467e+02
2.62128900e+02
2.60130109e+02
2.58003471e+02
2.56123848e+02
2.53797547e+02
2.52547694e+02
2.50779506e+02
2.49500730e+02
2.48471169e+02
2.47212898e+02
2.45500126e+02
2.44620074e+02
2.44057305e+02
2.43256515e+02
2.42074087e+02
2.41265729e+02
2.40569191e+02
2.40454787e+02
2.39920599e+02
2.39253876e+02
2.38684347e+02
2.38199524e+02
2.37898863e+02
2.37628646e+02
2.37198317e+02
2.36790222e+02
2.36549257e+02
2.36135398e+02
2.36029520e+02
2.35904873e+02
2.35519135e+02
2.35235702e+02
2.71140653e+02
2.71109864e+02
2.70080032e+02
2.68634518e+02
2.67315280e+02
2.65824889e+02
2.64978880e+02
2.63561138e+02
2.62403695e+02
2.61762371e+02
2.60656367e+02
2.59934340e+02
2.58821762e+02
2.57906823e+02
2.57264995e+02
2.56766820e+02
2.56668212e+02
2.56068390e+02
2.55473856e+02
2.54820002e+02
2.54472962e+02
2.54308645e+02
2.54203955e+02
2.54139181e+02
2.53309708e+02
2.53523750e+02
2.53269650e+02
2.53053644e+02
2.52715532e+02
2.52309423e+02
2.52234518e+02
2.52938857e+02
2.52350597e+02
2.51742390e+02
2.51794357e+02
2.51550186e+02
2.51778728e+02
2.71229976e+02
2.71074774e+02
2.69739106e+02
2.68755484e+02
2.67931791e+02
2.66956490e+02
2.66435537e+02
2.65500740e+02
2.65017590e+02
2.64124909e+02
2.63809261e+02
2.63446575e+02
2.62956946e+02
2.62909945e+02
2.62608110e+02
2.62035668e+02
2.62048800e+02
2.61508140e+02
2.61255982e+02
2.61039194e+02
2.60908438e+02
2.60336933e+02
2.60368326e+02
2.60197336e+02
2.60256057e+02
2.59942842e+02
2.59869649e+02
2.59846318e+02
2.59664868e+02
2.59731127e+02
2.59408026e+02
2.59526848e+02
2.59281409e+02
2.59377472e+02
2.59472487e+02
2.59040670e+02
2.59367165e+02
2.70780241e+02
2.70644854e+02
2.70639625e+02
2.70619469e+02
2.70199744e+02
2.70356520e+02
2.70056426e+02
2.70085435e+02
2.69786035e+02
2.69996681e+02
2.70048744e+02
2.70112421e+02
2.69698340e+02
2.69770639e+02
2.70047910e+02
2.69881245e+02
2.69878698e+02
2.69691882e+02
2.69748565e+02
2.69701377e+02
2.69552889e+02
2.69663968e+02
2.69723530e+02
2.69754360e+02
2.69785327e+02
2.69503134e+02
2.69687313e+02
2.69641692e+02
2.69806012e+02
2.69549511e+02
2.69688118e+02
2.69711429e+02
2.69561850e+02
2.69876005e+02
2.69419965e+02
2.69598954e+02
2.69479885e+02
