-2.2000e+02
0.0000e+00
0.0000e+00
0.0000e+00
0.0000e+00
0.0000e+00
0.0000e+00
0.0000e+00
0.0000e+00
0.0000e+00
0.0000e+00
0.0000e+00
0.0000e+00
0.0000e+00
0.0000e+00
0.0000e+00
0.0000e+00
0.0000e+00
0.0000e+00
0.0000e+00
0.0000e+00
0.0000e+00
0.0000e+00
0.0000e+00
0.0000e+00
0.0000e+00
0.0000e+00
0.0000e+00
0.0000e+00
0.0000e+00
0.0000e+00
0.0000e+00
0.0000e+00
0.0000e+00
0.0000e+00
0.0000e+00
-1.2000e+02
-6.5175e+00
-3.8777e+00
-2.9635e+00
-2.5531e+00
-2.1996e+00
-1.8104e+00
-1.4880e+00
-1.2314e+00
-1.0268e+00
-8.6216e-01
-7.2843e-01
-6.1879e-01
-5.2817e-01
-4.5276e-01
-3.8962e-01
-3.3647e-01
-2.9153e-01
-2.5337e-01
-2.2084e-01
-1.9303e-01
-1.6917e-01
-1.4864e-01
-1.3094e-01
-1.1563e-01
-1.0237e-01
-9.0838e-02
-8.0801e-02
-6.9519e-02
-6.2467e-02
-5.6209e-02
-5.0654e-02
-4.5736e-02
-4.1377e-02
-3.7507e-02
-3.4069e-02
-2.0000e+01
-5.5603e+00
-5.5139e+00
-5.5488e+00
-5.2341e+00
-4.6176e+00
-3.9728e+00
-3.3847e+00
-2.8731e+00
-2.4369e+00
-2.0685e+00
-1.7585e+00
-1.4977e+00
-1.2782e+00
-1.0932e+00
-9.3696e-01
-8.0472e-01
-6.9256e-01
-5.9723e-01
-5.1604e-01
-4.4676e-01
-3.8753e-01
-3.3679e-01
-2.9326e-01
-2.5584e-01
-2.2363e-01
-1.9585e-01
-1.7186e-01
-1.4653e-01
-1.2962e-01
-1.1485e-01
-1.0196e-01
-9.0697e-02
-8.0838e-02
-7.2196e-02
-6.4608e-02
-9.9623e-02
-2.6219e-01
-3.9489e-01
-4.9864e-01
-5.6038e-01
-5.7903e-01
-5.6353e-01
-5.2661e-01
-4.7908e-01
-4.2828e-01
-3.7853e-01
-3.3211e-01
-2.9003e-01
-2.5255e-01
-2.1955e-01
-1.9070e-01
-1.6559e-01
-1.4381e-01
-1.2496e-01
-1.0864e-01
-9.4540e-02
-8.2351e-02
-7.1811e-02
-6.2698e-02
-5.4814e-02
-4.7988e-02
-4.2074e-02
-3.6946e-02
-3.1996e-02
-2.8008e-02
-2.4709e-02
-2.1889e-02
-1.9444e-02
-1.7308e-02
-1.5440e-02
-1.3800e-02
-3.0316e-02
-1.2018e-01
-2.1353e-01
-2.9360e-01
-3.4896e-01
-3.7516e-01
-3.7564e-01
-3.5809e-01
-3.3026e-01
-2.9801e-01
-2.6508e-01
-2.3360e-01
-2.0463e-01
-1.7856e-01
-1.5545e-01
-1.3516e-01
-1.1745e-01
-1.0204e-01
-8.8683e-02
-7.7113e-02
-6.7102e-02
-5.8444e-02
-5.0954e-02
-4.4477e-02
-3.8871e-02
-3.4018e-02
-2.9813e-02
-2.6168e-02
-2.2564e-02
-1.9873e-02
-1.7503e-02
-1.5482e-02
-1.3738e-02
-1.2220e-02
-1.0892e-02
-9.7290e-03
-4.6118e-01
-2.1426e+00
-2.6629e+00
-2.6992e+00
-2.5871e+00
-2.4274e+00
-2.2550e+00
-2.0827e+00
-1.9167e+00
-1.7602e+00
-1.6148e+00
-1.4807e+00
-1.3578e+00
-1.2456e+00
-1.1434e+00
-1.0504e+00
-9.6578e-01
-8.8888e-01
-8.1893e-01
-7.5526e-01
-6.9727e-01
-6.4440e-01
-5.9615e-01
-5.5207e-01
-5.1176e-01
-4.7484e-01
-4.4100e-01
-4.0995e-01
-3.6782e-01
-3.4367e-01
-3.2132e-01
-3.0056e-01
-2.8130e-01
-2.6345e-01
-2.4689e-01
-2.3153e-01
-1.4168e-01
-1.1837e+00
-1.9193e+00
-2.2291e+00
-2.3046e+00
-2.2591e+00
-2.1535e+00
-2.0200e+00
-1.8764e+00
-1.7325e+00
-1.5940e+00
-1.4635e+00
-1.3424e+00
-1.2309e+00
-1.1288e+00
-1.0358e+00
-9.5108e-01
-8.7405e-01
-8.0403e-01
-7.4036e-01
-6.8245e-01
-6.2973e-01
-5.8169e-01
-5.3788e-01
-4.9787e-01
-4.6130e-01
-4.2783e-01
-3.9718e-01
-3.5674e-01
-3.3234e-01
-3.1019e-01
-2.8975e-01
-2.7086e-01
-2.5338e-01
-2.3719e-01
-2.2219e-01
-3.6969e-01
-9.9514e-01
-1.2816e+00
-1.3397e+00
-1.3155e+00
-1.2566e+00
-1.1813e+00
-1.0988e+00
-1.0148e+00
-9.3305e-01
-8.5554e-01
-7.8336e-01
-7.1688e-01
-6.5607e-01
-6.0068e-01
-5.5034e-01
-5.0466e-01
-4.6320e-01
-4.2559e-01
-3.9143e-01
-3.6039e-01
-3.3216e-01
-3.0646e-01
-2.8303e-01
-2.6165e-01
-2.4212e-01
-2.2426e-01
-2.0791e-01
-1.8683e-01
-1.7399e-01
-1.6207e-01
-1.5108e-01
-1.4096e-01
-1.3162e-01
-1.2300e-01
-1.1502e-01
-2.6587e-01
-8.2745e-01
-1.0438e+00
-9.9166e-01
-8.7887e-01
-7.7379e-01
-6.8672e-01
-6.1440e-01
-5.5286e-01
-4.9949e-01
-4.5264e-01
-4.1118e-01
-3.7431e-01
-3.4137e-01
-3.1186e-01
-2.8535e-01
-2.6148e-01
-2.3993e-01
-2.2044e-01
-2.0278e-01
-1.8675e-01
-1.7217e-01
-1.5891e-01
-1.4681e-01
-1.3576e-01
-1.2567e-01
-1.1643e-01
-1.0797e-01
-9.7018e-02
-9.0408e-02
-8.4270e-02
-7.8576e-02
-7.3309e-02
-6.8446e-02
-6.3949e-02
-5.9793e-02
-8.7265e-02
-1.6601e-01
-1.4442e-01
-1.1502e-01
-9.3692e-02
-7.8633e-02
-6.7454e-02
-5.8631e-02
-5.1405e-02
-4.5356e-02
-4.0219e-02
-3.5813e-02
-3.2006e-02
-2.8695e-02
-2.5802e-02
-2.3262e-02
-2.1026e-02
-1.9048e-02
-1.7293e-02
-1.5733e-02
-1.4340e-02
-1.3095e-02
-1.1978e-02
-1.0975e-02
-1.0070e-02
-9.2560e-03
-8.5170e-03
-7.8500e-03
-7.0160e-03
-6.4940e-03
-6.0220e-03
-5.5920e-03
-5.1950e-03
-4.8330e-03
-4.5000e-03
-4.1940e-03
