-2.2000e+02
0.0000e+00
0.0000e+00
0.0000e+00
0.0000e+00
0.0000e+00
0.0000e+00
0.0000e+00
0.0000e+00
0.0000e+00
0.0000e+00
0.0000e+00
0.0000e+00
0.0000e+00
0.0000e+00
0.0000e+00
0.0000e+00
0.0000e+00
0.0000e+00
0.0000e+00
0.0000e+00
0.0000e+00
0.0000e+00
0.0000e+00
0.0000e+00
0.0000e+00
0.0000e+00
0.0000e+00
0.0000e+00
0.0000e+00
0.0000e+00
0.0000e+00
0.0000e+00
0.0000e+00
0.0000e+00
0.0000e+00
-1.2000e+02
-6.4571e+00
-3.8615e+00
-2.9529e+00
-2.5451e+00
-2.2049e+00
-1.8242e+00
-1.5049e+00
-1.2497e+00
-1.0455e+00
-8.8063e-01
-7.4623e-01
-6.3565e-01
-5.4394e-01
-4.6736e-01
-4.0304e-01
-3.4874e-01
-3.0270e-01
-2.6350e-01
-2.3002e-01
-2.0132e-01
-1.7667e-01
-1.5542e-01
-1.3707e-01
-1.2119e-01
-1.0741e-01
-9.5425e-02
-8.4986e-02
-7.5870e-02
-6.7898e-02
-6.0908e-02
-5.3885e-02
-4.7882e-02
-4.3454e-02
-3.9488e-02
-3.5953e-02
-2.0000e+01
-5.5257e+00
-5.5406e+00
-5.5873e+00
-5.2887e+00
-4.6848e+00
-4.0472e+00
-3.4621e+00
-2.9499e+00
-2.5109e+00
-2.1381e+00
-1.8229e+00
-1.5567e+00
-1.3318e+00
-1.1415e+00
-9.8031e-01
-8.4348e-01
-7.2712e-01
-6.2798e-01
-5.4336e-01
-4.7100e-01
-4.0902e-01
-3.5584e-01
-3.1014e-01
-2.7080e-01
-2.3690e-01
-2.0763e-01
-1.8233e-01
-1.6043e-01
-1.4145e-01
-1.2496e-01
-1.0902e-01
-9.5468e-02
-8.5172e-02
-7.6143e-02
-6.8219e-02
-7.9614e-02
-2.2751e-01
-3.5085e-01
-4.4643e-01
-5.0272e-01
-5.1952e-01
-5.0544e-01
-4.7215e-01
-4.2945e-01
-3.8392e-01
-3.3938e-01
-2.9787e-01
-2.6024e-01
-2.2672e-01
-1.9720e-01
-1.7137e-01
-1.4889e-01
-1.2938e-01
-1.1247e-01
-9.7833e-02
-8.5173e-02
-7.4224e-02
-6.4756e-02
-5.6563e-02
-4.9472e-02
-4.3331e-02
-3.8010e-02
-3.3395e-02
-2.9389e-02
-2.5909e-02
-2.2883e-02
-2.0115e-02
-1.7621e-02
-1.5593e-02
-1.3893e-02
-1.2421e-02
-2.1602e-02
-9.5586e-02
-1.7809e-01
-2.4988e-01
-3.0001e-01
-3.2427e-01
-3.2571e-01
-3.1108e-01
-2.8727e-01
-2.5946e-01
-2.3098e-01
-2.0369e-01
-1.7854e-01
-1.5590e-01
-1.3581e-01
-1.1815e-01
-1.0272e-01
-8.9292e-02
-7.7640e-02
-6.7541e-02
-5.8798e-02
-5.1231e-02
-4.4685e-02
-3.9019e-02
-3.4114e-02
-2.9867e-02
-2.6185e-02
-2.2994e-02
-2.0224e-02
-1.7818e-02
-1.5727e-02
-1.3770e-02
-1.2102e-02
-1.0721e-02
-9.5310e-03
-8.5090e-03
-8.6089e-01
-2.2941e+00
-2.7659e+00
-2.8069e+00
-2.7082e+00
-2.5597e+00
-2.3944e+00
-2.2252e+00
-2.0591e+00
-1.9000e+00
-1.7501e+00
-1.6104e+00
-1.4812e+00
-1.3624e+00
-1.2534e+00
-1.1538e+00
-1.0629e+00
-9.8005e-01
-9.0453e-01
-8.3571e-01
-7.7298e-01
-7.1578e-01
-6.6358e-01
-6.1591e-01
-5.7234e-01
-5.3246e-01
-4.9593e-01
-4.6243e-01
-4.3167e-01
-4.0339e-01
-3.7736e-01
-3.4748e-01
-3.2076e-01
-3.0204e-01
-2.8439e-01
-2.6790e-01
-3.3782e-01
-1.3175e+00
-1.9974e+00
-2.2986e+00
-2.3826e+00
-2.3491e+00
-2.2539e+00
-2.1278e+00
-1.9883e+00
-1.8458e+00
-1.7062e+00
-1.5730e+00
-1.4479e+00
-1.3318e+00
-1.2246e+00
-1.1263e+00
-1.0364e+00
-9.5434e-01
-8.7953e-01
-8.1138e-01
-7.4931e-01
-6.9277e-01
-6.4123e-01
-5.9422e-01
-5.5132e-01
-5.1212e-01
-4.7626e-01
-4.4343e-01
-4.1333e-01
-3.8570e-01
-3.6031e-01
-3.3167e-01
-3.0576e-01
-2.8726e-01
-2.7012e-01
-2.5417e-01
-3.2696e-01
-9.6594e-01
-1.2663e+00
-1.3301e+00
-1.3103e+00
-1.2562e+00
-1.1856e+00
-1.1071e+00
-1.0262e+00
-9.4650e-01
-8.7027e-01
-7.9872e-01
-7.3241e-01
-6.7147e-01
-6.1576e-01
-5.6501e-01
-5.1888e-01
-4.7698e-01
-4.3896e-01
-4.0443e-01
-3.7308e-01
-3.4457e-01
-3.1864e-01
-2.9502e-01
-2.7349e-01
-2.5383e-01
-2.3586e-01
-2.1942e-01
-2.0435e-01
-1.9053e-01
-1.7783e-01
-1.6393e-01
-1.5134e-01
-1.4179e-01
-1.3300e-01
-1.2491e-01
-2.3161e-01
-7.9131e-01
-1.0204e+00
-9.7801e-01
-8.7117e-01
-7.6950e-01
-6.8437e-01
-6.1310e-01
-5.5207e-01
-4.9888e-01
-4.5204e-01
-4.1054e-01
-3.7363e-01
-3.4070e-01
-3.1126e-01
-2.8487e-01
-2.6118e-01
-2.3987e-01
-2.2065e-01
-2.0329e-01
-1.8757e-01
-1.7333e-01
-1.6038e-01
-1.4861e-01
-1.3787e-01
-1.2807e-01
-1.1910e-01
-1.1089e-01
-1.0336e-01
-9.6446e-02
-9.0086e-02
-8.3121e-02
-7.6901e-02
-7.2113e-02
-6.7642e-02
-6.3524e-02
-8.5885e-02
-1.6472e-01
-1.4324e-01
-1.1425e-01
-9.3226e-02
-7.8337e-02
-6.7266e-02
-5.8513e-02
-5.1327e-02
-4.5300e-02
-4.0175e-02
-3.5776e-02
-3.1972e-02
-2.8667e-02
-2.5779e-02
-2.3248e-02
-2.1020e-02
-1.9053e-02
-1.7310e-02
-1.5763e-02
-1.4384e-02
-1.3153e-02
-1.2052e-02
-1.1063e-02
-1.0174e-02
-9.3720e-03
-8.6480e-03
-7.9940e-03
-7.3990e-03
-6.8600e-03
-6.3680e-03
-5.8400e-03
-5.3680e-03
-5.0100e-03
-4.6810e-03
-4.3790e-03
