2.69997817e+02
4.95336459e+01
5.01985876e+01
5.01603716e+01
5.01154927e+01
4.97760695e+01
5.00808957e+01
4.98605522e+01
4.97426551e+01
4.99511462e+01
5.00274845e+01
4.99630076e+01
5.02029385e+01
5.00169827e+01
5.00490905e+01
4.96947345e+01
4.98161728e+01
5.02295917e+01
5.02317132e+01
4.98616284e+01
5.00732643e+01
4.99459357e+01
4.99398559e+01
5.00160590e+01
4.96989440e+01
5.01520707e+01
5.01696775e+01
4.96074018e+01
4.99255079e+01
4.98990993e+01
5.00884266e+01
4.99141297e+01
4.98335947e+01
4.98166268e+01
4.98652032e+01
4.98489311e+01
4.96480573e+01
2.69761347e+02
1.49986067e+02
1.43651679e+02
1.39926873e+02
1.37095443e+02
1.34391652e+02
1.32121288e+02
1.30671301e+02
1.29087355e+02
1.27398782e+02
1.26489027e+02
1.25536406e+02
1.25479643e+02
1.23974040e+02
1.24024163e+02
1.23168953e+02
1.22964116e+02
1.22366117e+02
1.21922380e+02
1.21842214e+02
1.21961409e+02
1.22008387e+02
1.21283010e+02
1.21131739e+02
1.21233433e+02
1.21168743e+02
1.20892924e+02
1.20425686e+02
1.20798647e+02
1.20405870e+02
1.20614258e+02
1.20244588e+02
1.20388025e+02
1.20413189e+02
1.20194134e+02
1.20425282e+02
1.20178223e+02
2.70073797e+02
2.49675804e+02
2.44394486e+02
2.38968962e+02
2.33294272e+02
2.28097489e+02
2.23137373e+02
2.19276710e+02
2.15483960e+02
2.12363313e+02
2.10120701e+02
2.07794127e+02
2.06444115e+02
2.04643695e+02
2.03627075e+02
2.01896619e+02
2.01354625e+02
2.00492462e+02
2.00081745e+02
1.98619257e+02
1.98903252e+02
1.98420838e+02
1.97806858e+02
1.97350564e+02
1.97069938e+02
1.97014904e+02
1.96980992e+02
1.96410257e+02
1.96743277e+02
1.96159288e+02
1.96068140e+02
1.96168073e+02
1.95815050e+02
1.95791544e+02
1.95767956e+02
1.95436449e+02
1.95577859e+02
2.68426854e+02
2.68269629e+02
2.68595736e+02
2.68548696e+02
2.67584713e+02
2.66975395e+02
2.66250534e+02
2.66315584e+02
2.65360768e+02
2.65309963e+02
2.64654099e+02
2.64295577e+02
2.64145941e+02
2.64043757e+02
2.63548993e+02
2.63306424e+02
2.63632284e+02
2.62902585e+02
2.62854797e+02
2.63284661e+02
2.62980638e+02
2.62867628e+02
2.62333009e+02
2.62432697e+02
2.62563622e+02
2.62657256e+02
2.62385754e+02
2.62323270e+02
2.62619213e+02
2.62381757e+02
2.61994373e+02
2.62332009e+02
2.62173082e+02
2.62304732e+02
2.62469689e+02
2.62461420e+02
2.62078350e+02
2.68253941e+02
2.68390585e+02
2.68354846e+02
2.68085277e+02
2.67822048e+02
2.67331926e+02
2.67142681e+02
2.67011893e+02
2.66450336e+02
2.66321428e+02
2.66417628e+02
2.66005165e+02
2.65605900e+02
2.65290686e+02
2.65469657e+02
2.65119316e+02
2.64850229e+02
2.65160981e+02
2.65114164e+02
2.64788723e+02
2.64977506e+02
2.64670070e+02
2.64959423e+02
2.64504554e+02
2.64892350e+02
2.64593337e+02
2.64635451e+02
2.64524057e+02
2.64405038e+02
2.64428510e+02
2.64577766e+02
2.64360510e+02
2.64366676e+02
2.64382814e+02
2.63653065e+02
2.64805147e+02
2.64216614e+02
2.69602640e+02
2.69438405e+02
2.67043787e+02
2.63954248e+02
2.61184981e+02
2.58690018e+02
2.56471524e+02
2.53762507e+02
2.51741823e+02
2.49091393e+02
2.47570098e+02
2.45692602e+02
2.43870577e+02
2.42465230e+02
2.41439618e+02
2.39771937e+02
2.38973474e+02
2.37704365e+02
2.37017429e+02
2.35868653e+02
2.35277303e+02
2.34235998e+02
2.33792120e+02
2.33476109e+02
2.32492586e+02
2.31862367e+02
2.31602135e+02
2.30906308e+02
2.30679459e+02
2.30400106e+02
2.29848244e+02
2.29124188e+02
2.28924016e+02
2.28801541e+02
2.28584534e+02
2.28003800e+02
2.28049276e+02
2.69914960e+02
2.69835718e+02
2.68803198e+02
2.66903263e+02
2.65076770e+02
2.62742567e+02
2.60478012e+02
2.58524173e+02
2.55988894e+02
2.54165246e+02
2.52227332e+02
2.50766741e+02
2.48830016e+02
2.47330835e+02
2.46486606e+02
2.44722335e+02
2.43802378e+02
2.42443322e+02
2.41875110e+02
2.41046306e+02
2.40262433e+02
2.39406178e+02
2.38589046e+02
2.38283554e+02
2.37499430e+02
2.36707261e+02
2.36474288e+02
2.35954867e+02
2.35570621e+02
2.35363576e+02
2.35101533e+02
2.34314167e+02
2.34322925e+02
2.33615874e+02
2.33986224e+02
2.33550003e+02
2.33096549e+02
2.70875423e+02
2.70658361e+02
2.69552172e+02
2.68496284e+02
2.66842491e+02
2.65698609e+02
2.64360009e+02
2.63378099e+02
2.61898525e+02
2.60967311e+02
2.60380208e+02
2.59192958e+02
2.58462205e+02
2.57441535e+02
2.56703170e+02
2.56315746e+02
2.55796183e+02
2.55310884e+02
2.54464724e+02
2.54676979e+02
2.53673974e+02
2.52944096e+02
2.53494927e+02
2.53000149e+02
2.52525070e+02
2.52539312e+02
2.51711998e+02
2.51965226e+02
2.51705508e+02
2.51332582e+02
2.51220082e+02
2.51132948e+02
2.51120667e+02
2.50903962e+02
2.50751216e+02
2.50689692e+02
2.50553874e+02
2.71094428e+02
2.70844475e+02
2.70154689e+02
2.68796499e+02
2.67941191e+02
2.66650431e+02
2.65924892e+02
2.64789462e+02
2.64088352e+02
2.63839521e+02
2.63431830e+02
2.62508842e+02
2.62423302e+02
2.61838943e+02
2.61680814e+02
2.61511760e+02
2.60694928e+02
2.60672578e+02
2.60442677e+02
2.60445425e+02
2.59630356e+02
2.59791007e+02
2.59553616e+02
2.59362830e+02
2.59332122e+02
2.59300431e+02
2.59006179e+02
2.58834934e+02
2.58909167e+02
2.58466574e+02
2.58731906e+02
2.58693486e+02
2.58533433e+02
2.58286631e+02
2.58367387e+02
2.58166239e+02
2.58063128e+02
2.71361778e+02
2.70540083e+02
2.70775129e+02
2.70007896e+02
2.70366307e+02
2.70137553e+02
2.70500394e+02
2.69722712e+02
2.69843900e+02
2.69440302e+02
2.69846137e+02
2.69919213e+02
2.69557817e+02
2.69892731e+02
2.69412337e+02
2.69717499e+02
2.69468493e+02
2.69514166e+02
2.69748601e+02
2.69078841e+02
2.69060901e+02
2.69589820e+02
2.69539622e+02
2.69423159e+02
2.69359799e+02
2.69963448e+02
2.69554746e+02
2.69545862e+02
2.69108168e+02
2.69539816e+02
2.69607835e+02
2.69944359e+02
2.69362385e+02
2.69602532e+02
2.69468056e+02
2.69067116e+02
2.69428618e+02
