-2.2000e+02
0.0000e+00
0.0000e+00
0.0000e+00
0.0000e+00
0.0000e+00
0.0000e+00
0.0000e+00
0.0000e+00
0.0000e+00
0.0000e+00
0.0000e+00
0.0000e+00
0.0000e+00
0.0000e+00
0.0000e+00
0.0000e+00
0.0000e+00
0.0000e+00
0.0000e+00
0.0000e+00
0.0000e+00
0.0000e+00
0.0000e+00
0.0000e+00
0.0000e+00
0.0000e+00
0.0000e+00
0.0000e+00
0.0000e+00
0.0000e+00
0.0000e+00
0.0000e+00
0.0000e+00
0.0000e+00
0.0000e+00
-1.2000e+02
-6.4186e+00
-3.8672e+00
-2.9617e+00
-2.5498e+00
-2.2106e+00
-1.8291e+00
-1.5081e+00
-1.2515e+00
-1.0464e+00
-8.8096e-01
-7.4624e-01
-6.3551e-01
-5.4377e-01
-4.6721e-01
-4.0294e-01
-3.4869e-01
-3.0269e-01
-2.6353e-01
-2.3006e-01
-2.0137e-01
-1.7671e-01
-1.5543e-01
-1.3704e-01
-1.2111e-01
-1.0727e-01
-9.5227e-02
-8.4052e-02
-7.3199e-02
-6.5775e-02
-5.9139e-02
-5.3246e-02
-4.8024e-02
-4.3392e-02
-3.9280e-02
-3.5620e-02
-2.0000e+01
-5.5033e+00
-5.4884e+00
-5.5219e+00
-5.2193e+00
-4.6144e+00
-3.9784e+00
-3.3973e+00
-2.8908e+00
-2.4581e+00
-2.0919e+00
-1.7830e+00
-1.5225e+00
-1.3027e+00
-1.1170e+00
-9.5964e-01
-8.2612e-01
-7.1255e-01
-6.1575e-01
-5.3309e-01
-4.6236e-01
-4.0174e-01
-3.4969e-01
-3.0492e-01
-2.6635e-01
-2.3308e-01
-2.0433e-01
-1.7823e-01
-1.5371e-01
-1.3598e-01
-1.2050e-01
-1.0698e-01
-9.5155e-02
-8.4796e-02
-7.5706e-02
-6.7719e-02
-1.0024e-01
-2.6106e-01
-3.8919e-01
-4.8888e-01
-5.4846e-01
-5.6673e-01
-5.5197e-01
-5.1636e-01
-4.7035e-01
-4.2104e-01
-3.7266e-01
-3.2743e-01
-2.8635e-01
-2.4969e-01
-2.1735e-01
-1.8903e-01
-1.6434e-01
-1.4289e-01
-1.2428e-01
-1.0817e-01
-9.4211e-02
-8.2132e-02
-7.1676e-02
-6.2623e-02
-5.4782e-02
-4.7987e-02
-4.2094e-02
-3.6881e-02
-3.2024e-02
-2.8088e-02
-2.4807e-02
-2.1981e-02
-1.9524e-02
-1.7377e-02
-1.5495e-02
-1.3844e-02
-2.7101e-02
-1.1107e-01
-1.9891e-01
-2.7438e-01
-3.2747e-01
-3.5366e-01
-3.5560e-01
-3.4019e-01
-3.1467e-01
-2.8466e-01
-2.5376e-01
-2.2405e-01
-1.9660e-01
-1.7183e-01
-1.4982e-01
-1.3044e-01
-1.1348e-01
-9.8711e-02
-8.5879e-02
-7.4746e-02
-6.5100e-02
-5.6744e-02
-4.9509e-02
-4.3242e-02
-3.7814e-02
-3.3109e-02
-2.9029e-02
-2.5352e-02
-2.2054e-02
-1.9392e-02
-1.7093e-02
-1.5124e-02
-1.3420e-02
-1.1933e-02
-1.0633e-02
-9.4930e-03
-9.5936e-01
-2.4271e+00
-2.8586e+00
-2.8592e+00
-2.7387e+00
-2.5806e+00
-2.4114e+00
-2.2408e+00
-2.0740e+00
-1.9146e+00
-1.7642e+00
-1.6240e+00
-1.4940e+00
-1.3741e+00
-1.2640e+00
-1.1630e+00
-1.0705e+00
-9.8589e-01
-9.0852e-01
-8.3777e-01
-7.7307e-01
-7.1387e-01
-6.5968e-01
-6.1004e-01
-5.6455e-01
-5.2282e-01
-4.8452e-01
-4.4722e-01
-4.0640e-01
-3.7748e-01
-3.5137e-01
-3.2731e-01
-3.0510e-01
-2.8457e-01
-2.6558e-01
-2.4800e-01
-2.6619e-01
-1.1243e+00
-1.8027e+00
-2.1412e+00
-2.2664e+00
-2.2692e+00
-2.2029e+00
-2.0990e+00
-1.9760e+00
-1.8454e+00
-1.7144e+00
-1.5871e+00
-1.4658e+00
-1.3518e+00
-1.2457e+00
-1.1473e+00
-1.0567e+00
-9.7330e-01
-8.9678e-01
-8.2662e-01
-7.6234e-01
-7.0347e-01
-6.4955e-01
-6.0014e-01
-5.5487e-01
-5.1336e-01
-4.7527e-01
-4.3737e-01
-3.9768e-01
-3.6930e-01
-3.4330e-01
-3.1944e-01
-2.9746e-01
-2.7718e-01
-2.5844e-01
-2.4111e-01
-2.7406e-01
-9.1800e-01
-1.2292e+00
-1.2995e+00
-1.2837e+00
-1.2345e+00
-1.1708e+00
-1.1006e+00
-1.0284e+00
-9.5694e-01
-8.8795e-01
-8.2241e-01
-7.6082e-01
-7.0334e-01
-6.4996e-01
-6.0057e-01
-5.5496e-01
-5.1292e-01
-4.7420e-01
-4.3856e-01
-4.0577e-01
-3.7561e-01
-3.4785e-01
-3.2231e-01
-2.9881e-01
-2.7716e-01
-2.5723e-01
-2.3698e-01
-2.1463e-01
-2.0025e-01
-1.8689e-01
-1.7442e-01
-1.6282e-01
-1.5205e-01
-1.4205e-01
-1.3276e-01
-2.5519e-01
-8.7480e-01
-1.0938e+00
-1.0271e+00
-9.0349e-01
-7.9235e-01
-7.0293e-01
-6.3076e-01
-5.7079e-01
-5.1966e-01
-4.7519e-01
-4.3595e-01
-4.0095e-01
-3.6947e-01
-3.4098e-01
-3.1508e-01
-2.9144e-01
-2.6981e-01
-2.4999e-01
-2.3177e-01
-2.1501e-01
-1.9959e-01
-1.8536e-01
-1.7224e-01
-1.6014e-01
-1.4895e-01
-1.3861e-01
-1.2790e-01
-1.1562e-01
-1.0832e-01
-1.0150e-01
-9.5044e-02
-8.8976e-02
-8.3300e-02
-7.8000e-02
-7.3059e-02
-8.4626e-02
-1.6667e-01
-1.4734e-01
-1.1818e-01
-9.6318e-02
-8.0631e-02
-6.8992e-02
-5.9889e-02
-5.2513e-02
-4.6394e-02
-4.1235e-02
-3.6832e-02
-3.3036e-02
-2.9736e-02
-2.6851e-02
-2.4312e-02
-2.2066e-02
-2.0074e-02
-1.8298e-02
-1.6710e-02
-1.5286e-02
-1.4005e-02
-1.2850e-02
-1.1808e-02
-1.0863e-02
-1.0007e-02
-9.2280e-03
-8.4510e-03
-7.6030e-03
-7.0650e-03
-6.5680e-03
-6.1080e-03
-5.6820e-03
-5.2880e-03
-4.9250e-03
-4.5900e-03
