2.69851991e+02
5.03318752e+01
4.99691437e+01
4.97557530e+01
5.00815054e+01
4.98546537e+01
4.96550972e+01
5.02135350e+01
5.00620715e+01
4.97876930e+01
4.98041008e+01
5.02078223e+01
5.01080671e+01
5.01670472e+01
4.98175840e+01
4.98865061e+01
4.98503717e+01
5.00746115e+01
4.99763876e+01
5.00892618e+01
5.02793936e+01
4.98696239e+01
4.99657339e+01
4.98357252e+01
4.99792495e+01
5.01025618e+01
5.02714229e+01
5.00307506e+01
5.00426439e+01
4.99024812e+01
5.00174394e+01
5.01115126e+01
4.99543761e+01
4.97522444e+01
4.94540661e+01
4.98417624e+01
5.03874114e+01
2.70267792e+02
1.49721539e+02
1.43531872e+02
1.39357874e+02
1.36510296e+02
1.33609021e+02
1.31979735e+02
1.30250964e+02
1.28470497e+02
1.27183590e+02
1.26381056e+02
1.25489910e+02
1.24699053e+02
1.24140137e+02
1.23407864e+02
1.22999339e+02
1.22718855e+02
1.22327582e+02
1.22217604e+02
1.21957417e+02
1.21387810e+02
1.21827297e+02
1.21583641e+02
1.21326186e+02
1.21085798e+02
1.20807298e+02
1.20778725e+02
1.20718777e+02
1.20613987e+02
1.20622369e+02
1.20493302e+02
1.20572349e+02
1.20457237e+02
1.20750354e+02
1.20337640e+02
1.20353151e+02
1.20803687e+02
2.70068442e+02
2.50027333e+02
2.44171793e+02
2.38706962e+02
2.33552090e+02
2.28214728e+02
2.22952729e+02
2.19719001e+02
2.15907202e+02
2.13330513e+02
2.10962339e+02
2.09404913e+02
2.07275519e+02
2.05896463e+02
2.04260349e+02
2.03084433e+02
2.02381665e+02
2.01178190e+02
2.00345753e+02
2.00359844e+02
1.99783970e+02
1.99361128e+02
1.98789710e+02
1.98080281e+02
1.98046204e+02
1.98055005e+02
1.97609845e+02
1.97468634e+02
1.97648232e+02
1.96838896e+02
1.96795471e+02
1.97166287e+02
1.96890856e+02
1.96930980e+02
1.96995410e+02
1.96710544e+02
1.96614668e+02
2.68855470e+02
2.68669658e+02
2.68655729e+02
2.67934327e+02
2.67464051e+02
2.66749938e+02
2.66145438e+02
2.65771417e+02
2.65474693e+02
2.64795664e+02
2.64642522e+02
2.63777382e+02
2.63544083e+02
2.63401128e+02
2.63046357e+02
2.62492190e+02
2.62516333e+02
2.62791516e+02
2.62288910e+02
2.62355804e+02
2.62468772e+02
2.62067225e+02
2.62145253e+02
2.62044701e+02
2.61997849e+02
2.62089298e+02
2.61958696e+02
2.61687486e+02
2.62271026e+02
2.61619143e+02
2.61852815e+02
2.61810897e+02
2.61782764e+02
2.61616110e+02
2.62004611e+02
2.61630914e+02
2.61739422e+02
2.68447113e+02
2.68366749e+02
2.68438637e+02
2.67688682e+02
2.67836713e+02
2.67246800e+02
2.66729694e+02
2.66607368e+02
2.66526076e+02
2.66057600e+02
2.65587950e+02
2.65379283e+02
2.65385950e+02
2.64830169e+02
2.64639378e+02
2.64739757e+02
2.64523444e+02
2.64371493e+02
2.64568254e+02
2.64052512e+02
2.64203678e+02
2.63981706e+02
2.63733504e+02
2.64163835e+02
2.63911623e+02
2.63618873e+02
2.64140636e+02
2.63657115e+02
2.63946275e+02
2.63720761e+02
2.63626825e+02
2.63546009e+02
2.63899162e+02
2.63422662e+02
2.63858131e+02
2.63838076e+02
2.63666745e+02
2.67438014e+02
2.67029111e+02
2.65651153e+02
2.63900936e+02
2.61539559e+02
2.58726276e+02
2.56711717e+02
2.54109708e+02
2.52297153e+02
2.50180672e+02
2.48379488e+02
2.46787208e+02
2.45326641e+02
2.43481782e+02
2.42673364e+02
2.40866071e+02
2.39568436e+02
2.38831989e+02
2.37818092e+02
2.37407318e+02
2.36271756e+02
2.35775076e+02
2.35317862e+02
2.34442941e+02
2.34216661e+02
2.33498370e+02
2.32885214e+02
2.32198940e+02
2.32014133e+02
2.31961870e+02
2.31220050e+02
2.30620574e+02
2.30587614e+02
2.30593804e+02
2.30245218e+02
2.29683150e+02
2.29654279e+02
2.67960805e+02
2.67933045e+02
2.66638443e+02
2.64132951e+02
2.61949197e+02
2.59850917e+02
2.57781004e+02
2.55848401e+02
2.53983559e+02
2.52215792e+02
2.50319562e+02
2.49186913e+02
2.47697037e+02
2.46458739e+02
2.45067671e+02
2.44396646e+02
2.43212110e+02
2.42204615e+02
2.41609404e+02
2.40730077e+02
2.39737078e+02
2.39456194e+02
2.38743743e+02
2.37848006e+02
2.37540760e+02
2.37293917e+02
2.36910108e+02
2.36583063e+02
2.35954656e+02
2.35366075e+02
2.35529653e+02
2.35151074e+02
2.34803088e+02
2.34667982e+02
2.34285772e+02
2.34063835e+02
2.34260136e+02
2.70701221e+02
2.69766728e+02
2.69116360e+02
2.67318323e+02
2.66235056e+02
2.65051850e+02
2.63763837e+02
2.62782631e+02
2.61509715e+02
2.60299508e+02
2.59806992e+02
2.59159445e+02
2.58180491e+02
2.57836392e+02
2.56817112e+02
2.56831636e+02
2.55916595e+02
2.55855040e+02
2.55444292e+02
2.54949216e+02
2.54232482e+02
2.54018356e+02
2.53742535e+02
2.53242870e+02
2.53552025e+02
2.53439627e+02
2.52775626e+02
2.52984564e+02
2.52201652e+02
2.52220061e+02
2.52218843e+02
2.51901747e+02
2.51976128e+02
2.51804587e+02
2.51575946e+02
2.51895433e+02
2.51344218e+02
2.70784622e+02
2.70861805e+02
2.69567436e+02
2.68633205e+02
2.67447933e+02
2.66921326e+02
2.66569280e+02
2.65563387e+02
2.64552206e+02
2.64452853e+02
2.63851226e+02
2.63284809e+02
2.63078100e+02
2.63086829e+02
2.62477448e+02
2.62392252e+02
2.62260566e+02
2.61622181e+02
2.61199201e+02
2.61034322e+02
2.61110484e+02
2.61328521e+02
2.60598716e+02
2.60574481e+02
2.60584268e+02
2.60376981e+02
2.60445053e+02
2.60066368e+02
2.60084728e+02
2.60184225e+02
2.59629687e+02
2.60008578e+02
2.60054401e+02
2.59792058e+02
2.59656163e+02
2.59442423e+02
2.59865177e+02
2.71138081e+02
2.70651341e+02
2.70551235e+02
2.70473573e+02
2.70537734e+02
2.70317139e+02
2.70213111e+02
2.69571838e+02
2.70491267e+02
2.70031152e+02
2.69902773e+02
2.69915009e+02
2.70247805e+02
2.69973328e+02
2.69931273e+02
2.69743980e+02
2.69670871e+02
2.70034253e+02
2.70042065e+02
2.69921979e+02
2.69486222e+02
2.69726284e+02
2.69841918e+02
2.69570584e+02
2.69556156e+02
2.69446060e+02
2.69789741e+02
2.69555753e+02
2.69574184e+02
2.69678526e+02
2.69803312e+02
2.69738487e+02
2.69686325e+02
2.69534190e+02
2.69538584e+02
2.69754389e+02
2.69531419e+02
