2.69809370e+02
5.00326777e+01
4.99596619e+01
4.97833455e+01
4.98150615e+01
5.03105700e+01
5.00274944e+01
4.98232081e+01
5.01206104e+01
5.00520184e+01
5.01647404e+01
5.04643365e+01
4.99345776e+01
4.97568734e+01
4.99606352e+01
5.02589844e+01
5.00790177e+01
5.00010024e+01
5.02798555e+01
4.95844916e+01
4.98127935e+01
4.97646160e+01
5.00728023e+01
4.97299465e+01
4.99789238e+01
5.01928320e+01
5.02902119e+01
4.99568267e+01
4.98143263e+01
4.97622298e+01
4.97663214e+01
5.02565479e+01
4.99771615e+01
5.02004191e+01
4.97578192e+01
4.99660497e+01
4.98599757e+01
2.70248615e+02
1.50038748e+02
1.43718853e+02
1.39700373e+02
1.36812816e+02
1.34223164e+02
1.32191178e+02
1.30075636e+02
1.28602055e+02
1.27764064e+02
1.26045267e+02
1.25114877e+02
1.24882409e+02
1.23727864e+02
1.24103934e+02
1.22790866e+02
1.22524438e+02
1.22175865e+02
1.21588823e+02
1.22059842e+02
1.21335495e+02
1.21000634e+02
1.20813926e+02
1.20914816e+02
1.20760361e+02
1.20493844e+02
1.20331053e+02
1.20456819e+02
1.20404626e+02
1.20177043e+02
1.20093136e+02
1.20376437e+02
1.20086208e+02
1.20092309e+02
1.19784760e+02
1.20195505e+02
1.19893127e+02
2.70303099e+02
2.49590306e+02
2.44627545e+02
2.38917351e+02
2.33461417e+02
2.28423758e+02
2.23448958e+02
2.19712463e+02
2.16565559e+02
2.13441337e+02
2.10885398e+02
2.08791093e+02
2.06784022e+02
2.05191052e+02
2.04508481e+02
2.02636757e+02
2.01819583e+02
2.01438239e+02
2.00537142e+02
1.99777772e+02
1.99071586e+02
1.98413357e+02
1.98229330e+02
1.97919636e+02
1.98047359e+02
1.96893155e+02
1.97107158e+02
1.97053016e+02
1.97206634e+02
1.96331558e+02
1.96252422e+02
1.96003658e+02
1.95979784e+02
1.96134759e+02
1.95867964e+02
1.95853712e+02
1.95935187e+02
2.69033098e+02
2.68895691e+02
2.68448046e+02
2.68530214e+02
2.67464451e+02
2.66927896e+02
2.66585581e+02
2.65850429e+02
2.65262828e+02
2.64596357e+02
2.63859912e+02
2.63499721e+02
2.62987006e+02
2.62809941e+02
2.63005750e+02
2.61905835e+02
2.62019998e+02
2.61900377e+02
2.61678172e+02
2.61622793e+02
2.61342590e+02
2.61452799e+02
2.61341411e+02
2.61182322e+02
2.61317342e+02
2.61016684e+02
2.60683017e+02
2.61085562e+02
2.61059381e+02
2.60517356e+02
2.61042063e+02
2.60766155e+02
2.60741122e+02
2.60824249e+02
2.60623955e+02
2.60834008e+02
2.60806189e+02
2.68070814e+02
2.68436376e+02
2.68205957e+02
2.67808563e+02
2.67776860e+02
2.67417547e+02
2.67305097e+02
2.66642875e+02
2.66232372e+02
2.66207936e+02
2.65330140e+02
2.65270002e+02
2.64918104e+02
2.64710296e+02
2.64718268e+02
2.63854113e+02
2.64433709e+02
2.64091687e+02
2.63826953e+02
2.64164518e+02
2.63955920e+02
2.63540353e+02
2.63521765e+02
2.63504089e+02
2.63321499e+02
2.63623553e+02
2.63126488e+02
2.63469513e+02
2.62999469e+02
2.63471731e+02
2.63068971e+02
2.63369197e+02
2.63271623e+02
2.63217229e+02
2.63363217e+02
2.62965437e+02
2.63081501e+02
2.74716169e+02
2.74353099e+02
2.71570328e+02
2.68258067e+02
2.65893710e+02
2.62862410e+02
2.60215820e+02
2.57202944e+02
2.55344810e+02
2.52897961e+02
2.51354732e+02
2.49157179e+02
2.47349838e+02
2.46209790e+02
2.45160372e+02
2.43302661e+02
2.41979857e+02
2.40658210e+02
2.40018033e+02
2.39115478e+02
2.38487464e+02
2.37636950e+02
2.36677100e+02
2.35677116e+02
2.35334703e+02
2.34605361e+02
2.33918070e+02
2.33607945e+02
2.32609866e+02
2.32528280e+02
2.32100627e+02
2.31828220e+02
2.31466989e+02
2.31121319e+02
2.30986904e+02
2.30526546e+02
2.29883874e+02
2.74528818e+02
2.74213750e+02
2.72931050e+02
2.71269508e+02
2.68904464e+02
2.66153695e+02
2.63996065e+02
2.61946058e+02
2.59371741e+02
2.57155500e+02
2.55672794e+02
2.53592494e+02
2.51815034e+02
2.50693454e+02
2.48819369e+02
2.47751084e+02
2.46181863e+02
2.45497183e+02
2.44071977e+02
2.43411963e+02
2.42473538e+02
2.42073763e+02
2.41175790e+02
2.39757197e+02
2.39570802e+02
2.38851751e+02
2.38557387e+02
2.38101876e+02
2.37699306e+02
2.37064540e+02
2.36710264e+02
2.36208752e+02
2.36076023e+02
2.35946674e+02
2.35736164e+02
2.34822007e+02
2.34878018e+02
2.73282256e+02
2.72597701e+02
2.71991895e+02
2.70524906e+02
2.69185629e+02
2.67808208e+02
2.66692160e+02
2.65210745e+02
2.63845314e+02
2.62980434e+02
2.61759238e+02
2.61045282e+02
2.59390518e+02
2.58996434e+02
2.57859783e+02
2.57342246e+02
2.56483507e+02
2.56202234e+02
2.55569076e+02
2.55261654e+02
2.54844616e+02
2.54390781e+02
2.53581121e+02
2.53535876e+02
2.53546161e+02
2.53092350e+02
2.52945242e+02
2.52265808e+02
2.51938371e+02
2.51540761e+02
2.51563685e+02
2.51285290e+02
2.50711414e+02
2.50828162e+02
2.51122863e+02
2.50685114e+02
2.50833264e+02
2.72217381e+02
2.72064821e+02
2.71005727e+02
2.69716903e+02
2.68919191e+02
2.67306518e+02
2.66629313e+02
2.65941372e+02
2.65241427e+02
2.64823706e+02
2.63918680e+02
2.63309376e+02
2.63153577e+02
2.62592118e+02
2.62208616e+02
2.61810153e+02
2.61484714e+02
2.61488208e+02
2.61133746e+02
2.60563897e+02
2.60598387e+02
2.60031792e+02
2.60000339e+02
2.59737924e+02
2.60048750e+02
2.59598179e+02
2.59082852e+02
2.59149462e+02
2.59028359e+02
2.59288847e+02
2.58550303e+02
2.58907610e+02
2.58824510e+02
2.58913648e+02
2.58383060e+02
2.58483969e+02
2.58383001e+02
2.70818914e+02
2.70742002e+02
2.70998544e+02
2.70584748e+02
2.70480698e+02
2.70311403e+02
2.70256845e+02
2.70326308e+02
2.70059726e+02
2.69773954e+02
2.70277539e+02
2.69965495e+02
2.70078408e+02
2.69504823e+02
2.69630712e+02
2.69579822e+02
2.69642747e+02
2.69901122e+02
2.69536773e+02
2.69433252e+02
2.69426506e+02
2.69654883e+02
2.69709380e+02
2.69302322e+02
2.69505310e+02
2.69721942e+02
2.69429221e+02
2.69411902e+02
2.69397216e+02
2.69624515e+02
2.69423541e+02
2.69466047e+02
2.69337562e+02
2.69254173e+02
2.69064285e+02
2.69246149e+02
2.69448699e+02
