2.69995712e+02
5.00725934e+01
4.97898790e+01
5.01212145e+01
5.05982756e+01
5.01190846e+01
5.00128085e+01
4.98385278e+01
4.98336572e+01
5.02624531e+01
4.98697091e+01
5.00077209e+01
5.00346036e+01
5.02591965e+01
4.96790985e+01
4.95880405e+01
4.97484452e+01
5.02505682e+01
4.98924734e+01
5.02363449e+01
5.00885281e+01
4.99991670e+01
5.00724118e+01
5.04170365e+01
4.99743704e+01
5.03748608e+01
5.00073005e+01
4.97219662e+01
5.00950835e+01
5.00626596e+01
4.98385389e+01
5.01072898e+01
5.01258792e+01
5.00051087e+01
5.01364030e+01
5.03098868e+01
5.00720653e+01
2.70439706e+02
1.50192730e+02
1.43494596e+02
1.39605871e+02
1.36730831e+02
1.34285432e+02
1.32098986e+02
1.30096653e+02
1.28840476e+02
1.27345944e+02
1.26451027e+02
1.25675044e+02
1.24715873e+02
1.24219922e+02
1.23803355e+02
1.23039255e+02
1.22749656e+02
1.22757664e+02
1.22234739e+02
1.22072790e+02
1.21783794e+02
1.21619155e+02
1.21748903e+02
1.21504243e+02
1.21140970e+02
1.21170992e+02
1.21217792e+02
1.20766466e+02
1.20549590e+02
1.20344578e+02
1.20531194e+02
1.20491748e+02
1.20507775e+02
1.20382860e+02
1.20176584e+02
1.20427851e+02
1.20777983e+02
2.69885361e+02
2.50117755e+02
2.44393951e+02
2.39092915e+02
2.33367227e+02
2.27939659e+02
2.23635095e+02
2.19441995e+02
2.16512709e+02
2.13101286e+02
2.11087535e+02
2.08831860e+02
2.07117053e+02
2.05599954e+02
2.04557386e+02
2.03423478e+02
2.02311853e+02
2.01527182e+02
2.00830265e+02
2.00521343e+02
1.99791380e+02
1.99210019e+02
1.99304295e+02
1.98879176e+02
1.98554039e+02
1.98304145e+02
1.97720172e+02
1.97863736e+02
1.97484400e+02
1.97510051e+02
1.97212155e+02
1.97439879e+02
1.96974706e+02
1.96585768e+02
1.96996289e+02
1.96977106e+02
1.96962258e+02
2.68516623e+02
2.68562699e+02
2.68154487e+02
2.67995328e+02
2.67553858e+02
2.66808446e+02
2.66423284e+02
2.65789386e+02
2.65285805e+02
2.65057624e+02
2.64259355e+02
2.64203876e+02
2.63568360e+02
2.63272960e+02
2.63389731e+02
2.63032068e+02
2.62887311e+02
2.62690846e+02
2.63009498e+02
2.62571169e+02
2.62193549e+02
2.62384242e+02
2.62168741e+02
2.61888766e+02
2.62135614e+02
2.61814511e+02
2.61636674e+02
2.62007496e+02
2.61956303e+02
2.61894498e+02
2.61655839e+02
2.61350129e+02
2.61669502e+02
2.61715638e+02
2.61425510e+02
2.61779948e+02
2.61626093e+02
2.68526407e+02
2.68153593e+02
2.68151630e+02
2.67946379e+02
2.67786710e+02
2.67370324e+02
2.67076120e+02
2.66884750e+02
2.66728127e+02
2.66042395e+02
2.65912894e+02
2.65445059e+02
2.65296413e+02
2.64630466e+02
2.64739773e+02
2.64673901e+02
2.64369237e+02
2.64546089e+02
2.64151290e+02
2.64568021e+02
2.64316974e+02
2.64189040e+02
2.64362268e+02
2.64175215e+02
2.63875254e+02
2.64002016e+02
2.63699651e+02
2.63893661e+02
2.63883790e+02
2.63847923e+02
2.64005959e+02
2.64053064e+02
2.63865613e+02
2.63786962e+02
2.63599283e+02
2.63793756e+02
2.63815883e+02
2.67597557e+02
2.67143270e+02
2.65323514e+02
2.63187101e+02
2.60361840e+02
2.57910764e+02
2.55874359e+02
2.53913206e+02
2.51728949e+02
2.49892323e+02
2.48139596e+02
2.45812787e+02
2.45107868e+02
2.43719549e+02
2.42673958e+02
2.40989184e+02
2.40006910e+02
2.39618997e+02
2.38351654e+02
2.37897941e+02
2.36980678e+02
2.36011914e+02
2.35761348e+02
2.35019774e+02
2.34624899e+02
2.33681560e+02
2.33504285e+02
2.33254141e+02
2.32370323e+02
2.31798328e+02
2.31884894e+02
2.31703838e+02
2.31479790e+02
2.30878008e+02
2.30573696e+02
2.30569442e+02
2.30189839e+02
2.68112149e+02
2.67885248e+02
2.66886649e+02
2.65170779e+02
2.63351604e+02
2.61534495e+02
2.59098816e+02
2.57213676e+02
2.55090967e+02
2.53848712e+02
2.52132097e+02
2.50508687e+02
2.49211494e+02
2.47617304e+02
2.46632137e+02
2.45729921e+02
2.44690942e+02
2.43702685e+02
2.42828741e+02
2.41923841e+02
2.41281437e+02
2.40465339e+02
2.40023005e+02
2.40055436e+02
2.38957343e+02
2.38389785e+02
2.37875468e+02
2.37383225e+02
2.37434071e+02
2.37003758e+02
2.36398372e+02
2.35824563e+02
2.35645147e+02
2.35671858e+02
2.35472500e+02
2.35036529e+02
2.34848472e+02
2.70014696e+02
2.69458572e+02
2.68373489e+02
2.67081265e+02
2.65671404e+02
2.64565158e+02
2.63501367e+02
2.62277615e+02
2.61451435e+02
2.60400803e+02
2.59251318e+02
2.58426120e+02
2.57779967e+02
2.57048348e+02
2.56189758e+02
2.55896182e+02
2.55093244e+02
2.54340449e+02
2.54266759e+02
2.53746166e+02
2.53434294e+02
2.52917337e+02
2.52809050e+02
2.52334813e+02
2.52163250e+02
2.52012859e+02
2.51698690e+02
2.51237659e+02
2.51158003e+02
2.50834319e+02
2.50565232e+02
2.50568196e+02
2.50965553e+02
2.50040166e+02
2.49602510e+02
2.49533215e+02
2.50145700e+02
2.70401334e+02
2.70074664e+02
2.69660883e+02
2.68411513e+02
2.67099082e+02
2.66275959e+02
2.65723793e+02
2.64687394e+02
2.64352569e+02
2.63929879e+02
2.63232475e+02
2.63122512e+02
2.62119004e+02
2.61938805e+02
2.61473375e+02
2.61413646e+02
2.60610111e+02
2.61148836e+02
2.60409778e+02
2.60107428e+02
2.60023465e+02
2.59229842e+02
2.59513705e+02
2.59455217e+02
2.59185303e+02
2.59395521e+02
2.59339708e+02
2.58576931e+02
2.59126534e+02
2.58892840e+02
2.58611337e+02
2.58647759e+02
2.58651028e+02
2.58009161e+02
2.58138991e+02
2.58160639e+02
2.57749407e+02
2.70941205e+02
2.70578732e+02
2.70461853e+02
2.70216504e+02
2.70233593e+02
2.70063220e+02
2.70128186e+02
2.69988297e+02
2.70349660e+02
2.70283193e+02
2.69887970e+02
2.70103602e+02
2.69991850e+02
2.70175776e+02
2.69762881e+02
2.69691078e+02
2.69630273e+02
2.69905266e+02
2.69748510e+02
2.69714710e+02
2.69726716e+02
2.69753098e+02
2.69776753e+02
2.70063696e+02
2.69753396e+02
2.69279153e+02
2.69570233e+02
2.69506017e+02
2.69699724e+02
2.69432401e+02
2.69636749e+02
2.69643856e+02
2.69506235e+02
2.69743432e+02
2.69883124e+02
2.69498719e+02
2.69660140e+02
