2.70000000e+02
5.00000000e+01
5.00000000e+01
5.00000000e+01
5.00000000e+01
5.00000000e+01
5.00000000e+01
5.00000000e+01
5.00000000e+01
5.00000000e+01
5.00000000e+01
5.00000000e+01
5.00000000e+01
5.00000000e+01
5.00000000e+01
5.00000000e+01
5.00000000e+01
5.00000000e+01
5.00000000e+01
5.00000000e+01
5.00000000e+01
5.00000000e+01
5.00000000e+01
5.00000000e+01
5.00000000e+01
5.00000000e+01
5.00000000e+01
5.00000000e+01
5.00000000e+01
5.00000000e+01
5.00000000e+01
5.00000000e+01
5.00000000e+01
5.00000000e+01
5.00000000e+01
5.00000000e+01
5.00000000e+01
2.70000000e+02
1.50000000e+02
1.43495906e+02
1.39626909e+02
1.36664373e+02
1.34112493e+02
1.31910101e+02
1.30095010e+02
1.28602632e+02
1.27367684e+02
1.26338317e+02
1.25474551e+02
1.24745466e+02
1.24126894e+02
1.23599715e+02
1.23148632e+02
1.22761276e+02
1.22427562e+02
1.22139200e+02
1.21889330e+02
1.21672244e+02
1.21483168e+02
1.21318091e+02
1.21173630e+02
1.21046924e+02
1.20935543e+02
1.20837419e+02
1.20750788e+02
1.20674142e+02
1.20606783e+02
1.20548422e+02
1.20496223e+02
1.20449483e+02
1.20407553e+02
1.20369867e+02
1.20335931e+02
1.20305319e+02
2.70000000e+02
2.50000000e+02
2.44426694e+02
2.38909979e+02
2.33363035e+02
2.28133223e+02
2.23520730e+02
2.19552945e+02
2.16172683e+02
2.13303569e+02
2.10870241e+02
2.08805116e+02
2.07050013e+02
2.05555772e+02
2.04281208e+02
2.03191923e+02
2.02259202e+02
2.01459049e+02
2.00771375e+02
2.00179323e+02
1.99668716e+02
1.99227606e+02
1.98845897e+02
1.98515044e+02
1.98227796e+02
1.97977994e+02
1.97760394e+02
1.97570524e+02
1.97404569e+02
1.97260496e+02
1.97137192e+02
1.97028332e+02
1.96932070e+02
1.96846812e+02
1.96771171e+02
1.96703948e+02
1.96644101e+02
2.68731348e+02
2.68628990e+02
2.68366233e+02
2.67973399e+02
2.67480037e+02
2.66928315e+02
2.66360759e+02
2.65810527e+02
2.65298030e+02
2.64833072e+02
2.64418406e+02
2.64052680e+02
2.63732429e+02
2.63453288e+02
2.63210683e+02
2.63000200e+02
2.62817761e+02
2.62659693e+02
2.62522744e+02
2.62404061e+02
2.62301156e+02
2.62211874e+02
2.62134349e+02
2.62066971e+02
2.62008352e+02
2.61957295e+02
2.61912770e+02
2.61873893e+02
2.61839899e+02
2.61810248e+02
2.61784687e+02
2.61762338e+02
2.61742653e+02
2.61725254e+02
2.61709837e+02
2.61696152e+02
2.61683981e+02
2.68397447e+02
2.68363930e+02
2.68239134e+02
2.68021740e+02
2.67726012e+02
2.67377362e+02
2.67005036e+02
2.66634283e+02
2.66282444e+02
2.65959130e+02
2.65668261e+02
2.65410187e+02
2.65183275e+02
2.64984929e+02
2.64812204e+02
2.64662142e+02
2.64531950e+02
2.64419077e+02
2.64321243e+02
2.64236437e+02
2.64162897e+02
2.64099092e+02
2.64043693e+02
2.63995552e+02
2.63953677e+02
2.63917215e+02
2.63885428e+02
2.63857682e+02
2.63833432e+02
2.63812343e+02
2.63794125e+02
2.63778163e+02
2.63764128e+02
2.63751739e+02
2.63740771e+02
2.63731042e+02
2.63722394e+02
2.67479504e+02
2.67288297e+02
2.65868083e+02
2.63739682e+02
2.61349474e+02
2.58908136e+02
2.56522332e+02
2.54246906e+02
2.52108805e+02
2.50118730e+02
2.48277727e+02
2.46581286e+02
2.45021882e+02
2.43590525e+02
2.42277701e+02
2.41073930e+02
2.39970092e+02
2.38957597e+02
2.38028469e+02
2.37175372e+02
2.36391598e+02
2.35671041e+02
2.35008153e+02
2.34397906e+02
2.33835742e+02
2.33317530e+02
2.32839530e+02
2.32398347e+02
2.31990902e+02
2.31618232e+02
2.31284791e+02
2.30975043e+02
2.30687203e+02
2.30419640e+02
2.30170841e+02
2.29939411e+02
2.29724069e+02
2.68002264e+02
2.67824270e+02
2.66518114e+02
2.64548550e+02
2.62350198e+02
2.60121442e+02
2.57956437e+02
2.55900829e+02
2.53975788e+02
2.52188764e+02
2.50539172e+02
2.49021860e+02
2.47629250e+02
2.46352653e+02
2.45183066e+02
2.44111636e+02
2.43129931e+02
2.42230065e+02
2.41404762e+02
2.40647360e+02
2.39951791e+02
2.39312551e+02
2.38724652e+02
2.38183583e+02
2.37685261e+02
2.37225996e+02
2.36802444e+02
2.36411578e+02
2.36050654e+02
2.35720651e+02
2.35425637e+02
2.35151351e+02
2.34896336e+02
2.34659268e+02
2.34438852e+02
2.34233864e+02
2.34043164e+02
2.70259814e+02
2.69971438e+02
2.69023546e+02
2.67766243e+02
2.66446003e+02
2.65154002e+02
2.63927485e+02
2.62782478e+02
2.61724941e+02
2.60755058e+02
2.59869553e+02
2.59063259e+02
2.58330139e+02
2.57663922e+02
2.57058477e+02
2.56508014e+02
2.56007181e+02
2.55551100e+02
2.55135364e+02
2.54756008e+02
2.54409482e+02
2.54092611e+02
2.53802554e+02
2.53536774e+02
2.53293001e+02
2.53069202e+02
2.52863557e+02
2.52674429e+02
2.52500349e+02
2.52341237e+02
2.52197951e+02
2.52065763e+02
2.51943634e+02
2.51830623e+02
2.51725928e+02
2.51628854e+02
2.51538779e+02
2.70756284e+02
2.70539992e+02
2.69750025e+02
2.68723937e+02
2.67742429e+02
2.66872212e+02
2.66108691e+02
2.65435412e+02
2.64838175e+02
2.64306123e+02
2.63830660e+02
2.63404690e+02
2.63022208e+02
2.62678060e+02
2.62367793e+02
2.62087545e+02
2.61833957e+02
2.61604098e+02
2.61395407e+02
2.61205642e+02
2.61032833e+02
2.60875246e+02
2.60731351e+02
2.60599795e+02
2.60479380e+02
2.60369040e+02
2.60267825e+02
2.60174890e+02
2.60089476e+02
2.60011522e+02
2.59941221e+02
2.59876371e+02
2.59816554e+02
2.59761311e+02
2.59710227e+02
2.59662936e+02
2.59619115e+02
2.70866107e+02
2.70779622e+02
2.70612265e+02
2.70466427e+02
2.70350326e+02
2.70255916e+02
2.70176983e+02
2.70109659e+02
2.70051567e+02
2.70001063e+02
2.69956909e+02
2.69918133e+02
2.69883946e+02
2.69853700e+02
2.69826853e+02
2.69802953e+02
2.69781618e+02
2.69762521e+02
2.69745386e+02
2.69729976e+02
2.69716087e+02
2.69703542e+02
2.69692189e+02
2.69681897e+02
2.69672549e+02
2.69664046e+02
2.69656299e+02
2.69649230e+02
2.69642771e+02
2.69636900e+02
2.69631634e+02
2.69626811e+02
2.69622381e+02
2.69618304e+02
2.69614548e+02
2.69611081e+02
2.69607879e+02
