-2.2000e+02
0.0000e+00
0.0000e+00
0.0000e+00
0.0000e+00
0.0000e+00
0.0000e+00
0.0000e+00
0.0000e+00
0.0000e+00
0.0000e+00
0.0000e+00
0.0000e+00
0.0000e+00
0.0000e+00
0.0000e+00
0.0000e+00
0.0000e+00
0.0000e+00
0.0000e+00
0.0000e+00
0.0000e+00
0.0000e+00
0.0000e+00
0.0000e+00
0.0000e+00
0.0000e+00
0.0000e+00
0.0000e+00
0.0000e+00
0.0000e+00
0.0000e+00
0.0000e+00
0.0000e+00
0.0000e+00
0.0000e+00
-1.2000e+02
-6.0797e+00
-3.8014e+00
-2.9426e+00
-2.5176e+00
-2.1116e+00
-1.8131e+00
-1.5068e+00
-1.2533e+00
-1.0482e+00
-8.8178e-01
-7.4567e-01
-6.3353e-01
-5.4051e-01
-4.6288e-01
-3.9776e-01
-3.4289e-01
-2.9646e-01
-2.5704e-01
-2.2346e-01
-1.9478e-01
-1.7020e-01
-1.4910e-01
-1.3093e-01
-1.1525e-01
-1.0169e-01
-8.9943e-02
-7.9136e-02
-6.8758e-02
-6.1588e-02
-5.5199e-02
-4.9558e-02
-4.4580e-02
-4.0184e-02
-3.6294e-02
-3.2848e-02
-2.0000e+01
-5.5764e+00
-5.5725e+00
-5.6029e+00
-5.2932e+00
-4.6764e+00
-4.0233e+00
-3.4300e+00
-2.9144e+00
-2.4740e+00
-2.1010e+00
-1.7862e+00
-1.5209e+00
-1.2971e+00
-1.1083e+00
-9.4858e-01
-8.1335e-01
-6.9863e-01
-6.0115e-01
-5.1817e-01
-4.4743e-01
-3.8701e-01
-3.3535e-01
-2.9110e-01
-2.5315e-01
-2.2055e-01
-1.9251e-01
-1.6733e-01
-1.4405e-01
-1.2687e-01
-1.1196e-01
-9.8999e-02
-8.7721e-02
-7.7887e-02
-6.9300e-02
-6.1789e-02
-7.9733e-02
-2.2924e-01
-3.5372e-01
-4.4709e-01
-4.9772e-01
-5.0794e-01
-4.8832e-01
-4.5125e-01
-4.0657e-01
-3.6050e-01
-3.1644e-01
-2.7601e-01
-2.3978e-01
-2.0781e-01
-1.7986e-01
-1.5556e-01
-1.3452e-01
-1.1634e-01
-1.0067e-01
-8.7167e-02
-7.5538e-02
-6.5524e-02
-5.6901e-02
-4.9473e-02
-4.3073e-02
-3.7554e-02
-3.2792e-02
-2.8611e-02
-2.4750e-02
-2.1642e-02
-1.9047e-02
-1.6816e-02
-1.4881e-02
-1.3195e-02
-1.1727e-02
-1.0441e-02
-2.4580e-02
-1.0450e-01
-1.9072e-01
-2.6319e-01
-3.1033e-01
-3.2950e-01
-3.2566e-01
-3.0671e-01
-2.7989e-01
-2.5028e-01
-2.2094e-01
-1.9344e-01
-1.6849e-01
-1.4629e-01
-1.2676e-01
-1.0973e-01
-9.4939e-02
-8.2140e-02
-7.1086e-02
-6.1554e-02
-5.3337e-02
-4.6259e-02
-4.0162e-02
-3.4909e-02
-3.0382e-02
-2.6478e-02
-2.3111e-02
-2.0110e-02
-1.7428e-02
-1.5259e-02
-1.3408e-02
-1.1822e-02
-1.0453e-02
-9.2630e-03
-8.2240e-03
-7.3190e-03
-3.7413e-01
-1.6493e+00
-2.3537e+00
-2.5880e+00
-2.6064e+00
-2.5217e+00
-2.3886e+00
-2.2357e+00
-2.0776e+00
-1.9220e+00
-1.7731e+00
-1.6329e+00
-1.5023e+00
-1.3815e+00
-1.2702e+00
-1.1681e+00
-1.0746e+00
-9.8893e-01
-9.1061e-01
-8.3901e-01
-7.7355e-01
-7.1368e-01
-6.5891e-01
-6.0879e-01
-5.6288e-01
-5.2082e-01
-4.8225e-01
-4.4297e-01
-4.0046e-01
-3.7401e-01
-3.4872e-01
-3.2510e-01
-3.0315e-01
-2.8278e-01
-2.6390e-01
-2.4640e-01
-3.0232e-01
-1.4065e+00
-2.0720e+00
-2.3051e+00
-2.3340e+00
-2.2658e+00
-2.1513e+00
-2.0167e+00
-1.8758e+00
-1.7359e+00
-1.6012e+00
-1.4740e+00
-1.3554e+00
-1.2456e+00
-1.1446e+00
-1.0518e+00
-9.6688e-01
-8.8924e-01
-8.1829e-01
-7.5349e-01
-6.9430e-01
-6.4021e-01
-5.9078e-01
-5.4558e-01
-5.0421e-01
-4.6633e-01
-4.3162e-01
-3.9647e-01
-3.5826e-01
-3.3449e-01
-3.1182e-01
-2.9057e-01
-2.7084e-01
-2.5254e-01
-2.3560e-01
-2.1992e-01
-2.5884e-01
-9.7822e-01
-1.3187e+00
-1.3918e+00
-1.3660e+00
-1.2995e+00
-1.2153e+00
-1.1250e+00
-1.0346e+00
-9.4728e-01
-8.6504e-01
-7.8874e-01
-7.1865e-01
-6.5468e-01
-5.9654e-01
-5.4383e-01
-4.9613e-01
-4.5297e-01
-4.1394e-01
-3.7863e-01
-3.4668e-01
-3.1774e-01
-2.9152e-01
-2.6773e-01
-2.4613e-01
-2.2649e-01
-2.0863e-01
-1.9109e-01
-1.7278e-01
-1.5984e-01
-1.4808e-01
-1.3738e-01
-1.2757e-01
-1.1855e-01
-1.1025e-01
-1.0259e-01
-1.9045e-01
-8.0217e-01
-1.0651e+00
-1.0285e+00
-9.1838e-01
-8.1046e-01
-7.1809e-01
-6.4015e-01
-5.7319e-01
-5.1467e-01
-4.6306e-01
-4.1730e-01
-3.7663e-01
-3.4040e-01
-3.0808e-01
-2.7921e-01
-2.5339e-01
-2.3026e-01
-2.0952e-01
-1.9090e-01
-1.7415e-01
-1.5908e-01
-1.4549e-01
-1.3323e-01
-1.2214e-01
-1.1211e-01
-1.0302e-01
-9.4132e-02
-8.4885e-02
-7.8453e-02
-7.2572e-02
-6.7195e-02
-6.2276e-02
-5.7770e-02
-5.3637e-02
-4.9837e-02
-8.8204e-02
-1.7382e-01
-1.5150e-01
-1.2092e-01
-9.8554e-02
-8.2433e-02
-7.0340e-02
-6.0822e-02
-5.3005e-02
-4.6448e-02
-4.0881e-02
-3.6117e-02
-3.2015e-02
-2.8466e-02
-2.5383e-02
-2.2694e-02
-2.0341e-02
-1.8275e-02
-1.6456e-02
-1.4850e-02
-1.3429e-02
-1.2168e-02
-1.1045e-02
-1.0044e-02
-9.1500e-03
-8.3490e-03
-7.6300e-03
-6.9340e-03
-6.2200e-03
-5.7270e-03
-5.2760e-03
-4.8670e-03
-4.4970e-03
-4.1590e-03
-3.8500e-03
-3.5690e-03
