-2.2000e+02
0.0000e+00
0.0000e+00
0.0000e+00
0.0000e+00
0.0000e+00
0.0000e+00
0.0000e+00
0.0000e+00
0.0000e+00
0.0000e+00
0.0000e+00
0.0000e+00
0.0000e+00
0.0000e+00
0.0000e+00
0.0000e+00
0.0000e+00
0.0000e+00
0.0000e+00
0.0000e+00
0.0000e+00
0.0000e+00
0.0000e+00
0.0000e+00
0.0000e+00
0.0000e+00
0.0000e+00
0.0000e+00
0.0000e+00
0.0000e+00
0.0000e+00
0.0000e+00
0.0000e+00
0.0000e+00
0.0000e+00
-1.2000e+02
-6.1562e+00
-3.8201e+00
-2.9570e+00
-2.5259e+00
-2.1423e+00
-1.8251e+00
-1.5131e+00
-1.2579e+00
-1.0520e+00
-8.8512e-01
-7.4870e-01
-6.3630e-01
-5.4306e-01
-4.6522e-01
-3.9990e-01
-3.4483e-01
-2.9823e-01
-2.5863e-01
-2.2490e-01
-1.9607e-01
-1.7137e-01
-1.5015e-01
-1.3188e-01
-1.1613e-01
-1.0250e-01
-9.0703e-02
-8.0458e-02
-7.1549e-02
-6.2154e-02
-5.5347e-02
-4.9817e-02
-4.4904e-02
-4.0564e-02
-3.6726e-02
-3.3328e-02
-2.0000e+01
-5.5947e+00
-5.5874e+00
-5.6247e+00
-5.3122e+00
-4.6915e+00
-4.0374e+00
-3.4434e+00
-2.9268e+00
-2.4857e+00
-2.1120e+00
-1.7967e+00
-1.5309e+00
-1.3067e+00
-1.1173e+00
-9.5703e-01
-8.2123e-01
-7.0594e-01
-6.0789e-01
-5.2435e-01
-4.5306e-01
-3.9213e-01
-3.3997e-01
-2.9527e-01
-2.5690e-01
-2.2392e-01
-1.9553e-01
-1.7106e-01
-1.4995e-01
-1.2875e-01
-1.1278e-01
-9.9860e-02
-8.8604e-02
-7.8785e-02
-7.0204e-02
-6.2696e-02
-8.1784e-02
-2.3518e-01
-3.6324e-01
-4.5931e-01
-5.1162e-01
-5.2261e-01
-5.0304e-01
-4.6554e-01
-4.2010e-01
-3.7307e-01
-3.2796e-01
-2.8644e-01
-2.4917e-01
-2.1621e-01
-1.8733e-01
-1.6220e-01
-1.4040e-01
-1.2155e-01
-1.0527e-01
-9.1221e-02
-7.9109e-02
-6.8669e-02
-5.9667e-02
-5.1906e-02
-4.5212e-02
-3.9434e-02
-3.4447e-02
-3.0136e-02
-2.6410e-02
-2.2877e-02
-1.9923e-02
-1.7556e-02
-1.5539e-02
-1.3791e-02
-1.2268e-02
-1.0940e-02
-1.9043e-02
-8.9140e-02
-1.7046e-01
-2.4109e-01
-2.8913e-01
-3.1096e-01
-3.1042e-01
-2.9459e-01
-2.7037e-01
-2.4283e-01
-2.1507e-01
-1.8880e-01
-1.6479e-01
-1.4332e-01
-1.2437e-01
-1.0780e-01
-9.3371e-02
-8.0864e-02
-7.0043e-02
-6.0697e-02
-5.2631e-02
-4.5673e-02
-3.9673e-02
-3.4497e-02
-3.0032e-02
-2.6180e-02
-2.2853e-02
-1.9980e-02
-1.7496e-02
-1.5080e-02
-1.3210e-02
-1.1624e-02
-1.0267e-02
-9.0990e-03
-8.0850e-03
-7.1990e-03
-3.5048e-01
-1.6150e+00
-2.3184e+00
-2.5523e+00
-2.5723e+00
-2.4908e+00
-2.3617e+00
-2.2124e+00
-2.0570e+00
-1.9032e+00
-1.7553e+00
-1.6157e+00
-1.4855e+00
-1.3650e+00
-1.2541e+00
-1.1524e+00
-1.0595e+00
-9.7477e-01
-8.9752e-01
-8.2715e-01
-7.6306e-01
-7.0470e-01
-6.5152e-01
-6.0304e-01
-5.5882e-01
-5.1843e-01
-4.8153e-01
-4.4776e-01
-4.1684e-01
-3.7883e-01
-3.5118e-01
-3.2905e-01
-3.0846e-01
-2.8938e-01
-2.7170e-01
-2.5531e-01
-2.9487e-01
-1.3996e+00
-2.0484e+00
-2.2739e+00
-2.3033e+00
-2.2387e+00
-2.1283e+00
-1.9972e+00
-1.8585e+00
-1.7201e+00
-1.5862e+00
-1.4596e+00
-1.3413e+00
-1.2319e+00
-1.1312e+00
-1.0391e+00
-9.5496e-01
-8.7829e-01
-8.0849e-01
-7.4496e-01
-6.8716e-01
-6.3456e-01
-5.8666e-01
-5.4301e-01
-5.0320e-01
-4.6687e-01
-4.3367e-01
-4.0330e-01
-3.7548e-01
-3.4092e-01
-3.1629e-01
-2.9650e-01
-2.7801e-01
-2.6084e-01
-2.4492e-01
-2.3016e-01
-2.1174e-01
-9.3624e-01
-1.2781e+00
-1.3524e+00
-1.3302e+00
-1.2688e+00
-1.1904e+00
-1.1054e+00
-1.0194e+00
-9.3597e-01
-8.5694e-01
-7.8339e-01
-7.1570e-01
-6.5388e-01
-5.9767e-01
-5.4673e-01
-5.0063e-01
-4.5896e-01
-4.2128e-01
-3.8721e-01
-3.5638e-01
-3.2845e-01
-3.0312e-01
-2.8013e-01
-2.5923e-01
-2.4021e-01
-2.2286e-01
-2.0703e-01
-1.9256e-01
-1.7508e-01
-1.6206e-01
-1.5152e-01
-1.4188e-01
-1.3300e-01
-1.2481e-01
-1.1724e-01
-1.5863e-01
-7.6851e-01
-1.0375e+00
-1.0063e+00
-9.0034e-01
-7.9567e-01
-7.0608e-01
-6.3052e-01
-5.6563e-01
-5.0903e-01
-4.5923e-01
-4.1523e-01
-3.7622e-01
-3.4157e-01
-3.1074e-01
-2.8325e-01
-2.5870e-01
-2.3672e-01
-2.1700e-01
-1.9928e-01
-1.8333e-01
-1.6893e-01
-1.5592e-01
-1.4413e-01
-1.3342e-01
-1.2369e-01
-1.1483e-01
-1.0674e-01
-9.9347e-02
-9.0372e-02
-8.3712e-02
-7.8330e-02
-7.3382e-02
-6.8830e-02
-6.4630e-02
-6.0745e-02
-8.4144e-02
-1.7008e-01
-1.4895e-01
-1.1919e-01
-9.7339e-02
-8.1562e-02
-6.9725e-02
-6.0371e-02
-5.2674e-02
-4.6214e-02
-4.0729e-02
-3.6037e-02
-3.1998e-02
-2.8508e-02
-2.5477e-02
-2.2837e-02
-2.0529e-02
-1.8504e-02
-1.6723e-02
-1.5152e-02
-1.3761e-02
-1.2528e-02
-1.1430e-02
-1.0452e-02
-9.5760e-03
-8.7920e-03
-8.0880e-03
-7.4520e-03
-6.8800e-03
-6.2130e-03
-5.7200e-03
-5.3160e-03
-4.9480e-03
-4.6140e-03
-4.3070e-03
-4.0270e-03
