2.70000000e+02
5.00000000e+01
5.00000000e+01
5.00000000e+01
5.00000000e+01
5.00000000e+01
5.00000000e+01
5.00000000e+01
5.00000000e+01
5.00000000e+01
5.00000000e+01
5.00000000e+01
5.00000000e+01
5.00000000e+01
5.00000000e+01
5.00000000e+01
5.00000000e+01
5.00000000e+01
5.00000000e+01
5.00000000e+01
5.00000000e+01
5.00000000e+01
5.00000000e+01
5.00000000e+01
5.00000000e+01
5.00000000e+01
5.00000000e+01
5.00000000e+01
5.00000000e+01
5.00000000e+01
5.00000000e+01
5.00000000e+01
5.00000000e+01
5.00000000e+01
5.00000000e+01
5.00000000e+01
5.00000000e+01
2.70000000e+02
1.50000000e+02
1.43450601e+02
1.39561713e+02
1.36582195e+02
1.34002477e+02
1.31783872e+02
1.29960234e+02
1.28461930e+02
1.27222615e+02
1.26189995e+02
1.25323820e+02
1.24592970e+02
1.23973116e+02
1.23445010e+02
1.22993249e+02
1.22605384e+02
1.22271266e+02
1.21982561e+02
1.21732374e+02
1.21514975e+02
1.21325575e+02
1.21160152e+02
1.21015319e+02
1.20888211e+02
1.20776396e+02
1.20677808e+02
1.20590683e+02
1.20515510e+02
1.20449048e+02
1.20389623e+02
1.20336423e+02
1.20288708e+02
1.20245826e+02
1.20207210e+02
1.20172366e+02
1.20140861e+02
2.70000000e+02
2.50000000e+02
2.44393351e+02
2.38863274e+02
2.33301654e+02
2.28061844e+02
2.23444187e+02
2.19475549e+02
2.16098590e+02
2.13236169e+02
2.10811973e+02
2.08757519e+02
2.07013860e+02
2.05531235e+02
2.04268010e+02
2.03189476e+02
2.02266720e+02
2.01475632e+02
2.00796078e+02
2.00211204e+02
1.99706870e+02
1.99271183e+02
1.98894118e+02
1.98567202e+02
1.98283263e+02
1.98036214e+02
1.97820880e+02
1.97632853e+02
1.97472173e+02
1.97332005e+02
1.97208428e+02
1.97099286e+02
1.97002720e+02
1.96917123e+02
1.96841109e+02
1.96773479e+02
1.96713193e+02
2.68668747e+02
2.68569633e+02
2.68313626e+02
2.67935704e+02
2.67467067e+02
2.66948935e+02
2.66421118e+02
2.65913567e+02
2.65443947e+02
2.65020143e+02
2.64643762e+02
2.64312890e+02
2.64023895e+02
2.63772485e+02
2.63554294e+02
2.63365185e+02
2.63201380e+02
2.63059511e+02
2.62936611e+02
2.62830093e+02
2.62737712e+02
2.62657527e+02
2.62587863e+02
2.62527277e+02
2.62474526e+02
2.62428543e+02
2.62388408e+02
2.62353330e+02
2.62323009e+02
2.62296708e+02
2.62273628e+02
2.62253283e+02
2.62235304e+02
2.62219384e+02
2.62205261e+02
2.62192709e+02
2.62181534e+02
2.68344084e+02
2.68314172e+02
2.68197298e+02
2.67993821e+02
2.67719196e+02
2.67398229e+02
2.67058228e+02
2.66722064e+02
2.66404969e+02
2.66115032e+02
2.65855240e+02
2.65625481e+02
2.65423971e+02
2.65248171e+02
2.65095299e+02
2.64962621e+02
2.64847590e+02
2.64747899e+02
2.64661502e+02
2.64586604e+02
2.64521639e+02
2.64465250e+02
2.64416265e+02
2.64373669e+02
2.64336591e+02
2.64304279e+02
2.64276085e+02
2.64251452e+02
2.64230245e+02
2.64211746e+02
2.64195533e+02
2.64181263e+02
2.64168665e+02
2.64157518e+02
2.64147636e+02
2.64138859e+02
2.64131049e+02
2.67283175e+02
2.67152874e+02
2.65898256e+02
2.63878132e+02
2.61538456e+02
2.59112282e+02
2.56721571e+02
2.54430352e+02
2.52270954e+02
2.50257263e+02
2.48392231e+02
2.46672459e+02
2.45091015e+02
2.43639167e+02
2.42307442e+02
2.41086267e+02
2.39966348e+02
2.38938884e+02
2.37995675e+02
2.37129163e+02
2.36332434e+02
2.35599195e+02
2.34923739e+02
2.34300899e+02
2.33726007e+02
2.33194843e+02
2.32703600e+02
2.32248836e+02
2.31838008e+02
2.31459734e+02
2.31107715e+02
2.30779831e+02
2.30474142e+02
2.30188903e+02
2.29922532e+02
2.29673595e+02
2.29440783e+02
2.67774646e+02
2.67588452e+02
2.66218979e+02
2.64180176e+02
2.61925106e+02
2.59652920e+02
2.57454596e+02
2.55372925e+02
2.53427189e+02
2.51623561e+02
2.49960565e+02
2.48432391e+02
2.47030940e+02
2.45747093e+02
2.44571475e+02
2.43494909e+02
2.42508674e+02
2.41604632e+02
2.40775286e+02
2.40013784e+02
2.39313901e+02
2.38669999e+02
2.38076985e+02
2.37530266e+02
2.37025702e+02
2.36559559e+02
2.36128472e+02
2.35729407e+02
2.35369365e+02
2.35037614e+02
2.34728726e+02
2.34440920e+02
2.34172542e+02
2.33922086e+02
2.33688177e+02
2.33469560e+02
2.33265089e+02
2.69989978e+02
2.69762490e+02
2.68841762e+02
2.67575866e+02
2.66227408e+02
2.64899297e+02
2.63634837e+02
2.62452822e+02
2.61360397e+02
2.60358173e+02
2.59442983e+02
2.58609615e+02
2.57851916e+02
2.57163450e+02
2.56537895e+02
2.55969252e+02
2.55451955e+02
2.54980915e+02
2.54551520e+02
2.54159614e+02
2.53801472e+02
2.53473758e+02
2.53173493e+02
2.52898017e+02
2.52644954e+02
2.52412182e+02
2.52197806e+02
2.52000128e+02
2.51821950e+02
2.51658352e+02
2.51506647e+02
2.51365818e+02
2.51234940e+02
2.51113182e+02
2.50999792e+02
2.50894095e+02
2.50795477e+02
2.70562730e+02
2.70391426e+02
2.69617351e+02
2.68570927e+02
2.67552938e+02
2.66642174e+02
2.65838990e+02
2.65128613e+02
2.64497303e+02
2.63934188e+02
2.63430512e+02
2.62978978e+02
2.62573374e+02
2.62208342e+02
2.61879221e+02
2.61581947e+02
2.61312962e+02
2.61069147e+02
2.60847766e+02
2.60646413e+02
2.60462970e+02
2.60295572e+02
2.60142573e+02
2.60002516e+02
2.59874113e+02
2.59756222e+02
2.59647829e+02
2.59548031e+02
2.59458228e+02
2.59375826e+02
2.59299468e+02
2.59228655e+02
2.59162916e+02
2.59101822e+02
2.59044980e+02
2.58992040e+02
2.58942682e+02
2.70848152e+02
2.70755955e+02
2.70564520e+02
2.70394704e+02
2.70257978e+02
2.70145916e+02
2.70051675e+02
2.69970953e+02
2.69901066e+02
2.69840136e+02
2.69786739e+02
2.69739750e+02
2.69698249e+02
2.69661478e+02
2.69628800e+02
2.69599678e+02
2.69573658e+02
2.69550349e+02
2.69529419e+02
2.69510581e+02
2.69493587e+02
2.69478224e+02
2.69464306e+02
2.69451672e+02
2.69440180e+02
2.69429708e+02
2.69420148e+02
2.69411406e+02
2.69403571e+02
2.69396434e+02
2.69389864e+02
2.69383803e+02
2.69378206e+02
2.69373028e+02
2.69368233e+02
2.69363785e+02
2.69359655e+02
