-2.2000e+02
0.0000e+00
0.0000e+00
0.0000e+00
0.0000e+00
0.0000e+00
0.0000e+00
0.0000e+00
0.0000e+00
0.0000e+00
0.0000e+00
0.0000e+00
0.0000e+00
0.0000e+00
0.0000e+00
0.0000e+00
0.0000e+00
0.0000e+00
0.0000e+00
0.0000e+00
0.0000e+00
0.0000e+00
0.0000e+00
0.0000e+00
0.0000e+00
0.0000e+00
0.0000e+00
0.0000e+00
0.0000e+00
0.0000e+00
0.0000e+00
0.0000e+00
0.0000e+00
0.0000e+00
0.0000e+00
0.0000e+00
-1.2000e+02
-6.2604e+00
-3.8402e+00
-2.9614e+00
-2.5197e+00
-2.1621e+00
-1.8172e+00
-1.5012e+00
-1.2455e+00
-1.0403e+00
-8.7450e-01
-7.3936e-01
-6.2827e-01
-5.3625e-01
-4.5953e-01
-3.9519e-01
-3.4096e-01
-2.9506e-01
-2.5605e-01
-2.2279e-01
-1.9435e-01
-1.6996e-01
-1.4898e-01
-1.3090e-01
-1.1528e-01
-1.0176e-01
-9.0025e-02
-7.9828e-02
-6.8672e-02
-6.1508e-02
-5.5128e-02
-4.9494e-02
-4.4522e-02
-4.0132e-02
-3.6249e-02
-3.2810e-02
-2.0000e+01
-5.5600e+00
-5.5403e+00
-5.5731e+00
-5.2528e+00
-4.6272e+00
-3.9739e+00
-3.3830e+00
-2.8713e+00
-2.4359e+00
-2.0684e+00
-1.7592e+00
-1.4991e+00
-1.2799e+00
-1.0950e+00
-9.3873e-01
-8.0627e-01
-6.9380e-01
-5.9811e-01
-5.1653e-01
-4.4684e-01
-3.8723e-01
-3.3613e-01
-2.9228e-01
-2.5458e-01
-2.2212e-01
-1.9415e-01
-1.7000e-01
-1.4491e-01
-1.2785e-01
-1.1298e-01
-1.0002e-01
-8.8710e-02
-7.8829e-02
-7.0182e-02
-6.2607e-02
-1.0214e-01
-2.6475e-01
-3.9984e-01
-5.0594e-01
-5.6809e-01
-5.8563e-01
-5.6848e-01
-5.3000e-01
-4.8128e-01
-4.2967e-01
-3.7941e-01
-3.3266e-01
-2.9036e-01
-2.5272e-01
-2.1959e-01
-1.9062e-01
-1.6541e-01
-1.4353e-01
-1.2459e-01
-1.0819e-01
-9.4021e-02
-8.1772e-02
-7.1186e-02
-6.2035e-02
-5.4123e-02
-4.7280e-02
-4.1356e-02
-3.6228e-02
-3.1325e-02
-2.7358e-02
-2.4073e-02
-2.1267e-02
-1.8834e-02
-1.6716e-02
-1.4865e-02
-1.3245e-02
-2.3728e-02
-1.0087e-01
-1.8718e-01
-2.6396e-01
-3.1882e-01
-3.4630e-01
-3.4905e-01
-3.3411e-01
-3.0890e-01
-2.7916e-01
-2.4854e-01
-2.1914e-01
-1.9201e-01
-1.6756e-01
-1.4585e-01
-1.2676e-01
-1.1008e-01
-9.5572e-02
-8.2977e-02
-7.2065e-02
-6.2621e-02
-5.4453e-02
-4.7390e-02
-4.1283e-02
-3.6002e-02
-3.1434e-02
-2.7480e-02
-2.4056e-02
-2.0682e-02
-1.8201e-02
-1.5986e-02
-1.4096e-02
-1.2465e-02
-1.1051e-02
-9.8180e-03
-8.7390e-03
-4.2086e-01
-1.6824e+00
-2.4117e+00
-2.6705e+00
-2.7027e+00
-2.6217e+00
-2.4848e+00
-2.3229e+00
-2.1527e+00
-1.9838e+00
-1.8217e+00
-1.6693e+00
-1.5278e+00
-1.3976e+00
-1.2784e+00
-1.1698e+00
-1.0710e+00
-9.8138e-01
-9.0004e-01
-8.2626e-01
-7.5932e-01
-6.9856e-01
-6.4338e-01
-5.9320e-01
-5.4755e-01
-5.0595e-01
-4.6802e-01
-4.3338e-01
-3.8764e-01
-3.6109e-01
-3.3657e-01
-3.1381e-01
-2.9277e-01
-2.7333e-01
-2.5537e-01
-2.3876e-01
-3.9142e-01
-1.5798e+00
-2.2542e+00
-2.4693e+00
-2.4752e+00
-2.3846e+00
-2.2497e+00
-2.0966e+00
-1.9388e+00
-1.7840e+00
-1.6363e+00
-1.4981e+00
-1.3703e+00
-1.2529e+00
-1.1458e+00
-1.0483e+00
-9.5975e-01
-8.7946e-01
-8.0666e-01
-7.4067e-01
-6.8083e-01
-6.2651e-01
-5.7718e-01
-5.3233e-01
-4.9151e-01
-4.5431e-01
-4.2038e-01
-3.8939e-01
-3.4784e-01
-3.2450e-01
-3.0267e-01
-2.8230e-01
-2.6344e-01
-2.4600e-01
-2.2989e-01
-2.1498e-01
-2.1354e-01
-9.5231e-01
-1.3039e+00
-1.3877e+00
-1.3708e+00
-1.3106e+00
-1.2306e+00
-1.1425e+00
-1.0526e+00
-9.6509e-01
-8.8213e-01
-8.0493e-01
-7.3392e-01
-6.6911e-01
-6.1025e-01
-5.5696e-01
-5.0879e-01
-4.6529e-01
-4.2600e-01
-3.9050e-01
-3.5841e-01
-3.2936e-01
-3.0304e-01
-2.7917e-01
-2.5747e-01
-2.3774e-01
-2.1976e-01
-2.0336e-01
-1.8180e-01
-1.6902e-01
-1.5732e-01
-1.4659e-01
-1.3671e-01
-1.2759e-01
-1.1917e-01
-1.1139e-01
-1.6837e-01
-7.7543e-01
-1.0364e+00
-1.0024e+00
-8.9783e-01
-7.9602e-01
-7.0919e-01
-6.3553e-01
-5.7169e-01
-5.1551e-01
-4.6570e-01
-4.2139e-01
-3.8190e-01
-3.4667e-01
-3.1520e-01
-2.8705e-01
-2.6184e-01
-2.3923e-01
-2.1892e-01
-2.0063e-01
-1.8415e-01
-1.6925e-01
-1.5577e-01
-1.4355e-01
-1.3246e-01
-1.2237e-01
-1.1317e-01
-1.0478e-01
-9.3605e-02
-8.6984e-02
-8.1082e-02
-7.5617e-02
-7.0565e-02
-6.5895e-02
-6.1577e-02
-5.7581e-02
-8.7806e-02
-1.7335e-01
-1.5096e-01
-1.2065e-01
-9.8701e-02
-8.2970e-02
-7.1175e-02
-6.1800e-02
-5.4047e-02
-4.7509e-02
-4.1935e-02
-3.7146e-02
-3.3011e-02
-2.9423e-02
-2.6299e-02
-2.3570e-02
-2.1180e-02
-1.9077e-02
-1.7224e-02
-1.5587e-02
-1.4135e-02
-1.2846e-02
-1.1697e-02
-1.0672e-02
-9.7540e-03
-8.9300e-03
-8.1900e-03
-7.5230e-03
-6.6890e-03
-6.1770e-03
-5.7160e-03
-5.2940e-03
-4.9110e-03
-4.5600e-03
-4.2390e-03
-3.9450e-03
