2.70101119e+02
5.01000631e+01
5.00120565e+01
4.96814215e+01
5.01088991e+01
4.99802629e+01
4.99529711e+01
4.96382445e+01
4.98565974e+01
5.00011844e+01
4.99020923e+01
5.01680912e+01
4.96784071e+01
5.01852519e+01
4.98972737e+01
4.99838374e+01
5.01937978e+01
5.00626788e+01
5.03571464e+01
4.97122085e+01
5.01984866e+01
5.01631078e+01
4.98033238e+01
5.01519375e+01
5.04544305e+01
4.98150607e+01
5.00782994e+01
4.99305527e+01
4.98628508e+01
4.98570750e+01
5.01815178e+01
4.98691708e+01
4.99715102e+01
4.99615940e+01
5.01338911e+01
5.01295901e+01
4.97851249e+01
2.69978805e+02
1.50012352e+02
1.44248459e+02
1.40539489e+02
1.36923431e+02
1.34512131e+02
1.32470628e+02
1.30670035e+02
1.28773059e+02
1.27985233e+02
1.27095291e+02
1.25974955e+02
1.25013124e+02
1.24421466e+02
1.23638128e+02
1.23726606e+02
1.23563762e+02
1.22489804e+02
1.22521318e+02
1.22410094e+02
1.21694996e+02
1.21613131e+02
1.21976690e+02
1.21542556e+02
1.21194463e+02
1.20835607e+02
1.20768756e+02
1.20839901e+02
1.20692600e+02
1.20935584e+02
1.20383468e+02
1.20595167e+02
1.20778527e+02
1.20688569e+02
1.20433169e+02
1.20376145e+02
1.20370084e+02
2.70084069e+02
2.50003853e+02
2.44666115e+02
2.38699830e+02
2.33201360e+02
2.27881591e+02
2.23348960e+02
2.19051962e+02
2.15414368e+02
2.12815149e+02
2.10388984e+02
2.08193787e+02
2.06498954e+02
2.04977164e+02
2.03650751e+02
2.02679949e+02
2.01399756e+02
2.00517589e+02
2.00312280e+02
1.99444966e+02
1.98837759e+02
1.98291532e+02
1.98106559e+02
1.98322814e+02
1.97541258e+02
1.97667265e+02
1.97017467e+02
1.96767853e+02
1.96669701e+02
1.96419110e+02
1.96509889e+02
1.96099331e+02
1.95974579e+02
1.96015090e+02
1.95943756e+02
1.95977484e+02
1.95546808e+02
2.68602823e+02
2.68843193e+02
2.68250101e+02
2.67679933e+02
2.67250547e+02
2.66684905e+02
2.66387465e+02
2.65672436e+02
2.65095754e+02
2.64934259e+02
2.64993684e+02
2.64374304e+02
2.64057687e+02
2.63886916e+02
2.63711343e+02
2.63234575e+02
2.63349940e+02
2.62928426e+02
2.62869098e+02
2.62548780e+02
2.62712262e+02
2.62440613e+02
2.62781027e+02
2.62570226e+02
2.62414762e+02
2.62258590e+02
2.62648219e+02
2.62244417e+02
2.62317534e+02
2.62209651e+02
2.62399401e+02
2.62238666e+02
2.62617841e+02
2.62100969e+02
2.62565130e+02
2.62197378e+02
2.62418270e+02
2.68033628e+02
2.68248879e+02
2.68040775e+02
2.67845724e+02
2.67894009e+02
2.67409482e+02
2.67593659e+02
2.66923874e+02
2.66642922e+02
2.66418460e+02
2.65959935e+02
2.66416459e+02
2.65449615e+02
2.65243074e+02
2.65621584e+02
2.65095864e+02
2.64888923e+02
2.64877005e+02
2.64852213e+02
2.64462386e+02
2.64677265e+02
2.64922162e+02
2.64511029e+02
2.64557658e+02
2.64719697e+02
2.64773014e+02
2.64242162e+02
2.64486536e+02
2.64710051e+02
2.64812685e+02
2.64539861e+02
2.64330504e+02
2.64490258e+02
2.64734176e+02
2.64085575e+02
2.64372487e+02
2.64249724e+02
2.71019463e+02
2.70581203e+02
2.69162611e+02
2.66678198e+02
2.64126829e+02
2.61692862e+02
2.58626948e+02
2.56349348e+02
2.54122187e+02
2.52149266e+02
2.49823251e+02
2.48286418e+02
2.46340151e+02
2.44840890e+02
2.43407669e+02
2.42245394e+02
2.40790970e+02
2.39097459e+02
2.39354444e+02
2.37786366e+02
2.36617368e+02
2.35763255e+02
2.35367578e+02
2.34324381e+02
2.33827008e+02
2.33616672e+02
2.32586523e+02
2.32458425e+02
2.31819306e+02
2.31113635e+02
2.30662672e+02
2.30215151e+02
2.30263331e+02
2.29932197e+02
2.29180645e+02
2.29020630e+02
2.28954960e+02
2.71098145e+02
2.70768989e+02
2.69316882e+02
2.67202515e+02
2.64348645e+02
2.62660626e+02
2.59872778e+02
2.57621501e+02
2.55298196e+02
2.53776850e+02
2.51875279e+02
2.50334553e+02
2.48853423e+02
2.47218986e+02
2.46131253e+02
2.44677173e+02
2.43870265e+02
2.42858479e+02
2.41749657e+02
2.40933226e+02
2.40140332e+02
2.38895906e+02
2.38568800e+02
2.37721629e+02
2.37053316e+02
2.36862716e+02
2.36170007e+02
2.35514855e+02
2.34976941e+02
2.34772088e+02
2.34391627e+02
2.34129852e+02
2.33587424e+02
2.33261324e+02
2.33202435e+02
2.32892611e+02
2.32758879e+02
2.70410177e+02
2.70579011e+02
2.69658078e+02
2.68431525e+02
2.67149283e+02
2.65728086e+02
2.64557913e+02
2.62754860e+02
2.62000895e+02
2.60748950e+02
2.60061012e+02
2.58881603e+02
2.57840201e+02
2.57260913e+02
2.56840562e+02
2.55847021e+02
2.55139184e+02
2.54790774e+02
2.53984674e+02
2.54003552e+02
2.53188618e+02
2.53152801e+02
2.52359823e+02
2.52018044e+02
2.52038860e+02
2.51725410e+02
2.51140036e+02
2.51090651e+02
2.51164304e+02
2.50642004e+02
2.50891795e+02
2.50620201e+02
2.50055330e+02
2.50030592e+02
2.50120737e+02
2.49933441e+02
2.49761129e+02
2.70575365e+02
2.70590030e+02
2.69750789e+02
2.69139649e+02
2.67500498e+02
2.66777934e+02
2.66013497e+02
2.64870458e+02
2.64555070e+02
2.63968591e+02
2.63174970e+02
2.63197324e+02
2.62356584e+02
2.61748591e+02
2.61937710e+02
2.61579586e+02
2.60964826e+02
2.60420634e+02
2.60480870e+02
2.60234922e+02
2.59922389e+02
2.59758265e+02
2.59723585e+02
2.59271480e+02
2.59317311e+02
2.59725603e+02
2.59289401e+02
2.58782083e+02
2.58875897e+02
2.58628335e+02
2.58885204e+02
2.58648172e+02
2.58758112e+02
2.58295043e+02
2.58569192e+02
2.58391374e+02
2.58434156e+02
2.71192637e+02
2.70770329e+02
2.70376690e+02
2.70460338e+02
2.70171234e+02
2.69922872e+02
2.69607094e+02
2.69688481e+02
2.69666704e+02
2.69731881e+02
2.69283037e+02
2.69779857e+02
2.69265131e+02
2.69129478e+02
2.69073930e+02
2.69216049e+02
2.69073008e+02
2.69099025e+02
2.68887711e+02
2.69149594e+02
2.68821067e+02
2.69164586e+02
2.68689396e+02
2.68517724e+02
2.68716300e+02
2.68846522e+02
2.68859203e+02
2.68746663e+02
2.68948398e+02
2.68702764e+02
2.68802988e+02
2.68831032e+02
2.69015849e+02
2.68736143e+02
2.69062384e+02
2.68562950e+02
2.68283704e+02
