-2.2000e+02
0.0000e+00
0.0000e+00
0.0000e+00
0.0000e+00
0.0000e+00
0.0000e+00
0.0000e+00
0.0000e+00
0.0000e+00
0.0000e+00
0.0000e+00
0.0000e+00
0.0000e+00
0.0000e+00
0.0000e+00
0.0000e+00
0.0000e+00
0.0000e+00
0.0000e+00
0.0000e+00
0.0000e+00
0.0000e+00
0.0000e+00
0.0000e+00
0.0000e+00
0.0000e+00
0.0000e+00
0.0000e+00
0.0000e+00
0.0000e+00
0.0000e+00
0.0000e+00
0.0000e+00
0.0000e+00
0.0000e+00
-1.2000e+02
-6.4729e+00
-3.8641e+00
-2.9511e+00
-2.5427e+00
-2.1966e+00
-1.8101e+00
-1.4875e+00
-1.2303e+00
-1.0252e+00
-8.6013e-01
-7.2610e-01
-6.1626e-01
-5.2554e-01
-4.5007e-01
-3.8692e-01
-3.3379e-01
-2.8889e-01
-2.5078e-01
-2.1833e-01
-1.9060e-01
-1.6683e-01
-1.4641e-01
-1.2882e-01
-1.1362e-01
-1.0048e-01
-8.9069e-02
-7.9155e-02
-7.0521e-02
-6.2986e-02
-5.6395e-02
-4.9329e-02
-4.4199e-02
-4.0039e-02
-3.6325e-02
-3.3024e-02
-2.0000e+01
-5.5032e+00
-5.4497e+00
-5.4564e+00
-5.1344e+00
-4.5198e+00
-3.8807e+00
-3.3005e+00
-2.7974e+00
-2.3697e+00
-2.0094e+00
-1.7067e+00
-1.4525e+00
-1.2389e+00
-1.0590e+00
-9.0716e-01
-7.7874e-01
-6.6985e-01
-5.7733e-01
-4.9854e-01
-4.3131e-01
-3.7384e-01
-3.2463e-01
-2.8241e-01
-2.4614e-01
-2.1492e-01
-1.8802e-01
-1.6480e-01
-1.4473e-01
-1.2736e-01
-1.1231e-01
-9.6899e-02
-8.5382e-02
-7.6076e-02
-6.7926e-02
-6.0777e-02
-1.1248e-01
-2.8173e-01
-4.1069e-01
-5.0653e-01
-5.6006e-01
-5.7234e-01
-5.5277e-01
-5.1377e-01
-4.6558e-01
-4.1502e-01
-3.6601e-01
-3.2056e-01
-2.7954e-01
-2.4311e-01
-2.1110e-01
-1.8315e-01
-1.5887e-01
-1.3782e-01
-1.1961e-01
-1.0387e-01
-9.0269e-02
-7.8523e-02
-6.8376e-02
-5.9610e-02
-5.2033e-02
-4.5479e-02
-3.9810e-02
-3.4899e-02
-3.0646e-02
-2.6955e-02
-2.3752e-02
-2.0713e-02
-1.8125e-02
-1.6047e-02
-1.4278e-02
-1.2745e-02
-2.7103e-02
-1.1040e-01
-1.9637e-01
-2.6811e-01
-3.1717e-01
-3.4031e-01
-3.4055e-01
-3.2456e-01
-2.9925e-01
-2.6991e-01
-2.3995e-01
-2.1131e-01
-1.8496e-01
-1.6126e-01
-1.4026e-01
-1.2184e-01
-1.0575e-01
-9.1781e-02
-7.9668e-02
-6.9183e-02
-6.0118e-02
-5.2282e-02
-4.5510e-02
-3.9659e-02
-3.4600e-02
-3.0225e-02
-2.6440e-02
-2.3162e-02
-2.0324e-02
-1.7862e-02
-1.5727e-02
-1.3629e-02
-1.2013e-02
-1.0621e-02
-9.4300e-03
-8.4020e-03
-5.3726e-01
-1.8812e+00
-2.5564e+00
-2.7352e+00
-2.7055e+00
-2.5866e+00
-2.4309e+00
-2.2623e+00
-2.0928e+00
-1.9290e+00
-1.7740e+00
-1.6294e+00
-1.4957e+00
-1.3729e+00
-1.2605e+00
-1.1580e+00
-1.0647e+00
-9.7987e-01
-9.0275e-01
-8.3265e-01
-7.6893e-01
-7.1097e-01
-6.5821e-01
-6.1013e-01
-5.6628e-01
-5.2624e-01
-4.8963e-01
-4.5611e-01
-4.2539e-01
-3.9718e-01
-3.7125e-01
-3.3940e-01
-3.1537e-01
-2.9605e-01
-2.7829e-01
-2.6187e-01
-2.9689e-01
-1.2660e+00
-1.9420e+00
-2.2224e+00
-2.2901e+00
-2.2488e+00
-2.1517e+00
-2.0268e+00
-1.8901e+00
-1.7511e+00
-1.6156e+00
-1.4867e+00
-1.3661e+00
-1.2544e+00
-1.1517e+00
-1.0579e+00
-9.7227e-01
-8.9438e-01
-8.2359e-01
-7.5926e-01
-7.0080e-01
-6.4766e-01
-5.9932e-01
-5.5530e-01
-5.1518e-01
-4.7855e-01
-4.4509e-01
-4.1447e-01
-3.8640e-01
-3.6066e-01
-3.3700e-01
-3.0766e-01
-2.8603e-01
-2.6849e-01
-2.5232e-01
-2.3736e-01
-2.7666e-01
-9.4787e-01
-1.2600e+00
-1.3249e+00
-1.3041e+00
-1.2487e+00
-1.1771e+00
-1.0979e+00
-1.0166e+00
-9.3676e-01
-8.6059e-01
-7.8930e-01
-7.2343e-01
-6.6308e-01
-6.0808e-01
-5.5813e-01
-5.1284e-01
-4.7182e-01
-4.3465e-01
-4.0097e-01
-3.7041e-01
-3.4266e-01
-3.1743e-01
-2.9444e-01
-2.7348e-01
-2.5433e-01
-2.3681e-01
-2.2075e-01
-2.0601e-01
-1.9246e-01
-1.7999e-01
-1.6454e-01
-1.5292e-01
-1.4363e-01
-1.3506e-01
-1.2712e-01
-2.0218e-01
-7.8422e-01
-1.0294e+00
-9.9063e-01
-8.8391e-01
-7.8139e-01
-6.9505e-01
-6.2248e-01
-5.6022e-01
-5.0598e-01
-4.5830e-01
-4.1618e-01
-3.7882e-01
-3.4561e-01
-3.1601e-01
-2.8957e-01
-2.6588e-01
-2.4462e-01
-2.2549e-01
-2.0822e-01
-1.9261e-01
-1.7845e-01
-1.6559e-01
-1.5386e-01
-1.4317e-01
-1.3338e-01
-1.2441e-01
-1.1618e-01
-1.0860e-01
-1.0162e-01
-9.5180e-02
-8.7119e-02
-8.1076e-02
-7.6216e-02
-7.1757e-02
-6.7617e-02
-8.6658e-02
-1.7025e-01
-1.4870e-01
-1.1890e-01
-9.7127e-02
-8.1607e-02
-6.9984e-02
-6.0750e-02
-5.3153e-02
-4.6782e-02
-4.1371e-02
-3.6738e-02
-3.2746e-02
-2.9289e-02
-2.6283e-02
-2.3659e-02
-2.1358e-02
-1.9336e-02
-1.7552e-02
-1.5973e-02
-1.4572e-02
-1.3325e-02
-1.2212e-02
-1.1214e-02
-1.0320e-02
-9.5140e-03
-8.7880e-03
-8.1310e-03
-7.5360e-03
-6.9940e-03
-6.5020e-03
-5.9180e-03
-5.4730e-03
-5.1150e-03
-4.7870e-03
-4.4860e-03
