-2.2000e+02
0.0000e+00
0.0000e+00
0.0000e+00
0.0000e+00
0.0000e+00
0.0000e+00
0.0000e+00
0.0000e+00
0.0000e+00
0.0000e+00
0.0000e+00
0.0000e+00
0.0000e+00
0.0000e+00
0.0000e+00
0.0000e+00
0.0000e+00
0.0000e+00
0.0000e+00
0.0000e+00
0.0000e+00
0.0000e+00
0.0000e+00
0.0000e+00
0.0000e+00
0.0000e+00
0.0000e+00
0.0000e+00
0.0000e+00
0.0000e+00
0.0000e+00
0.0000e+00
0.0000e+00
0.0000e+00
0.0000e+00
-1.2000e+02
-6.4287e+00
-3.8490e+00
-2.9390e+00
-2.5234e+00
-2.1870e+00
-1.8084e+00
-1.4887e+00
-1.2331e+00
-1.0290e+00
-8.6465e-01
-7.3107e-01
-6.2151e-01
-5.3093e-01
-4.5551e-01
-3.9233e-01
-3.3911e-01
-2.9406e-01
-2.5578e-01
-2.2312e-01
-1.9516e-01
-1.7115e-01
-1.5047e-01
-1.3261e-01
-1.1716e-01
-1.0374e-01
-9.2078e-02
-8.1910e-02
-7.1342e-02
-6.3463e-02
-5.7069e-02
-5.1394e-02
-4.6366e-02
-4.1912e-02
-3.7958e-02
-3.4443e-02
-2.0000e+01
-5.4849e+00
-5.4389e+00
-5.4412e+00
-5.1204e+00
-4.5073e+00
-3.8695e+00
-3.2911e+00
-2.7899e+00
-2.3640e+00
-2.0053e+00
-1.7040e+00
-1.4511e+00
-1.2386e+00
-1.0597e+00
-9.0871e-01
-7.8096e-01
-6.7263e-01
-5.8053e-01
-5.0207e-01
-4.3507e-01
-3.7775e-01
-3.2861e-01
-2.8640e-01
-2.5008e-01
-2.1877e-01
-1.9175e-01
-1.6838e-01
-1.4525e-01
-1.2752e-01
-1.1299e-01
-1.0030e-01
-8.9199e-02
-7.9482e-02
-7.0962e-02
-6.3479e-02
-1.1005e-01
-2.7639e-01
-4.0336e-01
-4.9780e-01
-5.5054e-01
-5.6266e-01
-5.4343e-01
-5.0509e-01
-4.5776e-01
-4.0813e-01
-3.6007e-01
-3.1554e-01
-2.7536e-01
-2.3969e-01
-2.0835e-01
-1.8099e-01
-1.5720e-01
-1.3658e-01
-1.1872e-01
-1.0327e-01
-8.9913e-02
-7.8361e-02
-6.8370e-02
-5.9725e-02
-5.2241e-02
-4.5758e-02
-4.0136e-02
-3.5259e-02
-3.0740e-02
-2.6844e-02
-2.3668e-02
-2.0961e-02
-1.8611e-02
-1.6561e-02
-1.4766e-02
-1.3191e-02
-3.4998e-02
-1.2972e-01
-2.2121e-01
-2.9578e-01
-3.4488e-01
-3.6598e-01
-3.6317e-01
-3.4401e-01
-3.1585e-01
-2.8411e-01
-2.5217e-01
-2.2190e-01
-1.9419e-01
-1.6937e-01
-1.4741e-01
-1.2817e-01
-1.1139e-01
-9.6810e-02
-8.4166e-02
-7.3219e-02
-6.3743e-02
-5.5546e-02
-4.8453e-02
-4.2315e-02
-3.7000e-02
-3.2395e-02
-2.8404e-02
-2.4940e-02
-2.1657e-02
-1.9013e-02
-1.6743e-02
-1.4806e-02
-1.3134e-02
-1.1677e-02
-1.0404e-02
-9.2870e-03
-9.3696e-01
-2.4108e+00
-3.0037e+00
-3.0881e+00
-2.9880e+00
-2.8182e+00
-2.6247e+00
-2.4268e+00
-2.2339e+00
-2.0507e+00
-1.8796e+00
-1.7213e+00
-1.5759e+00
-1.4429e+00
-1.3217e+00
-1.2113e+00
-1.1110e+00
-1.0198e+00
-9.3697e-01
-8.6168e-01
-7.9322e-01
-7.3093e-01
-6.7421e-01
-6.2251e-01
-5.7533e-01
-5.3225e-01
-4.9287e-01
-4.5682e-01
-4.1124e-01
-3.8067e-01
-3.5543e-01
-3.3172e-01
-3.0970e-01
-2.8928e-01
-2.7037e-01
-2.5283e-01
-4.0513e-01
-1.4197e+00
-2.1274e+00
-2.4273e+00
-2.4999e+00
-2.4531e+00
-2.3443e+00
-2.2050e+00
-2.0531e+00
-1.8992e+00
-1.7494e+00
-1.6072e+00
-1.4743e+00
-1.3514e+00
-1.2384e+00
-1.1351e+00
-1.0409e+00
-9.5515e-01
-8.7712e-01
-8.0618e-01
-7.4166e-01
-6.8298e-01
-6.2956e-01
-5.8089e-01
-5.3652e-01
-4.9603e-01
-4.5903e-01
-4.2520e-01
-3.8446e-01
-3.5424e-01
-3.3032e-01
-3.0806e-01
-2.8742e-01
-2.6831e-01
-2.5063e-01
-2.3426e-01
-2.6276e-01
-9.8838e-01
-1.3366e+00
-1.4170e+00
-1.3990e+00
-1.3400e+00
-1.2620e+00
-1.1756e+00
-1.0869e+00
-1.0000e+00
-9.1719e-01
-8.3972e-01
-7.6813e-01
-7.0250e-01
-6.4264e-01
-5.8822e-01
-5.3884e-01
-4.9406e-01
-4.5347e-01
-4.1666e-01
-3.8327e-01
-3.5294e-01
-3.2538e-01
-3.0030e-01
-2.7745e-01
-2.5661e-01
-2.3757e-01
-2.2016e-01
-2.0007e-01
-1.8470e-01
-1.7186e-01
-1.6010e-01
-1.4931e-01
-1.3938e-01
-1.3022e-01
-1.2176e-01
-1.9571e-01
-8.1419e-01
-1.0672e+00
-1.0173e+00
-8.9944e-01
-7.8967e-01
-6.9906e-01
-6.2396e-01
-5.6007e-01
-5.0466e-01
-4.5605e-01
-4.1311e-01
-3.7502e-01
-3.4112e-01
-3.1086e-01
-2.8380e-01
-2.5953e-01
-2.3773e-01
-2.1810e-01
-2.0039e-01
-1.8437e-01
-1.6987e-01
-1.5671e-01
-1.4475e-01
-1.3386e-01
-1.2392e-01
-1.1485e-01
-1.0655e-01
-9.6923e-02
-8.9634e-02
-8.3546e-02
-7.7911e-02
-7.2722e-02
-6.7939e-02
-6.3527e-02
-5.9446e-02
-9.5959e-02
-2.0025e-01
-1.8001e-01
-1.4632e-01
-1.2068e-01
-1.0200e-01
-8.7865e-02
-7.6577e-02
-6.7248e-02
-5.9386e-02
-5.2678e-02
-4.6905e-02
-4.1906e-02
-3.7555e-02
-3.3750e-02
-3.0413e-02
-2.7471e-02
-2.4874e-02
-2.2572e-02
-2.0525e-02
-1.8702e-02
-1.7072e-02
-1.5613e-02
-1.4303e-02
-1.3124e-02
-1.2061e-02
-1.1101e-02
-1.0231e-02
-9.2590e-03
-8.4910e-03
-7.8720e-03
-7.3060e-03
-6.7880e-03
-6.3150e-03
-5.8810e-03
-5.4820e-03
