2.70000000e+02
5.00000000e+01
5.00000000e+01
5.00000000e+01
5.00000000e+01
5.00000000e+01
5.00000000e+01
5.00000000e+01
5.00000000e+01
5.00000000e+01
5.00000000e+01
5.00000000e+01
5.00000000e+01
5.00000000e+01
5.00000000e+01
5.00000000e+01
5.00000000e+01
5.00000000e+01
5.00000000e+01
5.00000000e+01
5.00000000e+01
5.00000000e+01
5.00000000e+01
5.00000000e+01
5.00000000e+01
5.00000000e+01
5.00000000e+01
5.00000000e+01
5.00000000e+01
5.00000000e+01
5.00000000e+01
5.00000000e+01
5.00000000e+01
5.00000000e+01
5.00000000e+01
5.00000000e+01
5.00000000e+01
2.70000000e+02
1.50000000e+02
1.43537249e+02
1.39673815e+02
1.36709356e+02
1.34155799e+02
1.31943538e+02
1.30113239e+02
1.28603892e+02
1.27351321e+02
1.26304284e+02
1.25423185e+02
1.24677352e+02
1.24042768e+02
1.23500404e+02
1.23035003e+02
1.22634212e+02
1.22287932e+02
1.21987851e+02
1.21727072e+02
1.21499847e+02
1.21301355e+02
1.21127541e+02
1.20974973e+02
1.20840743e+02
1.20722375e+02
1.20619275e+02
1.20529063e+02
1.20448572e+02
1.20376688e+02
1.20312377e+02
1.20254728e+02
1.20202947e+02
1.20156340e+02
1.20114304e+02
1.20076311e+02
1.20041904e+02
2.70000000e+02
2.50000000e+02
2.44415772e+02
2.38852246e+02
2.33243317e+02
2.27941146e+02
2.23250901e+02
2.19203957e+02
2.15745727e+02
2.12801657e+02
2.10297481e+02
2.08166156e+02
2.06349672e+02
2.04798812e+02
2.03472201e+02
2.02335187e+02
2.01358769e+02
2.00518658e+02
1.99794479e+02
1.99169099e+02
1.98628087e+02
1.98159250e+02
1.97752270e+02
1.97398390e+02
1.97090168e+02
1.96821263e+02
1.96589109e+02
1.96388035e+02
1.96211138e+02
1.96055257e+02
1.95917658e+02
1.95795984e+02
1.95688200e+02
1.95592546e+02
1.95507502e+02
1.95431747e+02
1.95364138e+02
2.68734520e+02
2.68650574e+02
2.68413310e+02
2.68045250e+02
2.67575367e+02
2.67044775e+02
2.66494820e+02
2.65958106e+02
2.65455217e+02
2.64996498e+02
2.64585336e+02
2.64220982e+02
2.63900488e+02
2.63619913e+02
2.63375022e+02
2.63161666e+02
2.62975971e+02
2.62814425e+02
2.62673895e+02
2.62551620e+02
2.62445179e+02
2.62352466e+02
2.62271647e+02
2.62201136e+02
2.62139557e+02
2.62085722e+02
2.62038805e+02
2.61998133e+02
2.61962544e+02
2.61931241e+02
2.61903634e+02
2.61879239e+02
2.61857644e+02
2.61838494e+02
2.61821482e+02
2.61806343e+02
2.61792847e+02
2.68341596e+02
2.68321295e+02
2.68229736e+02
2.68054647e+02
2.67805280e+02
2.67502704e+02
2.67172762e+02
2.66838844e+02
2.66517891e+02
2.66219950e+02
2.65949688e+02
2.65708235e+02
2.65494661e+02
2.65306972e+02
2.65142720e+02
2.64999359e+02
2.64874430e+02
2.64765657e+02
2.64670986e+02
2.64588587e+02
2.64516851e+02
2.64454366e+02
2.64399906e+02
2.64352401e+02
2.64310927e+02
2.64274682e+02
2.64243249e+02
2.64215845e+02
2.64191854e+02
2.64170794e+02
2.64152246e+02
2.64135873e+02
2.64121391e+02
2.64108560e+02
2.64097171e+02
2.64087045e+02
2.64078026e+02
2.70297580e+02
2.69735528e+02
2.67659826e+02
2.64956826e+02
2.62138899e+02
2.59397308e+02
2.56805942e+02
2.54390663e+02
2.52157156e+02
2.50101464e+02
2.48214746e+02
2.46485866e+02
2.44902834e+02
2.43453623e+02
2.42126622e+02
2.40910883e+02
2.39796242e+02
2.38773361e+02
2.37833724e+02
2.36969604e+02
2.36174014e+02
2.35440655e+02
2.34763856e+02
2.34138512e+02
2.33560036e+02
2.33024302e+02
2.32536418e+02
2.32088808e+02
2.31671066e+02
2.31281372e+02
2.30917662e+02
2.30577983e+02
2.30260526e+02
2.29963631e+02
2.29685770e+02
2.29425549e+02
2.29181686e+02
2.70514079e+02
2.70361012e+02
2.69439887e+02
2.67819615e+02
2.65824977e+02
2.63677421e+02
2.61507933e+02
2.59392174e+02
2.57372721e+02
2.55471935e+02
2.53699447e+02
2.52056915e+02
2.50541129e+02
2.49146048e+02
2.47864127e+02
2.46687173e+02
2.45606879e+02
2.44615157e+02
2.43704325e+02
2.42867213e+02
2.42097204e+02
2.41388238e+02
2.40734800e+02
2.40131890e+02
2.39574985e+02
2.39060000e+02
2.38589680e+02
2.38159848e+02
2.37759916e+02
2.37387498e+02
2.37040473e+02
2.36716862e+02
2.36414843e+02
2.36132750e+02
2.35869063e+02
2.35622397e+02
2.35391486e+02
2.71012177e+02
2.70778675e+02
2.69902623e+02
2.68669066e+02
2.67334289e+02
2.65999141e+02
2.64705699e+02
2.63474603e+02
2.62316781e+02
2.61237264e+02
2.60236989e+02
2.59314139e+02
2.58465169e+02
2.57685558e+02
2.56970328e+02
2.56314387e+02
2.55712751e+02
2.55160673e+02
2.54653717e+02
2.54187785e+02
2.53759132e+02
2.53364348e+02
2.53000347e+02
2.52664343e+02
2.52353822e+02
2.52066523e+02
2.51803150e+02
2.51561568e+02
2.51337453e+02
2.51129071e+02
2.50934993e+02
2.50754005e+02
2.50585049e+02
2.50427180e+02
2.50279549e+02
2.50141385e+02
2.50011988e+02
2.71119220e+02
2.70801487e+02
2.69744503e+02
2.68465521e+02
2.67293782e+02
2.66281838e+02
2.65407587e+02
2.64642680e+02
2.63965848e+02
2.63362125e+02
2.62820485e+02
2.62332369e+02
2.61890878e+02
2.61490305e+02
2.61125843e+02
2.60793397e+02
2.60489451e+02
2.60210963e+02
2.59955287e+02
2.59720116e+02
2.59503426e+02
2.59303438e+02
2.59118582e+02
2.58947467e+02
2.58788859e+02
2.58641658e+02
2.58505953e+02
2.58381034e+02
2.58265073e+02
2.58157012e+02
2.58056094e+02
2.57961724e+02
2.57873388e+02
2.57790632e+02
2.57713047e+02
2.57640262e+02
2.57571939e+02
2.70920100e+02
2.70788130e+02
2.70525149e+02
2.70290238e+02
2.70102079e+02
2.69949325e+02
2.69821987e+02
2.69713533e+02
2.69619899e+02
2.69538322e+02
2.69466772e+02
2.69403679e+02
2.69347791e+02
2.69298089e+02
2.69253730e+02
2.69214008e+02
2.69178330e+02
2.69146191e+02
2.69117161e+02
2.69090872e+02
2.69067006e+02
2.69045289e+02
2.69025485e+02
2.69007387e+02
2.68990814e+02
2.68975609e+02
2.68961724e+02
2.68949110e+02
2.68937505e+02
2.68926780e+02
2.68916846e+02
2.68907628e+02
2.68899064e+02
2.68891096e+02
2.68883674e+02
2.68876754e+02
2.68870295e+02
