-2.2000e+02
0.0000e+00
0.0000e+00
0.0000e+00
0.0000e+00
0.0000e+00
0.0000e+00
0.0000e+00
0.0000e+00
0.0000e+00
0.0000e+00
0.0000e+00
0.0000e+00
0.0000e+00
0.0000e+00
0.0000e+00
0.0000e+00
0.0000e+00
0.0000e+00
0.0000e+00
0.0000e+00
0.0000e+00
0.0000e+00
0.0000e+00
0.0000e+00
0.0000e+00
0.0000e+00
0.0000e+00
0.0000e+00
0.0000e+00
0.0000e+00
0.0000e+00
0.0000e+00
0.0000e+00
0.0000e+00
0.0000e+00
-1.2000e+02
-6.5663e+00
-3.9037e+00
-2.9890e+00
-2.6045e+00
-2.2349e+00
-1.8375e+00
-1.5114e+00
-1.2518e+00
-1.0445e+00
-8.7740e-01
-7.4136e-01
-6.2961e-01
-5.3710e-01
-4.6000e-01
-3.9538e-01
-3.4094e-01
-2.9489e-01
-2.5578e-01
-2.2245e-01
-1.9396e-01
-1.6953e-01
-1.4854e-01
-1.3046e-01
-1.1484e-01
-1.0133e-01
-8.9617e-02
-7.9436e-02
-7.0033e-02
-6.1054e-02
-5.4715e-02
-4.9096e-02
-4.4149e-02
-3.9788e-02
-3.5936e-02
-3.2525e-02
-2.0000e+01
-5.5731e+00
-5.5744e+00
-5.6370e+00
-5.3330e+00
-4.7186e+00
-4.0702e+00
-3.4746e+00
-2.9536e+00
-2.5079e+00
-2.1302e+00
-1.8116e+00
-1.5431e+00
-1.3168e+00
-1.1259e+00
-9.6442e-01
-8.2769e-01
-7.1167e-01
-6.1304e-01
-5.2902e-01
-4.5732e-01
-3.9604e-01
-3.4356e-01
-2.9855e-01
-2.5990e-01
-2.2665e-01
-1.9800e-01
-1.7328e-01
-1.5081e-01
-1.2967e-01
-1.1461e-01
-1.0147e-01
-8.9995e-02
-7.9962e-02
-7.1184e-02
-6.3490e-02
-8.0961e-02
-2.3382e-01
-3.6138e-01
-4.5887e-01
-5.1473e-01
-5.2968e-01
-5.1325e-01
-4.7773e-01
-4.3314e-01
-3.8611e-01
-3.4044e-01
-2.9808e-01
-2.5984e-01
-2.2588e-01
-1.9606e-01
-1.7003e-01
-1.4742e-01
-1.2783e-01
-1.1089e-01
-9.6246e-02
-8.3602e-02
-7.2686e-02
-6.3258e-02
-5.5114e-02
-4.8078e-02
-4.1993e-02
-3.6728e-02
-3.2171e-02
-2.8139e-02
-2.4359e-02
-2.1336e-02
-1.8830e-02
-1.6675e-02
-1.4802e-02
-1.3166e-02
-1.1734e-02
-1.8781e-02
-8.8526e-02
-1.6954e-01
-2.4056e-01
-2.9029e-01
-3.1451e-01
-3.1618e-01
-3.0193e-01
-2.7859e-01
-2.5131e-01
-2.2337e-01
-1.9664e-01
-1.7205e-01
-1.4994e-01
-1.3036e-01
-1.1319e-01
-9.8207e-02
-8.5194e-02
-7.3918e-02
-6.4162e-02
-5.5728e-02
-4.8441e-02
-4.2146e-02
-3.6707e-02
-3.2005e-02
-2.7941e-02
-2.4425e-02
-2.1380e-02
-1.8629e-02
-1.6155e-02
-1.4198e-02
-1.2500e-02
-1.1049e-02
-9.7950e-03
-8.7040e-03
-7.7490e-03
-3.3103e-01
-1.4958e+00
-2.1640e+00
-2.3994e+00
-2.4332e+00
-2.3696e+00
-2.2580e+00
-2.1236e+00
-1.9807e+00
-1.8373e+00
-1.6983e+00
-1.5661e+00
-1.4421e+00
-1.3269e+00
-1.2204e+00
-1.1224e+00
-1.0326e+00
-9.5034e-01
-8.7517e-01
-8.0652e-01
-7.4385e-01
-6.8665e-01
-6.3444e-01
-5.8676e-01
-5.4321e-01
-5.0339e-01
-4.6698e-01
-4.3365e-01
-3.9967e-01
-3.6211e-01
-3.3854e-01
-3.1656e-01
-2.9623e-01
-2.7745e-01
-2.6010e-01
-2.4404e-01
-2.9139e-01
-1.3360e+00
-1.9521e+00
-2.1669e+00
-2.1964e+00
-2.1383e+00
-2.0373e+00
-1.9158e+00
-1.7863e+00
-1.6562e+00
-1.5300e+00
-1.4101e+00
-1.2977e+00
-1.1934e+00
-1.0970e+00
-1.0085e+00
-9.2741e-01
-8.5326e-01
-7.8553e-01
-7.2373e-01
-6.6735e-01
-6.1592e-01
-5.6899e-01
-5.2616e-01
-4.8704e-01
-4.5130e-01
-4.1861e-01
-3.8870e-01
-3.5808e-01
-3.2424e-01
-3.0328e-01
-2.8365e-01
-2.6545e-01
-2.4863e-01
-2.3307e-01
-2.1867e-01
-2.8374e-01
-9.3236e-01
-1.2388e+00
-1.3036e+00
-1.2809e+00
-1.2233e+00
-1.1504e+00
-1.0709e+00
-9.9012e-01
-9.1122e-01
-8.3612e-01
-7.6580e-01
-7.0068e-01
-6.4082e-01
-5.8607e-01
-5.3616e-01
-4.9075e-01
-4.4949e-01
-4.1203e-01
-3.7803e-01
-3.4716e-01
-3.1914e-01
-2.9368e-01
-2.7054e-01
-2.4950e-01
-2.3034e-01
-2.1289e-01
-1.9698e-01
-1.8080e-01
-1.6317e-01
-1.5220e-01
-1.4192e-01
-1.3240e-01
-1.2362e-01
-1.1552e-01
-1.0806e-01
-2.0767e-01
-7.6837e-01
-1.0036e+00
-9.6633e-01
-8.6382e-01
-7.6538e-01
-6.8222e-01
-6.1191e-01
-5.5115e-01
-4.9782e-01
-4.5055e-01
-4.0842e-01
-3.7075e-01
-3.3698e-01
-3.0667e-01
-2.7943e-01
-2.5491e-01
-2.3283e-01
-2.1292e-01
-1.9494e-01
-1.7869e-01
-1.6400e-01
-1.5070e-01
-1.3863e-01
-1.2769e-01
-1.1775e-01
-1.0871e-01
-1.0048e-01
-9.2162e-02
-8.2888e-02
-7.7334e-02
-7.2152e-02
-6.7292e-02
-6.2784e-02
-5.8623e-02
-5.4788e-02
-8.7164e-02
-1.6817e-01
-1.4787e-01
-1.1929e-01
-9.8322e-02
-8.3275e-02
-7.1865e-02
-6.2706e-02
-5.5113e-02
-4.8699e-02
-4.3214e-02
-3.8482e-02
-3.4374e-02
-3.0789e-02
-2.7648e-02
-2.4885e-02
-2.2448e-02
-2.0291e-02
-1.8379e-02
-1.6677e-02
-1.5162e-02
-1.3809e-02
-1.2598e-02
-1.1512e-02
-1.0538e-02
-9.6600e-03
-8.8710e-03
-8.1570e-03
-7.4690e-03
-6.7140e-03
-6.2150e-03
-5.7630e-03
-5.3490e-03
-4.9710e-03
-4.6260e-03
-4.3090e-03
