2.69765865e+02
4.96460444e+01
4.97263768e+01
5.05668377e+01
4.98539747e+01
4.96614722e+01
5.00279909e+01
4.96513621e+01
5.01812089e+01
4.99971202e+01
4.98193120e+01
5.02153779e+01
4.99344970e+01
4.98710106e+01
5.03136595e+01
5.00097010e+01
5.01294590e+01
5.01829288e+01
4.99430463e+01
4.98958421e+01
4.98078281e+01
5.00132624e+01
5.00522778e+01
4.97526015e+01
5.01911524e+01
4.96460538e+01
4.98943805e+01
5.00752046e+01
5.00241483e+01
5.00932968e+01
5.01066813e+01
5.00391606e+01
4.96471951e+01
5.01040112e+01
5.00452047e+01
5.02026951e+01
4.98206049e+01
2.69632186e+02
1.49855998e+02
1.43227293e+02
1.39597072e+02
1.36452251e+02
1.33753241e+02
1.31847318e+02
1.30090223e+02
1.27949574e+02
1.27012797e+02
1.25897001e+02
1.25005937e+02
1.24681489e+02
1.24028028e+02
1.23430709e+02
1.22856559e+02
1.22217626e+02
1.22093522e+02
1.21868796e+02
1.21579700e+02
1.21532396e+02
1.21571436e+02
1.20957898e+02
1.20837233e+02
1.21025751e+02
1.20697600e+02
1.20676728e+02
1.20200602e+02
1.20880238e+02
1.20287531e+02
1.20915660e+02
1.20168423e+02
1.20360210e+02
1.20104510e+02
1.20431742e+02
1.19867321e+02
1.20393339e+02
2.69491771e+02
2.50119158e+02
2.44415153e+02
2.39253923e+02
2.33395576e+02
2.28190147e+02
2.24013564e+02
2.19240923e+02
2.16317024e+02
2.13570935e+02
2.11145544e+02
2.09269841e+02
2.07560830e+02
2.06601483e+02
2.05014134e+02
2.03491724e+02
2.02906437e+02
2.02226918e+02
2.01255865e+02
2.01060103e+02
2.00524404e+02
1.99986499e+02
1.99572117e+02
1.99193850e+02
1.99103067e+02
1.99226217e+02
1.98626884e+02
1.98673237e+02
1.98122644e+02
1.98069582e+02
1.97853504e+02
1.97861588e+02
1.97467680e+02
1.97753127e+02
1.97810962e+02
1.97438735e+02
1.97588738e+02
2.69121160e+02
2.68757678e+02
2.68476413e+02
2.68156193e+02
2.67410252e+02
2.66922721e+02
2.66248493e+02
2.65429867e+02
2.64838686e+02
2.64360847e+02
2.64056429e+02
2.63349810e+02
2.63218234e+02
2.63108273e+02
2.62786041e+02
2.62584689e+02
2.61781495e+02
2.61584885e+02
2.61849525e+02
2.61590428e+02
2.61613035e+02
2.61346759e+02
2.61419550e+02
2.61452900e+02
2.61353214e+02
2.61492142e+02
2.61284640e+02
2.60971068e+02
2.60945324e+02
2.60707794e+02
2.61142072e+02
2.61090554e+02
2.60805371e+02
2.60847540e+02
2.60852640e+02
2.60690484e+02
2.61554106e+02
2.68233210e+02
2.67976053e+02
2.67918668e+02
2.68327137e+02
2.67949649e+02
2.67462896e+02
2.67074807e+02
2.66944000e+02
2.66430321e+02
2.66045763e+02
2.65891266e+02
2.65652296e+02
2.65414139e+02
2.65729655e+02
2.65240156e+02
2.64813798e+02
2.65214167e+02
2.64905020e+02
2.64997526e+02
2.65064222e+02
2.64599512e+02
2.64538090e+02
2.64528184e+02
2.64490953e+02
2.64450509e+02
2.64434328e+02
2.64289081e+02
2.64342310e+02
2.64480372e+02
2.64250179e+02
2.64376220e+02
2.64150767e+02
2.64355409e+02
2.64405849e+02
2.64022663e+02
2.64219416e+02
2.63806488e+02
2.71619535e+02
2.71532391e+02
2.68737704e+02
2.66576546e+02
2.63805862e+02
2.61931982e+02
2.59559059e+02
2.57819890e+02
2.55637673e+02
2.54054340e+02
2.51874850e+02
2.50855947e+02
2.49346556e+02
2.47658877e+02
2.46620030e+02
2.45691443e+02
2.44407711e+02
2.42890113e+02
2.42008320e+02
2.41753547e+02
2.41577569e+02
2.40117319e+02
2.39291626e+02
2.39058323e+02
2.38338728e+02
2.37996870e+02
2.37697889e+02
2.36946157e+02
2.36958167e+02
2.36416312e+02
2.35906803e+02
2.35257345e+02
2.35447933e+02
2.35053977e+02
2.35072330e+02
2.34520789e+02
2.34408175e+02
2.72131629e+02
2.71863478e+02
2.70879910e+02
2.69322640e+02
2.67342690e+02
2.65311397e+02
2.63290981e+02
2.61193110e+02
2.59255903e+02
2.57476503e+02
2.55648837e+02
2.54222961e+02
2.53018495e+02
2.51375311e+02
2.50488342e+02
2.49256927e+02
2.48373916e+02
2.47532310e+02
2.46496866e+02
2.45600042e+02
2.44953083e+02
2.44077743e+02
2.43514849e+02
2.42843288e+02
2.42529395e+02
2.41910102e+02
2.41903410e+02
2.41013399e+02
2.40710188e+02
2.40019201e+02
2.40059949e+02
2.39423271e+02
2.39769407e+02
2.39207636e+02
2.38559845e+02
2.38369209e+02
2.38322415e+02
2.71213593e+02
2.71330016e+02
2.70178770e+02
2.68816488e+02
2.67688105e+02
2.66288074e+02
2.64710680e+02
2.63794576e+02
2.62652321e+02
2.61324206e+02
2.60510184e+02
2.59759733e+02
2.59404251e+02
2.58554224e+02
2.57801878e+02
2.56751259e+02
2.56564404e+02
2.56192436e+02
2.55492347e+02
2.55450321e+02
2.55033301e+02
2.54419098e+02
2.54126965e+02
2.53911992e+02
2.53407517e+02
2.53038420e+02
2.52809332e+02
2.53029940e+02
2.52645448e+02
2.52736320e+02
2.51877747e+02
2.51877865e+02
2.52051302e+02
2.51525582e+02
2.51632961e+02
2.51635084e+02
2.51485039e+02
2.71209692e+02
2.71082657e+02
2.70079825e+02
2.69107872e+02
2.68042235e+02
2.66916192e+02
2.66334810e+02
2.65571433e+02
2.65228638e+02
2.64393894e+02
2.63804958e+02
2.63495725e+02
2.63024543e+02
2.62517384e+02
2.62529303e+02
2.61758358e+02
2.61919604e+02
2.61671826e+02
2.61600973e+02
2.61533041e+02
2.61205011e+02
2.60565691e+02
2.60662273e+02
2.60684330e+02
2.60240371e+02
2.60742299e+02
2.60422250e+02
2.60259814e+02
2.59930540e+02
2.60361967e+02
2.60015016e+02
2.59752691e+02
2.60025324e+02
2.59697920e+02
2.59850786e+02
2.59549356e+02
2.59540090e+02
2.71121183e+02
2.71245052e+02
2.70660425e+02
2.70583575e+02
2.70403133e+02
2.70097479e+02
2.69637434e+02
2.69353565e+02
2.69497400e+02
2.69605670e+02
2.69501624e+02
2.69307313e+02
2.69315012e+02
2.69287913e+02
2.69465522e+02
2.69174464e+02
2.69099250e+02
2.69178319e+02
2.69236078e+02
2.68801114e+02
2.68661684e+02
2.69000535e+02
2.69214095e+02
2.68847309e+02
2.69145081e+02
2.68949344e+02
2.69063911e+02
2.69098668e+02
2.68757747e+02
2.69185945e+02
2.68928789e+02
2.69050362e+02
2.68661142e+02
2.69004641e+02
2.68983696e+02
2.68763403e+02
2.69019659e+02
