2.69945947e+02
4.99138074e+01
4.98726632e+01
5.00006313e+01
4.98429834e+01
5.00685385e+01
5.02459922e+01
5.00826497e+01
5.00968428e+01
5.01254749e+01
4.97644361e+01
5.02131255e+01
4.99381584e+01
5.05277708e+01
4.98766118e+01
4.97629577e+01
4.98691988e+01
4.98013828e+01
5.01173326e+01
5.01412724e+01
5.00581408e+01
5.00244609e+01
4.99626839e+01
4.98737411e+01
4.95767099e+01
4.99566756e+01
4.99450691e+01
5.01742053e+01
5.03992626e+01
4.98559058e+01
5.01140062e+01
4.98001585e+01
4.98280118e+01
5.01533877e+01
5.01963671e+01
5.01376031e+01
4.99688399e+01
2.70137620e+02
1.50134162e+02
1.43774557e+02
1.39936986e+02
1.36973872e+02
1.34359983e+02
1.32096047e+02
1.30444644e+02
1.28874447e+02
1.27641774e+02
1.26749194e+02
1.25693017e+02
1.25097923e+02
1.24279655e+02
1.23563068e+02
1.23608848e+02
1.23024824e+02
1.23012754e+02
1.22115829e+02
1.21958884e+02
1.21793509e+02
1.21911151e+02
1.21444550e+02
1.21297476e+02
1.21451551e+02
1.21115962e+02
1.21223246e+02
1.20742725e+02
1.20937779e+02
1.20580101e+02
1.21082107e+02
1.20837331e+02
1.20522887e+02
1.20824532e+02
1.20584764e+02
1.20239347e+02
1.20374567e+02
2.69843852e+02
2.50068097e+02
2.44502813e+02
2.39113693e+02
2.33406060e+02
2.28194503e+02
2.23677490e+02
2.18792909e+02
2.16131162e+02
2.13014606e+02
2.10816972e+02
2.08700938e+02
2.07209010e+02
2.05347534e+02
2.03717159e+02
2.02958534e+02
2.02200472e+02
2.01671744e+02
2.00900454e+02
1.99855015e+02
1.99761816e+02
1.98989613e+02
1.98851938e+02
1.98127324e+02
1.98338812e+02
1.97752793e+02
1.97447061e+02
1.97678249e+02
1.97351990e+02
1.96707908e+02
1.96806396e+02
1.96834730e+02
1.96723706e+02
1.96318200e+02
1.96340758e+02
1.96286902e+02
1.96176837e+02
2.68594324e+02
2.68688101e+02
2.68452504e+02
2.68082194e+02
2.67312632e+02
2.66944808e+02
2.66106624e+02
2.65445005e+02
2.65044927e+02
2.64800574e+02
2.64429938e+02
2.63941079e+02
2.63545047e+02
2.63772942e+02
2.63135129e+02
2.62712193e+02
2.62455185e+02
2.62445478e+02
2.62391337e+02
2.62196599e+02
2.61941120e+02
2.61772727e+02
2.62269039e+02
2.61751588e+02
2.61637073e+02
2.61932899e+02
2.61825087e+02
2.61618089e+02
2.61743709e+02
2.61541046e+02
2.61684310e+02
2.61306181e+02
2.61237570e+02
2.61396246e+02
2.61581920e+02
2.61140432e+02
2.61587142e+02
2.68369256e+02
2.68355127e+02
2.68353064e+02
2.68199121e+02
2.67732548e+02
2.67326840e+02
2.66908561e+02
2.66609037e+02
2.66441446e+02
2.66054291e+02
2.65920941e+02
2.65309397e+02
2.65752815e+02
2.64918508e+02
2.65512287e+02
2.65028028e+02
2.64729996e+02
2.64616670e+02
2.64507874e+02
2.64501530e+02
2.64491131e+02
2.64065948e+02
2.63882444e+02
2.64332564e+02
2.64463261e+02
2.64281740e+02
2.64295089e+02
2.64119394e+02
2.64163465e+02
2.63855372e+02
2.63818562e+02
2.63584797e+02
2.63909239e+02
2.63715762e+02
2.64061588e+02
2.63956913e+02
2.63755370e+02
2.69460573e+02
2.69233631e+02
2.67328568e+02
2.64967989e+02
2.62392084e+02
2.59889040e+02
2.56630088e+02
2.55037304e+02
2.52407441e+02
2.50079859e+02
2.48000714e+02
2.46009743e+02
2.44586350e+02
2.42804061e+02
2.41855496e+02
2.40229301e+02
2.39232362e+02
2.38311829e+02
2.37171710e+02
2.36425061e+02
2.35275071e+02
2.34548185e+02
2.33892735e+02
2.33456577e+02
2.33037360e+02
2.32095488e+02
2.31695079e+02
2.31149718e+02
2.30707123e+02
2.30405306e+02
2.30145791e+02
2.29528464e+02
2.29640950e+02
2.29086275e+02
2.28909913e+02
2.28510902e+02
2.28534611e+02
2.69817711e+02
2.69190686e+02
2.68096327e+02
2.65421534e+02
2.62999350e+02
2.60810335e+02
2.58180843e+02
2.55815818e+02
2.53904627e+02
2.51581607e+02
2.50250287e+02
2.48272548e+02
2.47065398e+02
2.45465819e+02
2.44211728e+02
2.43398182e+02
2.41926465e+02
2.41134480e+02
2.40493434e+02
2.39445871e+02
2.38874114e+02
2.37928570e+02
2.37548164e+02
2.36588577e+02
2.35927722e+02
2.35653961e+02
2.35058963e+02
2.35177578e+02
2.34277066e+02
2.34277917e+02
2.33963498e+02
2.33915444e+02
2.33059604e+02
2.32971083e+02
2.32427969e+02
2.32470104e+02
2.32423249e+02
2.70692361e+02
2.70160758e+02
2.69087946e+02
2.68639377e+02
2.66436604e+02
2.65367265e+02
2.63932575e+02
2.62646323e+02
2.61648103e+02
2.60496744e+02
2.59845409e+02
2.58551182e+02
2.57923021e+02
2.56926412e+02
2.56506395e+02
2.55363921e+02
2.55368666e+02
2.54418922e+02
2.54090959e+02
2.53897170e+02
2.53456025e+02
2.53238481e+02
2.52888828e+02
2.52614400e+02
2.52201888e+02
2.52160065e+02
2.51379301e+02
2.51236852e+02
2.51034336e+02
2.50647721e+02
2.50959862e+02
2.50334639e+02
2.50414383e+02
2.50319167e+02
2.50550257e+02
2.50052472e+02
2.49596035e+02
2.70477659e+02
2.70388334e+02
2.69595879e+02
2.68281611e+02
2.67752119e+02
2.66695083e+02
2.66219465e+02
2.65125095e+02
2.64574716e+02
2.64476179e+02
2.63588758e+02
2.63075999e+02
2.62269205e+02
2.62064971e+02
2.61973966e+02
2.61457449e+02
2.61356668e+02
2.61036842e+02
2.60884016e+02
2.60678247e+02
2.60316360e+02
2.59630567e+02
2.59832159e+02
2.59778292e+02
2.59873490e+02
2.60210562e+02
2.59366713e+02
2.59384214e+02
2.59052743e+02
2.59152268e+02
2.58751409e+02
2.59008460e+02
2.58984487e+02
2.58877714e+02
2.58823866e+02
2.58800242e+02
2.58169355e+02
2.70861261e+02
2.70807561e+02
2.70852092e+02
2.70283529e+02
2.70205633e+02
2.70097344e+02
2.70497719e+02
2.69864961e+02
2.70044651e+02
2.70076033e+02
2.69892656e+02
2.69876285e+02
2.69465327e+02
2.69667666e+02
2.69588736e+02
2.69317269e+02
2.69718404e+02
2.69856658e+02
2.69522278e+02
2.69524343e+02
2.69559902e+02
2.69576404e+02
2.69653722e+02
2.69460740e+02
2.69982068e+02
2.69506547e+02
2.69348119e+02
2.69755937e+02
2.69490611e+02
2.69288617e+02
2.69497647e+02
2.69364248e+02
2.69613347e+02
2.69483601e+02
2.69594224e+02
2.69696397e+02
2.69449754e+02
