2.69854908e+02
5.01660463e+01
4.99015443e+01
5.01202184e+01
5.01776966e+01
4.98273381e+01
4.95525428e+01
5.02062742e+01
5.01819156e+01
4.99434738e+01
5.00997487e+01
5.01571770e+01
5.00099127e+01
4.99216291e+01
5.00390555e+01
4.99517335e+01
4.98224709e+01
4.97637916e+01
4.96015985e+01
4.96763002e+01
4.97653353e+01
5.00268245e+01
5.01726571e+01
4.99255981e+01
5.02342767e+01
4.98817268e+01
4.95641290e+01
5.00471946e+01
4.98302368e+01
4.98909716e+01
5.01426564e+01
4.99549892e+01
5.01469230e+01
4.98355582e+01
4.98366760e+01
5.00594093e+01
5.00432486e+01
2.70291345e+02
1.50006798e+02
1.43630140e+02
1.39755301e+02
1.36809528e+02
1.34859065e+02
1.32541785e+02
1.30516574e+02
1.29054143e+02
1.27617395e+02
1.26968595e+02
1.26318724e+02
1.25219605e+02
1.24434082e+02
1.24181363e+02
1.23426313e+02
1.23049746e+02
1.22628790e+02
1.22514548e+02
1.22200367e+02
1.22238345e+02
1.21455632e+02
1.21511711e+02
1.21272424e+02
1.21191942e+02
1.21390299e+02
1.21099324e+02
1.20887092e+02
1.21315438e+02
1.21030081e+02
1.21001392e+02
1.20976828e+02
1.20945140e+02
1.20727956e+02
1.20691034e+02
1.20409658e+02
1.20475997e+02
2.69887250e+02
2.50020843e+02
2.44323901e+02
2.38806819e+02
2.33664649e+02
2.28244663e+02
2.23697376e+02
2.19515044e+02
2.16002153e+02
2.13299920e+02
2.11006884e+02
2.08773167e+02
2.07126898e+02
2.06166945e+02
2.04592133e+02
2.03347007e+02
2.02548984e+02
2.01920029e+02
2.00880448e+02
2.00464469e+02
1.99833659e+02
1.99108026e+02
1.98897119e+02
1.98585623e+02
1.98214479e+02
1.98032170e+02
1.97776942e+02
1.97594094e+02
1.97924561e+02
1.97446598e+02
1.97019478e+02
1.96640584e+02
1.97167089e+02
1.97172393e+02
1.97231605e+02
1.96586532e+02
1.96823282e+02
2.68427411e+02
2.68512445e+02
2.68745488e+02
2.67656742e+02
2.67243195e+02
2.66961515e+02
2.66356099e+02
2.65895359e+02
2.65429492e+02
2.64880997e+02
2.64468017e+02
2.64085837e+02
2.63733915e+02
2.63555134e+02
2.63660640e+02
2.63211548e+02
2.63398821e+02
2.62920397e+02
2.62622248e+02
2.62692662e+02
2.62543848e+02
2.62698360e+02
2.62395407e+02
2.62193330e+02
2.62294031e+02
2.62135178e+02
2.61690285e+02
2.62660712e+02
2.62486230e+02
2.61719280e+02
2.61973978e+02
2.62240548e+02
2.62264720e+02
2.62140041e+02
2.61676336e+02
2.61894223e+02
2.61554986e+02
2.68594653e+02
2.68403074e+02
2.68038444e+02
2.68105802e+02
2.67771522e+02
2.66971029e+02
2.67029907e+02
2.66811237e+02
2.66628941e+02
2.66041642e+02
2.65754129e+02
2.65517769e+02
2.65382536e+02
2.65306677e+02
2.65241031e+02
2.64887443e+02
2.64645975e+02
2.64717297e+02
2.64575186e+02
2.64224861e+02
2.64312267e+02
2.64355192e+02
2.64226780e+02
2.63892707e+02
2.64484029e+02
2.64380539e+02
2.64355096e+02
2.64175960e+02
2.63767128e+02
2.64263948e+02
2.64106425e+02
2.64105925e+02
2.64021018e+02
2.64212469e+02
2.63949992e+02
2.64023624e+02
2.63719050e+02
2.67980259e+02
2.67892213e+02
2.66243580e+02
2.64192919e+02
2.61666036e+02
2.59507622e+02
2.56569055e+02
2.54320413e+02
2.51636196e+02
2.49888846e+02
2.47796486e+02
2.46023372e+02
2.44399834e+02
2.42742412e+02
2.41310808e+02
2.40000204e+02
2.38333175e+02
2.37015100e+02
2.36257212e+02
2.35347697e+02
2.34063279e+02
2.33968992e+02
2.32427385e+02
2.32395244e+02
2.31214046e+02
2.30448568e+02
2.29928055e+02
2.29188609e+02
2.28893218e+02
2.28542673e+02
2.27883073e+02
2.27754472e+02
2.27053493e+02
2.26568423e+02
2.26626765e+02
2.26456070e+02
2.26040044e+02
2.68212037e+02
2.68426626e+02
2.66836873e+02
2.65210726e+02
2.62936488e+02
2.60309234e+02
2.58401911e+02
2.55978747e+02
2.53740685e+02
2.52136104e+02
2.50242663e+02
2.48283281e+02
2.47012626e+02
2.45321488e+02
2.44193907e+02
2.42733413e+02
2.41424536e+02
2.40455534e+02
2.39580845e+02
2.38768472e+02
2.38225424e+02
2.36853149e+02
2.36364330e+02
2.35724662e+02
2.35013120e+02
2.34465123e+02
2.34074633e+02
2.33525766e+02
2.33144806e+02
2.32884060e+02
2.32399604e+02
2.32309015e+02
2.31579993e+02
2.31319266e+02
2.31081402e+02
2.30546671e+02
2.30258627e+02
2.70661489e+02
2.70225109e+02
2.68644240e+02
2.67591695e+02
2.66073115e+02
2.64610321e+02
2.63415893e+02
2.61976139e+02
2.61283878e+02
2.60051005e+02
2.59606973e+02
2.58159252e+02
2.57419502e+02
2.56326586e+02
2.55857995e+02
2.55439074e+02
2.54603146e+02
2.54311873e+02
2.53880743e+02
2.53116171e+02
2.52467863e+02
2.52035679e+02
2.52146246e+02
2.51702555e+02
2.51300327e+02
2.50768056e+02
2.50768433e+02
2.50680817e+02
2.50374834e+02
2.50214616e+02
2.50063198e+02
2.49748253e+02
2.49601679e+02
2.49438374e+02
2.49281744e+02
2.49256363e+02
2.49192376e+02
2.70837263e+02
2.70528379e+02
2.69452657e+02
2.68822981e+02
2.67608330e+02
2.66600148e+02
2.65702729e+02
2.65162036e+02
2.64656465e+02
2.63211847e+02
2.63377636e+02
2.62943098e+02
2.62631677e+02
2.61797909e+02
2.61636427e+02
2.61121533e+02
2.61175224e+02
2.60748011e+02
2.60339361e+02
2.60440219e+02
2.60235002e+02
2.59869551e+02
2.59464801e+02
2.59801086e+02
2.59259219e+02
2.59344498e+02
2.58944167e+02
2.59081175e+02
2.58923828e+02
2.59220893e+02
2.58558002e+02
2.58946398e+02
2.58720930e+02
2.58422290e+02
2.58358489e+02
2.58481173e+02
2.58096771e+02
2.70575918e+02
2.70812198e+02
2.70433725e+02
2.70289969e+02
2.70512419e+02
2.70267252e+02
2.70006053e+02
2.70133924e+02
2.69540351e+02
2.69823751e+02
2.69815774e+02
2.69872264e+02
2.69442111e+02
2.69589203e+02
2.69781117e+02
2.69493370e+02
2.69507342e+02
2.69145511e+02
2.69568858e+02
2.69869172e+02
2.69204254e+02
2.69503016e+02
2.69015435e+02
2.69203848e+02
2.69214810e+02
2.69663256e+02
2.69299525e+02
2.69007380e+02
2.69354357e+02
2.69387783e+02
2.69582955e+02
2.69494487e+02
2.69286439e+02
2.69395492e+02
2.69328933e+02
2.69500690e+02
2.69903518e+02
