-2.2000e+02
0.0000e+00
0.0000e+00
0.0000e+00
0.0000e+00
0.0000e+00
0.0000e+00
0.0000e+00
0.0000e+00
0.0000e+00
0.0000e+00
0.0000e+00
0.0000e+00
0.0000e+00
0.0000e+00
0.0000e+00
0.0000e+00
0.0000e+00
0.0000e+00
0.0000e+00
0.0000e+00
0.0000e+00
0.0000e+00
0.0000e+00
0.0000e+00
0.0000e+00
0.0000e+00
0.0000e+00
0.0000e+00
0.0000e+00
0.0000e+00
0.0000e+00
0.0000e+00
0.0000e+00
0.0000e+00
0.0000e+00
-1.2000e+02
-6.5550e+00
-3.8778e+00
-2.9681e+00
-2.5684e+00
-2.2112e+00
-1.8191e+00
-1.4958e+00
-1.2385e+00
-1.0331e+00
-8.6761e-01
-7.3294e-01
-6.2237e-01
-5.3086e-01
-4.5461e-01
-3.9072e-01
-3.3691e-01
-2.9139e-01
-2.5275e-01
-2.1983e-01
-1.9170e-01
-1.6761e-01
-1.4692e-01
-1.2911e-01
-1.1375e-01
-1.0047e-01
-8.8972e-02
-7.8993e-02
-7.0318e-02
-6.2761e-02
-5.6166e-02
-5.0401e-02
-4.5349e-02
-4.0915e-02
-3.7015e-02
-3.3577e-02
-2.0000e+01
-5.6071e+00
-5.5713e+00
-5.6149e+00
-5.3017e+00
-4.6868e+00
-4.0428e+00
-3.4534e+00
-2.9387e+00
-2.4983e+00
-2.1249e+00
-1.8095e+00
-1.5433e+00
-1.3186e+00
-1.1286e+00
-9.6765e-01
-8.3113e-01
-7.1509e-01
-6.1629e-01
-5.3202e-01
-4.6002e-01
-3.9843e-01
-3.4565e-01
-3.0036e-01
-2.6146e-01
-2.2799e-01
-1.9916e-01
-1.7430e-01
-1.5284e-01
-1.3429e-01
-1.1823e-01
-1.0432e-01
-9.2244e-02
-8.1756e-02
-7.2631e-02
-6.4683e-02
-8.0929e-02
-2.3723e-01
-3.6830e-01
-4.6959e-01
-5.2976e-01
-5.4874e-01
-5.3523e-01
-5.0117e-01
-4.5676e-01
-4.0896e-01
-3.6190e-01
-3.1781e-01
-2.7770e-01
-2.4187e-01
-2.1024e-01
-1.8253e-01
-1.5838e-01
-1.3740e-01
-1.1922e-01
-1.0348e-01
-8.9872e-02
-7.8112e-02
-6.7952e-02
-5.9174e-02
-5.1589e-02
-4.5033e-02
-3.9364e-02
-3.4459e-02
-3.0215e-02
-2.6538e-02
-2.3351e-02
-2.0586e-02
-1.8185e-02
-1.6097e-02
-1.4282e-02
-1.2699e-02
-1.7927e-02
-8.7786e-02
-1.7035e-01
-2.4353e-01
-2.9604e-01
-3.2326e-01
-3.2748e-01
-3.1494e-01
-2.9238e-01
-2.6511e-01
-2.3664e-01
-2.0905e-01
-1.8341e-01
-1.6020e-01
-1.3952e-01
-1.2129e-01
-1.0534e-01
-9.1437e-02
-7.9360e-02
-6.8892e-02
-5.9831e-02
-5.1993e-02
-4.5218e-02
-3.9362e-02
-3.4301e-02
-2.9926e-02
-2.6143e-02
-2.2870e-02
-2.0038e-02
-1.7585e-02
-1.5460e-02
-1.3617e-02
-1.2016e-02
-1.0626e-02
-9.4170e-03
-8.3650e-03
-1.8313e-01
-1.3638e+00
-2.0012e+00
-2.2131e+00
-2.2396e+00
-2.1789e+00
-2.0760e+00
-1.9533e+00
-1.8234e+00
-1.6937e+00
-1.5682e+00
-1.4493e+00
-1.3381e+00
-1.2350e+00
-1.1399e+00
-1.0526e+00
-9.7276e-01
-8.9974e-01
-8.3306e-01
-7.7221e-01
-7.1668e-01
-6.6597e-01
-6.1965e-01
-5.7729e-01
-5.3853e-01
-5.0302e-01
-4.7044e-01
-4.4052e-01
-4.1300e-01
-3.8767e-01
-3.6430e-01
-3.4272e-01
-3.2277e-01
-3.0429e-01
-2.8716e-01
-2.7125e-01
-1.5187e-01
-1.1754e+00
-1.7729e+00
-1.9831e+00
-2.0193e+00
-1.9721e+00
-1.8832e+00
-1.7738e+00
-1.6561e+00
-1.5377e+00
-1.4227e+00
-1.3136e+00
-1.2115e+00
-1.1171e+00
-1.0301e+00
-9.5042e-01
-8.7761e-01
-8.1118e-01
-7.5063e-01
-6.9545e-01
-6.4515e-01
-5.9929e-01
-5.5743e-01
-5.1919e-01
-4.8423e-01
-4.5222e-01
-4.2288e-01
-3.9595e-01
-3.7119e-01
-3.4840e-01
-3.2739e-01
-3.0799e-01
-2.9006e-01
-2.7346e-01
-2.5807e-01
-2.4378e-01
-2.1442e-01
-8.8048e-01
-1.1972e+00
-1.2617e+00
-1.2344e+00
-1.1714e+00
-1.0940e+00
-1.0115e+00
-9.2927e-01
-8.5033e-01
-7.7637e-01
-7.0814e-01
-6.4584e-01
-5.8934e-01
-5.3829e-01
-4.9230e-01
-4.5091e-01
-4.1366e-01
-3.8015e-01
-3.4997e-01
-3.2277e-01
-2.9821e-01
-2.7602e-01
-2.5592e-01
-2.3769e-01
-2.2113e-01
-2.0605e-01
-1.9231e-01
-1.7975e-01
-1.6825e-01
-1.5771e-01
-1.4803e-01
-1.3912e-01
-1.3090e-01
-1.2331e-01
-1.1630e-01
-1.6110e-01
-7.3293e-01
-9.8672e-01
-9.5471e-01
-8.5021e-01
-7.4733e-01
-6.5964e-01
-5.8564e-01
-5.2227e-01
-4.6739e-01
-4.1950e-01
-3.7753e-01
-3.4063e-01
-3.0811e-01
-2.7940e-01
-2.5400e-01
-2.3147e-01
-2.1145e-01
-1.9362e-01
-1.7771e-01
-1.6348e-01
-1.5071e-01
-1.3925e-01
-1.2891e-01
-1.1958e-01
-1.1114e-01
-1.0348e-01
-9.6509e-02
-9.0161e-02
-8.4365e-02
-7.9059e-02
-7.4193e-02
-6.9721e-02
-6.5603e-02
-6.1804e-02
-5.8291e-02
-8.0847e-02
-1.6397e-01
-1.4363e-01
-1.1432e-01
-9.2747e-02
-7.7350e-02
-6.5820e-02
-5.6696e-02
-4.9236e-02
-4.3024e-02
-3.7788e-02
-3.3337e-02
-2.9530e-02
-2.6256e-02
-2.3428e-02
-2.0976e-02
-1.8843e-02
-1.6979e-02
-1.5347e-02
-1.3912e-02
-1.2647e-02
-1.1529e-02
-1.0537e-02
-9.6570e-03
-8.8700e-03
-8.1680e-03
-7.5370e-03
-6.9720e-03
-6.4630e-03
-6.0010e-03
-5.5840e-03
-5.2060e-03
-4.8610e-03
-4.5480e-03
-4.2600e-03
-3.9970e-03
