2.70432990e+02
4.99900463e+01
4.99595775e+01
5.02329339e+01
5.00916137e+01
4.96730431e+01
4.98589427e+01
4.98207603e+01
5.00751034e+01
4.97259510e+01
4.99454192e+01
5.03000642e+01
5.01024853e+01
5.02946498e+01
5.01636122e+01
5.03911201e+01
5.00719265e+01
4.98429267e+01
4.99359075e+01
5.03571383e+01
4.95195681e+01
4.98832146e+01
5.00140505e+01
4.98369129e+01
4.94274672e+01
4.94545957e+01
4.98430963e+01
4.94476818e+01
5.00200939e+01
4.98761762e+01
4.99959236e+01
4.99092053e+01
5.00938911e+01
5.02243630e+01
5.00756046e+01
5.00530992e+01
4.99593991e+01
2.70060342e+02
1.50066926e+02
1.43862102e+02
1.39380747e+02
1.36710459e+02
1.33776441e+02
1.31854758e+02
1.29876887e+02
1.28300357e+02
1.27044745e+02
1.26296900e+02
1.25272207e+02
1.24555527e+02
1.23826357e+02
1.23679629e+02
1.22898125e+02
1.22563133e+02
1.21971117e+02
1.22025874e+02
1.21778023e+02
1.21196058e+02
1.21000601e+02
1.20845061e+02
1.20861857e+02
1.20460277e+02
1.20729923e+02
1.20619831e+02
1.20396933e+02
1.20241247e+02
1.20430884e+02
1.20054782e+02
1.20019368e+02
1.19829828e+02
1.19720537e+02
1.20428871e+02
1.20000787e+02
1.19668901e+02
2.69916549e+02
2.49955348e+02
2.44548229e+02
2.39030745e+02
2.33690050e+02
2.28002789e+02
2.23251432e+02
2.19169784e+02
2.15939624e+02
2.13060118e+02
2.10460881e+02
2.08392091e+02
2.05983531e+02
2.04788958e+02
2.03844570e+02
2.01919320e+02
2.01489829e+02
2.00459674e+02
1.99857703e+02
1.99135914e+02
1.98162388e+02
1.97829932e+02
1.97237035e+02
1.97380386e+02
1.96957580e+02
1.96900585e+02
1.96371464e+02
1.96156866e+02
1.96221294e+02
1.96037873e+02
1.95521038e+02
1.95725879e+02
1.95541068e+02
1.95601262e+02
1.95462163e+02
1.95347125e+02
1.95063509e+02
2.68806069e+02
2.68819104e+02
2.68712391e+02
2.67678768e+02
2.67487997e+02
2.66661344e+02
2.66442739e+02
2.65977920e+02
2.65160076e+02
2.64809140e+02
2.64370379e+02
2.63945112e+02
2.63981770e+02
2.63825392e+02
2.63166784e+02
2.62995249e+02
2.63000870e+02
2.63129151e+02
2.62893422e+02
2.62307918e+02
2.62746128e+02
2.62307145e+02
2.62347748e+02
2.62337531e+02
2.62060271e+02
2.61778688e+02
2.62028813e+02
2.61988947e+02
2.61818738e+02
2.61865416e+02
2.62169424e+02
2.61886242e+02
2.61679909e+02
2.61983434e+02
2.61638374e+02
2.61738769e+02
2.61940501e+02
2.68075188e+02
2.68096064e+02
2.68062851e+02
2.68497381e+02
2.67683338e+02
2.67321509e+02
2.67001504e+02
2.66382066e+02
2.66661328e+02
2.66557239e+02
2.65900061e+02
2.65826331e+02
2.65530668e+02
2.64916807e+02
2.65110698e+02
2.65059066e+02
2.64637570e+02
2.64591984e+02
2.64717840e+02
2.64463716e+02
2.64724426e+02
2.64376335e+02
2.64544059e+02
2.64265978e+02
2.64486609e+02
2.63865871e+02
2.64065056e+02
2.63798548e+02
2.63592327e+02
2.64543179e+02
2.63976498e+02
2.64406949e+02
2.64620284e+02
2.64023101e+02
2.64230584e+02
2.64141547e+02
2.64177663e+02
2.69769143e+02
2.69463696e+02
2.68238100e+02
2.65571488e+02
2.63214069e+02
2.60181700e+02
2.57988187e+02
2.55364181e+02
2.53010988e+02
2.51050688e+02
2.48803526e+02
2.46871548e+02
2.45465392e+02
2.43777429e+02
2.42830272e+02
2.41528055e+02
2.40047568e+02
2.38876774e+02
2.37834184e+02
2.37069943e+02
2.36009825e+02
2.35601241e+02
2.34642021e+02
2.34169755e+02
2.33274300e+02
2.32778921e+02
2.32080116e+02
2.32002615e+02
2.31558970e+02
2.31195022e+02
2.30763284e+02
2.30247976e+02
2.29687871e+02
2.29488871e+02
2.29707944e+02
2.29332778e+02
2.28970379e+02
2.70029136e+02
2.69772124e+02
2.68908162e+02
2.66463708e+02
2.64701924e+02
2.62216964e+02
2.59741374e+02
2.58061745e+02
2.55998739e+02
2.53891410e+02
2.52051035e+02
2.50428322e+02
2.49088559e+02
2.47631499e+02
2.46130346e+02
2.44974992e+02
2.44271598e+02
2.42755192e+02
2.42311588e+02
2.41245623e+02
2.40594694e+02
2.39992728e+02
2.39255337e+02
2.38558836e+02
2.38021254e+02
2.38247771e+02
2.37531705e+02
2.36851134e+02
2.36530533e+02
2.36271527e+02
2.36114671e+02
2.35472352e+02
2.35503649e+02
2.35124149e+02
2.34989979e+02
2.34409008e+02
2.34446087e+02
2.70849437e+02
2.70696426e+02
2.69888662e+02
2.68484231e+02
2.67271149e+02
2.65830810e+02
2.64832605e+02
2.63332620e+02
2.62440459e+02
2.61244758e+02
2.60088925e+02
2.59675597e+02
2.58965238e+02
2.58031621e+02
2.57562759e+02
2.56713271e+02
2.56414507e+02
2.56041732e+02
2.55499814e+02
2.55010482e+02
2.54967010e+02
2.54460513e+02
2.54030154e+02
2.53908543e+02
2.53618217e+02
2.53178482e+02
2.52432529e+02
2.52622671e+02
2.53111170e+02
2.52496754e+02
2.52544137e+02
2.52379180e+02
2.52517290e+02
2.51907409e+02
2.51711425e+02
2.51819281e+02
2.51855410e+02
2.71132308e+02
2.70962087e+02
2.69664028e+02
2.69318181e+02
2.68672343e+02
2.67283037e+02
2.66377931e+02
2.65640741e+02
2.65019133e+02
2.64650142e+02
2.64173352e+02
2.63984543e+02
2.63519642e+02
2.62952115e+02
2.62664620e+02
2.62209564e+02
2.62228377e+02
2.61809551e+02
2.62052546e+02
2.61685013e+02
2.61312926e+02
2.61348248e+02
2.61467039e+02
2.60842685e+02
2.60600757e+02
2.60920882e+02
2.60577280e+02
2.60613255e+02
2.60533144e+02
2.60605182e+02
2.60410453e+02
2.60335981e+02
2.59929576e+02
2.60068486e+02
2.59765734e+02
2.59724569e+02
2.59715972e+02
2.70978819e+02
2.70917032e+02
2.71049125e+02
2.70323650e+02
2.70317346e+02
2.70238133e+02
2.70030672e+02
2.70008729e+02
2.70074046e+02
2.69858891e+02
2.69885585e+02
2.69938748e+02
2.70146977e+02
2.70370517e+02
2.69565038e+02
2.70097435e+02
2.69955845e+02
2.69962140e+02
2.70005138e+02
2.69512411e+02
2.69529543e+02
2.69736017e+02
2.69677587e+02
2.69538595e+02
2.69504731e+02
2.70067716e+02
2.69789026e+02
2.69648972e+02
2.69579452e+02
2.69183260e+02
2.69843538e+02
2.69652072e+02
2.69255530e+02
2.69755182e+02
2.69621476e+02
2.69611034e+02
2.69427087e+02
