-2.2000e+02
0.0000e+00
0.0000e+00
0.0000e+00
0.0000e+00
0.0000e+00
0.0000e+00
0.0000e+00
0.0000e+00
0.0000e+00
0.0000e+00
0.0000e+00
0.0000e+00
0.0000e+00
0.0000e+00
0.0000e+00
0.0000e+00
0.0000e+00
0.0000e+00
0.0000e+00
0.0000e+00
0.0000e+00
0.0000e+00
0.0000e+00
0.0000e+00
0.0000e+00
0.0000e+00
0.0000e+00
0.0000e+00
0.0000e+00
0.0000e+00
0.0000e+00
0.0000e+00
0.0000e+00
0.0000e+00
0.0000e+00
-1.2000e+02
-6.5129e+00
-3.8744e+00
-2.9665e+00
-2.5572e+00
-2.2054e+00
-1.8172e+00
-1.4945e+00
-1.2372e+00
-1.0317e+00
-8.6613e-01
-7.3136e-01
-6.2071e-01
-5.2913e-01
-4.5283e-01
-3.8888e-01
-3.3501e-01
-2.8944e-01
-2.5073e-01
-2.1775e-01
-1.8955e-01
-1.6539e-01
-1.4462e-01
-1.2674e-01
-1.1130e-01
-9.5089e-02
-8.4286e-02
-7.4804e-02
-6.6488e-02
-5.9201e-02
-5.2813e-02
-4.7206e-02
-4.2278e-02
-3.7940e-02
-3.4115e-02
-3.0739e-02
-2.0000e+01
-5.5873e+00
-5.5705e+00
-5.6224e+00
-5.3150e+00
-4.7007e+00
-4.0548e+00
-3.4631e+00
-2.9460e+00
-2.5036e+00
-2.1286e+00
-1.8120e+00
-1.5450e+00
-1.3196e+00
-1.1292e+00
-9.6794e-01
-8.3123e-01
-7.1506e-01
-6.1616e-01
-5.3180e-01
-4.5973e-01
-3.9804e-01
-3.4517e-01
-2.9977e-01
-2.6074e-01
-2.2146e-01
-1.9398e-01
-1.7012e-01
-1.4942e-01
-1.3143e-01
-1.1578e-01
-1.0216e-01
-9.0290e-02
-7.9931e-02
-7.0881e-02
-6.2966e-02
-8.1629e-02
-2.3958e-01
-3.7551e-01
-4.8265e-01
-5.4766e-01
-5.6956e-01
-5.5713e-01
-5.2281e-01
-4.7729e-01
-4.2792e-01
-3.7914e-01
-3.3330e-01
-2.9153e-01
-2.5416e-01
-2.2112e-01
-1.9215e-01
-1.6687e-01
-1.4488e-01
-1.2580e-01
-1.0927e-01
-9.4960e-02
-8.2574e-02
-7.1857e-02
-6.2585e-02
-5.4559e-02
-4.7027e-02
-4.0865e-02
-3.5742e-02
-3.1364e-02
-2.7578e-02
-2.4287e-02
-2.1423e-02
-1.8924e-02
-1.6743e-02
-1.4836e-02
-1.3168e-02
-1.8945e-02
-9.0770e-02
-1.7637e-01
-2.5337e-01
-3.0929e-01
-3.3875e-01
-3.4392e-01
-3.3130e-01
-3.0798e-01
-2.7958e-01
-2.4982e-01
-2.2091e-01
-1.9400e-01
-1.6960e-01
-1.4784e-01
-1.2864e-01
-1.1182e-01
-9.7141e-02
-8.4380e-02
-7.3305e-02
-6.3706e-02
-5.5391e-02
-4.8194e-02
-4.1964e-02
-3.6572e-02
-3.1362e-02
-2.7452e-02
-2.3976e-02
-2.1006e-02
-1.8449e-02
-1.6234e-02
-1.4308e-02
-1.2629e-02
-1.1165e-02
-9.8860e-03
-8.7680e-03
-2.0104e-01
-1.3601e+00
-2.0382e+00
-2.2868e+00
-2.3249e+00
-2.2577e+00
-2.1396e+00
-1.9992e+00
-1.8517e+00
-1.7058e+00
-1.5661e+00
-1.4348e+00
-1.3129e+00
-1.2007e+00
-1.0979e+00
-1.0042e+00
-9.1899e-01
-8.4154e-01
-7.7125e-01
-7.0749e-01
-6.4964e-01
-5.9716e-01
-5.4952e-01
-5.0625e-01
-4.6692e-01
-4.1723e-01
-3.8665e-01
-3.5910e-01
-3.3383e-01
-3.1063e-01
-2.8931e-01
-2.6970e-01
-2.5165e-01
-2.3504e-01
-2.1974e-01
-2.0562e-01
-1.4823e-01
-1.1072e+00
-1.7420e+00
-2.0015e+00
-2.0653e+00
-2.0272e+00
-1.9363e+00
-1.8192e+00
-1.6913e+00
-1.5617e+00
-1.4357e+00
-1.3163e+00
-1.2048e+00
-1.1018e+00
-1.0073e+00
-9.2101e-01
-8.4250e-01
-7.7117e-01
-7.0645e-01
-6.4775e-01
-5.9453e-01
-5.4625e-01
-5.0245e-01
-4.6269e-01
-4.2656e-01
-3.8090e-01
-3.5305e-01
-3.2784e-01
-3.0464e-01
-2.8332e-01
-2.6374e-01
-2.4574e-01
-2.2920e-01
-2.1398e-01
-1.9997e-01
-1.8706e-01
-2.6653e-01
-9.5881e-01
-1.2713e+00
-1.3246e+00
-1.2893e+00
-1.2206e+00
-1.1383e+00
-1.0510e+00
-9.6388e-01
-8.8004e-01
-8.0130e-01
-7.2849e-01
-6.6186e-01
-6.0127e-01
-5.4643e-01
-4.9690e-01
-4.5224e-01
-4.1200e-01
-3.7574e-01
-3.4306e-01
-3.1360e-01
-2.8702e-01
-2.6302e-01
-2.4133e-01
-2.2170e-01
-1.9859e-01
-1.8306e-01
-1.6904e-01
-1.5638e-01
-1.4489e-01
-1.3442e-01
-1.2486e-01
-1.1611e-01
-1.0810e-01
-1.0075e-01
-9.3994e-02
-1.9754e-01
-7.9861e-01
-1.0508e+00
-1.0060e+00
-8.8988e-01
-7.7866e-01
-6.8524e-01
-6.0719e-01
-5.4075e-01
-4.8337e-01
-4.3334e-01
-3.8943e-01
-3.5073e-01
-3.1650e-01
-2.8614e-01
-2.5915e-01
-2.3510e-01
-2.1362e-01
-1.9441e-01
-1.7719e-01
-1.6173e-01
-1.4783e-01
-1.3532e-01
-1.2404e-01
-1.1386e-01
-1.0189e-01
-9.3916e-02
-8.6702e-02
-8.0164e-02
-7.4223e-02
-6.8814e-02
-6.3880e-02
-5.9373e-02
-5.5247e-02
-5.1468e-02
-4.8000e-02
-8.6027e-02
-1.6961e-01
-1.4684e-01
-1.1615e-01
-9.3913e-02
-7.8169e-02
-6.6462e-02
-5.7231e-02
-4.9695e-02
-4.3419e-02
-3.8121e-02
-3.3608e-02
-2.9736e-02
-2.6396e-02
-2.3499e-02
-2.0979e-02
-1.8776e-02
-1.6847e-02
-1.5148e-02
-1.3653e-02
-1.2330e-02
-1.1159e-02
-1.0117e-02
-9.1920e-03
-8.3660e-03
-7.4190e-03
-6.7890e-03
-6.2240e-03
-5.7180e-03
-5.2620e-03
-4.8490e-03
-4.4760e-03
-4.1380e-03
-3.8300e-03
-3.5510e-03
-3.2970e-03
