2.70000000e+02
5.00000000e+01
5.00000000e+01
5.00000000e+01
5.00000000e+01
5.00000000e+01
5.00000000e+01
5.00000000e+01
5.00000000e+01
5.00000000e+01
5.00000000e+01
5.00000000e+01
5.00000000e+01
5.00000000e+01
5.00000000e+01
5.00000000e+01
5.00000000e+01
5.00000000e+01
5.00000000e+01
5.00000000e+01
5.00000000e+01
5.00000000e+01
5.00000000e+01
5.00000000e+01
5.00000000e+01
5.00000000e+01
5.00000000e+01
5.00000000e+01
5.00000000e+01
5.00000000e+01
5.00000000e+01
5.00000000e+01
5.00000000e+01
5.00000000e+01
5.00000000e+01
5.00000000e+01
5.00000000e+01
2.70000000e+02
1.50000000e+02
1.43866092e+02
1.40056238e+02
1.37111492e+02
1.34595786e+02
1.32475815e+02
1.30664469e+02
1.29162135e+02
1.27913848e+02
1.26870629e+02
1.25993612e+02
1.25252319e+02
1.24622705e+02
1.24085611e+02
1.23625620e+02
1.23230211e+02
1.22889139e+02
1.22593964e+02
1.22337692e+02
1.22114499e+02
1.21919517e+02
1.21748658e+02
1.21598482e+02
1.21466082e+02
1.21348999e+02
1.21245145e+02
1.21152745e+02
1.21070285e+02
1.20996475e+02
1.20930208e+02
1.20870537e+02
1.20816649e+02
1.20767845e+02
1.20723521e+02
1.20683157e+02
1.20646978e+02
2.70000000e+02
2.50000000e+02
2.44426873e+02
2.38848535e+02
2.33233723e+02
2.27929960e+02
2.23246038e+02
2.19217073e+02
2.15783085e+02
2.12866259e+02
2.10391052e+02
2.08289758e+02
2.06503884e+02
2.04983797e+02
2.03687746e+02
2.02580741e+02
2.01633484e+02
2.00821435e+02
2.00124008e+02
1.99523911e+02
1.99006589e+02
1.98559773e+02
1.98173097e+02
1.97837796e+02
1.97546440e+02
1.97292727e+02
1.97071302e+02
1.96877612e+02
1.96707778e+02
1.96558493e+02
1.96426937e+02
1.96310700e+02
1.96207722e+02
1.96116239e+02
1.96034742e+02
1.95961935e+02
1.95897715e+02
2.68689814e+02
2.68609567e+02
2.68379228e+02
2.68021992e+02
2.67568118e+02
2.67060748e+02
2.66541400e+02
2.66041035e+02
2.65577925e+02
2.65160200e+02
2.64789523e+02
2.64463989e+02
2.64179972e+02
2.63933199e+02
2.63719328e+02
2.63534242e+02
2.63374181e+02
2.63235789e+02
2.63116110e+02
2.63012561e+02
2.62922902e+02
2.62845197e+02
2.62777774e+02
2.62719197e+02
2.62668230e+02
2.62623813e+02
2.62585034e+02
2.62551115e+02
2.62521384e+02
2.62495268e+02
2.62472275e+02
2.62451982e+02
2.62434028e+02
2.62418101e+02
2.62403935e+02
2.62391300e+02
2.62380072e+02
2.68319258e+02
2.68300078e+02
2.68210584e+02
2.68039080e+02
2.67795665e+02
2.67502923e+02
2.67187624e+02
2.66872787e+02
2.66574134e+02
2.66300263e+02
2.66054556e+02
2.65837190e+02
2.65646614e+02
2.65480478e+02
2.65336169e+02
2.65211094e+02
2.65102821e+02
2.65009149e+02
2.64928114e+02
2.64857993e+02
2.64797281e+02
2.64744674e+02
2.64699043e+02
2.64659417e+02
2.64624957e+02
2.64594945e+02
2.64568763e+02
2.64545879e+02
2.64525839e+02
2.64508253e+02
2.64492785e+02
2.64479149e+02
2.64467097e+02
2.64456419e+02
2.64446933e+02
2.64438483e+02
2.64431021e+02
2.70913482e+02
2.70581738e+02
2.69164172e+02
2.67041747e+02
2.64640309e+02
2.62184068e+02
2.59785353e+02
2.57497422e+02
2.55342175e+02
2.53325834e+02
2.51446584e+02
2.49698513e+02
2.48073789e+02
2.46563862e+02
2.45160129e+02
2.43854293e+02
2.42638544e+02
2.41505640e+02
2.40448930e+02
2.39462338e+02
2.38540335e+02
2.37677898e+02
2.36870466e+02
2.36113899e+02
2.35404433e+02
2.34738645e+02
2.34113415e+02
2.33525896e+02
2.32973485e+02
2.32453795e+02
2.31964639e+02
2.31504002e+02
2.31070032e+02
2.30661017e+02
2.30275376e+02
2.29911643e+02
2.29575099e+02
2.70945345e+02
2.70540514e+02
2.69029213e+02
2.66925860e+02
2.64631047e+02
2.62325232e+02
2.60093108e+02
2.57973692e+02
2.55982475e+02
2.54123199e+02
2.52393255e+02
2.50786634e+02
2.49295683e+02
2.47912138e+02
2.46627719e+02
2.45434464e+02
2.44324902e+02
2.43292124e+02
2.42329808e+02
2.41432195e+02
2.40594065e+02
2.39810687e+02
2.39077784e+02
2.38391480e+02
2.37748265e+02
2.37144953e+02
2.36578649e+02
2.36046717e+02
2.35546750e+02
2.35076551e+02
2.34634105e+02
2.34217563e+02
2.33825224e+02
2.33455521e+02
2.33107009e+02
2.32778350e+02
2.32474737e+02
2.71140114e+02
2.70846635e+02
2.69827103e+02
2.68480168e+02
2.67093295e+02
2.65765944e+02
2.64530363e+02
2.63394944e+02
2.62358420e+02
2.61415708e+02
2.60559943e+02
2.59783528e+02
2.59078792e+02
2.58438387e+02
2.57855498e+02
2.57323939e+02
2.56838167e+02
2.56393262e+02
2.55984885e+02
2.55609215e+02
2.55262898e+02
2.54942992e+02
2.54646909e+02
2.54372377e+02
2.54117391e+02
2.53880182e+02
2.53659186e+02
2.53453011e+02
2.53260422e+02
2.53080312e+02
2.52911694e+02
2.52753678e+02
2.52605465e+02
2.52466329e+02
2.52335617e+02
2.52212732e+02
2.52098679e+02
2.71104495e+02
2.70853618e+02
2.69925674e+02
2.68756739e+02
2.67675905e+02
2.66748979e+02
2.65959914e+02
2.65281946e+02
2.64692979e+02
2.64177025e+02
2.63722281e+02
2.63319553e+02
2.62961392e+02
2.62641627e+02
2.62355085e+02
2.62097394e+02
2.61864848e+02
2.61654291e+02
2.61463031e+02
2.61288765e+02
2.61129518e+02
2.60983594e+02
2.60849529e+02
2.60726057e+02
2.60612083e+02
2.60506651e+02
2.60408929e+02
2.60318187e+02
2.60233784e+02
2.60155156e+02
2.60081801e+02
2.60013277e+02
2.59949188e+02
2.59889179e+02
2.59832934e+02
2.59780168e+02
2.59731199e+02
2.70903792e+02
2.70797093e+02
2.70584915e+02
2.70397697e+02
2.70248426e+02
2.70127862e+02
2.70028179e+02
2.69944072e+02
2.69872087e+02
2.69809912e+02
2.69755844e+02
2.69708561e+02
2.69667003e+02
2.69630307e+02
2.69597762e+02
2.69568778e+02
2.69542861e+02
2.69519598e+02
2.69498638e+02
2.69479688e+02
2.69462496e+02
2.69446850e+02
2.69432566e+02
2.69419490e+02
2.69407487e+02
2.69396441e+02
2.69386252e+02
2.69376832e+02
2.69368107e+02
2.69360010e+02
2.69352482e+02
2.69345473e+02
2.69338937e+02
2.69332833e+02
2.69327127e+02
2.69321785e+02
2.69316826e+02
