2.70000000e+02
5.00000000e+01
5.00000000e+01
5.00000000e+01
5.00000000e+01
5.00000000e+01
5.00000000e+01
5.00000000e+01
5.00000000e+01
5.00000000e+01
5.00000000e+01
5.00000000e+01
5.00000000e+01
5.00000000e+01
5.00000000e+01
5.00000000e+01
5.00000000e+01
5.00000000e+01
5.00000000e+01
5.00000000e+01
5.00000000e+01
5.00000000e+01
5.00000000e+01
5.00000000e+01
5.00000000e+01
5.00000000e+01
5.00000000e+01
5.00000000e+01
5.00000000e+01
5.00000000e+01
5.00000000e+01
5.00000000e+01
5.00000000e+01
5.00000000e+01
5.00000000e+01
5.00000000e+01
5.00000000e+01
2.70000000e+02
1.50000000e+02
1.43527857e+02
1.39665659e+02
1.36710745e+02
1.34166191e+02
1.31964831e+02
1.30146032e+02
1.28647651e+02
1.27405201e+02
1.26367320e+02
1.25494381e+02
1.24755734e+02
1.24127417e+02
1.23590468e+02
1.23129709e+02
1.22732863e+02
1.22389910e+02
1.22092608e+02
1.21834129e+02
1.21608783e+02
1.21411808e+02
1.21239194e+02
1.21087555e+02
1.20954020e+02
1.20836149e+02
1.20731858e+02
1.20639367e+02
1.20558356e+02
1.20487113e+02
1.20423211e+02
1.20365810e+02
1.20314149e+02
1.20267556e+02
1.20225443e+02
1.20187300e+02
1.20152676e+02
2.70000000e+02
2.50000000e+02
2.44445445e+02
2.38896633e+02
2.33304005e+02
2.28015365e+02
2.23334643e+02
2.19293676e+02
2.15838706e+02
2.12895987e+02
2.10391928e+02
2.08260000e+02
2.06442544e+02
2.04890574e+02
2.03562849e+02
2.02424784e+02
2.01447407e+02
2.00606430e+02
1.99881466e+02
1.99255365e+02
1.98713676e+02
1.98244188e+02
1.97836567e+02
1.97482047e+02
1.97173175e+02
1.96903607e+02
1.96667928e+02
1.96461513e+02
1.96282696e+02
1.96127241e+02
1.95989875e+02
1.95868288e+02
1.95760472e+02
1.95664688e+02
1.95579430e+02
1.95503390e+02
1.95435438e+02
2.68761169e+02
2.68680101e+02
2.68441353e+02
2.68067822e+02
2.67588415e+02
2.67044567e+02
2.66478503e+02
2.65924009e+02
2.65402809e+02
2.64926144e+02
2.64498004e+02
2.64117984e+02
2.63783286e+02
2.63489991e+02
2.63233804e+02
2.63010475e+02
2.62816009e+02
2.62646767e+02
2.62499492e+02
2.62371306e+02
2.62259683e+02
2.62162423e+02
2.62077610e+02
2.62003584e+02
2.61938905e+02
2.61882329e+02
2.61832782e+02
2.61789332e+02
2.61751359e+02
2.61718331e+02
2.61689322e+02
2.61663705e+02
2.61641019e+02
2.61620885e+02
2.61602980e+02
2.61587028e+02
2.61572789e+02
2.68351864e+02
2.68333095e+02
2.68242678e+02
2.68067188e+02
2.67815474e+02
2.67508381e+02
2.67171881e+02
2.66829836e+02
2.66499824e+02
2.66192504e+02
2.65913025e+02
2.65662837e+02
2.65441194e+02
2.65246184e+02
2.65075372e+02
2.64926182e+02
2.64796103e+02
2.64682798e+02
2.64584146e+02
2.64498255e+02
2.64423453e+02
2.64358278e+02
2.64301453e+02
2.64251867e+02
2.64208557e+02
2.64170689e+02
2.64137541e+02
2.64108488e+02
2.64083227e+02
2.64061137e+02
2.64041723e+02
2.64024614e+02
2.64009486e+02
2.63996076e+02
2.63984162e+02
2.63973559e+02
2.63964102e+02
2.70728282e+02
2.70238668e+02
2.68437294e+02
2.65993823e+02
2.63383143e+02
2.60799774e+02
2.58326743e+02
2.55998652e+02
2.53828030e+02
2.51816190e+02
2.49958392e+02
2.48246716e+02
2.46671724e+02
2.45223420e+02
2.43891820e+02
2.42667281e+02
2.41540680e+02
2.40503513e+02
2.39547923e+02
2.38666701e+02
2.37853266e+02
2.37101627e+02
2.36406346e+02
2.35762489e+02
2.35165590e+02
2.34611605e+02
2.34096870e+02
2.33618071e+02
2.33179385e+02
2.32776497e+02
2.32399098e+02
2.32045560e+02
2.31714130e+02
2.31403161e+02
2.31111133e+02
2.30836652e+02
2.30578439e+02
2.70785576e+02
2.70468075e+02
2.69123932e+02
2.67140327e+02
2.64920058e+02
2.62659929e+02
2.60456697e+02
2.58358308e+02
2.56387417e+02
2.54552490e+02
2.52853687e+02
2.51286418e+02
2.49843531e+02
2.48516664e+02
2.47297048e+02
2.46175998e+02
2.45145183e+02
2.44196775e+02
2.43323511e+02
2.42518718e+02
2.41776296e+02
2.41090693e+02
2.40456870e+02
2.39870262e+02
2.39326736e+02
2.38822554e+02
2.38354334e+02
2.37919016e+02
2.37520202e+02
2.37154219e+02
2.36811625e+02
2.36490830e+02
2.36190211e+02
2.35908251e+02
2.35643555e+02
2.35394844e+02
2.35160949e+02
2.70957701e+02
2.70717222e+02
2.69765811e+02
2.68482861e+02
2.67132419e+02
2.65807399e+02
2.64544262e+02
2.63358820e+02
2.62257473e+02
2.61241154e+02
2.60307396e+02
2.59451780e+02
2.58668912e+02
2.57953046e+02
2.57298461e+02
2.56699673e+02
2.56151549e+02
2.55649355e+02
2.55188768e+02
2.54765864e+02
2.54377098e+02
2.54019273e+02
2.53689512e+02
2.53385230e+02
2.53104099e+02
2.52844030e+02
2.52603143e+02
2.52379743e+02
2.52175983e+02
2.51989592e+02
2.51815298e+02
2.51652326e+02
2.51499841e+02
2.51357050e+02
2.51223220e+02
2.51097677e+02
2.50979802e+02
2.70947919e+02
2.70769869e+02
2.69988830e+02
2.68946697e+02
2.67941042e+02
2.67044053e+02
2.66252002e+02
2.65548330e+02
2.64918858e+02
2.64353037e+02
2.63842730e+02
2.63381334e+02
2.62963292e+02
2.62583828e+02
2.62238784e+02
2.61924513e+02
2.61637806e+02
2.61375827e+02
2.61136068e+02
2.60916305e+02
2.60714566e+02
2.60529095e+02
2.60358330e+02
2.60200881e+02
2.60055503e+02
2.59921086e+02
2.59796635e+02
2.59681259e+02
2.59576080e+02
2.59480296e+02
2.59390584e+02
2.59306565e+02
2.59227895e+02
2.59154203e+02
2.59085126e+02
2.59020323e+02
2.58959474e+02
2.70879015e+02
2.70793544e+02
2.70621526e+02
2.70470826e+02
2.70350140e+02
2.70251343e+02
2.70168169e+02
2.70096703e+02
2.70034542e+02
2.69980038e+02
2.69931963e+02
2.69889354e+02
2.69851438e+02
2.69817576e+02
2.69787240e+02
2.69759981e+02
2.69735422e+02
2.69713238e+02
2.69693151e+02
2.69674921e+02
2.69658340e+02
2.69643227e+02
2.69629425e+02
2.69616794e+02
2.69605215e+02
2.69594580e+02
2.69584795e+02
2.69575777e+02
2.69567579e+02
2.69560138e+02
2.69553218e+02
2.69546777e+02
2.69540777e+02
2.69535181e+02
2.69529956e+02
2.69525073e+02
2.69520504e+02
