-2.2000e+02
0.0000e+00
0.0000e+00
0.0000e+00
0.0000e+00
0.0000e+00
0.0000e+00
0.0000e+00
0.0000e+00
0.0000e+00
0.0000e+00
0.0000e+00
0.0000e+00
0.0000e+00
0.0000e+00
0.0000e+00
0.0000e+00
0.0000e+00
0.0000e+00
0.0000e+00
0.0000e+00
0.0000e+00
0.0000e+00
0.0000e+00
0.0000e+00
0.0000e+00
0.0000e+00
0.0000e+00
0.0000e+00
0.0000e+00
0.0000e+00
0.0000e+00
0.0000e+00
0.0000e+00
0.0000e+00
0.0000e+00
-1.2000e+02
-5.9656e+00
-3.7819e+00
-2.9330e+00
-2.5179e+00
-2.0894e+00
-1.8074e+00
-1.5108e+00
-1.2592e+00
-1.0546e+00
-8.8816e-01
-7.5189e-01
-6.3952e-01
-5.4623e-01
-4.6833e-01
-4.0294e-01
-3.4781e-01
-3.0115e-01
-2.6151e-01
-2.2774e-01
-1.9888e-01
-1.7415e-01
-1.5291e-01
-1.3462e-01
-1.1883e-01
-1.0518e-01
-9.3346e-02
-8.3068e-02
-7.4122e-02
-6.5157e-02
-5.7636e-02
-5.2161e-02
-4.7237e-02
-4.2861e-02
-3.8980e-02
-3.5534e-02
-2.0000e+01
-5.5536e+00
-5.5598e+00
-5.5900e+00
-5.2904e+00
-4.6820e+00
-4.0312e+00
-3.4383e+00
-2.9229e+00
-2.4825e+00
-2.1091e+00
-1.7939e+00
-1.5280e+00
-1.3038e+00
-1.1144e+00
-9.5428e-01
-8.1866e-01
-7.0359e-01
-6.0581e-01
-5.2257e-01
-4.5159e-01
-3.9099e-01
-3.3916e-01
-2.9476e-01
-2.5669e-01
-2.2398e-01
-1.9585e-01
-1.7162e-01
-1.5072e-01
-1.3075e-01
-1.1387e-01
-1.0105e-01
-8.9888e-02
-8.0157e-02
-7.1654e-02
-6.4212e-02
-8.1551e-02
-2.3551e-01
-3.6488e-01
-4.6282e-01
-5.1633e-01
-5.2752e-01
-5.0742e-01
-4.6897e-01
-4.2250e-01
-3.7456e-01
-3.2873e-01
-2.8668e-01
-2.4903e-01
-2.1581e-01
-1.8678e-01
-1.6156e-01
-1.3973e-01
-1.2088e-01
-1.0463e-01
-9.0635e-02
-7.8585e-02
-6.8212e-02
-5.9282e-02
-5.1591e-02
-4.4966e-02
-3.9254e-02
-3.4327e-02
-3.0072e-02
-2.6397e-02
-2.3056e-02
-2.0046e-02
-1.7671e-02
-1.5669e-02
-1.3942e-02
-1.2437e-02
-1.1125e-02
-1.8949e-02
-8.8987e-02
-1.7060e-01
-2.4204e-01
-2.9090e-01
-3.1310e-01
-3.1247e-01
-2.9624e-01
-2.7149e-01
-2.4343e-01
-2.1524e-01
-1.8864e-01
-1.6441e-01
-1.4279e-01
-1.2377e-01
-1.0715e-01
-9.2725e-02
-8.0239e-02
-6.9458e-02
-6.0160e-02
-5.2148e-02
-4.5249e-02
-3.9307e-02
-3.4189e-02
-2.9780e-02
-2.5978e-02
-2.2700e-02
-1.9870e-02
-1.7425e-02
-1.5140e-02
-1.3232e-02
-1.1660e-02
-1.0316e-02
-9.1600e-03
-8.1610e-03
-7.2890e-03
-9.4432e-01
-2.4560e+00
-2.8525e+00
-2.8432e+00
-2.7194e+00
-2.5571e+00
-2.3838e+00
-2.2117e+00
-2.0454e+00
-1.8874e+00
-1.7393e+00
-1.6017e+00
-1.4745e+00
-1.3577e+00
-1.2506e+00
-1.1526e+00
-1.0632e+00
-9.8164e-01
-9.0726e-01
-8.3943e-01
-7.7757e-01
-7.2112e-01
-6.6958e-01
-6.2248e-01
-5.7940e-01
-5.3996e-01
-5.0381e-01
-4.7065e-01
-4.4018e-01
-4.0748e-01
-3.7670e-01
-3.5354e-01
-3.3244e-01
-3.1301e-01
-2.9505e-01
-2.7840e-01
-1.2452e-01
-7.3490e-01
-1.4011e+00
-1.8328e+00
-2.0535e+00
-2.1294e+00
-2.1133e+00
-2.0421e+00
-1.9401e+00
-1.8226e+00
-1.6992e+00
-1.5762e+00
-1.4572e+00
-1.3443e+00
-1.2387e+00
-1.1407e+00
-1.0505e+00
-9.6769e-01
-8.9194e-01
-8.2277e-01
-7.5967e-01
-7.0216e-01
-6.4973e-01
-6.0193e-01
-5.5832e-01
-5.1851e-01
-4.8213e-01
-4.4887e-01
-4.1841e-01
-3.8489e-01
-3.5513e-01
-3.3289e-01
-3.1226e-01
-2.9321e-01
-2.7562e-01
-2.5936e-01
-2.8172e-01
-9.8470e-01
-1.2869e+00
-1.3338e+00
-1.3062e+00
-1.2532e+00
-1.1876e+00
-1.1152e+00
-1.0394e+00
-9.6334e-01
-8.8910e-01
-8.1828e-01
-7.5177e-01
-6.9002e-01
-6.3313e-01
-5.8101e-01
-5.3344e-01
-4.9013e-01
-4.5075e-01
-4.1498e-01
-3.8248e-01
-3.5296e-01
-3.2612e-01
-3.0172e-01
-2.7949e-01
-2.5923e-01
-2.4075e-01
-2.2387e-01
-2.0843e-01
-1.9137e-01
-1.7606e-01
-1.6490e-01
-1.5460e-01
-1.4507e-01
-1.3625e-01
-1.2808e-01
-2.0768e-01
-8.2482e-01
-1.0842e+00
-1.0401e+00
-9.2343e-01
-8.1222e-01
-7.1923e-01
-6.4242e-01
-5.7753e-01
-5.2135e-01
-4.7198e-01
-4.2823e-01
-3.8929e-01
-3.5452e-01
-3.2341e-01
-2.9553e-01
-2.7050e-01
-2.4800e-01
-2.2774e-01
-2.0947e-01
-1.9297e-01
-1.7803e-01
-1.6450e-01
-1.5222e-01
-1.4105e-01
-1.3088e-01
-1.2160e-01
-1.1313e-01
-1.0538e-01
-9.6786e-02
-8.9048e-02
-8.3432e-02
-7.8248e-02
-7.3456e-02
-6.9022e-02
-6.4913e-02
-9.1543e-02
-1.7997e-01
-1.5695e-01
-1.2490e-01
-1.0145e-01
-8.4679e-02
-7.2204e-02
-6.2520e-02
-5.4639e-02
-4.8051e-02
-4.2467e-02
-3.7685e-02
-3.3563e-02
-2.9992e-02
-2.6883e-02
-2.4165e-02
-2.1783e-02
-1.9686e-02
-1.7837e-02
-1.6200e-02
-1.4749e-02
-1.3457e-02
-1.2306e-02
-1.1276e-02
-1.0354e-02
-9.5250e-03
-8.7800e-03
-8.1070e-03
-7.4990e-03
-6.8410e-03
-6.2620e-03
-5.8350e-03
-5.4450e-03
-5.0870e-03
-4.7580e-03
-4.4550e-03
