2.70159094e+02
5.00115564e+01
5.01616035e+01
5.02506604e+01
4.99921932e+01
5.01507819e+01
5.01758468e+01
5.01399372e+01
5.00052132e+01
5.01581127e+01
5.00097473e+01
5.01514494e+01
4.98290089e+01
5.00663856e+01
5.00094615e+01
5.01127789e+01
5.01192985e+01
4.99624392e+01
4.99038269e+01
5.01099148e+01
4.97830377e+01
4.99426159e+01
5.02672291e+01
4.98131278e+01
5.01828721e+01
5.04682918e+01
4.99009479e+01
4.99170599e+01
5.01661057e+01
4.97544427e+01
4.99459980e+01
4.99984814e+01
4.98365342e+01
5.01446495e+01
5.01428750e+01
4.98350794e+01
4.98665140e+01
2.69896661e+02
1.50036660e+02
1.43344353e+02
1.39386427e+02
1.36465718e+02
1.34071446e+02
1.31550594e+02
1.30386272e+02
1.28897728e+02
1.27462810e+02
1.26142334e+02
1.25511241e+02
1.24707154e+02
1.24302925e+02
1.23689128e+02
1.23123189e+02
1.22363231e+02
1.22494418e+02
1.22241705e+02
1.21865739e+02
1.21530355e+02
1.21605437e+02
1.20944423e+02
1.21062943e+02
1.21167315e+02
1.20902242e+02
1.20528329e+02
1.20585073e+02
1.20562088e+02
1.20446337e+02
1.20717248e+02
1.20026601e+02
1.20028350e+02
1.20390797e+02
1.20176986e+02
1.19992255e+02
1.19690669e+02
2.70017939e+02
2.50042877e+02
2.44301066e+02
2.38980575e+02
2.33118805e+02
2.27751412e+02
2.23555497e+02
2.19107223e+02
2.15739829e+02
2.12998911e+02
2.10345235e+02
2.08198221e+02
2.06269591e+02
2.04467461e+02
2.03489966e+02
2.02751049e+02
2.01544766e+02
2.00570479e+02
2.00205192e+02
1.99154849e+02
1.98338747e+02
1.98160730e+02
1.97889303e+02
1.97808026e+02
1.97171830e+02
1.97126275e+02
1.96444319e+02
1.96277107e+02
1.96402819e+02
1.95945564e+02
1.95984679e+02
1.95667940e+02
1.95870301e+02
1.95315712e+02
1.95570479e+02
1.95454821e+02
1.95501325e+02
2.68863920e+02
2.68458802e+02
2.68202258e+02
2.68188215e+02
2.67624278e+02
2.66905318e+02
2.66767926e+02
2.66027218e+02
2.65560559e+02
2.64694702e+02
2.64618738e+02
2.63930863e+02
2.63916634e+02
2.63634986e+02
2.63413680e+02
2.63227133e+02
2.63050673e+02
2.62786355e+02
2.62170578e+02
2.62574015e+02
2.62454025e+02
2.62170169e+02
2.62029961e+02
2.62228462e+02
2.61941477e+02
2.61749030e+02
2.61592401e+02
2.62011871e+02
2.61756227e+02
2.61774747e+02
2.61550997e+02
2.61831776e+02
2.61747287e+02
2.61682488e+02
2.61883711e+02
2.61533798e+02
2.61367518e+02
2.68565902e+02
2.68545601e+02
2.68110357e+02
2.67995325e+02
2.67771162e+02
2.67737473e+02
2.67334441e+02
2.66697983e+02
2.66308067e+02
2.65934988e+02
2.66205827e+02
2.65593294e+02
2.65203670e+02
2.65829354e+02
2.64832739e+02
2.64858399e+02
2.64745916e+02
2.65178134e+02
2.65082518e+02
2.64843576e+02
2.64497454e+02
2.64247653e+02
2.64740802e+02
2.64474051e+02
2.64549341e+02
2.63712587e+02
2.64346508e+02
2.64297243e+02
2.64495111e+02
2.64426132e+02
2.64148726e+02
2.64034033e+02
2.64282627e+02
2.64368416e+02
2.64033648e+02
2.63771696e+02
2.63833610e+02
2.71385065e+02
2.70306613e+02
2.67791877e+02
2.66370682e+02
2.63391023e+02
2.60969509e+02
2.58561080e+02
2.56486297e+02
2.54200455e+02
2.52459510e+02
2.50733001e+02
2.49040508e+02
2.47684730e+02
2.46416755e+02
2.44793953e+02
2.43842648e+02
2.42881172e+02
2.41850553e+02
2.40816610e+02
2.39921532e+02
2.39727243e+02
2.38911725e+02
2.38172214e+02
2.37707240e+02
2.36933741e+02
2.35924584e+02
2.35775758e+02
2.36106326e+02
2.35690792e+02
2.34818199e+02
2.34473294e+02
2.34111453e+02
2.33975657e+02
2.34025366e+02
2.33440131e+02
2.33202382e+02
2.33054300e+02
2.71300940e+02
2.70654063e+02
2.69536134e+02
2.67902509e+02
2.66173309e+02
2.63985503e+02
2.61493351e+02
2.59250858e+02
2.57917647e+02
2.55971006e+02
2.54443588e+02
2.52719176e+02
2.51347009e+02
2.50637701e+02
2.49110423e+02
2.48068381e+02
2.47112214e+02
2.45887395e+02
2.45125177e+02
2.44654272e+02
2.43890297e+02
2.43146566e+02
2.42977839e+02
2.42055352e+02
2.41855814e+02
2.41129898e+02
2.40472457e+02
2.40273185e+02
2.39928246e+02
2.39641032e+02
2.39349306e+02
2.39100982e+02
2.38847635e+02
2.38280149e+02
2.38422318e+02
2.38249281e+02
2.37997231e+02
2.71643984e+02
2.71038027e+02
2.69947980e+02
2.68806171e+02
2.67372543e+02
2.65934766e+02
2.64352736e+02
2.63671544e+02
2.62418615e+02
2.61287782e+02
2.61030412e+02
2.59980643e+02
2.59184197e+02
2.58321477e+02
2.57573711e+02
2.57487799e+02
2.56958658e+02
2.56003207e+02
2.55955184e+02
2.55367469e+02
2.55389394e+02
2.54714521e+02
2.54568778e+02
2.54605820e+02
2.54068753e+02
2.53588960e+02
2.53166998e+02
2.53329394e+02
2.53161445e+02
2.53002142e+02
2.52617542e+02
2.52638995e+02
2.52973919e+02
2.52719149e+02
2.51882781e+02
2.52337959e+02
2.51921583e+02
2.71220624e+02
2.70821678e+02
2.69700960e+02
2.69406070e+02
2.68289999e+02
2.67360668e+02
2.66355647e+02
2.65473158e+02
2.65207453e+02
2.64410354e+02
2.63853439e+02
2.63068390e+02
2.63199846e+02
2.62773060e+02
2.62400215e+02
2.62354167e+02
2.62392221e+02
2.61404005e+02
2.61384251e+02
2.61079255e+02
2.60850935e+02
2.61146429e+02
2.61039373e+02
2.60634642e+02
2.60301054e+02
2.60369376e+02
2.60082728e+02
2.59967690e+02
2.59695326e+02
2.60255370e+02
2.60235186e+02
2.59872183e+02
2.59717366e+02
2.59875423e+02
2.59937179e+02
2.59229740e+02
2.59395214e+02
2.70919041e+02
2.70650522e+02
2.70381682e+02
2.70299921e+02
2.70811222e+02
2.70539309e+02
2.70291778e+02
2.70088051e+02
2.70160803e+02
2.69771101e+02
2.69460207e+02
2.69823704e+02
2.70067186e+02
2.69814239e+02
2.69993856e+02
2.69476696e+02
2.70124291e+02
2.69873691e+02
2.69931357e+02
2.69792662e+02
2.69878025e+02
2.69812670e+02
2.69633856e+02
2.69606749e+02
2.69539781e+02
2.70239636e+02
2.69839231e+02
2.69562772e+02
2.69739537e+02
2.69430667e+02
2.69583853e+02
2.69469606e+02
2.69346115e+02
2.69942216e+02
2.69396909e+02
2.69197010e+02
2.69973725e+02
