2.70000000e+02
5.00000000e+01
5.00000000e+01
5.00000000e+01
5.00000000e+01
5.00000000e+01
5.00000000e+01
5.00000000e+01
5.00000000e+01
5.00000000e+01
5.00000000e+01
5.00000000e+01
5.00000000e+01
5.00000000e+01
5.00000000e+01
5.00000000e+01
5.00000000e+01
5.00000000e+01
5.00000000e+01
5.00000000e+01
5.00000000e+01
5.00000000e+01
5.00000000e+01
5.00000000e+01
5.00000000e+01
5.00000000e+01
5.00000000e+01
5.00000000e+01
5.00000000e+01
5.00000000e+01
5.00000000e+01
5.00000000e+01
5.00000000e+01
5.00000000e+01
5.00000000e+01
5.00000000e+01
5.00000000e+01
2.70000000e+02
1.50000000e+02
1.43696834e+02
1.39851255e+02
1.36896907e+02
1.34362076e+02
1.32155768e+02
1.30312208e+02
1.28786224e+02
1.27516567e+02
1.26453015e+02
1.25556393e+02
1.24796190e+02
1.24148421e+02
1.23594019e+02
1.23117657e+02
1.22706890e+02
1.22351531e+02
1.22043173e+02
1.21774838e+02
1.21540697e+02
1.21335861e+02
1.21156207e+02
1.20998252e+02
1.20859037e+02
1.20736043e+02
1.20627121e+02
1.20530432e+02
1.20444399e+02
1.20367666e+02
1.20299065e+02
1.20237590e+02
1.20182370e+02
1.20132651e+02
1.20088547e+02
1.20049240e+02
1.20013462e+02
2.70000000e+02
2.50000000e+02
2.44523989e+02
2.38991212e+02
2.33404186e+02
2.28106669e+02
2.23411793e+02
2.19357574e+02
2.15890967e+02
2.12938358e+02
2.10426081e+02
2.08287391e+02
2.06464372e+02
2.04907798e+02
2.03576224e+02
2.02434904e+02
2.01454738e+02
2.00611340e+02
1.99884246e+02
1.99256247e+02
1.98712843e+02
1.98241788e+02
1.97832717e+02
1.97476839e+02
1.97166684e+02
1.96895890e+02
1.96659033e+02
1.96451477e+02
1.96269256e+02
1.96108972e+02
1.95967710e+02
1.95842963e+02
1.95732576e+02
1.95634695e+02
1.95549064e+02
1.95473875e+02
1.95406535e+02
2.68777078e+02
2.68694694e+02
2.68456939e+02
2.68086571e+02
2.67613923e+02
2.67082402e+02
2.66534650e+02
2.66003295e+02
2.65508224e+02
2.65058870e+02
2.64657805e+02
2.64303666e+02
2.63993093e+02
2.63721892e+02
2.63485691e+02
2.63280279e+02
2.63101776e+02
2.62946688e+02
2.62811922e+02
2.62694764e+02
2.62592849e+02
2.62504122e+02
2.62426803e+02
2.62359355e+02
2.62300448e+02
2.62248937e+02
2.62203832e+02
2.62164281e+02
2.62129546e+02
2.62098993e+02
2.62072073e+02
2.62048312e+02
2.62027303e+02
2.62008691e+02
2.61992285e+02
2.61977902e+02
2.61965123e+02
2.68356771e+02
2.68338036e+02
2.68249673e+02
2.68078345e+02
2.67833136e+02
2.67535685e+02
2.67212390e+02
2.66886676e+02
2.66575111e+02
2.66287217e+02
2.66027152e+02
2.65795656e+02
2.65591533e+02
2.65412634e+02
2.65256437e+02
2.65120377e+02
2.65002013e+02
2.64899105e+02
2.64809649e+02
2.64731868e+02
2.64664207e+02
2.64605311e+02
2.64554000e+02
2.64509256e+02
2.64470195e+02
2.64436055e+02
2.64406179e+02
2.64379997e+02
2.64357020e+02
2.64336824e+02
2.64319043e+02
2.64303363e+02
2.64289510e+02
2.64277249e+02
2.64266507e+02
2.64257033e+02
2.64248614e+02
2.75407107e+02
2.74510180e+02
2.72341984e+02
2.69505475e+02
2.66468046e+02
2.63444915e+02
2.60539378e+02
2.57799925e+02
2.55246587e+02
2.52883878e+02
2.50707487e+02
2.48708279e+02
2.46874728e+02
2.45194370e+02
2.43654655e+02
2.42243443e+02
2.40949277e+02
2.39761510e+02
2.38670356e+02
2.37666885e+02
2.36742989e+02
2.35891335e+02
2.35105298e+02
2.34378912e+02
2.33706800e+02
2.33084121e+02
2.32506516e+02
2.31970059e+02
2.31471210e+02
2.31006779e+02
2.30573883e+02
2.30169918e+02
2.29792528e+02
2.29439582e+02
2.29115727e+02
2.28817869e+02
2.28537057e+02
2.74912645e+02
2.74171880e+02
2.72290918e+02
2.69782856e+02
2.67076728e+02
2.64374104e+02
2.61770978e+02
2.59312810e+02
2.57019085e+02
2.54895092e+02
2.52937863e+02
2.51139779e+02
2.49490812e+02
2.47979909e+02
2.46595832e+02
2.45327648e+02
2.44165008e+02
2.43098283e+02
2.42118616e+02
2.41217928e+02
2.40388883e+02
2.39624850e+02
2.38919846e+02
2.38268480e+02
2.37665902e+02
2.37107746e+02
2.36590081e+02
2.36109372e+02
2.35662430e+02
2.35246383e+02
2.34858638e+02
2.34496852e+02
2.34158909e+02
2.33842890e+02
2.33553061e+02
2.33286531e+02
2.33035091e+02
2.72843554e+02
2.72484171e+02
2.71417514e+02
2.69990620e+02
2.68474920e+02
2.66977822e+02
2.65545687e+02
2.64199773e+02
2.62949074e+02
2.61795641e+02
2.60737240e+02
2.59769122e+02
2.58885225e+02
2.58078948e+02
2.57343633e+02
2.56672846e+02
2.56060536e+02
2.55501108e+02
2.54989446e+02
2.54520913e+02
2.54091323e+02
2.53696913e+02
2.53334306e+02
2.53000476e+02
2.52692713e+02
2.52408591e+02
2.52145935e+02
2.51902798e+02
2.51677431e+02
2.51468267e+02
2.51273893e+02
2.51093041e+02
2.50924568e+02
2.50767442e+02
2.50622944e+02
2.50489832e+02
2.50365200e+02
2.71942583e+02
2.71688167e+02
2.70825720e+02
2.69697320e+02
2.68600049e+02
2.67610489e+02
2.66728384e+02
2.65939371e+02
2.65230408e+02
2.64591537e+02
2.64014815e+02
2.63493515e+02
2.63021750e+02
2.62594293e+02
2.62206479e+02
2.61854148e+02
2.61533589e+02
2.61241498e+02
2.60974938e+02
2.60731298e+02
2.60508259e+02
2.60303760e+02
2.60115969e+02
2.59943260e+02
2.59784180e+02
2.59637440e+02
2.59501887e+02
2.59376491e+02
2.59260332e+02
2.59152586e+02
2.59052513e+02
2.58959449e+02
2.58872796e+02
2.58792016e+02
2.58717752e+02
2.58649240e+02
2.58585061e+02
2.70970734e+02
2.70868988e+02
2.70671624e+02
2.70496631e+02
2.70355129e+02
2.70238445e+02
2.70139697e+02
2.70054504e+02
2.69980183e+02
2.69914913e+02
2.69857319e+02
2.69806310e+02
2.69760988e+02
2.69720604e+02
2.69684523e+02
2.69652205e+02
2.69623186e+02
2.69597068e+02
2.69573506e+02
2.69552202e+02
2.69532898e+02
2.69515369e+02
2.69499418e+02
2.69484875e+02
2.69471588e+02
2.69459426e+02
2.69448273e+02
2.69438027e+02
2.69428598e+02
2.69419905e+02
2.69411878e+02
2.69404455e+02
2.69397578e+02
2.69391199e+02
2.69385355e+02
2.69379995e+02
2.69374999e+02
