2.70000000e+02
5.00000000e+01
5.00000000e+01
5.00000000e+01
5.00000000e+01
5.00000000e+01
5.00000000e+01
5.00000000e+01
5.00000000e+01
5.00000000e+01
5.00000000e+01
5.00000000e+01
5.00000000e+01
5.00000000e+01
5.00000000e+01
5.00000000e+01
5.00000000e+01
5.00000000e+01
5.00000000e+01
5.00000000e+01
5.00000000e+01
5.00000000e+01
5.00000000e+01
5.00000000e+01
5.00000000e+01
5.00000000e+01
5.00000000e+01
5.00000000e+01
5.00000000e+01
5.00000000e+01
5.00000000e+01
5.00000000e+01
5.00000000e+01
5.00000000e+01
5.00000000e+01
5.00000000e+01
5.00000000e+01
2.70000000e+02
1.50000000e+02
1.43755869e+02
1.39951571e+02
1.37020319e+02
1.34514838e+02
1.32355492e+02
1.30532319e+02
1.29020730e+02
1.27762380e+02
1.26708094e+02
1.25819289e+02
1.25065846e+02
1.24424055e+02
1.23875049e+02
1.23403642e+02
1.22997494e+02
1.22646491e+02
1.22342283e+02
1.22077929e+02
1.21847631e+02
1.21646519e+02
1.21470490e+02
1.21316072e+02
1.21180316e+02
1.21061574e+02
1.20958965e+02
1.20867715e+02
1.20786505e+02
1.20714124e+02
1.20649501e+02
1.20591703e+02
1.20539916e+02
1.20493433e+02
1.20451638e+02
1.20413992e+02
1.20380026e+02
2.70000000e+02
2.50000000e+02
2.44397943e+02
2.38858250e+02
2.33304450e+02
2.28057597e+02
2.23415263e+02
2.19410038e+02
2.15986036e+02
2.13069520e+02
2.10587777e+02
2.08475149e+02
2.06674671e+02
2.05137868e+02
2.03823873e+02
2.02698372e+02
2.01732587e+02
2.00902370e+02
2.00187433e+02
1.99570704e+02
1.99037784e+02
1.98576508e+02
1.98176576e+02
1.97829251e+02
1.97527112e+02
1.97265506e+02
1.97041332e+02
1.96844649e+02
1.96671810e+02
1.96519667e+02
1.96385515e+02
1.96267023e+02
1.96162182e+02
1.96069259e+02
1.95986755e+02
1.95913374e+02
1.95847992e+02
2.68662653e+02
2.68583582e+02
2.68353037e+02
2.67999344e+02
2.67553378e+02
2.67055960e+02
2.66546255e+02
2.66053910e+02
2.65596766e+02
2.65183043e+02
2.64814715e+02
2.64490226e+02
2.64206264e+02
2.63958813e+02
2.63743733e+02
2.63557070e+02
2.63395189e+02
2.63254833e+02
2.63133122e+02
2.63027537e+02
2.62935882e+02
2.62856259e+02
2.62787023e+02
2.62726756e+02
2.62674238e+02
2.62628529e+02
2.62589117e+02
2.62554770e+02
2.62524646e+02
2.62498151e+02
2.62474800e+02
2.62454184e+02
2.62435952e+02
2.62419801e+02
2.62405470e+02
2.62392731e+02
2.62381388e+02
2.68287365e+02
2.68269424e+02
2.68182520e+02
2.68016669e+02
2.67782826e+02
2.67502260e+02
2.67199688e+02
2.66896602e+02
2.66607980e+02
2.66342254e+02
2.66102948e+02
2.65890493e+02
2.65703606e+02
2.65540176e+02
2.65397791e+02
2.65274021e+02
2.65166572e+02
2.65073350e+02
2.64992482e+02
2.64922318e+02
2.64861412e+02
2.64808509e+02
2.64762519e+02
2.64722500e+02
2.64687641e+02
2.64657399e+02
2.64631278e+02
2.64608452e+02
2.64588473e+02
2.64570926e+02
2.64555478e+02
2.64541852e+02
2.64529812e+02
2.64519154e+02
2.64509705e+02
2.64501313e+02
2.64493846e+02
2.67783462e+02
2.67615814e+02
2.66079516e+02
2.63753070e+02
2.61135167e+02
2.58459307e+02
2.55841529e+02
2.53340503e+02
2.50984699e+02
2.48786145e+02
2.46747119e+02
2.44864088e+02
2.43130170e+02
2.41536679e+02
2.40074097e+02
2.38732698e+02
2.37502923e+02
2.36375614e+02
2.35342138e+02
2.34394456e+02
2.33525138e+02
2.32727358e+02
2.31994867e+02
2.31321968e+02
2.30703467e+02
2.30138381e+02
2.29629163e+02
2.29159294e+02
2.28725440e+02
2.28324607e+02
2.27954067e+02
2.27611341e+02
2.27294173e+02
2.27000505e+02
2.26728459e+02
2.26476320e+02
2.26242519e+02
2.68267645e+02
2.68099555e+02
2.66692198e+02
2.64557903e+02
2.62164940e+02
2.59727094e+02
2.57347759e+02
2.55078642e+02
2.52944659e+02
2.50956079e+02
2.49114389e+02
2.47415819e+02
2.45853596e+02
2.44419373e+02
2.43104135e+02
2.41898759e+02
2.40794357e+02
2.39782469e+02
2.38855171e+02
2.38005113e+02
2.37225532e+02
2.36510234e+02
2.35853566e+02
2.35250381e+02
2.34695999e+02
2.34189728e+02
2.33733625e+02
2.33312604e+02
2.32923791e+02
2.32564528e+02
2.32232391e+02
2.31925168e+02
2.31640844e+02
2.31377579e+02
2.31133690e+02
2.30907641e+02
2.30698028e+02
2.70308810e+02
2.70022818e+02
2.69035691e+02
2.67708920e+02
2.66304689e+02
2.64921820e+02
2.63601312e+02
2.62361241e+02
2.61208712e+02
2.60145010e+02
2.59167882e+02
2.58273005e+02
2.57454985e+02
2.56708004e+02
2.56026215e+02
2.55403973e+02
2.54835960e+02
2.54317244e+02
2.53843297e+02
2.53409993e+02
2.53013581e+02
2.52650669e+02
2.52318187e+02
2.52013365e+02
2.51733700e+02
2.51478799e+02
2.51249598e+02
2.51038147e+02
2.50843086e+02
2.50663069e+02
2.50496846e+02
2.50343272e+02
2.50201303e+02
2.50069987e+02
2.49948458e+02
2.49835924e+02
2.49731664e+02
2.70750869e+02
2.70535775e+02
2.69700708e+02
2.68598387e+02
2.67534054e+02
2.66584215e+02
2.65746710e+02
2.65004958e+02
2.64343733e+02
2.63751450e+02
2.63219129e+02
2.62739470e+02
2.62306345e+02
2.61914512e+02
2.61559441e+02
2.61237190e+02
2.60944307e+02
2.60677765e+02
2.60434894e+02
2.60213335e+02
2.60010994e+02
2.59826015e+02
2.59656741e+02
2.59501695e+02
2.59359553e+02
2.59230065e+02
2.59113872e+02
2.59006668e+02
2.58907728e+02
2.58816410e+02
2.58732096e+02
2.58654209e+02
2.58582218e+02
2.58515637e+02
2.58454024e+02
2.58396975e+02
2.58344122e+02
2.70864018e+02
2.70766397e+02
2.70569753e+02
2.70395611e+02
2.70255527e+02
2.70140817e+02
2.70044499e+02
2.69962003e+02
2.69890466e+02
2.69827953e+02
2.69773022e+02
2.69724537e+02
2.69681582e+02
2.69643400e+02
2.69609359e+02
2.69578929e+02
2.69551659e+02
2.69527166e+02
2.69505119e+02
2.69485235e+02
2.69467268e+02
2.69451005e+02
2.69436261e+02
2.69422873e+02
2.69410698e+02
2.69399689e+02
2.69389871e+02
2.69380873e+02
2.69372624e+02
2.69365055e+02
2.69358105e+02
2.69351717e+02
2.69345840e+02
2.69340428e+02
2.69335442e+02
2.69330842e+02
2.69326597e+02
