2.70357891e+02
5.02213572e+01
4.97346677e+01
5.00703862e+01
4.99734050e+01
4.98556033e+01
4.99801086e+01
4.99264871e+01
4.97370952e+01
5.00767955e+01
4.98428820e+01
4.97803314e+01
4.96958617e+01
5.00157953e+01
4.99670299e+01
5.00802669e+01
4.99497968e+01
4.98862356e+01
5.01851764e+01
5.01900797e+01
4.99722741e+01
5.02219714e+01
5.00529840e+01
5.00439703e+01
5.02369765e+01
4.97561578e+01
5.01065516e+01
5.00983899e+01
5.03598974e+01
4.96318501e+01
4.99943875e+01
4.98687446e+01
5.02967768e+01
5.03308609e+01
4.99785253e+01
5.04205304e+01
4.97781086e+01
2.70133289e+02
1.50373042e+02
1.43759086e+02
1.39727201e+02
1.36845715e+02
1.34302194e+02
1.32369122e+02
1.30847461e+02
1.28822752e+02
1.27742221e+02
1.26601437e+02
1.25803606e+02
1.25146839e+02
1.24421041e+02
1.24000036e+02
1.23302776e+02
1.22876485e+02
1.22877600e+02
1.22294279e+02
1.22336401e+02
1.21916236e+02
1.22258054e+02
1.21609463e+02
1.21522850e+02
1.21353860e+02
1.21251454e+02
1.21294676e+02
1.21232376e+02
1.21125769e+02
1.20842766e+02
1.20854998e+02
1.21034598e+02
1.20751249e+02
1.20772477e+02
1.20625861e+02
1.20684761e+02
1.20573905e+02
2.70190181e+02
2.50278932e+02
2.44799086e+02
2.38896954e+02
2.33182290e+02
2.27524513e+02
2.23292614e+02
2.19141547e+02
2.15535441e+02
2.12788645e+02
2.10331078e+02
2.08330187e+02
2.06404409e+02
2.04927175e+02
2.03735727e+02
2.02681072e+02
2.00989279e+02
2.00936764e+02
1.99865335e+02
1.99293962e+02
1.98873676e+02
1.98217813e+02
1.98069417e+02
1.97860843e+02
1.97320016e+02
1.97182348e+02
1.97422018e+02
1.97089595e+02
1.96919316e+02
1.96668447e+02
1.96287150e+02
1.96075520e+02
1.96250936e+02
1.96171421e+02
1.96317556e+02
1.95865343e+02
1.95836679e+02
2.68706406e+02
2.68944922e+02
2.68109845e+02
2.67763484e+02
2.67710324e+02
2.67011141e+02
2.66434403e+02
2.65698562e+02
2.65187945e+02
2.65080063e+02
2.65055736e+02
2.64350802e+02
2.64135081e+02
2.63522046e+02
2.64005931e+02
2.63558433e+02
2.63144562e+02
2.63426977e+02
2.63082893e+02
2.62869101e+02
2.62576293e+02
2.62965768e+02
2.62991939e+02
2.62542545e+02
2.62526491e+02
2.62580246e+02
2.62617112e+02
2.62238705e+02
2.62843156e+02
2.62739058e+02
2.62601564e+02
2.62803625e+02
2.62069284e+02
2.62120074e+02
2.62638455e+02
2.62544944e+02
2.62468491e+02
2.68104692e+02
2.68245285e+02
2.68585712e+02
2.67701737e+02
2.67848268e+02
2.67626595e+02
2.67100328e+02
2.66317149e+02
2.66595939e+02
2.66289381e+02
2.65818141e+02
2.65944023e+02
2.65647157e+02
2.65712241e+02
2.65660954e+02
2.65341309e+02
2.65640286e+02
2.65149563e+02
2.64649211e+02
2.64895566e+02
2.65014789e+02
2.65387610e+02
2.64416656e+02
2.64272590e+02
2.64680217e+02
2.64693870e+02
2.64809460e+02
2.64536822e+02
2.64503012e+02
2.64405278e+02
2.64375963e+02
2.64429784e+02
2.64557735e+02
2.64691214e+02
2.64547150e+02
2.64686958e+02
2.64439442e+02
2.65971850e+02
2.65839936e+02
2.64123153e+02
2.62678293e+02
2.60816791e+02
2.58103561e+02
2.55574108e+02
2.53761851e+02
2.51434540e+02
2.49711045e+02
2.47870227e+02
2.46298860e+02
2.44923913e+02
2.43049347e+02
2.41666632e+02
2.41049958e+02
2.39780278e+02
2.38909599e+02
2.38319949e+02
2.37084172e+02
2.36310340e+02
2.35577168e+02
2.34826917e+02
2.34009262e+02
2.33695876e+02
2.33008718e+02
2.32412708e+02
2.32490584e+02
2.32014387e+02
2.31499247e+02
2.30758351e+02
2.30768583e+02
2.30335712e+02
2.29676558e+02
2.29491909e+02
2.29580857e+02
2.29398358e+02
2.66449839e+02
2.66677703e+02
2.65396809e+02
2.63727857e+02
2.61681338e+02
2.59479159e+02
2.57778733e+02
2.55195478e+02
2.53431757e+02
2.51637472e+02
2.50121304e+02
2.48716674e+02
2.47073253e+02
2.46253630e+02
2.45184229e+02
2.44077101e+02
2.42686053e+02
2.42300802e+02
2.41219094e+02
2.40512633e+02
2.39488899e+02
2.39287606e+02
2.38520913e+02
2.37783600e+02
2.37476884e+02
2.37171752e+02
2.36739670e+02
2.36156434e+02
2.35731651e+02
2.35383475e+02
2.34849714e+02
2.34703031e+02
2.34826483e+02
2.33968284e+02
2.34071842e+02
2.33324381e+02
2.33759578e+02
2.69526335e+02
2.68982183e+02
2.68596215e+02
2.67323715e+02
2.65670459e+02
2.64507627e+02
2.63193062e+02
2.62284708e+02
2.60958626e+02
2.60424494e+02
2.59354417e+02
2.58893292e+02
2.58059691e+02
2.56701002e+02
2.56495069e+02
2.55792420e+02
2.55481992e+02
2.54720746e+02
2.54819458e+02
2.54123056e+02
2.53961615e+02
2.53200409e+02
2.53224399e+02
2.52873139e+02
2.52901897e+02
2.52555377e+02
2.52381275e+02
2.52090363e+02
2.51815493e+02
2.51653244e+02
2.51488865e+02
2.51108570e+02
2.51188695e+02
2.51276459e+02
2.50942482e+02
2.50625502e+02
2.50812554e+02
2.70470872e+02
2.69955827e+02
2.69247071e+02
2.68239704e+02
2.67387555e+02
2.66403065e+02
2.65456136e+02
2.65016582e+02
2.64291051e+02
2.63550558e+02
2.63433097e+02
2.62666635e+02
2.62767674e+02
2.62184044e+02
2.62018261e+02
2.61107216e+02
2.61083184e+02
2.61084747e+02
2.60773495e+02
2.60670709e+02
2.60464614e+02
2.60404374e+02
2.60463528e+02
2.60393513e+02
2.59812841e+02
2.60128378e+02
2.60086850e+02
2.59485913e+02
2.59407447e+02
2.59493632e+02
2.59601392e+02
2.58892764e+02
2.59262405e+02
2.59488420e+02
2.59494042e+02
2.58779624e+02
2.58931728e+02
2.70780096e+02
2.70638284e+02
2.70708993e+02
2.70337362e+02
2.70565003e+02
2.70495988e+02
2.70118997e+02
2.70113614e+02
2.69893821e+02
2.69693314e+02
2.69770923e+02
2.69858939e+02
2.69528343e+02
2.69702754e+02
2.69594115e+02
2.69823151e+02
2.69955112e+02
2.69533345e+02
2.69659744e+02
2.69534910e+02
2.69825965e+02
2.69558351e+02
2.69449902e+02
2.70059589e+02
2.69464032e+02
2.69673143e+02
2.69719480e+02
2.69526307e+02
2.69830388e+02
2.70128541e+02
2.69743885e+02
2.69660995e+02
2.69742506e+02
2.69740440e+02
2.69255985e+02
2.69576220e+02
2.69465609e+02
