2.70434126e+02
5.00393816e+01
5.01801054e+01
5.00830066e+01
4.96864559e+01
4.98907641e+01
4.98334687e+01
4.97999596e+01
4.99299870e+01
4.99089704e+01
5.01566556e+01
4.99849085e+01
5.01450281e+01
5.00537798e+01
5.03725413e+01
4.96729132e+01
5.02459721e+01
4.99798401e+01
4.98473727e+01
4.97678642e+01
4.99060343e+01
4.99194941e+01
5.00646375e+01
5.03242165e+01
5.00254448e+01
5.00771634e+01
5.00448008e+01
4.99226082e+01
4.99765637e+01
4.98103850e+01
4.99321019e+01
5.00739765e+01
5.00054070e+01
4.99422395e+01
4.99728726e+01
4.99358871e+01
4.99770648e+01
2.69932592e+02
1.50162536e+02
1.43964240e+02
1.40155585e+02
1.36969280e+02
1.34362923e+02
1.32209671e+02
1.30497165e+02
1.29187418e+02
1.27880675e+02
1.26559245e+02
1.25810843e+02
1.24887619e+02
1.24648547e+02
1.23806042e+02
1.23599204e+02
1.22899910e+02
1.22703202e+02
1.22319333e+02
1.22163254e+02
1.21821123e+02
1.21864476e+02
1.21324795e+02
1.21392996e+02
1.21383874e+02
1.21269892e+02
1.21353197e+02
1.20673772e+02
1.20578546e+02
1.20580104e+02
1.20622358e+02
1.20148128e+02
1.20759864e+02
1.20619887e+02
1.20627722e+02
1.20402208e+02
1.20413886e+02
2.70212741e+02
2.49935563e+02
2.44320187e+02
2.38950126e+02
2.33426156e+02
2.27758217e+02
2.23209084e+02
2.19465367e+02
2.15946535e+02
2.12649172e+02
2.10545073e+02
2.08339199e+02
2.06024276e+02
2.04588220e+02
2.03388453e+02
2.02773513e+02
2.01246056e+02
2.00418328e+02
1.99848149e+02
1.98979208e+02
1.98710960e+02
1.98304228e+02
1.97623357e+02
1.97267651e+02
1.97063924e+02
1.96294294e+02
1.96430403e+02
1.96057385e+02
1.96268059e+02
1.96192716e+02
1.95826598e+02
1.95940745e+02
1.96086569e+02
1.95489673e+02
1.95694026e+02
1.95267976e+02
1.95691505e+02
2.68980022e+02
2.68775435e+02
2.68577798e+02
2.67966535e+02
2.67438773e+02
2.67244994e+02
2.66259899e+02
2.65990618e+02
2.65382401e+02
2.64796902e+02
2.64718149e+02
2.64139402e+02
2.63615672e+02
2.63436017e+02
2.63201195e+02
2.62796160e+02
2.62704079e+02
2.62424476e+02
2.62205467e+02
2.62436956e+02
2.62485846e+02
2.61937396e+02
2.62090591e+02
2.61711049e+02
2.61723784e+02
2.61967914e+02
2.61916200e+02
2.61736721e+02
2.61453935e+02
2.61750051e+02
2.61617019e+02
2.61851026e+02
2.61190984e+02
2.61308497e+02
2.61914124e+02
2.61295198e+02
2.61606491e+02
2.68212361e+02
2.68149342e+02
2.68337568e+02
2.68061143e+02
2.67723048e+02
2.67439480e+02
2.67129914e+02
2.66905498e+02
2.66809143e+02
2.66098985e+02
2.66293992e+02
2.65245837e+02
2.65273428e+02
2.65613631e+02
2.64999420e+02
2.64879644e+02
2.64572596e+02
2.64527298e+02
2.64663824e+02
2.64585270e+02
2.64002904e+02
2.64602809e+02
2.64270112e+02
2.64281892e+02
2.64044786e+02
2.64187621e+02
2.64275558e+02
2.64169422e+02
2.63786024e+02
2.64162442e+02
2.64060817e+02
2.63900787e+02
2.63884206e+02
2.64254554e+02
2.63692240e+02
2.63763805e+02
2.64085008e+02
2.68780797e+02
2.68540297e+02
2.66850685e+02
2.64327573e+02
2.61637567e+02
2.59170887e+02
2.56090365e+02
2.53687167e+02
2.51500085e+02
2.49261871e+02
2.47330593e+02
2.45782682e+02
2.44143291e+02
2.42871155e+02
2.41227777e+02
2.40012481e+02
2.39280882e+02
2.38356645e+02
2.37025869e+02
2.36422801e+02
2.35767036e+02
2.34829428e+02
2.34562995e+02
2.33646307e+02
2.33086578e+02
2.32881206e+02
2.32196098e+02
2.31731189e+02
2.31566251e+02
2.31165281e+02
2.31240447e+02
2.30531303e+02
2.30484891e+02
2.30020564e+02
2.29695542e+02
2.29607894e+02
2.29273502e+02
2.68921486e+02
2.68471153e+02
2.67193370e+02
2.65131025e+02
2.63130772e+02
2.60424256e+02
2.58317420e+02
2.56039646e+02
2.54192619e+02
2.51794315e+02
2.50210667e+02
2.48395543e+02
2.47122211e+02
2.46082210e+02
2.44897932e+02
2.43751989e+02
2.42515288e+02
2.41818076e+02
2.40844497e+02
2.40234741e+02
2.39471243e+02
2.38953352e+02
2.38426253e+02
2.37689865e+02
2.37080234e+02
2.36774342e+02
2.36443312e+02
2.35980310e+02
2.35884744e+02
2.35415798e+02
2.35593855e+02
2.34985786e+02
2.34894833e+02
2.34755531e+02
2.34588033e+02
2.34224285e+02
2.33778422e+02
2.69871075e+02
2.69716110e+02
2.68427267e+02
2.67848246e+02
2.66380475e+02
2.65357579e+02
2.63930988e+02
2.62836825e+02
2.61602250e+02
2.60695196e+02
2.59760674e+02
2.58905524e+02
2.57951133e+02
2.57929771e+02
2.56567207e+02
2.56337996e+02
2.55077505e+02
2.54741933e+02
2.54244237e+02
2.54064166e+02
2.53642478e+02
2.53711670e+02
2.53038614e+02
2.53014765e+02
2.52499954e+02
2.52024998e+02
2.52117553e+02
2.51820091e+02
2.51595227e+02
2.51552894e+02
2.51320263e+02
2.51346197e+02
2.51039165e+02
2.51413415e+02
2.50115608e+02
2.50752412e+02
2.50524712e+02
2.70520557e+02
2.70157452e+02
2.69795270e+02
2.68664024e+02
2.67495778e+02
2.66655566e+02
2.66052320e+02
2.65223619e+02
2.64575781e+02
2.63890312e+02
2.63444130e+02
2.62943894e+02
2.62624744e+02
2.62165932e+02
2.61970579e+02
2.61400637e+02
2.61031157e+02
2.61047832e+02
2.60304039e+02
2.60669827e+02
2.59981910e+02
2.60181630e+02
2.60036916e+02
2.60177800e+02
2.59888955e+02
2.59711633e+02
2.59374586e+02
2.58827966e+02
2.59028192e+02
2.59346092e+02
2.58928181e+02
2.59288252e+02
2.59113937e+02
2.59003595e+02
2.58818586e+02
2.58712256e+02
2.58674951e+02
2.70676852e+02
2.70688829e+02
2.70764366e+02
2.70502734e+02
2.70560348e+02
2.70282278e+02
2.69815829e+02
2.69839828e+02
2.69973810e+02
2.69939837e+02
2.69894975e+02
2.69913018e+02
2.69836231e+02
2.69296094e+02
2.69875212e+02
2.69422109e+02
2.69761181e+02
2.69655788e+02
2.69661482e+02
2.69322664e+02
2.69934164e+02
2.69235335e+02
2.69590749e+02
2.69238176e+02
2.69861353e+02
2.69634822e+02
2.69558202e+02
2.69317624e+02
2.69427590e+02
2.69028426e+02
2.69579207e+02
2.69271459e+02
2.69680817e+02
2.69161779e+02
2.69414768e+02
2.69304607e+02
2.69350155e+02
