2.70013448e+02
4.98193824e+01
5.02423164e+01
5.00755606e+01
5.01887408e+01
4.98430750e+01
4.97554747e+01
4.96862407e+01
5.01539754e+01
4.99163268e+01
5.00231608e+01
4.97753743e+01
5.01927091e+01
4.99639878e+01
4.97996027e+01
4.97226483e+01
4.98504024e+01
5.00953966e+01
4.98977318e+01
5.00726648e+01
4.99231664e+01
4.97263956e+01
4.99146970e+01
4.99007209e+01
5.02056309e+01
5.00112547e+01
4.98839279e+01
4.99105377e+01
4.97829921e+01
5.00995882e+01
4.99453128e+01
5.00678224e+01
4.99739556e+01
4.98640022e+01
5.00245272e+01
4.98563662e+01
5.02286880e+01
2.69877821e+02
1.50123784e+02
1.44122296e+02
1.39675763e+02
1.36883588e+02
1.34280801e+02
1.32342106e+02
1.30827076e+02
1.29039243e+02
1.28151811e+02
1.26766452e+02
1.25790166e+02
1.25225315e+02
1.24345221e+02
1.23887848e+02
1.23480774e+02
1.23362837e+02
1.22510461e+02
1.22520715e+02
1.22218603e+02
1.21840013e+02
1.21884993e+02
1.21507570e+02
1.21542605e+02
1.21244147e+02
1.21307658e+02
1.21204305e+02
1.21251219e+02
1.20960447e+02
1.21283857e+02
1.20852219e+02
1.20949204e+02
1.21044638e+02
1.20745113e+02
1.20773612e+02
1.20730519e+02
1.20913354e+02
2.70007427e+02
2.49665047e+02
2.44357473e+02
2.38872642e+02
2.32710402e+02
2.28223345e+02
2.23229049e+02
2.18959463e+02
2.15387183e+02
2.12850646e+02
2.10362779e+02
2.08051295e+02
2.06659992e+02
2.05083496e+02
2.03791579e+02
2.02604211e+02
2.01955139e+02
2.00725215e+02
2.00150910e+02
1.99704360e+02
1.99241719e+02
1.98529351e+02
1.98306499e+02
1.97583311e+02
1.97562933e+02
1.97470184e+02
1.96874498e+02
1.97009749e+02
1.96713446e+02
1.96955342e+02
1.96778049e+02
1.96251739e+02
1.96509916e+02
1.96693389e+02
1.96200582e+02
1.96384472e+02
1.96046725e+02
2.68679049e+02
2.68976232e+02
2.68302874e+02
2.67925793e+02
2.67721707e+02
2.67230697e+02
2.66575556e+02
2.65961140e+02
2.65200141e+02
2.65364260e+02
2.65327494e+02
2.64449436e+02
2.64346346e+02
2.64028003e+02
2.63896018e+02
2.63806462e+02
2.63432635e+02
2.63727322e+02
2.63245508e+02
2.63707893e+02
2.63426945e+02
2.63091633e+02
2.62974969e+02
2.62850199e+02
2.63068272e+02
2.62873419e+02
2.63190263e+02
2.62611628e+02
2.62982384e+02
2.62370082e+02
2.62799555e+02
2.62338165e+02
2.62577935e+02
2.62740187e+02
2.62965369e+02
2.62518481e+02
2.62741772e+02
2.68462583e+02
2.68008567e+02
2.68003225e+02
2.67913108e+02
2.67787158e+02
2.67620173e+02
2.67048666e+02
2.66816661e+02
2.66481691e+02
2.66367304e+02
2.66220760e+02
2.65729304e+02
2.65961156e+02
2.65454350e+02
2.65535157e+02
2.65538423e+02
2.65089541e+02
2.65163300e+02
2.65003604e+02
2.64984492e+02
2.64990817e+02
2.65170508e+02
2.65225995e+02
2.65007385e+02
2.65103779e+02
2.65050829e+02
2.64474714e+02
2.64570232e+02
2.64711658e+02
2.64773698e+02
2.65001911e+02
2.65049128e+02
2.64714035e+02
2.64956797e+02
2.64995296e+02
2.64856326e+02
2.64554317e+02
2.66058707e+02
2.65814293e+02
2.64525066e+02
2.62219685e+02
2.59981659e+02
2.57497887e+02
2.55194542e+02
2.52727527e+02
2.50377096e+02
2.48475320e+02
2.46669980e+02
2.45492046e+02
2.43715002e+02
2.42257168e+02
2.41009627e+02
2.40029792e+02
2.38753140e+02
2.37755433e+02
2.37056975e+02
2.36474758e+02
2.35545128e+02
2.35124093e+02
2.34474258e+02
2.33767805e+02
2.33464271e+02
2.32553160e+02
2.32551899e+02
2.31997107e+02
2.31486742e+02
2.31721734e+02
2.31385110e+02
2.30682066e+02
2.30853956e+02
2.29829501e+02
2.29755040e+02
2.29866955e+02
2.29615200e+02
2.66693719e+02
2.66911233e+02
2.65262935e+02
2.63293880e+02
2.60913245e+02
2.58806414e+02
2.56603011e+02
2.54693551e+02
2.53024399e+02
2.50530242e+02
2.49345847e+02
2.47917637e+02
2.46533677e+02
2.45038026e+02
2.44442421e+02
2.43181199e+02
2.42426846e+02
2.41074327e+02
2.40619684e+02
2.39978939e+02
2.39284663e+02
2.38788828e+02
2.37997034e+02
2.37679296e+02
2.37075807e+02
2.36941772e+02
2.36558066e+02
2.36021378e+02
2.35833154e+02
2.35732842e+02
2.35323675e+02
2.34951261e+02
2.35028668e+02
2.34579812e+02
2.34391195e+02
2.34306421e+02
2.34069485e+02
2.69788420e+02
2.69272595e+02
2.68241469e+02
2.67397843e+02
2.66109360e+02
2.64538533e+02
2.63032262e+02
2.62342317e+02
2.60845085e+02
2.60016419e+02
2.58773708e+02
2.57928422e+02
2.57664981e+02
2.57075035e+02
2.56217127e+02
2.55929746e+02
2.55218326e+02
2.55453464e+02
2.54405858e+02
2.53932436e+02
2.53426489e+02
2.53484084e+02
2.53142601e+02
2.52996575e+02
2.52724125e+02
2.52572612e+02
2.52503233e+02
2.52231750e+02
2.51564575e+02
2.51723579e+02
2.51301204e+02
2.51623510e+02
2.51111314e+02
2.51257587e+02
2.51251766e+02
2.50709985e+02
2.51105118e+02
2.70021555e+02
2.70514363e+02
2.69016827e+02
2.68145010e+02
2.67557927e+02
2.66556145e+02
2.65754835e+02
2.65053327e+02
2.64452900e+02
2.63560700e+02
2.63043821e+02
2.63166964e+02
2.62241335e+02
2.62141398e+02
2.61835061e+02
2.61874515e+02
2.61265693e+02
2.61101714e+02
2.60989900e+02
2.60642512e+02
2.60755459e+02
2.60194219e+02
2.60050812e+02
2.59997583e+02
2.59925940e+02
2.59880946e+02
2.59699330e+02
2.60016786e+02
2.59744152e+02
2.59667958e+02
2.59553456e+02
2.59759044e+02
2.59659532e+02
2.59650236e+02
2.59389304e+02
2.59532978e+02
2.59208401e+02
2.70749056e+02
2.71153250e+02
2.69970174e+02
2.70433864e+02
2.70611790e+02
2.70369770e+02
2.70100581e+02
2.70001709e+02
2.69990906e+02
2.70135952e+02
2.69570014e+02
2.69724359e+02
2.69540145e+02
2.69986361e+02
2.69970588e+02
2.69715230e+02
2.69435072e+02
2.69796461e+02
2.69746636e+02
2.69607813e+02
2.69664561e+02
2.69436663e+02
2.69203027e+02
2.69317162e+02
2.69710441e+02
2.69501750e+02
2.69733658e+02
2.69312292e+02
2.69596185e+02
2.69755189e+02
2.69719223e+02
2.69506899e+02
2.69574814e+02
2.69409134e+02
2.69511752e+02
2.69538951e+02
2.69211010e+02
