2.70000000e+02
5.00000000e+01
5.00000000e+01
5.00000000e+01
5.00000000e+01
5.00000000e+01
5.00000000e+01
5.00000000e+01
5.00000000e+01
5.00000000e+01
5.00000000e+01
5.00000000e+01
5.00000000e+01
5.00000000e+01
5.00000000e+01
5.00000000e+01
5.00000000e+01
5.00000000e+01
5.00000000e+01
5.00000000e+01
5.00000000e+01
5.00000000e+01
5.00000000e+01
5.00000000e+01
5.00000000e+01
5.00000000e+01
5.00000000e+01
5.00000000e+01
5.00000000e+01
5.00000000e+01
5.00000000e+01
5.00000000e+01
5.00000000e+01
5.00000000e+01
5.00000000e+01
5.00000000e+01
5.00000000e+01
2.70000000e+02
1.50000000e+02
1.43739570e+02
1.39899338e+02
1.36937889e+02
1.34418199e+02
1.32256143e+02
1.30438976e+02
1.28937794e+02
1.27692267e+02
1.26651961e+02
1.25777461e+02
1.25038102e+02
1.24409832e+02
1.23873579e+02
1.23414049e+02
1.23018862e+02
1.22677902e+02
1.22382845e+02
1.22126793e+02
1.21903999e+02
1.21709648e+02
1.21539692e+02
1.21390712e+02
1.21259813e+02
1.21144534e+02
1.21042776e+02
1.20952751e+02
1.20872923e+02
1.20804251e+02
1.20742743e+02
1.20687615e+02
1.20638121e+02
1.20593599e+02
1.20553467e+02
1.20517218e+02
1.20484408e+02
2.70000000e+02
2.50000000e+02
2.44440047e+02
2.38899736e+02
2.33326613e+02
2.28073817e+02
2.23446657e+02
2.19472752e+02
2.16089729e+02
2.13218479e+02
2.10782592e+02
2.08714145e+02
2.06954919e+02
2.05455857e+02
2.04175921e+02
2.03080874e+02
2.02142148e+02
2.01335876e+02
2.00642072e+02
2.00043964e+02
1.99527439e+02
1.99080594e+02
1.98693369e+02
1.98357236e+02
1.98064960e+02
1.97810383e+02
1.97588260e+02
1.97394114e+02
1.97224119e+02
1.97079212e+02
1.96951362e+02
1.96838380e+02
1.96738358e+02
1.96649648e+02
1.96570819e+02
1.96500637e+02
1.96438030e+02
2.68760341e+02
2.68658202e+02
2.68393457e+02
2.67993619e+02
2.67487674e+02
2.66919589e+02
2.66333962e+02
2.65765481e+02
2.65235483e+02
2.64754202e+02
2.64324530e+02
2.63945123e+02
2.63612461e+02
2.63322101e+02
2.63069380e+02
2.62849793e+02
2.62659173e+02
2.62493762e+02
2.62350227e+02
2.62225641e+02
2.62117447e+02
2.62023426e+02
2.61941654e+02
2.61870468e+02
2.61808433e+02
2.61754310e+02
2.61707030e+02
2.61665674e+02
2.61629446e+02
2.61598121e+02
2.61570763e+02
2.61546690e+02
2.61525423e+02
2.61506589e+02
2.61489873e+02
2.61475008e+02
2.61461763e+02
2.68347601e+02
2.68323873e+02
2.68223007e+02
2.68035827e+02
2.67771869e+02
2.67453046e+02
2.67106741e+02
2.66757691e+02
2.66423586e+02
2.66114681e+02
2.65835523e+02
2.65586982e+02
2.65367841e+02
2.65175833e+02
2.65008277e+02
2.64862428e+02
2.64735665e+02
2.64625580e+02
2.64530008e+02
2.64447031e+02
2.64374966e+02
2.64312345e+02
2.64257892e+02
2.64210502e+02
2.64169219e+02
2.64133217e+02
2.64101783e+02
2.64074303e+02
2.64050247e+02
2.64029565e+02
2.64011364e+02
2.63995378e+02
2.63981282e+02
2.63968817e+02
2.63957766e+02
2.63947948e+02
2.63939209e+02
2.69544821e+02
2.69123965e+02
2.67441588e+02
2.65029866e+02
2.62359359e+02
2.59656707e+02
2.57035042e+02
2.54550237e+02
2.52227355e+02
2.50074691e+02
2.48090887e+02
2.46269158e+02
2.44599864e+02
2.43072077e+02
2.41674518e+02
2.40396115e+02
2.39226323e+02
2.38155285e+02
2.37173907e+02
2.36273870e+02
2.35447614e+02
2.34688295e+02
2.33989731e+02
2.33346354e+02
2.32753149e+02
2.32205601e+02
2.31699647e+02
2.31231630e+02
2.30798252e+02
2.30410609e+02
2.30049517e+02
2.29712949e+02
2.29399142e+02
2.29106372e+02
2.28833039e+02
2.28577668e+02
2.28338907e+02
2.69688091e+02
2.69296667e+02
2.67716885e+02
2.65462692e+02
2.62993351e+02
2.60518186e+02
2.58133627e+02
2.55883919e+02
2.53787280e+02
2.51848437e+02
2.50064458e+02
2.48428123e+02
2.46930005e+02
2.45559744e+02
2.44306833e+02
2.43161064e+02
2.42112787e+02
2.41153038e+02
2.40273583e+02
2.39466919e+02
2.38726244e+02
2.38045417e+02
2.37418903e+02
2.36841721e+02
2.36309389e+02
2.35817878e+02
2.35363564e+02
2.34943184e+02
2.34553797e+02
2.34205960e+02
2.33881463e+02
2.33578797e+02
2.33296499e+02
2.33033062e+02
2.32787057e+02
2.32557169e+02
2.32342185e+02
2.70394576e+02
2.70181038e+02
2.69228729e+02
2.67924869e+02
2.66537140e+02
2.65166334e+02
2.63855695e+02
2.62625080e+02
2.61482623e+02
2.60429995e+02
2.59464905e+02
2.58582771e+02
2.57777843e+02
2.57043926e+02
2.56374819e+02
2.55764571e+02
2.55207614e+02
2.54698824e+02
2.54233537e+02
2.53807538e+02
2.53417035e+02
2.53058625e+02
2.52729262e+02
2.52426219e+02
2.52147054e+02
2.51889582e+02
2.51651844e+02
2.51432084e+02
2.51228722e+02
2.51046924e+02
2.50877908e+02
2.50720588e+02
2.50574001e+02
2.50437294e+02
2.50309700e+02
2.50190527e+02
2.50079140e+02
2.70655266e+02
2.70486896e+02
2.69711468e+02
2.68675020e+02
2.67672574e+02
2.66774747e+02
2.65978729e+02
2.65269541e+02
2.64634011e+02
2.64062319e+02
2.63546810e+02
2.63081113e+02
2.62659727e+02
2.62277828e+02
2.61931162e+02
2.61615965e+02
2.61328914e+02
2.61067069e+02
2.60827835e+02
2.60608916e+02
2.60408283e+02
2.60224138e+02
2.60054886e+02
2.59899112e+02
2.59755557e+02
2.59623097e+02
2.59500730e+02
2.59387560e+02
2.59282780e+02
2.59189175e+02
2.59102191e+02
2.59021109e+02
2.58945492e+02
2.58874927e+02
2.58809032e+02
2.58747455e+02
2.58689874e+02
2.70869613e+02
2.70781807e+02
2.70608456e+02
2.70457498e+02
2.70336843e+02
2.70238142e+02
2.70155172e+02
2.70083997e+02
2.70022197e+02
2.69968150e+02
2.69920641e+02
2.69878706e+02
2.69841560e+02
2.69808549e+02
2.69779126e+02
2.69752827e+02
2.69729257e+02
2.69708077e+02
2.69689000e+02
2.69671776e+02
2.69656189e+02
2.69642054e+02
2.69629208e+02
2.69617511e+02
2.69606839e+02
2.69597085e+02
2.69588155e+02
2.69579965e+02
2.69572442e+02
2.69565753e+02
2.69559576e+02
2.69553860e+02
2.69548566e+02
2.69543655e+02
2.69539095e+02
2.69534856e+02
2.69530911e+02
