-2.2000e+02
0.0000e+00
0.0000e+00
0.0000e+00
0.0000e+00
0.0000e+00
0.0000e+00
0.0000e+00
0.0000e+00
0.0000e+00
0.0000e+00
0.0000e+00
0.0000e+00
0.0000e+00
0.0000e+00
0.0000e+00
0.0000e+00
0.0000e+00
0.0000e+00
0.0000e+00
0.0000e+00
0.0000e+00
0.0000e+00
0.0000e+00
0.0000e+00
0.0000e+00
0.0000e+00
0.0000e+00
0.0000e+00
0.0000e+00
0.0000e+00
0.0000e+00
0.0000e+00
0.0000e+00
0.0000e+00
0.0000e+00
-1.2000e+02
-6.3276e+00
-3.8633e+00
-2.9700e+00
-2.5371e+00
-2.1963e+00
-1.8238e+00
-1.5020e+00
-1.2438e+00
-1.0374e+00
-8.7107e-01
-7.3581e-01
-6.2486e-01
-5.3314e-01
-4.5680e-01
-3.9288e-01
-3.3910e-01
-2.9363e-01
-2.5505e-01
-2.2218e-01
-1.9409e-01
-1.7001e-01
-1.4932e-01
-1.3149e-01
-1.1608e-01
-1.0275e-01
-9.1168e-02
-8.1099e-02
-7.2320e-02
-6.4101e-02
-5.6054e-02
-5.0624e-02
-4.5753e-02
-4.1429e-02
-3.7592e-02
-3.4182e-02
-2.0000e+01
-5.5349e+00
-5.5113e+00
-5.5468e+00
-5.2387e+00
-4.6239e+00
-3.9778e+00
-3.3890e+00
-2.8767e+00
-2.4397e+00
-2.0705e+00
-1.7596e+00
-1.4981e+00
-1.2780e+00
-1.0924e+00
-9.3569e-01
-8.0307e-01
-6.9061e-01
-5.9506e-01
-5.1371e-01
-4.4433e-01
-3.8505e-01
-3.3432e-01
-2.9082e-01
-2.5347e-01
-2.2135e-01
-1.9369e-01
-1.6982e-01
-1.4920e-01
-1.3034e-01
-1.1244e-01
-9.9836e-02
-8.8821e-02
-7.9184e-02
-7.0740e-02
-6.3332e-02
-9.9805e-02
-2.6182e-01
-3.9339e-01
-4.9533e-01
-5.5431e-01
-5.7010e-01
-5.5242e-01
-5.1424e-01
-4.6630e-01
-4.1571e-01
-3.6656e-01
-3.2094e-01
-2.7973e-01
-2.4314e-01
-2.1100e-01
-1.8295e-01
-1.5859e-01
-1.3749e-01
-1.1925e-01
-1.0350e-01
-8.9902e-02
-7.8173e-02
-6.8051e-02
-5.9314e-02
-5.1770e-02
-4.5251e-02
-3.9617e-02
-3.4739e-02
-3.0517e-02
-2.6772e-02
-2.3247e-02
-2.0435e-02
-1.8103e-02
-1.6099e-02
-1.4355e-02
-1.2831e-02
-2.2858e-02
-9.9713e-02
-1.8478e-01
-2.5933e-01
-3.1198e-01
-3.3790e-01
-3.3982e-01
-3.2468e-01
-2.9971e-01
-2.7044e-01
-2.4042e-01
-2.1168e-01
-1.8520e-01
-1.6140e-01
-1.4030e-01
-1.2179e-01
-1.0565e-01
-9.1636e-02
-7.9493e-02
-6.8994e-02
-5.9922e-02
-5.2091e-02
-4.5329e-02
-3.9491e-02
-3.4449e-02
-3.0094e-02
-2.6328e-02
-2.3070e-02
-2.0250e-02
-1.7692e-02
-1.5384e-02
-1.3571e-02
-1.1993e-02
-1.0643e-02
-9.4760e-03
-8.4600e-03
-4.2134e-01
-1.6722e+00
-2.3256e+00
-2.5258e+00
-2.5331e+00
-2.4539e+00
-2.3355e+00
-2.2000e+00
-2.0588e+00
-1.9183e+00
-1.7822e+00
-1.6525e+00
-1.5304e+00
-1.4162e+00
-1.3101e+00
-1.2118e+00
-1.1211e+00
-1.0375e+00
-9.6059e-01
-8.8986e-01
-8.2487e-01
-7.6514e-01
-7.1024e-01
-6.5977e-01
-6.1335e-01
-5.7063e-01
-5.3130e-01
-4.9506e-01
-4.6163e-01
-4.2703e-01
-3.8774e-01
-3.6352e-01
-3.4095e-01
-3.1994e-01
-3.0042e-01
-2.8224e-01
-2.3701e-01
-1.1497e+00
-1.8084e+00
-2.0971e+00
-2.1841e+00
-2.1652e+00
-2.0899e+00
-1.9854e+00
-1.8668e+00
-1.7436e+00
-1.6213e+00
-1.5032e+00
-1.3911e+00
-1.2861e+00
-1.1883e+00
-1.0979e+00
-1.0144e+00
-9.3770e-01
-8.6721e-01
-8.0251e-01
-7.4316e-01
-6.8871e-01
-6.3875e-01
-5.9289e-01
-5.5077e-01
-5.1206e-01
-4.7647e-01
-4.4370e-01
-4.1352e-01
-3.8238e-01
-3.4715e-01
-3.2525e-01
-3.0496e-01
-2.8607e-01
-2.6850e-01
-2.5215e-01
-2.6792e-01
-9.8247e-01
-1.3044e+00
-1.3573e+00
-1.3201e+00
-1.2509e+00
-1.1698e+00
-1.0850e+00
-1.0008e+00
-9.1981e-01
-8.4363e-01
-7.7296e-01
-7.0800e-01
-6.4865e-01
-5.9463e-01
-5.4556e-01
-5.0105e-01
-4.6067e-01
-4.2404e-01
-3.9079e-01
-3.6057e-01
-3.3309e-01
-3.0806e-01
-2.8523e-01
-2.6439e-01
-2.4533e-01
-2.2789e-01
-2.1189e-01
-1.9722e-01
-1.8237e-01
-1.6621e-01
-1.5522e-01
-1.4516e-01
-1.3593e-01
-1.2741e-01
-1.1953e-01
-1.9695e-01
-8.1176e-01
-1.0733e+00
-1.0289e+00
-9.0957e-01
-7.9477e-01
-6.9880e-01
-6.1946e-01
-5.5263e-01
-4.9535e-01
-4.4570e-01
-4.0232e-01
-3.6421e-01
-3.3057e-01
-3.0076e-01
-2.7428e-01
-2.5066e-01
-2.2955e-01
-2.1062e-01
-1.9360e-01
-1.7826e-01
-1.6440e-01
-1.5186e-01
-1.4047e-01
-1.3011e-01
-1.2067e-01
-1.1205e-01
-1.0417e-01
-9.6944e-02
-8.9634e-02
-8.1795e-02
-7.6445e-02
-7.1498e-02
-6.6947e-02
-6.2751e-02
-5.8871e-02
-8.7534e-02
-1.7359e-01
-1.5151e-01
-1.2035e-01
-9.7514e-02
-8.1235e-02
-6.9169e-02
-5.9703e-02
-5.1996e-02
-4.5588e-02
-4.0189e-02
-3.5595e-02
-3.1656e-02
-2.8259e-02
-2.5314e-02
-2.2748e-02
-2.0505e-02
-1.8533e-02
-1.6797e-02
-1.5261e-02
-1.3898e-02
-1.2686e-02
-1.1602e-02
-1.0634e-02
-9.7630e-03
-8.9810e-03
-8.2750e-03
-7.6370e-03
-7.0580e-03
-6.4910e-03
-5.8880e-03
-5.4660e-03
-5.0840e-03
-4.7370e-03
-4.4190e-03
-4.1280e-03
