2.70229116e+02
4.98068367e+01
4.99090067e+01
4.97254750e+01
5.02892988e+01
4.97246579e+01
5.00425169e+01
4.94939618e+01
4.97288237e+01
4.95916347e+01
4.95712665e+01
4.99751889e+01
4.95337845e+01
5.00280839e+01
5.02192187e+01
5.01437771e+01
5.01220465e+01
4.99956625e+01
5.01250605e+01
5.02090508e+01
5.00823915e+01
4.98255708e+01
4.97478037e+01
4.97470777e+01
5.01942402e+01
5.02425207e+01
4.97842100e+01
4.97577872e+01
4.98399414e+01
4.97876433e+01
5.01201437e+01
4.97777739e+01
5.02609821e+01
5.01639505e+01
5.00646116e+01
5.01043162e+01
4.98472669e+01
2.70075047e+02
1.50123340e+02
1.43592721e+02
1.39675549e+02
1.36829261e+02
1.34066554e+02
1.32187357e+02
1.29853139e+02
1.28172195e+02
1.27068994e+02
1.26657031e+02
1.25663586e+02
1.24972276e+02
1.23917128e+02
1.23676843e+02
1.22910682e+02
1.22644433e+02
1.22668819e+02
1.22178782e+02
1.22274083e+02
1.21344963e+02
1.21368714e+02
1.21259953e+02
1.21526641e+02
1.21030324e+02
1.20772649e+02
1.20970001e+02
1.20690321e+02
1.20420153e+02
1.20560380e+02
1.20641399e+02
1.20270791e+02
1.20789290e+02
1.20011045e+02
1.20300289e+02
1.20458819e+02
1.20345435e+02
2.69861313e+02
2.49919984e+02
2.44531909e+02
2.38477638e+02
2.33434940e+02
2.28068074e+02
2.23523676e+02
2.19449331e+02
2.16108760e+02
2.12774049e+02
2.09993295e+02
2.07948955e+02
2.06504901e+02
2.04712503e+02
2.03243477e+02
2.02433264e+02
2.01348661e+02
2.00434635e+02
1.99837999e+02
1.99114086e+02
1.98635157e+02
1.98073393e+02
1.98019871e+02
1.97772943e+02
1.97572186e+02
1.96744174e+02
1.96791753e+02
1.96192882e+02
1.96406637e+02
1.96636801e+02
1.96273073e+02
1.95754775e+02
1.95858110e+02
1.95609854e+02
1.95863347e+02
1.95393336e+02
1.95803979e+02
2.68751704e+02
2.68444441e+02
2.68068522e+02
2.67532007e+02
2.67593435e+02
2.67396955e+02
2.66757050e+02
2.65869279e+02
2.65048904e+02
2.65500617e+02
2.64489921e+02
2.64033943e+02
2.63747092e+02
2.63388466e+02
2.63613777e+02
2.63084873e+02
2.63144796e+02
2.62733083e+02
2.62687312e+02
2.62638502e+02
2.62782986e+02
2.62290936e+02
2.62075852e+02
2.62366557e+02
2.62240320e+02
2.62131508e+02
2.61947611e+02
2.62321374e+02
2.61754072e+02
2.62151634e+02
2.61945050e+02
2.61918879e+02
2.62388914e+02
2.62074270e+02
2.61553503e+02
2.61810593e+02
2.61844646e+02
2.68640052e+02
2.67924863e+02
2.67873002e+02
2.68026427e+02
2.67563372e+02
2.67688664e+02
2.66967996e+02
2.66372846e+02
2.66612421e+02
2.65988773e+02
2.65996007e+02
2.65677572e+02
2.65576389e+02
2.65255983e+02
2.64838061e+02
2.65019463e+02
2.64912580e+02
2.64939970e+02
2.64695345e+02
2.64773606e+02
2.64435624e+02
2.64449968e+02
2.64864663e+02
2.63926719e+02
2.64534340e+02
2.64231572e+02
2.63993357e+02
2.64190466e+02
2.63963954e+02
2.64188009e+02
2.64363474e+02
2.64229407e+02
2.64042747e+02
2.64127420e+02
2.64038828e+02
2.64538333e+02
2.64433336e+02
2.70578068e+02
2.70015270e+02
2.68302930e+02
2.66172186e+02
2.63558379e+02
2.60554639e+02
2.58750384e+02
2.56291187e+02
2.54128676e+02
2.52090836e+02
2.50446511e+02
2.49009567e+02
2.46817329e+02
2.45719654e+02
2.44593163e+02
2.43052295e+02
2.41713436e+02
2.40994790e+02
2.39744524e+02
2.38873945e+02
2.37774620e+02
2.37035519e+02
2.36576913e+02
2.35865200e+02
2.35674401e+02
2.34789860e+02
2.34543087e+02
2.33004148e+02
2.33557100e+02
2.32746542e+02
2.32131268e+02
2.32225281e+02
2.31617141e+02
2.31490474e+02
2.31191610e+02
2.30729570e+02
2.30407226e+02
2.70454534e+02
2.70148089e+02
2.68992284e+02
2.66869167e+02
2.64488316e+02
2.62569028e+02
2.59856307e+02
2.58468090e+02
2.56190812e+02
2.54491550e+02
2.52685802e+02
2.51188199e+02
2.49832959e+02
2.48215117e+02
2.47030237e+02
2.46058722e+02
2.44738399e+02
2.43799621e+02
2.43132471e+02
2.42304763e+02
2.41719299e+02
2.40510538e+02
2.40086950e+02
2.39496014e+02
2.39241035e+02
2.38836756e+02
2.38358719e+02
2.37762546e+02
2.37199606e+02
2.36529868e+02
2.36891154e+02
2.36034204e+02
2.35776021e+02
2.35336686e+02
2.35340221e+02
2.34674131e+02
2.34729379e+02
2.70485438e+02
2.70301778e+02
2.69527738e+02
2.67728275e+02
2.66650187e+02
2.65938988e+02
2.64531746e+02
2.62874335e+02
2.62262264e+02
2.60592899e+02
2.59641643e+02
2.59120022e+02
2.58284676e+02
2.57741684e+02
2.57173101e+02
2.56597954e+02
2.55996856e+02
2.55325878e+02
2.54672258e+02
2.54266591e+02
2.53911066e+02
2.53582543e+02
2.53107696e+02
2.53021206e+02
2.52681093e+02
2.52371627e+02
2.52081176e+02
2.51576420e+02
2.51595785e+02
2.51162024e+02
2.51015325e+02
2.51164705e+02
2.51102683e+02
2.50577631e+02
2.50310457e+02
2.50217314e+02
2.49738875e+02
2.70421639e+02
2.70396199e+02
2.69541191e+02
2.68408663e+02
2.67499380e+02
2.66321200e+02
2.66180564e+02
2.65394242e+02
2.64474777e+02
2.64101964e+02
2.63722908e+02
2.63040526e+02
2.63035484e+02
2.62171343e+02
2.62010776e+02
2.61579516e+02
2.61319023e+02
2.61194196e+02
2.60842660e+02
2.60486362e+02
2.60196407e+02
2.60394487e+02
2.59794956e+02
2.59748306e+02
2.59472854e+02
2.59367741e+02
2.59349296e+02
2.59371249e+02
2.59002529e+02
2.58823387e+02
2.59185048e+02
2.58878905e+02
2.58505666e+02
2.58682799e+02
2.58429763e+02
2.58560876e+02
2.58256801e+02
2.70682625e+02
2.70489078e+02
2.70616289e+02
2.70070840e+02
2.70353725e+02
2.70343603e+02
2.70405479e+02
2.70077317e+02
2.69601036e+02
2.70164280e+02
2.70244480e+02
2.69905954e+02
2.69544637e+02
2.69962740e+02
2.69891619e+02
2.69730744e+02
2.69799782e+02
2.69529335e+02
2.69463583e+02
2.69856989e+02
2.69733561e+02
2.69747913e+02
2.69871898e+02
2.69832683e+02
2.69523778e+02
2.69510229e+02
2.69747375e+02
2.69504294e+02
2.69351525e+02
2.69527577e+02
2.69532473e+02
2.69536495e+02
2.69769967e+02
2.69514763e+02
2.69621752e+02
2.69718808e+02
2.69427571e+02
