2.70000000e+02
5.00000000e+01
5.00000000e+01
5.00000000e+01
5.00000000e+01
5.00000000e+01
5.00000000e+01
5.00000000e+01
5.00000000e+01
5.00000000e+01
5.00000000e+01
5.00000000e+01
5.00000000e+01
5.00000000e+01
5.00000000e+01
5.00000000e+01
5.00000000e+01
5.00000000e+01
5.00000000e+01
5.00000000e+01
5.00000000e+01
5.00000000e+01
5.00000000e+01
5.00000000e+01
5.00000000e+01
5.00000000e+01
5.00000000e+01
5.00000000e+01
5.00000000e+01
5.00000000e+01
5.00000000e+01
5.00000000e+01
5.00000000e+01
5.00000000e+01
5.00000000e+01
5.00000000e+01
5.00000000e+01
2.70000000e+02
1.50000000e+02
1.43786351e+02
1.39966992e+02
1.37014078e+02
1.34495501e+02
1.32350868e+02
1.30534449e+02
1.29031640e+02
1.27784395e+02
1.26743102e+02
1.25868706e+02
1.25130665e+02
1.24504904e+02
1.23972245e+02
1.23517249e+02
1.23127370e+02
1.22792331e+02
1.22503655e+02
1.22254311e+02
1.22038431e+02
1.21851103e+02
1.21688196e+02
1.21546223e+02
1.21422235e+02
1.21313728e+02
1.21218573e+02
1.21137163e+02
1.21065773e+02
1.21002466e+02
1.20946250e+02
1.20896238e+02
1.20851660e+02
1.20811849e+02
1.20776225e+02
1.20744286e+02
1.20715595e+02
2.70000000e+02
2.50000000e+02
2.44359182e+02
2.38770858e+02
2.33152732e+02
2.27851561e+02
2.23172922e+02
2.19148953e+02
2.15720109e+02
2.12809097e+02
2.10340388e+02
2.08246139e+02
2.06467704e+02
2.04955323e+02
2.03667154e+02
2.02568147e+02
2.01628971e+02
2.00825068e+02
2.00135852e+02
1.99544032e+02
1.99035063e+02
1.98596680e+02
1.98218525e+02
1.97891834e+02
1.97609178e+02
1.97364248e+02
1.97151684e+02
1.96971446e+02
1.96815274e+02
1.96678437e+02
1.96558355e+02
1.96452810e+02
1.96359892e+02
1.96277955e+02
1.96205579e+02
1.96141538e+02
1.96084773e+02
2.68635720e+02
2.68552562e+02
2.68321995e+02
2.67970569e+02
2.67529839e+02
2.67041988e+02
2.66546359e+02
2.66071620e+02
2.65634213e+02
2.65241074e+02
2.64893214e+02
2.64588450e+02
2.64323106e+02
2.64092983e+02
2.63893886e+02
2.63721871e+02
2.63573361e+02
2.63445177e+02
2.63334529e+02
2.63238987e+02
2.63156448e+02
2.63085096e+02
2.63023366e+02
2.62969913e+02
2.62923582e+02
2.62883382e+02
2.62848461e+02
2.62818531e+02
2.62792744e+02
2.62770242e+02
2.62750525e+02
2.62733210e+02
2.62717977e+02
2.62704553e+02
2.62692705e+02
2.62682229e+02
2.62672952e+02
2.68269714e+02
2.68250062e+02
2.68162408e+02
2.67997561e+02
2.67766567e+02
2.67491376e+02
2.67197048e+02
2.66904713e+02
2.66628557e+02
2.66376157e+02
2.66150329e+02
2.65951012e+02
2.65776615e+02
2.65624862e+02
2.65493272e+02
2.65379406e+02
2.65281000e+02
2.65196006e+02
2.65122610e+02
2.65059222e+02
2.65004458e+02
2.64957119e+02
2.64916172e+02
2.64880725e+02
2.64850011e+02
2.64823372e+02
2.64800242e+02
2.64780518e+02
2.64763406e+02
2.64748494e+02
2.64735453e+02
2.64724015e+02
2.64713962e+02
2.64705110e+02
2.64697303e+02
2.64690407e+02
2.64684305e+02
2.66168097e+02
2.65963180e+02
2.64478085e+02
2.62271876e+02
2.59820475e+02
2.57343697e+02
2.54948016e+02
2.52684481e+02
2.50574948e+02
2.48626016e+02
2.46835688e+02
2.45197181e+02
2.43701217e+02
2.42337406e+02
2.41095078e+02
2.39963774e+02
2.38933527e+02
2.37995018e+02
2.37139636e+02
2.36359497e+02
2.35647425e+02
2.34996920e+02
2.34402107e+02
2.33857691e+02
2.33358905e+02
2.32901461e+02
2.32481502e+02
2.32106623e+02
2.31764389e+02
2.31447935e+02
2.31155135e+02
2.30884003e+02
2.30632728e+02
2.30399665e+02
2.30183314e+02
2.29982314e+02
2.29795420e+02
2.66784209e+02
2.66602698e+02
2.65275081e+02
2.63276715e+02
2.61054045e+02
2.58811561e+02
2.56645407e+02
2.54600881e+02
2.52697199e+02
2.50940040e+02
2.49327391e+02
2.47852896e+02
2.46507922e+02
2.45282834e+02
2.44167769e+02
2.43153090e+02
2.42229648e+02
2.41388916e+02
2.40623041e+02
2.39924852e+02
2.39287839e+02
2.38706117e+02
2.38174376e+02
2.37687840e+02
2.37242210e+02
2.36833626e+02
2.36458618e+02
2.36124318e+02
2.35818943e+02
2.35536428e+02
2.35275025e+02
2.35033019e+02
2.34808806e+02
2.34600907e+02
2.34407975e+02
2.34228779e+02
2.34062201e+02
2.69562541e+02
2.69334291e+02
2.68402330e+02
2.67135564e+02
2.65794770e+02
2.64477926e+02
2.63226638e+02
2.62059416e+02
2.60983109e+02
2.59998308e+02
2.59101887e+02
2.58288630e+02
2.57552322e+02
2.56886425e+02
2.56284486e+02
2.55740364e+02
2.55248343e+02
2.54803184e+02
2.54400126e+02
2.54034873e+02
2.53703565e+02
2.53402742e+02
2.53129311e+02
2.52880507e+02
2.52653859e+02
2.52447163e+02
2.52258449e+02
2.52089675e+02
2.51936270e+02
2.51795633e+02
2.51666443e+02
2.51547572e+02
2.51438044e+02
2.51337003e+02
2.51243687e+02
2.51157411e+02
2.51077564e+02
2.70353318e+02
2.70180667e+02
2.69406101e+02
2.68373552e+02
2.67377669e+02
2.66490176e+02
2.65709021e+02
2.65019208e+02
2.64406948e+02
2.63861649e+02
2.63374940e+02
2.62939842e+02
2.62550360e+02
2.62201270e+02
2.61887993e+02
2.61606503e+02
2.61353260e+02
2.61125142e+02
2.60919398e+02
2.60733600e+02
2.60565604e+02
2.60413514e+02
2.60275652e+02
2.60150533e+02
2.60036839e+02
2.59933401e+02
2.59839178e+02
2.59755022e+02
2.59678475e+02
2.59608475e+02
2.59544372e+02
2.59485562e+02
2.59431518e+02
2.59381781e+02
2.59335946e+02
2.59293656e+02
2.59254592e+02
2.70839582e+02
2.70752864e+02
2.70581578e+02
2.70433131e+02
2.70315215e+02
2.70219423e+02
2.70139507e+02
2.70071486e+02
2.70012879e+02
2.69962024e+02
2.69917676e+02
2.69878851e+02
2.69844748e+02
2.69814704e+02
2.69788166e+02
2.69764664e+02
2.69743803e+02
2.69725244e+02
2.69708698e+02
2.69693915e+02
2.69680682e+02
2.69668813e+02
2.69658148e+02
2.69648547e+02
2.69639889e+02
2.69632067e+02
2.69624990e+02
2.69618695e+02
2.69613023e+02
2.69607864e+02
2.69603161e+02
2.69598863e+02
2.69594929e+02
2.69591323e+02
2.69588011e+02
2.69584966e+02
2.69582162e+02
