2.70066647e+02
4.98108956e+01
4.98342635e+01
5.00209797e+01
5.00092564e+01
4.98367405e+01
5.03515953e+01
5.03605513e+01
5.00910905e+01
4.98857367e+01
4.99587015e+01
5.00286131e+01
5.00789669e+01
4.97966579e+01
4.97792216e+01
4.99287252e+01
5.03249472e+01
5.01904859e+01
4.98077631e+01
5.03940723e+01
5.04346681e+01
5.00307614e+01
4.99694466e+01
5.04404790e+01
5.00399007e+01
4.98545057e+01
4.98042172e+01
5.00964798e+01
5.01779810e+01
5.01269970e+01
5.00076510e+01
4.94855376e+01
4.97377214e+01
5.01569585e+01
5.00825014e+01
5.00276727e+01
5.01294423e+01
2.70125294e+02
1.50000380e+02
1.43098283e+02
1.39799085e+02
1.36658806e+02
1.33504215e+02
1.31491089e+02
1.30044952e+02
1.28538716e+02
1.27143153e+02
1.26082415e+02
1.25348996e+02
1.24694252e+02
1.23627438e+02
1.23408066e+02
1.22995366e+02
1.22465899e+02
1.21960856e+02
1.21855039e+02
1.21424184e+02
1.21448731e+02
1.21067337e+02
1.20710754e+02
1.21399057e+02
1.20748845e+02
1.20412460e+02
1.20497024e+02
1.20190923e+02
1.20265654e+02
1.20299960e+02
1.20023424e+02
1.19862349e+02
1.19943049e+02
1.19823365e+02
1.19737344e+02
1.20231514e+02
1.19726610e+02
2.69864423e+02
2.49855407e+02
2.44537147e+02
2.39008197e+02
2.32919760e+02
2.28070129e+02
2.23369985e+02
2.19032623e+02
2.15454201e+02
2.12385658e+02
2.10638135e+02
2.07868000e+02
2.06644503e+02
2.04617667e+02
2.03499971e+02
2.02130849e+02
2.01206209e+02
2.00456602e+02
1.99701899e+02
1.99006494e+02
1.98597348e+02
1.97946971e+02
1.97230842e+02
1.97155477e+02
1.96915279e+02
1.96560064e+02
1.96481191e+02
1.95947815e+02
1.96172959e+02
1.96010938e+02
1.95809402e+02
1.95820604e+02
1.95512426e+02
1.95794434e+02
1.95430166e+02
1.95473099e+02
1.95422345e+02
2.68639279e+02
2.68747462e+02
2.68274555e+02
2.68018139e+02
2.67762488e+02
2.66940087e+02
2.66181851e+02
2.66335753e+02
2.65641548e+02
2.64847244e+02
2.64350458e+02
2.64205429e+02
2.64090060e+02
2.63762207e+02
2.63623975e+02
2.63344658e+02
2.62744576e+02
2.63025026e+02
2.62625043e+02
2.62543540e+02
2.62221222e+02
2.62282924e+02
2.62293763e+02
2.61947451e+02
2.62090233e+02
2.61822068e+02
2.61804524e+02
2.62028195e+02
2.61853541e+02
2.61677506e+02
2.61957114e+02
2.61579758e+02
2.62307149e+02
2.61961235e+02
2.61780006e+02
2.62027806e+02
2.61733261e+02
2.68465450e+02
2.68398646e+02
2.68809898e+02
2.67973484e+02
2.67860209e+02
2.67432934e+02
2.67271066e+02
2.67048242e+02
2.66611087e+02
2.66089112e+02
2.66140264e+02
2.65518641e+02
2.65476463e+02
2.65342597e+02
2.65278528e+02
2.65014447e+02
2.64883220e+02
2.64492230e+02
2.64292542e+02
2.64762627e+02
2.64635419e+02
2.64612486e+02
2.64344895e+02
2.64313308e+02
2.64046416e+02
2.64099586e+02
2.64406409e+02
2.64120875e+02
2.64345051e+02
2.64160001e+02
2.64455985e+02
2.64259593e+02
2.63866568e+02
2.64163523e+02
2.64082026e+02
2.64450754e+02
2.64550860e+02
2.67474311e+02
2.67050585e+02
2.65271037e+02
2.62576164e+02
2.59925826e+02
2.57427477e+02
2.55250915e+02
2.52778695e+02
2.50779952e+02
2.48919891e+02
2.47208822e+02
2.45668728e+02
2.44031550e+02
2.42881691e+02
2.42010068e+02
2.40057138e+02
2.39650791e+02
2.38510208e+02
2.37808442e+02
2.37112618e+02
2.36247038e+02
2.35615736e+02
2.35244717e+02
2.34658320e+02
2.33646501e+02
2.33539979e+02
2.33555419e+02
2.32580334e+02
2.32444124e+02
2.32209980e+02
2.31955410e+02
2.31706079e+02
2.31183563e+02
2.30968137e+02
2.30972523e+02
2.30651345e+02
2.30316380e+02
2.67986901e+02
2.68005531e+02
2.66758277e+02
2.64857294e+02
2.63132626e+02
2.60714306e+02
2.58803248e+02
2.56929630e+02
2.54487907e+02
2.52901272e+02
2.51775091e+02
2.49880387e+02
2.48646028e+02
2.47673321e+02
2.46633822e+02
2.45133800e+02
2.44281561e+02
2.43397296e+02
2.42952986e+02
2.42169580e+02
2.41506934e+02
2.41004100e+02
2.40579598e+02
2.39690305e+02
2.39293141e+02
2.38948084e+02
2.38588192e+02
2.38177857e+02
2.37990860e+02
2.37670554e+02
2.37023596e+02
2.36439225e+02
2.36812391e+02
2.36342567e+02
2.35901679e+02
2.36266746e+02
2.35916953e+02
2.70148042e+02
2.70150641e+02
2.68995903e+02
2.68087446e+02
2.66910845e+02
2.65428474e+02
2.63663592e+02
2.62686909e+02
2.61622776e+02
2.60606269e+02
2.60025889e+02
2.59216496e+02
2.58487049e+02
2.57434542e+02
2.57141623e+02
2.56759118e+02
2.56004205e+02
2.55645811e+02
2.55430138e+02
2.55083036e+02
2.54481455e+02
2.53988558e+02
2.54198437e+02
2.53615992e+02
2.53532128e+02
2.53244226e+02
2.53274289e+02
2.52704070e+02
2.52826406e+02
2.52792888e+02
2.52502335e+02
2.52198856e+02
2.52014230e+02
2.52277738e+02
2.51743498e+02
2.51837666e+02
2.51733511e+02
2.70697997e+02
2.70669644e+02
2.70105684e+02
2.68766826e+02
2.67508171e+02
2.66838325e+02
2.66111766e+02
2.65074019e+02
2.64845167e+02
2.64134313e+02
2.63900960e+02
2.63707389e+02
2.62572915e+02
2.62340441e+02
2.62384889e+02
2.62007959e+02
2.61749621e+02
2.62016039e+02
2.61300731e+02
2.61485452e+02
2.60675193e+02
2.60938697e+02
2.60497526e+02
2.60506428e+02
2.60303658e+02
2.60207734e+02
2.60395157e+02
2.60112368e+02
2.60030782e+02
2.60259896e+02
2.60123266e+02
2.59756221e+02
2.59757431e+02
2.59704930e+02
2.59768308e+02
2.59706031e+02
2.59508204e+02
2.71184623e+02
2.70764642e+02
2.70757305e+02
2.70501143e+02
2.70581742e+02
2.70394913e+02
2.70497391e+02
2.69888809e+02
2.70032576e+02
2.69963089e+02
2.70224554e+02
2.69935199e+02
2.70132366e+02
2.69977976e+02
2.69897344e+02
2.69810695e+02
2.69682046e+02
2.70159188e+02
2.69415340e+02
2.69511038e+02
2.69975314e+02
2.69968445e+02
2.69968241e+02
2.69595881e+02
2.69644345e+02
2.69586508e+02
2.69718813e+02
2.69493810e+02
2.69501669e+02
2.69947025e+02
2.70071358e+02
2.69489012e+02
2.69946479e+02
2.69941544e+02
2.69424520e+02
2.69897957e+02
2.69340440e+02
