2.70000000e+02
5.00000000e+01
5.00000000e+01
5.00000000e+01
5.00000000e+01
5.00000000e+01
5.00000000e+01
5.00000000e+01
5.00000000e+01
5.00000000e+01
5.00000000e+01
5.00000000e+01
5.00000000e+01
5.00000000e+01
5.00000000e+01
5.00000000e+01
5.00000000e+01
5.00000000e+01
5.00000000e+01
5.00000000e+01
5.00000000e+01
5.00000000e+01
5.00000000e+01
5.00000000e+01
5.00000000e+01
5.00000000e+01
5.00000000e+01
5.00000000e+01
5.00000000e+01
5.00000000e+01
5.00000000e+01
5.00000000e+01
5.00000000e+01
5.00000000e+01
5.00000000e+01
5.00000000e+01
5.00000000e+01
2.70000000e+02
1.50000000e+02
1.43889971e+02
1.40087326e+02
1.37145909e+02
1.34630477e+02
1.32514569e+02
1.30700701e+02
1.29193068e+02
1.27937908e+02
1.26886665e+02
1.26000772e+02
1.25250012e+02
1.24610566e+02
1.24063471e+02
1.23593470e+02
1.23188174e+02
1.22837436e+02
1.22532888e+02
1.22267589e+02
1.22035749e+02
1.21832517e+02
1.21653816e+02
1.21496205e+02
1.21356771e+02
1.21233043e+02
1.21122920e+02
1.21024610e+02
1.20936583e+02
1.20857529e+02
1.20786324e+02
1.20722003e+02
1.20663735e+02
1.20610804e+02
1.20562592e+02
1.20518561e+02
1.20478248e+02
2.70000000e+02
2.50000000e+02
2.44438012e+02
2.38866573e+02
2.33259641e+02
2.27960137e+02
2.23274905e+02
2.19239156e+02
2.15793118e+02
2.12859653e+02
2.10364244e+02
2.08240259e+02
2.06430167e+02
2.04885138e+02
2.03564058e+02
2.02432416e+02
2.01461261e+02
2.00626288e+02
1.99907066e+02
1.99286387e+02
1.98749733e+02
1.98284832e+02
1.97881293e+02
1.97530304e+02
1.97224381e+02
1.96957159e+02
1.96723216e+02
1.96517931e+02
1.96337359e+02
1.96178129e+02
1.96037360e+02
1.95912583e+02
1.95801684e+02
1.95702850e+02
1.95614523e+02
1.95535366e+02
1.95464226e+02
2.68759560e+02
2.68678888e+02
2.68441043e+02
2.68066765e+02
2.67584860e+02
2.67039187e+02
2.66474005e+02
2.65923772e+02
2.65409914e+02
2.64942867e+02
2.64525729e+02
2.64157346e+02
2.63834380e+02
2.63552549e+02
2.63307332e+02
2.63094347e+02
2.62909527e+02
2.62749205e+02
2.62610119e+02
2.62489405e+02
2.62384562e+02
2.62293417e+02
2.62214090e+02
2.62144957e+02
2.62084617e+02
2.62031864e+02
2.61985661e+02
2.61945116e+02
2.61909460e+02
2.61878036e+02
2.61850275e+02
2.61825691e+02
2.61803866e+02
2.61784439e+02
2.61767101e+02
2.61751584e+02
2.61737660e+02
2.68350814e+02
2.68332185e+02
2.68242324e+02
2.68067035e+02
2.67814467e+02
2.67506300e+02
2.67169854e+02
2.66829781e+02
2.66503763e+02
2.66202111e+02
2.65929439e+02
2.65686687e+02
2.65472700e+02
2.65285277e+02
2.65121794e+02
2.64979559e+02
2.64855999e+02
2.64748743e+02
2.64655660e+02
2.64574863e+02
2.64504694e+02
2.64443707e+02
2.64390648e+02
2.64344431e+02
2.64304116e+02
2.64268896e+02
2.64238074e+02
2.64211049e+02
2.64187307e+02
2.64166403e+02
2.64147957e+02
2.64131640e+02
2.64117172e+02
2.64104309e+02
2.64092844e+02
2.64082597e+02
2.64073413e+02
2.70498235e+02
2.70111006e+02
2.68464850e+02
2.66131631e+02
2.63568334e+02
2.60979107e+02
2.58460910e+02
2.56059932e+02
2.53795606e+02
2.51673832e+02
2.49693119e+02
2.47847944e+02
2.46130743e+02
2.44533096e+02
2.43046404e+02
2.41662280e+02
2.40372758e+02
2.39170398e+02
2.38048325e+02
2.37000229e+02
2.36020343e+02
2.35103409e+02
2.34244640e+02
2.33439679e+02
2.32684558e+02
2.31975662e+02
2.31309692e+02
2.30683635e+02
2.30094734e+02
2.29540461e+02
2.29018497e+02
2.28526708e+02
2.28063130e+02
2.27625950e+02
2.27213493e+02
2.26824208e+02
2.26456659e+02
2.70643684e+02
2.70315931e+02
2.68882122e+02
2.66806580e+02
2.64505986e+02
2.62171645e+02
2.59895104e+02
2.57720964e+02
2.55668948e+02
2.53745852e+02
2.51951204e+02
2.50280427e+02
2.48726791e+02
2.47282602e+02
2.45939911e+02
2.44690924e+02
2.43528230e+02
2.42444912e+02
2.41434589e+02
2.40491418e+02
2.39610072e+02
2.38785711e+02
2.38013936e+02
2.37290756e+02
2.36612544e+02
2.35976001e+02
2.35378124e+02
2.34816176e+02
2.34287654e+02
2.33790269e+02
2.33321921e+02
2.32880683e+02
2.32464781e+02
2.32072579e+02
2.31702569e+02
2.31353353e+02
2.31023640e+02
2.71213348e+02
2.70933236e+02
2.69922775e+02
2.68570438e+02
2.67152788e+02
2.65770561e+02
2.64462315e+02
2.63242467e+02
2.62114210e+02
2.61075556e+02
2.60121798e+02
2.59246868e+02
2.58444198e+02
2.57707247e+02
2.57029793e+02
2.56406078e+02
2.55830869e+02
2.55299458e+02
2.54807641e+02
2.54351679e+02
2.53928247e+02
2.53534399e+02
2.53167514e+02
2.52825262e+02
2.52505569e+02
2.52206579e+02
2.51926634e+02
2.51664243e+02
2.51418067e+02
2.51186896e+02
2.50969633e+02
2.50765287e+02
2.50572952e+02
2.50391805e+02
2.50221091e+02
2.50060120e+02
2.49908258e+02
2.71179936e+02
2.70975132e+02
2.70149348e+02
2.69058975e+02
2.68010347e+02
2.67080058e+02
2.66265397e+02
2.65548648e+02
2.64912990e+02
2.64345430e+02
2.63836013e+02
2.63376797e+02
2.62961251e+02
2.62583899e+02
2.62240108e+02
2.61925923e+02
2.61637960e+02
2.61373309e+02
2.61129458e+02
2.60904237e+02
2.60695760e+02
2.60502385e+02
2.60322676e+02
2.60155375e+02
2.59999373e+02
2.59853690e+02
2.59717460e+02
2.59589909e+02
2.59470346e+02
2.59358154e+02
2.59252776e+02
2.59153710e+02
2.59060503e+02
2.58972743e+02
2.58890053e+02
2.58812092e+02
2.58738547e+02
2.70900611e+02
2.70813788e+02
2.70643035e+02
2.70494162e+02
2.70375415e+02
2.70278840e+02
2.70198275e+02
2.70129675e+02
2.70070431e+02
2.70018806e+02
2.69973518e+02
2.69933562e+02
2.69898135e+02
2.69866577e+02
2.69838345e+02
2.69812983e+02
2.69790114e+02
2.69769415e+02
2.69750616e+02
2.69733486e+02
2.69717830e+02
2.69703478e+02
2.69690287e+02
2.69678132e+02
2.69666905e+02
2.69656512e+02
2.69646873e+02
2.69637915e+02
2.69629577e+02
2.69621802e+02
2.69614543e+02
2.69607755e+02
2.69601401e+02
2.69595445e+02
2.69589857e+02
2.69584609e+02
2.69579676e+02
