-2.2000e+02
0.0000e+00
0.0000e+00
0.0000e+00
0.0000e+00
0.0000e+00
0.0000e+00
0.0000e+00
0.0000e+00
0.0000e+00
0.0000e+00
0.0000e+00
0.0000e+00
0.0000e+00
0.0000e+00
0.0000e+00
0.0000e+00
0.0000e+00
0.0000e+00
0.0000e+00
0.0000e+00
0.0000e+00
0.0000e+00
0.0000e+00
0.0000e+00
0.0000e+00
0.0000e+00
0.0000e+00
0.0000e+00
0.0000e+00
0.0000e+00
0.0000e+00
0.0000e+00
0.0000e+00
0.0000e+00
0.0000e+00
-1.2000e+02
-6.1630e+00
-3.8156e+00
-2.9535e+00
-2.5207e+00
-2.1294e+00
-1.8161e+00
-1.5060e+00
-1.2520e+00
-1.0470e+00
-8.8085e-01
-7.4503e-01
-6.3313e-01
-5.4028e-01
-4.6275e-01
-3.9768e-01
-3.4281e-01
-2.9636e-01
-2.5690e-01
-2.2327e-01
-1.9453e-01
-1.6990e-01
-1.4875e-01
-1.3054e-01
-1.1482e-01
-1.0124e-01
-8.9473e-02
-7.8550e-02
-6.7980e-02
-6.0867e-02
-5.4530e-02
-4.8939e-02
-4.4010e-02
-3.9660e-02
-3.5812e-02
-3.2405e-02
-2.0000e+01
-5.6241e+00
-5.5944e+00
-5.6293e+00
-5.3147e+00
-4.6943e+00
-4.0415e+00
-3.4489e+00
-2.9336e+00
-2.4933e+00
-2.1200e+00
-1.8047e+00
-1.5385e+00
-1.3137e+00
-1.1237e+00
-9.6274e-01
-8.2622e-01
-7.1024e-01
-6.1153e-01
-5.2739e-01
-4.5555e-01
-3.9414e-01
-3.4157e-01
-2.9649e-01
-2.5780e-01
-2.2455e-01
-1.9592e-01
-1.6989e-01
-1.4536e-01
-1.2811e-01
-1.1311e-01
-1.0005e-01
-8.8666e-02
-7.8732e-02
-7.0051e-02
-6.2451e-02
-8.1882e-02
-2.3883e-01
-3.7483e-01
-4.8164e-01
-5.4422e-01
-5.6244e-01
-5.4638e-01
-5.0924e-01
-4.6201e-01
-4.1195e-01
-3.6324e-01
-3.1798e-01
-2.7708e-01
-2.4073e-01
-2.0878e-01
-1.8088e-01
-1.5664e-01
-1.3563e-01
-1.1748e-01
-1.0179e-01
-8.8266e-02
-7.6597e-02
-6.6534e-02
-5.7856e-02
-5.0370e-02
-4.3911e-02
-3.8333e-02
-3.3405e-02
-2.8790e-02
-2.5133e-02
-2.2105e-02
-1.9514e-02
-1.7270e-02
-1.5318e-02
-1.3613e-02
-1.2124e-02
-1.8312e-02
-8.8389e-02
-1.7294e-01
-2.4948e-01
-3.0443e-01
-3.3215e-01
-3.3537e-01
-3.2109e-01
-2.9668e-01
-2.6781e-01
-2.3809e-01
-2.0959e-01
-1.8333e-01
-1.5969e-01
-1.3873e-01
-1.2034e-01
-1.0429e-01
-9.0346e-02
-7.8268e-02
-6.7824e-02
-5.8804e-02
-5.1019e-02
-4.4301e-02
-3.8507e-02
-3.3509e-02
-2.9194e-02
-2.5470e-02
-2.2104e-02
-1.9081e-02
-1.6721e-02
-1.4673e-02
-1.2927e-02
-1.1424e-02
-1.0120e-02
-8.9840e-03
-7.9930e-03
-1.4833e-01
-1.4603e+00
-2.1783e+00
-2.4206e+00
-2.4518e+00
-2.3819e+00
-2.2630e+00
-2.1225e+00
-1.9744e+00
-1.8269e+00
-1.6845e+00
-1.5498e+00
-1.4240e+00
-1.3075e+00
-1.2003e+00
-1.1021e+00
-1.0123e+00
-9.3031e-01
-8.5560e-01
-7.8751e-01
-7.2547e-01
-6.6891e-01
-6.1733e-01
-5.7025e-01
-5.2724e-01
-4.8791e-01
-4.5192e-01
-4.1523e-01
-3.7487e-01
-3.4929e-01
-3.2549e-01
-3.0349e-01
-2.8316e-01
-2.6437e-01
-2.4697e-01
-2.3085e-01
-1.2433e-01
-1.2614e+00
-1.9319e+00
-2.1707e+00
-2.2124e+00
-2.1577e+00
-2.0545e+00
-1.9287e+00
-1.7943e+00
-1.6595e+00
-1.5291e+00
-1.4056e+00
-1.2903e+00
-1.1838e+00
-1.0859e+00
-9.9635e-01
-9.1463e-01
-8.4016e-01
-7.7237e-01
-7.1066e-01
-6.5447e-01
-6.0330e-01
-5.5667e-01
-5.1412e-01
-4.7527e-01
-4.3977e-01
-4.0728e-01
-3.7404e-01
-3.3759e-01
-3.1471e-01
-2.9330e-01
-2.7347e-01
-2.5514e-01
-2.3818e-01
-2.2249e-01
-2.0795e-01
-2.2199e-01
-9.6215e-01
-1.3119e+00
-1.3822e+00
-1.3515e+00
-1.2814e+00
-1.1954e+00
-1.1045e+00
-1.0141e+00
-9.2743e-01
-8.4612e-01
-7.7102e-01
-7.0231e-01
-6.3986e-01
-5.8331e-01
-5.3220e-01
-4.8607e-01
-4.4444e-01
-4.0686e-01
-3.7290e-01
-3.4220e-01
-3.1439e-01
-2.8919e-01
-2.6631e-01
-2.4551e-01
-2.2658e-01
-2.0932e-01
-1.9201e-01
-1.7353e-01
-1.6110e-01
-1.4969e-01
-1.3922e-01
-1.2959e-01
-1.2072e-01
-1.1254e-01
-1.0499e-01
-1.7497e-01
-8.1657e-01
-1.0917e+00
-1.0472e+00
-9.2629e-01
-8.1012e-01
-7.1244e-01
-6.3133e-01
-5.6268e-01
-5.0353e-01
-4.5202e-01
-4.0688e-01
-3.6714e-01
-3.3205e-01
-3.0095e-01
-2.7333e-01
-2.4873e-01
-2.2676e-01
-2.0709e-01
-1.8943e-01
-1.7355e-01
-1.5924e-01
-1.4630e-01
-1.3460e-01
-1.2399e-01
-1.1434e-01
-1.0557e-01
-9.6778e-02
-8.7478e-02
-8.1219e-02
-7.5427e-02
-7.0103e-02
-6.5213e-02
-6.0713e-02
-5.6569e-02
-5.2746e-02
-9.8817e-02
-2.0261e-01
-1.7841e-01
-1.4236e-01
-1.1561e-01
-9.6307e-02
-8.1883e-02
-7.0570e-02
-6.1326e-02
-5.3616e-02
-4.7102e-02
-4.1557e-02
-3.6801e-02
-3.2704e-02
-2.9157e-02
-2.6072e-02
-2.3382e-02
-2.1024e-02
-1.8953e-02
-1.7127e-02
-1.5513e-02
-1.4081e-02
-1.2808e-02
-1.1672e-02
-1.0658e-02
-9.7480e-03
-8.9310e-03
-8.1330e-03
-7.3020e-03
-6.7350e-03
-6.2190e-03
-5.7500e-03
-5.3240e-03
-4.9340e-03
-4.5780e-03
-4.2530e-03
