-2.2000e+02
0.0000e+00
0.0000e+00
0.0000e+00
0.0000e+00
0.0000e+00
0.0000e+00
0.0000e+00
0.0000e+00
0.0000e+00
0.0000e+00
0.0000e+00
0.0000e+00
0.0000e+00
0.0000e+00
0.0000e+00
0.0000e+00
0.0000e+00
0.0000e+00
0.0000e+00
0.0000e+00
0.0000e+00
0.0000e+00
0.0000e+00
0.0000e+00
0.0000e+00
0.0000e+00
0.0000e+00
0.0000e+00
0.0000e+00
0.0000e+00
0.0000e+00
0.0000e+00
0.0000e+00
0.0000e+00
0.0000e+00
-1.2000e+02
-6.4760e+00
-3.8653e+00
-2.9571e+00
-2.5434e+00
-2.1978e+00
-1.8137e+00
-1.4922e+00
-1.2357e+00
-1.0308e+00
-8.6584e-01
-7.3169e-01
-6.2162e-01
-5.3060e-01
-4.5481e-01
-3.9131e-01
-3.3785e-01
-2.9262e-01
-2.5420e-01
-2.2145e-01
-1.9345e-01
-1.6942e-01
-1.4876e-01
-1.3094e-01
-1.1553e-01
-1.0219e-01
-9.0597e-02
-8.0512e-02
-7.0548e-02
-6.2095e-02
-5.5833e-02
-5.0264e-02
-4.5334e-02
-4.0972e-02
-3.7105e-02
-3.3672e-02
-2.0000e+01
-5.5423e+00
-5.5046e+00
-5.5360e+00
-5.2232e+00
-4.6089e+00
-3.9659e+00
-3.3796e+00
-2.8695e+00
-2.4346e+00
-2.0672e+00
-1.7579e+00
-1.4978e+00
-1.2787e+00
-1.0940e+00
-9.3795e-01
-8.0580e-01
-6.9366e-01
-5.9830e-01
-5.1703e-01
-4.4764e-01
-3.8828e-01
-3.3741e-01
-2.9374e-01
-2.5619e-01
-2.2385e-01
-1.9595e-01
-1.7185e-01
-1.4888e-01
-1.2946e-01
-1.1461e-01
-1.0165e-01
-9.0333e-02
-8.0428e-02
-7.1752e-02
-6.4140e-02
-1.0068e-01
-2.6198e-01
-3.9261e-01
-4.9413e-01
-5.5403e-01
-5.7163e-01
-5.5585e-01
-5.1924e-01
-4.7236e-01
-4.2236e-01
-3.7344e-01
-3.2780e-01
-2.8641e-01
-2.4953e-01
-2.1703e-01
-1.8860e-01
-1.6384e-01
-1.4234e-01
-1.2370e-01
-1.0757e-01
-9.3614e-02
-8.1542e-02
-7.1097e-02
-6.2061e-02
-5.4239e-02
-4.7465e-02
-4.1595e-02
-3.6505e-02
-3.1906e-02
-2.7745e-02
-2.4393e-02
-2.1572e-02
-1.9136e-02
-1.7015e-02
-1.5161e-02
-1.3535e-02
-3.0147e-02
-1.1760e-01
-2.0818e-01
-2.8571e-01
-3.3929e-01
-3.6469e-01
-3.6525e-01
-3.4834e-01
-3.2145e-01
-2.9024e-01
-2.5835e-01
-2.2782e-01
-1.9969e-01
-1.7436e-01
-1.5188e-01
-1.3212e-01
-1.1486e-01
-9.9828e-02
-8.6781e-02
-7.5472e-02
-6.5679e-02
-5.7202e-02
-4.9866e-02
-4.3517e-02
-3.8020e-02
-3.3259e-02
-2.9134e-02
-2.5556e-02
-2.2237e-02
-1.9436e-02
-1.7089e-02
-1.5086e-02
-1.3365e-02
-1.1873e-02
-1.0570e-02
-9.4290e-03
-5.5903e-01
-2.0930e+00
-2.7014e+00
-2.8045e+00
-2.7259e+00
-2.5783e+00
-2.4063e+00
-2.2285e+00
-2.0541e+00
-1.8880e+00
-1.7323e+00
-1.5882e+00
-1.4556e+00
-1.3343e+00
-1.2236e+00
-1.1229e+00
-1.0314e+00
-9.4820e-01
-8.7263e-01
-8.0395e-01
-7.4150e-01
-6.8467e-01
-6.3289e-01
-5.8568e-01
-5.4257e-01
-5.0316e-01
-4.6709e-01
-4.3403e-01
-3.9552e-01
-3.6220e-01
-3.3921e-01
-3.1747e-01
-2.9721e-01
-2.7838e-01
-2.6088e-01
-2.4462e-01
-2.1821e-01
-1.1955e+00
-1.9073e+00
-2.2141e+00
-2.2957e+00
-2.2596e+00
-2.1627e+00
-2.0358e+00
-1.8964e+00
-1.7547e+00
-1.6167e+00
-1.4858e+00
-1.3635e+00
-1.2505e+00
-1.1468e+00
-1.0521e+00
-9.6586e-01
-8.8739e-01
-8.1608e-01
-7.5129e-01
-6.9240e-01
-6.3884e-01
-5.9010e-01
-5.4568e-01
-5.0517e-01
-4.6817e-01
-4.3434e-01
-4.0335e-01
-3.6855e-01
-3.3677e-01
-3.1482e-01
-2.9443e-01
-2.7548e-01
-2.5789e-01
-2.4157e-01
-2.2642e-01
-2.1221e-01
-9.1909e-01
-1.2480e+00
-1.3217e+00
-1.3061e+00
-1.2528e+00
-1.1810e+00
-1.1004e+00
-1.0171e+00
-9.3523e-01
-8.5730e-01
-7.8453e-01
-7.1747e-01
-6.5617e-01
-6.0042e-01
-5.4988e-01
-5.0413e-01
-4.6274e-01
-4.2529e-01
-3.9139e-01
-3.6067e-01
-3.3279e-01
-3.0747e-01
-2.8442e-01
-2.6342e-01
-2.4425e-01
-2.2673e-01
-2.1069e-01
-1.9316e-01
-1.7721e-01
-1.6528e-01
-1.5439e-01
-1.4441e-01
-1.3521e-01
-1.2671e-01
-1.1882e-01
-1.6123e-01
-7.5909e-01
-1.0189e+00
-9.8439e-01
-8.7900e-01
-7.7701e-01
-6.9076e-01
-6.1800e-01
-5.5539e-01
-5.0075e-01
-4.5269e-01
-4.1021e-01
-3.7255e-01
-3.3909e-01
-3.0928e-01
-2.8267e-01
-2.5885e-01
-2.3749e-01
-2.1828e-01
-2.0097e-01
-1.8533e-01
-1.7116e-01
-1.5831e-01
-1.4662e-01
-1.3596e-01
-1.2623e-01
-1.1733e-01
-1.0918e-01
-1.0021e-01
-9.2091e-02
-8.6040e-02
-8.0477e-02
-7.5354e-02
-7.0625e-02
-6.6243e-02
-6.2177e-02
-8.4512e-02
-1.7039e-01
-1.4865e-01
-1.1848e-01
-9.6617e-02
-8.1102e-02
-6.9519e-02
-6.0327e-02
-5.2768e-02
-4.6430e-02
-4.1048e-02
-3.6439e-02
-3.2467e-02
-2.9026e-02
-2.6031e-02
-2.3414e-02
-2.1120e-02
-1.9100e-02
-1.7318e-02
-1.5739e-02
-1.4336e-02
-1.3087e-02
-1.1971e-02
-1.0972e-02
-1.0074e-02
-9.2660e-03
-8.5370e-03
-7.8780e-03
-7.1730e-03
-6.5410e-03
-6.0700e-03
-5.6430e-03
-5.2520e-03
-4.8960e-03
-4.5690e-03
-4.2670e-03
