2.69897726e+02
4.93803763e+01
5.02163768e+01
5.01612448e+01
4.99739806e+01
4.98898303e+01
4.96664036e+01
4.97964743e+01
4.99943544e+01
5.02373832e+01
4.96705557e+01
5.00568583e+01
4.99647346e+01
5.01091992e+01
4.98333618e+01
4.99271785e+01
5.02446600e+01
4.98640069e+01
4.96453670e+01
4.98464614e+01
4.98132661e+01
5.00283650e+01
4.99577544e+01
4.99623415e+01
5.00198226e+01
5.03012152e+01
4.99941756e+01
5.00536670e+01
4.98927238e+01
5.01900557e+01
4.99317174e+01
4.97389117e+01
4.98167254e+01
4.99011639e+01
5.01020729e+01
5.05094126e+01
4.97379900e+01
2.69940449e+02
1.50047497e+02
1.44646806e+02
1.40073946e+02
1.37241455e+02
1.34720894e+02
1.32146740e+02
1.31221577e+02
1.29262711e+02
1.28087461e+02
1.27107757e+02
1.26273935e+02
1.25197456e+02
1.24889736e+02
1.24203987e+02
1.23823495e+02
1.23709241e+02
1.23189759e+02
1.23049518e+02
1.22404967e+02
1.22364103e+02
1.22063569e+02
1.21907594e+02
1.22065764e+02
1.21548173e+02
1.21197251e+02
1.21634304e+02
1.21065760e+02
1.21685169e+02
1.21187553e+02
1.21153528e+02
1.21233720e+02
1.21289282e+02
1.20936259e+02
1.21039561e+02
1.20783627e+02
1.20893185e+02
2.69883047e+02
2.49963368e+02
2.44464113e+02
2.38790083e+02
2.33330049e+02
2.28293217e+02
2.23078413e+02
2.19481773e+02
2.16135480e+02
2.13002836e+02
2.10669921e+02
2.08226616e+02
2.06370539e+02
2.04881887e+02
2.03744878e+02
2.02536379e+02
2.01709305e+02
2.00894620e+02
1.99860222e+02
1.99279868e+02
1.99039280e+02
1.98628476e+02
1.98261287e+02
1.97686884e+02
1.97401353e+02
1.97591237e+02
1.97066395e+02
1.96802053e+02
1.96696954e+02
1.96590738e+02
1.96249909e+02
1.96155862e+02
1.96067071e+02
1.95774785e+02
1.95972502e+02
1.95759279e+02
1.95955000e+02
2.68489517e+02
2.68700534e+02
2.68137995e+02
2.68472965e+02
2.67249143e+02
2.67177899e+02
2.66623861e+02
2.66201763e+02
2.65582992e+02
2.65353092e+02
2.64552790e+02
2.64061620e+02
2.64049939e+02
2.63722729e+02
2.64074929e+02
2.63491437e+02
2.63305052e+02
2.63489844e+02
2.62925435e+02
2.62881892e+02
2.63058690e+02
2.62958607e+02
2.62537513e+02
2.62590797e+02
2.62552296e+02
2.62632437e+02
2.62445745e+02
2.62531842e+02
2.62354270e+02
2.62246023e+02
2.62493954e+02
2.62573718e+02
2.62307542e+02
2.62391714e+02
2.62460191e+02
2.62342420e+02
2.62180772e+02
2.68198637e+02
2.68240897e+02
2.68368833e+02
2.67999830e+02
2.68038344e+02
2.67587351e+02
2.67250424e+02
2.66800178e+02
2.66604032e+02
2.66532784e+02
2.66258241e+02
2.65842210e+02
2.65651503e+02
2.65385145e+02
2.65059030e+02
2.65079490e+02
2.65192543e+02
2.65189140e+02
2.64944315e+02
2.64903803e+02
2.64996296e+02
2.64871177e+02
2.64849120e+02
2.64568122e+02
2.65008429e+02
2.64827222e+02
2.64588260e+02
2.64473694e+02
2.64715200e+02
2.64477687e+02
2.64642817e+02
2.64777780e+02
2.64480881e+02
2.64650882e+02
2.64453350e+02
2.64310545e+02
2.64342262e+02
2.71690130e+02
2.70966958e+02
2.68299112e+02
2.65492636e+02
2.62635462e+02
2.59620540e+02
2.57454984e+02
2.55008200e+02
2.53098849e+02
2.50817898e+02
2.48953873e+02
2.46730258e+02
2.45737766e+02
2.43905242e+02
2.42917274e+02
2.41031530e+02
2.40501489e+02
2.39128824e+02
2.38627612e+02
2.37677182e+02
2.36319620e+02
2.35762105e+02
2.34943653e+02
2.34479440e+02
2.34222177e+02
2.33329490e+02
2.32563088e+02
2.32204580e+02
2.31474142e+02
2.31233458e+02
2.30896496e+02
2.30566107e+02
2.29918143e+02
2.29864007e+02
2.29425556e+02
2.29155752e+02
2.28805888e+02
2.71517087e+02
2.71454662e+02
2.70673680e+02
2.69414917e+02
2.67627311e+02
2.65367329e+02
2.62988655e+02
2.61216358e+02
2.59141045e+02
2.57325505e+02
2.55506329e+02
2.53799709e+02
2.51823733e+02
2.50396961e+02
2.49056089e+02
2.48638796e+02
2.46795237e+02
2.46245754e+02
2.44981060e+02
2.44028241e+02
2.43300937e+02
2.42550662e+02
2.41809240e+02
2.41073965e+02
2.40404486e+02
2.39936332e+02
2.39621216e+02
2.39130648e+02
2.38315311e+02
2.38372524e+02
2.37202974e+02
2.37433248e+02
2.37063904e+02
2.37063645e+02
2.36535310e+02
2.36516587e+02
2.35897095e+02
2.71364899e+02
2.70824592e+02
2.70340517e+02
2.68942908e+02
2.67656257e+02
2.66435881e+02
2.65153546e+02
2.63671991e+02
2.62492337e+02
2.61888058e+02
2.60914695e+02
2.59801827e+02
2.59159444e+02
2.58071787e+02
2.57353794e+02
2.57247958e+02
2.56179196e+02
2.55762802e+02
2.55217690e+02
2.54993060e+02
2.54612866e+02
2.53697269e+02
2.53571958e+02
2.53178895e+02
2.53453458e+02
2.52770030e+02
2.52690202e+02
2.52384220e+02
2.52124614e+02
2.52031725e+02
2.51965336e+02
2.51669541e+02
2.51365695e+02
2.50955987e+02
2.50729648e+02
2.50604627e+02
2.50657387e+02
2.71488762e+02
2.71266036e+02
2.70193907e+02
2.68922066e+02
2.68066310e+02
2.66865414e+02
2.66097334e+02
2.65461245e+02
2.64992497e+02
2.64309266e+02
2.63850147e+02
2.63309903e+02
2.62978218e+02
2.62875730e+02
2.62204648e+02
2.62007378e+02
2.61732148e+02
2.61270044e+02
2.61075671e+02
2.60811574e+02
2.60746307e+02
2.60116031e+02
2.59985829e+02
2.59823108e+02
2.59874287e+02
2.59652750e+02
2.59270099e+02
2.59594236e+02
2.59749905e+02
2.59379865e+02
2.59258012e+02
2.58961355e+02
2.59393274e+02
2.58946772e+02
2.58997209e+02
2.59168540e+02
2.58635434e+02
2.71358157e+02
2.70684239e+02
2.70071611e+02
2.70181964e+02
2.70685365e+02
2.70126636e+02
2.70265058e+02
2.70040236e+02
2.69892016e+02
2.69695616e+02
2.69917554e+02
2.69935440e+02
2.69863932e+02
2.69924409e+02
2.69644632e+02
2.69994834e+02
2.69652918e+02
2.69426052e+02
2.69400988e+02
2.69631496e+02
2.69675890e+02
2.69423050e+02
2.69406654e+02
2.69421263e+02
2.69822500e+02
2.69434951e+02
2.69592631e+02
2.69228029e+02
2.69496476e+02
2.69502962e+02
2.69812745e+02
2.69593128e+02
2.69284371e+02
2.69684320e+02
2.69945382e+02
2.69261820e+02
2.69701348e+02
