-2.2000e+02
0.0000e+00
0.0000e+00
0.0000e+00
0.0000e+00
0.0000e+00
0.0000e+00
0.0000e+00
0.0000e+00
0.0000e+00
0.0000e+00
0.0000e+00
0.0000e+00
0.0000e+00
0.0000e+00
0.0000e+00
0.0000e+00
0.0000e+00
0.0000e+00
0.0000e+00
0.0000e+00
0.0000e+00
0.0000e+00
0.0000e+00
0.0000e+00
0.0000e+00
0.0000e+00
0.0000e+00
0.0000e+00
0.0000e+00
0.0000e+00
0.0000e+00
0.0000e+00
0.0000e+00
0.0000e+00
0.0000e+00
-1.2000e+02
-6.3032e+00
-3.8456e+00
-2.9543e+00
-2.5348e+00
-2.2063e+00
-1.8436e+00
-1.5260e+00
-1.2697e+00
-1.0636e+00
-8.9662e-01
-7.6020e-01
-6.4777e-01
-5.5440e-01
-4.7636e-01
-4.1077e-01
-3.5536e-01
-3.0836e-01
-2.6833e-01
-2.3414e-01
-2.0484e-01
-1.7965e-01
-1.5796e-01
-1.3921e-01
-1.2299e-01
-1.0892e-01
-9.6689e-02
-8.6033e-02
-7.6733e-02
-6.8601e-02
-6.1475e-02
-5.5220e-02
-4.9719e-02
-4.4104e-02
-3.9307e-02
-3.5778e-02
-2.0000e+01
-5.4760e+00
-5.5328e+00
-5.5870e+00
-5.2975e+00
-4.6949e+00
-4.0542e+00
-3.4666e+00
-2.9526e+00
-2.5123e+00
-2.1387e+00
-1.8230e+00
-1.5566e+00
-1.3316e+00
-1.1413e+00
-9.8017e-01
-8.4340e-01
-7.2709e-01
-6.2800e-01
-5.4340e-01
-4.7105e-01
-4.0907e-01
-3.5588e-01
-3.1016e-01
-2.7079e-01
-2.3686e-01
-2.0756e-01
-1.8222e-01
-1.6028e-01
-1.4126e-01
-1.2475e-01
-1.1039e-01
-9.7881e-02
-8.5631e-02
-7.5189e-02
-6.7340e-02
-8.2384e-02
-2.3776e-01
-3.7037e-01
-4.7265e-01
-5.3152e-01
-5.4775e-01
-5.3136e-01
-4.9507e-01
-4.4935e-01
-4.0107e-01
-3.5414e-01
-3.1057e-01
-2.7120e-01
-2.3620e-01
-2.0541e-01
-1.7850e-01
-1.5509e-01
-1.3477e-01
-1.1716e-01
-1.0192e-01
-8.8727e-02
-7.7319e-02
-6.7448e-02
-5.8907e-02
-5.1511e-02
-4.5105e-02
-3.9551e-02
-3.4735e-02
-3.0553e-02
-2.6920e-02
-2.3761e-02
-2.1009e-02
-1.8612e-02
-1.6406e-02
-1.4383e-02
-1.2779e-02
-1.8735e-02
-8.8363e-02
-1.7133e-01
-2.4521e-01
-2.9745e-01
-3.2329e-01
-3.2571e-01
-3.1157e-01
-2.8789e-01
-2.6006e-01
-2.3150e-01
-2.0412e-01
-1.7890e-01
-1.5620e-01
-1.3606e-01
-1.1836e-01
-1.0291e-01
-8.9456e-02
-7.7781e-02
-6.7661e-02
-5.8896e-02
-5.1311e-02
-4.4744e-02
-3.9061e-02
-3.4140e-02
-2.9876e-02
-2.6182e-02
-2.2977e-02
-2.0196e-02
-1.7781e-02
-1.5680e-02
-1.3853e-02
-1.2261e-02
-1.0742e-02
-9.4740e-03
-8.4190e-03
-8.9693e-01
-2.1682e+00
-2.8365e+00
-3.0374e+00
-3.0231e+00
-2.9055e+00
-2.7395e+00
-2.5533e+00
-2.3627e+00
-2.1764e+00
-1.9992e+00
-1.8336e+00
-1.6804e+00
-1.5397e+00
-1.4112e+00
-1.2942e+00
-1.1878e+00
-1.0912e+00
-1.0035e+00
-9.2390e-01
-8.5165e-01
-7.8604e-01
-7.2639e-01
-6.7211e-01
-6.2268e-01
-5.7761e-01
-5.3646e-01
-4.9885e-01
-4.6443e-01
-4.3290e-01
-4.0396e-01
-3.7739e-01
-3.5295e-01
-3.2386e-01
-2.9786e-01
-2.8081e-01
-7.4077e-01
-1.8810e+00
-2.5081e+00
-2.7061e+00
-2.7026e+00
-2.6031e+00
-2.4582e+00
-2.2937e+00
-2.1240e+00
-1.9572e+00
-1.7981e+00
-1.6490e+00
-1.5109e+00
-1.3841e+00
-1.2682e+00
-1.1626e+00
-1.0667e+00
-9.7967e-01
-9.0069e-01
-8.2905e-01
-7.6403e-01
-7.0500e-01
-6.5137e-01
-6.0258e-01
-5.5816e-01
-5.1766e-01
-4.8071e-01
-4.4694e-01
-4.1605e-01
-3.8774e-01
-3.6179e-01
-3.3794e-01
-3.1602e-01
-2.8983e-01
-2.6653e-01
-2.5144e-01
-3.5938e-01
-1.0667e+00
-1.4269e+00
-1.5157e+00
-1.4971e+00
-1.4321e+00
-1.3459e+00
-1.2507e+00
-1.1534e+00
-1.0584e+00
-9.6812e-01
-8.8390e-01
-8.0628e-01
-7.3532e-01
-6.7079e-01
-6.1231e-01
-5.5943e-01
-5.1166e-01
-4.6853e-01
-4.2959e-01
-3.9441e-01
-3.6261e-01
-3.3383e-01
-3.0776e-01
-2.8412e-01
-2.6266e-01
-2.4314e-01
-2.2537e-01
-2.0916e-01
-1.9437e-01
-1.8085e-01
-1.6847e-01
-1.5713e-01
-1.4450e-01
-1.3311e-01
-1.2463e-01
-2.5442e-01
-8.6245e-01
-1.1284e+00
-1.0973e+00
-9.8956e-01
-8.8210e-01
-7.8901e-01
-7.0896e-01
-6.3887e-01
-5.7672e-01
-5.2130e-01
-4.7177e-01
-4.2746e-01
-3.8781e-01
-3.5233e-01
-3.2056e-01
-2.9209e-01
-2.6656e-01
-2.4364e-01
-2.2304e-01
-2.0450e-01
-1.8779e-01
-1.7271e-01
-1.5908e-01
-1.4674e-01
-1.3555e-01
-1.2540e-01
-1.1616e-01
-1.0775e-01
-1.0007e-01
-9.3064e-02
-8.6653e-02
-8.0780e-02
-7.4264e-02
-6.8512e-02
-6.4179e-02
-1.0175e-01
-1.9736e-01
-1.7499e-01
-1.4150e-01
-1.1668e-01
-9.8748e-02
-8.5193e-02
-7.4321e-02
-6.5270e-02
-5.7594e-02
-5.1009e-02
-4.5322e-02
-4.0384e-02
-3.6081e-02
-3.2318e-02
-2.9019e-02
-2.6118e-02
-2.3562e-02
-2.1304e-02
-1.9304e-02
-1.7529e-02
-1.5951e-02
-1.4543e-02
-1.3287e-02
-1.2162e-02
-1.1153e-02
-1.0246e-02
-9.4290e-03
-8.6930e-03
-8.0270e-03
-7.4230e-03
-6.8770e-03
-6.3790e-03
-5.8440e-03
-5.3600e-03
-4.9960e-03
