2.70232039e+02
4.98299714e+01
5.00475049e+01
5.01589366e+01
4.95117545e+01
4.97454275e+01
5.02488254e+01
5.00039809e+01
4.95924817e+01
4.99925166e+01
5.04763987e+01
4.97657965e+01
5.00120290e+01
4.98565591e+01
5.03113212e+01
4.98748627e+01
5.00283042e+01
5.02218916e+01
4.97747738e+01
5.00618861e+01
5.03411262e+01
5.00333707e+01
4.99028040e+01
5.00385808e+01
4.98474159e+01
4.98024997e+01
4.99123413e+01
4.99899490e+01
5.01368926e+01
5.00914983e+01
5.03026294e+01
4.99825642e+01
4.98797579e+01
4.98117948e+01
5.00798625e+01
5.00162242e+01
5.03472764e+01
2.70035896e+02
1.50051379e+02
1.43860082e+02
1.39741490e+02
1.37254968e+02
1.33899487e+02
1.32171455e+02
1.30145856e+02
1.28804219e+02
1.27275192e+02
1.26428278e+02
1.25771203e+02
1.24901595e+02
1.24338136e+02
1.23509023e+02
1.23170662e+02
1.22465767e+02
1.22550410e+02
1.21816619e+02
1.21613501e+02
1.21722019e+02
1.21259858e+02
1.21655715e+02
1.21056361e+02
1.21071930e+02
1.20714398e+02
1.20782859e+02
1.20747956e+02
1.21076832e+02
1.20736670e+02
1.20845243e+02
1.20571467e+02
1.20483749e+02
1.20420236e+02
1.20875958e+02
1.20265039e+02
1.20703675e+02
2.69791500e+02
2.50317246e+02
2.44813084e+02
2.39096777e+02
2.33237034e+02
2.28224016e+02
2.23404999e+02
2.19843507e+02
2.16289417e+02
2.13655558e+02
2.11027630e+02
2.08897462e+02
2.07142621e+02
2.05115575e+02
2.04320184e+02
2.03022873e+02
2.01862566e+02
2.01306965e+02
2.00706306e+02
1.99834180e+02
1.99505492e+02
1.99099644e+02
1.99197680e+02
1.98694076e+02
1.98169744e+02
1.97670639e+02
1.97665923e+02
1.97788185e+02
1.97460278e+02
1.97018788e+02
1.97024990e+02
1.97014550e+02
1.96820848e+02
1.96847110e+02
1.96533461e+02
1.96472080e+02
1.96467806e+02
2.68555110e+02
2.68293296e+02
2.68323029e+02
2.68222068e+02
2.67418521e+02
2.67239585e+02
2.66441829e+02
2.65876458e+02
2.65486013e+02
2.64926010e+02
2.64457005e+02
2.64147249e+02
2.63784829e+02
2.63636233e+02
2.63120196e+02
2.63236261e+02
2.62615433e+02
2.62939000e+02
2.62734287e+02
2.62489689e+02
2.62438617e+02
2.62134198e+02
2.62043828e+02
2.61782898e+02
2.62193372e+02
2.61766428e+02
2.61827297e+02
2.61712046e+02
2.61392282e+02
2.61698141e+02
2.61769104e+02
2.61714297e+02
2.61778552e+02
2.61976573e+02
2.61748267e+02
2.61759211e+02
2.61626567e+02
2.68447868e+02
2.68269022e+02
2.68035732e+02
2.67893018e+02
2.67905881e+02
2.67340931e+02
2.67001878e+02
2.66512397e+02
2.66289481e+02
2.66008345e+02
2.66073493e+02
2.65871970e+02
2.65477512e+02
2.65320325e+02
2.65379149e+02
2.65223645e+02
2.64857156e+02
2.64883996e+02
2.64520750e+02
2.64600289e+02
2.64664007e+02
2.64530841e+02
2.64492029e+02
2.64277536e+02
2.63995103e+02
2.63948122e+02
2.64150820e+02
2.64172364e+02
2.63963038e+02
2.64022264e+02
2.63891486e+02
2.64182702e+02
2.64209338e+02
2.64005863e+02
2.64155772e+02
2.64120572e+02
2.63698705e+02
2.71057983e+02
2.69797212e+02
2.68899222e+02
2.66543688e+02
2.64134738e+02
2.61444108e+02
2.58594082e+02
2.56584506e+02
2.54371654e+02
2.52162103e+02
2.50457905e+02
2.48518490e+02
2.46942902e+02
2.45341063e+02
2.44301590e+02
2.42513617e+02
2.41456158e+02
2.40459779e+02
2.39301165e+02
2.38677246e+02
2.37447241e+02
2.36891163e+02
2.35995636e+02
2.35370072e+02
2.34618606e+02
2.34218770e+02
2.33313944e+02
2.32421762e+02
2.32761452e+02
2.31900323e+02
2.31831804e+02
2.30673314e+02
2.30727831e+02
2.30464115e+02
2.30619331e+02
2.29848733e+02
2.29540643e+02
2.70891552e+02
2.70689045e+02
2.69562614e+02
2.67831710e+02
2.66037138e+02
2.63365108e+02
2.61281799e+02
2.59360363e+02
2.57265419e+02
2.55649002e+02
2.53872269e+02
2.51824723e+02
2.50240464e+02
2.49343428e+02
2.48098355e+02
2.46418086e+02
2.45444764e+02
2.44633561e+02
2.43987793e+02
2.42641946e+02
2.41931906e+02
2.41109269e+02
2.40286086e+02
2.39718703e+02
2.39270870e+02
2.38954299e+02
2.38298112e+02
2.37757298e+02
2.37458772e+02
2.37150183e+02
2.36275887e+02
2.36105504e+02
2.35307902e+02
2.35487877e+02
2.35161668e+02
2.34666561e+02
2.34561653e+02
2.70914149e+02
2.71238671e+02
2.69852809e+02
2.68905561e+02
2.67065125e+02
2.65783940e+02
2.64383989e+02
2.63526296e+02
2.62338229e+02
2.61469554e+02
2.60568323e+02
2.59836892e+02
2.58880965e+02
2.58203288e+02
2.57672893e+02
2.56947885e+02
2.56205286e+02
2.56092376e+02
2.55715036e+02
2.55339388e+02
2.54752824e+02
2.54602493e+02
2.53828609e+02
2.53561134e+02
2.53284391e+02
2.53079201e+02
2.52723505e+02
2.52780396e+02
2.52482273e+02
2.52083772e+02
2.51983939e+02
2.52179611e+02
2.51919969e+02
2.51611669e+02
2.51124559e+02
2.51245281e+02
2.51127804e+02
2.71245629e+02
2.70806811e+02
2.70065289e+02
2.69426926e+02
2.68007207e+02
2.67128492e+02
2.66281297e+02
2.65417366e+02
2.64922510e+02
2.64571804e+02
2.63776230e+02
2.63513584e+02
2.62968106e+02
2.62751612e+02
2.62634837e+02
2.61603437e+02
2.61662559e+02
2.61869326e+02
2.61257232e+02
2.61141968e+02
2.61024193e+02
2.60703026e+02
2.60612362e+02
2.60774324e+02
2.60262537e+02
2.60426197e+02
2.60153697e+02
2.59734829e+02
2.59866872e+02
2.59808602e+02
2.59648844e+02
2.59787481e+02
2.59490277e+02
2.59623117e+02
2.59394946e+02
2.59809634e+02
2.59007096e+02
2.71062774e+02
2.71074524e+02
2.70542409e+02
2.70408203e+02
2.70519973e+02
2.70258030e+02
2.69814527e+02
2.70441251e+02
2.70026069e+02
2.70082836e+02
2.69971653e+02
2.70229870e+02
2.69940091e+02
2.69881371e+02
2.69660067e+02
2.69929959e+02
2.69882778e+02
2.70052122e+02
2.69526070e+02
2.69666746e+02
2.69745193e+02
2.69491691e+02
2.69352348e+02
2.69955866e+02
2.69860961e+02
2.69701949e+02
2.69657230e+02
2.69211250e+02
2.69733836e+02
2.69761862e+02
2.69720515e+02
2.69513273e+02
2.69827891e+02
2.69463103e+02
2.69693595e+02
2.69403456e+02
2.69984247e+02
