2.70000000e+02
5.00000000e+01
5.00000000e+01
5.00000000e+01
5.00000000e+01
5.00000000e+01
5.00000000e+01
5.00000000e+01
5.00000000e+01
5.00000000e+01
5.00000000e+01
5.00000000e+01
5.00000000e+01
5.00000000e+01
5.00000000e+01
5.00000000e+01
5.00000000e+01
5.00000000e+01
5.00000000e+01
5.00000000e+01
5.00000000e+01
5.00000000e+01
5.00000000e+01
5.00000000e+01
5.00000000e+01
5.00000000e+01
5.00000000e+01
5.00000000e+01
5.00000000e+01
5.00000000e+01
5.00000000e+01
5.00000000e+01
5.00000000e+01
5.00000000e+01
5.00000000e+01
5.00000000e+01
5.00000000e+01
2.70000000e+02
1.50000000e+02
1.43818560e+02
1.40002928e+02
1.37057001e+02
1.34550212e+02
1.32437302e+02
1.30642992e+02
1.29161435e+02
1.27935238e+02
1.26914403e+02
1.26059458e+02
1.25339548e+02
1.24730405e+02
1.24212759e+02
1.23771152e+02
1.23393074e+02
1.23068321e+02
1.22788513e+02
1.22546723e+02
1.22337198e+02
1.22155139e+02
1.21996524e+02
1.21857973e+02
1.21736635e+02
1.21630100e+02
1.21536323e+02
1.21453566e+02
1.21380351e+02
1.21315413e+02
1.21257673e+02
1.21206727e+02
1.21162481e+02
1.21122614e+02
1.21086673e+02
1.21054207e+02
1.21024819e+02
2.70000000e+02
2.50000000e+02
2.44410605e+02
2.38898820e+02
2.33386530e+02
2.28210655e+02
2.23668050e+02
2.19783835e+02
2.16491938e+02
2.13710749e+02
2.11362440e+02
2.09378168e+02
2.07699092e+02
2.06275746e+02
2.05066862e+02
2.04038106e+02
2.03160920e+02
2.02411527e+02
2.01770095e+02
2.01220043e+02
2.00747482e+02
2.00340750e+02
1.99990034e+02
1.99687060e+02
1.99424841e+02
1.99197463e+02
1.98999916e+02
1.98827947e+02
1.98677941e+02
1.98546822e+02
1.98431968e+02
1.98332095e+02
1.98246591e+02
1.98170814e+02
1.98103521e+02
1.98043637e+02
1.97990232e+02
2.68799509e+02
2.68608093e+02
2.68309118e+02
2.67902324e+02
2.67410298e+02
2.66874116e+02
2.66334095e+02
2.65819911e+02
2.65348334e+02
2.64926089e+02
2.64553699e+02
2.64228395e+02
2.63945915e+02
2.63701525e+02
2.63490552e+02
2.63308646e+02
2.63151887e+02
2.63016806e+02
2.62900373e+02
2.62799962e+02
2.62713305e+02
2.62638450e+02
2.62573722e+02
2.62517687e+02
2.62469115e+02
2.62426953e+02
2.62390300e+02
2.62358385e+02
2.62330549e+02
2.62306227e+02
2.62284935e+02
2.62266347e+02
2.62250342e+02
2.62236304e+02
2.62223891e+02
2.62212873e+02
2.62203065e+02
2.68355057e+02
2.68299911e+02
2.68175097e+02
2.67985118e+02
2.67734427e+02
2.67441295e+02
2.67129811e+02
2.66821352e+02
2.66530568e+02
2.66265321e+02
2.66028485e+02
2.65819891e+02
2.65637766e+02
2.65479622e+02
2.65342769e+02
2.65224580e+02
2.65122624e+02
2.65034713e+02
2.64958914e+02
2.64893538e+02
2.64837123e+02
2.64788402e+02
2.64746289e+02
2.64709848e+02
2.64678279e+02
2.64650893e+02
2.64627104e+02
2.64606406e+02
2.64588370e+02
2.64572625e+02
2.64558855e+02
2.64546890e+02
2.64536572e+02
2.64527489e+02
2.64519480e+02
2.64512387e+02
2.64506085e+02
2.65612986e+02
2.65529100e+02
2.64157921e+02
2.62073237e+02
2.59744382e+02
2.57379784e+02
2.55080014e+02
2.52894369e+02
2.50844940e+02
2.48939494e+02
2.47177591e+02
2.45554114e+02
2.44061440e+02
2.42690759e+02
2.41432878e+02
2.40278692e+02
2.39219463e+02
2.38246970e+02
2.37353577e+02
2.36532261e+02
2.35776599e+02
2.35080743e+02
2.34439387e+02
2.33847721e+02
2.33301397e+02
2.32796479e+02
2.32329412e+02
2.31896979e+02
2.31496271e+02
2.31124652e+02
2.30779736e+02
2.30462694e+02
2.30178135e+02
2.29912680e+02
2.29664706e+02
2.29432916e+02
2.29216131e+02
2.66240233e+02
2.66158198e+02
2.64918533e+02
2.63017724e+02
2.60895366e+02
2.58744369e+02
2.56655536e+02
2.54672726e+02
2.52815388e+02
2.51090182e+02
2.49496404e+02
2.48029117e+02
2.46681117e+02
2.45444145e+02
2.44309632e+02
2.43269135e+02
2.42314588e+02
2.41438434e+02
2.40633684e+02
2.39893932e+02
2.39213336e+02
2.38586593e+02
2.38008902e+02
2.37475921e+02
2.36983726e+02
2.36528775e+02
2.36107868e+02
2.35718114e+02
2.35356898e+02
2.35021854e+02
2.34710837e+02
2.34425074e+02
2.34168717e+02
2.33929302e+02
2.33705508e+02
2.33496256e+02
2.33300525e+02
2.69062090e+02
2.68916793e+02
2.68026976e+02
2.66799326e+02
2.65507463e+02
2.64246524e+02
2.63052147e+02
2.61938192e+02
2.60908636e+02
2.59962695e+02
2.59096841e+02
2.58306017e+02
2.57584474e+02
2.56926304e+02
2.56325759e+02
2.55777423e+02
2.55276298e+02
2.54817829e+02
2.54397899e+02
2.54012808e+02
2.53659237e+02
2.53334218e+02
2.53035092e+02
2.52759485e+02
2.52505266e+02
2.52270529e+02
2.52053561e+02
2.51852825e+02
2.51666933e+02
2.51494639e+02
2.51334814e+02
2.51187854e+02
2.51055232e+02
2.50931753e+02
2.50816670e+02
2.50709291e+02
2.50609008e+02
2.70055026e+02
2.69931239e+02
2.69187814e+02
2.68189287e+02
2.67240487e+02
2.66407689e+02
2.65682364e+02
2.65045388e+02
2.64480732e+02
2.63976821e+02
2.63525053e+02
2.63118614e+02
2.62751881e+02
2.62420105e+02
2.62119227e+02
2.61845751e+02
2.61596653e+02
2.61369307e+02
2.61161426e+02
2.60971009e+02
2.60796305e+02
2.60635772e+02
2.60488051e+02
2.60351937e+02
2.60226365e+02
2.60110383e+02
2.60003144e+02
2.59903887e+02
2.59811933e+02
2.59726667e+02
2.59647538e+02
2.59574743e+02
2.59508983e+02
2.59447699e+02
2.59390547e+02
2.59337211e+02
2.59287399e+02
2.70824187e+02
2.70739145e+02
2.70564892e+02
2.70413298e+02
2.70293294e+02
2.70196327e+02
2.70115807e+02
2.70047475e+02
2.69988654e+02
2.69937578e+02
2.69892948e+02
2.69853752e+02
2.69819177e+02
2.69788558e+02
2.69761346e+02
2.69737080e+02
2.69715373e+02
2.69695897e+02
2.69678374e+02
2.69662566e+02
2.69648270e+02
2.69635310e+02
2.69623535e+02
2.69612814e+02
2.69603033e+02
2.69594093e+02
2.69585907e+02
2.69578400e+02
2.69571503e+02
2.69565159e+02
2.69559314e+02
2.69553961e+02
2.69549148e+02
2.69544699e+02
2.69540576e+02
2.69536749e+02
2.69533190e+02
