2.70244155e+02
5.01438575e+01
4.99028819e+01
4.95375469e+01
4.98817137e+01
5.01065260e+01
5.00531822e+01
4.96332225e+01
4.98142586e+01
4.99111427e+01
4.98923289e+01
4.98155861e+01
4.96272040e+01
5.00517792e+01
5.01081331e+01
5.01238142e+01
5.00164148e+01
5.01901004e+01
5.00818137e+01
4.99992383e+01
5.00281999e+01
5.03663030e+01
5.00375665e+01
4.98775703e+01
4.97021570e+01
5.02722743e+01
4.97736605e+01
4.97728558e+01
5.01194411e+01
5.01263756e+01
5.00936663e+01
5.01745530e+01
4.97458854e+01
5.01793625e+01
5.03043018e+01
5.00627554e+01
5.05327070e+01
2.69889627e+02
1.50220805e+02
1.43436209e+02
1.40000845e+02
1.36401078e+02
1.34132062e+02
1.31773760e+02
1.30242682e+02
1.28417030e+02
1.27262278e+02
1.26557087e+02
1.25421303e+02
1.24482609e+02
1.23899461e+02
1.23307175e+02
1.22898042e+02
1.22745257e+02
1.22488508e+02
1.21807932e+02
1.21870017e+02
1.21371368e+02
1.21660637e+02
1.21360339e+02
1.20974274e+02
1.21080883e+02
1.21138962e+02
1.20656313e+02
1.20651251e+02
1.20739356e+02
1.20664951e+02
1.19978829e+02
1.20224195e+02
1.20364126e+02
1.20115604e+02
1.20256436e+02
1.20060509e+02
1.20405975e+02
2.69807993e+02
2.49997980e+02
2.44490323e+02
2.39168841e+02
2.33536437e+02
2.28195680e+02
2.23779972e+02
2.19605412e+02
2.15837718e+02
2.13632373e+02
2.10832698e+02
2.08622932e+02
2.06955229e+02
2.05655803e+02
2.04033462e+02
2.03226500e+02
2.02136793e+02
2.01898480e+02
2.00805090e+02
2.00321791e+02
1.99699313e+02
1.98927039e+02
1.98711328e+02
1.98221824e+02
1.98066170e+02
1.97899401e+02
1.97404619e+02
1.97470605e+02
1.96922301e+02
1.96959522e+02
1.97082735e+02
1.96799392e+02
1.96987530e+02
1.97013962e+02
1.96810418e+02
1.96531393e+02
1.96448047e+02
2.68934633e+02
2.68877314e+02
2.68537336e+02
2.67922000e+02
2.67568126e+02
2.66513006e+02
2.66696380e+02
2.66478520e+02
2.65437593e+02
2.64766331e+02
2.64208952e+02
2.64160278e+02
2.63668187e+02
2.63370133e+02
2.63270440e+02
2.62865704e+02
2.62819859e+02
2.62416896e+02
2.62257104e+02
2.62223112e+02
2.61777527e+02
2.61751006e+02
2.62117243e+02
2.61772061e+02
2.62017264e+02
2.61894261e+02
2.61642261e+02
2.61769479e+02
2.61794186e+02
2.61614586e+02
2.61494988e+02
2.61887962e+02
2.61479303e+02
2.61263396e+02
2.61571505e+02
2.61941834e+02
2.61252745e+02
2.68801370e+02
2.68623368e+02
2.68211527e+02
2.68308752e+02
2.68011118e+02
2.67321129e+02
2.67353379e+02
2.66459306e+02
2.66405288e+02
2.66228109e+02
2.65614449e+02
2.65535455e+02
2.65161474e+02
2.64829193e+02
2.64928197e+02
2.64516131e+02
2.64466684e+02
2.64602720e+02
2.64727112e+02
2.64203249e+02
2.64304039e+02
2.64023592e+02
2.64222819e+02
2.63969528e+02
2.63987714e+02
2.63736962e+02
2.64131572e+02
2.63835481e+02
2.63854884e+02
2.63968078e+02
2.64229468e+02
2.63797547e+02
2.64067424e+02
2.63774637e+02
2.63577700e+02
2.63406736e+02
2.63399657e+02
2.70939913e+02
2.69778255e+02
2.68430210e+02
2.66168285e+02
2.62958107e+02
2.60717442e+02
2.57985805e+02
2.55727690e+02
2.53164924e+02
2.51504315e+02
2.49328434e+02
2.47751164e+02
2.46209334e+02
2.44389708e+02
2.43362218e+02
2.42092527e+02
2.40778995e+02
2.39937468e+02
2.38807819e+02
2.37593009e+02
2.37233706e+02
2.36627011e+02
2.35403303e+02
2.35175076e+02
2.34511650e+02
2.33665926e+02
2.33434089e+02
2.33071187e+02
2.32757855e+02
2.32410949e+02
2.31837019e+02
2.31204487e+02
2.31068102e+02
2.31127658e+02
2.30749058e+02
2.30757879e+02
2.30030744e+02
2.70486497e+02
2.70168852e+02
2.68728840e+02
2.66928038e+02
2.64452583e+02
2.61813355e+02
2.60092669e+02
2.58160820e+02
2.55587141e+02
2.53982123e+02
2.52097665e+02
2.50387461e+02
2.49064040e+02
2.47643509e+02
2.46342208e+02
2.44992702e+02
2.44127228e+02
2.43169878e+02
2.42566445e+02
2.41719209e+02
2.40748774e+02
2.40243434e+02
2.39611845e+02
2.39155487e+02
2.38368505e+02
2.37663771e+02
2.37420876e+02
2.36833843e+02
2.36734734e+02
2.36594338e+02
2.36283198e+02
2.35639798e+02
2.35445061e+02
2.35146207e+02
2.35157676e+02
2.34985130e+02
2.34688741e+02
2.71199790e+02
2.71217338e+02
2.69697732e+02
2.68563004e+02
2.67336234e+02
2.65670831e+02
2.64570570e+02
2.63417960e+02
2.62523057e+02
2.61185670e+02
2.60705472e+02
2.59500228e+02
2.58771118e+02
2.58591506e+02
2.57721565e+02
2.57304790e+02
2.56032286e+02
2.55887485e+02
2.55742118e+02
2.55146452e+02
2.54639741e+02
2.54291053e+02
2.53938027e+02
2.53406995e+02
2.53114149e+02
2.53410977e+02
2.52770287e+02
2.52913331e+02
2.52619101e+02
2.52242362e+02
2.51866625e+02
2.51899740e+02
2.51546539e+02
2.51423303e+02
2.51285120e+02
2.51490344e+02
2.51157796e+02
2.70773155e+02
2.70832037e+02
2.70209971e+02
2.68743924e+02
2.67904716e+02
2.67088546e+02
2.66170713e+02
2.65969040e+02
2.64962487e+02
2.64679295e+02
2.64146179e+02
2.63802664e+02
2.63139996e+02
2.62688075e+02
2.62789198e+02
2.62322456e+02
2.61964256e+02
2.61635661e+02
2.61365100e+02
2.61042367e+02
2.60812893e+02
2.61067343e+02
2.60768662e+02
2.60839183e+02
2.60058115e+02
2.60203077e+02
2.60209380e+02
2.59945929e+02
2.59686473e+02
2.59699194e+02
2.59985446e+02
2.59393244e+02
2.59832742e+02
2.59558128e+02
2.59343848e+02
2.59642491e+02
2.59062418e+02
2.70461380e+02
2.70859776e+02
2.70498593e+02
2.70439777e+02
2.70089948e+02
2.70207418e+02
2.70127326e+02
2.70281936e+02
2.70319307e+02
2.69633103e+02
2.70146822e+02
2.69850860e+02
2.69807753e+02
2.69603729e+02
2.69635021e+02
2.69967850e+02
2.70047841e+02
2.69722151e+02
2.69460513e+02
2.69681568e+02
2.69310182e+02
2.69842486e+02
2.69867604e+02
2.69620784e+02
2.69654927e+02
2.69593461e+02
2.69702812e+02
2.69785569e+02
2.69702729e+02
2.69584890e+02
2.69508599e+02
2.69510218e+02
2.69808433e+02
2.69284867e+02
2.69744731e+02
2.69864204e+02
2.69681094e+02
