-2.2000e+02
0.0000e+00
0.0000e+00
0.0000e+00
0.0000e+00
0.0000e+00
0.0000e+00
0.0000e+00
0.0000e+00
0.0000e+00
0.0000e+00
0.0000e+00
0.0000e+00
0.0000e+00
0.0000e+00
0.0000e+00
0.0000e+00
0.0000e+00
0.0000e+00
0.0000e+00
0.0000e+00
0.0000e+00
0.0000e+00
0.0000e+00
0.0000e+00
0.0000e+00
0.0000e+00
0.0000e+00
0.0000e+00
0.0000e+00
0.0000e+00
0.0000e+00
0.0000e+00
0.0000e+00
0.0000e+00
0.0000e+00
-1.2000e+02
-6.1161e+00
-3.8043e+00
-2.9404e+00
-2.5129e+00
-2.1174e+00
-1.8112e+00
-1.5029e+00
-1.2494e+00
-1.0447e+00
-8.7892e-01
-7.4352e-01
-6.3208e-01
-5.3970e-01
-4.6263e-01
-3.9799e-01
-3.4351e-01
-2.9740e-01
-2.5823e-01
-2.2484e-01
-1.9629e-01
-1.7182e-01
-1.5078e-01
-1.3266e-01
-1.1701e-01
-1.0346e-01
-9.1707e-02
-8.0881e-02
-7.0510e-02
-6.3312e-02
-5.6886e-02
-5.1206e-02
-4.6193e-02
-4.1763e-02
-3.7843e-02
-3.4367e-02
-2.0000e+01
-5.5260e+00
-5.5208e+00
-5.5389e+00
-5.2215e+00
-4.6013e+00
-3.9494e+00
-3.3600e+00
-2.8500e+00
-2.4160e+00
-2.0497e+00
-1.7416e+00
-1.4824e+00
-1.2643e+00
-1.0805e+00
-9.2524e-01
-7.9386e-01
-6.8246e-01
-5.8781e-01
-5.0723e-01
-4.3851e-01
-3.7980e-01
-3.2957e-01
-2.8651e-01
-2.4954e-01
-2.1777e-01
-1.9041e-01
-1.6575e-01
-1.4280e-01
-1.2604e-01
-1.1147e-01
-9.8803e-02
-8.7763e-02
-7.8126e-02
-6.9699e-02
-6.2318e-02
-1.9011e-01
-2.8775e-01
-3.9484e-01
-4.8103e-01
-5.2707e-01
-5.3340e-01
-5.1023e-01
-4.7001e-01
-4.2262e-01
-3.7424e-01
-3.2823e-01
-2.8614e-01
-2.4852e-01
-2.1538e-01
-1.8643e-01
-1.6130e-01
-1.3954e-01
-1.2076e-01
-1.0457e-01
-9.0612e-02
-7.8591e-02
-6.8239e-02
-5.9319e-02
-5.1632e-02
-4.5005e-02
-3.9286e-02
-3.4349e-02
-2.9978e-02
-2.5920e-02
-2.2730e-02
-2.0045e-02
-1.7731e-02
-1.5722e-02
-1.3970e-02
-1.2442e-02
-1.1104e-02
-7.8502e-02
-1.4804e-01
-2.1920e-01
-2.8503e-01
-3.2867e-01
-3.4535e-01
-3.3937e-01
-3.1851e-01
-2.9003e-01
-2.5899e-01
-2.2843e-01
-1.9989e-01
-1.7406e-01
-1.5112e-01
-1.3096e-01
-1.1340e-01
-9.8152e-02
-8.4965e-02
-7.3581e-02
-6.3761e-02
-5.5297e-02
-4.8004e-02
-4.1718e-02
-3.6300e-02
-3.1628e-02
-2.7596e-02
-2.4117e-02
-2.1000e-02
-1.8181e-02
-1.5959e-02
-1.4051e-02
-1.2416e-02
-1.0998e-02
-9.7650e-03
-8.6910e-03
-7.7490e-03
-3.9923e-01
-1.6781e+00
-2.4171e+00
-2.6858e+00
-2.7315e+00
-2.6654e+00
-2.5424e+00
-2.3924e+00
-2.2316e+00
-2.0696e+00
-1.9118e+00
-1.7616e+00
-1.6205e+00
-1.4894e+00
-1.3683e+00
-1.2570e+00
-1.1551e+00
-1.0619e+00
-9.7696e-01
-8.9951e-01
-8.2893e-01
-7.6462e-01
-7.0602e-01
-6.5259e-01
-6.0384e-01
-5.5934e-01
-5.1868e-01
-4.7859e-01
-4.3632e-01
-4.0637e-01
-3.7895e-01
-3.5377e-01
-3.3060e-01
-3.0925e-01
-2.8955e-01
-2.7136e-01
-3.6432e-01
-1.5313e+00
-2.2105e+00
-2.4490e+00
-2.4817e+00
-2.4143e+00
-2.2974e+00
-2.1577e+00
-2.0094e+00
-1.8608e+00
-1.7169e+00
-1.5804e+00
-1.4527e+00
-1.3344e+00
-1.2254e+00
-1.1254e+00
-1.0341e+00
-9.5070e-01
-8.7473e-01
-8.0553e-01
-7.4252e-01
-6.8514e-01
-6.3286e-01
-5.8520e-01
-5.4172e-01
-5.0202e-01
-4.6574e-01
-4.2969e-01
-3.9185e-01
-3.6523e-01
-3.4076e-01
-3.1829e-01
-2.9760e-01
-2.7852e-01
-2.6091e-01
-2.4463e-01
-2.3856e-01
-9.7345e-01
-1.3176e+00
-1.3880e+00
-1.3613e+00
-1.2969e+00
-1.2167e+00
-1.1311e+00
-1.0451e+00
-9.6183e-01
-8.8299e-01
-8.0952e-01
-7.4176e-01
-6.7968e-01
-6.2307e-01
-5.7159e-01
-5.2483e-01
-4.8240e-01
-4.4390e-01
-4.0897e-01
-3.7723e-01
-3.4840e-01
-3.2216e-01
-2.9826e-01
-2.7647e-01
-2.5657e-01
-2.3838e-01
-2.2001e-01
-2.0015e-01
-1.8719e-01
-1.7511e-01
-1.6392e-01
-1.5356e-01
-1.4398e-01
-1.3511e-01
-1.2689e-01
-1.7731e-01
-7.9690e-01
-1.0647e+00
-1.0255e+00
-9.1170e-01
-8.0186e-01
-7.0952e-01
-6.3301e-01
-5.6828e-01
-5.1241e-01
-4.6357e-01
-4.2057e-01
-3.8250e-01
-3.4867e-01
-3.1851e-01
-2.9155e-01
-2.6739e-01
-2.4568e-01
-2.2612e-01
-2.0848e-01
-1.9251e-01
-1.7804e-01
-1.6490e-01
-1.5293e-01
-1.4203e-01
-1.3207e-01
-1.2296e-01
-1.1374e-01
-1.0344e-01
-9.6910e-02
-9.0892e-02
-8.5292e-02
-8.0088e-02
-7.5253e-02
-7.0763e-02
-6.6589e-02
-8.6349e-02
-1.7473e-01
-1.5214e-01
-1.2095e-01
-9.8282e-02
-8.2099e-02
-7.0084e-02
-6.0693e-02
-5.3018e-02
-4.6602e-02
-4.1166e-02
-3.6517e-02
-3.2518e-02
-2.9056e-02
-2.6046e-02
-2.3418e-02
-2.1114e-02
-1.9090e-02
-1.7302e-02
-1.5721e-02
-1.4318e-02
-1.3069e-02
-1.1953e-02
-1.0957e-02
-1.0061e-02
-9.2570e-03
-8.5330e-03
-7.8170e-03
-7.0610e-03
-6.5650e-03
-6.1050e-03
-5.6850e-03
-5.2980e-03
-4.9450e-03
-4.6200e-03
-4.3210e-03
