-2.2000e+02
0.0000e+00
0.0000e+00
0.0000e+00
0.0000e+00
0.0000e+00
0.0000e+00
0.0000e+00
0.0000e+00
0.0000e+00
0.0000e+00
0.0000e+00
0.0000e+00
0.0000e+00
0.0000e+00
0.0000e+00
0.0000e+00
0.0000e+00
0.0000e+00
0.0000e+00
0.0000e+00
0.0000e+00
0.0000e+00
0.0000e+00
0.0000e+00
0.0000e+00
0.0000e+00
0.0000e+00
0.0000e+00
0.0000e+00
0.0000e+00
0.0000e+00
0.0000e+00
0.0000e+00
0.0000e+00
0.0000e+00
-1.2000e+02
-6.4981e+00
-3.8665e+00
-2.9556e+00
-2.5404e+00
-2.1905e+00
-1.8041e+00
-1.4820e+00
-1.2254e+00
-1.0208e+00
-8.5618e-01
-7.2250e-01
-6.1296e-01
-5.2248e-01
-4.4724e-01
-3.8430e-01
-3.3137e-01
-2.8666e-01
-2.4873e-01
-2.1646e-01
-1.8890e-01
-1.6529e-01
-1.4501e-01
-1.2755e-01
-1.1248e-01
-9.9448e-02
-8.8143e-02
-7.8320e-02
-6.8025e-02
-6.0438e-02
-5.4322e-02
-4.8919e-02
-4.4152e-02
-3.9938e-02
-3.6205e-02
-3.2894e-02
-2.0000e+01
-5.5715e+00
-5.5079e+00
-5.5327e+00
-5.2152e+00
-4.5995e+00
-3.9567e+00
-3.3709e+00
-2.8612e+00
-2.4266e+00
-2.0593e+00
-1.7501e+00
-1.4899e+00
-1.2709e+00
-1.0862e+00
-9.3023e-01
-7.9821e-01
-6.8625e-01
-5.9111e-01
-5.1011e-01
-4.4103e-01
-3.8200e-01
-3.3147e-01
-2.8816e-01
-2.5098e-01
-2.1900e-01
-1.9147e-01
-1.6772e-01
-1.4390e-01
-1.2600e-01
-1.1149e-01
-9.8836e-02
-8.7793e-02
-7.8145e-02
-6.9704e-02
-6.2310e-02
-1.0042e-01
-2.6148e-01
-3.9057e-01
-4.9032e-01
-5.4896e-01
-5.6592e-01
-5.4997e-01
-5.1343e-01
-4.6676e-01
-4.1701e-01
-3.6835e-01
-3.2296e-01
-2.8183e-01
-2.4519e-01
-2.1294e-01
-1.8474e-01
-1.6022e-01
-1.3895e-01
-1.2054e-01
-1.0463e-01
-9.0892e-02
-7.9027e-02
-6.8782e-02
-5.9936e-02
-5.2293e-02
-4.5689e-02
-3.9977e-02
-3.5034e-02
-3.0430e-02
-2.6482e-02
-2.3298e-02
-2.0599e-02
-1.8267e-02
-1.6237e-02
-1.4465e-02
-1.2913e-02
-2.9941e-02
-1.1733e-01
-2.0715e-01
-2.8353e-01
-3.3613e-01
-3.6094e-01
-3.6124e-01
-3.4431e-01
-3.1752e-01
-2.8647e-01
-2.5475e-01
-2.2440e-01
-1.9645e-01
-1.7130e-01
-1.4899e-01
-1.2941e-01
-1.1230e-01
-9.7441e-02
-8.4556e-02
-7.3403e-02
-6.3761e-02
-5.5431e-02
-4.8235e-02
-4.2019e-02
-3.6649e-02
-3.2006e-02
-2.7992e-02
-2.4519e-02
-2.1192e-02
-1.8561e-02
-1.6310e-02
-1.4395e-02
-1.2749e-02
-1.1322e-02
-1.0078e-02
-8.9880e-03
-3.7727e-01
-1.8081e+00
-2.3806e+00
-2.4928e+00
-2.4344e+00
-2.3090e+00
-2.1594e+00
-2.0038e+00
-1.8511e+00
-1.7055e+00
-1.5691e+00
-1.4428e+00
-1.3265e+00
-1.2198e+00
-1.1224e+00
-1.0334e+00
-9.5233e-01
-8.7841e-01
-8.1103e-01
-7.4958e-01
-6.9351e-01
-6.4230e-01
-5.9549e-01
-5.5266e-01
-5.1342e-01
-4.7744e-01
-4.4440e-01
-4.1404e-01
-3.7381e-01
-3.4719e-01
-3.2581e-01
-3.0568e-01
-2.8690e-01
-2.6941e-01
-2.5312e-01
-2.3795e-01
-1.3631e-01
-1.0088e+00
-1.6719e+00
-1.9765e+00
-2.0726e+00
-2.0545e+00
-1.9757e+00
-1.8661e+00
-1.7433e+00
-1.6173e+00
-1.4941e+00
-1.3768e+00
-1.2670e+00
-1.1654e+00
-1.0720e+00
-9.8637e-01
-9.0822e-01
-8.3694e-01
-7.7198e-01
-7.1277e-01
-6.5879e-01
-6.0954e-01
-5.6457e-01
-5.2347e-01
-4.8587e-01
-4.5142e-01
-4.1984e-01
-3.9083e-01
-3.5415e-01
-3.2760e-01
-3.0692e-01
-2.8767e-01
-2.6978e-01
-2.5314e-01
-2.3769e-01
-2.2331e-01
-3.1327e-01
-9.9197e-01
-1.2874e+00
-1.3325e+00
-1.2969e+00
-1.2320e+00
-1.1549e+00
-1.0731e+00
-9.9106e-01
-9.1188e-01
-8.3725e-01
-7.6801e-01
-7.0440e-01
-6.4634e-01
-5.9351e-01
-5.4555e-01
-5.0203e-01
-4.6253e-01
-4.2666e-01
-3.9406e-01
-3.6439e-01
-3.3735e-01
-3.1268e-01
-2.9013e-01
-2.6950e-01
-2.5059e-01
-2.3325e-01
-2.1731e-01
-1.9758e-01
-1.8306e-01
-1.7138e-01
-1.6060e-01
-1.5063e-01
-1.4140e-01
-1.3282e-01
-1.2486e-01
-2.3014e-01
-8.2951e-01
-1.0708e+00
-1.0189e+00
-8.9987e-01
-7.8879e-01
-6.9728e-01
-6.2197e-01
-5.5854e-01
-5.0409e-01
-4.5674e-01
-4.1520e-01
-3.7851e-01
-3.4595e-01
-3.1691e-01
-2.9092e-01
-2.6758e-01
-2.4655e-01
-2.2754e-01
-2.1032e-01
-1.9468e-01
-1.8044e-01
-1.6745e-01
-1.5557e-01
-1.4470e-01
-1.3473e-01
-1.2557e-01
-1.1714e-01
-1.0658e-01
-9.8834e-02
-9.2723e-02
-8.7030e-02
-8.1726e-02
-7.6793e-02
-7.2204e-02
-6.7933e-02
-8.9063e-02
-1.7141e-01
-1.4774e-01
-1.1667e-01
-9.4316e-02
-7.8574e-02
-6.6946e-02
-5.7836e-02
-5.0438e-02
-4.4299e-02
-3.9134e-02
-3.4743e-02
-3.0980e-02
-2.7733e-02
-2.4915e-02
-2.2459e-02
-2.0305e-02
-1.8412e-02
-1.6739e-02
-1.5255e-02
-1.3936e-02
-1.2758e-02
-1.1703e-02
-1.0757e-02
-9.9050e-03
-9.1360e-03
-8.4400e-03
-7.8100e-03
-7.0610e-03
-6.4980e-03
-6.0510e-03
-5.6440e-03
-5.2690e-03
-4.9240e-03
-4.6080e-03
-4.3150e-03
