2.70000000e+02
5.00000000e+01
5.00000000e+01
5.00000000e+01
5.00000000e+01
5.00000000e+01
5.00000000e+01
5.00000000e+01
5.00000000e+01
5.00000000e+01
5.00000000e+01
5.00000000e+01
5.00000000e+01
5.00000000e+01
5.00000000e+01
5.00000000e+01
5.00000000e+01
5.00000000e+01
5.00000000e+01
5.00000000e+01
5.00000000e+01
5.00000000e+01
5.00000000e+01
5.00000000e+01
5.00000000e+01
5.00000000e+01
5.00000000e+01
5.00000000e+01
5.00000000e+01
5.00000000e+01
5.00000000e+01
5.00000000e+01
5.00000000e+01
5.00000000e+01
5.00000000e+01
5.00000000e+01
5.00000000e+01
2.70000000e+02
1.50000000e+02
1.43578967e+02
1.39729380e+02
1.36780687e+02
1.34249996e+02
1.32054825e+02
1.30236823e+02
1.28738527e+02
1.27496338e+02
1.26459187e+02
1.25587545e+02
1.24850773e+02
1.24224872e+02
1.23690819e+02
1.23233361e+02
1.22840142e+02
1.22501064e+02
1.22207810e+02
1.21953484e+02
1.21732338e+02
1.21539555e+02
1.21371081e+02
1.21223493e+02
1.21093889e+02
1.20979806e+02
1.20879142e+02
1.20790104e+02
1.20711157e+02
1.20641496e+02
1.20580767e+02
1.20526246e+02
1.20477237e+02
1.20433093e+02
1.20393241e+02
1.20357180e+02
1.20324471e+02
2.70000000e+02
2.50000000e+02
2.44446888e+02
2.38904318e+02
2.33324481e+02
2.28048617e+02
2.23379709e+02
2.19349827e+02
2.15905060e+02
2.12971854e+02
2.10476865e+02
2.08353750e+02
2.06544976e+02
2.05001629e+02
2.03682507e+02
2.02553039e+02
2.01584243e+02
2.00751814e+02
2.00035335e+02
1.99417625e+02
1.98884196e+02
1.98422803e+02
1.98023080e+02
1.97676227e+02
1.97374766e+02
1.97112329e+02
1.96883485e+02
1.96683593e+02
1.96508685e+02
1.96356342e+02
1.96225009e+02
1.96109068e+02
1.96006526e+02
1.95915653e+02
1.95834957e+02
1.95763147e+02
1.95699106e+02
2.68730892e+02
2.68652832e+02
2.68416162e+02
2.68046839e+02
2.67575459e+02
2.67043991e+02
2.66494028e+02
2.65958114e+02
2.65456680e+02
2.64999909e+02
2.64591055e+02
2.64229264e+02
2.63911508e+02
2.63633779e+02
2.63391790e+02
2.63181348e+02
2.62998545e+02
2.62839838e+02
2.62702072e+02
2.62582466e+02
2.62478587e+02
2.62388316e+02
2.62309817e+02
2.62241495e+02
2.62181976e+02
2.62130069e+02
2.62084749e+02
2.62045129e+02
2.62010445e+02
2.61980114e+02
2.61953813e+02
2.61930777e+02
2.61910470e+02
2.61892509e+02
2.61876585e+02
2.61862436e+02
2.61849837e+02
2.68331875e+02
2.68314406e+02
2.68225371e+02
2.68052010e+02
2.67804421e+02
2.67504134e+02
2.67177055e+02
2.66846422e+02
2.66528990e+02
2.66234662e+02
2.65968005e+02
2.65730087e+02
2.65519943e+02
2.65335555e+02
2.65174464e+02
2.65034114e+02
2.64912043e+02
2.64805974e+02
2.64713850e+02
2.64633845e+02
2.64564352e+02
2.64503963e+02
2.64451455e+02
2.64405766e+02
2.64365976e+02
2.64331289e+02
2.64301018e+02
2.64274568e+02
2.64251427e+02
2.64231259e+02
2.64213749e+02
2.64198369e+02
2.64184838e+02
2.64172891e+02
2.64162313e+02
2.64152924e+02
2.64144573e+02
2.71427859e+02
2.70820855e+02
2.68801833e+02
2.66251683e+02
2.63639833e+02
2.61124936e+02
2.58762053e+02
2.56566987e+02
2.54540324e+02
2.52675810e+02
2.50963864e+02
2.49393487e+02
2.47953314e+02
2.46632199e+02
2.45419535e+02
2.44305419e+02
2.43280721e+02
2.42337100e+02
2.41466981e+02
2.40663518e+02
2.39920539e+02
2.39232490e+02
2.38594385e+02
2.38001744e+02
2.37450545e+02
2.36937175e+02
2.36458390e+02
2.36011269e+02
2.35593185e+02
2.35204832e+02
2.34848461e+02
2.34512704e+02
2.34196572e+02
2.33898734e+02
2.33617905e+02
2.33352891e+02
2.33102588e+02
2.71416627e+02
2.71167014e+02
2.70000913e+02
2.68191712e+02
2.66115967e+02
2.63976969e+02
2.61879246e+02
2.59875971e+02
2.57992888e+02
2.56240341e+02
2.54619611e+02
2.53126728e+02
2.51754825e+02
2.50495613e+02
2.49340293e+02
2.48280095e+02
2.47306601e+02
2.46411914e+02
2.45588741e+02
2.44830408e+02
2.44130860e+02
2.43484619e+02
2.42886755e+02
2.42332832e+02
2.41818868e+02
2.41341286e+02
2.40896877e+02
2.40482759e+02
2.40096344e+02
2.39737849e+02
2.39409610e+02
2.39101198e+02
2.38811288e+02
2.38538578e+02
2.38281824e+02
2.38039870e+02
2.37811655e+02
2.71329295e+02
2.71054630e+02
2.70073226e+02
2.68773402e+02
2.67417727e+02
2.66093983e+02
2.64835200e+02
2.63655746e+02
2.62561725e+02
2.61554249e+02
2.60631070e+02
2.59787862e+02
2.59019174e+02
2.58319078e+02
2.57681590e+02
2.57100920e+02
2.56571619e+02
2.56088652e+02
2.55647416e+02
2.55243745e+02
2.54873886e+02
2.54534470e+02
2.54222488e+02
2.53935248e+02
2.53670351e+02
2.53425655e+02
2.53199250e+02
2.52989434e+02
2.52794684e+02
2.52614860e+02
2.52450916e+02
2.52297810e+02
2.52154582e+02
2.52020401e+02
2.51894540e+02
2.51776349e+02
2.51665238e+02
2.71164980e+02
2.70962779e+02
2.70149896e+02
2.69078066e+02
2.68047359e+02
2.67130040e+02
2.66321883e+02
2.65605816e+02
2.64967254e+02
2.64395377e+02
2.63881813e+02
2.63419700e+02
2.63003195e+02
2.62627214e+02
2.62287288e+02
2.61979469e+02
2.61700266e+02
2.61446586e+02
2.61215694e+02
2.61005166e+02
2.60812860e+02
2.60636876e+02
2.60475536e+02
2.60327353e+02
2.60191007e+02
2.60065329e+02
2.59949283e+02
2.59841945e+02
2.59742497e+02
2.59650837e+02
2.59567465e+02
2.59489714e+02
2.59417067e+02
2.59349095e+02
2.59285415e+02
2.59225684e+02
2.59169591e+02
2.70895782e+02
2.70807195e+02
2.70634223e+02
2.70484238e+02
2.70365181e+02
2.70268543e+02
2.70187823e+02
2.70118948e+02
2.70059439e+02
2.70007616e+02
2.69962228e+02
2.69922299e+02
2.69887038e+02
2.69855794e+02
2.69828022e+02
2.69803264e+02
2.69781130e+02
2.69761288e+02
2.69743453e+02
2.69727379e+02
2.69712857e+02
2.69699703e+02
2.69687759e+02
2.69676887e+02
2.69666970e+02
2.69657901e+02
2.69649590e+02
2.69641958e+02
2.69634933e+02
2.69628499e+02
2.69622682e+02
2.69617283e+02
2.69612264e+02
2.69607590e+02
2.69603232e+02
2.69599160e+02
2.69595352e+02
