2.70055414e+02
5.01368094e+01
4.98832568e+01
4.98948175e+01
5.00308687e+01
4.97131412e+01
4.98393756e+01
4.98545406e+01
5.01941750e+01
5.01150005e+01
5.00626523e+01
4.98498312e+01
5.00146141e+01
5.01037558e+01
4.98899818e+01
4.99166003e+01
4.99745276e+01
4.99110887e+01
5.00029418e+01
5.01606394e+01
4.96949961e+01
5.01653347e+01
5.02000567e+01
5.00938543e+01
4.99910108e+01
5.00792380e+01
4.99479004e+01
4.97670336e+01
4.99889753e+01
5.00637531e+01
5.02113690e+01
5.01725502e+01
5.01248460e+01
5.01317588e+01
4.97546616e+01
4.97939473e+01
4.97862830e+01
2.70346946e+02
1.49722880e+02
1.43565110e+02
1.39540792e+02
1.36517320e+02
1.34371450e+02
1.31902244e+02
1.29969998e+02
1.28821544e+02
1.27361019e+02
1.26413711e+02
1.25540832e+02
1.24720672e+02
1.24203490e+02
1.23811269e+02
1.22847807e+02
1.22505166e+02
1.22280268e+02
1.22137960e+02
1.21698640e+02
1.21379675e+02
1.21563535e+02
1.20990080e+02
1.21467874e+02
1.21029158e+02
1.20859874e+02
1.20562572e+02
1.20430760e+02
1.20880113e+02
1.20262001e+02
1.20540756e+02
1.20407765e+02
1.20088893e+02
1.20259870e+02
1.20231079e+02
1.20164665e+02
1.20318445e+02
2.69947995e+02
2.50184094e+02
2.44552691e+02
2.38644139e+02
2.33265008e+02
2.27913024e+02
2.23355236e+02
2.19269444e+02
2.16042641e+02
2.13102177e+02
2.10210893e+02
2.08240611e+02
2.06492209e+02
2.05322602e+02
2.03584975e+02
2.02793243e+02
2.01104766e+02
2.00475250e+02
1.99980843e+02
1.99078412e+02
1.98290211e+02
1.97877480e+02
1.97957396e+02
1.97681502e+02
1.97148826e+02
1.96720543e+02
1.96270037e+02
1.96277786e+02
1.96322287e+02
1.96060519e+02
1.95731473e+02
1.96078693e+02
1.95855911e+02
1.95829001e+02
1.95725361e+02
1.95200301e+02
1.95599952e+02
2.68581478e+02
2.68792282e+02
2.68290313e+02
2.68179138e+02
2.67961182e+02
2.67168791e+02
2.66149851e+02
2.66237483e+02
2.65335376e+02
2.64913722e+02
2.64434410e+02
2.64306101e+02
2.63453815e+02
2.63363395e+02
2.63096248e+02
2.63413349e+02
2.62940934e+02
2.62868052e+02
2.62776534e+02
2.62490823e+02
2.62403709e+02
2.62026932e+02
2.62266557e+02
2.62088844e+02
2.61849318e+02
2.62005269e+02
2.62004537e+02
2.61806863e+02
2.61609797e+02
2.61362158e+02
2.61342370e+02
2.61366257e+02
2.62242989e+02
2.61715199e+02
2.61134071e+02
2.62042983e+02
2.61948783e+02
2.68653900e+02
2.68128326e+02
2.68111637e+02
2.68441255e+02
2.67996041e+02
2.67412968e+02
2.67388770e+02
2.66643771e+02
2.66435347e+02
2.66179668e+02
2.66142981e+02
2.65786581e+02
2.65343040e+02
2.65472958e+02
2.65159329e+02
2.65136267e+02
2.64975342e+02
2.64859667e+02
2.64693323e+02
2.64520899e+02
2.64348770e+02
2.64267039e+02
2.63994919e+02
2.64163771e+02
2.64358085e+02
2.64250695e+02
2.63997172e+02
2.64125708e+02
2.64485786e+02
2.64206234e+02
2.64071744e+02
2.63882840e+02
2.64218107e+02
2.64349604e+02
2.64012070e+02
2.63966748e+02
2.63993238e+02
2.71030453e+02
2.70160885e+02
2.68494250e+02
2.65945748e+02
2.63276036e+02
2.60869601e+02
2.58194763e+02
2.55951964e+02
2.53628823e+02
2.51958964e+02
2.50031695e+02
2.48222279e+02
2.46975418e+02
2.45132729e+02
2.43878945e+02
2.42667417e+02
2.41413619e+02
2.40161533e+02
2.39780006e+02
2.38745050e+02
2.37925734e+02
2.37329223e+02
2.36340266e+02
2.35774829e+02
2.35459471e+02
2.34884388e+02
2.34042652e+02
2.33561148e+02
2.33632455e+02
2.33122559e+02
2.32404955e+02
2.32403566e+02
2.31449557e+02
2.31624849e+02
2.31245522e+02
2.30734819e+02
2.31098570e+02
2.70502658e+02
2.70166933e+02
2.69378226e+02
2.67454810e+02
2.65092116e+02
2.62260978e+02
2.60278341e+02
2.58209816e+02
2.56742756e+02
2.54519983e+02
2.52892683e+02
2.51400097e+02
2.50260047e+02
2.48263983e+02
2.47382099e+02
2.46225743e+02
2.45148134e+02
2.44365750e+02
2.43418610e+02
2.42523669e+02
2.42165634e+02
2.40986440e+02
2.40242028e+02
2.39609121e+02
2.39362424e+02
2.38996485e+02
2.38606054e+02
2.37797978e+02
2.37336294e+02
2.37196603e+02
2.36696701e+02
2.36569798e+02
2.36359783e+02
2.35691758e+02
2.35691101e+02
2.35369822e+02
2.35622064e+02
2.71002241e+02
2.70557932e+02
2.69493634e+02
2.68445027e+02
2.67688510e+02
2.66082752e+02
2.64814402e+02
2.63279489e+02
2.62282202e+02
2.60993586e+02
2.60205574e+02
2.59342009e+02
2.58672465e+02
2.58001886e+02
2.57083154e+02
2.56717008e+02
2.56238454e+02
2.55575772e+02
2.55612753e+02
2.54652783e+02
2.54486394e+02
2.54261431e+02
2.53923651e+02
2.53115829e+02
2.53104752e+02
2.52954781e+02
2.52473353e+02
2.52180139e+02
2.52198938e+02
2.51764585e+02
2.51646809e+02
2.51696028e+02
2.51495913e+02
2.51158915e+02
2.51388087e+02
2.51135344e+02
2.50908628e+02
2.71004860e+02
2.71083638e+02
2.70258046e+02
2.68917627e+02
2.67701051e+02
2.67371085e+02
2.66058998e+02
2.65471302e+02
2.65053052e+02
2.64443986e+02
2.63671362e+02
2.63298988e+02
2.63199377e+02
2.62610728e+02
2.62375895e+02
2.61879025e+02
2.61741034e+02
2.61471484e+02
2.61303831e+02
2.60780811e+02
2.60900393e+02
2.60474823e+02
2.60127295e+02
2.60472674e+02
2.60146544e+02
2.60024314e+02
2.59990690e+02
2.59769544e+02
2.59288664e+02
2.59404951e+02
2.59538817e+02
2.59515089e+02
2.59407354e+02
2.58852854e+02
2.58921599e+02
2.58861949e+02
2.59425304e+02
2.70804730e+02
2.70630619e+02
2.70731088e+02
2.70586772e+02
2.70174799e+02
2.70175844e+02
2.70289144e+02
2.70422172e+02
2.70303001e+02
2.70068160e+02
2.70187234e+02
2.69586384e+02
2.70077727e+02
2.69691615e+02
2.69786348e+02
2.69771992e+02
2.69607476e+02
2.69523209e+02
2.69557767e+02
2.69371729e+02
2.69721259e+02
2.69560301e+02
2.69695578e+02
2.69254610e+02
2.69405902e+02
2.69470926e+02
2.69497772e+02
2.69441987e+02
2.69301172e+02
2.69545360e+02
2.69195948e+02
2.69638242e+02
2.69169217e+02
2.69422988e+02
2.70012330e+02
2.69158441e+02
2.69429785e+02
