-2.2000e+02
0.0000e+00
0.0000e+00
0.0000e+00
0.0000e+00
0.0000e+00
0.0000e+00
0.0000e+00
0.0000e+00
0.0000e+00
0.0000e+00
0.0000e+00
0.0000e+00
0.0000e+00
0.0000e+00
0.0000e+00
0.0000e+00
0.0000e+00
0.0000e+00
0.0000e+00
0.0000e+00
0.0000e+00
0.0000e+00
0.0000e+00
0.0000e+00
0.0000e+00
0.0000e+00
0.0000e+00
0.0000e+00
0.0000e+00
0.0000e+00
0.0000e+00
0.0000e+00
0.0000e+00
0.0000e+00
0.0000e+00
-1.2000e+02
-6.5589e+00
-3.8965e+00
-2.9875e+00
-2.5976e+00
-2.2331e+00
-1.8376e+00
-1.5124e+00
-1.2534e+00
-1.0465e+00
-8.7954e-01
-7.4355e-01
-6.3175e-01
-5.3910e-01
-4.6181e-01
-3.9695e-01
-3.4225e-01
-2.9592e-01
-2.5653e-01
-2.2293e-01
-1.9419e-01
-1.6954e-01
-1.4834e-01
-1.3007e-01
-1.1429e-01
-1.0064e-01
-8.7411e-02
-7.6303e-02
-6.7930e-02
-6.0544e-02
-5.4063e-02
-4.8371e-02
-4.3366e-02
-3.8959e-02
-3.5072e-02
-3.1637e-02
-2.0000e+01
-5.6008e+00
-5.5804e+00
-5.6383e+00
-5.3317e+00
-4.7177e+00
-4.0716e+00
-3.4790e+00
-2.9609e+00
-2.5174e+00
-2.1414e+00
-1.8237e+00
-1.5557e+00
-1.3294e+00
-1.1380e+00
-9.7594e-01
-8.3843e-01
-7.2151e-01
-6.2193e-01
-5.3695e-01
-4.6431e-01
-4.0213e-01
-3.4880e-01
-3.0302e-01
-2.6364e-01
-2.2973e-01
-1.9757e-01
-1.7050e-01
-1.4990e-01
-1.3199e-01
-1.1640e-01
-1.0282e-01
-9.0979e-02
-8.0640e-02
-7.1600e-02
-6.3688e-02
-8.1434e-02
-2.3944e-01
-3.7434e-01
-4.7994e-01
-5.4306e-01
-5.6312e-01
-5.4928e-01
-5.1414e-01
-4.6835e-01
-4.1913e-01
-3.7077e-01
-3.2552e-01
-2.8440e-01
-2.4771e-01
-2.1534e-01
-1.8699e-01
-1.6229e-01
-1.4083e-01
-1.2224e-01
-1.0613e-01
-9.2203e-02
-8.0156e-02
-6.9740e-02
-6.0733e-02
-5.2941e-02
-4.6200e-02
-4.0118e-02
-3.4637e-02
-3.0254e-02
-2.6574e-02
-2.3409e-02
-2.0662e-02
-1.8271e-02
-1.6184e-02
-1.4360e-02
-1.2762e-02
-1.8774e-02
-9.0687e-02
-1.7586e-01
-2.5200e-01
-3.0677e-01
-3.3499e-01
-3.3910e-01
-3.2576e-01
-3.0210e-01
-2.7367e-01
-2.4410e-01
-2.1553e-01
-1.8904e-01
-1.6509e-01
-1.4377e-01
-1.2500e-01
-1.0858e-01
-9.4274e-02
-8.1847e-02
-7.1074e-02
-6.1744e-02
-5.3670e-02
-4.6686e-02
-4.0643e-02
-3.5417e-02
-3.0893e-02
-2.6681e-02
-2.3178e-02
-2.0259e-02
-1.7759e-02
-1.5619e-02
-1.3771e-02
-1.2167e-02
-1.0767e-02
-9.5460e-03
-8.4770e-03
-3.0805e-01
-1.6622e+00
-2.3898e+00
-2.6081e+00
-2.6036e+00
-2.5006e+00
-2.3548e+00
-2.1922e+00
-2.0263e+00
-1.8645e+00
-1.7107e+00
-1.5667e+00
-1.4334e+00
-1.3108e+00
-1.1987e+00
-1.0965e+00
-1.0035e+00
-9.1897e-01
-8.4230e-01
-7.7277e-01
-7.0970e-01
-6.5249e-01
-6.0057e-01
-5.5343e-01
-5.1060e-01
-4.7164e-01
-4.2911e-01
-3.9091e-01
-3.6332e-01
-3.3802e-01
-3.1483e-01
-2.9355e-01
-2.7400e-01
-2.5602e-01
-2.3946e-01
-2.2420e-01
-1.5396e-01
-1.0846e+00
-1.7890e+00
-2.1014e+00
-2.1928e+00
-2.1673e+00
-2.0803e+00
-1.9617e+00
-1.8290e+00
-1.6925e+00
-1.5585e+00
-1.4303e+00
-1.3101e+00
-1.1985e+00
-1.0958e+00
-1.0019e+00
-9.1622e-01
-8.3833e-01
-7.6761e-01
-7.0348e-01
-6.4533e-01
-5.9262e-01
-5.4482e-01
-5.0146e-01
-4.6211e-01
-4.2635e-01
-3.8756e-01
-3.5271e-01
-3.2747e-01
-3.0439e-01
-2.8321e-01
-2.6378e-01
-2.4595e-01
-2.2957e-01
-2.1450e-01
-2.0062e-01
-2.2074e-01
-8.9196e-01
-1.2024e+00
-1.2686e+00
-1.2511e+00
-1.1997e+00
-1.1316e+00
-1.0548e+00
-9.7495e-01
-8.9569e-01
-8.1948e-01
-7.4771e-01
-6.8109e-01
-6.1985e-01
-5.6393e-01
-5.1312e-01
-4.6709e-01
-4.2548e-01
-3.8790e-01
-3.5399e-01
-3.2340e-01
-2.9580e-01
-2.7088e-01
-2.4837e-01
-2.2802e-01
-2.0961e-01
-1.9031e-01
-1.7329e-01
-1.6012e-01
-1.4812e-01
-1.3721e-01
-1.2729e-01
-1.1825e-01
-1.0998e-01
-1.0243e-01
-9.5500e-02
-1.6521e-01
-7.4428e-01
-9.9705e-01
-9.6324e-01
-8.5896e-01
-7.5794e-01
-6.7253e-01
-6.0033e-01
-5.3796e-01
-4.8324e-01
-4.3481e-01
-3.9175e-01
-3.5339e-01
-3.1916e-01
-2.8861e-01
-2.6131e-01
-2.3690e-01
-2.1506e-01
-1.9551e-01
-1.7798e-01
-1.6225e-01
-1.4813e-01
-1.3542e-01
-1.2399e-01
-1.1368e-01
-1.0437e-01
-9.4670e-02
-8.6314e-02
-7.9723e-02
-7.3639e-02
-6.8113e-02
-6.3098e-02
-5.8541e-02
-5.4392e-02
-5.0603e-02
-4.7140e-02
-8.2221e-02
-1.6595e-01
-1.4535e-01
-1.1604e-01
-9.4628e-02
-7.9423e-02
-6.8022e-02
-5.8942e-02
-5.1452e-02
-4.5146e-02
-3.9774e-02
-3.5156e-02
-3.1166e-02
-2.7703e-02
-2.4685e-02
-2.2048e-02
-1.9738e-02
-1.7707e-02
-1.5919e-02
-1.4342e-02
-1.2946e-02
-1.1710e-02
-1.0613e-02
-9.6350e-03
-8.7650e-03
-7.9870e-03
-7.2000e-03
-6.5100e-03
-5.9710e-03
-5.4840e-03
-5.0460e-03
-4.6510e-03
-4.2950e-03
-3.9730e-03
-3.6800e-03
-3.4140e-03
