-2.2000e+02
0.0000e+00
0.0000e+00
0.0000e+00
0.0000e+00
0.0000e+00
0.0000e+00
0.0000e+00
0.0000e+00
0.0000e+00
0.0000e+00
0.0000e+00
0.0000e+00
0.0000e+00
0.0000e+00
0.0000e+00
0.0000e+00
0.0000e+00
0.0000e+00
0.0000e+00
0.0000e+00
0.0000e+00
0.0000e+00
0.0000e+00
0.0000e+00
0.0000e+00
0.0000e+00
0.0000e+00
0.0000e+00
0.0000e+00
0.0000e+00
0.0000e+00
0.0000e+00
0.0000e+00
0.0000e+00
0.0000e+00
-1.2000e+02
-6.4721e+00
-3.8622e+00
-2.9549e+00
-2.5446e+00
-2.2014e+00
-1.8188e+00
-1.4984e+00
-1.2424e+00
-1.0379e+00
-8.7294e-01
-7.3865e-01
-6.2832e-01
-5.3695e-01
-4.6076e-01
-3.9685e-01
-3.4295e-01
-2.9730e-01
-2.5848e-01
-2.2535e-01
-1.9698e-01
-1.7261e-01
-1.5164e-01
-1.3353e-01
-1.1787e-01
-1.0429e-01
-9.2491e-02
-8.1011e-02
-7.1243e-02
-6.3902e-02
-5.7401e-02
-5.1661e-02
-4.6593e-02
-4.2113e-02
-3.8143e-02
-3.4624e-02
-2.0000e+01
-5.5546e+00
-5.5488e+00
-5.5926e+00
-5.2886e+00
-4.6807e+00
-4.0410e+00
-3.4550e+00
-2.9427e+00
-2.5041e+00
-2.1319e+00
-1.8175e+00
-1.5520e+00
-1.3277e+00
-1.1381e+00
-9.7738e-01
-8.4098e-01
-7.2496e-01
-6.2610e-01
-5.4169e-01
-4.6949e-01
-4.0762e-01
-3.5452e-01
-3.0887e-01
-2.6957e-01
-2.3568e-01
-2.0641e-01
-1.7882e-01
-1.5545e-01
-1.3737e-01
-1.2159e-01
-1.0782e-01
-9.5784e-02
-8.5258e-02
-7.6040e-02
-6.7952e-02
-8.1068e-02
-2.3875e-01
-3.7353e-01
-4.7941e-01
-5.4385e-01
-5.6606e-01
-5.5449e-01
-5.2120e-01
-4.7666e-01
-4.2814e-01
-3.8002e-01
-3.3470e-01
-2.9330e-01
-2.5619e-01
-2.2333e-01
-1.9447e-01
-1.6924e-01
-1.4728e-01
-1.2819e-01
-1.1162e-01
-9.7260e-02
-8.4813e-02
-7.4026e-02
-6.4679e-02
-5.6576e-02
-4.9547e-02
-4.3450e-02
-3.7973e-02
-3.3028e-02
-2.9009e-02
-2.5617e-02
-2.2686e-02
-2.0134e-02
-1.7905e-02
-1.5952e-02
-1.4239e-02
-1.8769e-02
-9.0417e-02
-1.7549e-01
-2.5171e-01
-3.0709e-01
-3.3650e-01
-3.4204e-01
-3.3001e-01
-3.0732e-01
-2.7948e-01
-2.5019e-01
-2.2164e-01
-1.9501e-01
-1.7081e-01
-1.4919e-01
-1.3008e-01
-1.1331e-01
-9.8652e-02
-8.5891e-02
-7.4802e-02
-6.5175e-02
-5.6825e-02
-4.9586e-02
-4.3310e-02
-3.7868e-02
-3.3148e-02
-2.9053e-02
-2.5261e-02
-2.2090e-02
-1.9414e-02
-1.7109e-02
-1.5128e-02
-1.3410e-02
-1.1914e-02
-1.0603e-02
-9.4570e-03
-4.8961e-01
-1.8014e+00
-2.4435e+00
-2.6107e+00
-2.5834e+00
-2.4730e+00
-2.3281e+00
-2.1706e+00
-2.0118e+00
-1.8578e+00
-1.7117e+00
-1.5750e+00
-1.4483e+00
-1.3316e+00
-1.2245e+00
-1.1266e+00
-1.0372e+00
-9.5559e-01
-8.8122e-01
-8.1343e-01
-7.5164e-01
-6.9528e-01
-6.4386e-01
-5.9690e-01
-5.5399e-01
-5.1474e-01
-4.7880e-01
-4.3869e-01
-4.0289e-01
-3.7740e-01
-3.5354e-01
-3.3143e-01
-3.1097e-01
-2.9203e-01
-2.7448e-01
-2.5821e-01
-3.1750e-01
-1.3441e+00
-1.9836e+00
-2.2203e+00
-2.2601e+00
-2.2032e+00
-2.0984e+00
-1.9709e+00
-1.8349e+00
-1.6988e+00
-1.5673e+00
-1.4429e+00
-1.3269e+00
-1.2196e+00
-1.1210e+00
-1.0308e+00
-9.4841e-01
-8.7326e-01
-8.0479e-01
-7.4242e-01
-6.8560e-01
-6.3382e-01
-5.8661e-01
-5.4353e-01
-5.0418e-01
-4.6822e-01
-4.3532e-01
-3.9881e-01
-3.6598e-01
-3.4259e-01
-3.2080e-01
-3.0062e-01
-2.8196e-01
-2.6470e-01
-2.4871e-01
-2.3390e-01
-2.4048e-01
-9.5141e-01
-1.2829e+00
-1.3504e+00
-1.3250e+00
-1.2631e+00
-1.1854e+00
-1.1013e+00
-1.0163e+00
-9.3376e-01
-8.5562e-01
-7.8287e-01
-7.1587e-01
-6.5458e-01
-5.9879e-01
-5.4812e-01
-5.0219e-01
-4.6059e-01
-4.2290e-01
-3.8877e-01
-3.5782e-01
-3.2976e-01
-3.0428e-01
-2.8113e-01
-2.6007e-01
-2.4089e-01
-2.2340e-01
-2.0376e-01
-1.8639e-01
-1.7429e-01
-1.6297e-01
-1.5248e-01
-1.4279e-01
-1.3383e-01
-1.2554e-01
-1.1787e-01
-1.7805e-01
-7.8104e-01
-1.0421e+00
-1.0057e+00
-8.9699e-01
-7.9205e-01
-7.0367e-01
-6.2947e-01
-5.6582e-01
-5.1031e-01
-4.6140e-01
-4.1804e-01
-3.7946e-01
-3.4504e-01
-3.1427e-01
-2.8671e-01
-2.6198e-01
-2.3976e-01
-2.1976e-01
-2.0174e-01
-1.8547e-01
-1.7076e-01
-1.5745e-01
-1.4538e-01
-1.3442e-01
-1.2445e-01
-1.1538e-01
-1.0518e-01
-9.5784e-02
-8.9712e-02
-8.4019e-02
-7.8670e-02
-7.3692e-02
-6.9077e-02
-6.4803e-02
-6.0849e-02
-8.5471e-02
-1.7202e-01
-1.5070e-01
-1.2069e-01
-9.8797e-02
-8.3174e-02
-7.1466e-02
-6.2161e-02
-5.4504e-02
-4.8075e-02
-4.2609e-02
-3.7916e-02
-3.3862e-02
-3.0336e-02
-2.7259e-02
-2.4559e-02
-2.2184e-02
-2.0087e-02
-1.8230e-02
-1.6581e-02
-1.5113e-02
-1.3802e-02
-1.2631e-02
-1.1579e-02
-1.0635e-02
-9.7850e-03
-9.0180e-03
-8.1980e-03
-7.4410e-03
-6.9200e-03
-6.4410e-03
-6.0000e-03
-5.5960e-03
-5.2250e-03
-4.8830e-03
-4.5690e-03
