-2.2000e+02
0.0000e+00
0.0000e+00
0.0000e+00
0.0000e+00
0.0000e+00
0.0000e+00
0.0000e+00
0.0000e+00
0.0000e+00
0.0000e+00
0.0000e+00
0.0000e+00
0.0000e+00
0.0000e+00
0.0000e+00
0.0000e+00
0.0000e+00
0.0000e+00
0.0000e+00
0.0000e+00
0.0000e+00
0.0000e+00
0.0000e+00
0.0000e+00
0.0000e+00
0.0000e+00
0.0000e+00
0.0000e+00
0.0000e+00
0.0000e+00
0.0000e+00
0.0000e+00
0.0000e+00
0.0000e+00
0.0000e+00
-1.2000e+02
-6.6308e+00
-3.9221e+00
-3.0063e+00
-2.6347e+00
-2.2471e+00
-1.8437e+00
-1.5155e+00
-1.2548e+00
-1.0468e+00
-8.7924e-01
-7.4289e-01
-6.3093e-01
-5.3829e-01
-4.6110e-01
-3.9643e-01
-3.4197e-01
-2.9590e-01
-2.5677e-01
-2.2344e-01
-1.9494e-01
-1.7051e-01
-1.4951e-01
-1.3141e-01
-1.1578e-01
-1.0224e-01
-9.0499e-02
-8.0286e-02
-7.1388e-02
-6.1281e-02
-5.5051e-02
-4.9500e-02
-4.4574e-02
-4.0215e-02
-3.6352e-02
-3.2923e-02
-2.0000e+01
-5.6305e+00
-5.5963e+00
-5.6603e+00
-5.3506e+00
-4.7327e+00
-4.0828e+00
-3.4863e+00
-2.9648e+00
-2.5186e+00
-2.1405e+00
-1.8215e+00
-1.5525e+00
-1.3257e+00
-1.1342e+00
-9.7220e-01
-8.3493e-01
-7.1838e-01
-6.1924e-01
-5.3474e-01
-4.6259e-01
-4.0088e-01
-3.4802e-01
-3.0265e-01
-2.6366e-01
-2.3010e-01
-2.0117e-01
-1.7619e-01
-1.5460e-01
-1.3145e-01
-1.1630e-01
-1.0306e-01
-9.1487e-02
-8.1366e-02
-7.2500e-02
-6.4722e-02
-8.1049e-02
-2.3866e-01
-3.7106e-01
-4.7325e-01
-5.3323e-01
-5.5111e-01
-5.3618e-01
-5.0086e-01
-4.5553e-01
-4.0716e-01
-3.5983e-01
-3.1569e-01
-2.7568e-01
-2.4004e-01
-2.0865e-01
-1.8119e-01
-1.5729e-01
-1.3655e-01
-1.1858e-01
-1.0303e-01
-8.9578e-02
-7.7952e-02
-6.7901e-02
-5.9208e-02
-5.1689e-02
-4.5182e-02
-3.9547e-02
-3.4663e-02
-3.0428e-02
-2.6279e-02
-2.2987e-02
-2.0278e-02
-1.7962e-02
-1.5953e-02
-1.4197e-02
-1.2659e-02
-1.8557e-02
-9.0354e-02
-1.7440e-01
-2.4855e-01
-3.0117e-01
-3.2767e-01
-3.3074e-01
-3.1702e-01
-2.9348e-01
-2.6549e-01
-2.3656e-01
-2.0871e-01
-1.8295e-01
-1.5972e-01
-1.3908e-01
-1.2092e-01
-1.0505e-01
-9.1241e-02
-7.9253e-02
-6.8865e-02
-5.9872e-02
-5.2092e-02
-4.5362e-02
-3.9541e-02
-3.4506e-02
-3.0146e-02
-2.6371e-02
-2.3102e-02
-2.0265e-02
-1.7394e-02
-1.5343e-02
-1.3507e-02
-1.1941e-02
-1.0589e-02
-9.4130e-03
-8.3860e-03
-9.5675e-02
-1.4296e+00
-2.1578e+00
-2.4007e+00
-2.4310e+00
-2.3620e+00
-2.2453e+00
-2.1066e+00
-1.9601e+00
-1.8143e+00
-1.6735e+00
-1.5405e+00
-1.4163e+00
-1.3014e+00
-1.1956e+00
-1.0988e+00
-1.0102e+00
-9.2944e-01
-8.5576e-01
-7.8858e-01
-7.2733e-01
-6.7144e-01
-6.2042e-01
-5.7379e-01
-5.3114e-01
-4.9208e-01
-4.5627e-01
-4.2340e-01
-3.9320e-01
-3.5026e-01
-3.2688e-01
-3.0539e-01
-2.8539e-01
-2.6680e-01
-2.4952e-01
-2.3345e-01
-7.6793e-02
-1.2250e+00
-1.8959e+00
-2.1269e+00
-2.1644e+00
-2.1113e+00
-2.0131e+00
-1.8926e+00
-1.7632e+00
-1.6329e+00
-1.5065e+00
-1.3867e+00
-1.2747e+00
-1.1710e+00
-1.0757e+00
-9.8840e-01
-9.0865e-01
-8.3591e-01
-7.6962e-01
-7.0922e-01
-6.5415e-01
-6.0393e-01
-5.5808e-01
-5.1619e-01
-4.7788e-01
-4.4279e-01
-4.1062e-01
-3.8109e-01
-3.5395e-01
-3.1510e-01
-2.9434e-01
-2.7517e-01
-2.5720e-01
-2.4046e-01
-2.2488e-01
-2.1038e-01
-1.5343e-01
-7.6616e-01
-1.0873e+00
-1.1803e+00
-1.1801e+00
-1.1380e+00
-1.0756e+00
-1.0036e+00
-9.2856e-01
-8.5458e-01
-7.8393e-01
-7.1782e-01
-6.5677e-01
-6.0085e-01
-5.4991e-01
-5.0364e-01
-4.6169e-01
-4.2369e-01
-3.8925e-01
-3.5802e-01
-3.2969e-01
-3.0394e-01
-2.8052e-01
-2.5918e-01
-2.3971e-01
-2.2193e-01
-2.0565e-01
-1.9074e-01
-1.7705e-01
-1.5955e-01
-1.4828e-01
-1.3801e-01
-1.2866e-01
-1.2009e-01
-1.1218e-01
-1.0486e-01
-1.2226e-01
-6.4002e-01
-8.8683e-01
-8.7272e-01
-7.8804e-01
-7.0129e-01
-6.2580e-01
-5.6092e-01
-5.0449e-01
-4.5495e-01
-4.1123e-01
-3.7250e-01
-3.3811e-01
-3.0752e-01
-2.8024e-01
-2.5587e-01
-2.3404e-01
-2.1445e-01
-1.9683e-01
-1.8093e-01
-1.6657e-01
-1.5355e-01
-1.4174e-01
-1.3099e-01
-1.2119e-01
-1.1225e-01
-1.0406e-01
-9.6558e-02
-8.9673e-02
-8.0949e-02
-7.5401e-02
-7.0183e-02
-6.5413e-02
-6.1040e-02
-5.7014e-02
-5.3294e-02
-7.0857e-02
-1.4905e-01
-1.3366e-01
-1.0817e-01
-8.8953e-02
-7.5054e-02
-6.4482e-02
-5.5998e-02
-4.8985e-02
-4.3085e-02
-3.8066e-02
-3.3766e-02
-3.0057e-02
-2.6844e-02
-2.4049e-02
-2.1607e-02
-1.9467e-02
-1.7583e-02
-1.5922e-02
-1.4449e-02
-1.3143e-02
-1.1980e-02
-1.0939e-02
-1.0009e-02
-9.1720e-03
-8.4210e-03
-7.7410e-03
-7.1270e-03
-6.5720e-03
-5.8950e-03
-5.4430e-03
-5.0390e-03
-4.6740e-03
-4.3410e-03
-4.0360e-03
-3.7580e-03
