2.70000000e+02
5.00000000e+01
5.00000000e+01
5.00000000e+01
5.00000000e+01
5.00000000e+01
5.00000000e+01
5.00000000e+01
5.00000000e+01
5.00000000e+01
5.00000000e+01
5.00000000e+01
5.00000000e+01
5.00000000e+01
5.00000000e+01
5.00000000e+01
5.00000000e+01
5.00000000e+01
5.00000000e+01
5.00000000e+01
5.00000000e+01
5.00000000e+01
5.00000000e+01
5.00000000e+01
5.00000000e+01
5.00000000e+01
5.00000000e+01
5.00000000e+01
5.00000000e+01
5.00000000e+01
5.00000000e+01
5.00000000e+01
5.00000000e+01
5.00000000e+01
5.00000000e+01
5.00000000e+01
5.00000000e+01
2.70000000e+02
1.50000000e+02
1.43389541e+02
1.39469831e+02
1.36481655e+02
1.33867262e+02
1.31642313e+02
1.29822485e+02
1.28331742e+02
1.27101723e+02
1.26079068e+02
1.25222892e+02
1.24501698e+02
1.23890943e+02
1.23371272e+02
1.22927241e+02
1.22546404e+02
1.22218634e+02
1.21935633e+02
1.21690548e+02
1.21477691e+02
1.21292315e+02
1.21130439e+02
1.20988713e+02
1.20864306e+02
1.20754821e+02
1.20658220e+02
1.20572766e+02
1.20496978e+02
1.20429588e+02
1.20369508e+02
1.20315803e+02
1.20267672e+02
1.20224420e+02
1.20185452e+02
1.20150568e+02
1.20119738e+02
2.70000000e+02
2.50000000e+02
2.44477200e+02
2.39005796e+02
2.33507839e+02
2.28330827e+02
2.23772086e+02
2.19858158e+02
2.16531588e+02
2.13714865e+02
2.11331539e+02
2.09313258e+02
2.07601383e+02
2.06146546e+02
2.04907536e+02
2.03850062e+02
2.02945601e+02
2.02170402e+02
2.01504648e+02
2.00931764e+02
2.00437854e+02
2.00011237e+02
1.99642068e+02
1.99322030e+02
1.99044081e+02
1.98802248e+02
1.98591451e+02
1.98407365e+02
1.98246299e+02
1.98105100e+02
1.97981070e+02
1.97871898e+02
1.97775601e+02
1.97690476e+02
1.97615059e+02
1.97548704e+02
1.97491193e+02
2.68758321e+02
2.68649087e+02
2.68373056e+02
2.67969718e+02
2.67470994e+02
2.66918089e+02
2.66351823e+02
2.65804055e+02
2.65294415e+02
2.64832311e+02
2.64420314e+02
2.64056992e+02
2.63738849e+02
2.63461516e+02
2.63220428e+02
2.63011188e+02
2.62829742e+02
2.62672445e+02
2.62536073e+02
2.62417800e+02
2.62315166e+02
2.62226041e+02
2.62148578e+02
2.62081188e+02
2.62022497e+02
2.61971323e+02
2.61926646e+02
2.61887590e+02
2.61853397e+02
2.61823415e+02
2.61797084e+02
2.61773919e+02
2.61753502e+02
2.61735472e+02
2.61719520e+02
2.61705433e+02
2.61693144e+02
2.68409241e+02
2.68374798e+02
2.68245493e+02
2.68024510e+02
2.67728516e+02
2.67382585e+02
2.67014665e+02
2.66648917e+02
2.66302028e+02
2.65983299e+02
2.65696537e+02
2.65442072e+02
2.65218291e+02
2.65022633e+02
2.64852192e+02
2.64704053e+02
2.64575463e+02
2.64463912e+02
2.64367156e+02
2.64283220e+02
2.64210373e+02
2.64147112e+02
2.64092133e+02
2.64044310e+02
2.64002670e+02
2.63966372e+02
2.63934694e+02
2.63907011e+02
2.63882786e+02
2.63861555e+02
2.63842919e+02
2.63826533e+02
2.63812099e+02
2.63799362e+02
2.63788100e+02
2.63778192e+02
2.63769530e+02
2.71253549e+02
2.70658250e+02
2.68699357e+02
2.66220445e+02
2.63672958e+02
2.61213050e+02
2.58896717e+02
2.56742221e+02
2.54752187e+02
2.52921515e+02
2.51241266e+02
2.49700783e+02
2.48288869e+02
2.46994453e+02
2.45806954e+02
2.44716472e+02
2.43713882e+02
2.42790847e+02
2.41939812e+02
2.41153959e+02
2.40427157e+02
2.39753908e+02
2.39129285e+02
2.38548881e+02
2.38008750e+02
2.37505361e+02
2.37035552e+02
2.36596489e+02
2.36185629e+02
2.35800684e+02
2.35439600e+02
2.35100522e+02
2.34781777e+02
2.34481849e+02
2.34199367e+02
2.33936031e+02
2.33696011e+02
2.71279789e+02
2.71043026e+02
2.69918371e+02
2.68161801e+02
2.66144251e+02
2.64065658e+02
2.62027542e+02
2.60081389e+02
2.58252311e+02
2.56550362e+02
2.54976715e+02
2.53527401e+02
2.52195627e+02
2.50973220e+02
2.49851518e+02
2.48821904e+02
2.47876125e+02
2.47006451e+02
2.46205758e+02
2.45467545e+02
2.44785923e+02
2.44155584e+02
2.43571757e+02
2.43030164e+02
2.42526975e+02
2.42058761e+02
2.41622450e+02
2.41215293e+02
2.40834824e+02
2.40478833e+02
2.40145332e+02
2.39832532e+02
2.39538822e+02
2.39262748e+02
2.39002993e+02
2.38760857e+02
2.38540124e+02
2.71298701e+02
2.71044447e+02
2.70140451e+02
2.68934045e+02
2.67666285e+02
2.66421809e+02
2.65234047e+02
2.64118420e+02
2.63081884e+02
2.62126038e+02
2.61248998e+02
2.60446785e+02
2.59714301e+02
2.59045979e+02
2.58436195e+02
2.57879515e+02
2.57370831e+02
2.56905432e+02
2.56479023e+02
2.56087725e+02
2.55728048e+02
2.55396871e+02
2.55091406e+02
2.54809169e+02
2.54547946e+02
2.54305766e+02
2.54080873e+02
2.53871702e+02
2.53676857e+02
2.53495091e+02
2.53325289e+02
2.53166452e+02
2.53017684e+02
2.52878180e+02
2.52747215e+02
2.52625147e+02
2.52513073e+02
2.71159464e+02
2.70971568e+02
2.70222267e+02
2.69233199e+02
2.68279604e+02
2.67428593e+02
2.66676741e+02
2.66008921e+02
2.65412251e+02
2.64876959e+02
2.64395344e+02
2.63961043e+02
2.63568625e+02
2.63213375e+02
2.62891160e+02
2.62598345e+02
2.62331725e+02
2.62088475e+02
2.61866102e+02
2.61662406e+02
2.61475448e+02
2.61303514e+02
2.61145091e+02
2.60998842e+02
2.60863582e+02
2.60738263e+02
2.60621955e+02
2.60513831e+02
2.60413158e+02
2.60319279e+02
2.60231611e+02
2.60149631e+02
2.60072871e+02
2.60000911e+02
2.59933373e+02
2.59870448e+02
2.59812522e+02
2.70896325e+02
2.70813951e+02
2.70651248e+02
2.70508700e+02
2.70394704e+02
2.70301619e+02
2.70223414e+02
2.70156414e+02
2.70098344e+02
2.70047632e+02
2.70003101e+02
2.69963823e+02
2.69929049e+02
2.69898156e+02
2.69870625e+02
2.69846016e+02
2.69823955e+02
2.69804122e+02
2.69786243e+02
2.69770081e+02
2.69755433e+02
2.69742122e+02
2.69729997e+02
2.69718923e+02
2.69708787e+02
2.69699485e+02
2.69690932e+02
2.69683049e+02
2.69675769e+02
2.69669032e+02
2.69662786e+02
2.69656985e+02
2.69651587e+02
2.69646556e+02
2.69641861e+02
2.69637502e+02
2.69633508e+02
