2.70000000e+02
5.00000000e+01
5.00000000e+01
5.00000000e+01
5.00000000e+01
5.00000000e+01
5.00000000e+01
5.00000000e+01
5.00000000e+01
5.00000000e+01
5.00000000e+01
5.00000000e+01
5.00000000e+01
5.00000000e+01
5.00000000e+01
5.00000000e+01
5.00000000e+01
5.00000000e+01
5.00000000e+01
5.00000000e+01
5.00000000e+01
5.00000000e+01
5.00000000e+01
5.00000000e+01
5.00000000e+01
5.00000000e+01
5.00000000e+01
5.00000000e+01
5.00000000e+01
5.00000000e+01
5.00000000e+01
5.00000000e+01
5.00000000e+01
5.00000000e+01
5.00000000e+01
5.00000000e+01
5.00000000e+01
2.70000000e+02
1.50000000e+02
1.43542888e+02
1.39681376e+02
1.36728444e+02
1.34183356e+02
1.31978406e+02
1.30154224e+02
1.28649319e+02
1.27399633e+02
1.26354150e+02
1.25473518e+02
1.24727290e+02
1.24091643e+02
1.23547703e+02
1.23080341e+02
1.22677299e+02
1.22328559e+02
1.22025863e+02
1.21762365e+02
1.21532350e+02
1.21331027e+02
1.21154360e+02
1.20998936e+02
1.20861862e+02
1.20740671e+02
1.20633263e+02
1.20537838e+02
1.20452852e+02
1.20376982e+02
1.20309084e+02
1.20248176e+02
1.20194291e+02
1.20146409e+02
1.20102955e+02
1.20063467e+02
1.20027514e+02
2.70000000e+02
2.50000000e+02
2.44474329e+02
2.38933733e+02
2.33346465e+02
2.28057799e+02
2.23373024e+02
2.19325846e+02
2.15863756e+02
2.12913823e+02
2.10402943e+02
2.08264832e+02
2.06441925e+02
2.04885232e+02
2.03553462e+02
2.02411953e+02
2.01431646e+02
2.00588166e+02
1.99861045e+02
1.99233063e+02
1.98689704e+02
1.98218706e+02
1.97809690e+02
1.97453854e+02
1.97143718e+02
1.96872915e+02
1.96636015e+02
1.96428380e+02
1.96246045e+02
1.96085612e+02
1.95944166e+02
1.95819203e+02
1.95710180e+02
1.95614712e+02
1.95529540e+02
1.95453397e+02
1.95385178e+02
2.68743769e+02
2.68664155e+02
2.68436645e+02
2.68085799e+02
2.67639366e+02
2.67136645e+02
2.66617127e+02
2.66111687e+02
2.65639536e+02
2.65210082e+02
2.64826166e+02
2.64486781e+02
2.64188913e+02
2.63928676e+02
2.63701956e+02
2.63504761e+02
2.63333388e+02
2.63184497e+02
2.63055121e+02
2.62942654e+02
2.62844821e+02
2.62759648e+02
2.62685424e+02
2.62620668e+02
2.62564105e+02
2.62514633e+02
2.62471302e+02
2.62433292e+02
2.62399897e+02
2.62370508e+02
2.62344599e+02
2.62321716e+02
2.62301601e+02
2.62283980e+02
2.62268387e+02
2.62254494e+02
2.62242073e+02
2.68377387e+02
2.68355785e+02
2.68260199e+02
2.68082113e+02
2.67832234e+02
2.67532227e+02
2.67207956e+02
2.66882248e+02
2.66571165e+02
2.66283893e+02
2.66024428e+02
2.65793449e+02
2.65589755e+02
2.65411211e+02
2.65255312e+02
2.65119505e+02
2.65001358e+02
2.64898640e+02
2.64809348e+02
2.64731708e+02
2.64664167e+02
2.64605369e+02
2.64554138e+02
2.64509453e+02
2.64470434e+02
2.64436320e+02
2.64406453e+02
2.64380268e+02
2.64357274e+02
2.64337050e+02
2.64319232e+02
2.64303505e+02
2.64289735e+02
2.64277633e+02
2.64266912e+02
2.64257381e+02
2.64248872e+02
2.72556476e+02
2.71695589e+02
2.69401484e+02
2.66635583e+02
2.63828686e+02
2.61120489e+02
2.58560774e+02
2.56166408e+02
2.53941206e+02
2.51882108e+02
2.49982085e+02
2.48231955e+02
2.46621522e+02
2.45140295e+02
2.43777932e+02
2.42524513e+02
2.41370688e+02
2.40307760e+02
2.39327708e+02
2.38423181e+02
2.37587475e+02
2.36814497e+02
2.36098720e+02
2.35435140e+02
2.34819229e+02
2.34246894e+02
2.33714434e+02
2.33218502e+02
2.32756072e+02
2.32324403e+02
2.31921014e+02
2.31543656e+02
2.31196174e+02
2.30875410e+02
2.30573368e+02
2.30288973e+02
2.30021074e+02
2.72412564e+02
2.72074739e+02
2.70757266e+02
2.68759837e+02
2.66461234e+02
2.64078595e+02
2.61729459e+02
2.59475536e+02
2.57347730e+02
2.55359404e+02
2.53513612e+02
2.51807385e+02
2.50234365e+02
2.48786421e+02
2.47454656e+02
2.46230026e+02
2.45103706e+02
2.44067303e+02
2.43112967e+02
2.42233439e+02
2.41422058e+02
2.40672746e+02
2.39979980e+02
2.39338751e+02
2.38744526e+02
2.38193207e+02
2.37681090e+02
2.37204830e+02
2.36761402e+02
2.36348073e+02
2.35962371e+02
2.35602056e+02
2.35270383e+02
2.34964625e+02
2.34677369e+02
2.34407247e+02
2.34153081e+02
2.71835676e+02
2.71508715e+02
2.70542778e+02
2.69276520e+02
2.67946395e+02
2.66636079e+02
2.65379913e+02
2.64194354e+02
2.63087266e+02
2.62061079e+02
2.61114577e+02
2.60244309e+02
2.59445590e+02
2.58713181e+02
2.58041716e+02
2.57425959e+02
2.56860949e+02
2.56342071e+02
2.55865086e+02
2.55426129e+02
2.55021695e+02
2.54648620e+02
2.54304048e+02
2.53985408e+02
2.53690387e+02
2.53416899e+02
2.53163071e+02
2.52927210e+02
2.52707793e+02
2.52503444e+02
2.52312919e+02
2.52135093e+02
2.51971167e+02
2.51819827e+02
2.51678037e+02
2.51545040e+02
2.51420133e+02
2.71438771e+02
2.71207162e+02
2.70415855e+02
2.69395429e+02
2.68417418e+02
2.67546247e+02
2.66776742e+02
2.66092377e+02
2.65479275e+02
2.64927207e+02
2.64428327e+02
2.63976286e+02
2.63565744e+02
2.63192116e+02
2.62851416e+02
2.62540159e+02
2.62255286e+02
2.61994104e+02
2.61754238e+02
2.61533591e+02
2.61330303e+02
2.61142729e+02
2.60969401e+02
2.60809017e+02
2.60660411e+02
2.60522542e+02
2.60394475e+02
2.60275372e+02
2.60164480e+02
2.60061118e+02
2.59964672e+02
2.59874586e+02
2.59791465e+02
2.59714564e+02
2.59642451e+02
2.59574809e+02
2.59511285e+02
2.70918212e+02
2.70832327e+02
2.70667606e+02
2.70524370e+02
2.70410119e+02
2.70316893e+02
2.70238556e+02
2.70171290e+02
2.70112777e+02
2.70061450e+02
2.70016150e+02
2.69975975e+02
2.69940199e+02
2.69908227e+02
2.69879560e+02
2.69853781e+02
2.69830533e+02
2.69809513e+02
2.69790460e+02
2.69773150e+02
2.69757387e+02
2.69743003e+02
2.69729850e+02
2.69717798e+02
2.69706735e+02
2.69696561e+02
2.69687189e+02
2.69678541e+02
2.69670547e+02
2.69663148e+02
2.69656288e+02
2.69649920e+02
2.69644080e+02
2.69638712e+02
2.69633702e+02
2.69629021e+02
2.69624642e+02
