-2.2000e+02
0.0000e+00
0.0000e+00
0.0000e+00
0.0000e+00
0.0000e+00
0.0000e+00
0.0000e+00
0.0000e+00
0.0000e+00
0.0000e+00
0.0000e+00
0.0000e+00
0.0000e+00
0.0000e+00
0.0000e+00
0.0000e+00
0.0000e+00
0.0000e+00
0.0000e+00
0.0000e+00
0.0000e+00
0.0000e+00
0.0000e+00
0.0000e+00
0.0000e+00
0.0000e+00
0.0000e+00
0.0000e+00
0.0000e+00
0.0000e+00
0.0000e+00
0.0000e+00
0.0000e+00
0.0000e+00
0.0000e+00
-1.2000e+02
-6.0953e+00
-3.7952e+00
-2.9369e+00
-2.5148e+00
-2.1143e+00
-1.8173e+00
-1.5128e+00
-1.2607e+00
-1.0566e+00
-8.9080e-01
-7.5501e-01
-6.4294e-01
-5.4979e-01
-4.7191e-01
-4.0643e-01
-3.5113e-01
-3.0425e-01
-2.6436e-01
-2.3031e-01
-2.0117e-01
-1.7616e-01
-1.5464e-01
-1.3608e-01
-1.2005e-01
-1.0616e-01
-9.4107e-02
-8.3624e-02
-7.4488e-02
-6.6511e-02
-5.7636e-02
-5.1993e-02
-4.6947e-02
-4.2460e-02
-3.8478e-02
-3.4941e-02
-2.0000e+01
-5.5564e+00
-5.5681e+00
-5.6017e+00
-5.2956e+00
-4.6832e+00
-4.0349e+00
-3.4460e+00
-2.9339e+00
-2.4961e+00
-2.1247e+00
-1.8108e+00
-1.5456e+00
-1.3215e+00
-1.1318e+00
-9.7102e-01
-8.3453e-01
-7.1845e-01
-6.1957e-01
-5.3519e-01
-4.6309e-01
-4.0138e-01
-3.4849e-01
-3.0310e-01
-2.6409e-01
-2.3052e-01
-2.0160e-01
-1.7664e-01
-1.5508e-01
-1.3643e-01
-1.1722e-01
-1.0388e-01
-9.2246e-02
-8.2090e-02
-7.3212e-02
-6.5438e-02
-8.2286e-02
-2.4178e-01
-3.7982e-01
-4.8735e-01
-5.4939e-01
-5.6652e-01
-5.4936e-01
-5.1132e-01
-4.6345e-01
-4.1298e-01
-3.6404e-01
-3.1867e-01
-2.7773e-01
-2.4138e-01
-2.0945e-01
-1.8158e-01
-1.5737e-01
-1.3639e-01
-1.1825e-01
-1.0258e-01
-8.9062e-02
-7.7393e-02
-6.7325e-02
-5.8638e-02
-5.1140e-02
-4.4663e-02
-3.9068e-02
-3.4230e-02
-3.0043e-02
-2.6416e-02
-2.2962e-02
-2.0157e-02
-1.7827e-02
-1.5828e-02
-1.4091e-02
-1.2575e-02
-1.9147e-02
-9.1469e-02
-1.7784e-01
-2.5527e-01
-3.1005e-01
-3.3691e-01
-3.3909e-01
-3.2388e-01
-2.9874e-01
-2.6934e-01
-2.3928e-01
-2.1056e-01
-1.8416e-01
-1.6044e-01
-1.3943e-01
-1.2101e-01
-1.0494e-01
-9.0984e-02
-7.8895e-02
-6.8439e-02
-5.9406e-02
-5.1608e-02
-4.4877e-02
-3.9068e-02
-3.4052e-02
-2.9721e-02
-2.5980e-02
-2.2746e-02
-1.9946e-02
-1.7524e-02
-1.5152e-02
-1.3386e-02
-1.1815e-02
-1.0470e-02
-9.3070e-03
-8.2950e-03
-4.5134e-01
-1.7938e+00
-2.5373e+00
-2.7848e+00
-2.8056e+00
-2.7176e+00
-2.5771e+00
-2.4143e+00
-2.2448e+00
-2.0770e+00
-1.9160e+00
-1.7641e+00
-1.6226e+00
-1.4917e+00
-1.3713e+00
-1.2610e+00
-1.1600e+00
-1.0678e+00
-9.8358e-01
-9.0676e-01
-8.3665e-01
-7.7265e-01
-7.1420e-01
-6.6077e-01
-6.1191e-01
-5.6718e-01
-5.2619e-01
-4.8860e-01
-4.5409e-01
-4.2237e-01
-3.7920e-01
-3.5515e-01
-3.3262e-01
-3.1145e-01
-2.9172e-01
-2.7336e-01
-2.9020e-01
-1.3412e+00
-2.0697e+00
-2.3692e+00
-2.4412e+00
-2.3966e+00
-2.2917e+00
-2.1579e+00
-2.0123e+00
-1.8647e+00
-1.7210e+00
-1.5845e+00
-1.4566e+00
-1.3382e+00
-1.2292e+00
-1.1293e+00
-1.0380e+00
-9.5474e-01
-8.7884e-01
-8.0966e-01
-7.4662e-01
-6.8915e-01
-6.3672e-01
-5.8885e-01
-5.4510e-01
-5.0509e-01
-4.6846e-01
-4.3488e-01
-4.0407e-01
-3.7577e-01
-3.3791e-01
-3.1588e-01
-2.9582e-01
-2.7696e-01
-2.5935e-01
-2.4297e-01
-2.6586e-01
-9.7150e-01
-1.3068e+00
-1.3826e+00
-1.3640e+00
-1.3054e+00
-1.2281e+00
-1.1431e+00
-1.0564e+00
-9.7162e-01
-8.9109e-01
-8.1595e-01
-7.4668e-01
-6.8331e-01
-6.2563e-01
-5.7326e-01
-5.2579e-01
-4.8278e-01
-4.4381e-01
-4.0847e-01
-3.7640e-01
-3.4727e-01
-3.2076e-01
-2.9661e-01
-2.7458e-01
-2.5446e-01
-2.3605e-01
-2.1919e-01
-2.0372e-01
-1.8952e-01
-1.7166e-01
-1.6020e-01
-1.4960e-01
-1.3989e-01
-1.3095e-01
-1.2269e-01
-1.9701e-01
-7.9808e-01
-1.0452e+00
-1.0005e+00
-8.8922e-01
-7.8345e-01
-6.9438e-01
-6.1998e-01
-5.5651e-01
-5.0136e-01
-4.5294e-01
-4.1021e-01
-3.7236e-01
-3.3875e-01
-3.0883e-01
-2.8212e-01
-2.5822e-01
-2.3679e-01
-2.1751e-01
-2.0014e-01
-1.8444e-01
-1.7023e-01
-1.5732e-01
-1.4558e-01
-1.3488e-01
-1.2511e-01
-1.1618e-01
-1.0799e-01
-1.0048e-01
-9.3574e-02
-8.4813e-02
-7.9317e-02
-7.4188e-02
-6.9428e-02
-6.5031e-02
-6.0967e-02
-8.9810e-02
-1.7847e-01
-1.5623e-01
-1.2488e-01
-1.0191e-01
-8.5382e-02
-7.3004e-02
-6.3268e-02
-5.5273e-02
-4.8564e-02
-4.2868e-02
-3.7992e-02
-3.3797e-02
-3.0166e-02
-2.7012e-02
-2.4262e-02
-2.1854e-02
-1.9740e-02
-1.7875e-02
-1.6228e-02
-1.4765e-02
-1.3465e-02
-1.2304e-02
-1.1266e-02
-1.0334e-02
-9.4970e-03
-8.7410e-03
-8.0580e-03
-7.4410e-03
-6.8790e-03
-6.1810e-03
-5.7490e-03
-5.3460e-03
-4.9780e-03
-4.6400e-03
-4.3300e-03
