-2.2000e+02
0.0000e+00
0.0000e+00
0.0000e+00
0.0000e+00
0.0000e+00
0.0000e+00
0.0000e+00
0.0000e+00
0.0000e+00
0.0000e+00
0.0000e+00
0.0000e+00
0.0000e+00
0.0000e+00
0.0000e+00
0.0000e+00
0.0000e+00
0.0000e+00
0.0000e+00
0.0000e+00
0.0000e+00
0.0000e+00
0.0000e+00
0.0000e+00
0.0000e+00
0.0000e+00
0.0000e+00
0.0000e+00
0.0000e+00
0.0000e+00
0.0000e+00
0.0000e+00
0.0000e+00
0.0000e+00
0.0000e+00
-1.2000e+02
-6.0710e+00
-3.8225e+00
-2.9632e+00
-2.5265e+00
-2.1072e+00
-1.8113e+00
-1.5052e+00
-1.2515e+00
-1.0464e+00
-8.8016e-01
-7.4442e-01
-6.3274e-01
-5.4020e-01
-4.6305e-01
-3.9837e-01
-3.4389e-01
-2.9780e-01
-2.5866e-01
-2.2531e-01
-1.9681e-01
-1.7236e-01
-1.5135e-01
-1.3323e-01
-1.1758e-01
-1.0401e-01
-9.2231e-02
-8.1977e-02
-7.3031e-02
-6.5209e-02
-5.7267e-02
-5.0615e-02
-4.5737e-02
-4.1342e-02
-3.7429e-02
-3.3944e-02
-2.0000e+01
-5.5645e+00
-5.5652e+00
-5.5840e+00
-5.2475e+00
-4.6095e+00
-3.9449e+00
-3.3481e+00
-2.8343e+00
-2.3986e+00
-2.0319e+00
-1.7241e+00
-1.4659e+00
-1.2489e+00
-1.0663e+00
-9.1244e-01
-7.8240e-01
-6.7229e-01
-5.7885e-01
-4.9941e-01
-4.3173e-01
-3.7395e-01
-3.2456e-01
-2.8224e-01
-2.4593e-01
-2.1472e-01
-1.8785e-01
-1.6468e-01
-1.4467e-01
-1.2736e-01
-1.1049e-01
-9.6243e-02
-8.5616e-02
-7.6320e-02
-6.8172e-02
-6.1013e-02
-9.8576e-02
-2.5105e-01
-3.6999e-01
-4.5617e-01
-4.9927e-01
-5.0303e-01
-4.7877e-01
-4.3900e-01
-3.9319e-01
-3.4706e-01
-3.0362e-01
-2.6416e-01
-2.2907e-01
-1.9828e-01
-1.7147e-01
-1.4825e-01
-1.2820e-01
-1.1091e-01
-9.6019e-02
-8.3204e-02
-7.2178e-02
-6.2686e-02
-5.4514e-02
-4.7474e-02
-4.1405e-02
-3.6170e-02
-3.1648e-02
-2.7740e-02
-2.4360e-02
-2.1429e-02
-1.8731e-02
-1.6279e-02
-1.4379e-02
-1.2777e-02
-1.1389e-02
-1.0177e-02
-2.9327e-02
-1.1213e-01
-1.9529e-01
-2.6302e-01
-3.0529e-01
-3.2045e-01
-3.1390e-01
-2.9353e-01
-2.6636e-01
-2.3715e-01
-2.0865e-01
-1.8223e-01
-1.5843e-01
-1.3737e-01
-1.1894e-01
-1.0291e-01
-8.9028e-02
-7.7042e-02
-6.6706e-02
-5.7802e-02
-5.0134e-02
-4.3530e-02
-3.7844e-02
-3.2945e-02
-2.8720e-02
-2.5075e-02
-2.1930e-02
-1.9210e-02
-1.6859e-02
-1.4821e-02
-1.2898e-02
-1.1268e-02
-9.9460e-03
-8.8200e-03
-7.8510e-03
-7.0090e-03
-4.8832e-01
-1.7351e+00
-2.4611e+00
-2.7299e+00
-2.7760e+00
-2.7085e+00
-2.5832e+00
-2.4309e+00
-2.2683e+00
-2.1048e+00
-1.9460e+00
-1.7949e+00
-1.6530e+00
-1.5210e+00
-1.3989e+00
-1.2865e+00
-1.1833e+00
-1.0886e+00
-1.0020e+00
-9.2268e-01
-8.5011e-01
-7.8370e-01
-7.2291e-01
-6.6723e-01
-6.1620e-01
-5.6940e-01
-5.2645e-01
-4.8701e-01
-4.5076e-01
-4.1742e-01
-3.8073e-01
-3.4677e-01
-3.2191e-01
-2.9924e-01
-2.7837e-01
-2.5910e-01
-4.6240e-01
-1.6461e+00
-2.3114e+00
-2.5319e+00
-2.5495e+00
-2.4709e+00
-2.3458e+00
-2.2004e+00
-2.0483e+00
-1.8972e+00
-1.7514e+00
-1.6135e+00
-1.4845e+00
-1.3650e+00
-1.2547e+00
-1.1534e+00
-1.0605e+00
-9.7550e-01
-8.9774e-01
-8.2664e-01
-7.6163e-01
-7.0215e-01
-6.4773e-01
-5.9789e-01
-5.5222e-01
-5.1034e-01
-4.7191e-01
-4.3661e-01
-4.0416e-01
-3.7431e-01
-3.4105e-01
-3.1076e-01
-2.8861e-01
-2.6840e-01
-2.4978e-01
-2.3255e-01
-4.3231e-01
-1.1065e+00
-1.4372e+00
-1.5015e+00
-1.4638e+00
-1.3866e+00
-1.2942e+00
-1.1980e+00
-1.1034e+00
-1.0129e+00
-9.2800e-01
-8.4941e-01
-7.7723e-01
-7.1126e-01
-6.5117e-01
-5.9653e-01
-5.4688e-01
-5.0176e-01
-4.6076e-01
-4.2348e-01
-3.8954e-01
-3.5862e-01
-3.3042e-01
-3.0468e-01
-2.8114e-01
-2.5961e-01
-2.3989e-01
-2.2180e-01
-2.0520e-01
-1.8995e-01
-1.7274e-01
-1.5744e-01
-1.4648e-01
-1.3623e-01
-1.2672e-01
-1.1791e-01
-3.2064e-01
-9.2197e-01
-1.1408e+00
-1.0683e+00
-9.3558e-01
-8.1561e-01
-7.1763e-01
-6.3776e-01
-5.7086e-01
-5.1342e-01
-4.6338e-01
-4.1938e-01
-3.8048e-01
-3.4593e-01
-3.1512e-01
-2.8757e-01
-2.6286e-01
-2.4063e-01
-2.2059e-01
-2.0247e-01
-1.8607e-01
-1.7117e-01
-1.5763e-01
-1.4529e-01
-1.3404e-01
-1.2376e-01
-1.1434e-01
-1.0572e-01
-9.7813e-02
-9.0550e-02
-8.2339e-02
-7.4988e-02
-6.9839e-02
-6.5002e-02
-6.0487e-02
-5.6291e-02
-1.2845e-01
-2.2964e-01
-2.0494e-01
-1.6581e-01
-1.3604e-01
-1.1431e-01
-9.7958e-02
-8.5124e-02
-7.4604e-02
-6.5777e-02
-5.8269e-02
-5.1824e-02
-4.6256e-02
-4.1417e-02
-3.7193e-02
-3.3490e-02
-3.0231e-02
-2.7353e-02
-2.4801e-02
-2.2534e-02
-2.0511e-02
-1.8703e-02
-1.7082e-02
-1.5625e-02
-1.4312e-02
-1.3127e-02
-1.2055e-02
-1.1083e-02
-1.0200e-02
-9.3960e-03
-8.5610e-03
-7.7420e-03
-7.1650e-03
-6.6400e-03
-6.1560e-03
-5.7110e-03
