2.70000000e+02
5.00000000e+01
5.00000000e+01
5.00000000e+01
5.00000000e+01
5.00000000e+01
5.00000000e+01
5.00000000e+01
5.00000000e+01
5.00000000e+01
5.00000000e+01
5.00000000e+01
5.00000000e+01
5.00000000e+01
5.00000000e+01
5.00000000e+01
5.00000000e+01
5.00000000e+01
5.00000000e+01
5.00000000e+01
5.00000000e+01
5.00000000e+01
5.00000000e+01
5.00000000e+01
5.00000000e+01
5.00000000e+01
5.00000000e+01
5.00000000e+01
5.00000000e+01
5.00000000e+01
5.00000000e+01
5.00000000e+01
5.00000000e+01
5.00000000e+01
5.00000000e+01
5.00000000e+01
5.00000000e+01
2.70000000e+02
1.50000000e+02
1.43944599e+02
1.40156277e+02
1.37228756e+02
1.34727416e+02
1.32644488e+02
1.30853313e+02
1.29365934e+02
1.28131006e+02
1.27100036e+02
1.26234217e+02
1.25503068e+02
1.24882562e+02
1.24353588e+02
1.23900801e+02
1.23511770e+02
1.23176345e+02
1.22886182e+02
1.22634380e+02
1.22415201e+02
1.22223854e+02
1.22056323e+02
1.21909225e+02
1.21779707e+02
1.21665352e+02
1.21564110e+02
1.21474233e+02
1.21394233e+02
1.21322835e+02
1.21258949e+02
1.21201638e+02
1.21150096e+02
1.21103629e+02
1.21061635e+02
1.21024337e+02
1.20991015e+02
2.70000000e+02
2.50000000e+02
2.44453573e+02
2.38972029e+02
2.33497967e+02
2.28350629e+02
2.23825195e+02
2.19951420e+02
2.16664205e+02
2.13882494e+02
2.11529544e+02
2.09537590e+02
2.07848682e+02
2.06414054e+02
2.05192964e+02
2.04151476e+02
2.03261327e+02
2.02498957e+02
2.01844687e+02
2.01282051e+02
2.00797236e+02
2.00378635e+02
2.00016467e+02
1.99702481e+02
1.99429698e+02
1.99192209e+02
1.98985000e+02
1.98803810e+02
1.98645015e+02
1.98505526e+02
1.98382710e+02
1.98274316e+02
1.98178419e+02
1.98093372e+02
1.98017760e+02
1.97951525e+02
1.97893264e+02
2.68686036e+02
2.68576879e+02
2.68306832e+02
2.67914456e+02
2.67432247e+02
2.66903597e+02
2.66369356e+02
2.65859414e+02
2.65390779e+02
2.64970401e+02
2.64598995e+02
2.64273959e+02
2.63991178e+02
2.63746046e+02
2.63533997e+02
2.63350770e+02
2.63192514e+02
2.63055819e+02
2.62937699e+02
2.62835561e+02
2.62747164e+02
2.62670577e+02
2.62604142e+02
2.62546433e+02
2.62496231e+02
2.62452487e+02
2.62414305e+02
2.62380917e+02
2.62351664e+02
2.62325983e+02
2.62303390e+02
2.62283470e+02
2.62265867e+02
2.62250277e+02
2.62236437e+02
2.62224226e+02
2.62213510e+02
2.68298707e+02
2.68272949e+02
2.68168330e+02
2.67982667e+02
2.67729439e+02
2.67431549e+02
2.67114951e+02
2.66801646e+02
2.66506418e+02
2.66237092e+02
2.65996474e+02
2.65784339e+02
2.65598876e+02
2.65437579e+02
2.65297747e+02
2.65176748e+02
2.65072144e+02
2.64981744e+02
2.64903609e+02
2.64836044e+02
2.64777577e+02
2.64726935e+02
2.64683024e+02
2.64644901e+02
2.64611755e+02
2.64582894e+02
2.64557722e+02
2.64535728e+02
2.64516476e+02
2.64499591e+02
2.64484750e+02
2.64471680e+02
2.64460142e+02
2.64449935e+02
2.64440883e+02
2.64432946e+02
2.64425940e+02
2.70571715e+02
2.70157542e+02
2.68472122e+02
2.66074104e+02
2.63434569e+02
2.60772129e+02
2.58192976e+02
2.55748266e+02
2.53459317e+02
2.51332068e+02
2.49364109e+02
2.47548476e+02
2.45875923e+02
2.44336265e+02
2.42919164e+02
2.41614574e+02
2.40412983e+02
2.39305533e+02
2.38284060e+02
2.37341096e+02
2.36469840e+02
2.35664118e+02
2.34918331e+02
2.34227411e+02
2.33586769e+02
2.32992249e+02
2.32440083e+02
2.31926857e+02
2.31449467e+02
2.31005095e+02
2.30591174e+02
2.30205367e+02
2.29845538e+02
2.29509737e+02
2.29196182e+02
2.28909254e+02
2.28647277e+02
2.70618610e+02
2.70259243e+02
2.68760808e+02
2.66603568e+02
2.64224179e+02
2.61825025e+02
2.59501829e+02
2.57299858e+02
2.55237851e+02
2.53321048e+02
2.51547338e+02
2.49910540e+02
2.48402387e+02
2.47013735e+02
2.45735286e+02
2.44558000e+02
2.43473320e+02
2.42473284e+02
2.41550564e+02
2.40698459e+02
2.39910872e+02
2.39182272e+02
2.38507644e+02
2.37882450e+02
2.37302577e+02
2.36764301e+02
2.36264245e+02
2.35799346e+02
2.35366819e+02
2.34964131e+02
2.34588975e+02
2.34239248e+02
2.33913029e+02
2.33608561e+02
2.33324235e+02
2.33064312e+02
2.32826971e+02
2.70736029e+02
2.70481733e+02
2.69498917e+02
2.68174854e+02
2.66775329e+02
2.65396192e+02
2.64076881e+02
2.62835074e+02
2.61677338e+02
2.60604551e+02
2.59614286e+02
2.58702213e+02
2.57863075e+02
2.57091298e+02
2.56381358e+02
2.55727984e+02
2.55126259e+02
2.54571656e+02
2.54060044e+02
2.53587673e+02
2.53151145e+02
2.52747387e+02
2.52373622e+02
2.52027337e+02
2.51706258e+02
2.51408323e+02
2.51131663e+02
2.50874580e+02
2.50635529e+02
2.50413103e+02
2.50206018e+02
2.50013104e+02
2.49833288e+02
2.49665591e+02
2.49509112e+02
2.49365573e+02
2.49233432e+02
2.70791531e+02
2.70603035e+02
2.69797364e+02
2.68729671e+02
2.67698448e+02
2.66774224e+02
2.65953120e+02
2.65219165e+02
2.64558047e+02
2.63959165e+02
2.63414596e+02
2.62918025e+02
2.62464186e+02
2.62048580e+02
2.61667314e+02
2.61316992e+02
2.60994635e+02
2.60697617e+02
2.60423611e+02
2.60170553e+02
2.59936599e+02
2.59720101e+02
2.59519578e+02
2.59333698e+02
2.59161258e+02
2.59001170e+02
2.58852446e+02
2.58714191e+02
2.58585587e+02
2.58465889e+02
2.58354419e+02
2.58250553e+02
2.58153723e+02
2.58063405e+02
2.57979122e+02
2.57901789e+02
2.57830465e+02
2.70877091e+02
2.70787361e+02
2.70611748e+02
2.70459358e+02
2.70337722e+02
2.70238330e+02
2.70154886e+02
2.70083373e+02
2.70021213e+02
2.69966718e+02
2.69918649e+02
2.69876033e+02
2.69838085e+02
2.69804162e+02
2.69773730e+02
2.69746340e+02
2.69721613e+02
2.69699230e+02
2.69678914e+02
2.69660432e+02
2.69643579e+02
2.69628182e+02
2.69614086e+02
2.69601160e+02
2.69589285e+02
2.69578360e+02
2.69568294e+02
2.69559007e+02
2.69550427e+02
2.69542492e+02
2.69535145e+02
2.69528335e+02
2.69522017e+02
2.69516149e+02
2.69510695e+02
2.69505707e+02
2.69501128e+02
