2.69685293e+02
4.98302409e+01
4.98800510e+01
5.02531267e+01
5.00202520e+01
4.99551058e+01
4.99755829e+01
4.99673574e+01
5.01423014e+01
4.96675996e+01
4.99666932e+01
4.99836142e+01
4.98539401e+01
5.00464172e+01
4.99231216e+01
5.04053156e+01
5.00938331e+01
4.95222159e+01
4.98516219e+01
5.00752141e+01
4.99476112e+01
4.99935996e+01
5.00952783e+01
5.02769995e+01
4.99312158e+01
5.01228506e+01
5.02041017e+01
5.00546669e+01
4.96025821e+01
5.00502418e+01
4.98267355e+01
4.99998404e+01
4.96621221e+01
5.03555291e+01
5.00127107e+01
5.02791024e+01
4.96950141e+01
2.69996123e+02
1.49882649e+02
1.42511702e+02
1.37983436e+02
1.34791235e+02
1.31911673e+02
1.28922633e+02
1.26604819e+02
1.24981023e+02
1.23440542e+02
1.22210251e+02
1.21255868e+02
1.20703384e+02
1.19386939e+02
1.18851488e+02
1.18613150e+02
1.18034638e+02
1.17177585e+02
1.16895293e+02
1.16682918e+02
1.16501826e+02
1.16274648e+02
1.16128401e+02
1.16090581e+02
1.15565227e+02
1.15610407e+02
1.15198418e+02
1.15648577e+02
1.14791594e+02
1.14974410e+02
1.14652947e+02
1.14988269e+02
1.14624358e+02
1.15070781e+02
1.14625702e+02
1.14563938e+02
1.14538111e+02
2.70253959e+02
2.49948042e+02
2.44470622e+02
2.38231839e+02
2.32132854e+02
2.26460517e+02
2.20615040e+02
2.16665200e+02
2.12417496e+02
2.08873603e+02
2.06316370e+02
2.04312206e+02
2.01897466e+02
2.00101979e+02
1.98486921e+02
1.97231179e+02
1.96264637e+02
1.95049338e+02
1.94361639e+02
1.93774554e+02
1.92685970e+02
1.92178574e+02
1.91518685e+02
1.91699787e+02
1.91003668e+02
1.91074284e+02
1.90657807e+02
1.90156197e+02
1.89506036e+02
1.89763696e+02
1.89739434e+02
1.89473623e+02
1.89494931e+02
1.88755569e+02
1.89144921e+02
1.89206982e+02
1.88872331e+02
2.68945819e+02
2.68809889e+02
2.68442030e+02
2.68036973e+02
2.67462397e+02
2.66943117e+02
2.66554069e+02
2.65927059e+02
2.65523948e+02
2.64961465e+02
2.64671420e+02
2.63953602e+02
2.63301042e+02
2.63471603e+02
2.63146027e+02
2.62505449e+02
2.62633111e+02
2.62626270e+02
2.62371447e+02
2.62037176e+02
2.61849740e+02
2.62109906e+02
2.61726214e+02
2.61957519e+02
2.61851049e+02
2.61672373e+02
2.61732837e+02
2.61911709e+02
2.61337195e+02
2.61352594e+02
2.61424236e+02
2.61397012e+02
2.61155296e+02
2.61526113e+02
2.61168163e+02
2.61529449e+02
2.61241066e+02
2.68255798e+02
2.68457916e+02
2.68141973e+02
2.67805670e+02
2.68003875e+02
2.67241641e+02
2.67173494e+02
2.66658742e+02
2.66000683e+02
2.66280468e+02
2.65606871e+02
2.65605077e+02
2.65218017e+02
2.65325904e+02
2.64972465e+02
2.64757080e+02
2.64440830e+02
2.64340091e+02
2.64416488e+02
2.64344762e+02
2.63972878e+02
2.63746616e+02
2.63996557e+02
2.64470361e+02
2.63926366e+02
2.63991906e+02
2.63715565e+02
2.63803343e+02
2.63748902e+02
2.63787020e+02
2.63645079e+02
2.63601462e+02
2.64074884e+02
2.63843986e+02
2.63912701e+02
2.63972935e+02
2.63905626e+02
2.71990901e+02
2.70920362e+02
2.69461978e+02
2.66980355e+02
2.63786923e+02
2.60363631e+02
2.57185535e+02
2.53894653e+02
2.51021272e+02
2.48270599e+02
2.45504333e+02
2.43104225e+02
2.40795581e+02
2.39084534e+02
2.36671067e+02
2.34880083e+02
2.33289070e+02
2.31818303e+02
2.30604632e+02
2.29022555e+02
2.27992209e+02
2.26941485e+02
2.25688056e+02
2.24420437e+02
2.23739395e+02
2.23399042e+02
2.22307659e+02
2.21803853e+02
2.20875020e+02
2.20121597e+02
2.19776082e+02
2.18679040e+02
2.18835111e+02
2.18290485e+02
2.17790001e+02
2.17008303e+02
2.16958571e+02
2.71661294e+02
2.70927245e+02
2.68501739e+02
2.66380968e+02
2.63028242e+02
2.60259938e+02
2.57740014e+02
2.54546341e+02
2.52293052e+02
2.50262660e+02
2.47642689e+02
2.45684587e+02
2.43703976e+02
2.42039474e+02
2.40403370e+02
2.38777080e+02
2.37383832e+02
2.36233410e+02
2.35128014e+02
2.34008036e+02
2.32757404e+02
2.31802933e+02
2.30937649e+02
2.30246229e+02
2.29328738e+02
2.28843654e+02
2.28063445e+02
2.27300405e+02
2.26868372e+02
2.26070981e+02
2.25886212e+02
2.25477204e+02
2.24684482e+02
2.24063969e+02
2.23716645e+02
2.23852901e+02
2.23075983e+02
2.70961116e+02
2.70762754e+02
2.71199969e+02
2.70982679e+02
2.70274610e+02
2.69662800e+02
2.68791583e+02
2.68003665e+02
2.67398702e+02
2.66524472e+02
2.65714861e+02
2.64958160e+02
2.64011628e+02
2.63667159e+02
2.62338898e+02
2.62375133e+02
2.61637461e+02
2.61194888e+02
2.60913658e+02
2.60045406e+02
2.59890322e+02
2.59541522e+02
2.58377077e+02
2.58403817e+02
2.58439805e+02
2.57857255e+02
2.58071587e+02
2.57244292e+02
2.56998155e+02
2.57165196e+02
2.56892992e+02
2.56804399e+02
2.56583793e+02
2.55933110e+02
2.55737167e+02
2.55611148e+02
2.55833889e+02
2.70673997e+02
2.71299065e+02
2.70966549e+02
2.71066333e+02
2.70658317e+02
2.70463273e+02
2.70020203e+02
2.70201333e+02
2.69583018e+02
2.69413137e+02
2.68832517e+02
2.68710245e+02
2.68275882e+02
2.67994615e+02
2.67823847e+02
2.67395932e+02
2.67130381e+02
2.66925178e+02
2.66480512e+02
2.66128667e+02
2.65970817e+02
2.66016414e+02
2.65935207e+02
2.65655569e+02
2.65084451e+02
2.64999498e+02
2.65074595e+02
2.65106240e+02
2.64680071e+02
2.64569306e+02
2.64595682e+02
2.64922662e+02
2.64077034e+02
2.64357321e+02
2.64228422e+02
2.64496194e+02
2.64030902e+02
2.70874663e+02
2.70835623e+02
2.71075138e+02
2.70909905e+02
2.71705671e+02
2.70570226e+02
2.70856469e+02
2.70751976e+02
2.70708792e+02
2.70994746e+02
2.70677372e+02
2.71002235e+02
2.70724926e+02
2.70659930e+02
2.70853558e+02
2.70892285e+02
2.70801932e+02
2.70853491e+02
2.70825730e+02
2.70601828e+02
2.70998391e+02
2.70766602e+02
2.70790032e+02
2.70837552e+02
2.70673853e+02
2.71116233e+02
2.70642492e+02
2.70795242e+02
2.70679428e+02
2.70627336e+02
2.70659097e+02
2.70737554e+02
2.70833874e+02
2.71079087e+02
2.70868163e+02
2.70439668e+02
2.70368629e+02
