2.69709951e+02
4.98152705e+01
4.99563051e+01
5.00958745e+01
5.00706792e+01
4.96464658e+01
5.02624513e+01
5.05450866e+01
4.99852739e+01
4.99611691e+01
4.97342093e+01
4.98383331e+01
5.02511650e+01
4.97062363e+01
5.01629437e+01
4.99112196e+01
4.97098339e+01
4.98764899e+01
4.97776190e+01
5.04045162e+01
5.02247463e+01
4.99752877e+01
5.01431799e+01
4.97993101e+01
4.95888688e+01
4.97629654e+01
4.95459458e+01
4.98565513e+01
5.01884825e+01
4.98086741e+01
4.97309525e+01
4.98265338e+01
4.98507707e+01
5.02967538e+01
5.00075989e+01
5.00527053e+01
4.99398458e+01
2.70069684e+02
1.49892183e+02
1.43633806e+02
1.39773573e+02
1.37206227e+02
1.34222377e+02
1.31909619e+02
1.30314057e+02
1.28772612e+02
1.27483347e+02
1.26157887e+02
1.25145127e+02
1.24441993e+02
1.23748217e+02
1.23447649e+02
1.23557906e+02
1.22447426e+02
1.22273166e+02
1.21729237e+02
1.21725251e+02
1.21885634e+02
1.21387325e+02
1.21067841e+02
1.21228395e+02
1.21134831e+02
1.20460159e+02
1.20920706e+02
1.20370123e+02
1.20732177e+02
1.20414724e+02
1.20199462e+02
1.20599507e+02
1.20316186e+02
1.20383089e+02
1.20044024e+02
1.20479149e+02
1.19896433e+02
2.70098001e+02
2.50265481e+02
2.44627564e+02
2.38839258e+02
2.33359043e+02
2.28396226e+02
2.23378270e+02
2.19464018e+02
2.16050899e+02
2.13701691e+02
2.11124705e+02
2.08965600e+02
2.06713578e+02
2.05573105e+02
2.04402822e+02
2.03158276e+02
2.02579371e+02
2.01407679e+02
2.00841017e+02
2.00478004e+02
1.99652033e+02
1.99629579e+02
1.98808677e+02
1.98327148e+02
1.98358751e+02
1.98003008e+02
1.98172786e+02
1.98108527e+02
1.97503484e+02
1.97051773e+02
1.97428775e+02
1.97162952e+02
1.96747305e+02
1.96969716e+02
1.97078439e+02
1.96667832e+02
1.96544567e+02
2.68664874e+02
2.68818720e+02
2.68153781e+02
2.67830836e+02
2.67251841e+02
2.66971474e+02
2.66562950e+02
2.66133224e+02
2.65464858e+02
2.65090127e+02
2.64395578e+02
2.64557742e+02
2.64080913e+02
2.63767187e+02
2.63433709e+02
2.62957106e+02
2.63334725e+02
2.63044588e+02
2.62671373e+02
2.62785791e+02
2.62587501e+02
2.62356496e+02
2.62495258e+02
2.62297969e+02
2.62309026e+02
2.62161239e+02
2.62045587e+02
2.62077281e+02
2.61972079e+02
2.61875409e+02
2.62054547e+02
2.62053794e+02
2.62356425e+02
2.61857370e+02
2.61898465e+02
2.61964033e+02
2.61992377e+02
2.68378306e+02
2.68380672e+02
2.68174612e+02
2.67801343e+02
2.67449616e+02
2.67342183e+02
2.67522214e+02
2.66965417e+02
2.66359480e+02
2.66027722e+02
2.65879019e+02
2.65679446e+02
2.65414351e+02
2.65145210e+02
2.64928520e+02
2.64694404e+02
2.64654838e+02
2.64912043e+02
2.64256102e+02
2.64786731e+02
2.64597822e+02
2.64621993e+02
2.64635344e+02
2.63953802e+02
2.64198026e+02
2.63969334e+02
2.63777597e+02
2.63973107e+02
2.64204009e+02
2.63891979e+02
2.64113986e+02
2.63904577e+02
2.64018243e+02
2.64322219e+02
2.64102525e+02
2.64043998e+02
2.64172373e+02
2.70189931e+02
2.69854626e+02
2.68252493e+02
2.66376494e+02
2.63813224e+02
2.61449728e+02
2.58784926e+02
2.56453788e+02
2.54407957e+02
2.52363455e+02
2.50544165e+02
2.48476600e+02
2.46372521e+02
2.45318575e+02
2.44010402e+02
2.42710898e+02
2.41101294e+02
2.40126153e+02
2.39705293e+02
2.38462794e+02
2.37482226e+02
2.37057699e+02
2.35889177e+02
2.35352060e+02
2.34558570e+02
2.33867804e+02
2.33459699e+02
2.32788736e+02
2.32502236e+02
2.32045961e+02
2.31406626e+02
2.31113792e+02
2.30588289e+02
2.30272786e+02
2.30153764e+02
2.29829775e+02
2.29719535e+02
2.70367598e+02
2.70063558e+02
2.68759695e+02
2.66768937e+02
2.64491157e+02
2.62421119e+02
2.60314832e+02
2.57570099e+02
2.56130873e+02
2.54387065e+02
2.52648759e+02
2.50856586e+02
2.49297431e+02
2.47853914e+02
2.46519623e+02
2.45112437e+02
2.44331025e+02
2.43046600e+02
2.42374118e+02
2.41340374e+02
2.40903042e+02
2.39781671e+02
2.39098428e+02
2.39233684e+02
2.38025028e+02
2.37512392e+02
2.37012014e+02
2.36899719e+02
2.36104835e+02
2.35649048e+02
2.35624948e+02
2.35005158e+02
2.34619252e+02
2.34316136e+02
2.34375895e+02
2.33872978e+02
2.33752042e+02
2.70245010e+02
2.70128159e+02
2.69448342e+02
2.68320995e+02
2.67181790e+02
2.65542853e+02
2.64526179e+02
2.63048641e+02
2.61710811e+02
2.61085553e+02
2.60463141e+02
2.59399212e+02
2.58947166e+02
2.57849723e+02
2.57489785e+02
2.56339968e+02
2.55991916e+02
2.55146740e+02
2.55184148e+02
2.54335519e+02
2.54242695e+02
2.53713428e+02
2.53660234e+02
2.53159879e+02
2.52651412e+02
2.52411486e+02
2.52189672e+02
2.51645935e+02
2.51541268e+02
2.51401811e+02
2.51131474e+02
2.51137907e+02
2.50927999e+02
2.50566076e+02
2.50587897e+02
2.50449937e+02
2.50576911e+02
2.70764584e+02
2.70499388e+02
2.69897286e+02
2.69358968e+02
2.67702865e+02
2.66979135e+02
2.66540557e+02
2.65560707e+02
2.64927047e+02
2.64446223e+02
2.64120130e+02
2.63446695e+02
2.63201057e+02
2.62816957e+02
2.61924742e+02
2.62036586e+02
2.61580198e+02
2.61501056e+02
2.61402922e+02
2.61048434e+02
2.60522243e+02
2.60130270e+02
2.60304181e+02
2.60026302e+02
2.60187675e+02
2.59761146e+02
2.59576062e+02
2.59561893e+02
2.59414684e+02
2.59407068e+02
2.59816249e+02
2.59250358e+02
2.59097436e+02
2.58875677e+02
2.58813579e+02
2.58792957e+02
2.58559338e+02
2.71061864e+02
2.70334709e+02
2.70654057e+02
2.70598188e+02
2.70111942e+02
2.69947052e+02
2.70035019e+02
2.70229434e+02
2.69994038e+02
2.70219953e+02
2.69596021e+02
2.69762671e+02
2.69742436e+02
2.70232835e+02
2.69872356e+02
2.69684286e+02
2.70034560e+02
2.70012497e+02
2.69899927e+02
2.69875430e+02
2.69471104e+02
2.69757962e+02
2.69877377e+02
2.69794837e+02
2.69545395e+02
2.69487538e+02
2.69718960e+02
2.69659358e+02
2.69243652e+02
2.69335116e+02
2.69598808e+02
2.69826346e+02
2.69383132e+02
2.69466859e+02
2.69564895e+02
2.69817456e+02
2.69209286e+02
