-2.2000e+02
0.0000e+00
0.0000e+00
0.0000e+00
0.0000e+00
0.0000e+00
0.0000e+00
0.0000e+00
0.0000e+00
0.0000e+00
0.0000e+00
0.0000e+00
0.0000e+00
0.0000e+00
0.0000e+00
0.0000e+00
0.0000e+00
0.0000e+00
0.0000e+00
0.0000e+00
0.0000e+00
0.0000e+00
0.0000e+00
0.0000e+00
0.0000e+00
0.0000e+00
0.0000e+00
0.0000e+00
0.0000e+00
0.0000e+00
0.0000e+00
0.0000e+00
0.0000e+00
0.0000e+00
0.0000e+00
0.0000e+00
-1.2000e+02
-6.3594e+00
-3.8586e+00
-2.9768e+00
-2.5336e+00
-2.1863e+00
-1.8266e+00
-1.5080e+00
-1.2513e+00
-1.0453e+00
-8.7874e-01
-7.4288e-01
-6.3110e-01
-5.3843e-01
-4.6110e-01
-3.9623e-01
-3.4155e-01
-2.9527e-01
-2.5597e-01
-2.2247e-01
-1.9386e-01
-1.6934e-01
-1.4829e-01
-1.3018e-01
-1.1456e-01
-1.0106e-01
-8.9370e-02
-7.9230e-02
-7.0418e-02
-6.2744e-02
-5.4056e-02
-4.8696e-02
-4.3900e-02
-3.9654e-02
-3.5899e-02
-3.2576e-02
-2.0000e+01
-5.6129e+00
-5.6093e+00
-5.6643e+00
-5.3482e+00
-4.7211e+00
-4.0645e+00
-3.4677e+00
-2.9484e+00
-2.5050e+00
-2.1295e+00
-1.8126e+00
-1.5452e+00
-1.3195e+00
-1.1287e+00
-9.6715e-01
-8.3010e-01
-7.1365e-01
-6.1452e-01
-5.3001e-01
-4.5785e-01
-3.9615e-01
-3.4332e-01
-2.9803e-01
-2.5915e-01
-2.2573e-01
-1.9698e-01
-1.7220e-01
-1.5084e-01
-1.3238e-01
-1.1260e-01
-9.9690e-02
-8.8427e-02
-7.8595e-02
-7.0005e-02
-6.2490e-02
-7.5452e-02
-2.3910e-01
-3.7868e-01
-4.8773e-01
-5.5178e-01
-5.7081e-01
-5.5500e-01
-5.1774e-01
-4.7013e-01
-4.1950e-01
-3.7011e-01
-3.2415e-01
-2.8255e-01
-2.4554e-01
-2.1299e-01
-1.8455e-01
-1.5983e-01
-1.3840e-01
-1.1987e-01
-1.0387e-01
-9.0059e-02
-7.8148e-02
-6.7877e-02
-5.9020e-02
-5.1382e-02
-4.4790e-02
-3.9102e-02
-3.4188e-02
-2.9941e-02
-2.6269e-02
-2.2691e-02
-1.9845e-02
-1.7510e-02
-1.5522e-02
-1.3800e-02
-1.2300e-02
-1.6188e-02
-8.8944e-02
-1.7652e-01
-2.5491e-01
-3.1084e-01
-3.3898e-01
-3.4221e-01
-3.2770e-01
-3.0292e-01
-2.7357e-01
-2.4333e-01
-2.1429e-01
-1.8749e-01
-1.6335e-01
-1.4194e-01
-1.2313e-01
-1.0672e-01
-9.2452e-02
-8.0092e-02
-6.9403e-02
-6.0170e-02
-5.2201e-02
-4.5326e-02
-3.9395e-02
-3.4279e-02
-2.9865e-02
-2.6054e-02
-2.2765e-02
-1.9922e-02
-1.7463e-02
-1.4986e-02
-1.3218e-02
-1.1637e-02
-1.0293e-02
-9.1350e-03
-8.1310e-03
-2.7514e-01
-1.5469e+00
-2.2634e+00
-2.5043e+00
-2.5274e+00
-2.4469e+00
-2.3178e+00
-2.1681e+00
-2.0122e+00
-1.8585e+00
-1.7114e+00
-1.5731e+00
-1.4447e+00
-1.3264e+00
-1.2180e+00
-1.1189e+00
-1.0286e+00
-9.4647e-01
-8.7173e-01
-8.0377e-01
-7.4195e-01
-6.8569e-01
-6.3446e-01
-5.8776e-01
-5.4516e-01
-5.0624e-01
-4.7067e-01
-4.3809e-01
-4.0824e-01
-3.8084e-01
-3.4211e-01
-3.2089e-01
-3.0116e-01
-2.8283e-01
-2.6585e-01
-2.5010e-01
-2.6094e-01
-1.4397e+00
-2.0917e+00
-2.2952e+00
-2.3034e+00
-2.2226e+00
-2.1008e+00
-1.9619e+00
-1.8184e+00
-1.6773e+00
-1.5428e+00
-1.4166e+00
-1.2998e+00
-1.1925e+00
-1.0943e+00
-1.0048e+00
-9.2339e-01
-8.4938e-01
-7.8215e-01
-7.2107e-01
-6.6555e-01
-6.1506e-01
-5.6911e-01
-5.2724e-01
-4.8905e-01
-4.5417e-01
-4.2229e-01
-3.9310e-01
-3.6634e-01
-3.4179e-01
-3.0679e-01
-2.8800e-01
-2.7041e-01
-2.5402e-01
-2.3879e-01
-2.2466e-01
-2.8428e-01
-9.8137e-01
-1.3086e+00
-1.3753e+00
-1.3459e+00
-1.2779e+00
-1.1939e+00
-1.1045e+00
-1.0152e+00
-9.2939e-01
-8.4879e-01
-7.7426e-01
-7.0602e-01
-6.4395e-01
-5.8772e-01
-5.3690e-01
-4.9102e-01
-4.4963e-01
-4.1227e-01
-3.7855e-01
-3.4807e-01
-3.2050e-01
-2.9553e-01
-2.7289e-01
-2.5232e-01
-2.3362e-01
-2.1659e-01
-2.0106e-01
-1.8687e-01
-1.7389e-01
-1.5652e-01
-1.4640e-01
-1.3698e-01
-1.2829e-01
-1.2026e-01
-1.1285e-01
-2.1186e-01
-8.0752e-01
-1.0463e+00
-9.9660e-01
-8.8211e-01
-7.7451e-01
-6.8472e-01
-6.0991e-01
-5.4610e-01
-4.9070e-01
-4.4211e-01
-3.9925e-01
-3.6130e-01
-3.2761e-01
-2.9764e-01
-2.7093e-01
-2.4707e-01
-2.2572e-01
-2.0658e-01
-1.8939e-01
-1.7392e-01
-1.5998e-01
-1.4739e-01
-1.3600e-01
-1.2568e-01
-1.1630e-01
-1.0778e-01
-1.0001e-01
-9.2917e-02
-8.6438e-02
-7.7774e-02
-7.2823e-02
-6.8158e-02
-6.3807e-02
-5.9783e-02
-5.6068e-02
-8.8422e-02
-1.7422e-01
-1.5200e-01
-1.2118e-01
-9.8610e-02
-8.2422e-02
-7.0334e-02
-6.0778e-02
-5.2938e-02
-4.6378e-02
-4.0822e-02
-3.6077e-02
-3.2001e-02
-2.8482e-02
-2.5431e-02
-2.2773e-02
-2.0454e-02
-1.8420e-02
-1.6633e-02
-1.5058e-02
-1.3665e-02
-1.2430e-02
-1.1333e-02
-1.0354e-02
-9.4810e-03
-8.6970e-03
-7.9960e-03
-7.3630e-03
-6.7920e-03
-6.2780e-03
-5.6300e-03
-5.2280e-03
-4.8640e-03
-4.5300e-03
-4.2250e-03
-3.9460e-03
