2.69998744e+02
4.97175628e+01
4.99289461e+01
5.00504483e+01
5.01100144e+01
5.01102852e+01
5.01651232e+01
4.99730419e+01
4.98140750e+01
4.99895376e+01
4.98926260e+01
4.97488745e+01
4.99918954e+01
4.98978324e+01
5.02251962e+01
5.02635543e+01
4.98792272e+01
5.00345100e+01
4.99405641e+01
4.96770727e+01
4.99960798e+01
5.02721306e+01
5.00663621e+01
5.01110856e+01
5.00748428e+01
4.98529811e+01
4.98833346e+01
4.98429633e+01
4.98008319e+01
4.97042302e+01
4.98539491e+01
5.03686748e+01
4.98321714e+01
5.01013852e+01
5.02468040e+01
4.98330284e+01
4.97669530e+01
2.70308059e+02
1.50126765e+02
1.43575052e+02
1.39696987e+02
1.36572500e+02
1.34316662e+02
1.32084207e+02
1.30228225e+02
1.28555776e+02
1.27672170e+02
1.25900929e+02
1.25323416e+02
1.24571296e+02
1.23706807e+02
1.23803367e+02
1.23154258e+02
1.22593610e+02
1.22316930e+02
1.22191273e+02
1.21628454e+02
1.21331961e+02
1.21327662e+02
1.21138228e+02
1.20890635e+02
1.20701809e+02
1.20264636e+02
1.20810345e+02
1.21001673e+02
1.20650191e+02
1.20648523e+02
1.20553478e+02
1.20209445e+02
1.20436941e+02
1.20314059e+02
1.19718520e+02
1.20037977e+02
1.20074043e+02
2.70069860e+02
2.50454276e+02
2.44040688e+02
2.38827839e+02
2.33310971e+02
2.27910072e+02
2.23102968e+02
2.18889036e+02
2.15420277e+02
2.12599625e+02
2.10415007e+02
2.08087777e+02
2.06381579e+02
2.04407631e+02
2.03212104e+02
2.02057098e+02
2.01373646e+02
2.00616288e+02
2.00054993e+02
1.99239857e+02
1.98766683e+02
1.97573637e+02
1.97582383e+02
1.97540629e+02
1.96830116e+02
1.96674021e+02
1.96832997e+02
1.96110960e+02
1.96023744e+02
1.96023066e+02
1.95805277e+02
1.95928449e+02
1.95932588e+02
1.95788436e+02
1.95770754e+02
1.95223664e+02
1.95258874e+02
2.68626504e+02
2.68304069e+02
2.68539114e+02
2.67781169e+02
2.67404798e+02
2.67124146e+02
2.66684676e+02
2.66343534e+02
2.65134534e+02
2.64773123e+02
2.64441060e+02
2.64022779e+02
2.63784134e+02
2.63236471e+02
2.63443726e+02
2.63105855e+02
2.62819930e+02
2.62741656e+02
2.62674652e+02
2.62282453e+02
2.62411945e+02
2.62287302e+02
2.62064879e+02
2.61922065e+02
2.61769456e+02
2.61535981e+02
2.61740918e+02
2.62122438e+02
2.62062158e+02
2.61833693e+02
2.61654916e+02
2.61908944e+02
2.61135188e+02
2.61581022e+02
2.61730540e+02
2.61556767e+02
2.61330295e+02
2.68411227e+02
2.68092521e+02
2.68139303e+02
2.67710349e+02
2.67536571e+02
2.67621202e+02
2.67359100e+02
2.67023063e+02
2.66403548e+02
2.66137339e+02
2.65732759e+02
2.65195240e+02
2.65249454e+02
2.65268105e+02
2.64941273e+02
2.64699550e+02
2.65002502e+02
2.64747686e+02
2.64166020e+02
2.64347157e+02
2.64327391e+02
2.64308861e+02
2.64285040e+02
2.64279585e+02
2.64376134e+02
2.64053529e+02
2.64067962e+02
2.64119877e+02
2.64262066e+02
2.64262419e+02
2.64064232e+02
2.63866018e+02
2.64091901e+02
2.63773385e+02
2.64126901e+02
2.64486659e+02
2.63454913e+02
2.65977129e+02
2.65901180e+02
2.65179400e+02
2.63251361e+02
2.61120782e+02
2.58741553e+02
2.56492470e+02
2.54635729e+02
2.52985314e+02
2.50726198e+02
2.49075041e+02
2.47980033e+02
2.46354869e+02
2.44999631e+02
2.44089349e+02
2.42665112e+02
2.41538717e+02
2.40591655e+02
2.39387583e+02
2.39242550e+02
2.38278412e+02
2.37077682e+02
2.36869327e+02
2.36327388e+02
2.35793136e+02
2.35350563e+02
2.35250457e+02
2.34048316e+02
2.33637856e+02
2.33500328e+02
2.33035677e+02
2.32817954e+02
2.32501866e+02
2.32407306e+02
2.32013062e+02
2.31855987e+02
2.31307262e+02
2.66980749e+02
2.66485459e+02
2.65829188e+02
2.63302522e+02
2.61985793e+02
2.60046212e+02
2.57572262e+02
2.55630913e+02
2.54120718e+02
2.52581398e+02
2.50911174e+02
2.49572724e+02
2.48339332e+02
2.46946696e+02
2.46018814e+02
2.45021682e+02
2.43915990e+02
2.43302271e+02
2.42552506e+02
2.41671455e+02
2.41036396e+02
2.40660433e+02
2.40020625e+02
2.39072432e+02
2.39188283e+02
2.38359001e+02
2.38053989e+02
2.37614495e+02
2.36904973e+02
2.36978952e+02
2.36602880e+02
2.36597938e+02
2.35876262e+02
2.35578123e+02
2.35196851e+02
2.35450502e+02
2.35143573e+02
2.69227432e+02
2.69148025e+02
2.68344294e+02
2.67396872e+02
2.65693023e+02
2.64464817e+02
2.63085112e+02
2.61994385e+02
2.60989846e+02
2.60224720e+02
2.59125568e+02
2.58541803e+02
2.57666056e+02
2.57550971e+02
2.56400472e+02
2.56313114e+02
2.55841885e+02
2.55043809e+02
2.54092362e+02
2.54335035e+02
2.54153668e+02
2.53315269e+02
2.53195495e+02
2.52926454e+02
2.53100535e+02
2.52695236e+02
2.52568505e+02
2.52145544e+02
2.52257752e+02
2.51716492e+02
2.51651845e+02
2.51184890e+02
2.51447198e+02
2.51478652e+02
2.51480837e+02
2.51106820e+02
2.51126521e+02
2.70071885e+02
2.69857140e+02
2.68886701e+02
2.68384317e+02
2.67378713e+02
2.66367899e+02
2.65448729e+02
2.65156619e+02
2.64292569e+02
2.63925703e+02
2.63186874e+02
2.62778295e+02
2.62468871e+02
2.62183116e+02
2.61607754e+02
2.61500941e+02
2.61239754e+02
2.61122594e+02
2.60590955e+02
2.60778570e+02
2.60709804e+02
2.60162200e+02
2.59935240e+02
2.60179854e+02
2.60181359e+02
2.59808859e+02
2.59566886e+02
2.59687914e+02
2.59786676e+02
2.59857793e+02
2.59333614e+02
2.59153505e+02
2.59374373e+02
2.59297875e+02
2.59077197e+02
2.58928089e+02
2.59079568e+02
2.70404717e+02
2.70999314e+02
2.70506699e+02
2.70465623e+02
2.69848919e+02
2.69973061e+02
2.70300565e+02
2.69621966e+02
2.69843670e+02
2.70006729e+02
2.70014080e+02
2.69949664e+02
2.70107704e+02
2.69519222e+02
2.69573449e+02
2.69660421e+02
2.69296015e+02
2.69593121e+02
2.69352153e+02
2.69523588e+02
2.69642739e+02
2.69387941e+02
2.69471368e+02
2.69451540e+02
2.69687655e+02
2.69424370e+02
2.69328267e+02
2.69523257e+02
2.69270659e+02
2.69701213e+02
2.69474360e+02
2.69294585e+02
2.69447500e+02
2.69397382e+02
2.69427905e+02
2.69278522e+02
2.69760466e+02
