-2.2000e+02
0.0000e+00
0.0000e+00
0.0000e+00
0.0000e+00
0.0000e+00
0.0000e+00
0.0000e+00
0.0000e+00
0.0000e+00
0.0000e+00
0.0000e+00
0.0000e+00
0.0000e+00
0.0000e+00
0.0000e+00
0.0000e+00
0.0000e+00
0.0000e+00
0.0000e+00
0.0000e+00
0.0000e+00
0.0000e+00
0.0000e+00
0.0000e+00
0.0000e+00
0.0000e+00
0.0000e+00
0.0000e+00
0.0000e+00
0.0000e+00
0.0000e+00
0.0000e+00
0.0000e+00
0.0000e+00
0.0000e+00
-1.2000e+02
-6.2490e+00
-3.8192e+00
-2.9456e+00
-2.5146e+00
-2.1611e+00
-1.8239e+00
-1.5112e+00
-1.2571e+00
-1.0525e+00
-8.8670e-01
-7.5106e-01
-6.3917e-01
-5.4619e-01
-4.6841e-01
-4.0299e-01
-3.4770e-01
-3.0079e-01
-2.6084e-01
-2.2672e-01
-1.9750e-01
-1.7240e-01
-1.5080e-01
-1.3217e-01
-1.1607e-01
-1.0064e-01
-8.7643e-02
-7.7804e-02
-6.9122e-02
-6.1500e-02
-5.4811e-02
-4.8933e-02
-4.3763e-02
-3.9207e-02
-3.5187e-02
-3.1635e-02
-2.0000e+01
-5.5914e+00
-5.5656e+00
-5.6021e+00
-5.2972e+00
-4.6866e+00
-4.0428e+00
-3.4560e+00
-2.9443e+00
-2.5064e+00
-2.1347e+00
-1.8204e+00
-1.5548e+00
-1.3301e+00
-1.1399e+00
-9.7848e-01
-8.4132e-01
-7.2453e-01
-6.2491e-01
-5.3979e-01
-4.6695e-01
-4.0452e-01
-3.5094e-01
-3.0489e-01
-2.6526e-01
-2.2818e-01
-1.9690e-01
-1.7268e-01
-1.5165e-01
-1.3337e-01
-1.1748e-01
-1.0364e-01
-9.1576e-02
-8.1046e-02
-7.1843e-02
-6.3790e-02
-8.1504e-02
-2.4138e-01
-3.7997e-01
-4.8984e-01
-5.5610e-01
-5.7771e-01
-5.6407e-01
-5.2819e-01
-4.8123e-01
-4.3071e-01
-3.8107e-01
-3.3462e-01
-2.9242e-01
-2.5475e-01
-2.2150e-01
-1.9238e-01
-1.6699e-01
-1.4492e-01
-1.2579e-01
-1.0921e-01
-9.4871e-02
-8.2464e-02
-7.1735e-02
-6.2454e-02
-5.4426e-02
-4.7252e-02
-4.0809e-02
-3.5581e-02
-3.1182e-02
-2.7398e-02
-2.4119e-02
-2.1266e-02
-1.8782e-02
-1.6613e-02
-1.4718e-02
-1.3060e-02
-1.8827e-02
-9.1423e-02
-1.7845e-01
-2.5722e-01
-3.1440e-01
-3.4414e-01
-3.4881e-01
-3.3529e-01
-3.1100e-01
-2.8174e-01
-2.5132e-01
-2.2192e-01
-1.9466e-01
-1.7003e-01
-1.4810e-01
-1.2878e-01
-1.1187e-01
-9.7139e-02
-8.4336e-02
-7.3233e-02
-6.3615e-02
-5.5289e-02
-4.8084e-02
-4.1852e-02
-3.6458e-02
-3.1495e-02
-2.7356e-02
-2.3869e-02
-2.0879e-02
-1.8320e-02
-1.6110e-02
-1.4193e-02
-1.2525e-02
-1.1071e-02
-9.8000e-03
-8.6890e-03
-2.9652e-01
-1.6309e+00
-2.3909e+00
-2.6615e+00
-2.6984e+00
-2.6153e+00
-2.4713e+00
-2.2996e+00
-2.1188e+00
-1.9400e+00
-1.7692e+00
-1.6097e+00
-1.4627e+00
-1.3284e+00
-1.2065e+00
-1.0963e+00
-9.9688e-01
-9.0724e-01
-8.2648e-01
-7.5371e-01
-6.8810e-01
-6.2890e-01
-5.7542e-01
-5.2706e-01
-4.8325e-01
-4.3796e-01
-3.9703e-01
-3.6581e-01
-3.3745e-01
-3.1152e-01
-2.8778e-01
-2.6602e-01
-2.4607e-01
-2.2774e-01
-2.1090e-01
-1.9541e-01
-2.1080e-01
-1.3487e+00
-2.0908e+00
-2.3686e+00
-2.4143e+00
-2.3446e+00
-2.2180e+00
-2.0656e+00
-1.9047e+00
-1.7450e+00
-1.5921e+00
-1.4491e+00
-1.3171e+00
-1.1964e+00
-1.0868e+00
-9.8762e-01
-8.9807e-01
-8.1732e-01
-7.4456e-01
-6.7898e-01
-6.1984e-01
-5.6646e-01
-5.1825e-01
-4.7464e-01
-4.3516e-01
-3.9407e-01
-3.5729e-01
-3.2921e-01
-3.0366e-01
-2.8031e-01
-2.5894e-01
-2.3935e-01
-2.2139e-01
-2.0490e-01
-1.8975e-01
-1.7581e-01
-1.4158e-01
-8.4375e-01
-1.1859e+00
-1.2788e+00
-1.2806e+00
-1.2404e+00
-1.1778e+00
-1.1034e+00
-1.0241e+00
-9.4411e-01
-8.6648e-01
-7.9289e-01
-7.2420e-01
-6.6078e-01
-6.0264e-01
-5.4960e-01
-5.0137e-01
-4.5761e-01
-4.1794e-01
-3.8201e-01
-3.4945e-01
-3.1995e-01
-2.9321e-01
-2.6894e-01
-2.4690e-01
-2.2379e-01
-2.0308e-01
-1.8725e-01
-1.7282e-01
-1.5965e-01
-1.4761e-01
-1.3657e-01
-1.2644e-01
-1.1712e-01
-1.0854e-01
-1.0065e-01
-1.1910e-01
-7.0968e-01
-9.7703e-01
-9.5078e-01
-8.5634e-01
-7.6582e-01
-6.8964e-01
-6.2507e-01
-5.6849e-01
-5.1780e-01
-4.7192e-01
-4.3025e-01
-3.9237e-01
-3.5796e-01
-3.2670e-01
-2.9833e-01
-2.7260e-01
-2.4926e-01
-2.2810e-01
-2.0889e-01
-1.9146e-01
-1.7562e-01
-1.6123e-01
-1.4814e-01
-1.3621e-01
-1.2361e-01
-1.1227e-01
-1.0366e-01
-9.5799e-02
-8.8611e-02
-8.2026e-02
-7.5978e-02
-7.0415e-02
-6.5291e-02
-6.0567e-02
-5.6207e-02
-9.0637e-02
-1.9154e-01
-1.6898e-01
-1.3497e-01
-1.1018e-01
-9.2595e-02
-7.9571e-02
-6.9301e-02
-6.0826e-02
-5.3661e-02
-4.7520e-02
-4.2211e-02
-3.7594e-02
-3.3559e-02
-3.0024e-02
-2.6914e-02
-2.4175e-02
-2.1754e-02
-1.9613e-02
-1.7714e-02
-1.6024e-02
-1.4522e-02
-1.3180e-02
-1.1981e-02
-1.0907e-02
-9.8030e-03
-8.8320e-03
-8.0950e-03
-7.4250e-03
-6.8200e-03
-6.2710e-03
-5.7710e-03
-5.3180e-03
-4.9040e-03
-4.5250e-03
-4.1800e-03
