2.70000000e+02
5.00000000e+01
5.00000000e+01
5.00000000e+01
5.00000000e+01
5.00000000e+01
5.00000000e+01
5.00000000e+01
5.00000000e+01
5.00000000e+01
5.00000000e+01
5.00000000e+01
5.00000000e+01
5.00000000e+01
5.00000000e+01
5.00000000e+01
5.00000000e+01
5.00000000e+01
5.00000000e+01
5.00000000e+01
5.00000000e+01
5.00000000e+01
5.00000000e+01
5.00000000e+01
5.00000000e+01
5.00000000e+01
5.00000000e+01
5.00000000e+01
5.00000000e+01
5.00000000e+01
5.00000000e+01
5.00000000e+01
5.00000000e+01
5.00000000e+01
5.00000000e+01
5.00000000e+01
5.00000000e+01
2.70000000e+02
1.50000000e+02
1.43711265e+02
1.39826367e+02
1.36830189e+02
1.34263794e+02
1.32035327e+02
1.30182274e+02
1.28653468e+02
1.27385598e+02
1.26327140e+02
1.25437961e+02
1.24686823e+02
1.24049176e+02
1.23505517e+02
1.23040184e+02
1.22640483e+02
1.22296037e+02
1.21998305e+02
1.21740211e+02
1.21515864e+02
1.21320336e+02
1.21149487e+02
1.20999827e+02
1.20868401e+02
1.20752707e+02
1.20650611e+02
1.20560298e+02
1.20482187e+02
1.20413029e+02
1.20351083e+02
1.20295535e+02
1.20245632e+02
1.20200706e+02
1.20160172e+02
1.20123522e+02
1.20090310e+02
2.70000000e+02
2.50000000e+02
2.44414248e+02
2.38841649e+02
2.33209686e+02
2.27869608e+02
2.23136113e+02
2.19047516e+02
2.15551851e+02
2.12575948e+02
2.10046028e+02
2.07894903e+02
2.06064049e+02
2.04503561e+02
2.03171320e+02
2.02031949e+02
2.01055784e+02
2.00217947e+02
1.99497555e+02
1.98877054e+02
1.98341659e+02
1.97878898e+02
1.97478225e+02
1.97130711e+02
1.96828779e+02
1.96565992e+02
1.96336866e+02
1.96136731e+02
1.95965047e+02
1.95815127e+02
1.95682992e+02
1.95566315e+02
1.95463088e+02
1.95371579e+02
1.95290295e+02
1.95217946e+02
1.95153418e+02
2.68733700e+02
2.68654040e+02
2.68413086e+02
2.68034026e+02
2.67546528e+02
2.66994613e+02
2.66422809e+02
2.65865891e+02
2.65345480e+02
2.64872168e+02
2.64449177e+02
2.64075423e+02
2.63747589e+02
2.63461383e+02
2.63212258e+02
2.62995797e+02
2.62807905e+02
2.62644881e+02
2.62503441e+02
2.62380695e+02
2.62274123e+02
2.62181532e+02
2.62101024e+02
2.62030958e+02
2.61969917e+02
2.61916678e+02
2.61870186e+02
2.61829533e+02
2.61794258e+02
2.61763609e+02
2.61736719e+02
2.61713024e+02
2.61692092e+02
2.61673561e+02
2.61657122e+02
2.61642512e+02
2.61629501e+02
2.68331646e+02
2.68313672e+02
2.68223036e+02
2.68045693e+02
2.67790578e+02
2.67479630e+02
2.67140224e+02
2.66797084e+02
2.66467961e+02
2.66163231e+02
2.65887584e+02
2.65642018e+02
2.65425419e+02
2.65235601e+02
2.65069943e+02
2.64925748e+02
2.64800432e+02
2.64691615e+02
2.64597157e+02
2.64515162e+02
2.64443964e+02
2.64382109e+02
2.64328335e+02
2.64281548e+02
2.64240801e+02
2.64205278e+02
2.64174271e+02
2.64147174e+02
2.64123792e+02
2.64103333e+02
2.64085402e+02
2.64069633e+02
2.64055721e+02
2.64043420e+02
2.64032519e+02
2.64022840e+02
2.64014229e+02
2.69201558e+02
2.68890752e+02
2.67323329e+02
2.65081183e+02
2.62624654e+02
2.60157539e+02
2.57775555e+02
2.55522980e+02
2.53418213e+02
2.51465918e+02
2.49663128e+02
2.48002807e+02
2.46475925e+02
2.45072672e+02
2.43783157e+02
2.42597804e+02
2.41507570e+02
2.40504044e+02
2.39579486e+02
2.38726825e+02
2.37939632e+02
2.37212077e+02
2.36538889e+02
2.35915306e+02
2.35337028e+02
2.34800173e+02
2.34301236e+02
2.33837048e+02
2.33415187e+02
2.33024515e+02
2.32658882e+02
2.32316481e+02
2.31995591e+02
2.31694632e+02
2.31412159e+02
2.31146848e+02
2.30897486e+02
2.69439949e+02
2.69165519e+02
2.67764923e+02
2.65742307e+02
2.63530054e+02
2.61312896e+02
2.59173372e+02
2.57149300e+02
2.55256948e+02
2.53501001e+02
2.51879373e+02
2.50386141e+02
2.49013394e+02
2.47752364e+02
2.46594123e+02
2.45529982e+02
2.44551714e+02
2.43651664e+02
2.42822793e+02
2.42058675e+02
2.41353472e+02
2.40701901e+02
2.40099191e+02
2.39541036e+02
2.39023551e+02
2.38543234e+02
2.38096924e+02
2.37681771e+02
2.37304841e+02
2.36955693e+02
2.36628800e+02
2.36322642e+02
2.36035731e+02
2.35766669e+02
2.35514167e+02
2.35277039e+02
2.35054193e+02
2.70366938e+02
2.70198224e+02
2.69336676e+02
2.68131340e+02
2.66841311e+02
2.65566194e+02
2.64348013e+02
2.63205398e+02
2.62145793e+02
2.61170447e+02
2.60276894e+02
2.59460580e+02
2.58715931e+02
2.58037025e+02
2.57417988e+02
2.56853222e+02
2.56337516e+02
2.55866096e+02
2.55434627e+02
2.55039206e+02
2.54676323e+02
2.54342839e+02
2.54035945e+02
2.53753130e+02
2.53492149e+02
2.53250994e+02
2.53027870e+02
2.52821165e+02
2.52633799e+02
2.52460646e+02
2.52299285e+02
2.52148799e+02
2.52008304e+02
2.51876999e+02
2.51754165e+02
2.51639150e+02
2.51531361e+02
2.70653957e+02
2.70522572e+02
2.69815903e+02
2.68841766e+02
2.67888342e+02
2.67031223e+02
2.66271513e+02
2.65595982e+02
2.64992257e+02
2.64450756e+02
2.63963832e+02
2.63525094e+02
2.63129046e+02
2.62770898e+02
2.62446450e+02
2.62152008e+02
2.61884324e+02
2.61640534e+02
2.61418117e+02
2.61214849e+02
2.61028766e+02
2.60858134e+02
2.60701418e+02
2.60557258e+02
2.60424447e+02
2.60301912e+02
2.60188697e+02
2.60083951e+02
2.59989150e+02
2.59901661e+02
2.59820104e+02
2.59744087e+02
2.59673187e+02
2.59606997e+02
2.59545141e+02
2.59487278e+02
2.59433097e+02
2.70861453e+02
2.70783825e+02
2.70621683e+02
2.70478188e+02
2.70362985e+02
2.70268790e+02
2.70189760e+02
2.70122139e+02
2.70063604e+02
2.70012558e+02
2.69967799e+02
2.69928376e+02
2.69893518e+02
2.69862587e+02
2.69835051e+02
2.69810461e+02
2.69788439e+02
2.69768660e+02
2.69750849e+02
2.69734769e+02
2.69720217e+02
2.69707014e+02
2.69695011e+02
2.69684072e+02
2.69674084e+02
2.69664946e+02
2.69656568e+02
2.69648874e+02
2.69641956e+02
2.69635616e+02
2.69629745e+02
2.69624302e+02
2.69619251e+02
2.69614558e+02
2.69610191e+02
2.69606123e+02
2.69602328e+02
