2.69838736e+02
5.01666966e+01
5.02574273e+01
4.98987333e+01
4.99653265e+01
4.99014835e+01
4.96864246e+01
4.97188487e+01
4.99743388e+01
4.98299450e+01
5.00488677e+01
5.02019979e+01
4.98136185e+01
5.01828020e+01
5.02137780e+01
5.02396796e+01
4.98906422e+01
4.98128243e+01
5.01962830e+01
4.96353021e+01
4.97006396e+01
5.01229025e+01
5.01999379e+01
5.01404621e+01
5.00391932e+01
5.02292619e+01
5.02336615e+01
4.99633096e+01
5.03064617e+01
5.02009405e+01
5.00057409e+01
4.99634584e+01
4.97883614e+01
4.93132049e+01
5.00766109e+01
5.01040868e+01
5.01037228e+01
2.70220376e+02
1.50251541e+02
1.43962694e+02
1.40286069e+02
1.36947244e+02
1.34557037e+02
1.32648846e+02
1.30512107e+02
1.29381665e+02
1.28285613e+02
1.27055578e+02
1.26221880e+02
1.25524878e+02
1.24872608e+02
1.24681836e+02
1.23596562e+02
1.23419223e+02
1.23315714e+02
1.22902702e+02
1.22873444e+02
1.22295949e+02
1.22550679e+02
1.21840115e+02
1.21754956e+02
1.21640657e+02
1.21669163e+02
1.21331968e+02
1.21301720e+02
1.21239423e+02
1.21181172e+02
1.20771881e+02
1.20816979e+02
1.21290293e+02
1.20672865e+02
1.20970128e+02
1.20968577e+02
1.20854133e+02
2.70141621e+02
2.49508833e+02
2.44746842e+02
2.39176268e+02
2.33562516e+02
2.28192189e+02
2.24084458e+02
2.19802904e+02
2.16738086e+02
2.14015552e+02
2.11487527e+02
2.09492103e+02
2.07609642e+02
2.06343194e+02
2.04866892e+02
2.03785339e+02
2.03150619e+02
2.02023245e+02
2.01582599e+02
2.00765953e+02
2.00469157e+02
1.99981920e+02
1.99626758e+02
1.99135521e+02
1.98595003e+02
1.98260928e+02
1.98483847e+02
1.98336302e+02
1.97900711e+02
1.98019835e+02
1.97725504e+02
1.97849812e+02
1.97613468e+02
1.97273684e+02
1.97402787e+02
1.97131267e+02
1.97505734e+02
2.68529306e+02
2.68697291e+02
2.68253396e+02
2.67704508e+02
2.67302265e+02
2.67212275e+02
2.66296106e+02
2.66212069e+02
2.65565618e+02
2.65049070e+02
2.64875992e+02
2.64609678e+02
2.64298450e+02
2.63876623e+02
2.63809930e+02
2.63573280e+02
2.63221402e+02
2.63239456e+02
2.63368002e+02
2.63037771e+02
2.62882024e+02
2.62535964e+02
2.62968520e+02
2.62492454e+02
2.62547193e+02
2.62455671e+02
2.62491822e+02
2.62541126e+02
2.62552916e+02
2.62488710e+02
2.62541203e+02
2.62560687e+02
2.62448230e+02
2.62201916e+02
2.62516019e+02
2.62213941e+02
2.62733068e+02
2.68433715e+02
2.68184354e+02
2.68395987e+02
2.67837429e+02
2.67539560e+02
2.67533369e+02
2.67204979e+02
2.67171402e+02
2.66479247e+02
2.65793196e+02
2.65862086e+02
2.65987176e+02
2.65520330e+02
2.65516430e+02
2.65133480e+02
2.64862921e+02
2.64978327e+02
2.64856630e+02
2.64951226e+02
2.64433553e+02
2.64485103e+02
2.64629846e+02
2.64453993e+02
2.64414159e+02
2.64212246e+02
2.64569982e+02
2.64527481e+02
2.64576081e+02
2.64358448e+02
2.64532875e+02
2.64469912e+02
2.64171020e+02
2.64072463e+02
2.64541125e+02
2.64420639e+02
2.64291387e+02
2.64136366e+02
2.70391112e+02
2.70040299e+02
2.68436107e+02
2.66396634e+02
2.64170712e+02
2.61644831e+02
2.59082612e+02
2.56879362e+02
2.54726891e+02
2.52495055e+02
2.50565363e+02
2.48802355e+02
2.47541041e+02
2.45849585e+02
2.44633142e+02
2.43284929e+02
2.42092736e+02
2.41004316e+02
2.40037560e+02
2.38790604e+02
2.38198690e+02
2.36901715e+02
2.36711822e+02
2.36444688e+02
2.35609306e+02
2.35090861e+02
2.34606365e+02
2.34085120e+02
2.33165392e+02
2.32897242e+02
2.32563637e+02
2.32186795e+02
2.31797082e+02
2.31411526e+02
2.31172298e+02
2.30806380e+02
2.30761675e+02
2.70155643e+02
2.70056206e+02
2.68464960e+02
2.66356857e+02
2.63870221e+02
2.61933723e+02
2.59369957e+02
2.57790981e+02
2.55580216e+02
2.53780621e+02
2.51893773e+02
2.50216381e+02
2.49103977e+02
2.48020849e+02
2.46246964e+02
2.45639256e+02
2.44365126e+02
2.43506327e+02
2.42110718e+02
2.41673223e+02
2.41127925e+02
2.40637497e+02
2.39344236e+02
2.38905201e+02
2.38707565e+02
2.38415145e+02
2.37327091e+02
2.37060118e+02
2.36510183e+02
2.36417302e+02
2.36149339e+02
2.35793684e+02
2.35384720e+02
2.35011088e+02
2.34671132e+02
2.34221187e+02
2.33944588e+02
2.70738424e+02
2.70302053e+02
2.69515669e+02
2.68026289e+02
2.66752303e+02
2.65514512e+02
2.63890510e+02
2.62550978e+02
2.61481932e+02
2.60612779e+02
2.59678812e+02
2.58425991e+02
2.58237893e+02
2.57371222e+02
2.56739596e+02
2.56136847e+02
2.55419382e+02
2.54554106e+02
2.54222121e+02
2.53685735e+02
2.53571477e+02
2.53284417e+02
2.53058998e+02
2.52695751e+02
2.52685757e+02
2.51971086e+02
2.52045361e+02
2.51547026e+02
2.51472393e+02
2.51268022e+02
2.50720261e+02
2.50816035e+02
2.50955566e+02
2.50436437e+02
2.50272004e+02
2.50676810e+02
2.50356354e+02
2.70992421e+02
2.70824583e+02
2.69696058e+02
2.69036961e+02
2.67657608e+02
2.66725008e+02
2.66041679e+02
2.65131578e+02
2.64295398e+02
2.64201035e+02
2.62939516e+02
2.62969788e+02
2.62328312e+02
2.62184715e+02
2.61679972e+02
2.60857985e+02
2.61194707e+02
2.60363278e+02
2.60354376e+02
2.60077876e+02
2.60119189e+02
2.59769868e+02
2.59788172e+02
2.59482997e+02
2.59546546e+02
2.59542696e+02
2.59221180e+02
2.58800239e+02
2.58885846e+02
2.59209493e+02
2.58643769e+02
2.58575091e+02
2.58092193e+02
2.58686266e+02
2.58408924e+02
2.58170466e+02
2.58344200e+02
2.71309781e+02
2.70856344e+02
2.70663592e+02
2.70515448e+02
2.70116476e+02
2.70042304e+02
2.70141940e+02
2.70114782e+02
2.69930896e+02
2.69642799e+02
2.70247395e+02
2.69789579e+02
2.69690815e+02
2.69293030e+02
2.69604538e+02
2.70164035e+02
2.69257097e+02
2.69642244e+02
2.69255854e+02
2.69363432e+02
2.69677442e+02
2.69340825e+02
2.69633454e+02
2.69429551e+02
2.69306493e+02
2.69675490e+02
2.69432996e+02
2.69572392e+02
2.69057166e+02
2.69466642e+02
2.69132326e+02
2.69228654e+02
2.69501148e+02
2.69320677e+02
2.69169258e+02
2.68948972e+02
2.69652040e+02
