2.70280987e+02
4.98670722e+01
4.99508718e+01
5.00305040e+01
5.00102492e+01
4.99784027e+01
5.00365476e+01
5.00670854e+01
5.01207497e+01
5.01712733e+01
4.99791806e+01
5.00955726e+01
5.03538323e+01
5.00407942e+01
5.00980272e+01
4.94701171e+01
5.01667245e+01
4.97626209e+01
5.00481891e+01
5.02104367e+01
5.00713023e+01
5.01547091e+01
4.98277737e+01
4.99983426e+01
5.01086373e+01
4.97162798e+01
5.00268057e+01
4.97513982e+01
5.02422473e+01
5.01806057e+01
4.99528885e+01
5.01247091e+01
5.00951372e+01
5.01992374e+01
4.99267588e+01
4.98649084e+01
4.98986638e+01
2.70114690e+02
1.49846772e+02
1.43954152e+02
1.40216475e+02
1.36793592e+02
1.34525277e+02
1.32516348e+02
1.30361815e+02
1.29088609e+02
1.27874525e+02
1.26773103e+02
1.26030444e+02
1.25257495e+02
1.24576818e+02
1.23924157e+02
1.23696693e+02
1.23692219e+02
1.22668407e+02
1.22817264e+02
1.22522254e+02
1.22136660e+02
1.21940494e+02
1.22061981e+02
1.21606141e+02
1.21309583e+02
1.21408754e+02
1.21064063e+02
1.21418914e+02
1.20811541e+02
1.20996396e+02
1.20862689e+02
1.20954191e+02
1.20790881e+02
1.20924107e+02
1.20424501e+02
1.20402146e+02
1.20326348e+02
2.70036159e+02
2.50141422e+02
2.44282134e+02
2.38854441e+02
2.33938805e+02
2.28330084e+02
2.23658803e+02
2.20231834e+02
2.16365275e+02
2.13783919e+02
2.11310242e+02
2.09100634e+02
2.07713976e+02
2.05982286e+02
2.05143548e+02
2.04201528e+02
2.03341832e+02
2.02521765e+02
2.01313507e+02
2.00963713e+02
2.00787198e+02
2.00107288e+02
2.00088116e+02
1.99461217e+02
1.98919185e+02
1.98934358e+02
1.98827554e+02
1.98245524e+02
1.98271520e+02
1.98222482e+02
1.98247177e+02
1.97885625e+02
1.98004324e+02
1.97984947e+02
1.97818359e+02
1.97884205e+02
1.97629368e+02
2.68300928e+02
2.68288940e+02
2.68491941e+02
2.68130617e+02
2.67481129e+02
2.67231476e+02
2.66493412e+02
2.65864806e+02
2.65191925e+02
2.65151688e+02
2.64766586e+02
2.64420035e+02
2.64264288e+02
2.63644663e+02
2.63582162e+02
2.63399401e+02
2.63157825e+02
2.62684426e+02
2.63068192e+02
2.62163652e+02
2.62627128e+02
2.62437196e+02
2.62355391e+02
2.62358255e+02
2.62431973e+02
2.62199047e+02
2.62276492e+02
2.62159615e+02
2.62317081e+02
2.62123945e+02
2.62286618e+02
2.62025091e+02
2.62303452e+02
2.62394460e+02
2.61987094e+02
2.62201752e+02
2.61997921e+02
2.68480805e+02
2.68376017e+02
2.68140165e+02
2.68005050e+02
2.67445168e+02
2.67869917e+02
2.67130712e+02
2.66772861e+02
2.66672313e+02
2.66718756e+02
2.66321335e+02
2.66200205e+02
2.65368953e+02
2.65669382e+02
2.65378299e+02
2.65025197e+02
2.65330194e+02
2.65121841e+02
2.64991561e+02
2.65107518e+02
2.65234768e+02
2.65045788e+02
2.64671216e+02
2.64927846e+02
2.64860646e+02
2.64674867e+02
2.64595627e+02
2.64958543e+02
2.64410977e+02
2.64467068e+02
2.64157035e+02
2.64774509e+02
2.64800649e+02
2.64860022e+02
2.64288283e+02
2.64448276e+02
2.64814155e+02
2.75021029e+02
2.74093144e+02
2.72518639e+02
2.70670183e+02
2.68116997e+02
2.65547289e+02
2.62907963e+02
2.60807637e+02
2.58240117e+02
2.55860017e+02
2.54606129e+02
2.53065065e+02
2.51135262e+02
2.49343318e+02
2.47896247e+02
2.46511550e+02
2.45612194e+02
2.43568291e+02
2.43133097e+02
2.42363674e+02
2.41408249e+02
2.40273324e+02
2.39920105e+02
2.39098334e+02
2.38471583e+02
2.37752612e+02
2.36987324e+02
2.36746519e+02
2.36165239e+02
2.35789896e+02
2.35208548e+02
2.34799674e+02
2.34740244e+02
2.34138131e+02
2.34212600e+02
2.33831467e+02
2.33304892e+02
2.74683384e+02
2.74073116e+02
2.72422258e+02
2.70313618e+02
2.67881523e+02
2.65229553e+02
2.63279143e+02
2.60846339e+02
2.59068377e+02
2.56526736e+02
2.55434980e+02
2.53868979e+02
2.52298784e+02
2.51270067e+02
2.49602522e+02
2.48576540e+02
2.47253202e+02
2.46088336e+02
2.45732485e+02
2.44719882e+02
2.44341512e+02
2.43165909e+02
2.42585041e+02
2.42264251e+02
2.41339909e+02
2.41155285e+02
2.40906636e+02
2.40248068e+02
2.39507523e+02
2.39005963e+02
2.38873462e+02
2.38310777e+02
2.38106300e+02
2.37484231e+02
2.37750281e+02
2.37495837e+02
2.36922944e+02
2.72886018e+02
2.72359119e+02
2.71607710e+02
2.70321887e+02
2.68845093e+02
2.67503444e+02
2.65937586e+02
2.64705315e+02
2.64355096e+02
2.62898251e+02
2.61862066e+02
2.61014756e+02
2.60495108e+02
2.59981648e+02
2.59034329e+02
2.58273886e+02
2.57664805e+02
2.57384959e+02
2.56874466e+02
2.56341918e+02
2.55971132e+02
2.56204348e+02
2.55461630e+02
2.55399635e+02
2.54605232e+02
2.54655448e+02
2.54420694e+02
2.54223716e+02
2.53819689e+02
2.54233641e+02
2.53453596e+02
2.53328033e+02
2.53327193e+02
2.53149971e+02
2.52630721e+02
2.52606152e+02
2.53263833e+02
2.72128639e+02
2.71968403e+02
2.70961630e+02
2.69876342e+02
2.68711990e+02
2.68071296e+02
2.67022560e+02
2.66714199e+02
2.65820397e+02
2.65596499e+02
2.64625463e+02
2.64903998e+02
2.64021581e+02
2.63956222e+02
2.63795197e+02
2.63556075e+02
2.63048743e+02
2.62616129e+02
2.62534825e+02
2.62032576e+02
2.62084081e+02
2.61345926e+02
2.61775383e+02
2.61209523e+02
2.61608499e+02
2.61344184e+02
2.61028154e+02
2.60923905e+02
2.61175931e+02
2.60946525e+02
2.60828033e+02
2.60615093e+02
2.60446554e+02
2.60611884e+02
2.61018472e+02
2.60488966e+02
2.60213201e+02
2.71360882e+02
2.70762528e+02
2.70814471e+02
2.70682057e+02
2.70592158e+02
2.70419930e+02
2.70459167e+02
2.70401872e+02
2.70367884e+02
2.70361432e+02
2.70150369e+02
2.69822062e+02
2.69906567e+02
2.70155144e+02
2.70139805e+02
2.69978893e+02
2.69767140e+02
2.70090850e+02
2.69819819e+02
2.70062802e+02
2.69876436e+02
2.69897680e+02
2.69647714e+02
2.69562830e+02
2.69935703e+02
2.70322078e+02
2.69686415e+02
2.70022871e+02
2.69724805e+02
2.69809537e+02
2.69402936e+02
2.69776826e+02
2.69667114e+02
2.69905809e+02
2.69776175e+02
2.69636950e+02
2.69670561e+02
