2.69788353e+02
4.98603778e+01
4.98395178e+01
4.99151113e+01
5.03121162e+01
5.01071411e+01
4.99589834e+01
5.00417408e+01
4.97171497e+01
5.01736831e+01
5.00517598e+01
5.00526681e+01
5.02490123e+01
4.98743870e+01
5.02789070e+01
4.98486724e+01
4.97795921e+01
4.99841876e+01
5.01177843e+01
5.00918791e+01
5.01656954e+01
4.96529095e+01
5.01979026e+01
4.98627127e+01
4.99316948e+01
4.96259245e+01
4.97792707e+01
5.04180048e+01
4.97323774e+01
4.99230020e+01
4.98023621e+01
4.97290419e+01
5.00090582e+01
4.97617712e+01
4.98967974e+01
5.02717043e+01
5.00331302e+01
2.69951266e+02
1.50145780e+02
1.43548878e+02
1.39362481e+02
1.36848874e+02
1.33996968e+02
1.32042605e+02
1.30127193e+02
1.28865501e+02
1.27288062e+02
1.26009727e+02
1.25633524e+02
1.24371570e+02
1.24385772e+02
1.23747041e+02
1.23006346e+02
1.22777465e+02
1.22339779e+02
1.22636594e+02
1.21141099e+02
1.21796737e+02
1.21380101e+02
1.21235407e+02
1.20456309e+02
1.21026223e+02
1.20617682e+02
1.20777999e+02
1.20388543e+02
1.20787314e+02
1.20763897e+02
1.20054765e+02
1.20432682e+02
1.20253391e+02
1.20057632e+02
1.20075197e+02
1.19753416e+02
1.20148111e+02
2.69715238e+02
2.49948188e+02
2.44862989e+02
2.38817507e+02
2.33723343e+02
2.28198115e+02
2.23888099e+02
2.19712581e+02
2.16313502e+02
2.13214232e+02
2.11259803e+02
2.09134109e+02
2.06944513e+02
2.05517224e+02
2.03958930e+02
2.02830163e+02
2.01951711e+02
2.01316362e+02
2.00637951e+02
1.99849816e+02
1.99485088e+02
1.98786350e+02
1.98509139e+02
1.97938450e+02
1.97858102e+02
1.97546195e+02
1.97594036e+02
1.97119319e+02
1.97027888e+02
1.97057744e+02
1.96639279e+02
1.96455338e+02
1.96429423e+02
1.96718847e+02
1.96208760e+02
1.96556951e+02
1.95943125e+02
2.68831182e+02
2.68594379e+02
2.68649499e+02
2.67807006e+02
2.67463416e+02
2.66947908e+02
2.66408207e+02
2.65935556e+02
2.65304975e+02
2.64429298e+02
2.64547112e+02
2.63925975e+02
2.63812148e+02
2.63506501e+02
2.63044218e+02
2.62685790e+02
2.62834612e+02
2.62850607e+02
2.62647422e+02
2.62807278e+02
2.62370529e+02
2.62341783e+02
2.62190648e+02
2.62151536e+02
2.61816970e+02
2.61796449e+02
2.62118982e+02
2.62019240e+02
2.61446234e+02
2.61563174e+02
2.61339502e+02
2.61666330e+02
2.61447756e+02
2.61720773e+02
2.61726076e+02
2.61450907e+02
2.61396610e+02
2.68247423e+02
2.68619952e+02
2.68250558e+02
2.67662549e+02
2.67641377e+02
2.67426524e+02
2.67197556e+02
2.67078096e+02
2.66382110e+02
2.66145768e+02
2.65788120e+02
2.65351387e+02
2.65177226e+02
2.65340681e+02
2.65278003e+02
2.64923361e+02
2.64941908e+02
2.64437536e+02
2.64499610e+02
2.64480760e+02
2.64351165e+02
2.64334327e+02
2.64193146e+02
2.64134862e+02
2.64000500e+02
2.64101011e+02
2.64329322e+02
2.63667202e+02
2.63930674e+02
2.63478129e+02
2.63976759e+02
2.63718101e+02
2.63451937e+02
2.63731312e+02
2.63629562e+02
2.63872118e+02
2.63563920e+02
2.72579475e+02
2.71993550e+02
2.68948671e+02
2.66516438e+02
2.63812677e+02
2.60533476e+02
2.58570015e+02
2.55935508e+02
2.53724435e+02
2.51654763e+02
2.49697668e+02
2.47320202e+02
2.46097276e+02
2.44903741e+02
2.43329332e+02
2.42197884e+02
2.40911240e+02
2.40220796e+02
2.38916978e+02
2.37973571e+02
2.37049300e+02
2.36471914e+02
2.35309554e+02
2.35309957e+02
2.34527918e+02
2.33781366e+02
2.33272860e+02
2.32808561e+02
2.32715919e+02
2.32036012e+02
2.31451936e+02
2.30983116e+02
2.30802439e+02
2.30849124e+02
2.30305382e+02
2.29942784e+02
2.29820992e+02
2.72563322e+02
2.72050876e+02
2.70910422e+02
2.69069475e+02
2.66944546e+02
2.65228496e+02
2.62610117e+02
2.60062609e+02
2.58325692e+02
2.56158973e+02
2.54644041e+02
2.52464512e+02
2.50838482e+02
2.49431753e+02
2.48642281e+02
2.46818433e+02
2.45807667e+02
2.45163499e+02
2.43775234e+02
2.43063192e+02
2.41957074e+02
2.41473169e+02
2.40950693e+02
2.40054378e+02
2.39672083e+02
2.39129402e+02
2.38499128e+02
2.37843897e+02
2.37675056e+02
2.37182281e+02
2.36687178e+02
2.36226274e+02
2.36002749e+02
2.35789952e+02
2.35600045e+02
2.35554234e+02
2.34562952e+02
2.72040152e+02
2.71630952e+02
2.70231910e+02
2.69573090e+02
2.68212843e+02
2.66732232e+02
2.65939707e+02
2.64353049e+02
2.63044544e+02
2.62564769e+02
2.61128863e+02
2.60472173e+02
2.59507647e+02
2.59361608e+02
2.58145978e+02
2.58080399e+02
2.57205922e+02
2.56579189e+02
2.55800336e+02
2.55660196e+02
2.55070047e+02
2.55021452e+02
2.53875020e+02
2.53851330e+02
2.53614908e+02
2.53275714e+02
2.52910128e+02
2.52963816e+02
2.52527514e+02
2.52563983e+02
2.52015769e+02
2.51736558e+02
2.51563233e+02
2.52034599e+02
2.51287444e+02
2.51364220e+02
2.50857625e+02
2.71559485e+02
2.71430388e+02
2.70689474e+02
2.69554857e+02
2.68207028e+02
2.67071490e+02
2.66550674e+02
2.65861657e+02
2.65340135e+02
2.64767734e+02
2.64242321e+02
2.64021394e+02
2.63406738e+02
2.62819805e+02
2.62512500e+02
2.61880495e+02
2.61773343e+02
2.62010678e+02
2.61221684e+02
2.61222513e+02
2.60809656e+02
2.60630092e+02
2.60483721e+02
2.60440656e+02
2.60073249e+02
2.60230537e+02
2.59693314e+02
2.59466543e+02
2.59619790e+02
2.59403374e+02
2.58983648e+02
2.59354533e+02
2.58840321e+02
2.58926446e+02
2.59173117e+02
2.58730763e+02
2.59078701e+02
2.70940821e+02
2.71264875e+02
2.70801000e+02
2.70796792e+02
2.70113723e+02
2.70659523e+02
2.70028362e+02
2.69938028e+02
2.70472258e+02
2.70408731e+02
2.70092893e+02
2.70029315e+02
2.69974033e+02
2.69508022e+02
2.69938202e+02
2.69681166e+02
2.69742867e+02
2.69604895e+02
2.69744948e+02
2.69725145e+02
2.69821316e+02
2.69445381e+02
2.69904271e+02
2.69473099e+02
2.69833809e+02
2.69881752e+02
2.69961966e+02
2.69998643e+02
2.69684439e+02
2.69320565e+02
2.69654034e+02
2.69634980e+02
2.69685900e+02
2.69726634e+02
2.69314449e+02
2.69182795e+02
2.69132349e+02
