2.70000000e+02
5.00000000e+01
5.00000000e+01
5.00000000e+01
5.00000000e+01
5.00000000e+01
5.00000000e+01
5.00000000e+01
5.00000000e+01
5.00000000e+01
5.00000000e+01
5.00000000e+01
5.00000000e+01
5.00000000e+01
5.00000000e+01
5.00000000e+01
5.00000000e+01
5.00000000e+01
5.00000000e+01
5.00000000e+01
5.00000000e+01
5.00000000e+01
5.00000000e+01
5.00000000e+01
5.00000000e+01
5.00000000e+01
5.00000000e+01
5.00000000e+01
5.00000000e+01
5.00000000e+01
5.00000000e+01
5.00000000e+01
5.00000000e+01
5.00000000e+01
5.00000000e+01
5.00000000e+01
5.00000000e+01
2.70000000e+02
1.50000000e+02
1.43855028e+02
1.40047837e+02
1.37108143e+02
1.34600572e+02
1.32490359e+02
1.30688514e+02
1.29194991e+02
1.27954622e+02
1.26918343e+02
1.26047296e+02
1.25311070e+02
1.24685724e+02
1.24152218e+02
1.23695263e+02
1.23302461e+02
1.22963680e+02
1.22670578e+02
1.22416247e+02
1.22194934e+02
1.22001826e+02
1.21832880e+02
1.21684687e+02
1.21554363e+02
1.21439463e+02
1.21337906e+02
1.21247917e+02
1.21167982e+02
1.21096800e+02
1.21033258e+02
1.20976898e+02
1.20927628e+02
1.20883077e+02
1.20842771e+02
1.20806238e+02
1.20773058e+02
2.70000000e+02
2.50000000e+02
2.44429363e+02
2.38901363e+02
2.33358990e+02
2.28140313e+02
2.23546938e+02
2.19608715e+02
2.16261995e+02
2.13426661e+02
2.11025955e+02
2.08991718e+02
2.07265494e+02
2.05797994e+02
2.04547985e+02
2.03481079e+02
2.02568608e+02
2.01786655e+02
2.01115226e+02
2.00537575e+02
2.00039648e+02
1.99609619e+02
1.99237518e+02
1.98914924e+02
1.98634709e+02
1.98390827e+02
1.98178147e+02
1.97992299e+02
1.97829564e+02
1.97686768e+02
1.97561198e+02
1.97451381e+02
1.97356512e+02
1.97272217e+02
1.97197161e+02
1.97130185e+02
1.97070286e+02
2.68682921e+02
2.68584839e+02
2.68332544e+02
2.67958132e+02
2.67492484e+02
2.66978388e+02
2.66456631e+02
2.65957216e+02
2.65497363e+02
2.65084280e+02
2.64718932e+02
2.64398930e+02
2.64120336e+02
2.63878685e+02
2.63669531e+02
2.63488709e+02
2.63332453e+02
2.63197421e+02
2.63080687e+02
2.62979706e+02
2.62892281e+02
2.62816516e+02
2.62750781e+02
2.62693675e+02
2.62643999e+02
2.62600721e+02
2.62562957e+02
2.62529951e+02
2.62501053e+02
2.62475703e+02
2.62453425e+02
2.62433871e+02
2.62416889e+02
2.62401941e+02
2.62388682e+02
2.62376877e+02
2.62366339e+02
2.68355573e+02
2.68325885e+02
2.68210916e+02
2.68009715e+02
2.67736928e+02
2.67418049e+02
2.67081249e+02
2.66749693e+02
2.66438466e+02
2.66155264e+02
2.65902635e+02
2.65680095e+02
2.65485607e+02
2.65316470e+02
2.65169818e+02
2.65042879e+02
2.64933098e+02
2.64838180e+02
2.64756100e+02
2.64685088e+02
2.64623608e+02
2.64570334e+02
2.64524122e+02
2.64483987e+02
2.64449086e+02
2.64418692e+02
2.64392183e+02
2.64369026e+02
2.64348761e+02
2.64330995e+02
2.64315392e+02
2.64301740e+02
2.64289858e+02
2.64279384e+02
2.64270112e+02
2.64261868e+02
2.64254517e+02
2.70038970e+02
2.69685702e+02
2.67980809e+02
2.65532241e+02
2.62830176e+02
2.60097203e+02
2.57441728e+02
2.54917274e+02
2.52548022e+02
2.50342672e+02
2.48301000e+02
2.46417586e+02
2.44684134e+02
2.43090914e+02
2.41627659e+02
2.40284115e+02
2.39050367e+02
2.37917036e+02
2.36875369e+02
2.35917283e+02
2.35035360e+02
2.34222832e+02
2.33473541e+02
2.32781900e+02
2.32142846e+02
2.31551798e+02
2.31004608e+02
2.30497528e+02
2.30027164e+02
2.29590443e+02
2.29184584e+02
2.28810568e+02
2.28472651e+02
2.28156463e+02
2.27860542e+02
2.27583474e+02
2.27323915e+02
2.70219648e+02
2.69896013e+02
2.68344793e+02
2.66113130e+02
2.63657566e+02
2.61180445e+02
2.58777788e+02
2.56496606e+02
2.54358060e+02
2.52369596e+02
2.50530639e+02
2.48835908e+02
2.47277522e+02
2.45846339e+02
2.44532789e+02
2.43327372e+02
2.42220963e+02
2.41204966e+02
2.40271400e+02
2.39412915e+02
2.38622795e+02
2.37894921e+02
2.37223741e+02
2.36604226e+02
2.36031824e+02
2.35502422e+02
2.35012300e+02
2.34558095e+02
2.34136766e+02
2.33745563e+02
2.33381993e+02
2.33047044e+02
2.32744545e+02
2.32461236e+02
2.32195968e+02
2.31947578e+02
2.31714894e+02
2.70924077e+02
2.70664416e+02
2.69697378e+02
2.68393389e+02
2.67013799e+02
2.65655086e+02
2.64357544e+02
2.63139383e+02
2.62007681e+02
2.60963648e+02
2.60004948e+02
2.59127163e+02
2.58324811e+02
2.57591997e+02
2.56922820e+02
2.56311604e+02
2.55753023e+02
2.55242157e+02
2.54774509e+02
2.54345995e+02
2.53952923e+02
2.53591965e+02
2.53260126e+02
2.52954712e+02
2.52673303e+02
2.52413724e+02
2.52174018e+02
2.51952425e+02
2.51747360e+02
2.51557395e+02
2.51381241e+02
2.51218964e+02
2.51071496e+02
2.50934215e+02
2.50806299e+02
2.50686942e+02
2.50575443e+02
2.70990166e+02
2.70794121e+02
2.70000670e+02
2.68976410e+02
2.68007115e+02
2.67151190e+02
2.66399259e+02
2.65733568e+02
2.65139563e+02
2.64606758e+02
2.64127269e+02
2.63694717e+02
2.63303715e+02
2.62949619e+02
2.62628381e+02
2.62336462e+02
2.62070749e+02
2.61828506e+02
2.61607318e+02
2.61405054e+02
2.61219824e+02
2.61049957e+02
2.60893966e+02
2.60750529e+02
2.60618467e+02
2.60496728e+02
2.60384372e+02
2.60280554e+02
2.60184521e+02
2.60095591e+02
2.60013154e+02
2.59937234e+02
2.59868159e+02
2.59803789e+02
2.59743832e+02
2.59687933e+02
2.59635758e+02
2.70890124e+02
2.70800069e+02
2.70621987e+02
2.70467032e+02
2.70343658e+02
2.70243184e+02
2.70159073e+02
2.70087158e+02
2.70024827e+02
2.69970365e+02
2.69922507e+02
2.69880262e+02
2.69842826e+02
2.69809539e+02
2.69779848e+02
2.69753289e+02
2.69729465e+02
2.69708040e+02
2.69688727e+02
2.69671276e+02
2.69655474e+02
2.69641133e+02
2.69628094e+02
2.69616213e+02
2.69605370e+02
2.69595454e+02
2.69586373e+02
2.69578040e+02
2.69570384e+02
2.69563338e+02
2.69556844e+02
2.69550891e+02
2.69545510e+02
2.69540525e+02
2.69535901e+02
2.69531606e+02
2.69527610e+02
