-2.2000e+02
0.0000e+00
0.0000e+00
0.0000e+00
0.0000e+00
0.0000e+00
0.0000e+00
0.0000e+00
0.0000e+00
0.0000e+00
0.0000e+00
0.0000e+00
0.0000e+00
0.0000e+00
0.0000e+00
0.0000e+00
0.0000e+00
0.0000e+00
0.0000e+00
0.0000e+00
0.0000e+00
0.0000e+00
0.0000e+00
0.0000e+00
0.0000e+00
0.0000e+00
0.0000e+00
0.0000e+00
0.0000e+00
0.0000e+00
0.0000e+00
0.0000e+00
0.0000e+00
0.0000e+00
0.0000e+00
0.0000e+00
-1.2000e+02
-6.1559e+00
-3.8101e+00
-2.9482e+00
-2.5202e+00
-2.1349e+00
-1.8227e+00
-1.5129e+00
-1.2588e+00
-1.0537e+00
-8.8715e-01
-7.5096e-01
-6.3869e-01
-5.4548e-01
-4.6763e-01
-4.0227e-01
-3.4714e-01
-3.0046e-01
-2.6078e-01
-2.2696e-01
-1.9804e-01
-1.7325e-01
-1.5195e-01
-1.3360e-01
-1.1776e-01
-1.0405e-01
-9.2171e-02
-8.1848e-02
-7.2862e-02
-6.5023e-02
-5.6726e-02
-5.0695e-02
-4.5777e-02
-4.1391e-02
-3.7503e-02
-3.4056e-02
-2.0000e+01
-5.5851e+00
-5.5827e+00
-5.6163e+00
-5.3013e+00
-4.6790e+00
-4.0235e+00
-3.4288e+00
-2.9122e+00
-2.4714e+00
-2.0985e+00
-1.7840e+00
-1.5191e+00
-1.2959e+00
-1.1075e+00
-9.4827e-01
-8.1343e-01
-6.9904e-01
-6.0182e-01
-5.1906e-01
-4.4849e-01
-3.8820e-01
-3.3664e-01
-2.9245e-01
-2.5455e-01
-2.2198e-01
-1.9395e-01
-1.6980e-01
-1.4897e-01
-1.3096e-01
-1.1300e-01
-9.9340e-02
-8.8202e-02
-7.8485e-02
-6.9993e-02
-6.2561e-02
-8.0584e-02
-2.3145e-01
-3.5786e-01
-4.5185e-01
-5.0179e-01
-5.1072e-01
-4.8981e-01
-4.5173e-01
-4.0634e-01
-3.5983e-01
-3.1552e-01
-2.7497e-01
-2.3873e-01
-2.0679e-01
-1.7892e-01
-1.5471e-01
-1.3378e-01
-1.1571e-01
-1.0014e-01
-8.6725e-02
-7.5180e-02
-6.5242e-02
-5.6684e-02
-4.9315e-02
-4.2964e-02
-3.7489e-02
-3.2763e-02
-2.8682e-02
-2.5156e-02
-2.2103e-02
-1.9260e-02
-1.6819e-02
-1.4858e-02
-1.3187e-02
-1.1739e-02
-1.0476e-02
-2.4997e-02
-1.0579e-01
-1.9339e-01
-2.6665e-01
-3.1361e-01
-3.3202e-01
-3.2727e-01
-3.0753e-01
-2.8011e-01
-2.5010e-01
-2.2051e-01
-1.9288e-01
-1.6787e-01
-1.4567e-01
-1.2617e-01
-1.0918e-01
-9.4453e-02
-8.1717e-02
-7.0726e-02
-6.1253e-02
-5.3093e-02
-4.6065e-02
-4.0012e-02
-3.4798e-02
-3.0305e-02
-2.6431e-02
-2.3087e-02
-2.0202e-02
-1.7707e-02
-1.5549e-02
-1.3494e-02
-1.1845e-02
-1.0448e-02
-9.2570e-03
-8.2320e-03
-7.3390e-03
-3.6960e-01
-1.5365e+00
-2.2567e+00
-2.5506e+00
-2.6285e+00
-2.5907e+00
-2.4899e+00
-2.3564e+00
-2.2079e+00
-2.0550e+00
-1.9041e+00
-1.7590e+00
-1.6219e+00
-1.4936e+00
-1.3748e+00
-1.2651e+00
-1.1643e+00
-1.0720e+00
-9.8753e-01
-9.1036e-01
-8.3990e-01
-7.7557e-01
-7.1685e-01
-6.6323e-01
-6.1424e-01
-5.6946e-01
-5.2849e-01
-4.9098e-01
-4.5662e-01
-4.2510e-01
-3.8495e-01
-3.5654e-01
-3.3434e-01
-3.1357e-01
-2.9428e-01
-2.7636e-01
-3.8358e-01
-1.5349e+00
-2.1954e+00
-2.4242e+00
-2.4532e+00
-2.3858e+00
-2.2708e+00
-2.1340e+00
-1.9888e+00
-1.8434e+00
-1.7024e+00
-1.5685e+00
-1.4432e+00
-1.3268e+00
-1.2196e+00
-1.1211e+00
-1.0309e+00
-9.4855e-01
-8.7339e-01
-8.0485e-01
-7.4236e-01
-6.8539e-01
-6.3344e-01
-5.8604e-01
-5.4276e-01
-5.0322e-01
-4.6707e-01
-4.3397e-01
-4.0366e-01
-3.7585e-01
-3.4003e-01
-3.1519e-01
-2.9592e-01
-2.7768e-01
-2.6064e-01
-2.4479e-01
-3.0415e-01
-1.0437e+00
-1.4050e+00
-1.4841e+00
-1.4549e+00
-1.3819e+00
-1.2910e+00
-1.1945e+00
-1.0983e+00
-1.0058e+00
-9.1882e-01
-8.3817e-01
-7.6412e-01
-6.9658e-01
-6.3524e-01
-5.7967e-01
-5.2941e-01
-4.8400e-01
-4.4298e-01
-4.0593e-01
-3.7243e-01
-3.4214e-01
-3.1472e-01
-2.8988e-01
-2.6735e-01
-2.4689e-01
-2.2829e-01
-2.1137e-01
-1.9594e-01
-1.8187e-01
-1.6575e-01
-1.5311e-01
-1.4260e-01
-1.3312e-01
-1.2448e-01
-1.1656e-01
-2.2479e-01
-8.6781e-01
-1.1494e+00
-1.1135e+00
-9.9489e-01
-8.7661e-01
-7.7485e-01
-6.8906e-01
-6.1565e-01
-5.5187e-01
-4.9594e-01
-4.4663e-01
-4.0299e-01
-3.6429e-01
-3.2989e-01
-2.9927e-01
-2.7196e-01
-2.4757e-01
-2.2575e-01
-2.0620e-01
-1.8866e-01
-1.7289e-01
-1.5869e-01
-1.4588e-01
-1.3432e-01
-1.2385e-01
-1.1437e-01
-1.0577e-01
-9.7951e-02
-9.0832e-02
-8.2758e-02
-7.6560e-02
-7.1284e-02
-6.6468e-02
-6.2080e-02
-5.8069e-02
-1.0399e-01
-2.0679e-01
-1.8289e-01
-1.4706e-01
-1.2031e-01
-1.0087e-01
-8.6255e-02
-7.4709e-02
-6.5208e-02
-5.7225e-02
-5.0436e-02
-4.4618e-02
-3.9601e-02
-3.5254e-02
-3.1473e-02
-2.8174e-02
-2.5285e-02
-2.2749e-02
-2.0515e-02
-1.8545e-02
-1.6800e-02
-1.5253e-02
-1.3877e-02
-1.2652e-02
-1.1556e-02
-1.0578e-02
-9.6980e-03
-8.9090e-03
-8.1980e-03
-7.5560e-03
-6.8470e-03
-6.2900e-03
-5.8280e-03
-5.4100e-03
-5.0310e-03
-4.6880e-03
