2.70000000e+02
5.00000000e+01
5.00000000e+01
5.00000000e+01
5.00000000e+01
5.00000000e+01
5.00000000e+01
5.00000000e+01
5.00000000e+01
5.00000000e+01
5.00000000e+01
5.00000000e+01
5.00000000e+01
5.00000000e+01
5.00000000e+01
5.00000000e+01
5.00000000e+01
5.00000000e+01
5.00000000e+01
5.00000000e+01
5.00000000e+01
5.00000000e+01
5.00000000e+01
5.00000000e+01
5.00000000e+01
5.00000000e+01
5.00000000e+01
5.00000000e+01
5.00000000e+01
5.00000000e+01
5.00000000e+01
5.00000000e+01
5.00000000e+01
5.00000000e+01
5.00000000e+01
5.00000000e+01
5.00000000e+01
2.70000000e+02
1.50000000e+02
1.43527078e+02
1.39663007e+02
1.36711885e+02
1.34169135e+02
1.31972515e+02
1.30162439e+02
1.28674911e+02
1.27444573e+02
1.26419399e+02
1.25559265e+02
1.24833165e+02
1.24216901e+02
1.23691363e+02
1.23241290e+02
1.22854370e+02
1.22520580e+02
1.22231692e+02
1.21980909e+02
1.21762579e+02
1.21571980e+02
1.21405146e+02
1.21258735e+02
1.21129917e+02
1.21016293e+02
1.20915818e+02
1.20826749e+02
1.20747594e+02
1.20677073e+02
1.20614087e+02
1.20557692e+02
1.20508363e+02
1.20464164e+02
1.20424125e+02
1.20387800e+02
1.20354776e+02
2.70000000e+02
2.50000000e+02
2.44496808e+02
2.39047097e+02
2.33590736e+02
2.28456332e+02
2.23936543e+02
2.20055861e+02
2.16755383e+02
2.13958005e+02
2.11588279e+02
2.09578915e+02
2.07872243e+02
2.06419723e+02
2.05180834e+02
2.04121845e+02
2.03214682e+02
2.02435947e+02
2.01766098e+02
2.01188772e+02
2.00690234e+02
2.00258921e+02
1.99885076e+02
1.99560447e+02
1.99278037e+02
1.99031902e+02
1.98816983e+02
1.98628967e+02
1.98464169e+02
1.98319438e+02
1.98192075e+02
1.98079765e+02
1.97982866e+02
1.97897484e+02
1.97821408e+02
1.97753482e+02
1.97692705e+02
2.68762138e+02
2.68649660e+02
2.68367934e+02
2.67957245e+02
2.67450712e+02
2.66890656e+02
2.66318320e+02
2.65765550e+02
2.65251785e+02
2.64786201e+02
2.64371184e+02
2.64005179e+02
2.63684614e+02
2.63405072e+02
2.63161960e+02
2.62950860e+02
2.62767705e+02
2.62608834e+02
2.62471013e+02
2.62351403e+02
2.62247535e+02
2.62157266e+02
2.62078743e+02
2.62010367e+02
2.61950757e+02
2.61898724e+02
2.61853245e+02
2.61813435e+02
2.61778536e+02
2.61747890e+02
2.61720935e+02
2.61697183e+02
2.61676470e+02
2.61658345e+02
2.61642298e+02
2.61628020e+02
2.61615275e+02
2.68348599e+02
2.68321496e+02
2.68211094e+02
2.68014729e+02
2.67746615e+02
2.67429443e+02
2.67089134e+02
2.66748588e+02
2.66424032e+02
2.66124782e+02
2.65854869e+02
2.65614915e+02
2.65403601e+02
2.65218644e+02
2.65057383e+02
2.64917118e+02
2.64795283e+02
2.64689528e+02
2.64597747e+02
2.64518079e+02
2.64448896e+02
2.64388778e+02
2.64336496e+02
2.64290986e+02
2.64251327e+02
2.64216727e+02
2.64186502e+02
2.64160062e+02
2.64136900e+02
2.64116576e+02
2.64098714e+02
2.64082987e+02
2.64069358e+02
2.64057345e+02
2.64046724e+02
2.64037294e+02
2.64028892e+02
2.71904785e+02
2.71367524e+02
2.69486300e+02
2.66929871e+02
2.64194692e+02
2.61489171e+02
2.58902569e+02
2.56471695e+02
2.54209419e+02
2.52116569e+02
2.50187585e+02
2.48413612e+02
2.46784251e+02
2.45288573e+02
2.43915709e+02
2.42655196e+02
2.41497164e+02
2.40432436e+02
2.39452561e+02
2.38549811e+02
2.37717157e+02
2.36948226e+02
2.36237257e+02
2.35579051e+02
2.34968919e+02
2.34402636e+02
2.33876396e+02
2.33386766e+02
2.32930655e+02
2.32505270e+02
2.32108092e+02
2.31736842e+02
2.31397439e+02
2.31082068e+02
2.30786013e+02
2.30507721e+02
2.30245853e+02
2.71792137e+02
2.71495249e+02
2.70229228e+02
2.68287250e+02
2.66064873e+02
2.63774796e+02
2.61525987e+02
2.59374314e+02
2.57347540e+02
2.55457458e+02
2.53706312e+02
2.52090691e+02
2.50603979e+02
2.49237904e+02
2.47983511e+02
2.46831763e+02
2.45773895e+02
2.44801623e+02
2.43907238e+02
2.43083653e+02
2.42324396e+02
2.41623592e+02
2.40975928e+02
2.40376606e+02
2.39821303e+02
2.39306126e+02
2.38827572e+02
2.38382483e+02
2.37968018e+02
2.37581613e+02
2.37220955e+02
2.36883956e+02
2.36576298e+02
2.36290271e+02
2.36021783e+02
2.35769465e+02
2.35532103e+02
2.71384590e+02
2.71107927e+02
2.70160053e+02
2.68900073e+02
2.67575135e+02
2.66271067e+02
2.65022374e+02
2.63845266e+02
2.62747324e+02
2.61730703e+02
2.60793939e+02
2.59933352e+02
2.59144050e+02
2.58420615e+02
2.57757531e+02
2.57149446e+02
2.56591315e+02
2.56078474e+02
2.55606659e+02
2.55172010e+02
2.54771044e+02
2.54400634e+02
2.54057972e+02
2.53740545e+02
2.53446100e+02
2.53172617e+02
2.52918284e+02
2.52681474e+02
2.52460722e+02
2.52254710e+02
2.52062247e+02
2.51882258e+02
2.51717719e+02
2.51564802e+02
2.51421175e+02
2.51286110e+02
2.51158990e+02
2.71157791e+02
2.70955608e+02
2.70171387e+02
2.69141964e+02
2.68151337e+02
2.67267429e+02
2.66486041e+02
2.65790995e+02
2.65168517e+02
2.64608300e+02
2.64102322e+02
2.63644020e+02
2.63227844e+02
2.62849022e+02
2.62503412e+02
2.62187401e+02
2.61897834e+02
2.61631949e+02
2.61387325e+02
2.61161835e+02
2.60953610e+02
2.60761001e+02
2.60582549e+02
2.60416963e+02
2.60263098e+02
2.60119930e+02
2.59986549e+02
2.59862137e+02
2.59745960e+02
2.59637359e+02
2.59535738e+02
2.59440558e+02
2.59353439e+02
2.59272363e+02
2.59196147e+02
2.59124390e+02
2.59056773e+02
2.70901532e+02
2.70814874e+02
2.70644622e+02
2.70495919e+02
2.70377024e+02
2.70279897e+02
2.70198290e+02
2.70128306e+02
2.70067556e+02
2.70014403e+02
2.69967621e+02
2.69926250e+02
2.69889512e+02
2.69856766e+02
2.69827477e+02
2.69801194e+02
2.69777535e+02
2.69756177e+02
2.69736841e+02
2.69719289e+02
2.69703316e+02
2.69688744e+02
2.69675419e+02
2.69663207e+02
2.69651993e+02
2.69641673e+02
2.69632159e+02
2.69623371e+02
2.69615240e+02
2.69607704e+02
2.69600710e+02
2.69594208e+02
2.69588290e+02
2.69582817e+02
2.69577702e+02
2.69572915e+02
2.69568429e+02
