2.69989575e+02
5.00891430e+01
4.99360378e+01
5.00315638e+01
4.98568161e+01
4.99647279e+01
4.98863977e+01
5.02767283e+01
5.00287919e+01
4.96892842e+01
4.99035701e+01
4.99310731e+01
5.03254828e+01
5.02496224e+01
5.01105932e+01
4.99914821e+01
4.99725182e+01
4.94166243e+01
4.99523501e+01
4.99269783e+01
4.96066983e+01
5.01100536e+01
4.95627753e+01
4.98757018e+01
4.94511247e+01
5.01178047e+01
4.99200864e+01
5.01912374e+01
4.99333660e+01
5.05686127e+01
5.02940353e+01
4.99648959e+01
4.98496349e+01
5.00299338e+01
4.95103651e+01
4.99868862e+01
4.99931674e+01
2.69879676e+02
1.49884767e+02
1.44061297e+02
1.40220316e+02
1.37176683e+02
1.34598798e+02
1.32219072e+02
1.30873052e+02
1.29251147e+02
1.27954626e+02
1.26925045e+02
1.26171357e+02
1.25441123e+02
1.24756268e+02
1.24415783e+02
1.23485849e+02
1.23326117e+02
1.22745203e+02
1.22832908e+02
1.22127790e+02
1.21987921e+02
1.21881123e+02
1.22059514e+02
1.21338103e+02
1.21640715e+02
1.21593727e+02
1.21384559e+02
1.21185427e+02
1.20776206e+02
1.20823027e+02
1.21124461e+02
1.21069863e+02
1.20616876e+02
1.20684808e+02
1.20607257e+02
1.21277444e+02
1.20606954e+02
2.69934828e+02
2.50126328e+02
2.44228250e+02
2.38887944e+02
2.33031834e+02
2.28109230e+02
2.23497480e+02
2.19663364e+02
2.16019581e+02
2.13413702e+02
2.10920674e+02
2.08993600e+02
2.07275371e+02
2.05816931e+02
2.04202197e+02
2.03303518e+02
2.02350184e+02
2.01505869e+02
2.01237438e+02
2.00576825e+02
1.99815573e+02
1.99870646e+02
1.99471211e+02
1.98483182e+02
1.98477641e+02
1.97903528e+02
1.98013543e+02
1.98246869e+02
1.97574583e+02
1.97150733e+02
1.97276430e+02
1.97467472e+02
1.97301034e+02
1.97281868e+02
1.97494854e+02
1.96943789e+02
1.97116944e+02
2.68625355e+02
2.68616957e+02
2.67997112e+02
2.67818331e+02
2.67286668e+02
2.66984705e+02
2.66209817e+02
2.66006851e+02
2.65791381e+02
2.65001625e+02
2.64948464e+02
2.64695427e+02
2.64484144e+02
2.63838948e+02
2.64013732e+02
2.63902437e+02
2.63540070e+02
2.62895335e+02
2.63555951e+02
2.63318929e+02
2.63492421e+02
2.62922669e+02
2.63045561e+02
2.63044973e+02
2.62945366e+02
2.62953366e+02
2.63199353e+02
2.63063151e+02
2.62547741e+02
2.62689793e+02
2.62802320e+02
2.62431739e+02
2.62429126e+02
2.62753354e+02
2.62606905e+02
2.62512502e+02
2.62836031e+02
2.68188324e+02
2.68265690e+02
2.68129386e+02
2.67774129e+02
2.67516380e+02
2.67549826e+02
2.67034891e+02
2.67375224e+02
2.66651225e+02
2.66171331e+02
2.66054427e+02
2.65895276e+02
2.65458477e+02
2.65389019e+02
2.65530025e+02
2.65215633e+02
2.65108692e+02
2.65002738e+02
2.65022322e+02
2.65165030e+02
2.64874846e+02
2.64915352e+02
2.64628539e+02
2.64557819e+02
2.64406517e+02
2.64866253e+02
2.64489261e+02
2.64462321e+02
2.64520485e+02
2.64566454e+02
2.64158638e+02
2.64405839e+02
2.64776919e+02
2.64442819e+02
2.64360611e+02
2.64524179e+02
2.64443431e+02
2.73071343e+02
2.72650437e+02
2.70995017e+02
2.68680813e+02
2.65855174e+02
2.63357257e+02
2.60294492e+02
2.57730555e+02
2.55673769e+02
2.53081336e+02
2.50748274e+02
2.48822523e+02
2.47260175e+02
2.45589097e+02
2.44212713e+02
2.42586657e+02
2.41407268e+02
2.40045509e+02
2.39233821e+02
2.37968931e+02
2.37288852e+02
2.36926754e+02
2.35481311e+02
2.34825172e+02
2.34300170e+02
2.33444337e+02
2.33161938e+02
2.32162817e+02
2.32339838e+02
2.31501073e+02
2.31168851e+02
2.30700273e+02
2.30298668e+02
2.29980431e+02
2.29736133e+02
2.29359561e+02
2.28966146e+02
2.73071750e+02
2.72670927e+02
2.71123570e+02
2.68749116e+02
2.66632109e+02
2.63977780e+02
2.61222946e+02
2.59095680e+02
2.56888341e+02
2.54659053e+02
2.52631389e+02
2.51026463e+02
2.49745241e+02
2.48080996e+02
2.46371566e+02
2.44887228e+02
2.43952109e+02
2.42616067e+02
2.42132158e+02
2.41356773e+02
2.40345969e+02
2.39132633e+02
2.38975131e+02
2.37976225e+02
2.37572330e+02
2.37048472e+02
2.36616235e+02
2.35864961e+02
2.35380753e+02
2.35595766e+02
2.34967067e+02
2.34846454e+02
2.34314252e+02
2.33850757e+02
2.34001810e+02
2.33311724e+02
2.33097207e+02
2.72783912e+02
2.71998506e+02
2.70726403e+02
2.69097984e+02
2.68298163e+02
2.66692230e+02
2.65190613e+02
2.64068467e+02
2.62339771e+02
2.62051016e+02
2.60316477e+02
2.59762992e+02
2.59423560e+02
2.57936711e+02
2.57479798e+02
2.56667278e+02
2.56618314e+02
2.55746509e+02
2.55322096e+02
2.54694224e+02
2.54222578e+02
2.53658482e+02
2.53653840e+02
2.52693538e+02
2.52926247e+02
2.52589215e+02
2.52227524e+02
2.51929541e+02
2.51861337e+02
2.51680487e+02
2.51394472e+02
2.51274579e+02
2.50859326e+02
2.51052971e+02
2.50555514e+02
2.50886189e+02
2.50769370e+02
2.71988491e+02
2.71913991e+02
2.70546897e+02
2.69727497e+02
2.68423374e+02
2.67520624e+02
2.66449787e+02
2.66031711e+02
2.65593628e+02
2.64683823e+02
2.64152163e+02
2.63859743e+02
2.63228813e+02
2.63125514e+02
2.62590159e+02
2.62287921e+02
2.61873178e+02
2.61763070e+02
2.61976056e+02
2.61217125e+02
2.61253229e+02
2.60640072e+02
2.60908293e+02
2.60796873e+02
2.60682287e+02
2.60524777e+02
2.60369047e+02
2.60035007e+02
2.59945075e+02
2.59923510e+02
2.59956014e+02
2.59512626e+02
2.59620930e+02
2.59389770e+02
2.59293192e+02
2.59529291e+02
2.59109991e+02
2.71096518e+02
2.70731198e+02
2.70579174e+02
2.70607902e+02
2.69711558e+02
2.70221764e+02
2.69679742e+02
2.69972018e+02
2.69874552e+02
2.69979736e+02
2.69895859e+02
2.69506059e+02
2.69773604e+02
2.69672058e+02
2.69572294e+02
2.69342377e+02
2.69396267e+02
2.69024895e+02
2.69281031e+02
2.69420874e+02
2.69390353e+02
2.69443592e+02
2.69357633e+02
2.69282051e+02
2.69031033e+02
2.69194675e+02
2.69242229e+02
2.69697136e+02
2.69393790e+02
2.69501007e+02
2.69210647e+02
2.69222882e+02
2.69135839e+02
2.69133875e+02
2.68917002e+02
2.68839887e+02
2.69188903e+02
