2.70015494e+02
5.00789876e+01
5.00843043e+01
5.02254515e+01
5.01010549e+01
4.99475070e+01
4.99549872e+01
5.03138012e+01
4.99467550e+01
5.03354118e+01
5.00161561e+01
4.99047724e+01
5.00547615e+01
4.98099952e+01
5.00438197e+01
5.01782590e+01
4.98167894e+01
5.04532982e+01
5.01948739e+01
4.97599814e+01
4.98631593e+01
5.01189388e+01
4.95332088e+01
4.99770285e+01
4.98719630e+01
4.99995547e+01
5.01035473e+01
4.99314286e+01
5.00610736e+01
5.02498847e+01
4.99321351e+01
4.97599821e+01
5.02374403e+01
5.00251676e+01
4.99228100e+01
4.96371432e+01
5.00621022e+01
2.70144480e+02
1.50077349e+02
1.44016120e+02
1.39784500e+02
1.36736541e+02
1.34728009e+02
1.32123223e+02
1.30104704e+02
1.28893498e+02
1.27539439e+02
1.26525281e+02
1.26012260e+02
1.24802156e+02
1.24307468e+02
1.23723183e+02
1.22906503e+02
1.23097931e+02
1.22486792e+02
1.22152984e+02
1.21949076e+02
1.21802222e+02
1.21792020e+02
1.21440855e+02
1.21314578e+02
1.21024139e+02
1.20779834e+02
1.20905622e+02
1.20408437e+02
1.20748996e+02
1.20850989e+02
1.20451681e+02
1.20702129e+02
1.20834452e+02
1.20184109e+02
1.20105986e+02
1.20179355e+02
1.20026472e+02
2.70026167e+02
2.50059908e+02
2.44708849e+02
2.39036887e+02
2.33464436e+02
2.28248124e+02
2.23413867e+02
2.19274682e+02
2.16024177e+02
2.13020925e+02
2.10222679e+02
2.08311609e+02
2.06511823e+02
2.04837879e+02
2.03644220e+02
2.02731566e+02
2.01510521e+02
2.00369365e+02
2.00279247e+02
1.98996016e+02
1.98955037e+02
1.98104036e+02
1.98623528e+02
1.97770893e+02
1.97167609e+02
1.96985601e+02
1.96873812e+02
1.96777559e+02
1.96198887e+02
1.96339403e+02
1.95960434e+02
1.95423319e+02
1.96075127e+02
1.95629126e+02
1.95571405e+02
1.95560476e+02
1.95451366e+02
2.69053884e+02
2.68612696e+02
2.68272344e+02
2.68323358e+02
2.67544171e+02
2.67091708e+02
2.66763404e+02
2.65730338e+02
2.65246830e+02
2.65046228e+02
2.64428216e+02
2.63871374e+02
2.63785174e+02
2.63449448e+02
2.63362961e+02
2.63009479e+02
2.62919157e+02
2.63070554e+02
2.62449469e+02
2.62446100e+02
2.62814992e+02
2.62485749e+02
2.62297098e+02
2.62065632e+02
2.61989994e+02
2.62064407e+02
2.62163579e+02
2.62077545e+02
2.61838044e+02
2.61593944e+02
2.61751002e+02
2.61577909e+02
2.62062955e+02
2.61539703e+02
2.61870687e+02
2.61723940e+02
2.62186659e+02
2.68518755e+02
2.67981025e+02
2.68216375e+02
2.68223727e+02
2.67723372e+02
2.67176098e+02
2.67253249e+02
2.66973152e+02
2.66339329e+02
2.66022557e+02
2.65491054e+02
2.66044796e+02
2.65540364e+02
2.65424552e+02
2.64807528e+02
2.64663334e+02
2.64716539e+02
2.64730243e+02
2.64818759e+02
2.64570253e+02
2.64761779e+02
2.64471279e+02
2.64671721e+02
2.64582594e+02
2.63957750e+02
2.64360544e+02
2.64427901e+02
2.64107944e+02
2.64632073e+02
2.64190844e+02
2.64150382e+02
2.64610751e+02
2.64487846e+02
2.64213668e+02
2.63755595e+02
2.64106757e+02
2.64296861e+02
2.72610569e+02
2.72445129e+02
2.71119562e+02
2.68256478e+02
2.65697359e+02
2.63196650e+02
2.60531247e+02
2.57694499e+02
2.55739871e+02
2.53470593e+02
2.51489875e+02
2.49322940e+02
2.47579889e+02
2.46087942e+02
2.44251514e+02
2.43184149e+02
2.41927590e+02
2.41378627e+02
2.39917680e+02
2.38745842e+02
2.37827631e+02
2.36586546e+02
2.35946705e+02
2.35421981e+02
2.34964493e+02
2.34120158e+02
2.34003724e+02
2.32904756e+02
2.32574373e+02
2.32440671e+02
2.32054074e+02
2.31251449e+02
2.30483345e+02
2.30435929e+02
2.30269090e+02
2.30438784e+02
2.29681270e+02
2.72470880e+02
2.72335364e+02
2.70342708e+02
2.68087055e+02
2.65876636e+02
2.63299007e+02
2.60959002e+02
2.58808967e+02
2.56642361e+02
2.54682679e+02
2.52641803e+02
2.51293936e+02
2.49114616e+02
2.47791892e+02
2.47007452e+02
2.45610701e+02
2.44496520e+02
2.43316941e+02
2.42366193e+02
2.40943452e+02
2.40455260e+02
2.39705065e+02
2.39401518e+02
2.38836181e+02
2.37878070e+02
2.37394314e+02
2.36944975e+02
2.36260314e+02
2.36079418e+02
2.35644514e+02
2.35016378e+02
2.34946325e+02
2.34739205e+02
2.33983355e+02
2.33770398e+02
2.33975297e+02
2.33260724e+02
2.71856562e+02
2.72019934e+02
2.70771297e+02
2.69009040e+02
2.68163995e+02
2.66624845e+02
2.65397808e+02
2.64057442e+02
2.62726930e+02
2.61664420e+02
2.60605771e+02
2.59886518e+02
2.59078630e+02
2.58591915e+02
2.57481034e+02
2.56913275e+02
2.56229979e+02
2.55642361e+02
2.54998328e+02
2.54485484e+02
2.54268632e+02
2.53445033e+02
2.53597195e+02
2.53108936e+02
2.52927507e+02
2.52983065e+02
2.52168689e+02
2.51904898e+02
2.51842826e+02
2.51242099e+02
2.51586177e+02
2.51164981e+02
2.50670790e+02
2.50763068e+02
2.50748601e+02
2.50607173e+02
2.50684260e+02
2.71613884e+02
2.71085978e+02
2.70446958e+02
2.69381152e+02
2.68591052e+02
2.67717370e+02
2.66919726e+02
2.66094186e+02
2.65144023e+02
2.64863988e+02
2.64147604e+02
2.63775863e+02
2.63282875e+02
2.62903721e+02
2.62967786e+02
2.62356409e+02
2.62284145e+02
2.61696657e+02
2.61659835e+02
2.61180683e+02
2.61223793e+02
2.60889144e+02
2.60614444e+02
2.60514396e+02
2.60384702e+02
2.60636034e+02
2.60150074e+02
2.60076489e+02
2.59877408e+02
2.59849933e+02
2.59839804e+02
2.59272952e+02
2.59461947e+02
2.59193947e+02
2.59097010e+02
2.59131291e+02
2.58935505e+02
2.70999320e+02
2.70882221e+02
2.70526592e+02
2.70439481e+02
2.70547081e+02
2.70498869e+02
2.70038184e+02
2.70213644e+02
2.70150761e+02
2.69668177e+02
2.69895933e+02
2.69958653e+02
2.69840964e+02
2.69931543e+02
2.69855799e+02
2.69917648e+02
2.69764027e+02
2.69806125e+02
2.69756736e+02
2.69908507e+02
2.69489051e+02
2.70063264e+02
2.69900438e+02
2.69744738e+02
2.69843988e+02
2.69784031e+02
2.69756352e+02
2.70000395e+02
2.69663114e+02
2.69868244e+02
2.69717499e+02
2.69477380e+02
2.69733343e+02
2.69481934e+02
2.69519823e+02
2.69608654e+02
2.69546142e+02
