-2.2000e+02
0.0000e+00
0.0000e+00
0.0000e+00
0.0000e+00
0.0000e+00
0.0000e+00
0.0000e+00
0.0000e+00
0.0000e+00
0.0000e+00
0.0000e+00
0.0000e+00
0.0000e+00
0.0000e+00
0.0000e+00
0.0000e+00
0.0000e+00
0.0000e+00
0.0000e+00
0.0000e+00
0.0000e+00
0.0000e+00
0.0000e+00
0.0000e+00
0.0000e+00
0.0000e+00
0.0000e+00
0.0000e+00
0.0000e+00
0.0000e+00
0.0000e+00
0.0000e+00
0.0000e+00
0.0000e+00
0.0000e+00
-1.2000e+02
-6.5108e+00
-3.8783e+00
-2.9649e+00
-2.5652e+00
-2.2129e+00
-1.8214e+00
-1.4977e+00
-1.2398e+00
-1.0339e+00
-8.6810e-01
-7.3320e-01
-6.2248e-01
-5.3088e-01
-4.5459e-01
-3.9067e-01
-3.3684e-01
-2.9130e-01
-2.5263e-01
-2.1968e-01
-1.9152e-01
-1.6737e-01
-1.4662e-01
-1.2875e-01
-1.1253e-01
-9.7253e-02
-8.6424e-02
-7.6883e-02
-6.8515e-02
-6.1181e-02
-5.4747e-02
-4.9094e-02
-4.4118e-02
-3.9733e-02
-3.5861e-02
-3.2435e-02
-2.0000e+01
-5.5349e+00
-5.4971e+00
-5.5253e+00
-5.2123e+00
-4.6009e+00
-3.9613e+00
-3.3774e+00
-2.8687e+00
-2.4347e+00
-2.0677e+00
-1.7585e+00
-1.4983e+00
-1.2790e+00
-1.0939e+00
-9.3752e-01
-8.0502e-01
-6.9254e-01
-5.9686e-01
-5.1532e-01
-4.4569e-01
-3.8612e-01
-3.3509e-01
-2.9129e-01
-2.5207e-01
-2.1598e-01
-1.8939e-01
-1.6632e-01
-1.4631e-01
-1.2893e-01
-1.1382e-01
-1.0065e-01
-8.9177e-02
-7.9154e-02
-7.0393e-02
-6.2723e-02
-9.9942e-02
-2.6071e-01
-3.8775e-01
-4.8402e-01
-5.3897e-01
-5.5313e-01
-5.3570e-01
-4.9887e-01
-4.5274e-01
-4.0403e-01
-3.5665e-01
-3.1262e-01
-2.7280e-01
-2.3740e-01
-2.0624e-01
-1.7902e-01
-1.5534e-01
-1.3480e-01
-1.1701e-01
-1.0162e-01
-8.8317e-02
-7.6818e-02
-6.6876e-02
-5.8282e-02
-5.0716e-02
-4.3760e-02
-3.8135e-02
-3.3429e-02
-2.9386e-02
-2.5882e-02
-2.2836e-02
-2.0183e-02
-1.7868e-02
-1.5845e-02
-1.4077e-02
-1.2529e-02
-2.9652e-02
-1.1693e-01
-2.0572e-01
-2.8001e-01
-3.3006e-01
-3.5268e-01
-3.5161e-01
-3.3416e-01
-3.0753e-01
-2.7707e-01
-2.4618e-01
-2.1676e-01
-1.8974e-01
-1.6547e-01
-1.4397e-01
-1.2509e-01
-1.0862e-01
-9.4300e-02
-8.1877e-02
-7.1119e-02
-6.1808e-02
-5.3755e-02
-4.6792e-02
-4.0769e-02
-3.5389e-02
-3.0587e-02
-2.6707e-02
-2.3377e-02
-2.0527e-02
-1.8065e-02
-1.5929e-02
-1.4068e-02
-1.2448e-02
-1.1031e-02
-9.7930e-03
-8.7110e-03
-4.1342e-01
-1.6548e+00
-2.3470e+00
-2.5702e+00
-2.5779e+00
-2.4857e+00
-2.3481e+00
-2.1916e+00
-2.0301e+00
-1.8715e+00
-1.7200e+00
-1.5779e+00
-1.4460e+00
-1.3247e+00
-1.2136e+00
-1.1122e+00
-1.0200e+00
-9.3625e-01
-8.6021e-01
-7.9120e-01
-7.2857e-01
-6.7169e-01
-6.2002e-01
-5.7302e-01
-5.2669e-01
-4.7814e-01
-4.4461e-01
-4.1374e-01
-3.8542e-01
-3.5940e-01
-3.3548e-01
-3.1345e-01
-2.9315e-01
-2.7440e-01
-2.5707e-01
-2.4103e-01
-3.5089e-01
-1.4476e+00
-2.0879e+00
-2.3003e+00
-2.3146e+00
-2.2375e+00
-2.1178e+00
-1.9791e+00
-1.8345e+00
-1.6915e+00
-1.5545e+00
-1.4256e+00
-1.3060e+00
-1.1960e+00
-1.0953e+00
-1.0036e+00
-9.2016e-01
-8.4446e-01
-7.7579e-01
-7.1351e-01
-6.5701e-01
-6.0573e-01
-5.5915e-01
-5.1680e-01
-4.7491e-01
-4.3109e-01
-4.0105e-01
-3.7329e-01
-3.4778e-01
-3.2435e-01
-3.0279e-01
-2.8294e-01
-2.6463e-01
-2.4773e-01
-2.3211e-01
-2.1764e-01
-3.2912e-01
-9.9738e-01
-1.3073e+00
-1.3640e+00
-1.3291e+00
-1.2593e+00
-1.1755e+00
-1.0870e+00
-9.9887e-01
-9.1427e-01
-8.3485e-01
-7.6139e-01
-6.9411e-01
-6.3289e-01
-5.7740e-01
-5.2723e-01
-4.8194e-01
-4.4108e-01
-4.0420e-01
-3.7092e-01
-3.4084e-01
-3.1365e-01
-2.8902e-01
-2.6669e-01
-2.4483e-01
-2.2207e-01
-2.0615e-01
-1.9162e-01
-1.7832e-01
-1.6612e-01
-1.5492e-01
-1.4463e-01
-1.3515e-01
-1.2641e-01
-1.1834e-01
-1.1088e-01
-2.6045e-01
-8.6911e-01
-1.1005e+00
-1.0396e+00
-9.1478e-01
-7.9950e-01
-7.0441e-01
-6.2574e-01
-5.5913e-01
-5.0175e-01
-4.5175e-01
-4.0786e-01
-3.6914e-01
-3.3486e-01
-3.0441e-01
-2.7730e-01
-2.5309e-01
-2.3143e-01
-2.1201e-01
-1.9456e-01
-1.7884e-01
-1.6466e-01
-1.5184e-01
-1.4023e-01
-1.2882e-01
-1.1687e-01
-1.0865e-01
-1.0113e-01
-9.4217e-02
-8.7864e-02
-8.2020e-02
-7.6639e-02
-7.1679e-02
-6.7102e-02
-6.2872e-02
-5.8958e-02
-8.8098e-02
-1.7037e-01
-1.4873e-01
-1.1860e-01
-9.6470e-02
-8.0694e-02
-6.8901e-02
-5.9566e-02
-5.1919e-02
-4.5528e-02
-4.0118e-02
-3.5495e-02
-3.1520e-02
-2.8081e-02
-2.5095e-02
-2.2490e-02
-2.0212e-02
-1.8211e-02
-1.6450e-02
-1.4894e-02
-1.3517e-02
-1.2295e-02
-1.1206e-02
-1.0235e-02
-9.3070e-03
-8.3620e-03
-7.7030e-03
-7.1050e-03
-6.5640e-03
-6.0740e-03
-5.6270e-03
-5.2210e-03
-4.8520e-03
-4.5130e-03
-4.2050e-03
-3.9200e-03
