2.70285156e+02
4.98356265e+01
5.00037578e+01
5.00432946e+01
4.98607246e+01
5.01480527e+01
5.05728301e+01
5.02915649e+01
5.02189806e+01
4.99585059e+01
5.01852227e+01
5.00166683e+01
5.02027179e+01
4.99985670e+01
4.96863404e+01
5.01646825e+01
4.96667163e+01
4.97020978e+01
5.03398600e+01
4.97939797e+01
5.01672531e+01
4.98816305e+01
5.01313165e+01
4.99060114e+01
5.00323111e+01
4.97912327e+01
4.96428074e+01
4.99791983e+01
4.98396315e+01
5.01656520e+01
4.95661224e+01
4.98637144e+01
5.00649564e+01
4.97584688e+01
5.03818879e+01
5.01261443e+01
4.97614987e+01
2.69754453e+02
1.50173460e+02
1.43337587e+02
1.39883149e+02
1.36816862e+02
1.34338325e+02
1.31838412e+02
1.30320346e+02
1.28680629e+02
1.27322711e+02
1.26537063e+02
1.25545722e+02
1.24548262e+02
1.23992686e+02
1.23516538e+02
1.23007914e+02
1.22828959e+02
1.22117311e+02
1.22367122e+02
1.22047930e+02
1.21668888e+02
1.21601924e+02
1.21611673e+02
1.21275535e+02
1.21185858e+02
1.21000122e+02
1.20685373e+02
1.20857414e+02
1.20700927e+02
1.20382827e+02
1.20667298e+02
1.20393369e+02
1.20477852e+02
1.20397595e+02
1.20586330e+02
1.20448812e+02
1.19981273e+02
2.70326273e+02
2.50146317e+02
2.44773029e+02
2.38830719e+02
2.33310625e+02
2.27268195e+02
2.23380578e+02
2.19110593e+02
2.15459090e+02
2.12540284e+02
2.10226419e+02
2.08180148e+02
2.06447001e+02
2.04750881e+02
2.03307247e+02
2.02213372e+02
2.01445111e+02
2.00496643e+02
1.99524085e+02
1.99126606e+02
1.98681998e+02
1.98234554e+02
1.97903064e+02
1.97602780e+02
1.97053530e+02
1.96860757e+02
1.96864550e+02
1.96533413e+02
1.96085851e+02
1.96044214e+02
1.95934170e+02
1.95909827e+02
1.95950159e+02
1.95765442e+02
1.95407379e+02
1.95892819e+02
1.95618672e+02
2.68935378e+02
2.68376125e+02
2.68673796e+02
2.68024298e+02
2.67564098e+02
2.67062207e+02
2.66210045e+02
2.65845288e+02
2.65157666e+02
2.65050032e+02
2.64524196e+02
2.64046544e+02
2.63684962e+02
2.63567471e+02
2.63233504e+02
2.62950527e+02
2.62611231e+02
2.62840133e+02
2.62696304e+02
2.61926709e+02
2.62433244e+02
2.62346822e+02
2.62313420e+02
2.61981568e+02
2.61943269e+02
2.61878767e+02
2.61865805e+02
2.61637258e+02
2.61992223e+02
2.61502325e+02
2.61852114e+02
2.61897500e+02
2.61537771e+02
2.61586360e+02
2.61250823e+02
2.61677563e+02
2.61593264e+02
2.68696190e+02
2.68133037e+02
2.68153907e+02
2.67658930e+02
2.67825823e+02
2.67539944e+02
2.67177056e+02
2.66633627e+02
2.66155197e+02
2.66279518e+02
2.66004633e+02
2.65740004e+02
2.65742410e+02
2.64921231e+02
2.64814139e+02
2.64786375e+02
2.64967598e+02
2.64971928e+02
2.64690176e+02
2.64447102e+02
2.64154159e+02
2.64600997e+02
2.64333890e+02
2.64043182e+02
2.64304736e+02
2.64234065e+02
2.64142478e+02
2.64354078e+02
2.63857249e+02
2.64132908e+02
2.64314000e+02
2.63884588e+02
2.64147911e+02
2.64200716e+02
2.64023329e+02
2.63680435e+02
2.63756909e+02
2.68558937e+02
2.68213237e+02
2.67240894e+02
2.64999309e+02
2.62502315e+02
2.60196775e+02
2.57988898e+02
2.55746664e+02
2.53991889e+02
2.52177320e+02
2.50542605e+02
2.48644629e+02
2.47338815e+02
2.46018409e+02
2.44305769e+02
2.43492160e+02
2.42904466e+02
2.41173165e+02
2.40768707e+02
2.40298277e+02
2.39285602e+02
2.38526991e+02
2.38081615e+02
2.37588048e+02
2.37036207e+02
2.36466637e+02
2.36264433e+02
2.35620619e+02
2.35571400e+02
2.35059643e+02
2.35227290e+02
2.34888328e+02
2.34027817e+02
2.33801804e+02
2.33984003e+02
2.33721681e+02
2.33111415e+02
2.68886431e+02
2.68672054e+02
2.67873259e+02
2.65489871e+02
2.63690314e+02
2.61742213e+02
2.59771046e+02
2.57611853e+02
2.56108748e+02
2.54214680e+02
2.52595988e+02
2.51125508e+02
2.49896182e+02
2.48846760e+02
2.47642798e+02
2.46506925e+02
2.45605416e+02
2.44873611e+02
2.44035418e+02
2.43449273e+02
2.42702160e+02
2.42087869e+02
2.41208992e+02
2.41089594e+02
2.40765468e+02
2.39822329e+02
2.39710941e+02
2.39634600e+02
2.39451738e+02
2.38642846e+02
2.38478352e+02
2.38219133e+02
2.37804259e+02
2.37842425e+02
2.37805962e+02
2.37347123e+02
2.37428457e+02
2.70128504e+02
2.70036130e+02
2.69271528e+02
2.68027432e+02
2.66444003e+02
2.65162045e+02
2.64257225e+02
2.63222367e+02
2.62125523e+02
2.60860585e+02
2.59985403e+02
2.59662321e+02
2.58448391e+02
2.58209462e+02
2.57353015e+02
2.56898703e+02
2.56185891e+02
2.56032448e+02
2.55463110e+02
2.55127885e+02
2.54755091e+02
2.54211465e+02
2.54235520e+02
2.53554428e+02
2.53317174e+02
2.53550887e+02
2.52703277e+02
2.52967586e+02
2.52854383e+02
2.52442048e+02
2.52444035e+02
2.52321420e+02
2.52300870e+02
2.51939994e+02
2.52014619e+02
2.52038945e+02
2.51407387e+02
2.70204257e+02
2.70415316e+02
2.69786017e+02
2.68878698e+02
2.67583264e+02
2.67239158e+02
2.65855848e+02
2.65135369e+02
2.64798298e+02
2.64456682e+02
2.63522597e+02
2.62672596e+02
2.63467478e+02
2.62449040e+02
2.62310626e+02
2.61990426e+02
2.61743428e+02
2.61285947e+02
2.61214725e+02
2.61141816e+02
2.60535301e+02
2.60235364e+02
2.60572280e+02
2.60727133e+02
2.60341535e+02
2.60046469e+02
2.60197815e+02
2.60336468e+02
2.59872675e+02
2.60089242e+02
2.59643008e+02
2.59664746e+02
2.59648699e+02
2.59385004e+02
2.59246919e+02
2.59314446e+02
2.59400641e+02
2.70840019e+02
2.70468385e+02
2.70592091e+02
2.70678757e+02
2.70605767e+02
2.70045352e+02
2.70273033e+02
2.70185410e+02
2.69940043e+02
2.70099829e+02
2.69921980e+02
2.69953517e+02
2.69961395e+02
2.69588014e+02
2.69653964e+02
2.69885193e+02
2.70125769e+02
2.69668464e+02
2.69526584e+02
2.69951956e+02
2.70209232e+02
2.69684607e+02
2.69897432e+02
2.69398197e+02
2.69458153e+02
2.69391075e+02
2.69317349e+02
2.69176949e+02
2.69859309e+02
2.69422693e+02
2.69590027e+02
2.69846542e+02
2.69689047e+02
2.69754905e+02
2.69670849e+02
2.69862372e+02
2.69537524e+02
