2.70111884e+02
4.99726425e+01
5.00928515e+01
5.00068854e+01
5.00648148e+01
4.98042106e+01
5.00062876e+01
5.02043450e+01
4.98906768e+01
5.02504102e+01
5.01589005e+01
4.95166508e+01
5.02437091e+01
5.05103964e+01
5.02103345e+01
4.98353037e+01
5.01288650e+01
5.04688606e+01
4.98613913e+01
5.01531042e+01
5.03329905e+01
5.02133170e+01
5.00406417e+01
4.97996244e+01
4.98718676e+01
4.96926314e+01
5.00283594e+01
5.03474069e+01
4.98045111e+01
5.01107551e+01
4.96282142e+01
4.97501594e+01
5.00099610e+01
4.98131418e+01
5.00967305e+01
5.04475848e+01
4.97992000e+01
2.69791863e+02
1.50253507e+02
1.43736973e+02
1.39353453e+02
1.36861805e+02
1.34420361e+02
1.31759679e+02
1.30055837e+02
1.28991552e+02
1.27487231e+02
1.26565771e+02
1.25794028e+02
1.24814612e+02
1.24570765e+02
1.23389277e+02
1.23201678e+02
1.22970734e+02
1.22654347e+02
1.22152451e+02
1.21346341e+02
1.21554185e+02
1.20898283e+02
1.21181078e+02
1.20886606e+02
1.21128732e+02
1.20998908e+02
1.20876382e+02
1.20270103e+02
1.20031359e+02
1.20663646e+02
1.20393527e+02
1.20080392e+02
1.20075186e+02
1.20211055e+02
1.20125850e+02
1.20130097e+02
1.19984293e+02
2.70318661e+02
2.49932561e+02
2.44280578e+02
2.38650469e+02
2.33469971e+02
2.27631756e+02
2.23332339e+02
2.18996358e+02
2.15958912e+02
2.12668531e+02
2.10048292e+02
2.08195484e+02
2.06611390e+02
2.04656988e+02
2.03462666e+02
2.02310878e+02
2.01022614e+02
2.00379817e+02
1.99808519e+02
1.98910411e+02
1.98354962e+02
1.98162486e+02
1.97800907e+02
1.97377927e+02
1.97098968e+02
1.96865745e+02
1.96728416e+02
1.96303971e+02
1.96285358e+02
1.96337602e+02
1.96300929e+02
1.95956933e+02
1.95975781e+02
1.95887995e+02
1.95799226e+02
1.95364417e+02
1.95626767e+02
2.68566405e+02
2.68602077e+02
2.68537320e+02
2.68128399e+02
2.67460849e+02
2.67374261e+02
2.66634106e+02
2.66259501e+02
2.65694258e+02
2.65031896e+02
2.64873114e+02
2.64683156e+02
2.63968692e+02
2.63611035e+02
2.63520127e+02
2.63098441e+02
2.62882957e+02
2.63152864e+02
2.62905790e+02
2.62728893e+02
2.62546706e+02
2.62311312e+02
2.61973001e+02
2.62057755e+02
2.61572583e+02
2.62279900e+02
2.61664344e+02
2.61828574e+02
2.62055868e+02
2.61947250e+02
2.61789907e+02
2.61969790e+02
2.61688170e+02
2.61801981e+02
2.61852327e+02
2.61582937e+02
2.61877911e+02
2.68549321e+02
2.68355438e+02
2.68372937e+02
2.67615788e+02
2.67753050e+02
2.67316486e+02
2.67311015e+02
2.66961673e+02
2.66439253e+02
2.66184114e+02
2.65862131e+02
2.65250921e+02
2.65842363e+02
2.65405138e+02
2.65008324e+02
2.64747682e+02
2.65146828e+02
2.64642656e+02
2.65033074e+02
2.64442690e+02
2.64551069e+02
2.64531836e+02
2.64398428e+02
2.64356559e+02
2.64440958e+02
2.64019427e+02
2.64267544e+02
2.64315943e+02
2.64110762e+02
2.64522559e+02
2.64271378e+02
2.64222867e+02
2.63751013e+02
2.64326155e+02
2.64133259e+02
2.63719714e+02
2.63900607e+02
2.70268583e+02
2.69684756e+02
2.67581480e+02
2.64717526e+02
2.62124788e+02
2.59436359e+02
2.56852090e+02
2.54421265e+02
2.52128892e+02
2.50017633e+02
2.48195703e+02
2.46397651e+02
2.44910503e+02
2.43478644e+02
2.42123582e+02
2.40776909e+02
2.39793347e+02
2.38974035e+02
2.37932651e+02
2.37140083e+02
2.35937184e+02
2.35308319e+02
2.34789791e+02
2.34140936e+02
2.33539441e+02
2.33103566e+02
2.32771570e+02
2.32148657e+02
2.31525944e+02
2.31426060e+02
2.31182001e+02
2.30534815e+02
2.30321815e+02
2.29708506e+02
2.29427362e+02
2.29550338e+02
2.29055660e+02
2.70198909e+02
2.70333338e+02
2.69656360e+02
2.67646381e+02
2.65945150e+02
2.63465391e+02
2.61255393e+02
2.59201761e+02
2.57599949e+02
2.55218779e+02
2.53623116e+02
2.52050641e+02
2.50429185e+02
2.48577490e+02
2.47840643e+02
2.46962035e+02
2.45781141e+02
2.44447107e+02
2.43792598e+02
2.42984530e+02
2.42092468e+02
2.41579024e+02
2.40539528e+02
2.39933349e+02
2.39988660e+02
2.39074560e+02
2.38557906e+02
2.37945461e+02
2.37610950e+02
2.37465511e+02
2.37256970e+02
2.36697015e+02
2.36200449e+02
2.36333541e+02
2.35878967e+02
2.35735680e+02
2.35314430e+02
2.70903443e+02
2.70527207e+02
2.70279629e+02
2.68569065e+02
2.67242235e+02
2.65705297e+02
2.64669556e+02
2.63588000e+02
2.62423618e+02
2.61260796e+02
2.60034655e+02
2.59285572e+02
2.58471252e+02
2.57770050e+02
2.56984227e+02
2.56149784e+02
2.55936543e+02
2.55440886e+02
2.54116807e+02
2.53920505e+02
2.53671880e+02
2.53440661e+02
2.52912547e+02
2.52545386e+02
2.52214850e+02
2.52298696e+02
2.51908341e+02
2.51399090e+02
2.51178615e+02
2.51095436e+02
2.50889679e+02
2.50531698e+02
2.50572152e+02
2.50427390e+02
2.50268142e+02
2.49976239e+02
2.49902852e+02
2.71349826e+02
2.70779480e+02
2.69540017e+02
2.68524112e+02
2.67284305e+02
2.66413085e+02
2.65379944e+02
2.64808469e+02
2.63952213e+02
2.62943423e+02
2.63057991e+02
2.62238067e+02
2.61937455e+02
2.61412142e+02
2.61296882e+02
2.60769030e+02
2.60351471e+02
2.60437754e+02
2.59931400e+02
2.59761151e+02
2.59419438e+02
2.59626419e+02
2.59223620e+02
2.58820827e+02
2.58689133e+02
2.58489054e+02
2.58607014e+02
2.58568720e+02
2.58587873e+02
2.57778901e+02
2.58145782e+02
2.57716403e+02
2.57830831e+02
2.57605480e+02
2.57882352e+02
2.57365501e+02
2.57330113e+02
2.70932969e+02
2.71089414e+02
2.70587553e+02
2.70444984e+02
2.70176371e+02
2.70238702e+02
2.70027872e+02
2.69804051e+02
2.69799647e+02
2.69448837e+02
2.69526278e+02
2.69433693e+02
2.69492315e+02
2.69325763e+02
2.69524124e+02
2.68995960e+02
2.69273366e+02
2.69129043e+02
2.69196881e+02
2.69252484e+02
2.68992469e+02
2.69142185e+02
2.68963008e+02
2.68970647e+02
2.69043890e+02
2.69006926e+02
2.68792399e+02
2.69251727e+02
2.69002780e+02
2.69020796e+02
2.68854628e+02
2.69019873e+02
2.69105028e+02
2.68707441e+02
2.68805935e+02
2.68780928e+02
2.68877570e+02
