-2.2000e+02
0.0000e+00
0.0000e+00
0.0000e+00
0.0000e+00
0.0000e+00
0.0000e+00
0.0000e+00
0.0000e+00
0.0000e+00
0.0000e+00
0.0000e+00
0.0000e+00
0.0000e+00
0.0000e+00
0.0000e+00
0.0000e+00
0.0000e+00
0.0000e+00
0.0000e+00
0.0000e+00
0.0000e+00
0.0000e+00
0.0000e+00
0.0000e+00
0.0000e+00
0.0000e+00
0.0000e+00
0.0000e+00
0.0000e+00
0.0000e+00
0.0000e+00
0.0000e+00
0.0000e+00
0.0000e+00
0.0000e+00
-1.2000e+02
-6.4340e+00
-3.8604e+00
-2.9604e+00
-2.5445e+00
-2.2048e+00
-1.8243e+00
-1.5033e+00
-1.2463e+00
-1.0408e+00
-8.7496e-01
-7.3990e-01
-6.2892e-01
-5.3703e-01
-4.6044e-01
-3.9623e-01
-3.4213e-01
-2.9634e-01
-2.5745e-01
-2.2429e-01
-1.9594e-01
-1.7162e-01
-1.5071e-01
-1.3268e-01
-1.1709e-01
-1.0359e-01
-9.1874e-02
-8.1676e-02
-7.1651e-02
-6.3154e-02
-5.6820e-02
-5.1173e-02
-4.6172e-02
-4.1743e-02
-3.7816e-02
-3.4325e-02
-2.0000e+01
-5.5624e+00
-5.5553e+00
-5.6013e+00
-5.2984e+00
-4.6887e+00
-4.0460e+00
-3.4571e+00
-2.9422e+00
-2.5013e+00
-2.1274e+00
-1.8116e+00
-1.5452e+00
-1.3203e+00
-1.1302e+00
-9.6937e-01
-8.3296e-01
-7.1707e-01
-6.1844e-01
-5.3433e-01
-4.6249e-01
-4.0102e-01
-3.4835e-01
-3.0314e-01
-2.6428e-01
-2.3082e-01
-2.0198e-01
-1.7709e-01
-1.5353e-01
-1.3358e-01
-1.1821e-01
-1.0480e-01
-9.3103e-02
-8.2879e-02
-7.3928e-02
-6.6082e-02
-8.1232e-02
-2.3834e-01
-3.7166e-01
-4.7500e-01
-5.3585e-01
-5.5434e-01
-5.3976e-01
-5.0456e-01
-4.5918e-01
-4.1064e-01
-3.6307e-01
-3.1866e-01
-2.7835e-01
-2.4242e-01
-2.1075e-01
-1.8303e-01
-1.5890e-01
-1.3794e-01
-1.1979e-01
-1.0408e-01
-9.0502e-02
-7.8764e-02
-6.8617e-02
-5.9848e-02
-5.2263e-02
-4.5703e-02
-4.0024e-02
-3.5105e-02
-3.0671e-02
-2.6677e-02
-2.3460e-02
-2.0745e-02
-1.8399e-02
-1.6356e-02
-1.4571e-02
-1.3008e-02
-1.8815e-02
-9.0305e-02
-1.7465e-01
-2.4951e-01
-3.0281e-01
-3.2982e-01
-3.3320e-01
-3.1961e-01
-2.9606e-01
-2.6797e-01
-2.3888e-01
-2.1084e-01
-1.8487e-01
-1.6143e-01
-1.4059e-01
-1.2225e-01
-1.0621e-01
-9.2246e-02
-8.0126e-02
-6.9622e-02
-6.0532e-02
-5.2669e-02
-4.5870e-02
-3.9990e-02
-3.4906e-02
-3.0506e-02
-2.6700e-02
-2.3402e-02
-2.0343e-02
-1.7784e-02
-1.5645e-02
-1.3804e-02
-1.2223e-02
-1.0852e-02
-9.6580e-03
-8.6120e-03
-5.0318e-01
-1.7337e+00
-2.3557e+00
-2.5290e+00
-2.5132e+00
-2.4147e+00
-2.2811e+00
-2.1342e+00
-1.9851e+00
-1.8397e+00
-1.7013e+00
-1.5713e+00
-1.4503e+00
-1.3384e+00
-1.2352e+00
-1.1405e+00
-1.0535e+00
-9.7375e-01
-9.0065e-01
-8.3365e-01
-7.7221e-01
-7.1584e-01
-6.6409e-01
-6.1653e-01
-5.7279e-01
-5.3253e-01
-4.9542e-01
-4.6121e-01
-4.2229e-01
-3.8750e-01
-3.6297e-01
-3.3979e-01
-3.1813e-01
-2.9792e-01
-2.7909e-01
-2.6152e-01
-3.8241e-01
-1.4119e+00
-2.0033e+00
-2.2047e+00
-2.2262e+00
-2.1627e+00
-2.0586e+00
-1.9358e+00
-1.8066e+00
-1.6777e+00
-1.5533e+00
-1.4356e+00
-1.3255e+00
-1.2234e+00
-1.1293e+00
-1.0426e+00
-9.6315e-01
-8.9027e-01
-8.2348e-01
-7.6227e-01
-7.0614e-01
-6.5465e-01
-6.0738e-01
-5.6394e-01
-5.2399e-01
-4.8721e-01
-4.5332e-01
-4.2205e-01
-3.8646e-01
-3.5464e-01
-3.3231e-01
-3.1115e-01
-2.9134e-01
-2.7285e-01
-2.5560e-01
-2.3952e-01
-2.1939e-01
-9.4237e-01
-1.2785e+00
-1.3432e+00
-1.3141e+00
-1.2506e+00
-1.1737e+00
-1.0921e+00
-1.0107e+00
-9.3232e-01
-8.5845e-01
-7.8982e-01
-7.2661e-01
-6.6870e-01
-6.1580e-01
-5.6756e-01
-5.2357e-01
-4.8346e-01
-4.4686e-01
-4.1343e-01
-3.8285e-01
-3.5486e-01
-3.2920e-01
-3.0565e-01
-2.8400e-01
-2.6409e-01
-2.4574e-01
-2.2883e-01
-2.0993e-01
-1.9300e-01
-1.8058e-01
-1.6896e-01
-1.5815e-01
-1.4810e-01
-1.3874e-01
-1.3002e-01
-1.6316e-01
-7.7163e-01
-1.0380e+00
-1.0024e+00
-8.9338e-01
-7.8835e-01
-7.0070e-01
-6.2800e-01
-5.6638e-01
-5.1317e-01
-4.6666e-01
-4.2564e-01
-3.8923e-01
-3.5675e-01
-3.2765e-01
-3.0147e-01
-2.7783e-01
-2.5643e-01
-2.3700e-01
-2.1932e-01
-2.0318e-01
-1.8843e-01
-1.7491e-01
-1.6251e-01
-1.5111e-01
-1.4061e-01
-1.3094e-01
-1.2202e-01
-1.1199e-01
-1.0292e-01
-9.6513e-02
-9.0424e-02
-8.4697e-02
-7.9348e-02
-7.4360e-02
-6.9711e-02
-8.6260e-02
-1.7244e-01
-1.5000e-01
-1.1914e-01
-9.6745e-02
-8.0905e-02
-6.9179e-02
-5.9964e-02
-5.2451e-02
-4.6194e-02
-4.0912e-02
-3.6405e-02
-3.2533e-02
-2.9181e-02
-2.6267e-02
-2.3716e-02
-2.1478e-02
-1.9502e-02
-1.7751e-02
-1.6197e-02
-1.4808e-02
-1.3567e-02
-1.2452e-02
-1.1448e-02
-1.0542e-02
-9.7220e-03
-8.9780e-03
-8.3030e-03
-7.5650e-03
-6.9110e-03
-6.4390e-03
-5.9970e-03
-5.5870e-03
-5.2100e-03
-4.8620e-03
-4.5390e-03
