2.70385160e+02
5.02676015e+01
4.98578529e+01
4.96767741e+01
4.97450795e+01
4.99950268e+01
5.02194968e+01
5.00243608e+01
5.00594686e+01
4.99577458e+01
5.01545237e+01
5.00428579e+01
4.97578422e+01
5.00177739e+01
5.03020079e+01
5.00402671e+01
4.98988630e+01
4.99454550e+01
5.00155123e+01
5.02710374e+01
5.00665520e+01
4.99511797e+01
4.96619404e+01
5.03175979e+01
5.00242558e+01
5.00715285e+01
4.97907929e+01
5.01254632e+01
4.98728942e+01
4.99413619e+01
5.00537224e+01
5.01240835e+01
4.96259680e+01
5.01783878e+01
4.99389271e+01
5.01885095e+01
4.97597418e+01
2.70332959e+02
1.49997179e+02
1.43835616e+02
1.39269509e+02
1.36328054e+02
1.34039259e+02
1.31823463e+02
1.29778646e+02
1.28018041e+02
1.27097888e+02
1.26225445e+02
1.25235462e+02
1.24626609e+02
1.23858598e+02
1.23356650e+02
1.23155445e+02
1.22517699e+02
1.22225193e+02
1.21774872e+02
1.21432984e+02
1.21314955e+02
1.20906758e+02
1.21294396e+02
1.20940426e+02
1.20500190e+02
1.20769067e+02
1.20311866e+02
1.20379616e+02
1.20116873e+02
1.20297459e+02
1.19703832e+02
1.19907487e+02
1.20104639e+02
1.19754496e+02
1.20145280e+02
1.20042221e+02
1.19866424e+02
2.70030364e+02
2.49846597e+02
2.44458511e+02
2.38849099e+02
2.33319291e+02
2.28170044e+02
2.23249029e+02
2.19741948e+02
2.15768658e+02
2.12832573e+02
2.10818382e+02
2.08899169e+02
2.06819883e+02
2.05383843e+02
2.03836552e+02
2.03145314e+02
2.02003278e+02
2.01127392e+02
2.00593624e+02
2.00074813e+02
1.99274300e+02
1.99045915e+02
1.98489566e+02
1.98297823e+02
1.97942653e+02
1.97781026e+02
1.97573802e+02
1.97148198e+02
1.96932234e+02
1.97019198e+02
1.96833031e+02
1.96834027e+02
1.96428388e+02
1.96763498e+02
1.96308929e+02
1.96355698e+02
1.96118099e+02
2.69257923e+02
2.68340021e+02
2.68487181e+02
2.68173497e+02
2.67490452e+02
2.66844110e+02
2.66226871e+02
2.66217625e+02
2.65055645e+02
2.64633828e+02
2.64013624e+02
2.63956142e+02
2.63751633e+02
2.63360205e+02
2.63304005e+02
2.62503047e+02
2.62098385e+02
2.62064429e+02
2.62349498e+02
2.62530267e+02
2.61804803e+02
2.61525809e+02
2.62014703e+02
2.61692607e+02
2.61733838e+02
2.61514622e+02
2.61745183e+02
2.61637023e+02
2.61258982e+02
2.61179599e+02
2.61738032e+02
2.61673005e+02
2.61396338e+02
2.61445828e+02
2.61394353e+02
2.61139510e+02
2.61196857e+02
2.68677943e+02
2.68540004e+02
2.67905229e+02
2.67982148e+02
2.67619731e+02
2.67477146e+02
2.67218571e+02
2.66536458e+02
2.66441186e+02
2.66108133e+02
2.65713684e+02
2.65575603e+02
2.65489371e+02
2.64712863e+02
2.64975277e+02
2.64823692e+02
2.64495940e+02
2.64282212e+02
2.64580474e+02
2.64041459e+02
2.64257055e+02
2.64150308e+02
2.64099645e+02
2.64006528e+02
2.64109027e+02
2.64063131e+02
2.64146407e+02
2.63978009e+02
2.63884226e+02
2.63903751e+02
2.63688932e+02
2.64068513e+02
2.63951948e+02
2.63592675e+02
2.63951765e+02
2.63841965e+02
2.64203082e+02
2.65192056e+02
2.64872549e+02
2.63384344e+02
2.61669659e+02
2.58809599e+02
2.56609323e+02
2.54316620e+02
2.52401397e+02
2.50510684e+02
2.48073498e+02
2.46300733e+02
2.44453766e+02
2.43072868e+02
2.41958077e+02
2.40802108e+02
2.39352760e+02
2.38221651e+02
2.37092425e+02
2.36559706e+02
2.35376117e+02
2.34704350e+02
2.34297357e+02
2.33806612e+02
2.32951809e+02
2.32405310e+02
2.31555622e+02
2.31191557e+02
2.31169996e+02
2.30316534e+02
2.29949106e+02
2.29912775e+02
2.29739454e+02
2.29444857e+02
2.29091674e+02
2.28984940e+02
2.28255103e+02
2.28376714e+02
2.65925989e+02
2.65670768e+02
2.64626623e+02
2.62656286e+02
2.60394460e+02
2.58216599e+02
2.56524624e+02
2.54100083e+02
2.52457976e+02
2.51051758e+02
2.49217619e+02
2.47842320e+02
2.46490278e+02
2.45287565e+02
2.43871990e+02
2.42691173e+02
2.41973685e+02
2.41379878e+02
2.40331353e+02
2.39327187e+02
2.38617084e+02
2.38405599e+02
2.37708286e+02
2.37005142e+02
2.36939924e+02
2.36449503e+02
2.36156492e+02
2.35324785e+02
2.34755085e+02
2.34923241e+02
2.34150372e+02
2.34073142e+02
2.33990565e+02
2.33615622e+02
2.33486914e+02
2.33865053e+02
2.33031479e+02
2.68888135e+02
2.68815995e+02
2.67599691e+02
2.66424648e+02
2.65285378e+02
2.63989536e+02
2.62807451e+02
2.61685653e+02
2.60774098e+02
2.59969389e+02
2.58703955e+02
2.57683092e+02
2.57739015e+02
2.56945013e+02
2.55791731e+02
2.55490047e+02
2.54636416e+02
2.53905723e+02
2.54092842e+02
2.53371837e+02
2.53319265e+02
2.52703644e+02
2.52104015e+02
2.51970629e+02
2.51877745e+02
2.51765893e+02
2.51402490e+02
2.51255079e+02
2.50646162e+02
2.51471808e+02
2.50401513e+02
2.50808012e+02
2.50399553e+02
2.50464519e+02
2.50336418e+02
2.50158114e+02
2.50046611e+02
2.69856523e+02
2.69492103e+02
2.68660472e+02
2.68073404e+02
2.67216570e+02
2.66077928e+02
2.65621749e+02
2.64890424e+02
2.64139330e+02
2.63460940e+02
2.62744061e+02
2.62459878e+02
2.62105086e+02
2.61918809e+02
2.61561273e+02
2.61381191e+02
2.61446267e+02
2.60953024e+02
2.60218575e+02
2.60430520e+02
2.60127861e+02
2.59819490e+02
2.60135775e+02
2.59737121e+02
2.59469461e+02
2.59412939e+02
2.59610502e+02
2.59413837e+02
2.59039047e+02
2.59063260e+02
2.58648060e+02
2.59245962e+02
2.58850976e+02
2.58959199e+02
2.58500540e+02
2.58381060e+02
2.58536692e+02
2.70650661e+02
2.70680397e+02
2.70571822e+02
2.70464202e+02
2.70593174e+02
2.70015444e+02
2.70170323e+02
2.69922777e+02
2.69687867e+02
2.69899698e+02
2.69968498e+02
2.69586002e+02
2.69779563e+02
2.69721477e+02
2.70173187e+02
2.69638596e+02
2.69859338e+02
2.69619726e+02
2.69480873e+02
2.69604150e+02
2.69488834e+02
2.69794402e+02
2.69912783e+02
2.69742712e+02
2.69578025e+02
2.69626650e+02
2.69405761e+02
2.69535096e+02
2.69923964e+02
2.69560276e+02
2.69438045e+02
2.69680108e+02
2.69542851e+02
2.69322279e+02
2.69718537e+02
2.69307093e+02
2.69393366e+02
