2.69808873e+02
4.98394545e+01
4.99203000e+01
5.01492327e+01
5.00859038e+01
4.97853581e+01
4.96642234e+01
5.02263490e+01
5.00709943e+01
5.00306430e+01
4.99962966e+01
4.95195018e+01
4.96596450e+01
5.01021726e+01
5.02797127e+01
5.03744126e+01
4.99916579e+01
4.98798962e+01
5.01394205e+01
5.01744241e+01
5.00549768e+01
5.02345958e+01
5.00926412e+01
5.00698975e+01
4.98768411e+01
5.00637147e+01
5.00035243e+01
4.98745923e+01
4.99554068e+01
5.01340241e+01
5.01690146e+01
4.98658684e+01
5.02719288e+01
4.99789334e+01
4.94125480e+01
4.98135409e+01
4.97871808e+01
2.70020148e+02
1.50104534e+02
1.43997082e+02
1.39393052e+02
1.36847456e+02
1.34376605e+02
1.32121374e+02
1.30409643e+02
1.28801155e+02
1.27559933e+02
1.26807374e+02
1.25460956e+02
1.24934339e+02
1.24914042e+02
1.23999377e+02
1.23310665e+02
1.23059133e+02
1.22629798e+02
1.22342545e+02
1.21984649e+02
1.21896934e+02
1.21031036e+02
1.21379189e+02
1.21126269e+02
1.20984338e+02
1.21126385e+02
1.20755863e+02
1.20993786e+02
1.20877684e+02
1.21023936e+02
1.20686669e+02
1.20825953e+02
1.20798696e+02
1.20376245e+02
1.20456011e+02
1.20384701e+02
1.20520864e+02
2.69891992e+02
2.50032356e+02
2.44559867e+02
2.38847562e+02
2.33466801e+02
2.28301779e+02
2.24042532e+02
2.20242304e+02
2.16712947e+02
2.13968041e+02
2.11904658e+02
2.09574784e+02
2.08268556e+02
2.06445410e+02
2.05521269e+02
2.04153647e+02
2.03031790e+02
2.02558380e+02
2.02036561e+02
2.00749425e+02
2.00604334e+02
2.00632353e+02
2.00124314e+02
1.99608944e+02
1.99246954e+02
1.99117901e+02
1.99317419e+02
1.98772487e+02
1.98609864e+02
1.98463913e+02
1.98231472e+02
1.98006643e+02
1.98178850e+02
1.98171432e+02
1.97641184e+02
1.97761676e+02
1.97950614e+02
2.68975774e+02
2.68306680e+02
2.68319272e+02
2.68008020e+02
2.67724702e+02
2.66872287e+02
2.66358286e+02
2.65516530e+02
2.65206040e+02
2.64508771e+02
2.64305541e+02
2.64541022e+02
2.63635139e+02
2.63054314e+02
2.63368019e+02
2.63051158e+02
2.62732688e+02
2.62597085e+02
2.62488134e+02
2.62864021e+02
2.61815377e+02
2.62573597e+02
2.62130688e+02
2.62277417e+02
2.61902196e+02
2.62119815e+02
2.62036028e+02
2.61986495e+02
2.62037476e+02
2.61601274e+02
2.62063463e+02
2.61585246e+02
2.61589188e+02
2.61880808e+02
2.61728709e+02
2.61507185e+02
2.61669239e+02
2.68538778e+02
2.68463280e+02
2.68526643e+02
2.68222500e+02
2.67886830e+02
2.66991636e+02
2.67196392e+02
2.66812601e+02
2.66190334e+02
2.65908525e+02
2.65631495e+02
2.65558460e+02
2.65086925e+02
2.65698957e+02
2.64694335e+02
2.64557750e+02
2.64625958e+02
2.64073263e+02
2.64545781e+02
2.64340231e+02
2.64000418e+02
2.64051011e+02
2.64274650e+02
2.64100744e+02
2.64159750e+02
2.63695786e+02
2.64188837e+02
2.63808723e+02
2.63774224e+02
2.63772295e+02
2.63708482e+02
2.63996423e+02
2.63949144e+02
2.63475212e+02
2.63685513e+02
2.63920512e+02
2.63640541e+02
2.74077009e+02
2.73331466e+02
2.71208801e+02
2.68118451e+02
2.64820497e+02
2.62326154e+02
2.59871670e+02
2.56708918e+02
2.54734669e+02
2.52523211e+02
2.50839035e+02
2.48503443e+02
2.46718270e+02
2.44940725e+02
2.44253195e+02
2.42525851e+02
2.41238941e+02
2.40292043e+02
2.39197035e+02
2.38193222e+02
2.37153158e+02
2.36782815e+02
2.36018050e+02
2.35120480e+02
2.34353862e+02
2.33732459e+02
2.33222981e+02
2.32674272e+02
2.32099368e+02
2.31988329e+02
2.31489194e+02
2.30684780e+02
2.30828640e+02
2.30351465e+02
2.30333747e+02
2.29669405e+02
2.29328612e+02
2.73780517e+02
2.73347876e+02
2.72152139e+02
2.70336800e+02
2.67665475e+02
2.65543252e+02
2.63478202e+02
2.60890084e+02
2.58345291e+02
2.56785723e+02
2.55393087e+02
2.53344264e+02
2.51564495e+02
2.50212263e+02
2.49009367e+02
2.47609326e+02
2.46284856e+02
2.45501797e+02
2.44735065e+02
2.43662875e+02
2.43193127e+02
2.42153745e+02
2.41087034e+02
2.40883894e+02
2.40186860e+02
2.39424381e+02
2.39162205e+02
2.39138471e+02
2.37917195e+02
2.37817346e+02
2.37602145e+02
2.36529556e+02
2.36522234e+02
2.36330377e+02
2.35821041e+02
2.35562151e+02
2.35380266e+02
2.72303635e+02
2.72194866e+02
2.71055749e+02
2.69736090e+02
2.68348937e+02
2.66880553e+02
2.65920024e+02
2.64837873e+02
2.63464381e+02
2.62423938e+02
2.61460373e+02
2.60566102e+02
2.60213593e+02
2.59016101e+02
2.58335356e+02
2.57529953e+02
2.57319534e+02
2.56816039e+02
2.55664328e+02
2.55546032e+02
2.55370470e+02
2.55096160e+02
2.53968727e+02
2.53659448e+02
2.53656484e+02
2.53283106e+02
2.53075472e+02
2.52948601e+02
2.52650460e+02
2.52786396e+02
2.52224496e+02
2.52237371e+02
2.52015590e+02
2.51673765e+02
2.51872579e+02
2.51553773e+02
2.51113923e+02
2.71616727e+02
2.71350259e+02
2.70576828e+02
2.69628669e+02
2.68753940e+02
2.67321161e+02
2.66872856e+02
2.66041414e+02
2.65628659e+02
2.65097976e+02
2.64417946e+02
2.63675755e+02
2.63439059e+02
2.63119957e+02
2.62799192e+02
2.62468120e+02
2.62218535e+02
2.62003922e+02
2.61616475e+02
2.61428970e+02
2.60969254e+02
2.60878321e+02
2.60858048e+02
2.60824807e+02
2.60606186e+02
2.60616630e+02
2.60416988e+02
2.60111608e+02
2.59831707e+02
2.59652376e+02
2.59797483e+02
2.59647567e+02
2.59571136e+02
2.59372152e+02
2.59195694e+02
2.59077532e+02
2.59140244e+02
2.70692393e+02
2.70885615e+02
2.70961708e+02
2.70560880e+02
2.70299619e+02
2.70091992e+02
2.70250135e+02
2.70059032e+02
2.70103977e+02
2.69972022e+02
2.70284099e+02
2.69770096e+02
2.69806538e+02
2.69984251e+02
2.70200244e+02
2.69634089e+02
2.69840710e+02
2.69929791e+02
2.69734061e+02
2.69920356e+02
2.70200508e+02
2.69667921e+02
2.70040079e+02
2.69957673e+02
2.69585082e+02
2.69644989e+02
2.69463918e+02
2.69907499e+02
2.69685471e+02
2.70236819e+02
2.69685701e+02
2.69424551e+02
2.69636625e+02
2.69565773e+02
2.69521064e+02
2.69590348e+02
2.69649746e+02
