-2.2000e+02
0.0000e+00
0.0000e+00
0.0000e+00
0.0000e+00
0.0000e+00
0.0000e+00
0.0000e+00
0.0000e+00
0.0000e+00
0.0000e+00
0.0000e+00
0.0000e+00
0.0000e+00
0.0000e+00
0.0000e+00
0.0000e+00
0.0000e+00
0.0000e+00
0.0000e+00
0.0000e+00
0.0000e+00
0.0000e+00
0.0000e+00
0.0000e+00
0.0000e+00
0.0000e+00
0.0000e+00
0.0000e+00
0.0000e+00
0.0000e+00
0.0000e+00
0.0000e+00
0.0000e+00
0.0000e+00
0.0000e+00
-1.2000e+02
-6.4725e+00
-3.8734e+00
-2.9665e+00
-2.5580e+00
-2.2107e+00
-1.8235e+00
-1.5003e+00
-1.2424e+00
-1.0363e+00
-8.7037e-01
-7.3538e-01
-6.2462e-01
-5.3304e-01
-4.5680e-01
-3.9295e-01
-3.3921e-01
-2.9377e-01
-2.5519e-01
-2.2233e-01
-1.9424e-01
-1.7016e-01
-1.4947e-01
-1.3163e-01
-1.1622e-01
-1.0288e-01
-9.1299e-02
-8.1228e-02
-7.2451e-02
-6.4784e-02
-5.8073e-02
-5.2189e-02
-4.7016e-02
-4.1272e-02
-3.7174e-02
-3.3861e-02
-2.0000e+01
-5.5438e+00
-5.5042e+00
-5.5353e+00
-5.2228e+00
-4.6086e+00
-3.9651e+00
-3.3779e+00
-2.8668e+00
-2.4310e+00
-2.0629e+00
-1.7530e+00
-1.4925e+00
-1.2733e+00
-1.0885e+00
-9.3252e-01
-8.0051e-01
-6.8856e-01
-5.9345e-01
-5.1246e-01
-4.4338e-01
-3.8434e-01
-3.3380e-01
-2.9046e-01
-2.5323e-01
-2.2121e-01
-1.9362e-01
-1.6980e-01
-1.4923e-01
-1.3142e-01
-1.1599e-01
-1.0259e-01
-9.0944e-02
-7.8692e-02
-6.9686e-02
-6.2462e-02
-9.8787e-02
-2.5431e-01
-3.7829e-01
-4.7312e-01
-5.2727e-01
-5.4090e-01
-5.2321e-01
-4.8647e-01
-4.4077e-01
-3.9274e-01
-3.4619e-01
-3.0306e-01
-2.6416e-01
-2.2964e-01
-1.9933e-01
-1.7289e-01
-1.4992e-01
-1.3003e-01
-1.1284e-01
-9.7979e-02
-8.5152e-02
-7.4080e-02
-6.4520e-02
-5.6265e-02
-4.9133e-02
-4.2967e-02
-3.7633e-02
-3.3017e-02
-2.9016e-02
-2.5546e-02
-2.2534e-02
-1.9916e-02
-1.7638e-02
-1.5460e-02
-1.3576e-02
-1.2079e-02
-2.9697e-02
-1.1487e-01
-2.0200e-01
-2.7557e-01
-3.2529e-01
-3.4754e-01
-3.4609e-01
-3.2836e-01
-3.0165e-01
-2.7131e-01
-2.4069e-01
-2.1163e-01
-1.8502e-01
-1.6118e-01
-1.4010e-01
-1.2164e-01
-1.0555e-01
-9.1582e-02
-7.9487e-02
-6.9026e-02
-5.9987e-02
-5.2179e-02
-4.5436e-02
-3.9610e-02
-3.4577e-02
-3.0225e-02
-2.6461e-02
-2.3202e-02
-2.0380e-02
-1.7931e-02
-1.5807e-02
-1.3961e-02
-1.2356e-02
-1.0770e-02
-9.5270e-03
-8.4620e-03
-3.6504e-01
-1.5233e+00
-2.1889e+00
-2.4400e+00
-2.4942e+00
-2.4471e+00
-2.3464e+00
-2.2180e+00
-2.0774e+00
-1.9340e+00
-1.7932e+00
-1.6585e+00
-1.5314e+00
-1.4128e+00
-1.3029e+00
-1.2016e+00
-1.1085e+00
-1.0232e+00
-9.4503e-01
-8.7357e-01
-8.0823e-01
-7.4849e-01
-6.9386e-01
-6.4387e-01
-5.9811e-01
-5.5618e-01
-5.1773e-01
-4.8244e-01
-4.5002e-01
-4.2020e-01
-3.9274e-01
-3.6743e-01
-3.4407e-01
-3.1182e-01
-2.8976e-01
-2.7308e-01
-3.1845e-01
-1.3640e+00
-1.9868e+00
-2.2177e+00
-2.2628e+00
-2.2155e+00
-2.1206e+00
-2.0019e+00
-1.8730e+00
-1.7420e+00
-1.6140e+00
-1.4918e+00
-1.3768e+00
-1.2698e+00
-1.1708e+00
-1.0796e+00
-9.9597e-01
-9.1936e-01
-8.4928e-01
-7.8521e-01
-7.2665e-01
-6.7312e-01
-6.2417e-01
-5.7939e-01
-5.3838e-01
-5.0080e-01
-4.6633e-01
-4.3469e-01
-4.0560e-01
-3.7884e-01
-3.5419e-01
-3.3147e-01
-3.1049e-01
-2.8132e-01
-2.6152e-01
-2.4669e-01
-1.7582e-01
-8.7027e-01
-1.2173e+00
-1.3027e+00
-1.2906e+00
-1.2388e+00
-1.1695e+00
-1.0927e+00
-1.0140e+00
-9.3685e-01
-8.6331e-01
-7.9440e-01
-7.3052e-01
-6.7175e-01
-6.1791e-01
-5.6874e-01
-5.2390e-01
-4.8305e-01
-4.4583e-01
-4.1193e-01
-3.8102e-01
-3.5283e-01
-3.2710e-01
-3.0358e-01
-2.8207e-01
-2.6238e-01
-2.4432e-01
-2.2776e-01
-2.1254e-01
-1.9853e-01
-1.8564e-01
-1.7375e-01
-1.6278e-01
-1.4851e-01
-1.3827e-01
-1.3007e-01
-1.3515e-01
-7.0939e-01
-9.7600e-01
-9.5439e-01
-8.5920e-01
-7.6453e-01
-6.8382e-01
-6.1549e-01
-5.5651e-01
-5.0486e-01
-4.5920e-01
-4.1862e-01
-3.8241e-01
-3.4999e-01
-3.2089e-01
-2.9472e-01
-2.7112e-01
-2.4980e-01
-2.3050e-01
-2.1300e-01
-1.9709e-01
-1.8262e-01
-1.6943e-01
-1.5738e-01
-1.4637e-01
-1.3629e-01
-1.2704e-01
-1.1856e-01
-1.1075e-01
-1.0357e-01
-9.6946e-02
-9.0835e-02
-8.5189e-02
-7.7802e-02
-7.2589e-02
-6.8421e-02
-8.0431e-02
-1.6412e-01
-1.4463e-01
-1.1605e-01
-9.5046e-02
-8.0040e-02
-6.8786e-02
-5.9837e-02
-5.2471e-02
-4.6291e-02
-4.1041e-02
-3.6541e-02
-3.2657e-02
-2.9287e-02
-2.6348e-02
-2.3773e-02
-2.1510e-02
-1.9513e-02
-1.7744e-02
-1.6175e-02
-1.4775e-02
-1.3526e-02
-1.2408e-02
-1.1403e-02
-1.0500e-02
-9.6850e-03
-8.9480e-03
-8.2820e-03
-7.6750e-03
-7.1260e-03
-6.6240e-03
-6.1660e-03
-5.7470e-03
-5.2320e-03
-4.8490e-03
-4.5420e-03
