2.70000000e+02
5.00000000e+01
5.00000000e+01
5.00000000e+01
5.00000000e+01
5.00000000e+01
5.00000000e+01
5.00000000e+01
5.00000000e+01
5.00000000e+01
5.00000000e+01
5.00000000e+01
5.00000000e+01
5.00000000e+01
5.00000000e+01
5.00000000e+01
5.00000000e+01
5.00000000e+01
5.00000000e+01
5.00000000e+01
5.00000000e+01
5.00000000e+01
5.00000000e+01
5.00000000e+01
5.00000000e+01
5.00000000e+01
5.00000000e+01
5.00000000e+01
5.00000000e+01
5.00000000e+01
5.00000000e+01
5.00000000e+01
5.00000000e+01
5.00000000e+01
5.00000000e+01
5.00000000e+01
5.00000000e+01
2.70000000e+02
1.50000000e+02
1.43427867e+02
1.39540326e+02
1.36568668e+02
1.34002968e+02
1.31803857e+02
1.30001736e+02
1.28525477e+02
1.27307826e+02
1.26295886e+02
1.25449029e+02
1.24735929e+02
1.24132172e+02
1.23618512e+02
1.23179605e+02
1.22803095e+02
1.22478946e+02
1.22198943e+02
1.21956314e+02
1.21745446e+02
1.21561661e+02
1.21401043e+02
1.21260300e+02
1.21136655e+02
1.21027757e+02
1.20931611e+02
1.20846516e+02
1.20772960e+02
1.20707863e+02
1.20649579e+02
1.20597310e+02
1.20550344e+02
1.20508058e+02
1.20469908e+02
1.20435422e+02
1.20404188e+02
2.70000000e+02
2.50000000e+02
2.44396690e+02
2.38901354e+02
2.33392734e+02
2.28219031e+02
2.23674516e+02
2.19780976e+02
2.16477507e+02
2.13684728e+02
2.11325106e+02
2.09329640e+02
2.07639312e+02
2.06204550e+02
2.04984057e+02
2.03943523e+02
2.03054460e+02
2.02293175e+02
2.01639929e+02
2.01078238e+02
2.00594299e+02
2.00176524e+02
1.99815165e+02
1.99501998e+02
1.99230074e+02
1.98993505e+02
1.98787294e+02
1.98607194e+02
1.98453188e+02
1.98318752e+02
1.98200154e+02
1.98095336e+02
1.98002518e+02
1.97920165e+02
1.97846952e+02
1.97781734e+02
1.97723520e+02
2.68705122e+02
2.68595893e+02
2.68320589e+02
2.67917946e+02
2.67419786e+02
2.66868100e+02
2.66304416e+02
2.65760769e+02
2.65256529e+02
2.64800680e+02
2.64395382e+02
2.64038880e+02
2.63727450e+02
2.63456569e+02
2.63221581e+02
2.63018037e+02
2.62841858e+02
2.62689395e+02
2.62557431e+02
2.62443154e+02
2.62344126e+02
2.62258237e+02
2.62183669e+02
2.62118857e+02
2.62062454e+02
2.62013304e+02
2.61970414e+02
2.61932929e+02
2.61900467e+02
2.61872305e+02
2.61847603e+02
2.61825827e+02
2.61806575e+02
2.61789516e+02
2.61774370e+02
2.61760895e+02
2.61748884e+02
2.68353909e+02
2.68323332e+02
2.68202872e+02
2.67992751e+02
2.67708405e+02
2.67374222e+02
2.67017923e+02
2.66663587e+02
2.66327810e+02
2.66019767e+02
2.65743138e+02
2.65498157e+02
2.65283154e+02
2.65095550e+02
2.64932449e+02
2.64790962e+02
2.64668374e+02
2.64562219e+02
2.64470300e+02
2.64390685e+02
2.64321692e+02
2.64261857e+02
2.64209919e+02
2.64164788e+02
2.64125526e+02
2.64091328e+02
2.64061498e+02
2.64035441e+02
2.64012994e+02
2.63993383e+02
2.63976203e+02
2.63961088e+02
2.63947741e+02
2.63935927e+02
2.63925447e+02
2.63916130e+02
2.63907833e+02
2.66197551e+02
2.66023934e+02
2.64190638e+02
2.61879410e+02
2.59523724e+02
2.57250902e+02
2.55103073e+02
2.53093537e+02
2.51224906e+02
2.49494137e+02
2.47895076e+02
2.46419980e+02
2.45060435e+02
2.43807896e+02
2.42654022e+02
2.41590858e+02
2.40610936e+02
2.39707322e+02
2.38873621e+02
2.38103967e+02
2.37392997e+02
2.36735818e+02
2.36127972e+02
2.35565400e+02
2.35044408e+02
2.34561631e+02
2.34114004e+02
2.33698734e+02
2.33327299e+02
2.32982784e+02
2.32660783e+02
2.32360185e+02
2.32079624e+02
2.31817745e+02
2.31573254e+02
2.31344941e+02
2.31131677e+02
2.66864784e+02
2.66874608e+02
2.65991526e+02
2.64428141e+02
2.62549892e+02
2.60565735e+02
2.58589850e+02
2.56683223e+02
2.54877205e+02
2.53185997e+02
2.51613710e+02
2.50158624e+02
2.48815783e+02
2.47578563e+02
2.46439633e+02
2.45391517e+02
2.44426926e+02
2.43538936e+02
2.42721083e+02
2.41967392e+02
2.41272381e+02
2.40631044e+02
2.40038821e+02
2.39491566e+02
2.38985514e+02
2.38517245e+02
2.38083650e+02
2.37681907e+02
2.37320161e+02
2.36987278e+02
2.36676894e+02
2.36387525e+02
2.36117731e+02
2.35866132e+02
2.35631434e+02
2.35412432e+02
2.35208011e+02
2.69486817e+02
2.69299209e+02
2.68439358e+02
2.67255448e+02
2.66002578e+02
2.64771626e+02
2.63598140e+02
2.62497691e+02
2.61476666e+02
2.60536006e+02
2.59673266e+02
2.58884087e+02
2.58163180e+02
2.57504951e+02
2.56903877e+02
2.56354712e+02
2.55852583e+02
2.55393035e+02
2.54972029e+02
2.54585924e+02
2.54231448e+02
2.53905664e+02
2.53605941e+02
2.53329917e+02
2.53075474e+02
2.52840709e+02
2.52623909e+02
2.52423532e+02
2.52241849e+02
2.52074985e+02
2.51920455e+02
2.51777052e+02
2.51643786e+02
2.51519818e+02
2.51404411e+02
2.51296908e+02
2.51196713e+02
2.70265038e+02
2.70110514e+02
2.69333027e+02
2.68282967e+02
2.67272908e+02
2.66379658e+02
2.65599048e+02
2.64912721e+02
2.64304664e+02
2.63762724e+02
2.63277510e+02
2.62841492e+02
2.62448472e+02
2.62093246e+02
2.61771391e+02
2.61479121e+02
2.61213169e+02
2.60970702e+02
2.60749258e+02
2.60546681e+02
2.60361083e+02
2.60190799e+02
2.60034361e+02
2.59890467e+02
2.59757959e+02
2.59635805e+02
2.59523084e+02
2.59418970e+02
2.59324488e+02
2.59237589e+02
2.59157209e+02
2.59082707e+02
2.59013543e+02
2.58949257e+02
2.58889450e+02
2.58833767e+02
2.58781890e+02
2.70831523e+02
2.70744752e+02
2.70562265e+02
2.70400148e+02
2.70270284e+02
2.70164690e+02
2.70076567e+02
2.70001540e+02
2.69936855e+02
2.69880602e+02
2.69831357e+02
2.69788017e+02
2.69749697e+02
2.69715677e+02
2.69685365e+02
2.69658266e+02
2.69633964e+02
2.69612108e+02
2.69592399e+02
2.69574583e+02
2.69558440e+02
2.69543782e+02
2.69530445e+02
2.69518287e+02
2.69507184e+02
2.69497029e+02
2.69487725e+02
2.69479190e+02
2.69471487e+02
2.69464465e+02
2.69458002e+02
2.69452036e+02
2.69446520e+02
2.69441412e+02
2.69436678e+02
2.69432285e+02
2.69428206e+02
