2.70000000e+02
5.00000000e+01
5.00000000e+01
5.00000000e+01
5.00000000e+01
5.00000000e+01
5.00000000e+01
5.00000000e+01
5.00000000e+01
5.00000000e+01
5.00000000e+01
5.00000000e+01
5.00000000e+01
5.00000000e+01
5.00000000e+01
5.00000000e+01
5.00000000e+01
5.00000000e+01
5.00000000e+01
5.00000000e+01
5.00000000e+01
5.00000000e+01
5.00000000e+01
5.00000000e+01
5.00000000e+01
5.00000000e+01
5.00000000e+01
5.00000000e+01
5.00000000e+01
5.00000000e+01
5.00000000e+01
5.00000000e+01
5.00000000e+01
5.00000000e+01
5.00000000e+01
5.00000000e+01
5.00000000e+01
2.70000000e+02
1.50000000e+02
1.43908066e+02
1.40107525e+02
1.37167505e+02
1.34650765e+02
1.32534318e+02
1.30717312e+02
1.29206218e+02
1.27948051e+02
1.26894479e+02
1.26006985e+02
1.25255317e+02
1.24615587e+02
1.24068752e+02
1.23599477e+02
1.23195304e+02
1.22846028e+02
1.22543234e+02
1.22279942e+02
1.22050330e+02
1.21849518e+02
1.21673406e+02
1.21518531e+02
1.21381960e+02
1.21261203e+02
1.21154141e+02
1.21058963e+02
1.20974121e+02
1.20898290e+02
1.20830330e+02
1.20769259e+02
1.20714232e+02
1.20664520e+02
1.20619491e+02
1.20578597e+02
1.20542719e+02
2.70000000e+02
2.50000000e+02
2.44443367e+02
2.38873705e+02
2.33271159e+02
2.27977983e+02
2.23302406e+02
2.19280598e+02
2.15852416e+02
2.12939789e+02
2.10467139e+02
2.08366823e+02
2.06580455e+02
2.05058549e+02
2.03759525e+02
2.02648576e+02
2.01696593e+02
2.00879217e+02
2.00176037e+02
1.99569919e+02
1.99046450e+02
1.98593483e+02
1.98200756e+02
1.97859589e+02
1.97562621e+02
1.97303601e+02
1.97077211e+02
1.96878921e+02
1.96704867e+02
1.96551747e+02
1.96416735e+02
1.96297414e+02
1.96191706e+02
1.96097832e+02
1.96014260e+02
1.95939671e+02
1.95875011e+02
2.68666133e+02
2.68584858e+02
2.68354111e+02
2.68000295e+02
2.67555420e+02
2.67062395e+02
2.66561039e+02
2.66080318e+02
2.65636888e+02
2.65237807e+02
2.64884140e+02
2.64573727e+02
2.64302904e+02
2.64067484e+02
2.63863277e+02
2.63686346e+02
2.63533115e+02
2.63400408e+02
2.63285432e+02
2.63185755e+02
2.63099269e+02
2.63024153e+02
2.62958836e+02
2.62901968e+02
2.62852385e+02
2.62809090e+02
2.62771222e+02
2.62738046e+02
2.62708925e+02
2.62683316e+02
2.62660749e+02
2.62640822e+02
2.62623186e+02
2.62607544e+02
2.62593638e+02
2.62581246e+02
2.62570375e+02
2.68289046e+02
2.68270039e+02
2.68182628e+02
2.68016838e+02
2.67783702e+02
2.67505500e+02
2.67207640e+02
2.66911497e+02
2.66631430e+02
2.66375129e+02
2.66145476e+02
2.65942435e+02
2.65764430e+02
2.65609195e+02
2.65474251e+02
2.65357164e+02
2.65255669e+02
2.65167720e+02
2.65091502e+02
2.65025421e+02
2.64968091e+02
2.64918309e+02
2.64875037e+02
2.64837378e+02
2.64804562e+02
2.64775925e+02
2.64750895e+02
2.64728982e+02
2.64709764e+02
2.64692879e+02
2.64678013e+02
2.64664898e+02
2.64653304e+02
2.64643032e+02
2.64633909e+02
2.64625789e+02
2.64618706e+02
2.72798458e+02
2.72285600e+02
2.70504982e+02
2.68013344e+02
2.65278776e+02
2.62520337e+02
2.59845434e+02
2.57306602e+02
2.54926564e+02
2.52712481e+02
2.50662778e+02
2.48770968e+02
2.47027974e+02
2.45423537e+02
2.43947064e+02
2.42588129e+02
2.41336767e+02
2.40183623e+02
2.39120029e+02
2.38138017e+02
2.37230313e+02
2.36390297e+02
2.35611967e+02
2.34889890e+02
2.34219153e+02
2.33595315e+02
2.33014366e+02
2.32472683e+02
2.31966990e+02
2.31494325e+02
2.31052008e+02
2.30637609e+02
2.30248928e+02
2.29883967e+02
2.29540910e+02
2.29218107e+02
2.28927198e+02
2.72602418e+02
2.72248567e+02
2.70852527e+02
2.68758229e+02
2.66379757e+02
2.63935584e+02
2.61538832e+02
2.59248117e+02
2.57091431e+02
2.55079941e+02
2.53215115e+02
2.51492776e+02
2.49905620e+02
2.48444793e+02
2.47100856e+02
2.45864372e+02
2.44726241e+02
2.43677890e+02
2.42711360e+02
2.41819333e+02
2.40995130e+02
2.40232677e+02
2.39526471e+02
2.38871536e+02
2.38263375e+02
2.37697928e+02
2.37171531e+02
2.36680872e+02
2.36222964e+02
2.35795102e+02
2.35394840e+02
2.35019966e+02
2.34668471e+02
2.34338535e+02
2.34028502e+02
2.33736868e+02
2.33473541e+02
2.71815322e+02
2.71538714e+02
2.70525476e+02
2.69150853e+02
2.67690293e+02
2.66247472e+02
2.64866071e+02
2.63566054e+02
2.62355282e+02
2.61235242e+02
2.60203618e+02
2.59255870e+02
2.58386328e+02
2.57588897e+02
2.56857483e+02
2.56186239e+02
2.55569694e+02
2.55002802e+02
2.54480963e+02
2.54000004e+02
2.53556159e+02
2.53146033e+02
2.52766571e+02
2.52415026e+02
2.52088927e+02
2.51786050e+02
2.51504391e+02
2.51242145e+02
2.50997683e+02
2.50769530e+02
2.50556357e+02
2.50356958e+02
2.50170237e+02
2.49995205e+02
2.49830958e+02
2.49676675e+02
2.49536842e+02
2.71410943e+02
2.71205816e+02
2.70364351e+02
2.69237270e+02
2.68138720e+02
2.67150129e+02
2.66271704e+02
2.65488330e+02
2.64785411e+02
2.64151667e+02
2.63578354e+02
2.63058322e+02
2.62585517e+02
2.62154721e+02
2.61761399e+02
2.61401589e+02
2.61071818e+02
2.60769039e+02
2.60490563e+02
2.60234019e+02
2.59997306e+02
2.59778562e+02
2.59576129e+02
2.59388530e+02
2.59214442e+02
2.59052684e+02
2.58902193e+02
2.58762015e+02
2.58631288e+02
2.58509236e+02
2.58395157e+02
2.58288414e+02
2.58188430e+02
2.58094680e+02
2.58006689e+02
2.57924022e+02
2.57849113e+02
2.70921676e+02
2.70821714e+02
2.70620638e+02
2.70442420e+02
2.70298722e+02
2.70180714e+02
2.70081378e+02
2.69996122e+02
2.69921986e+02
2.69857005e+02
2.69799719e+02
2.69748976e+02
2.69703845e+02
2.69663555e+02
2.69627465e+02
2.69595032e+02
2.69565800e+02
2.69539377e+02
2.69515429e+02
2.69493669e+02
2.69473849e+02
2.69455754e+02
2.69439198e+02
2.69424016e+02
2.69410068e+02
2.69397227e+02
2.69385384e+02
2.69374441e+02
2.69364312e+02
2.69354922e+02
2.69346203e+02
2.69338094e+02
2.69330541e+02
2.69323497e+02
2.69316917e+02
2.69310764e+02
2.69305211e+02
