2.70000000e+02
5.00000000e+01
5.00000000e+01
5.00000000e+01
5.00000000e+01
5.00000000e+01
5.00000000e+01
5.00000000e+01
5.00000000e+01
5.00000000e+01
5.00000000e+01
5.00000000e+01
5.00000000e+01
5.00000000e+01
5.00000000e+01
5.00000000e+01
5.00000000e+01
5.00000000e+01
5.00000000e+01
5.00000000e+01
5.00000000e+01
5.00000000e+01
5.00000000e+01
5.00000000e+01
5.00000000e+01
5.00000000e+01
5.00000000e+01
5.00000000e+01
5.00000000e+01
5.00000000e+01
5.00000000e+01
5.00000000e+01
5.00000000e+01
5.00000000e+01
5.00000000e+01
5.00000000e+01
5.00000000e+01
2.70000000e+02
1.50000000e+02
1.43843860e+02
1.40026686e+02
1.37085995e+02
1.34569161e+02
1.32433089e+02
1.30607381e+02
1.29089844e+02
1.27824835e+02
1.26763578e+02
1.25867559e+02
1.25106685e+02
1.24457279e+02
1.23900512e+02
1.23421241e+02
1.23007166e+02
1.22648208e+02
1.22336044e+02
1.22063755e+02
1.21825558e+02
1.21616598e+02
1.21432776e+02
1.21270627e+02
1.21127206e+02
1.21000006e+02
1.20886885e+02
1.20786014e+02
1.20695819e+02
1.20614954e+02
1.20542255e+02
1.20476720e+02
1.20417485e+02
1.20363801e+02
1.20315018e+02
1.20270573e+02
1.20229977e+02
2.70000000e+02
2.50000000e+02
2.44560543e+02
2.39019311e+02
2.33422252e+02
2.28115414e+02
2.23413679e+02
2.19356418e+02
2.15886594e+02
2.12928681e+02
2.10408903e+02
2.08261019e+02
2.06427740e+02
2.04860405e+02
2.03518022e+02
2.02366167e+02
2.01375953e+02
2.00523111e+02
1.99787229e+02
1.99151097e+02
1.98600183e+02
1.98122186e+02
1.97706680e+02
1.97344806e+02
1.97029028e+02
1.96752923e+02
1.96511012e+02
1.96298612e+02
1.96111717e+02
1.95946894e+02
1.95801202e+02
1.95672115e+02
1.95557462e+02
1.95455376e+02
1.95364249e+02
1.95282695e+02
1.95209517e+02
2.68851168e+02
2.68766191e+02
2.68523026e+02
2.68136831e+02
2.67634751e+02
2.67061982e+02
2.66465384e+02
2.65882003e+02
2.65335257e+02
2.64836882e+02
2.64390703e+02
2.63995882e+02
2.63649132e+02
2.63346066e+02
2.63081983e+02
2.62852282e+02
2.62652677e+02
2.62479285e+02
2.62328651e+02
2.62197730e+02
2.62083865e+02
2.61984743e+02
2.61898360e+02
2.61822986e+02
2.61757124e+02
2.61699486e+02
2.61648960e+02
2.61604591e+02
2.61565553e+02
2.61531138e+02
2.61500735e+02
2.61473816e+02
2.61449928e+02
2.61428681e+02
2.61409735e+02
2.61392801e+02
2.61377625e+02
2.68405069e+02
2.68385172e+02
2.68294333e+02
2.68115899e+02
2.67855742e+02
2.67535153e+02
2.67182480e+02
2.66823921e+02
2.66478607e+02
2.66157942e+02
2.65867242e+02
2.65607827e+02
2.65378699e+02
2.65177668e+02
2.65002042e+02
2.64849021e+02
2.64715902e+02
2.64600188e+02
2.64499628e+02
2.64412220e+02
2.64336206e+02
2.64270052e+02
2.64212422e+02
2.64162162e+02
2.64118270e+02
2.64079885e+02
2.64046263e+02
2.64016761e+02
2.63990829e+02
2.63967988e+02
2.63947831e+02
2.63930003e+02
2.63914200e+02
2.63900159e+02
2.63887655e+02
2.63876492e+02
2.63866501e+02
2.78564074e+02
2.77740182e+02
2.75678522e+02
2.72933510e+02
2.69957054e+02
2.66962491e+02
2.64055906e+02
2.61289968e+02
2.58688442e+02
2.56259654e+02
2.54003013e+02
2.51912764e+02
2.49980305e+02
2.48195613e+02
2.46548135e+02
2.45027324e+02
2.43622973e+02
2.42325405e+02
2.41125569e+02
2.40015084e+02
2.38986242e+02
2.38031992e+02
2.37145904e+02
2.36322131e+02
2.35555362e+02
2.34840785e+02
2.34174036e+02
2.33551161e+02
2.32968579e+02
2.32423042e+02
2.31911608e+02
2.31431603e+02
2.30980603e+02
2.30556403e+02
2.30156996e+02
2.29780556e+02
2.29425418e+02
2.77840543e+02
2.77151162e+02
2.75346366e+02
2.72911138e+02
2.70252888e+02
2.67568059e+02
2.64955330e+02
2.62464753e+02
2.60119762e+02
2.57929232e+02
2.55893461e+02
2.54007686e+02
2.52264309e+02
2.50654305e+02
2.49168098e+02
2.47796103e+02
2.46529044e+02
2.45358141e+02
2.44275196e+02
2.43272635e+02
2.42343505e+02
2.41481454e+02
2.40680700e+02
2.39935989e+02
2.39242556e+02
2.38596082e+02
2.37992656e+02
2.37428735e+02
2.36901106e+02
2.36406861e+02
2.35943360e+02
2.35508208e+02
2.35099229e+02
2.34714444e+02
2.34352053e+02
2.34010416e+02
2.33688036e+02
2.74520988e+02
2.74159274e+02
2.73055299e+02
2.71601752e+02
2.70075111e+02
2.68575877e+02
2.67143758e+02
2.65795581e+02
2.64537412e+02
2.63369881e+02
2.62290361e+02
2.61294319e+02
2.60376249e+02
2.59530285e+02
2.58750573e+02
2.58031486e+02
2.57367744e+02
2.56754460e+02
2.56187158e+02
2.55661761e+02
2.55174572e+02
2.54722244e+02
2.54301754e+02
2.53910371e+02
2.53545629e+02
2.53205302e+02
2.52887375e+02
2.52590027e+02
2.52311609e+02
2.52050627e+02
2.51805724e+02
2.51575669e+02
2.51359341e+02
2.51155721e+02
2.50963879e+02
2.50782966e+02
2.50612206e+02
2.72908655e+02
2.72649700e+02
2.71763247e+02
2.70618726e+02
2.69516907e+02
2.68530355e+02
2.67655055e+02
2.66873750e+02
2.66170899e+02
2.65534900e+02
2.64956976e+02
2.64430120e+02
2.63948508e+02
2.63507188e+02
2.63101895e+02
2.62728918e+02
2.62385018e+02
2.62067347e+02
2.61773397e+02
2.61500948e+02
2.61248033e+02
2.61012902e+02
2.60793994e+02
2.60589912e+02
2.60399406e+02
2.60221350e+02
2.60054732e+02
2.59898639e+02
2.59752243e+02
2.59614796e+02
2.59485620e+02
2.59364095e+02
2.59249660e+02
2.59141803e+02
2.59040053e+02
2.58943984e+02
2.58853203e+02
2.71003224e+02
2.70908473e+02
2.70730073e+02
2.70574716e+02
2.70450435e+02
2.70348754e+02
2.70263259e+02
2.70189817e+02
2.70125832e+02
2.70069594e+02
2.70019848e+02
2.69975615e+02
2.69936108e+02
2.69900684e+02
2.69868804e+02
2.69840020e+02
2.69813950e+02
2.69790268e+02
2.69768698e+02
2.69749000e+02
2.69730966e+02
2.69714418e+02
2.69699200e+02
2.69685175e+02
2.69672223e+02
2.69660239e+02
2.69649131e+02
2.69638816e+02
2.69629221e+02
2.69620283e+02
2.69611943e+02
2.69604149e+02
2.69596857e+02
2.69590023e+02
2.69583613e+02
2.69577591e+02
2.69571927e+02
