2.70000000e+02
5.00000000e+01
5.00000000e+01
5.00000000e+01
5.00000000e+01
5.00000000e+01
5.00000000e+01
5.00000000e+01
5.00000000e+01
5.00000000e+01
5.00000000e+01
5.00000000e+01
5.00000000e+01
5.00000000e+01
5.00000000e+01
5.00000000e+01
5.00000000e+01
5.00000000e+01
5.00000000e+01
5.00000000e+01
5.00000000e+01
5.00000000e+01
5.00000000e+01
5.00000000e+01
5.00000000e+01
5.00000000e+01
5.00000000e+01
5.00000000e+01
5.00000000e+01
5.00000000e+01
5.00000000e+01
5.00000000e+01
5.00000000e+01
5.00000000e+01
5.00000000e+01
5.00000000e+01
5.00000000e+01
2.70000000e+02
1.50000000e+02
1.43591921e+02
1.39734715e+02
1.36785182e+02
1.34252528e+02
1.32056271e+02
1.30238922e+02
1.28742354e+02
1.27502537e+02
1.26467987e+02
1.25598830e+02
1.24864171e+02
1.24239839e+02
1.23706715e+02
1.23249508e+02
1.22855867e+02
1.22515729e+02
1.22220830e+02
1.21964339e+02
1.21740579e+02
1.21544801e+02
1.21373021e+02
1.21221879e+02
1.21088532e+02
1.20970567e+02
1.20865931e+02
1.20772869e+02
1.20689881e+02
1.20615681e+02
1.20549162e+02
1.20489372e+02
1.20435490e+02
1.20386804e+02
1.20342699e+02
1.20303381e+02
1.20268145e+02
2.70000000e+02
2.50000000e+02
2.44513802e+02
2.39038227e+02
2.33536340e+02
2.28342962e+02
2.23760694e+02
2.19820150e+02
2.16464754e+02
2.13618323e+02
2.11205481e+02
2.09158548e+02
2.07419249e+02
2.05938391e+02
2.04674824e+02
2.03594247e+02
2.02668092e+02
2.01872544e+02
2.01187709e+02
2.00596936e+02
2.00086252e+02
1.99643900e+02
1.99259965e+02
1.98926064e+02
1.98635096e+02
1.98381029e+02
1.98158731e+02
1.97963830e+02
1.97792590e+02
1.97641818e+02
1.97508777e+02
1.97391121e+02
1.97286835e+02
1.97194184e+02
1.97111677e+02
1.97039224e+02
1.96975337e+02
2.68749071e+02
2.68645141e+02
2.68380931e+02
2.67990193e+02
2.67504441e+02
2.66965773e+02
2.66415157e+02
2.65883867e+02
2.65390723e+02
2.64944411e+02
2.64547002e+02
2.64196804e+02
2.63890237e+02
2.63622962e+02
2.63390513e+02
2.63188622e+02
2.63013375e+02
2.62861267e+02
2.62729202e+02
2.62614474e+02
2.62514730e+02
2.62427932e+02
2.62352317e+02
2.62286367e+02
2.62228772e+02
2.62178403e+02
2.62134287e+02
2.62095587e+02
2.62061582e+02
2.62031649e+02
2.62005252e+02
2.61981928e+02
2.61961278e+02
2.61942958e+02
2.61926669e+02
2.61912268e+02
2.61899598e+02
2.68342015e+02
2.68317352e+02
2.68215172e+02
2.68029962e+02
2.67774129e+02
2.67469819e+02
2.67142784e+02
2.66815624e+02
2.66504176e+02
2.66217386e+02
2.65959017e+02
2.65729536e+02
2.65527572e+02
2.65350856e+02
2.65196792e+02
2.65062763e+02
2.64946299e+02
2.64845145e+02
2.64757289e+02
2.64680955e+02
2.64614594e+02
2.64556855e+02
2.64506570e+02
2.64462730e+02
2.64424462e+02
2.64391013e+02
2.64361735e+02
2.64336069e+02
2.64313534e+02
2.64293713e+02
2.64276248e+02
2.64260831e+02
2.64247194e+02
2.64235108e+02
2.64224374e+02
2.64214939e+02
2.64206592e+02
2.75501857e+02
2.74572177e+02
2.72223980e+02
2.69361024e+02
2.66452407e+02
2.63653724e+02
2.61019433e+02
2.58565715e+02
2.56293692e+02
2.54197360e+02
2.52267068e+02
2.50491494e+02
2.48858783e+02
2.47357193e+02
2.45975471e+02
2.44703044e+02
2.43530114e+02
2.42447690e+02
2.41447569e+02
2.40522307e+02
2.39665169e+02
2.38870073e+02
2.38131536e+02
2.37444615e+02
2.36804858e+02
2.36208253e+02
2.35651183e+02
2.35130383e+02
2.34642908e+02
2.34186091e+02
2.33757523e+02
2.33355018e+02
2.32976593e+02
2.32620447e+02
2.32284941e+02
2.31974582e+02
2.31686873e+02
2.74906782e+02
2.74592434e+02
2.73387175e+02
2.71490381e+02
2.69267369e+02
2.66941792e+02
2.64637352e+02
2.62420624e+02
2.60325630e+02
2.58367490e+02
2.56550049e+02
2.54870543e+02
2.53322511e+02
2.51897600e+02
2.50586685e+02
2.49380536e+02
2.48270208e+02
2.47247255e+02
2.46303837e+02
2.45432755e+02
2.44627447e+02
2.43881964e+02
2.43190926e+02
2.42549483e+02
2.41953265e+02
2.41398334e+02
2.40881147e+02
2.40398511e+02
2.39947549e+02
2.39525663e+02
2.39130510e+02
2.38759967e+02
2.38412117e+02
2.38085219e+02
2.37777694e+02
2.37493188e+02
2.37229842e+02
2.73073413e+02
2.72729216e+02
2.71666035e+02
2.70269137e+02
2.68806487e+02
2.67372413e+02
2.66004548e+02
2.64719948e+02
2.63525927e+02
2.62423910e+02
2.61411487e+02
2.60483974e+02
2.59635506e+02
2.58859757e+02
2.58150393e+02
2.57501326e+02
2.56906862e+02
2.56361755e+02
2.55861232e+02
2.55400978e+02
2.54977112e+02
2.54586153e+02
2.54224987e+02
2.53890826e+02
2.53581181e+02
2.53293822e+02
2.53026756e+02
2.52778198e+02
2.52546547e+02
2.52330364e+02
2.52128357e+02
2.51939363e+02
2.51762332e+02
2.51596316e+02
2.51440458e+02
2.51296100e+02
2.51162202e+02
2.72122078e+02
2.71873954e+02
2.70991864e+02
2.69838389e+02
2.68724293e+02
2.67728211e+02
2.66847694e+02
2.66065581e+02
2.65366611e+02
2.64739166e+02
2.64174128e+02
2.63663994e+02
2.63202394e+02
2.62783827e+02
2.62403500e+02
2.62057216e+02
2.61741296e+02
2.61452502e+02
2.61187989e+02
2.60945248e+02
2.60722069e+02
2.60516497e+02
2.60326807e+02
2.60151468e+02
2.59989125e+02
2.59838572e+02
2.59698735e+02
2.59568658e+02
2.59447486e+02
2.59334453e+02
2.59228873e+02
2.59130129e+02
2.59037666e+02
2.58950984e+02
2.58869629e+02
2.58794296e+02
2.58724263e+02
2.70969610e+02
2.70871136e+02
2.70676206e+02
2.70503149e+02
2.70363705e+02
2.70249309e+02
2.70152966e+02
2.70070202e+02
2.69998255e+02
2.69935231e+02
2.69879710e+02
2.69830572e+02
2.69786913e+02
2.69747983e+02
2.69713155e+02
2.69681902e+02
2.69653772e+02
2.69628383e+02
2.69605406e+02
2.69584557e+02
2.69565591e+02
2.69548296e+02
2.69532489e+02
2.69518007e+02
2.69504712e+02
2.69492481e+02
2.69481205e+02
2.69470789e+02
2.69461151e+02
2.69452216e+02
2.69443919e+02
2.69436201e+02
2.69429011e+02
2.69422302e+02
2.69416034e+02
2.69410250e+02
2.69404905e+02
