2.70000000e+02
5.00000000e+01
5.00000000e+01
5.00000000e+01
5.00000000e+01
5.00000000e+01
5.00000000e+01
5.00000000e+01
5.00000000e+01
5.00000000e+01
5.00000000e+01
5.00000000e+01
5.00000000e+01
5.00000000e+01
5.00000000e+01
5.00000000e+01
5.00000000e+01
5.00000000e+01
5.00000000e+01
5.00000000e+01
5.00000000e+01
5.00000000e+01
5.00000000e+01
5.00000000e+01
5.00000000e+01
5.00000000e+01
5.00000000e+01
5.00000000e+01
5.00000000e+01
5.00000000e+01
5.00000000e+01
5.00000000e+01
5.00000000e+01
5.00000000e+01
5.00000000e+01
5.00000000e+01
5.00000000e+01
2.70000000e+02
1.50000000e+02
1.43382007e+02
1.39480301e+02
1.36498113e+02
1.33895201e+02
1.31669761e+02
1.29842616e+02
1.28340494e+02
1.27096558e+02
1.26058585e+02
1.25186529e+02
1.24449486e+02
1.23823313e+02
1.23288909e+02
1.22830978e+02
1.22437149e+02
1.22097322e+02
1.21803193e+02
1.21547882e+02
1.21325662e+02
1.21131740e+02
1.20962087e+02
1.20813301e+02
1.20682504e+02
1.20567250e+02
1.20465456e+02
1.20377116e+02
1.20299038e+02
1.20229402e+02
1.20167159e+02
1.20111402e+02
1.20061349e+02
1.20016320e+02
1.19975727e+02
1.19939058e+02
1.19905864e+02
2.70000000e+02
2.50000000e+02
2.44398865e+02
2.38820584e+02
2.33189105e+02
2.27870387e+02
2.23169680e+02
2.19117908e+02
2.15660985e+02
2.12723652e+02
2.10230552e+02
2.08113541e+02
2.06313610e+02
2.04780693e+02
2.03472718e+02
2.02354480e+02
2.01396555e+02
2.00574344e+02
1.99867250e+02
1.99257999e+02
1.98732071e+02
1.98277235e+02
1.97883167e+02
1.97541132e+02
1.97243728e+02
1.96984665e+02
1.96758592e+02
1.96564746e+02
1.96395618e+02
1.96246685e+02
1.96115311e+02
1.95999218e+02
1.95896439e+02
1.95805276e+02
1.95724262e+02
1.95652128e+02
1.95587773e+02
2.68662033e+02
2.68580147e+02
2.68346201e+02
2.67988691e+02
2.67539409e+02
2.67039479e+02
2.66528054e+02
2.66034611e+02
2.65576784e+02
2.65162686e+02
2.64794242e+02
2.64469853e+02
2.64186157e+02
2.63939083e+02
2.63724445e+02
2.63538247e+02
2.63376826e+02
2.63236904e+02
2.63115588e+02
2.63010351e+02
2.62919000e+02
2.62839633e+02
2.62770611e+02
2.62710521e+02
2.62658144e+02
2.62612433e+02
2.62572486e+02
2.62537880e+02
2.62507827e+02
2.62481456e+02
2.62458221e+02
2.62437702e+02
2.62419545e+02
2.62403449e+02
2.62389155e+02
2.62376437e+02
2.62365101e+02
2.68284474e+02
2.68265461e+02
2.68176899e+02
2.68009294e+02
2.67774087e+02
2.67492802e+02
2.67190088e+02
2.66887264e+02
2.66599121e+02
2.66333973e+02
2.66095294e+02
2.65883496e+02
2.65697281e+02
2.65534521e+02
2.65392785e+02
2.65269630e+02
2.65162750e+02
2.65070042e+02
2.64989633e+02
2.64919870e+02
2.64859313e+02
2.64806707e+02
2.64760970e+02
2.64721164e+02
2.64686482e+02
2.64656229e+02
2.64629805e+02
2.64607021e+02
2.64587116e+02
2.64569671e+02
2.64554328e+02
2.64540796e+02
2.64528835e+02
2.64518240e+02
2.64508840e+02
2.64500484e+02
2.64493042e+02
2.69341778e+02
2.69072840e+02
2.67571540e+02
2.65368288e+02
2.62913455e+02
2.60413375e+02
2.57968369e+02
2.55629501e+02
2.53422516e+02
2.51358433e+02
2.49439411e+02
2.47662334e+02
2.46021048e+02
2.44507760e+02
2.43113919e+02
2.41830769e+02
2.40649698e+02
2.39562442e+02
2.38561201e+02
2.37638706e+02
2.36788229e+02
2.36003590e+02
2.35279127e+02
2.34609678e+02
2.33990539e+02
2.33417434e+02
2.32886478e+02
2.32406001e+02
2.31962161e+02
2.31548355e+02
2.31162603e+02
2.30802837e+02
2.30467105e+02
2.30153600e+02
2.29860658e+02
2.29586749e+02
2.29330471e+02
2.69642447e+02
2.69446575e+02
2.68230133e+02
2.66330945e+02
2.64159729e+02
2.61923391e+02
2.59724930e+02
2.57617173e+02
2.55626958e+02
2.53766123e+02
2.52037473e+02
2.50438431e+02
2.48963343e+02
2.47604912e+02
2.46355114e+02
2.45205750e+02
2.44148790e+02
2.43176566e+02
2.42281881e+02
2.41458055e+02
2.40698936e+02
2.39998890e+02
2.39352776e+02
2.38755918e+02
2.38204067e+02
2.37693368e+02
2.37220325e+02
2.36792233e+02
2.36396963e+02
2.36028411e+02
2.35684870e+02
2.35364518e+02
2.35065611e+02
2.34786529e+02
2.34525778e+02
2.34281992e+02
2.34053914e+02
2.70744757e+02
2.70499829e+02
2.69581442e+02
2.68349721e+02
2.67050860e+02
2.65773173e+02
2.64552740e+02
2.63406071e+02
2.62340273e+02
2.61356744e+02
2.60453350e+02
2.59625935e+02
2.58869320e+02
2.58177946e+02
2.57546249e+02
2.56968891e+02
2.56440869e+02
2.55957570e+02
2.55514783e+02
2.55108689e+02
2.54735840e+02
2.54393130e+02
2.54077767e+02
2.53787241e+02
2.53519296e+02
2.53271907e+02
2.53043250e+02
2.52835967e+02
2.52645021e+02
2.52467689e+02
2.52302806e+02
2.52149338e+02
2.52006366e+02
2.51873064e+02
2.51748682e+02
2.51632538e+02
2.51524005e+02
2.70930077e+02
2.70747527e+02
2.69985689e+02
2.68978854e+02
2.68010193e+02
2.67147547e+02
2.66387048e+02
2.65713036e+02
2.65112107e+02
2.64574011e+02
2.64090637e+02
2.63655289e+02
2.63262296e+02
2.62906780e+02
2.62584514e+02
2.62291817e+02
2.62025477e+02
2.61782679e+02
2.61560958e+02
2.61358144e+02
2.61172328e+02
2.61001823e+02
2.60845139e+02
2.60700953e+02
2.60568090e+02
2.60445504e+02
2.60332262e+02
2.60229667e+02
2.60135122e+02
2.60047284e+02
2.59965640e+02
2.59889681e+02
2.59818943e+02
2.59753004e+02
2.59691487e+02
2.59634048e+02
2.59580375e+02
2.70876573e+02
2.70792019e+02
2.70625265e+02
2.70480280e+02
2.70364730e+02
2.70270485e+02
2.70191341e+02
2.70123533e+02
2.70064744e+02
2.70013372e+02
2.69968218e+02
2.69928343e+02
2.69892990e+02
2.69861536e+02
2.69833461e+02
2.69808328e+02
2.69785768e+02
2.69765464e+02
2.69747146e+02
2.69730583e+02
2.69715572e+02
2.69701940e+02
2.69689535e+02
2.69678225e+02
2.69667895e+02
2.69658444e+02
2.69649781e+02
2.69641989e+02
2.69634857e+02
2.69628279e+02
2.69622203e+02
2.69616583e+02
2.69611377e+02
2.69606549e+02
2.69602067e+02
2.69597900e+02
2.69594023e+02
