2.70000000e+02
5.00000000e+01
5.00000000e+01
5.00000000e+01
5.00000000e+01
5.00000000e+01
5.00000000e+01
5.00000000e+01
5.00000000e+01
5.00000000e+01
5.00000000e+01
5.00000000e+01
5.00000000e+01
5.00000000e+01
5.00000000e+01
5.00000000e+01
5.00000000e+01
5.00000000e+01
5.00000000e+01
5.00000000e+01
5.00000000e+01
5.00000000e+01
5.00000000e+01
5.00000000e+01
5.00000000e+01
5.00000000e+01
5.00000000e+01
5.00000000e+01
5.00000000e+01
5.00000000e+01
5.00000000e+01
5.00000000e+01
5.00000000e+01
5.00000000e+01
5.00000000e+01
5.00000000e+01
5.00000000e+01
2.70000000e+02
1.50000000e+02
1.43537166e+02
1.39674740e+02
1.36717673e+02
1.34177442e+02
1.31981538e+02
1.30168839e+02
1.28677832e+02
1.27443748e+02
1.26414894e+02
1.25551358e+02
1.24822262e+02
1.24203468e+02
1.23675885e+02
1.23224239e+02
1.22836191e+02
1.22501677e+02
1.22212430e+02
1.21961610e+02
1.21743528e+02
1.21553424e+02
1.21387301e+02
1.21241786e+02
1.21114026e+02
1.21003376e+02
1.20907080e+02
1.20821507e+02
1.20745387e+02
1.20677556e+02
1.20616996e+02
1.20562820e+02
1.20514258e+02
1.20470640e+02
1.20431384e+02
1.20395982e+02
1.20363992e+02
2.70000000e+02
2.50000000e+02
2.44441425e+02
2.38934311e+02
2.33399944e+02
2.28180684e+02
2.23577035e+02
2.19617217e+02
2.16244094e+02
2.13381374e+02
2.10953752e+02
2.08893667e+02
2.07142938e+02
2.05652409e+02
2.04380906e+02
2.03294060e+02
2.02363194e+02
2.01564360e+02
2.00877523e+02
2.00285886e+02
1.99775330e+02
1.99333964e+02
1.98951745e+02
1.98620176e+02
1.98332053e+02
1.98084737e+02
1.97871701e+02
1.97684906e+02
1.97520856e+02
1.97376533e+02
1.97249342e+02
1.97137052e+02
1.97037739e+02
1.96949745e+02
1.96871637e+02
1.96802174e+02
1.96740283e+02
2.68718253e+02
2.68624483e+02
2.68367090e+02
2.67980527e+02
2.67495586e+02
2.66954163e+02
2.66397908e+02
2.65859112e+02
2.65357572e+02
2.64902728e+02
2.64497156e+02
2.64139455e+02
2.63826189e+02
2.63553063e+02
2.63315592e+02
2.63109458e+02
2.62930679e+02
2.62775674e+02
2.62641272e+02
2.62524693e+02
2.62423520e+02
2.62335652e+02
2.62259274e+02
2.62192821e+02
2.62134941e+02
2.62084772e+02
2.62041511e+02
2.62003787e+02
2.61970718e+02
2.61941649e+02
2.61916047e+02
2.61893457e+02
2.61873492e+02
2.61855815e+02
2.61840138e+02
2.61826211e+02
2.61813815e+02
2.68380846e+02
2.68353587e+02
2.68236726e+02
2.68028283e+02
2.67743185e+02
2.67406489e+02
2.67046643e+02
2.66688139e+02
2.66347813e+02
2.66035002e+02
2.65753516e+02
2.65503701e+02
2.65283980e+02
2.65091843e+02
2.64924445e+02
2.64778928e+02
2.64652596e+02
2.64542990e+02
2.64447911e+02
2.64365420e+02
2.64293820e+02
2.64231636e+02
2.64177588e+02
2.64130570e+02
2.64089626e+02
2.64054272e+02
2.64023634e+02
2.63996918e+02
2.63973534e+02
2.63953000e+02
2.63934928e+02
2.63918992e+02
2.63904916e+02
2.63892461e+02
2.63881422e+02
2.63871620e+02
2.63862902e+02
2.69357723e+02
2.68914785e+02
2.67122538e+02
2.64640990e+02
2.61974431e+02
2.59335572e+02
2.56814920e+02
2.54449235e+02
2.52250950e+02
2.50220506e+02
2.48352063e+02
2.46636604e+02
2.45063674e+02
2.43622375e+02
2.42301940e+02
2.41092051e+02
2.39983016e+02
2.38965846e+02
2.38032277e+02
2.37174757e+02
2.36386416e+02
2.35661018e+02
2.34992918e+02
2.34377008e+02
2.33808669e+02
2.33291101e+02
2.32818987e+02
2.32381081e+02
2.31974628e+02
2.31597041e+02
2.31245963e+02
2.30919249e+02
2.30614949e+02
2.30331286e+02
2.30066643e+02
2.29819544e+02
2.29588640e+02
2.69583098e+02
2.69242241e+02
2.67772817e+02
2.65653007e+02
2.63323418e+02
2.60984248e+02
2.58726863e+02
2.56593116e+02
2.54600900e+02
2.52755261e+02
2.51053908e+02
2.49490462e+02
2.48056437e+02
2.46742450e+02
2.45538942e+02
2.44436603e+02
2.43426605e+02
2.42500718e+02
2.41651357e+02
2.40871582e+02
2.40155075e+02
2.39496104e+02
2.38889479e+02
2.38330508e+02
2.37814949e+02
2.37345963e+02
2.36918236e+02
2.36521557e+02
2.36153472e+02
2.35811639e+02
2.35493911e+02
2.35198334e+02
2.34923130e+02
2.34666680e+02
2.34427507e+02
2.34204264e+02
2.33995721e+02
2.70535353e+02
2.70307528e+02
2.69369548e+02
2.68096796e+02
2.66752784e+02
2.65432564e+02
2.64174519e+02
2.62995520e+02
2.61902389e+02
2.60896141e+02
2.59974224e+02
2.59132056e+02
2.58364055e+02
2.57664283e+02
2.57026834e+02
2.56446057e+02
2.55916666e+02
2.55433789e+02
2.54992982e+02
2.54590213e+02
2.54221842e+02
2.53884588e+02
2.53575500e+02
2.53291926e+02
2.53031485e+02
2.52795673e+02
2.52581400e+02
2.52383333e+02
2.52200193e+02
2.52030726e+02
2.51873776e+02
2.51728287e+02
2.51593300e+02
2.51467942e+02
2.51351422e+02
2.51243019e+02
2.51142080e+02
2.70765903e+02
2.70595250e+02
2.69824388e+02
2.68793244e+02
2.67798421e+02
2.66911830e+02
2.66129952e+02
2.65436507e+02
2.64817518e+02
2.64262550e+02
2.63763515e+02
2.63313806e+02
2.62907836e+02
2.62540783e+02
2.62208439e+02
2.61907106e+02
2.61633527e+02
2.61384818e+02
2.61158428e+02
2.60952094e+02
2.60763803e+02
2.60591766e+02
2.60434392e+02
2.60290257e+02
2.60158095e+02
2.60038604e+02
2.59930232e+02
2.59830122e+02
2.59737658e+02
2.59652204e+02
2.59573164e+02
2.59499986e+02
2.59432170e+02
2.59369265e+02
2.59310858e+02
2.59256577e+02
2.59206085e+02
2.70869319e+02
2.70783535e+02
2.70611982e+02
2.70462802e+02
2.70344166e+02
2.70247646e+02
2.70166822e+02
2.70097707e+02
2.70037872e+02
2.69985663e+02
2.69939845e+02
2.69899453e+02
2.69863710e+02
2.69831974e+02
2.69803713e+02
2.69778476e+02
2.69755882e+02
2.69735605e+02
2.69717368e+02
2.69700929e+02
2.69686080e+02
2.69672642e+02
2.69660457e+02
2.69649389e+02
2.69639318e+02
2.69630268e+02
2.69622118e+02
2.69614641e+02
2.69607776e+02
2.69601464e+02
2.69595654e+02
2.69590300e+02
2.69585359e+02
2.69580793e+02
2.69576570e+02
2.69572659e+02
2.69569033e+02
