2.69623364e+02
4.99469318e+01
4.99244665e+01
4.98777381e+01
4.99848902e+01
5.00220593e+01
5.02709748e+01
4.99697258e+01
4.96609452e+01
4.98598256e+01
4.97293121e+01
4.99970726e+01
4.99094314e+01
4.97371472e+01
4.98629314e+01
5.02955861e+01
4.99877790e+01
4.99564176e+01
4.99221141e+01
5.02254763e+01
4.99119498e+01
4.99898135e+01
5.01230659e+01
5.00991746e+01
4.97819992e+01
4.99756710e+01
4.97489099e+01
4.97494961e+01
4.99163590e+01
4.98839037e+01
5.03534660e+01
4.98849573e+01
4.95528390e+01
5.02051284e+01
5.03257575e+01
4.98791492e+01
5.00559238e+01
2.69815924e+02
1.50046540e+02
1.43948470e+02
1.40259901e+02
1.37122750e+02
1.34199026e+02
1.32334709e+02
1.30412887e+02
1.29124554e+02
1.27602867e+02
1.26770927e+02
1.25581920e+02
1.25257911e+02
1.24288109e+02
1.23862212e+02
1.23390552e+02
1.22964673e+02
1.22971372e+02
1.22301097e+02
1.22290850e+02
1.21715364e+02
1.22182040e+02
1.21490916e+02
1.21427984e+02
1.20867543e+02
1.20833834e+02
1.21215842e+02
1.21269957e+02
1.21055960e+02
1.21191539e+02
1.20789209e+02
1.21129710e+02
1.20869027e+02
1.20790524e+02
1.20368004e+02
1.20569142e+02
1.20728211e+02
2.69956542e+02
2.49900640e+02
2.44445402e+02
2.38317664e+02
2.33364863e+02
2.27606851e+02
2.23026519e+02
2.19133669e+02
2.15635593e+02
2.12880830e+02
2.10377299e+02
2.07924036e+02
2.06098173e+02
2.04969325e+02
2.03336624e+02
2.02470366e+02
2.01368092e+02
2.00460049e+02
1.99962021e+02
1.99323113e+02
1.98999075e+02
1.98865800e+02
1.97636982e+02
1.97430569e+02
1.97535193e+02
1.96959439e+02
1.96642958e+02
1.96469821e+02
1.96507989e+02
1.96470452e+02
1.96303957e+02
1.96088515e+02
1.95994752e+02
1.95434175e+02
1.95771826e+02
1.95745559e+02
1.95676343e+02
2.68822329e+02
2.68488150e+02
2.68539693e+02
2.67985171e+02
2.67485923e+02
2.67239583e+02
2.66129802e+02
2.65917421e+02
2.65504520e+02
2.64947647e+02
2.64595901e+02
2.64191607e+02
2.63617180e+02
2.63560773e+02
2.63168405e+02
2.63273728e+02
2.62730283e+02
2.62536317e+02
2.62518134e+02
2.62791997e+02
2.62721533e+02
2.62304827e+02
2.61970820e+02
2.62220769e+02
2.62154548e+02
2.62042789e+02
2.61937150e+02
2.61805313e+02
2.61767858e+02
2.61834792e+02
2.61919908e+02
2.61762809e+02
2.61988224e+02
2.61857494e+02
2.62029277e+02
2.61714598e+02
2.62094110e+02
2.68171523e+02
2.68109293e+02
2.68250786e+02
2.68125527e+02
2.67898891e+02
2.67499404e+02
2.67278226e+02
2.66891550e+02
2.66192294e+02
2.66032471e+02
2.65781611e+02
2.65810406e+02
2.65449415e+02
2.65091170e+02
2.65286255e+02
2.65078250e+02
2.64751782e+02
2.64590011e+02
2.64518763e+02
2.64549568e+02
2.64900992e+02
2.64428406e+02
2.64646081e+02
2.64116896e+02
2.64574857e+02
2.64262928e+02
2.64624158e+02
2.63958683e+02
2.64192747e+02
2.63961351e+02
2.64084170e+02
2.64487024e+02
2.64014929e+02
2.63971993e+02
2.64042869e+02
2.64144107e+02
2.63990022e+02
2.66635570e+02
2.66051450e+02
2.65197135e+02
2.62886122e+02
2.60225819e+02
2.57809403e+02
2.55607689e+02
2.52907188e+02
2.51064319e+02
2.49354834e+02
2.46754355e+02
2.45492355e+02
2.44176048e+02
2.42386296e+02
2.41366730e+02
2.40085378e+02
2.38884767e+02
2.38190840e+02
2.37230054e+02
2.35832005e+02
2.35671006e+02
2.34637164e+02
2.34204269e+02
2.33579098e+02
2.32501521e+02
2.32189848e+02
2.31966805e+02
2.31206669e+02
2.30798005e+02
2.30691944e+02
2.30282689e+02
2.29948243e+02
2.29703469e+02
2.29179520e+02
2.28758447e+02
2.28714182e+02
2.28486945e+02
2.67308699e+02
2.66880403e+02
2.65777165e+02
2.63805759e+02
2.61256122e+02
2.59303874e+02
2.57581982e+02
2.55276985e+02
2.53445085e+02
2.51636303e+02
2.49652215e+02
2.48612720e+02
2.46797625e+02
2.45557244e+02
2.44821913e+02
2.43408501e+02
2.42446536e+02
2.41388378e+02
2.40621152e+02
2.40194773e+02
2.38858152e+02
2.38536597e+02
2.37542933e+02
2.37366943e+02
2.36698389e+02
2.36280872e+02
2.35727295e+02
2.35343434e+02
2.34666289e+02
2.34949709e+02
2.34647333e+02
2.34892244e+02
2.33860699e+02
2.33968490e+02
2.33073320e+02
2.33028758e+02
2.32599050e+02
2.69566151e+02
2.69448463e+02
2.68455251e+02
2.66849891e+02
2.65692169e+02
2.64194249e+02
2.63381799e+02
2.61583025e+02
2.60801873e+02
2.59550899e+02
2.58756336e+02
2.57930490e+02
2.56966429e+02
2.56317815e+02
2.55782671e+02
2.55258802e+02
2.54264719e+02
2.54426868e+02
2.53655834e+02
2.53318066e+02
2.52966968e+02
2.52739459e+02
2.52395718e+02
2.52016657e+02
2.52265478e+02
2.51560650e+02
2.50963941e+02
2.51188891e+02
2.51107192e+02
2.50690047e+02
2.50402750e+02
2.50653958e+02
2.50175216e+02
2.50146277e+02
2.50307258e+02
2.49787511e+02
2.50035621e+02
2.70138458e+02
2.70161326e+02
2.69469159e+02
2.68135720e+02
2.67383446e+02
2.66556517e+02
2.65471578e+02
2.64579684e+02
2.64205583e+02
2.63624258e+02
2.62970140e+02
2.62582633e+02
2.62266414e+02
2.61645765e+02
2.61425464e+02
2.61286046e+02
2.61255320e+02
2.60690374e+02
2.60713361e+02
2.59795783e+02
2.59975869e+02
2.59944083e+02
2.59496592e+02
2.59455965e+02
2.59524909e+02
2.59168556e+02
2.59230621e+02
2.58876823e+02
2.58859248e+02
2.58787187e+02
2.58751161e+02
2.58684600e+02
2.58881914e+02
2.58723511e+02
2.58661373e+02
2.58389603e+02
2.58033041e+02
2.70635168e+02
2.70741715e+02
2.70607218e+02
2.70021620e+02
2.70428793e+02
2.70299403e+02
2.69870001e+02
2.70139185e+02
2.69817370e+02
2.69665612e+02
2.69804548e+02
2.69432287e+02
2.69398436e+02
2.69666259e+02
2.69879659e+02
2.69553301e+02
2.69669097e+02
2.69736269e+02
2.69601209e+02
2.69488826e+02
2.69431361e+02
2.69505306e+02
2.69178831e+02
2.69166477e+02
2.69150873e+02
2.69191906e+02
2.69532260e+02
2.69312106e+02
2.69397365e+02
2.69689301e+02
2.69609775e+02
2.69210792e+02
2.69106006e+02
2.69241037e+02
2.69004272e+02
2.69428914e+02
2.69183053e+02
