-2.2000e+02
0.0000e+00
0.0000e+00
0.0000e+00
0.0000e+00
0.0000e+00
0.0000e+00
0.0000e+00
0.0000e+00
0.0000e+00
0.0000e+00
0.0000e+00
0.0000e+00
0.0000e+00
0.0000e+00
0.0000e+00
0.0000e+00
0.0000e+00
0.0000e+00
0.0000e+00
0.0000e+00
0.0000e+00
0.0000e+00
0.0000e+00
0.0000e+00
0.0000e+00
0.0000e+00
0.0000e+00
0.0000e+00
0.0000e+00
0.0000e+00
0.0000e+00
0.0000e+00
0.0000e+00
0.0000e+00
0.0000e+00
-1.2000e+02
-6.4056e+00
-3.8498e+00
-2.9470e+00
-2.5281e+00
-2.1947e+00
-1.8185e+00
-1.4989e+00
-1.2430e+00
-1.0384e+00
-8.7342e-01
-7.3925e-01
-6.2915e-01
-5.3811e-01
-4.6231e-01
-3.9883e-01
-3.4539e-01
-3.0020e-01
-2.6183e-01
-2.2913e-01
-2.0117e-01
-1.7719e-01
-1.5656e-01
-1.3877e-01
-1.2338e-01
-1.1003e-01
-9.8433e-02
-8.8321e-02
-7.9487e-02
-7.1748e-02
-6.4951e-02
-5.8967e-02
-5.3684e-02
-4.9007e-02
-4.4856e-02
-4.1162e-02
-2.0000e+01
-5.4976e+00
-5.4842e+00
-5.5135e+00
-5.2080e+00
-4.6006e+00
-3.9625e+00
-3.3805e+00
-2.8735e+00
-2.4409e+00
-2.0750e+00
-1.7666e+00
-1.5070e+00
-1.2881e+00
-1.1034e+00
-9.4724e-01
-8.1489e-01
-7.0252e-01
-6.0691e-01
-5.2542e-01
-4.5582e-01
-3.9629e-01
-3.4527e-01
-3.0149e-01
-2.6384e-01
-2.3144e-01
-2.0349e-01
-1.7935e-01
-1.5848e-01
-1.4039e-01
-1.2469e-01
-1.1104e-01
-9.9159e-02
-8.8792e-02
-7.9728e-02
-7.1792e-02
-9.5381e-02
-2.6016e-01
-3.9381e-01
-4.9802e-01
-5.5998e-01
-5.7887e-01
-5.6370e-01
-5.2716e-01
-4.8001e-01
-4.2954e-01
-3.8005e-01
-3.3381e-01
-2.9182e-01
-2.5438e-01
-2.2136e-01
-1.9245e-01
-1.6728e-01
-1.4542e-01
-1.2647e-01
-1.1008e-01
-9.5906e-02
-8.3655e-02
-7.3064e-02
-6.3911e-02
-5.5994e-02
-4.9147e-02
-4.3219e-02
-3.8083e-02
-3.3629e-02
-2.9765e-02
-2.6406e-02
-2.3485e-02
-2.0939e-02
-1.8717e-02
-1.6777e-02
-1.5079e-02
-2.8266e-02
-1.1855e-01
-2.1264e-01
-2.9314e-01
-3.4872e-01
-3.7508e-01
-3.7576e-01
-3.5843e-01
-3.3084e-01
-2.9882e-01
-2.6607e-01
-2.3472e-01
-2.0582e-01
-1.7979e-01
-1.5668e-01
-1.3635e-01
-1.1859e-01
-1.0313e-01
-8.9715e-02
-7.8091e-02
-6.8029e-02
-5.9326e-02
-5.1801e-02
-4.5293e-02
-3.9665e-02
-3.4797e-02
-3.0580e-02
-2.6930e-02
-2.3764e-02
-2.1017e-02
-1.8631e-02
-1.6555e-02
-1.4749e-02
-1.3172e-02
-1.1796e-02
-1.0591e-02
-4.7357e-01
-1.5946e+00
-2.2405e+00
-2.4869e+00
-2.5466e+00
-2.5096e+00
-2.4204e+00
-2.3035e+00
-2.1738e+00
-2.0406e+00
-1.9094e+00
-1.7834e+00
-1.6643e+00
-1.5527e+00
-1.4489e+00
-1.3528e+00
-1.2639e+00
-1.1817e+00
-1.1059e+00
-1.0358e+00
-9.7105e-01
-9.1115e-01
-8.5567e-01
-8.0424e-01
-7.5650e-01
-7.1213e-01
-6.7083e-01
-6.3236e-01
-5.9647e-01
-5.6296e-01
-5.3163e-01
-5.0231e-01
-4.7485e-01
-4.4910e-01
-4.2495e-01
-4.0226e-01
-4.5067e-01
-1.5191e+00
-2.1124e+00
-2.3139e+00
-2.3413e+00
-2.2858e+00
-2.1892e+00
-2.0727e+00
-1.9483e+00
-1.8233e+00
-1.7019e+00
-1.5865e+00
-1.4782e+00
-1.3775e+00
-1.2842e+00
-1.1980e+00
-1.1187e+00
-1.0455e+00
-9.7816e-01
-9.1604e-01
-8.5871e-01
-8.0574e-01
-7.5673e-01
-7.1133e-01
-6.6920e-01
-6.3007e-01
-5.9366e-01
-5.5975e-01
-5.2811e-01
-4.9857e-01
-4.7096e-01
-4.4511e-01
-4.2090e-01
-3.9820e-01
-3.7689e-01
-3.5688e-01
-2.5968e-01
-9.5139e-01
-1.2831e+00
-1.3581e+00
-1.3378e+00
-1.2785e+00
-1.2027e+00
-1.1207e+00
-1.0382e+00
-9.5860e-01
-8.8373e-01
-8.1446e-01
-7.5102e-01
-6.9328e-01
-6.4092e-01
-5.9351e-01
-5.5058e-01
-5.1169e-01
-4.7639e-01
-4.4430e-01
-4.1507e-01
-3.8836e-01
-3.6391e-01
-3.4147e-01
-3.2083e-01
-3.0178e-01
-2.8418e-01
-2.6787e-01
-2.5273e-01
-2.3865e-01
-2.2553e-01
-2.1328e-01
-2.0183e-01
-1.9112e-01
-1.8108e-01
-1.7165e-01
-1.8737e-01
-7.7397e-01
-1.0244e+00
-9.9174e-01
-8.9001e-01
-7.9014e-01
-7.0466e-01
-6.3213e-01
-5.6965e-01
-5.1523e-01
-4.6757e-01
-4.2567e-01
-3.8874e-01
-3.5612e-01
-3.2722e-01
-3.0154e-01
-2.7866e-01
-2.5819e-01
-2.3982e-01
-2.2328e-01
-2.0832e-01
-1.9476e-01
-1.8240e-01
-1.7112e-01
-1.6079e-01
-1.5128e-01
-1.4252e-01
-1.3442e-01
-1.2692e-01
-1.1995e-01
-1.1346e-01
-1.0741e-01
-1.0175e-01
-9.6456e-02
-9.1494e-02
-8.6834e-02
-8.4276e-02
-1.6821e-01
-1.4735e-01
-1.1843e-01
-9.7253e-02
-8.2003e-02
-7.0493e-02
-6.1300e-02
-5.3723e-02
-4.7372e-02
-4.1996e-02
-3.7413e-02
-3.3482e-02
-3.0094e-02
-2.7162e-02
-2.4611e-02
-2.2383e-02
-2.0430e-02
-1.8709e-02
-1.7188e-02
-1.5835e-02
-1.4631e-02
-1.3552e-02
-1.2582e-02
-1.1708e-02
-1.0916e-02
-1.0198e-02
-9.5420e-03
-8.9430e-03
-8.3940e-03
-7.8890e-03
-7.4230e-03
-6.9940e-03
-6.5950e-03
-6.2250e-03
-5.8820e-03
