-2.2000e+02
0.0000e+00
0.0000e+00
0.0000e+00
0.0000e+00
0.0000e+00
0.0000e+00
0.0000e+00
0.0000e+00
0.0000e+00
0.0000e+00
0.0000e+00
0.0000e+00
0.0000e+00
0.0000e+00
0.0000e+00
0.0000e+00
0.0000e+00
0.0000e+00
0.0000e+00
0.0000e+00
0.0000e+00
0.0000e+00
0.0000e+00
0.0000e+00
0.0000e+00
0.0000e+00
0.0000e+00
0.0000e+00
0.0000e+00
0.0000e+00
0.0000e+00
0.0000e+00
0.0000e+00
0.0000e+00
0.0000e+00
-1.2000e+02
-6.5339e+00
-3.8840e+00
-2.9751e+00
-2.5722e+00
-2.2168e+00
-1.8241e+00
-1.4998e+00
-1.2413e+00
-1.0350e+00
-8.6875e-01
-7.3358e-01
-6.2272e-01
-5.3110e-01
-4.5487e-01
-3.9108e-01
-3.3742e-01
-2.9209e-01
-2.5364e-01
-2.2091e-01
-1.9294e-01
-1.6898e-01
-1.4839e-01
-1.3065e-01
-1.1532e-01
-1.0205e-01
-9.0521e-02
-8.0495e-02
-6.9939e-02
-6.2262e-02
-5.6031e-02
-5.0478e-02
-4.5558e-02
-4.1199e-02
-3.7329e-02
-3.3890e-02
-2.0000e+01
-5.5764e+00
-5.5263e+00
-5.5626e+00
-5.2435e+00
-4.6214e+00
-3.9715e+00
-3.3790e+00
-2.8640e+00
-2.4254e+00
-2.0556e+00
-1.7448e+00
-1.4839e+00
-1.2646e+00
-1.0802e+00
-9.2461e-01
-7.9317e-01
-6.8187e-01
-5.8740e-01
-5.0706e-01
-4.3859e-01
-3.8012e-01
-3.3010e-01
-2.8723e-01
-2.5041e-01
-2.1875e-01
-1.9148e-01
-1.6794e-01
-1.4444e-01
-1.2663e-01
-1.1215e-01
-9.9527e-02
-8.8505e-02
-7.8862e-02
-7.0414e-02
-6.2999e-02
-1.0024e-01
-2.5693e-01
-3.7942e-01
-4.7059e-01
-5.2009e-01
-5.2948e-01
-5.0884e-01
-4.7056e-01
-4.2449e-01
-3.7689e-01
-3.3128e-01
-2.8935e-01
-2.5176e-01
-2.1855e-01
-1.8950e-01
-1.6423e-01
-1.4233e-01
-1.2340e-01
-1.0705e-01
-9.2941e-02
-8.0770e-02
-7.0270e-02
-6.1208e-02
-5.3384e-02
-4.6624e-02
-4.0780e-02
-3.5723e-02
-3.1345e-02
-2.7236e-02
-2.3743e-02
-2.0930e-02
-1.8532e-02
-1.6454e-02
-1.4640e-02
-1.3053e-02
-1.1662e-02
-2.4457e-02
-1.0212e-01
-1.8412e-01
-2.5307e-01
-2.9935e-01
-3.1979e-01
-3.1808e-01
-3.0125e-01
-2.7620e-01
-2.4792e-01
-2.1952e-01
-1.9269e-01
-1.6822e-01
-1.4637e-01
-1.2710e-01
-1.1027e-01
-9.5624e-02
-8.2934e-02
-7.1959e-02
-6.2475e-02
-5.4288e-02
-4.7219e-02
-4.1116e-02
-3.5846e-02
-3.1292e-02
-2.7355e-02
-2.3949e-02
-2.0999e-02
-1.8157e-02
-1.5928e-02
-1.4021e-02
-1.2391e-02
-1.0986e-02
-9.7640e-03
-8.6980e-03
-7.7630e-03
-4.5157e-01
-2.1504e+00
-2.6688e+00
-2.6842e+00
-2.5568e+00
-2.3918e+00
-2.2212e+00
-2.0545e+00
-1.8959e+00
-1.7472e+00
-1.6091e+00
-1.4818e+00
-1.3648e+00
-1.2576e+00
-1.1595e+00
-1.0699e+00
-9.8793e-01
-9.1302e-01
-8.4449e-01
-7.8176e-01
-7.2429e-01
-6.7158e-01
-6.2320e-01
-5.7873e-01
-5.3782e-01
-5.0014e-01
-4.6541e-01
-4.3336e-01
-3.9323e-01
-3.6486e-01
-3.4146e-01
-3.1948e-01
-2.9897e-01
-2.7988e-01
-2.6211e-01
-2.4556e-01
-9.7184e-02
-8.8517e-01
-1.5873e+00
-1.9535e+00
-2.0955e+00
-2.1080e+00
-2.0487e+00
-1.9511e+00
-1.8346e+00
-1.7111e+00
-1.5874e+00
-1.4678e+00
-1.3544e+00
-1.2483e+00
-1.1500e+00
-1.0593e+00
-9.7610e-01
-8.9983e-01
-8.3004e-01
-7.6621e-01
-7.0783e-01
-6.5444e-01
-6.0556e-01
-5.6079e-01
-5.1975e-01
-4.8209e-01
-4.4750e-01
-4.1569e-01
-3.7761e-01
-3.4883e-01
-3.2548e-01
-3.0387e-01
-2.8384e-01
-2.6525e-01
-2.4800e-01
-2.3198e-01
-1.7889e-01
-9.0361e-01
-1.2473e+00
-1.3176e+00
-1.2968e+00
-1.2430e+00
-1.1746e+00
-1.0990e+00
-1.0208e+00
-9.4326e-01
-8.6858e-01
-7.9799e-01
-7.3214e-01
-6.7127e-01
-6.1536e-01
-5.6421e-01
-5.1754e-01
-4.7503e-01
-4.3634e-01
-4.0114e-01
-3.6911e-01
-3.3996e-01
-3.1340e-01
-2.8920e-01
-2.6711e-01
-2.4693e-01
-2.2848e-01
-2.1160e-01
-1.9185e-01
-1.7684e-01
-1.6447e-01
-1.5310e-01
-1.4263e-01
-1.3297e-01
-1.2405e-01
-1.1580e-01
-1.3504e-01
-7.5930e-01
-1.0592e+00
-1.0394e+00
-9.3188e-01
-8.2311e-01
-7.3058e-01
-6.5304e-01
-5.8687e-01
-5.2942e-01
-4.7892e-01
-4.3418e-01
-3.9434e-01
-3.5873e-01
-3.2682e-01
-2.9817e-01
-2.7239e-01
-2.4917e-01
-2.2822e-01
-2.0928e-01
-1.9215e-01
-1.7663e-01
-1.6254e-01
-1.4975e-01
-1.3811e-01
-1.2750e-01
-1.1783e-01
-1.0899e-01
-9.8676e-02
-9.0878e-02
-8.4460e-02
-7.8557e-02
-7.3126e-02
-6.8120e-02
-6.3501e-02
-5.9235e-02
-8.6072e-02
-1.8246e-01
-1.6300e-01
-1.3126e-01
-1.0740e-01
-9.0285e-02
-7.7463e-02
-6.7296e-02
-5.8943e-02
-5.1935e-02
-4.5974e-02
-4.0857e-02
-3.6432e-02
-3.2587e-02
-2.9229e-02
-2.6286e-02
-2.3698e-02
-2.1414e-02
-1.9394e-02
-1.7600e-02
-1.6005e-02
-1.4583e-02
-1.3310e-02
-1.2169e-02
-1.1146e-02
-1.0223e-02
-9.3910e-03
-8.6390e-03
-7.7920e-03
-7.1380e-03
-6.6040e-03
-6.1170e-03
-5.6730e-03
-5.2670e-03
-4.8950e-03
-4.5530e-03
