2.70000000e+02
5.00000000e+01
5.00000000e+01
5.00000000e+01
5.00000000e+01
5.00000000e+01
5.00000000e+01
5.00000000e+01
5.00000000e+01
5.00000000e+01
5.00000000e+01
5.00000000e+01
5.00000000e+01
5.00000000e+01
5.00000000e+01
5.00000000e+01
5.00000000e+01
5.00000000e+01
5.00000000e+01
5.00000000e+01
5.00000000e+01
5.00000000e+01
5.00000000e+01
5.00000000e+01
5.00000000e+01
5.00000000e+01
5.00000000e+01
5.00000000e+01
5.00000000e+01
5.00000000e+01
5.00000000e+01
5.00000000e+01
5.00000000e+01
5.00000000e+01
5.00000000e+01
5.00000000e+01
5.00000000e+01
2.70000000e+02
1.50000000e+02
1.43501894e+02
1.39635434e+02
1.36679850e+02
1.34139408e+02
1.31948953e+02
1.30144896e+02
1.28662877e+02
1.27437456e+02
1.26416670e+02
1.25560490e+02
1.24837991e+02
1.24225035e+02
1.23702554e+02
1.23255312e+02
1.22871014e+02
1.22539645e+02
1.22252988e+02
1.22004253e+02
1.21787795e+02
1.21598900e+02
1.21433613e+02
1.21288601e+02
1.21161048e+02
1.21048563e+02
1.20949115e+02
1.20860972e+02
1.20782652e+02
1.20714627e+02
1.20654189e+02
1.20599867e+02
1.20550948e+02
1.20506796e+02
1.20466858e+02
1.20430653e+02
1.20397759e+02
2.70000000e+02
2.50000000e+02
2.44428530e+02
2.38920675e+02
2.33387929e+02
2.28172720e+02
2.23573237e+02
2.19616568e+02
2.16245653e+02
2.13384432e+02
2.10957844e+02
2.08898529e+02
2.07148447e+02
2.05658528e+02
2.04387642e+02
2.03301426e+02
2.02371197e+02
2.01572988e+02
2.00886739e+02
2.00295627e+02
1.99785514e+02
1.99344487e+02
1.98962491e+02
1.98631018e+02
1.98342855e+02
1.98091877e+02
1.97872875e+02
1.97681406e+02
1.97513683e+02
1.97369787e+02
1.97243788e+02
1.97132298e+02
1.97033462e+02
1.96945669e+02
1.96867524e+02
1.96797820e+02
1.96735510e+02
2.68754680e+02
2.68654263e+02
2.68392786e+02
2.68002212e+02
2.67511897e+02
2.66962938e+02
2.66397021e+02
2.65847054e+02
2.65333624e+02
2.64866865e+02
2.64449858e+02
2.64081513e+02
2.63758551e+02
2.63476724e+02
2.63231530e+02
2.63018593e+02
2.62833849e+02
2.62673632e+02
2.62534682e+02
2.62414139e+02
2.62309505e+02
2.62218613e+02
2.62139586e+02
2.62070804e+02
2.62010868e+02
2.61958575e+02
2.61912886e+02
2.61872909e+02
2.61837875e+02
2.61807445e+02
2.61780963e+02
2.61757665e+02
2.61737066e+02
2.61718799e+02
2.61702562e+02
2.61688097e+02
2.61675184e+02
2.68394877e+02
2.68364936e+02
2.68247606e+02
2.68040460e+02
2.67756927e+02
2.67420801e+02
2.67059865e+02
2.66698621e+02
2.66354311e+02
2.66036788e+02
2.65750314e+02
2.65495561e+02
2.65271156e+02
2.65074704e+02
2.64903405e+02
2.64754411e+02
2.64625006e+02
2.64512701e+02
2.64415260e+02
2.64330704e+02
2.64257301e+02
2.64193540e+02
2.64138109e+02
2.64089874e+02
2.64047855e+02
2.64011206e+02
2.63979200e+02
2.63951208e+02
2.63926689e+02
2.63905497e+02
2.63886936e+02
2.63870626e+02
2.63856231e+02
2.63843482e+02
2.63832160e+02
2.63822082e+02
2.63813094e+02
2.67533359e+02
2.67156089e+02
2.65347965e+02
2.62967370e+02
2.60474612e+02
2.58040181e+02
2.55731174e+02
2.53571776e+02
2.51567956e+02
2.49716903e+02
2.48011417e+02
2.46442269e+02
2.44999474e+02
2.43673001e+02
2.42453154e+02
2.41330774e+02
2.40297341e+02
2.39345009e+02
2.38466596e+02
2.37655565e+02
2.36905982e+02
2.36212470e+02
2.35570168e+02
2.34974675e+02
2.34422016e+02
2.33908594e+02
2.33431154e+02
2.32986749e+02
2.32572708e+02
2.32198902e+02
2.31851711e+02
2.31525901e+02
2.31220221e+02
2.30933320e+02
2.30663912e+02
2.30410793e+02
2.30172841e+02
2.68078569e+02
2.67942262e+02
2.66933485e+02
2.65261592e+02
2.63285101e+02
2.61212508e+02
2.59157992e+02
2.57182328e+02
2.55316196e+02
2.53572912e+02
2.51955594e+02
2.50461502e+02
2.49084698e+02
2.47817658e+02
2.46652249e+02
2.45580297e+02
2.44593923e+02
2.43685704e+02
2.42848762e+02
2.42076785e+02
2.41364016e+02
2.40705229e+02
2.40095690e+02
2.39531119e+02
2.39007647e+02
2.38521780e+02
2.38070358e+02
2.37650522e+02
2.37259687e+02
2.36905534e+02
2.36577936e+02
2.36271012e+02
2.35983340e+02
2.35713565e+02
2.35460422e+02
2.35222736e+02
2.34999425e+02
2.69841449e+02
2.69528179e+02
2.68536214e+02
2.67248772e+02
2.65916278e+02
2.64619423e+02
2.63387420e+02
2.62232507e+02
2.61159436e+02
2.60168374e+02
2.59256495e+02
2.58419246e+02
2.57651238e+02
2.56946834e+02
2.56300499e+02
2.55706985e+02
2.55161436e+02
2.54659409e+02
2.54196879e+02
2.53770218e+02
2.53376160e+02
2.53011774e+02
2.52674427e+02
2.52361752e+02
2.52071623e+02
2.51802125e+02
2.51551530e+02
2.51318279e+02
2.51100964e+02
2.50903381e+02
2.50720321e+02
2.50548939e+02
2.50388343e+02
2.50237713e+02
2.50096318e+02
2.49963494e+02
2.49838638e+02
2.70402056e+02
2.70171912e+02
2.69342404e+02
2.68271558e+02
2.67252694e+02
2.66352821e+02
2.65564026e+02
2.64866749e+02
2.64244781e+02
2.63686239e+02
2.63182145e+02
2.62725402e+02
2.62310202e+02
2.61931689e+02
2.61585742e+02
2.61268831e+02
2.60977908e+02
2.60710327e+02
2.60463778e+02
2.60236234e+02
2.60025910e+02
2.59831229e+02
2.59650789e+02
2.59483339e+02
2.59327765e+02
2.59183065e+02
2.59048338e+02
2.58922772e+02
2.58805635e+02
2.58699058e+02
2.58600224e+02
2.58507501e+02
2.58420471e+02
2.58338745e+02
2.58261952e+02
2.58189748e+02
2.58121815e+02
2.70849120e+02
2.70760057e+02
2.70588644e+02
2.70440900e+02
2.70324225e+02
2.70229909e+02
2.70151335e+02
2.70084389e+02
2.70026553e+02
2.69976115e+02
2.69931816e+02
2.69892682e+02
2.69857939e+02
2.69826959e+02
2.69799226e+02
2.69774311e+02
2.69751852e+02
2.69731547e+02
2.69713135e+02
2.69696396e+02
2.69681141e+02
2.69667205e+02
2.69654447e+02
2.69642744e+02
2.69631987e+02
2.69622082e+02
2.69612946e+02
2.69604506e+02
2.69596696e+02
2.69589635e+02
2.69583137e+02
2.69577086e+02
2.69571442e+02
2.69566173e+02
2.69561249e+02
2.69556641e+02
2.69552326e+02
