-2.2000e+02
0.0000e+00
0.0000e+00
0.0000e+00
0.0000e+00
0.0000e+00
0.0000e+00
0.0000e+00
0.0000e+00
0.0000e+00
0.0000e+00
0.0000e+00
0.0000e+00
0.0000e+00
0.0000e+00
0.0000e+00
0.0000e+00
0.0000e+00
0.0000e+00
0.0000e+00
0.0000e+00
0.0000e+00
0.0000e+00
0.0000e+00
0.0000e+00
0.0000e+00
0.0000e+00
0.0000e+00
0.0000e+00
0.0000e+00
0.0000e+00
0.0000e+00
0.0000e+00
0.0000e+00
0.0000e+00
0.0000e+00
-1.2000e+02
-6.1946e+00
-3.8152e+00
-2.9447e+00
-2.5114e+00
-2.1362e+00
-1.8116e+00
-1.4995e+00
-1.2454e+00
-1.0410e+00
-8.7578e-01
-7.4106e-01
-6.3029e-01
-5.3855e-01
-4.6207e-01
-3.9795e-01
-3.4393e-01
-2.9821e-01
-2.5937e-01
-2.2626e-01
-1.9794e-01
-1.7364e-01
-1.5275e-01
-1.3473e-01
-1.1915e-01
-1.0564e-01
-9.3912e-02
-8.3698e-02
-7.4783e-02
-6.5852e-02
-5.8310e-02
-5.2744e-02
-4.7756e-02
-4.3325e-02
-3.9386e-02
-3.5881e-02
-2.0000e+01
-5.5778e+00
-5.5192e+00
-5.5344e+00
-5.2161e+00
-4.5970e+00
-3.9481e+00
-3.3607e+00
-2.8516e+00
-2.4182e+00
-2.0522e+00
-1.7442e+00
-1.4852e+00
-1.2671e+00
-1.0834e+00
-9.2815e-01
-7.9682e-01
-6.8546e-01
-5.9085e-01
-5.1031e-01
-4.4163e-01
-3.8296e-01
-3.3274e-01
-2.8969e-01
-2.5273e-01
-2.2095e-01
-1.9356e-01
-1.6994e-01
-1.4953e-01
-1.2994e-01
-1.1338e-01
-1.0080e-01
-8.9818e-02
-8.0206e-02
-7.1781e-02
-6.4385e-02
-9.9781e-02
-2.5805e-01
-3.8457e-01
-4.8099e-01
-5.3476e-01
-5.4666e-01
-5.2683e-01
-4.8809e-01
-4.4084e-01
-3.9174e-01
-3.4453e-01
-3.0104e-01
-2.6197e-01
-2.2742e-01
-1.9715e-01
-1.7082e-01
-1.4799e-01
-1.2825e-01
-1.1121e-01
-9.6512e-02
-8.3841e-02
-7.2920e-02
-6.3502e-02
-5.5380e-02
-4.8371e-02
-4.2317e-02
-3.7087e-02
-3.2561e-02
-2.8642e-02
-2.5089e-02
-2.1865e-02
-1.9299e-02
-1.7142e-02
-1.5276e-02
-1.3649e-02
-1.2225e-02
-2.9660e-02
-1.1551e-01
-2.0341e-01
-2.7763e-01
-3.2717e-01
-3.4853e-01
-3.4591e-01
-3.2709e-01
-2.9953e-01
-2.6865e-01
-2.3776e-01
-2.0862e-01
-1.8207e-01
-1.5836e-01
-1.3747e-01
-1.1921e-01
-1.0334e-01
-8.9579e-02
-7.7687e-02
-6.7419e-02
-5.8560e-02
-5.0919e-02
-4.4329e-02
-3.8644e-02
-3.3737e-02
-2.9500e-02
-2.5839e-02
-2.2672e-02
-1.9930e-02
-1.7378e-02
-1.5222e-02
-1.3430e-02
-1.1905e-02
-1.0595e-02
-9.4560e-03
-8.4620e-03
-2.0045e-01
-1.4509e+00
-2.1919e+00
-2.4816e+00
-2.5552e+00
-2.5181e+00
-2.4229e+00
-2.2983e+00
-2.1600e+00
-2.0175e+00
-1.8765e+00
-1.7404e+00
-1.6112e+00
-1.4899e+00
-1.3768e+00
-1.2720e+00
-1.1752e+00
-1.0860e+00
-1.0041e+00
-9.2883e-01
-8.5978e-01
-7.9642e-01
-7.3829e-01
-6.8494e-01
-6.3594e-01
-5.9094e-01
-5.4955e-01
-5.1148e-01
-4.7642e-01
-4.3622e-01
-3.9972e-01
-3.7446e-01
-3.5090e-01
-3.2898e-01
-3.0861e-01
-2.8965e-01
-1.7747e-01
-1.2978e+00
-1.9947e+00
-2.2660e+00
-2.3315e+00
-2.2938e+00
-2.2028e+00
-2.0854e+00
-1.9561e+00
-1.8237e+00
-1.6933e+00
-1.5680e+00
-1.4496e+00
-1.3389e+00
-1.2360e+00
-1.1410e+00
-1.0535e+00
-9.7312e-01
-8.9937e-01
-8.3176e-01
-7.6979e-01
-7.1301e-01
-6.6095e-01
-6.1320e-01
-5.6938e-01
-5.2914e-01
-4.9215e-01
-4.5812e-01
-4.2678e-01
-3.9057e-01
-3.5798e-01
-3.3566e-01
-3.1470e-01
-2.9511e-01
-2.7687e-01
-2.5989e-01
-2.4590e-01
-9.8037e-01
-1.3355e+00
-1.4151e+00
-1.3927e+00
-1.3291e+00
-1.2478e+00
-1.1602e+00
-1.0719e+00
-9.8637e-01
-9.0546e-01
-8.3017e-01
-7.6082e-01
-6.9737e-01
-6.3957e-01
-5.8703e-01
-5.3934e-01
-4.9606e-01
-4.5679e-01
-4.2112e-01
-3.8869e-01
-3.5919e-01
-3.3230e-01
-3.0777e-01
-2.8537e-01
-2.6487e-01
-2.4609e-01
-2.2887e-01
-2.1305e-01
-1.9560e-01
-1.7976e-01
-1.6793e-01
-1.5708e-01
-1.4709e-01
-1.3786e-01
-1.2930e-01
-1.8991e-01
-8.2537e-01
-1.0937e+00
-1.0497e+00
-9.3268e-01
-8.2068e-01
-7.2638e-01
-6.4762e-01
-5.8047e-01
-5.2222e-01
-4.7123e-01
-4.2634e-01
-3.8669e-01
-3.5155e-01
-3.2033e-01
-2.9252e-01
-2.6768e-01
-2.4543e-01
-2.2545e-01
-2.0746e-01
-1.9122e-01
-1.7654e-01
-1.6322e-01
-1.5111e-01
-1.4008e-01
-1.3002e-01
-1.2081e-01
-1.1238e-01
-1.0464e-01
-9.6110e-02
-8.8442e-02
-8.2719e-02
-7.7405e-02
-7.2492e-02
-6.7951e-02
-6.3747e-02
-1.0003e-01
-2.0300e-01
-1.7880e-01
-1.4308e-01
-1.1669e-01
-9.7705e-02
-8.3536e-02
-7.2388e-02
-6.3254e-02
-5.5609e-02
-4.9132e-02
-4.3598e-02
-3.8836e-02
-3.4719e-02
-3.1140e-02
-2.8018e-02
-2.5283e-02
-2.2876e-02
-2.0753e-02
-1.8873e-02
-1.7202e-02
-1.5715e-02
-1.4385e-02
-1.3193e-02
-1.2123e-02
-1.1157e-02
-1.0288e-02
-9.4980e-03
-8.7840e-03
-8.0220e-03
-7.3310e-03
-6.8150e-03
-6.3420e-03
-5.9120e-03
-5.5170e-03
-5.1530e-03
