2.69978627e+02
5.02181371e+01
5.00157919e+01
5.03198318e+01
4.98856566e+01
4.99300440e+01
4.97176794e+01
5.01378905e+01
5.00465893e+01
4.96226077e+01
5.01756686e+01
4.98648241e+01
4.99449206e+01
5.01266016e+01
5.00589045e+01
4.99262906e+01
5.06159508e+01
5.02544686e+01
5.01362752e+01
5.00206905e+01
5.00297967e+01
4.98817479e+01
4.99302251e+01
4.95962036e+01
4.95847442e+01
5.02538575e+01
5.00953101e+01
4.99681745e+01
4.99675474e+01
4.98278399e+01
4.98019215e+01
4.97178471e+01
4.94938818e+01
4.99894309e+01
5.01378333e+01
5.03022977e+01
5.02015164e+01
2.70422679e+02
1.50100398e+02
1.44300250e+02
1.40525589e+02
1.37148043e+02
1.34652126e+02
1.32670531e+02
1.31170816e+02
1.29492182e+02
1.27918696e+02
1.26949133e+02
1.26168771e+02
1.25374214e+02
1.24665116e+02
1.24476453e+02
1.23662079e+02
1.23588462e+02
1.23023048e+02
1.22305122e+02
1.22652630e+02
1.22471563e+02
1.22326672e+02
1.21805000e+02
1.21514871e+02
1.21549494e+02
1.21226220e+02
1.20983234e+02
1.21021970e+02
1.21120651e+02
1.21027605e+02
1.20917469e+02
1.20902340e+02
1.20836450e+02
1.20851287e+02
1.20719480e+02
1.20703793e+02
1.20285741e+02
2.69961429e+02
2.50077528e+02
2.44465945e+02
2.38748947e+02
2.33112468e+02
2.27507330e+02
2.22933425e+02
2.19022362e+02
2.15766733e+02
2.12510780e+02
2.10696536e+02
2.08180208e+02
2.06233745e+02
2.04788380e+02
2.03675039e+02
2.02747077e+02
2.01266048e+02
2.00817002e+02
2.00194638e+02
1.99359901e+02
1.99383677e+02
1.98715466e+02
1.98163114e+02
1.97905686e+02
1.97352013e+02
1.97279449e+02
1.97198277e+02
1.97300512e+02
1.96752900e+02
1.96358294e+02
1.96422550e+02
1.96262797e+02
1.96284660e+02
1.96088592e+02
1.96118207e+02
1.96164525e+02
1.96054821e+02
2.68348894e+02
2.68549286e+02
2.68093461e+02
2.67885462e+02
2.68034230e+02
2.67007354e+02
2.66285715e+02
2.66246685e+02
2.65617392e+02
2.65565403e+02
2.64879761e+02
2.64761346e+02
2.64133982e+02
2.64182439e+02
2.64131772e+02
2.63755511e+02
2.63695872e+02
2.63290746e+02
2.63919985e+02
2.63122284e+02
2.63571770e+02
2.63221877e+02
2.63115890e+02
2.63104738e+02
2.62959424e+02
2.62995811e+02
2.63046617e+02
2.62884839e+02
2.63091292e+02
2.63236301e+02
2.62772195e+02
2.63330491e+02
2.62818000e+02
2.62609312e+02
2.62750880e+02
2.62666489e+02
2.62732609e+02
2.68493844e+02
2.68442511e+02
2.68005602e+02
2.67771256e+02
2.67682529e+02
2.67080928e+02
2.67221239e+02
2.66895547e+02
2.66504219e+02
2.66401165e+02
2.66053238e+02
2.65581562e+02
2.65564177e+02
2.65587830e+02
2.65915384e+02
2.65532268e+02
2.65204699e+02
2.65237581e+02
2.65073717e+02
2.65123565e+02
2.65315761e+02
2.64899800e+02
2.65099253e+02
2.64918082e+02
2.64842796e+02
2.65198843e+02
2.64926531e+02
2.64755497e+02
2.64878375e+02
2.64763013e+02
2.64636870e+02
2.64716879e+02
2.64747971e+02
2.64849674e+02
2.64928551e+02
2.64604125e+02
2.64758871e+02
2.68847379e+02
2.68740287e+02
2.67594207e+02
2.65146299e+02
2.62256778e+02
2.59556066e+02
2.56737269e+02
2.54030293e+02
2.52079343e+02
2.50068951e+02
2.47415126e+02
2.45545585e+02
2.43563663e+02
2.42085243e+02
2.40296790e+02
2.39085273e+02
2.37321901e+02
2.35896323e+02
2.35199824e+02
2.34123329e+02
2.33375749e+02
2.32522063e+02
2.31542368e+02
2.30629920e+02
2.30276524e+02
2.29384199e+02
2.28906987e+02
2.28833545e+02
2.28193568e+02
2.27393510e+02
2.27238905e+02
2.26644952e+02
2.26297441e+02
2.25963583e+02
2.25665046e+02
2.25457871e+02
2.25101520e+02
2.69270537e+02
2.68611031e+02
2.67632368e+02
2.65231375e+02
2.62541352e+02
2.59977232e+02
2.57721394e+02
2.55096274e+02
2.52872865e+02
2.50608808e+02
2.48639415e+02
2.47398556e+02
2.45624520e+02
2.44187462e+02
2.42701957e+02
2.41483876e+02
2.40389111e+02
2.39231855e+02
2.38380203e+02
2.37205741e+02
2.36669044e+02
2.35584428e+02
2.35300649e+02
2.34593757e+02
2.33846378e+02
2.33084900e+02
2.32955686e+02
2.32030346e+02
2.32225298e+02
2.31661818e+02
2.30808449e+02
2.30815664e+02
2.30574464e+02
2.29778864e+02
2.29726551e+02
2.29523810e+02
2.29385059e+02
2.70324561e+02
2.70341959e+02
2.69181014e+02
2.68144824e+02
2.66287552e+02
2.65590123e+02
2.63680023e+02
2.62360383e+02
2.61226307e+02
2.60238321e+02
2.58722720e+02
2.58042278e+02
2.57477534e+02
2.56755523e+02
2.55863100e+02
2.55393774e+02
2.54858351e+02
2.54103444e+02
2.53468609e+02
2.53305838e+02
2.52841313e+02
2.52425444e+02
2.52447263e+02
2.51690821e+02
2.51226441e+02
2.51430599e+02
2.50496545e+02
2.50718823e+02
2.50539186e+02
2.50561216e+02
2.50434873e+02
2.49939067e+02
2.49933959e+02
2.49907227e+02
2.49499814e+02
2.49385469e+02
2.49275041e+02
2.70902439e+02
2.70573237e+02
2.69567641e+02
2.68397220e+02
2.67415878e+02
2.66736784e+02
2.65993800e+02
2.64924323e+02
2.64174653e+02
2.63449430e+02
2.63151135e+02
2.62914158e+02
2.62526844e+02
2.61840686e+02
2.61443248e+02
2.61292624e+02
2.60839089e+02
2.60337412e+02
2.60511887e+02
2.60237821e+02
2.60268216e+02
2.59791402e+02
2.59736215e+02
2.59567637e+02
2.59273326e+02
2.59478888e+02
2.59241235e+02
2.58852983e+02
2.59128041e+02
2.58556805e+02
2.58546599e+02
2.58742540e+02
2.58575594e+02
2.58277534e+02
2.58352617e+02
2.58315940e+02
2.58357106e+02
2.70572713e+02
2.70681469e+02
2.70579279e+02
2.70551949e+02
2.70567107e+02
2.69709460e+02
2.70222241e+02
2.69683635e+02
2.69840956e+02
2.69969889e+02
2.69605464e+02
2.69845642e+02
2.69584927e+02
2.69678070e+02
2.69277743e+02
2.69543380e+02
2.69644274e+02
2.69371154e+02
2.69463656e+02
2.69476430e+02
2.69827822e+02
2.69346850e+02
2.69543240e+02
2.69512900e+02
2.69293059e+02
2.69325706e+02
2.69453425e+02
2.69256474e+02
2.69071971e+02
2.69253765e+02
2.69704479e+02
2.68999572e+02
2.69361578e+02
2.69340514e+02
2.69452089e+02
2.69100922e+02
2.69262961e+02
