2.70000000e+02
5.00000000e+01
5.00000000e+01
5.00000000e+01
5.00000000e+01
5.00000000e+01
5.00000000e+01
5.00000000e+01
5.00000000e+01
5.00000000e+01
5.00000000e+01
5.00000000e+01
5.00000000e+01
5.00000000e+01
5.00000000e+01
5.00000000e+01
5.00000000e+01
5.00000000e+01
5.00000000e+01
5.00000000e+01
5.00000000e+01
5.00000000e+01
5.00000000e+01
5.00000000e+01
5.00000000e+01
5.00000000e+01
5.00000000e+01
5.00000000e+01
5.00000000e+01
5.00000000e+01
5.00000000e+01
5.00000000e+01
5.00000000e+01
5.00000000e+01
5.00000000e+01
5.00000000e+01
5.00000000e+01
2.70000000e+02
1.50000000e+02
1.43775911e+02
1.39947947e+02
1.36991632e+02
1.34476419e+02
1.32339702e+02
1.30533556e+02
1.29042048e+02
1.27806359e+02
1.26776345e+02
1.25912595e+02
1.25184345e+02
1.24567406e+02
1.24042561e+02
1.23594384e+02
1.23210378e+02
1.22880337e+02
1.22595863e+02
1.22350010e+02
1.22136997e+02
1.21951992e+02
1.21790939e+02
1.21650425e+02
1.21527562e+02
1.21419904e+02
1.21325374e+02
1.21244357e+02
1.21173213e+02
1.21110052e+02
1.21053915e+02
1.21003935e+02
1.20959361e+02
1.20919540e+02
1.20883903e+02
1.20851956e+02
1.20823270e+02
2.70000000e+02
2.50000000e+02
2.44382462e+02
2.38831965e+02
2.33263229e+02
2.28024671e+02
2.23418324e+02
2.19470924e+02
2.16118430e+02
2.13280462e+02
2.10879678e+02
2.08847345e+02
2.07124535e+02
2.05661589e+02
2.04416985e+02
2.03356111e+02
2.02450125e+02
2.01674972e+02
2.01010552e+02
2.00440037e+02
1.99949305e+02
1.99526480e+02
1.99161555e+02
1.98846077e+02
1.98572896e+02
1.98335948e+02
1.98130088e+02
1.97955155e+02
1.97803368e+02
1.97670240e+02
1.97553292e+02
1.97450389e+02
1.97359697e+02
1.97279634e+02
1.97208839e+02
1.97146134e+02
1.97090502e+02
2.68637041e+02
2.68537539e+02
2.68281128e+02
2.67903982e+02
2.67438724e+02
2.66928184e+02
2.66412284e+02
2.65919999e+02
2.65467688e+02
2.65061995e+02
2.64703588e+02
2.64389953e+02
2.64117120e+02
2.63880649e+02
2.63676137e+02
2.63499477e+02
2.63346958e+02
2.63215292e+02
2.63101601e+02
2.63003387e+02
2.62918487e+02
2.62845039e+02
2.62781441e+02
2.62726318e+02
2.62678488e+02
2.62636938e+02
2.62600799e+02
2.62569744e+02
2.62542950e+02
2.62519545e+02
2.62499016e+02
2.62480967e+02
2.62465070e+02
2.62451046e+02
2.62438654e+02
2.62427687e+02
2.62417965e+02
2.68266996e+02
2.68244453e+02
2.68147188e+02
2.67970742e+02
2.67728156e+02
2.67442031e+02
2.67137739e+02
2.66836614e+02
2.66552895e+02
2.66294083e+02
2.66062858e+02
2.65859002e+02
2.65680780e+02
2.65525790e+02
2.65391442e+02
2.65275213e+02
2.65174765e+02
2.65087994e+02
2.65013042e+02
2.64948280e+02
2.64892297e+02
2.64843870e+02
2.64801947e+02
2.64765620e+02
2.64734112e+02
2.64706752e+02
2.64682967e+02
2.64662633e+02
2.64644965e+02
2.64629554e+02
2.64616061e+02
2.64604214e+02
2.64593790e+02
2.64584602e+02
2.64576489e+02
2.64569315e+02
2.64562961e+02
2.67933128e+02
2.67807455e+02
2.66351074e+02
2.64174488e+02
2.61762959e+02
2.59329317e+02
2.56974335e+02
2.54746141e+02
2.52665519e+02
2.50739002e+02
2.48965008e+02
2.47337387e+02
2.45847586e+02
2.44485960e+02
2.43242559e+02
2.42107601e+02
2.41071738e+02
2.40126201e+02
2.39262867e+02
2.38474271e+02
2.37753598e+02
2.37094647e+02
2.36491792e+02
2.35939938e+02
2.35434476e+02
2.34971237e+02
2.34546452e+02
2.34167598e+02
2.33822249e+02
2.33503785e+02
2.33210076e+02
2.32939105e+02
2.32689020e+02
2.32458129e+02
2.32244884e+02
2.32047870e+02
2.31865792e+02
2.68358036e+02
2.68251233e+02
2.66986263e+02
2.65047988e+02
2.62882882e+02
2.60690453e+02
2.58564824e+02
2.56551474e+02
2.54670638e+02
2.52929168e+02
2.51326156e+02
2.49856235e+02
2.48511657e+02
2.47283579e+02
2.46162845e+02
2.45140451e+02
2.44207807e+02
2.43356872e+02
2.42580217e+02
2.41871034e+02
2.41223120e+02
2.40630844e+02
2.40089104e+02
2.39593289e+02
2.39139232e+02
2.38723166e+02
2.38341692e+02
2.38001731e+02
2.37691730e+02
2.37405746e+02
2.37141971e+02
2.36898640e+02
2.36674101e+02
2.36466834e+02
2.36275443e+02
2.36098650e+02
2.35935286e+02
2.70019414e+02
2.69831261e+02
2.68945909e+02
2.67727846e+02
2.66434650e+02
2.65161688e+02
2.63948841e+02
2.62813857e+02
2.61763521e+02
2.60798778e+02
2.59917053e+02
2.59113758e+02
2.58383304e+02
2.57719757e+02
2.57117228e+02
2.56570091e+02
2.56073101e+02
2.55621436e+02
2.55210707e+02
2.54836947e+02
2.54496576e+02
2.54186379e+02
2.53903468e+02
2.53645248e+02
2.53409392e+02
2.53193809e+02
2.52996621e+02
2.52820174e+02
2.52659542e+02
2.52512102e+02
2.52376635e+02
2.52252053e+02
2.52137398e+02
2.52031813e+02
2.51934524e+02
2.51844833e+02
2.51762107e+02
2.70510846e+02
2.70363442e+02
2.69623060e+02
2.68621669e+02
2.67653011e+02
2.66789177e+02
2.66028219e+02
2.65355130e+02
2.64756174e+02
2.64220923e+02
2.63741261e+02
2.63310524e+02
2.62923047e+02
2.62573938e+02
2.62258934e+02
2.61974309e+02
2.61716793e+02
2.61483510e+02
2.61271928e+02
2.61079813e+02
2.60905186e+02
2.60746296e+02
2.60601586e+02
2.60469673e+02
2.60349321e+02
2.60239428e+02
2.60139008e+02
2.60049197e+02
2.59967346e+02
2.59892261e+02
2.59823359e+02
2.59760081e+02
2.59701917e+02
2.59648412e+02
2.59599160e+02
2.59553794e+02
2.59511984e+02
2.70848877e+02
2.70766355e+02
2.70597451e+02
2.70449851e+02
2.70332159e+02
2.70236330e+02
2.70156228e+02
2.70087907e+02
2.70028901e+02
2.69977560e+02
2.69932652e+02
2.69893207e+02
2.69858438e+02
2.69827693e+02
2.69800430e+02
2.69776192e+02
2.69754589e+02
2.69735292e+02
2.69718018e+02
2.69702524e+02
2.69688601e+02
2.69676066e+02
2.69664762e+02
2.69654554e+02
2.69645319e+02
2.69636955e+02
2.69629369e+02
2.69622625e+02
2.69616529e+02
2.69610972e+02
2.69605900e+02
2.69601263e+02
2.69597020e+02
2.69593133e+02
2.69589568e+02
2.69586297e+02
2.69583293e+02
