2.70000000e+02
5.00000000e+01
5.00000000e+01
5.00000000e+01
5.00000000e+01
5.00000000e+01
5.00000000e+01
5.00000000e+01
5.00000000e+01
5.00000000e+01
5.00000000e+01
5.00000000e+01
5.00000000e+01
5.00000000e+01
5.00000000e+01
5.00000000e+01
5.00000000e+01
5.00000000e+01
5.00000000e+01
5.00000000e+01
5.00000000e+01
5.00000000e+01
5.00000000e+01
5.00000000e+01
5.00000000e+01
5.00000000e+01
5.00000000e+01
5.00000000e+01
5.00000000e+01
5.00000000e+01
5.00000000e+01
5.00000000e+01
5.00000000e+01
5.00000000e+01
5.00000000e+01
5.00000000e+01
5.00000000e+01
2.70000000e+02
1.50000000e+02
1.43723544e+02
1.39874188e+02
1.36901438e+02
1.34370088e+02
1.32186762e+02
1.30355461e+02
1.28841392e+02
1.27583785e+02
1.26532261e+02
1.25647476e+02
1.24898787e+02
1.24262118e+02
1.23718336e+02
1.23252073e+02
1.22850860e+02
1.22504500e+02
1.22204589e+02
1.21944157e+02
1.21717393e+02
1.21519429e+02
1.21346169e+02
1.21194154e+02
1.21060455e+02
1.20942583e+02
1.20838416e+02
1.20746144e+02
1.20664215e+02
1.20591301e+02
1.20526258e+02
1.20468637e+02
1.20418315e+02
1.20372864e+02
1.20331791e+02
1.20294608e+02
1.20260877e+02
2.70000000e+02
2.50000000e+02
2.44404713e+02
2.38802594e+02
2.33149033e+02
2.27810751e+02
2.23099904e+02
2.19047589e+02
2.15594019e+02
2.12661160e+02
2.10172569e+02
2.08059688e+02
2.06263391e+02
2.04733631e+02
2.03428410e+02
2.02312608e+02
2.01356877e+02
2.00536676e+02
1.99831448e+02
1.99223944e+02
1.98699658e+02
1.98246362e+02
1.97853731e+02
1.97513027e+02
1.97216842e+02
1.96958883e+02
1.96733797e+02
1.96537022e+02
1.96364665e+02
1.96213399e+02
1.96080378e+02
1.95964163e+02
1.95864064e+02
1.95775098e+02
1.95695872e+02
1.95625178e+02
1.95561972e+02
2.68688793e+02
2.68607796e+02
2.68374475e+02
2.68012901e+02
2.67554075e+02
2.67041684e+02
2.66517586e+02
2.66012865e+02
2.65545751e+02
2.65124312e+02
2.64750173e+02
2.64421402e+02
2.64134351e+02
2.63884723e+02
2.63668157e+02
2.63480525e+02
2.63318057e+02
2.63177393e+02
2.63055575e+02
2.62950022e+02
2.62858496e+02
2.62779060e+02
2.62710046e+02
2.62650018e+02
2.62597738e+02
2.62552145e+02
2.62512326e+02
2.62477495e+02
2.62446979e+02
2.62420197e+02
2.62396651e+02
2.62375988e+02
2.62358077e+02
2.62342321e+02
2.62328345e+02
2.62315901e+02
2.62304792e+02
2.68304263e+02
2.68285468e+02
2.68197259e+02
2.68027967e+02
2.67787590e+02
2.67498394e+02
2.67186736e+02
2.66875325e+02
2.66579698e+02
2.66308376e+02
2.66064748e+02
2.65849034e+02
2.65659737e+02
2.65494559e+02
2.65350933e+02
2.65226306e+02
2.65118290e+02
2.65024714e+02
2.64943651e+02
2.64873403e+02
2.64812494e+02
2.64759642e+02
2.64713738e+02
2.64673826e+02
2.64639082e+02
2.64608799e+02
2.64582367e+02
2.64559262e+02
2.64539033e+02
2.64521293e+02
2.64505710e+02
2.64492093e+02
2.64480267e+02
2.64469829e+02
2.64460595e+02
2.64452390e+02
2.64445076e+02
2.69787647e+02
2.69129774e+02
2.66891917e+02
2.64156495e+02
2.61368302e+02
2.58669340e+02
2.56112995e+02
2.53718733e+02
2.51491830e+02
2.49430406e+02
2.47528256e+02
2.45776741e+02
2.44166018e+02
2.42685821e+02
2.41325948e+02
2.40076555e+02
2.38928323e+02
2.37872550e+02
2.36901183e+02
2.36006818e+02
2.35182685e+02
2.34422608e+02
2.33720973e+02
2.33072680e+02
2.32473103e+02
2.31918048e+02
2.31403713e+02
2.30926654e+02
2.30483746e+02
2.30072156e+02
2.29689311e+02
2.29336860e+02
2.29017780e+02
2.28718818e+02
2.28438883e+02
2.28176621e+02
2.27930748e+02
2.70042475e+02
2.69862340e+02
2.68801391e+02
2.67032445e+02
2.64905217e+02
2.62640488e+02
2.60367632e+02
2.58160359e+02
2.56058855e+02
2.54083380e+02
2.52241985e+02
2.50535249e+02
2.48959280e+02
2.47507638e+02
2.46172561e+02
2.44945739e+02
2.43818805e+02
2.42783623e+02
2.41832464e+02
2.40958092e+02
2.40153806e+02
2.39413442e+02
2.38731363e+02
2.38102429e+02
2.37521964e+02
2.36985727e+02
2.36489870e+02
2.36030905e+02
2.35605673e+02
2.35211311e+02
2.34845224e+02
2.34508171e+02
2.34203521e+02
2.33919073e+02
2.33653253e+02
2.33404679e+02
2.33172063e+02
2.70874717e+02
2.70610738e+02
2.69640933e+02
2.68338123e+02
2.66970268e+02
2.65629193e+02
2.64348542e+02
2.63142380e+02
2.62016647e+02
2.60972987e+02
2.60010121e+02
2.59124843e+02
2.58312795e+02
2.57569022e+02
2.56888360e+02
2.56265679e+02
2.55696038e+02
2.55174775e+02
2.54697552e+02
2.54260369e+02
2.53859563e+02
2.53491796e+02
2.53154037e+02
2.52843542e+02
2.52557825e+02
2.52294642e+02
2.52051965e+02
2.51827966e+02
2.51620990e+02
2.51429546e+02
2.51252286e+02
2.51089253e+02
2.50941259e+02
2.50803721e+02
2.50675761e+02
2.50556539e+02
2.50445317e+02
2.71002720e+02
2.70776417e+02
2.69883063e+02
2.68723620e+02
2.67620423e+02
2.66647413e+02
2.65796795e+02
2.65047287e+02
2.64380700e+02
2.63783842e+02
2.63246965e+02
2.62762481e+02
2.62324215e+02
2.61926985e+02
2.61566348e+02
2.61238445e+02
2.60939889e+02
2.60667697e+02
2.60419222e+02
2.60192115e+02
2.59984285e+02
2.59793864e+02
2.59619188e+02
2.59458763e+02
2.59311255e+02
2.59175468e+02
2.59050326e+02
2.58934866e+02
2.58828218e+02
2.58729601e+02
2.58638313e+02
2.58554346e+02
2.58477857e+02
2.58406795e+02
2.58340772e+02
2.58279323e+02
2.58222040e+02
2.70894709e+02
2.70797617e+02
2.70601671e+02
2.70427638e+02
2.70287717e+02
2.70173493e+02
2.70077876e+02
2.69996130e+02
2.69925285e+02
2.69863351e+02
2.69808871e+02
2.69760717e+02
2.69717987e+02
2.69679942e+02
2.69645969e+02
2.69615550e+02
2.69588246e+02
2.69563681e+02
2.69541531e+02
2.69521518e+02
2.69503399e+02
2.69486963e+02
2.69472027e+02
2.69458430e+02
2.69446029e+02
2.69434701e+02
2.69424337e+02
2.69414838e+02
2.69406120e+02
2.69398107e+02
2.69390731e+02
2.69383965e+02
2.69377847e+02
2.69372198e+02
2.69366969e+02
2.69362121e+02
2.69357616e+02
