2.69991734e+02
4.98905895e+01
5.01385627e+01
4.98963015e+01
5.04849197e+01
5.01219999e+01
4.99320762e+01
4.98416102e+01
4.98511626e+01
5.01887280e+01
4.96914733e+01
5.01910385e+01
4.97475139e+01
5.01310333e+01
5.00231024e+01
4.96265540e+01
5.00945779e+01
5.03255767e+01
4.98310227e+01
5.00700879e+01
5.01900213e+01
4.99089011e+01
5.00647989e+01
4.97668020e+01
4.99307064e+01
4.99524406e+01
4.99064436e+01
5.01092628e+01
4.99506230e+01
5.04388357e+01
5.03177706e+01
4.99754088e+01
4.97608302e+01
4.97878346e+01
5.01409408e+01
4.98878864e+01
4.97289058e+01
2.70202464e+02
1.49502714e+02
1.43862771e+02
1.40069376e+02
1.36997722e+02
1.34808561e+02
1.32604954e+02
1.30923556e+02
1.29121805e+02
1.27984694e+02
1.26882980e+02
1.25935860e+02
1.24990697e+02
1.24826263e+02
1.24326317e+02
1.23442856e+02
1.23172027e+02
1.22687238e+02
1.22511822e+02
1.22346956e+02
1.21876290e+02
1.21593289e+02
1.21908694e+02
1.21609286e+02
1.21687621e+02
1.21343005e+02
1.21299987e+02
1.21055309e+02
1.20952606e+02
1.21006442e+02
1.20854330e+02
1.20434402e+02
1.20541900e+02
1.20813115e+02
1.20895784e+02
1.20078016e+02
1.20636729e+02
2.70452305e+02
2.49720969e+02
2.44582771e+02
2.39157392e+02
2.33468203e+02
2.28063026e+02
2.23483906e+02
2.19134283e+02
2.15983818e+02
2.13091055e+02
2.10487568e+02
2.08277238e+02
2.06441029e+02
2.05200226e+02
2.03581231e+02
2.02950480e+02
2.02000918e+02
2.00730119e+02
2.00097316e+02
1.99541868e+02
1.98890521e+02
1.98675563e+02
1.98108169e+02
1.97370733e+02
1.97385576e+02
1.97382085e+02
1.97244058e+02
1.96541487e+02
1.97066640e+02
1.96565889e+02
1.96291306e+02
1.96120214e+02
1.96194600e+02
1.96243771e+02
1.96018331e+02
1.95844192e+02
1.96184304e+02
2.68472729e+02
2.68521425e+02
2.68634299e+02
2.67853929e+02
2.67509316e+02
2.67293632e+02
2.66823211e+02
2.65840028e+02
2.66065751e+02
2.64812789e+02
2.64788907e+02
2.64744139e+02
2.64254480e+02
2.64087902e+02
2.64040637e+02
2.63888954e+02
2.63461164e+02
2.63746465e+02
2.63289617e+02
2.63271702e+02
2.63311389e+02
2.63104959e+02
2.62883605e+02
2.62821269e+02
2.62744760e+02
2.62794139e+02
2.62933574e+02
2.62594962e+02
2.62572991e+02
2.62889937e+02
2.62995244e+02
2.62721805e+02
2.62857225e+02
2.62429321e+02
2.62385989e+02
2.62245339e+02
2.62550629e+02
2.68428321e+02
2.68215172e+02
2.68577824e+02
2.68008559e+02
2.67736676e+02
2.67699051e+02
2.67236351e+02
2.66889955e+02
2.66696786e+02
2.66411819e+02
2.65829424e+02
2.65815710e+02
2.65918817e+02
2.65308601e+02
2.65052538e+02
2.65129393e+02
2.65089683e+02
2.65102507e+02
2.64876551e+02
2.64965204e+02
2.65000072e+02
2.64520244e+02
2.64418758e+02
2.64787838e+02
2.64624804e+02
2.64715432e+02
2.64682496e+02
2.64509515e+02
2.64198924e+02
2.64001755e+02
2.64853073e+02
2.64422895e+02
2.64819465e+02
2.64577749e+02
2.64199413e+02
2.64816495e+02
2.64656469e+02
2.70102425e+02
2.69677231e+02
2.67778778e+02
2.65269852e+02
2.63030241e+02
2.59976610e+02
2.57624534e+02
2.54888635e+02
2.52518932e+02
2.50161581e+02
2.48057388e+02
2.46493861e+02
2.44609673e+02
2.43153390e+02
2.41560932e+02
2.40603551e+02
2.38988235e+02
2.37957138e+02
2.36906166e+02
2.35771848e+02
2.35201013e+02
2.34601426e+02
2.33439845e+02
2.32982563e+02
2.32060689e+02
2.31551646e+02
2.30878293e+02
2.30545681e+02
2.30380743e+02
2.29748276e+02
2.29540634e+02
2.28879764e+02
2.28632652e+02
2.28555230e+02
2.27824028e+02
2.27798288e+02
2.27426494e+02
2.69909993e+02
2.70021726e+02
2.68514624e+02
2.66306088e+02
2.63740807e+02
2.60947651e+02
2.59091141e+02
2.56505155e+02
2.54387382e+02
2.52437347e+02
2.50408158e+02
2.49417052e+02
2.47426453e+02
2.45943058e+02
2.44628517e+02
2.43497927e+02
2.42252329e+02
2.41717653e+02
2.40702550e+02
2.39605691e+02
2.38815915e+02
2.37840037e+02
2.37407568e+02
2.36414134e+02
2.36205238e+02
2.35243905e+02
2.35857982e+02
2.34886535e+02
2.34531816e+02
2.34150291e+02
2.33683220e+02
2.33218377e+02
2.32942950e+02
2.32722875e+02
2.32039463e+02
2.32031305e+02
2.31894991e+02
2.71038770e+02
2.70796703e+02
2.69703569e+02
2.68267121e+02
2.66722846e+02
2.65548639e+02
2.63926834e+02
2.62766680e+02
2.62074091e+02
2.60504075e+02
2.59515230e+02
2.59152997e+02
2.58048223e+02
2.57090787e+02
2.56131820e+02
2.55806299e+02
2.55250220e+02
2.54694197e+02
2.54080818e+02
2.53681013e+02
2.53639189e+02
2.53188725e+02
2.52239812e+02
2.52324449e+02
2.51870734e+02
2.51805863e+02
2.51405452e+02
2.51336464e+02
2.50931313e+02
2.50728805e+02
2.50506958e+02
2.50583332e+02
2.50648007e+02
2.50192693e+02
2.49790637e+02
2.49850632e+02
2.49348575e+02
2.71057884e+02
2.70556528e+02
2.69954043e+02
2.68745257e+02
2.67871672e+02
2.66485005e+02
2.65762731e+02
2.65422044e+02
2.64549706e+02
2.64355765e+02
2.63559853e+02
2.63078413e+02
2.62315822e+02
2.61888860e+02
2.62013486e+02
2.61313068e+02
2.61161825e+02
2.60930170e+02
2.60653805e+02
2.60439308e+02
2.60168644e+02
2.59838757e+02
2.60003899e+02
2.59595898e+02
2.59793201e+02
2.59314341e+02
2.59545310e+02
2.59174270e+02
2.58867110e+02
2.58822609e+02
2.58988049e+02
2.58672848e+02
2.58797527e+02
2.58883616e+02
2.58853781e+02
2.58502545e+02
2.58596912e+02
2.71053441e+02
2.70741961e+02
2.70778550e+02
2.70431650e+02
2.70120017e+02
2.70416955e+02
2.69628388e+02
2.69929632e+02
2.70206734e+02
2.69668649e+02
2.69898698e+02
2.69612190e+02
2.70307939e+02
2.69822562e+02
2.69591678e+02
2.69672549e+02
2.69673734e+02
2.69530395e+02
2.69810540e+02
2.69674853e+02
2.70088976e+02
2.69561010e+02
2.69364562e+02
2.69721909e+02
2.69677821e+02
2.70038098e+02
2.69627431e+02
2.69742786e+02
2.69351447e+02
2.69631863e+02
2.69569810e+02
2.69507506e+02
2.69454485e+02
2.69199232e+02
2.69689374e+02
2.69482045e+02
2.69316380e+02
