2.70000000e+02
5.00000000e+01
5.00000000e+01
5.00000000e+01
5.00000000e+01
5.00000000e+01
5.00000000e+01
5.00000000e+01
5.00000000e+01
5.00000000e+01
5.00000000e+01
5.00000000e+01
5.00000000e+01
5.00000000e+01
5.00000000e+01
5.00000000e+01
5.00000000e+01
5.00000000e+01
5.00000000e+01
5.00000000e+01
5.00000000e+01
5.00000000e+01
5.00000000e+01
5.00000000e+01
5.00000000e+01
5.00000000e+01
5.00000000e+01
5.00000000e+01
5.00000000e+01
5.00000000e+01
5.00000000e+01
5.00000000e+01
5.00000000e+01
5.00000000e+01
5.00000000e+01
5.00000000e+01
5.00000000e+01
2.70000000e+02
1.50000000e+02
1.43659205e+02
1.39807636e+02
1.36847914e+02
1.34308612e+02
1.32099391e+02
1.30258837e+02
1.28737192e+02
1.27472361e+02
1.26413789e+02
1.25522123e+02
1.24766737e+02
1.24123567e+02
1.23573489e+02
1.23101134e+02
1.22694031e+02
1.22341976e+02
1.22036555e+02
1.21770786e+02
1.21538845e+02
1.21335851e+02
1.21157695e+02
1.21000905e+02
1.20862539e+02
1.20740096e+02
1.20631445e+02
1.20534767e+02
1.20448502e+02
1.20371315e+02
1.20302056e+02
1.20239738e+02
1.20183507e+02
1.20132629e+02
1.20086466e+02
1.20044466e+02
1.20006151e+02
2.70000000e+02
2.50000000e+02
2.44481086e+02
2.38932470e+02
2.33331982e+02
2.28027981e+02
2.23332579e+02
2.19281876e+02
2.15821885e+02
2.12878090e+02
2.10376014e+02
2.08248253e+02
2.06436397e+02
2.04890856e+02
2.03569940e+02
2.02438737e+02
2.01468048e+02
2.00633432e+02
1.99914403e+02
1.99293752e+02
1.98756993e+02
1.98291905e+02
1.97888150e+02
1.97536972e+02
1.97230934e+02
1.96963710e+02
1.96729907e+02
1.96524926e+02
1.96344833e+02
1.96186261e+02
1.96046325e+02
1.95922550e+02
1.95812808e+02
1.95715271e+02
1.95628364e+02
1.95550731e+02
1.95481200e+02
2.68682890e+02
2.68603357e+02
2.68372795e+02
2.68017277e+02
2.67568010e+02
2.67066860e+02
2.66553738e+02
2.66058550e+02
2.65599092e+02
2.65183460e+02
2.64813505e+02
2.64487574e+02
2.64202285e+02
2.63953571e+02
2.63737268e+02
2.63549403e+02
2.63386337e+02
2.63244813e+02
2.63121954e+02
2.63015243e+02
2.62922490e+02
2.62841798e+02
2.62771525e+02
2.62710254e+02
2.62656764e+02
2.62610000e+02
2.62569056e+02
2.62533148e+02
2.62501602e+02
2.62473838e+02
2.62449354e+02
2.62427719e+02
2.62408561e+02
2.62391558e+02
2.62376432e+02
2.62362944e+02
2.62350887e+02
2.68338464e+02
2.68316712e+02
2.68218622e+02
2.68035924e+02
2.67781484e+02
2.67479162e+02
2.67155790e+02
2.66833986e+02
2.66529022e+02
2.66249182e+02
2.65997704e+02
2.65774725e+02
2.65578699e+02
2.65407301e+02
2.65257937e+02
2.65128033e+02
2.65015175e+02
2.64917168e+02
2.64832058e+02
2.64758122e+02
2.64693857e+02
2.64637953e+02
2.64589278e+02
2.64546851e+02
2.64509825e+02
2.64477470e+02
2.64449155e+02
2.64424336e+02
2.64402547e+02
2.64383382e+02
2.64366495e+02
2.64351583e+02
2.64338390e+02
2.64326691e+02
2.64316292e+02
2.64307029e+02
2.64298756e+02
2.75345434e+02
2.74907672e+02
2.73380617e+02
2.71127713e+02
2.68566792e+02
2.65923164e+02
2.63317873e+02
2.60815586e+02
2.58449165e+02
2.56233006e+02
2.54170419e+02
2.52258181e+02
2.50489381e+02
2.48855187e+02
2.47345949e+02
2.45951869e+02
2.44663407e+02
2.43471509e+02
2.42367736e+02
2.41344305e+02
2.40394103e+02
2.39510663e+02
2.38688130e+02
2.37921214e+02
2.37205150e+02
2.36535641e+02
2.35908818e+02
2.35321198e+02
2.34769640e+02
2.34251309e+02
2.33763646e+02
2.33304336e+02
2.32871283e+02
2.32462584e+02
2.32076511e+02
2.31711490e+02
2.31366086e+02
2.74940281e+02
2.74424576e+02
2.72778014e+02
2.70511947e+02
2.68049547e+02
2.65580409e+02
2.63192607e+02
2.60927581e+02
2.58803561e+02
2.56826164e+02
2.54993620e+02
2.53299937e+02
2.51736872e+02
2.50295164e+02
2.48965285e+02
2.47737898e+02
2.46604118e+02
2.45555648e+02
2.44584840e+02
2.43684709e+02
2.42848910e+02
2.42071706e+02
2.41347923e+02
2.40672905e+02
2.40042461e+02
2.39452827e+02
2.38900613e+02
2.38382772e+02
2.37896557e+02
2.37439493e+02
2.37009343e+02
2.36604085e+02
2.36221888e+02
2.35861089e+02
2.35520179e+02
2.35197780e+02
2.34892639e+02
2.72748695e+02
2.72460074e+02
2.71475437e+02
2.70131933e+02
2.68697684e+02
2.67280539e+02
2.65926269e+02
2.64654834e+02
2.63474020e+02
2.62385041e+02
2.61385220e+02
2.60469676e+02
2.59632432e+02
2.58867101e+02
2.58167318e+02
2.57526978e+02
2.56940381e+02
2.56402281e+02
2.55907909e+02
2.55452961e+02
2.55033573e+02
2.54646287e+02
2.54288015e+02
2.53956004e+02
2.53647799e+02
2.53361214e+02
2.53094297e+02
2.52845309e+02
2.52612694e+02
2.52395060e+02
2.52191162e+02
2.51999881e+02
2.51820212e+02
2.51651250e+02
2.51492178e+02
2.51342258e+02
2.51200821e+02
2.71865903e+02
2.71657319e+02
2.70858562e+02
2.69782462e+02
2.68723842e+02
2.67765472e+02
2.66911320e+02
2.66148778e+02
2.65465287e+02
2.64850833e+02
2.64297266e+02
2.63797654e+02
2.63345956e+02
2.62936848e+02
2.62565620e+02
2.62228103e+02
2.61920615e+02
2.61639903e+02
2.61383097e+02
2.61147666e+02
2.60931381e+02
2.60732274e+02
2.60548610e+02
2.60378859e+02
2.60221665e+02
2.60075831e+02
2.59940296e+02
2.59814117e+02
2.59696456e+02
2.59586568e+02
2.59483787e+02
2.59387517e+02
2.59297225e+02
2.59212433e+02
2.59132710e+02
2.59057668e+02
2.58986956e+02
2.70956103e+02
2.70863505e+02
2.70677782e+02
2.70511409e+02
2.70376029e+02
2.70264066e+02
2.70169230e+02
2.70087443e+02
2.70016166e+02
2.69953644e+02
2.69898541e+02
2.69849785e+02
2.69806497e+02
2.69767938e+02
2.69733488e+02
2.69702615e+02
2.69674868e+02
2.69649859e+02
2.69627254e+02
2.69606766e+02
2.69588146e+02
2.69571178e+02
2.69555678e+02
2.69541481e+02
2.69528447e+02
2.69516453e+02
2.69505390e+02
2.69495164e+02
2.69485692e+02
2.69476901e+02
2.69468726e+02
2.69461111e+02
2.69454004e+02
2.69447361e+02
2.69441142e+02
2.69435312e+02
2.69429839e+02
