2.69819691e+02
5.04085252e+01
5.03663601e+01
4.98738397e+01
4.99749446e+01
4.99938961e+01
5.00966018e+01
5.00425643e+01
4.99439054e+01
5.03734423e+01
5.01015377e+01
5.00645669e+01
4.98713314e+01
5.02827684e+01
5.01212581e+01
5.01031857e+01
5.00197519e+01
4.96720111e+01
4.98322488e+01
5.00629756e+01
4.98301460e+01
4.99052595e+01
5.00718763e+01
5.00167101e+01
5.01854206e+01
4.98966689e+01
5.01630388e+01
4.98628279e+01
5.01005025e+01
5.01054647e+01
5.01537639e+01
5.04652404e+01
5.03261755e+01
5.00742678e+01
5.02660886e+01
5.00692255e+01
4.99310817e+01
2.69680671e+02
1.50043042e+02
1.43894767e+02
1.40077307e+02
1.36757131e+02
1.34031666e+02
1.32043806e+02
1.30130638e+02
1.28887378e+02
1.27471330e+02
1.26090500e+02
1.25579498e+02
1.24631285e+02
1.24241979e+02
1.23594226e+02
1.23164122e+02
1.22980265e+02
1.22445377e+02
1.22427332e+02
1.21844222e+02
1.22056516e+02
1.21544058e+02
1.21046658e+02
1.20761997e+02
1.20692079e+02
1.20802217e+02
1.20919377e+02
1.20675645e+02
1.20206230e+02
1.20486909e+02
1.20131191e+02
1.20808057e+02
1.20376311e+02
1.20538406e+02
1.19930466e+02
1.20136179e+02
1.20069415e+02
2.69902296e+02
2.50219600e+02
2.44345237e+02
2.38644548e+02
2.33294735e+02
2.27690345e+02
2.23710415e+02
2.18848466e+02
2.15879807e+02
2.13048936e+02
2.10255393e+02
2.08198320e+02
2.06492615e+02
2.05022505e+02
2.03537127e+02
2.02170547e+02
2.01528297e+02
2.00892620e+02
2.00107089e+02
1.99398974e+02
1.98469055e+02
1.98048078e+02
1.98040125e+02
1.97839692e+02
1.97227075e+02
1.96826668e+02
1.96386335e+02
1.96663566e+02
1.96522029e+02
1.96391909e+02
1.96003443e+02
1.95738172e+02
1.95994037e+02
1.95414029e+02
1.95631571e+02
1.95335276e+02
1.95562609e+02
2.68585568e+02
2.68308428e+02
2.68383542e+02
2.68272574e+02
2.67756408e+02
2.66931546e+02
2.66649049e+02
2.66225629e+02
2.65283480e+02
2.65430222e+02
2.64723995e+02
2.64559890e+02
2.64175190e+02
2.64101341e+02
2.63905423e+02
2.63568906e+02
2.63224886e+02
2.62997431e+02
2.63208084e+02
2.63107189e+02
2.63052546e+02
2.62689318e+02
2.62749688e+02
2.62562122e+02
2.62098529e+02
2.62726149e+02
2.62525804e+02
2.62582410e+02
2.62160035e+02
2.62638589e+02
2.62903062e+02
2.62159412e+02
2.62600193e+02
2.62245358e+02
2.62488399e+02
2.62249597e+02
2.62065472e+02
2.68174979e+02
2.68334899e+02
2.67787006e+02
2.67876943e+02
2.67451540e+02
2.67502123e+02
2.67388925e+02
2.66601586e+02
2.66122411e+02
2.66035187e+02
2.66012715e+02
2.66165554e+02
2.65699440e+02
2.65335206e+02
2.65202273e+02
2.65606748e+02
2.65060983e+02
2.64789403e+02
2.65098637e+02
2.64949974e+02
2.64358443e+02
2.64717441e+02
2.65024773e+02
2.64772630e+02
2.64456644e+02
2.64428817e+02
2.64616682e+02
2.64521843e+02
2.64561993e+02
2.64446903e+02
2.64539775e+02
2.64168887e+02
2.64705841e+02
2.64183634e+02
2.64334629e+02
2.64168129e+02
2.64672460e+02
2.75336935e+02
2.74706796e+02
2.73443006e+02
2.71004486e+02
2.68588749e+02
2.65859521e+02
2.63629696e+02
2.60660295e+02
2.58116874e+02
2.56096169e+02
2.54419604e+02
2.52201750e+02
2.50592316e+02
2.48603901e+02
2.47438413e+02
2.45867635e+02
2.45056623e+02
2.43821141e+02
2.42058694e+02
2.41537137e+02
2.40491786e+02
2.39270812e+02
2.38712056e+02
2.38147182e+02
2.37306620e+02
2.36458554e+02
2.35780122e+02
2.35200424e+02
2.34559128e+02
2.34224299e+02
2.33890682e+02
2.33279576e+02
2.32887539e+02
2.32605453e+02
2.32330632e+02
2.31773316e+02
2.31657047e+02
2.74758819e+02
2.74732007e+02
2.73032173e+02
2.70797877e+02
2.68105170e+02
2.65566948e+02
2.62939990e+02
2.60735571e+02
2.59031910e+02
2.56758694e+02
2.55377295e+02
2.53312282e+02
2.51705206e+02
2.50329000e+02
2.49084096e+02
2.47279532e+02
2.46398377e+02
2.45364499e+02
2.44532097e+02
2.43816671e+02
2.42499729e+02
2.42121315e+02
2.40944024e+02
2.40699802e+02
2.39639341e+02
2.39220754e+02
2.38817811e+02
2.37968613e+02
2.37826132e+02
2.37217451e+02
2.36905241e+02
2.36864481e+02
2.36346787e+02
2.35896035e+02
2.35784413e+02
2.35265094e+02
2.34591470e+02
2.72945717e+02
2.72445852e+02
2.71535497e+02
2.70034015e+02
2.68602315e+02
2.67271496e+02
2.65621192e+02
2.64676238e+02
2.63388866e+02
2.62037502e+02
2.61619585e+02
2.60378825e+02
2.59667179e+02
2.58933399e+02
2.58224620e+02
2.57485440e+02
2.56922529e+02
2.56101679e+02
2.56025817e+02
2.55666895e+02
2.55184775e+02
2.54471473e+02
2.54199484e+02
2.53587572e+02
2.53932890e+02
2.53431472e+02
2.53452546e+02
2.52405869e+02
2.52365135e+02
2.52323169e+02
2.51967885e+02
2.51826103e+02
2.51766746e+02
2.51636002e+02
2.51387858e+02
2.51491091e+02
2.51400479e+02
2.71900902e+02
2.71667818e+02
2.70390832e+02
2.69825895e+02
2.68564585e+02
2.67855124e+02
2.66873689e+02
2.66153456e+02
2.65574476e+02
2.64645559e+02
2.64268781e+02
2.63709779e+02
2.63391990e+02
2.63007124e+02
2.62617404e+02
2.61914142e+02
2.61895371e+02
2.61899001e+02
2.61663599e+02
2.61127463e+02
2.60888209e+02
2.60948954e+02
2.60693155e+02
2.60293826e+02
2.60125229e+02
2.60202217e+02
2.60091179e+02
2.59979656e+02
2.59770036e+02
2.59474934e+02
2.59459813e+02
2.58917943e+02
2.58976261e+02
2.59199766e+02
2.59040458e+02
2.59049173e+02
2.58835273e+02
2.71137309e+02
2.70957894e+02
2.70553353e+02
2.70567361e+02
2.70409236e+02
2.70567548e+02
2.70691227e+02
2.70202351e+02
2.70280551e+02
2.69779944e+02
2.69972105e+02
2.69904524e+02
2.69857968e+02
2.69431298e+02
2.69459480e+02
2.70065902e+02
2.69784512e+02
2.69853941e+02
2.69669330e+02
2.69501493e+02
2.69586151e+02
2.69647155e+02
2.69928293e+02
2.69653719e+02
2.69296437e+02
2.69440258e+02
2.69459926e+02
2.69784055e+02
2.69532437e+02
2.69892782e+02
2.69560164e+02
2.69804278e+02
2.69678347e+02
2.69426562e+02
2.69402459e+02
2.69519705e+02
2.69390621e+02
