-2.2000e+02
0.0000e+00
0.0000e+00
0.0000e+00
0.0000e+00
0.0000e+00
0.0000e+00
0.0000e+00
0.0000e+00
0.0000e+00
0.0000e+00
0.0000e+00
0.0000e+00
0.0000e+00
0.0000e+00
0.0000e+00
0.0000e+00
0.0000e+00
0.0000e+00
0.0000e+00
0.0000e+00
0.0000e+00
0.0000e+00
0.0000e+00
0.0000e+00
0.0000e+00
0.0000e+00
0.0000e+00
0.0000e+00
0.0000e+00
0.0000e+00
0.0000e+00
0.0000e+00
0.0000e+00
0.0000e+00
0.0000e+00
-1.2000e+02
-6.4468e+00
-3.8669e+00
-2.9678e+00
-2.5581e+00
-2.2169e+00
-1.8338e+00
-1.5115e+00
-1.2535e+00
-1.0468e+00
-8.7981e-01
-7.4373e-01
-6.3186e-01
-5.3921e-01
-4.6199e-01
-3.9726e-01
-3.4274e-01
-2.9664e-01
-2.5749e-01
-2.2414e-01
-1.9565e-01
-1.7123e-01
-1.5025e-01
-1.3218e-01
-1.1657e-01
-1.0307e-01
-9.1362e-02
-8.1185e-02
-7.2322e-02
-6.4586e-02
-5.6419e-02
-5.0419e-02
-4.5536e-02
-4.1196e-02
-3.7353e-02
-3.3942e-02
-2.0000e+01
-5.5775e+00
-5.5613e+00
-5.6059e+00
-5.2992e+00
-4.6857e+00
-4.0392e+00
-3.4468e+00
-2.9291e+00
-2.4863e+00
-2.1112e+00
-1.7948e+00
-1.5283e+00
-1.3038e+00
-1.1145e+00
-9.5447e-01
-8.1905e-01
-7.0421e-01
-6.0663e-01
-5.2356e-01
-4.5271e-01
-3.9218e-01
-3.4037e-01
-2.9596e-01
-2.5784e-01
-2.2505e-01
-1.9681e-01
-1.7245e-01
-1.5142e-01
-1.3322e-01
-1.1484e-01
-1.0100e-01
-8.9764e-02
-7.9944e-02
-7.1349e-02
-6.3813e-02
-8.0615e-02
-2.2971e-01
-3.5012e-01
-4.3878e-01
-4.8643e-01
-4.9565e-01
-4.7647e-01
-4.4069e-01
-3.9760e-01
-3.5309e-01
-3.1042e-01
-2.7119e-01
-2.3599e-01
-2.0488e-01
-1.7764e-01
-1.5393e-01
-1.3338e-01
-1.1560e-01
-1.0025e-01
-8.6997e-02
-7.5563e-02
-6.5699e-02
-5.7186e-02
-4.9838e-02
-4.3492e-02
-3.8006e-02
-3.3264e-02
-2.9159e-02
-2.5604e-02
-2.2521e-02
-1.9609e-02
-1.7128e-02
-1.5145e-02
-1.3456e-02
-1.1987e-02
-1.0705e-02
-1.8673e-02
-8.6953e-02
-1.6427e-01
-2.3005e-01
-2.7425e-01
-2.9401e-01
-2.9300e-01
-2.7783e-01
-2.5492e-01
-2.2895e-01
-2.0281e-01
-1.7809e-01
-1.5551e-01
-1.3532e-01
-1.1751e-01
-1.0194e-01
-8.8386e-02
-7.6634e-02
-6.6466e-02
-5.7680e-02
-5.0092e-02
-4.3542e-02
-3.7887e-02
-3.3005e-02
-2.8787e-02
-2.5143e-02
-2.1991e-02
-1.9265e-02
-1.6903e-02
-1.4855e-02
-1.2865e-02
-1.1312e-02
-9.9870e-03
-8.8530e-03
-7.8740e-03
-7.0230e-03
-3.7202e-01
-1.5681e+00
-2.2407e+00
-2.4751e+00
-2.5077e+00
-2.4422e+00
-2.3282e+00
-2.1912e+00
-2.0454e+00
-1.8993e+00
-1.7577e+00
-1.6232e+00
-1.4972e+00
-1.3802e+00
-1.2723e+00
-1.1731e+00
-1.0822e+00
-9.9898e-01
-9.2296e-01
-8.5351e-01
-7.9006e-01
-7.3208e-01
-6.7907e-01
-6.3055e-01
-5.8612e-01
-5.4539e-01
-5.0801e-01
-4.7367e-01
-4.4209e-01
-4.1301e-01
-3.7565e-01
-3.4913e-01
-3.2823e-01
-3.0864e-01
-2.9038e-01
-2.7336e-01
-3.2200e-01
-1.3871e+00
-2.0051e+00
-2.2238e+00
-2.2580e+00
-2.2020e+00
-2.1006e+00
-1.9769e+00
-1.8445e+00
-1.7113e+00
-1.5820e+00
-1.4594e+00
-1.3447e+00
-1.2383e+00
-1.1404e+00
-1.0506e+00
-9.6838e-01
-8.9333e-01
-8.2484e-01
-7.6235e-01
-7.0533e-01
-6.5328e-01
-6.0573e-01
-5.6225e-01
-5.2246e-01
-4.8601e-01
-4.5257e-01
-4.2188e-01
-3.9366e-01
-3.6768e-01
-3.3405e-01
-3.1064e-01
-2.9218e-01
-2.7473e-01
-2.5842e-01
-2.4321e-01
-2.2579e-01
-9.3286e-01
-1.2849e+00
-1.3626e+00
-1.3363e+00
-1.2691e+00
-1.1856e+00
-1.0966e+00
-1.0077e+00
-9.2222e-01
-8.4196e-01
-7.6774e-01
-6.9978e-01
-6.3796e-01
-5.8194e-01
-5.3131e-01
-4.8562e-01
-4.4439e-01
-4.0720e-01
-3.7362e-01
-3.4329e-01
-3.1586e-01
-2.9103e-01
-2.6851e-01
-2.4808e-01
-2.2950e-01
-2.1259e-01
-1.9718e-01
-1.8310e-01
-1.7024e-01
-1.5521e-01
-1.4359e-01
-1.3400e-01
-1.2530e-01
-1.1733e-01
-1.0999e-01
-1.6903e-01
-7.7449e-01
-1.0550e+00
-1.0277e+00
-9.1732e-01
-8.0598e-01
-7.1041e-01
-6.2982e-01
-5.6101e-01
-5.0152e-01
-4.4966e-01
-4.0419e-01
-3.6418e-01
-3.2885e-01
-2.9758e-01
-2.6983e-01
-2.4516e-01
-2.2318e-01
-2.0355e-01
-1.8598e-01
-1.7023e-01
-1.5608e-01
-1.4335e-01
-1.3187e-01
-1.2149e-01
-1.1210e-01
-1.0359e-01
-9.5861e-02
-8.8827e-02
-8.2418e-02
-7.5050e-02
-6.9449e-02
-6.4690e-02
-6.0346e-02
-5.6382e-02
-5.2753e-02
-9.1046e-02
-1.8947e-01
-1.6945e-01
-1.3648e-01
-1.1153e-01
-9.3435e-02
-7.9801e-02
-6.8962e-02
-6.0060e-02
-5.2611e-02
-4.6303e-02
-4.0918e-02
-3.6290e-02
-3.2292e-02
-2.8825e-02
-2.5806e-02
-2.3167e-02
-2.0853e-02
-1.8819e-02
-1.7024e-02
-1.5438e-02
-1.4030e-02
-1.2778e-02
-1.1664e-02
-1.0667e-02
-9.7750e-03
-8.9750e-03
-8.2540e-03
-7.6050e-03
-7.0180e-03
-6.3690e-03
-5.8540e-03
-5.4270e-03
-5.0440e-03
-4.6960e-03
-4.3790e-03
