2.69973317e+02
4.99652148e+01
4.97907085e+01
4.98876200e+01
5.04787774e+01
5.05243374e+01
4.99848086e+01
4.98127289e+01
4.99448288e+01
5.00485915e+01
4.96040130e+01
5.01196375e+01
4.96557378e+01
5.00319324e+01
4.99487947e+01
5.05574014e+01
5.02591202e+01
5.01894515e+01
4.97529602e+01
5.01192961e+01
5.00357257e+01
5.00382229e+01
4.99305450e+01
4.96477788e+01
5.02116606e+01
5.01402522e+01
5.00791985e+01
4.99171748e+01
4.97385508e+01
5.02901648e+01
4.96175590e+01
5.00592332e+01
4.96164061e+01
4.98140206e+01
4.97267855e+01
5.00777754e+01
4.99293255e+01
2.69804014e+02
1.49557312e+02
1.43470867e+02
1.39353246e+02
1.36938381e+02
1.33960652e+02
1.32055269e+02
1.30488972e+02
1.28500877e+02
1.27080110e+02
1.26402254e+02
1.25565245e+02
1.24842429e+02
1.23856201e+02
1.23533769e+02
1.22948264e+02
1.22579300e+02
1.22465396e+02
1.22284137e+02
1.22277058e+02
1.21712189e+02
1.21265163e+02
1.21596753e+02
1.21306263e+02
1.20803893e+02
1.20928253e+02
1.20367598e+02
1.20546357e+02
1.20908945e+02
1.20398085e+02
1.20953919e+02
1.20671619e+02
1.20391328e+02
1.20255337e+02
1.20374075e+02
1.20483650e+02
1.20056570e+02
2.69944777e+02
2.50012959e+02
2.44633920e+02
2.38773040e+02
2.33488891e+02
2.28279877e+02
2.23858115e+02
2.19756115e+02
2.16206275e+02
2.13560423e+02
2.11303128e+02
2.09218293e+02
2.07045826e+02
2.05757792e+02
2.04658887e+02
2.03274180e+02
2.02667109e+02
2.01703214e+02
2.01192686e+02
2.00483899e+02
2.00175701e+02
1.99445528e+02
1.99221488e+02
1.99148636e+02
1.98352187e+02
1.98588047e+02
1.98022029e+02
1.97640073e+02
1.97972491e+02
1.97863171e+02
1.97116581e+02
1.97471270e+02
1.97316338e+02
1.97005255e+02
1.97100755e+02
1.97085513e+02
1.97050569e+02
2.69027543e+02
2.68396840e+02
2.68194973e+02
2.68006016e+02
2.67333807e+02
2.67001789e+02
2.66622919e+02
2.65770878e+02
2.65298412e+02
2.65008471e+02
2.64765523e+02
2.64039066e+02
2.63929724e+02
2.63689637e+02
2.63200056e+02
2.62966225e+02
2.62640542e+02
2.63043043e+02
2.62850061e+02
2.62191575e+02
2.62412000e+02
2.62184257e+02
2.62183692e+02
2.62119249e+02
2.62087585e+02
2.62205359e+02
2.61674546e+02
2.61890039e+02
2.61856206e+02
2.62066505e+02
2.61475986e+02
2.61933447e+02
2.61615671e+02
2.61767171e+02
2.61600917e+02
2.61950381e+02
2.61658438e+02
2.68423819e+02
2.68253662e+02
2.68112843e+02
2.68088466e+02
2.67777593e+02
2.67468910e+02
2.67222023e+02
2.66971372e+02
2.66495212e+02
2.65620852e+02
2.65855712e+02
2.65875869e+02
2.65621096e+02
2.65379347e+02
2.65193245e+02
2.64612994e+02
2.64742615e+02
2.64390962e+02
2.64959592e+02
2.64729328e+02
2.64578552e+02
2.64353437e+02
2.64050183e+02
2.64479352e+02
2.64024685e+02
2.64406773e+02
2.64141288e+02
2.64069437e+02
2.64296723e+02
2.63863315e+02
2.63888369e+02
2.64061160e+02
2.64265327e+02
2.64432024e+02
2.63950278e+02
2.64252799e+02
2.64202242e+02
2.70360554e+02
2.70153066e+02
2.68252134e+02
2.65661380e+02
2.63510669e+02
2.60463355e+02
2.58392226e+02
2.55682716e+02
2.53548464e+02
2.51375546e+02
2.49767243e+02
2.48280803e+02
2.46043694e+02
2.44987425e+02
2.43296059e+02
2.42383366e+02
2.41288714e+02
2.40722213e+02
2.39083711e+02
2.38695285e+02
2.38035847e+02
2.36555176e+02
2.36512889e+02
2.35359751e+02
2.35081562e+02
2.34626097e+02
2.34052220e+02
2.33775979e+02
2.33345036e+02
2.32617383e+02
2.32190721e+02
2.31704920e+02
2.31568306e+02
2.31517786e+02
2.31019053e+02
2.31206112e+02
2.30507505e+02
2.71031601e+02
2.70280464e+02
2.69034352e+02
2.67304019e+02
2.64768589e+02
2.62352840e+02
2.60285815e+02
2.58301033e+02
2.56312642e+02
2.54246376e+02
2.52868194e+02
2.51415579e+02
2.50154611e+02
2.48561484e+02
2.47607130e+02
2.46349895e+02
2.45011427e+02
2.44133593e+02
2.43539891e+02
2.42251226e+02
2.41999974e+02
2.41216827e+02
2.40362088e+02
2.39872555e+02
2.39648824e+02
2.39249240e+02
2.38808045e+02
2.37770582e+02
2.37989165e+02
2.37431646e+02
2.37143924e+02
2.36646440e+02
2.36227065e+02
2.36246153e+02
2.35913368e+02
2.35397474e+02
2.35138929e+02
2.70677405e+02
2.70684231e+02
2.69543526e+02
2.68433162e+02
2.67082237e+02
2.65760872e+02
2.64877431e+02
2.63556060e+02
2.62866572e+02
2.61352737e+02
2.60384394e+02
2.59475815e+02
2.58860768e+02
2.58149780e+02
2.57825979e+02
2.57021210e+02
2.56417364e+02
2.55795518e+02
2.55621966e+02
2.55024995e+02
2.55125699e+02
2.54311359e+02
2.54145166e+02
2.53934216e+02
2.53617907e+02
2.53118767e+02
2.53003615e+02
2.52961793e+02
2.52972847e+02
2.52817537e+02
2.52242492e+02
2.52172826e+02
2.52144359e+02
2.51853531e+02
2.51912747e+02
2.51578675e+02
2.51706833e+02
2.71173695e+02
2.70683332e+02
2.69791492e+02
2.68792999e+02
2.68114879e+02
2.67284450e+02
2.66687057e+02
2.65557178e+02
2.65167449e+02
2.64623394e+02
2.64040287e+02
2.63808959e+02
2.63375773e+02
2.62716289e+02
2.62516656e+02
2.62193097e+02
2.62163775e+02
2.61543667e+02
2.61610798e+02
2.61435337e+02
2.60859686e+02
2.60760584e+02
2.61036528e+02
2.60528883e+02
2.60439361e+02
2.60372534e+02
2.60313442e+02
2.60192118e+02
2.59721281e+02
2.59823388e+02
2.59496730e+02
2.59119015e+02
2.59802771e+02
2.59467242e+02
2.59303744e+02
2.59440885e+02
2.59531418e+02
2.70694415e+02
2.70840239e+02
2.70974579e+02
2.70394115e+02
2.70562743e+02
2.70317644e+02
2.70261853e+02
2.70173063e+02
2.70336217e+02
2.69572878e+02
2.69930237e+02
2.70175909e+02
2.69487254e+02
2.69742983e+02
2.69860965e+02
2.69826424e+02
2.69895746e+02
2.70123578e+02
2.69747540e+02
2.69979674e+02
2.69841097e+02
2.69881135e+02
2.69496337e+02
2.69903270e+02
2.69884107e+02
2.69702189e+02
2.69601907e+02
2.69961884e+02
2.69450815e+02
2.69530961e+02
2.69286817e+02
2.69581653e+02
2.69688852e+02
2.69465299e+02
2.69985943e+02
2.69609479e+02
2.69460056e+02
