-2.2000e+02
0.0000e+00
0.0000e+00
0.0000e+00
0.0000e+00
0.0000e+00
0.0000e+00
0.0000e+00
0.0000e+00
0.0000e+00
0.0000e+00
0.0000e+00
0.0000e+00
0.0000e+00
0.0000e+00
0.0000e+00
0.0000e+00
0.0000e+00
0.0000e+00
0.0000e+00
0.0000e+00
0.0000e+00
0.0000e+00
0.0000e+00
0.0000e+00
0.0000e+00
0.0000e+00
0.0000e+00
0.0000e+00
0.0000e+00
0.0000e+00
0.0000e+00
0.0000e+00
0.0000e+00
0.0000e+00
0.0000e+00
-1.2000e+02
-6.1474e+00
-3.8068e+00
-2.9437e+00
-2.5140e+00
-2.1176e+00
-1.8099e+00
-1.5018e+00
-1.2486e+00
-1.0441e+00
-8.7841e-01
-7.4301e-01
-6.3152e-01
-5.3908e-01
-4.6196e-01
-3.9727e-01
-3.4277e-01
-2.9665e-01
-2.5749e-01
-2.2412e-01
-1.9560e-01
-1.7116e-01
-1.5015e-01
-1.3206e-01
-1.1643e-01
-1.0290e-01
-9.1156e-02
-8.0946e-02
-7.2045e-02
-6.4271e-02
-5.7464e-02
-4.9560e-02
-4.4783e-02
-4.0466e-02
-3.6619e-02
-3.3195e-02
-2.0000e+01
-5.5989e+00
-5.5863e+00
-5.6193e+00
-5.3036e+00
-4.6808e+00
-4.0245e+00
-3.4292e+00
-2.9122e+00
-2.4712e+00
-2.0980e+00
-1.7833e+00
-1.5183e+00
-1.2950e+00
-1.1066e+00
-9.4738e-01
-8.1261e-01
-6.9832e-01
-6.0123e-01
-5.1859e-01
-4.4814e-01
-3.8797e-01
-3.3651e-01
-2.9242e-01
-2.5460e-01
-2.2209e-01
-1.9411e-01
-1.7000e-01
-1.4918e-01
-1.3117e-01
-1.1559e-01
-9.8546e-02
-8.7591e-02
-7.8005e-02
-6.9606e-02
-6.2233e-02
-7.5748e-02
-2.3125e-01
-3.5891e-01
-4.5441e-01
-5.0619e-01
-5.1671e-01
-4.9684e-01
-4.5923e-01
-4.1388e-01
-3.6710e-01
-3.2235e-01
-2.8128e-01
-2.4448e-01
-2.1200e-01
-1.8359e-01
-1.5890e-01
-1.3751e-01
-1.1903e-01
-1.0309e-01
-8.9351e-02
-7.7514e-02
-6.7315e-02
-5.8529e-02
-5.0956e-02
-4.4424e-02
-3.8788e-02
-3.3921e-02
-2.9715e-02
-2.6075e-02
-2.2924e-02
-2.0190e-02
-1.7461e-02
-1.5335e-02
-1.3596e-02
-1.2104e-02
-1.0805e-02
-1.6489e-02
-8.6380e-02
-1.6772e-01
-2.3804e-01
-2.8576e-01
-3.0729e-01
-3.0651e-01
-2.9057e-01
-2.6636e-01
-2.3894e-01
-2.1139e-01
-1.8538e-01
-1.6167e-01
-1.4050e-01
-1.2186e-01
-1.0557e-01
-9.1417e-02
-7.9157e-02
-6.8565e-02
-5.9424e-02
-5.1541e-02
-4.4747e-02
-3.8890e-02
-3.3842e-02
-2.9487e-02
-2.5730e-02
-2.2486e-02
-1.9683e-02
-1.7259e-02
-1.5160e-02
-1.3341e-02
-1.1468e-02
-1.0151e-02
-8.9780e-03
-7.9760e-03
-7.1090e-03
-2.5623e-01
-1.4520e+00
-2.1743e+00
-2.4538e+00
-2.5159e+00
-2.4665e+00
-2.3596e+00
-2.2253e+00
-2.0801e+00
-1.9332e+00
-1.7900e+00
-1.6536e+00
-1.5255e+00
-1.4062e+00
-1.2957e+00
-1.1939e+00
-1.1003e+00
-1.0144e+00
-9.3559e-01
-8.6332e-01
-7.9705e-01
-7.3627e-01
-6.8050e-01
-6.2930e-01
-5.8226e-01
-5.3902e-01
-4.9924e-01
-4.6262e-01
-4.2888e-01
-3.9777e-01
-3.6908e-01
-3.2855e-01
-3.0575e-01
-2.8511e-01
-2.6591e-01
-2.4805e-01
-2.7680e-01
-1.4400e+00
-2.0914e+00
-2.3086e+00
-2.3320e+00
-2.2636e+00
-2.1508e+00
-2.0187e+00
-1.8800e+00
-1.7421e+00
-1.6092e+00
-1.4837e+00
-1.3664e+00
-1.2578e+00
-1.1577e+00
-1.0658e+00
-9.8144e-01
-9.0422e-01
-8.3353e-01
-7.6882e-01
-7.0956e-01
-6.5527e-01
-6.0550e-01
-5.5983e-01
-5.1791e-01
-4.7939e-01
-4.4397e-01
-4.1137e-01
-3.8135e-01
-3.5368e-01
-3.2815e-01
-2.9140e-01
-2.7173e-01
-2.5362e-01
-2.3661e-01
-2.2072e-01
-2.5441e-01
-9.9221e-01
-1.3480e+00
-1.4233e+00
-1.3939e+00
-1.3227e+00
-1.2346e+00
-1.1413e+00
-1.0487e+00
-9.5990e-01
-8.7676e-01
-8.0002e-01
-7.2984e-01
-6.6602e-01
-6.0817e-01
-5.5583e-01
-5.0849e-01
-4.6568e-01
-4.2693e-01
-3.9182e-01
-3.5997e-01
-3.3105e-01
-3.0474e-01
-2.8078e-01
-2.5892e-01
-2.3896e-01
-2.2071e-01
-2.0400e-01
-1.8868e-01
-1.7462e-01
-1.6171e-01
-1.4520e-01
-1.3465e-01
-1.2494e-01
-1.1611e-01
-1.0801e-01
-1.9214e-01
-8.3090e-01
-1.1137e+00
-1.0782e+00
-9.6157e-01
-8.4608e-01
-7.4717e-01
-6.6403e-01
-5.9308e-01
-5.3161e-01
-4.7787e-01
-4.3065e-01
-3.8899e-01
-3.5213e-01
-3.1943e-01
-2.9033e-01
-2.6437e-01
-2.4116e-01
-2.2034e-01
-2.0162e-01
-1.8476e-01
-1.6953e-01
-1.5574e-01
-1.4324e-01
-1.3188e-01
-1.2154e-01
-1.1212e-01
-1.0351e-01
-9.5638e-02
-8.8431e-02
-8.1822e-02
-7.3538e-02
-6.8310e-02
-6.3312e-02
-5.8741e-02
-5.4564e-02
-1.0063e-01
-2.0132e-01
-1.7676e-01
-1.4136e-01
-1.1521e-01
-9.6322e-02
-8.2165e-02
-7.1029e-02
-6.1899e-02
-5.4260e-02
-4.7789e-02
-4.2263e-02
-3.7517e-02
-3.3416e-02
-2.9858e-02
-2.6759e-02
-2.4047e-02
-2.1668e-02
-1.9570e-02
-1.7717e-02
-1.6073e-02
-1.4611e-02
-1.3307e-02
-1.2140e-02
-1.1095e-02
-1.0153e-02
-9.3060e-03
-8.5400e-03
-7.8480e-03
-7.2180e-03
-6.6480e-03
-5.9620e-03
-5.4960e-03
-5.0750e-03
-4.6940e-03
-4.3490e-03
