-2.2000e+02
0.0000e+00
0.0000e+00
0.0000e+00
0.0000e+00
0.0000e+00
0.0000e+00
0.0000e+00
0.0000e+00
0.0000e+00
0.0000e+00
0.0000e+00
0.0000e+00
0.0000e+00
0.0000e+00
0.0000e+00
0.0000e+00
0.0000e+00
0.0000e+00
0.0000e+00
0.0000e+00
0.0000e+00
0.0000e+00
0.0000e+00
0.0000e+00
0.0000e+00
0.0000e+00
0.0000e+00
0.0000e+00
0.0000e+00
0.0000e+00
0.0000e+00
0.0000e+00
0.0000e+00
0.0000e+00
0.0000e+00
-1.2000e+02
-6.3679e+00
-3.8383e+00
-2.9432e+00
-2.5179e+00
-2.1833e+00
-1.8187e+00
-1.5019e+00
-1.2471e+00
-1.0429e+00
-8.7789e-01
-7.4342e-01
-6.3288e-01
-5.4132e-01
-4.6500e-01
-4.0100e-01
-3.4707e-01
-3.0141e-01
-2.6262e-01
-2.2952e-01
-2.0120e-01
-1.7689e-01
-1.5596e-01
-1.3788e-01
-1.2224e-01
-1.0866e-01
-9.6852e-02
-8.6550e-02
-7.7546e-02
-6.9654e-02
-6.2723e-02
-5.6621e-02
-5.1236e-02
-4.6473e-02
-4.1524e-02
-3.7276e-02
-2.0000e+01
-5.5157e+00
-5.5493e+00
-5.5985e+00
-5.2966e+00
-4.6836e+00
-4.0360e+00
-3.4439e+00
-2.9273e+00
-2.4858e+00
-2.1121e+00
-1.7970e+00
-1.5318e+00
-1.3083e+00
-1.1198e+00
-9.6052e-01
-8.2568e-01
-7.1129e-01
-6.1405e-01
-5.3123e-01
-4.6054e-01
-4.0010e-01
-3.4833e-01
-3.0390e-01
-2.6570e-01
-2.3280e-01
-2.0442e-01
-1.7990e-01
-1.5868e-01
-1.4027e-01
-1.2429e-01
-1.1038e-01
-9.8258e-02
-8.7676e-02
-7.7244e-02
-6.8326e-02
-8.1464e-02
-2.3525e-01
-3.6345e-01
-4.6033e-01
-5.1446e-01
-5.2755e-01
-5.0973e-01
-4.7340e-01
-4.2857e-01
-3.8170e-01
-3.3645e-01
-2.9463e-01
-2.5697e-01
-2.2359e-01
-1.9429e-01
-1.6875e-01
-1.4656e-01
-1.2735e-01
-1.1072e-01
-9.6350e-02
-8.3934e-02
-7.3205e-02
-6.3933e-02
-5.5916e-02
-4.8980e-02
-4.2975e-02
-3.7771e-02
-3.3258e-02
-2.9340e-02
-2.5935e-02
-2.2970e-02
-2.0388e-02
-1.8135e-02
-1.6166e-02
-1.4348e-02
-1.2666e-02
-1.8982e-02
-8.8977e-02
-1.7016e-01
-2.4089e-01
-2.8968e-01
-3.1273e-01
-3.1343e-01
-2.9858e-01
-2.7502e-01
-2.4780e-01
-2.2013e-01
-1.9378e-01
-1.6960e-01
-1.4792e-01
-1.2874e-01
-1.1193e-01
-9.7272e-02
-8.4543e-02
-7.3512e-02
-6.3965e-02
-5.5710e-02
-4.8572e-02
-4.2401e-02
-3.7065e-02
-3.2447e-02
-2.8449e-02
-2.4986e-02
-2.1983e-02
-1.9377e-02
-1.7112e-02
-1.5142e-02
-1.3427e-02
-1.1931e-02
-1.0624e-02
-9.3750e-03
-8.3220e-03
-1.1658e+00
-2.4980e+00
-2.9000e+00
-2.8972e+00
-2.7716e+00
-2.6061e+00
-2.4307e+00
-2.2564e+00
-2.0885e+00
-1.9298e+00
-1.7817e+00
-1.6445e+00
-1.5182e+00
-1.4022e+00
-1.2959e+00
-1.1987e+00
-1.1097e+00
-1.0283e+00
-9.5378e-01
-8.8553e-01
-8.2297e-01
-7.6556e-01
-7.1281e-01
-6.6430e-01
-6.1964e-01
-5.7847e-01
-5.4047e-01
-5.0536e-01
-4.7289e-01
-4.4282e-01
-4.1495e-01
-3.8909e-01
-3.6508e-01
-3.4276e-01
-3.1594e-01
-2.9139e-01
-4.2437e-01
-1.3810e+00
-2.0471e+00
-2.3445e+00
-2.4256e+00
-2.3887e+00
-2.2901e+00
-2.1615e+00
-2.0207e+00
-1.8779e+00
-1.7389e+00
-1.6069e+00
-1.4833e+00
-1.3688e+00
-1.2634e+00
-1.1666e+00
-1.0780e+00
-9.9691e-01
-9.2281e-01
-8.5506e-01
-7.9307e-01
-7.3632e-01
-6.8431e-01
-6.3659e-01
-5.9276e-01
-5.5245e-01
-5.1534e-01
-4.8114e-01
-4.4957e-01
-4.2041e-01
-3.9343e-01
-3.6845e-01
-3.4530e-01
-3.2382e-01
-2.9890e-01
-2.7557e-01
-2.4258e-01
-9.2626e-01
-1.2619e+00
-1.3458e+00
-1.3372e+00
-1.2888e+00
-1.2208e+00
-1.1434e+00
-1.0626e+00
-9.8262e-01
-9.0581e-01
-8.3357e-01
-7.6650e-01
-7.0474e-01
-6.4818e-01
-5.9655e-01
-5.4950e-01
-5.0665e-01
-4.6763e-01
-4.3209e-01
-3.9969e-01
-3.7013e-01
-3.4312e-01
-3.1843e-01
-2.9581e-01
-2.7508e-01
-2.5605e-01
-2.3855e-01
-2.2246e-01
-2.0762e-01
-1.9394e-01
-1.8130e-01
-1.6962e-01
-1.5881e-01
-1.4639e-01
-1.3519e-01
-1.7627e-01
-7.4755e-01
-9.9982e-01
-9.7259e-01
-8.7627e-01
-7.8151e-01
-7.0065e-01
-6.3202e-01
-5.7252e-01
-5.2010e-01
-4.7352e-01
-4.3191e-01
-3.9463e-01
-3.6115e-01
-3.3103e-01
-3.0389e-01
-2.7938e-01
-2.5721e-01
-2.3712e-01
-2.1890e-01
-2.0233e-01
-1.8724e-01
-1.7348e-01
-1.6091e-01
-1.4942e-01
-1.3889e-01
-1.2923e-01
-1.2035e-01
-1.1219e-01
-1.0468e-01
-9.7748e-02
-9.1351e-02
-8.5439e-02
-7.9970e-02
-7.3696e-02
-6.8012e-02
-8.4266e-02
-1.6581e-01
-1.4513e-01
-1.1650e-01
-9.5694e-02
-8.0839e-02
-6.9726e-02
-6.0889e-02
-5.3589e-02
-4.7437e-02
-4.2188e-02
-3.7670e-02
-3.3757e-02
-3.0349e-02
-2.7367e-02
-2.4748e-02
-2.2439e-02
-2.0396e-02
-1.8583e-02
-1.6968e-02
-1.5526e-02
-1.4235e-02
-1.3076e-02
-1.2032e-02
-1.1090e-02
-1.0238e-02
-9.4670e-03
-8.7650e-03
-8.1270e-03
-7.5450e-03
-7.0130e-03
-6.5260e-03
-6.0800e-03
-5.6700e-03
-5.2140e-03
-4.7950e-03
