2.70061195e+02
5.02330974e+01
5.04679023e+01
4.96662297e+01
4.99222301e+01
4.99074373e+01
5.03919990e+01
4.99772380e+01
5.03442047e+01
5.03058160e+01
5.01141235e+01
5.00891053e+01
4.98659900e+01
4.99807359e+01
4.96149791e+01
4.97273198e+01
4.98815781e+01
5.02314994e+01
4.99179025e+01
4.97778215e+01
4.95861892e+01
5.00859091e+01
5.02233686e+01
4.98922559e+01
4.98093153e+01
5.00683279e+01
5.00067165e+01
5.03805771e+01
5.00537414e+01
5.00604364e+01
4.99174684e+01
5.02314208e+01
5.01803604e+01
5.01072837e+01
4.98897120e+01
4.99594245e+01
5.00881178e+01
2.69901354e+02
1.50180911e+02
1.43295866e+02
1.39396877e+02
1.36647949e+02
1.33940045e+02
1.31675118e+02
1.30332487e+02
1.27934453e+02
1.27008550e+02
1.26359441e+02
1.25439999e+02
1.24389774e+02
1.24094304e+02
1.23676949e+02
1.23032729e+02
1.22604865e+02
1.22348271e+02
1.21988539e+02
1.21979802e+02
1.21681616e+02
1.21296482e+02
1.20870204e+02
1.20778473e+02
1.20791512e+02
1.20990222e+02
1.20482666e+02
1.20514125e+02
1.20536410e+02
1.20490848e+02
1.20401137e+02
1.20295650e+02
1.20149076e+02
1.20112632e+02
1.19737252e+02
1.20569619e+02
1.19709238e+02
2.70036852e+02
2.49748217e+02
2.44340966e+02
2.38856453e+02
2.33371942e+02
2.27880918e+02
2.23402714e+02
2.19731742e+02
2.16102095e+02
2.13316698e+02
2.10759953e+02
2.08660929e+02
2.06963076e+02
2.05491757e+02
2.04260258e+02
2.02871588e+02
2.02272094e+02
2.01363784e+02
2.00660771e+02
2.00402577e+02
1.99743758e+02
1.99752825e+02
1.98791564e+02
1.98709131e+02
1.98105058e+02
1.98133630e+02
1.98018243e+02
1.97522906e+02
1.97576397e+02
1.97305327e+02
1.96759704e+02
1.96811361e+02
1.96888568e+02
1.96502162e+02
1.97080716e+02
1.96784399e+02
1.96707498e+02
2.68731540e+02
2.68603472e+02
2.68295513e+02
2.67679637e+02
2.67198345e+02
2.66865367e+02
2.66524698e+02
2.65887725e+02
2.65390130e+02
2.65313250e+02
2.64645140e+02
2.64283820e+02
2.64104343e+02
2.64022794e+02
2.63584131e+02
2.63082931e+02
2.63143396e+02
2.62941607e+02
2.62928129e+02
2.62650556e+02
2.62770249e+02
2.62604843e+02
2.62232680e+02
2.62527123e+02
2.62233423e+02
2.62309745e+02
2.62641316e+02
2.62616331e+02
2.62407376e+02
2.62426166e+02
2.62034032e+02
2.61843374e+02
2.62329132e+02
2.62341142e+02
2.62153667e+02
2.62430539e+02
2.62415437e+02
2.68436731e+02
2.68308368e+02
2.68317871e+02
2.68010929e+02
2.67483742e+02
2.68093848e+02
2.67007685e+02
2.66775659e+02
2.66545570e+02
2.65887747e+02
2.66172708e+02
2.65894866e+02
2.65555254e+02
2.65348390e+02
2.65014150e+02
2.64825117e+02
2.64698600e+02
2.64760966e+02
2.64776778e+02
2.64276298e+02
2.64572140e+02
2.64290496e+02
2.64611275e+02
2.64300837e+02
2.64559653e+02
2.64394362e+02
2.64237378e+02
2.64056298e+02
2.64254378e+02
2.64006853e+02
2.64575203e+02
2.63992272e+02
2.63796638e+02
2.63953501e+02
2.64427531e+02
2.64250530e+02
2.63828688e+02
2.67437790e+02
2.67296941e+02
2.65930780e+02
2.64130597e+02
2.61647557e+02
2.59314472e+02
2.56843036e+02
2.54252238e+02
2.51990622e+02
2.50523691e+02
2.48216569e+02
2.46311796e+02
2.45213384e+02
2.43275038e+02
2.42676625e+02
2.41287500e+02
2.40271660e+02
2.39135872e+02
2.37692456e+02
2.37061963e+02
2.36184597e+02
2.35269626e+02
2.35270806e+02
2.34507524e+02
2.33510568e+02
2.33380045e+02
2.32730418e+02
2.32306830e+02
2.31471570e+02
2.31452741e+02
2.31283779e+02
2.30672563e+02
2.30689213e+02
2.29895567e+02
2.29729274e+02
2.29629819e+02
2.29465658e+02
2.67580406e+02
2.67690553e+02
2.66329739e+02
2.64202060e+02
2.61854191e+02
2.59461733e+02
2.57590968e+02
2.55368715e+02
2.53792408e+02
2.51788911e+02
2.50043899e+02
2.48462584e+02
2.47000798e+02
2.45721534e+02
2.44736627e+02
2.43460347e+02
2.42574413e+02
2.41493406e+02
2.40536661e+02
2.40112511e+02
2.39165199e+02
2.38674212e+02
2.37913158e+02
2.37681045e+02
2.36670719e+02
2.36737598e+02
2.35882883e+02
2.35564356e+02
2.35053531e+02
2.35111398e+02
2.34707399e+02
2.34339867e+02
2.34336376e+02
2.33975175e+02
2.33849970e+02
2.33470412e+02
2.33276400e+02
2.69981613e+02
2.69934824e+02
2.68981361e+02
2.67786811e+02
2.66320928e+02
2.65145779e+02
2.63412582e+02
2.62714776e+02
2.61347389e+02
2.59964583e+02
2.59508003e+02
2.58398333e+02
2.57648441e+02
2.57172269e+02
2.56051437e+02
2.55524312e+02
2.55478962e+02
2.54861243e+02
2.54753237e+02
2.54245280e+02
2.53676243e+02
2.53498974e+02
2.52923309e+02
2.52570326e+02
2.52268620e+02
2.52157454e+02
2.52150550e+02
2.52234110e+02
2.51780057e+02
2.51672361e+02
2.51668005e+02
2.51075141e+02
2.50857900e+02
2.51462511e+02
2.51203946e+02
2.50703518e+02
2.50860700e+02
2.70576961e+02
2.70357106e+02
2.69244092e+02
2.68331624e+02
2.67680301e+02
2.66698373e+02
2.65806021e+02
2.65072005e+02
2.64449919e+02
2.63950882e+02
2.63550021e+02
2.63064484e+02
2.63194895e+02
2.62187072e+02
2.61964465e+02
2.61342551e+02
2.61684320e+02
2.60999342e+02
2.61038780e+02
2.60610926e+02
2.60071781e+02
2.60519438e+02
2.59827626e+02
2.59935278e+02
2.60064043e+02
2.59619342e+02
2.59685229e+02
2.59599105e+02
2.59654435e+02
2.59256152e+02
2.59182946e+02
2.59162227e+02
2.59114156e+02
2.58883301e+02
2.59167440e+02
2.58945753e+02
2.58476158e+02
2.70835718e+02
2.70565477e+02
2.70163901e+02
2.70512236e+02
2.70385529e+02
2.70142986e+02
2.70119351e+02
2.69939359e+02
2.69884566e+02
2.70033844e+02
2.70033432e+02
2.69843999e+02
2.69634121e+02
2.69790815e+02
2.69605865e+02
2.69855069e+02
2.69249033e+02
2.69591875e+02
2.69831023e+02
2.69462075e+02
2.69663952e+02
2.69498191e+02
2.69405891e+02
2.69608850e+02
2.69904268e+02
2.69523650e+02
2.69369342e+02
2.69508644e+02
2.69476003e+02
2.69493775e+02
2.69709521e+02
2.69354381e+02
2.69419213e+02
2.69673574e+02
2.69404371e+02
2.69419909e+02
2.69748747e+02
