2.70149204e+02
5.01548107e+01
4.97263163e+01
4.98143732e+01
4.98344268e+01
5.00402282e+01
5.00649173e+01
5.00282488e+01
5.01730687e+01
5.02543114e+01
5.02643165e+01
5.01586326e+01
5.00422594e+01
5.00827019e+01
4.98008672e+01
4.99226649e+01
5.03372026e+01
4.95303064e+01
5.00650733e+01
5.00653112e+01
5.01545263e+01
5.01101078e+01
4.97680713e+01
4.96950074e+01
4.99978317e+01
5.00560871e+01
4.98668679e+01
4.95197711e+01
5.00592898e+01
5.01028024e+01
4.98773059e+01
4.98934413e+01
4.98115123e+01
4.99645823e+01
5.02492964e+01
4.98907671e+01
4.99647063e+01
2.70188574e+02
1.49617285e+02
1.43700033e+02
1.39556213e+02
1.36476043e+02
1.34251205e+02
1.32105859e+02
1.30765732e+02
1.28798553e+02
1.27601772e+02
1.26597232e+02
1.25690046e+02
1.24701268e+02
1.24175636e+02
1.23518449e+02
1.23171560e+02
1.23035975e+02
1.22306155e+02
1.22354222e+02
1.22021633e+02
1.21547689e+02
1.21692926e+02
1.21287608e+02
1.21426573e+02
1.21312898e+02
1.20936875e+02
1.20571989e+02
1.21012484e+02
1.21064086e+02
1.20471378e+02
1.20492487e+02
1.20128740e+02
1.20596881e+02
1.20529672e+02
1.20503391e+02
1.20182808e+02
1.19883572e+02
2.70186366e+02
2.50067288e+02
2.44583021e+02
2.39559582e+02
2.33111418e+02
2.27898256e+02
2.23378833e+02
2.19049529e+02
2.15736306e+02
2.12845391e+02
2.10511135e+02
2.08539902e+02
2.06455456e+02
2.05168314e+02
2.03291247e+02
2.02825930e+02
2.01794872e+02
2.00467992e+02
2.00008075e+02
1.99845671e+02
1.98698456e+02
1.98183859e+02
1.98285754e+02
1.98011795e+02
1.98000417e+02
1.97467935e+02
1.96968419e+02
1.96693027e+02
1.96263603e+02
1.96415089e+02
1.96422325e+02
1.96147900e+02
1.95913495e+02
1.95637675e+02
1.95631574e+02
1.95740668e+02
1.95783916e+02
2.68831595e+02
2.68321198e+02
2.68484418e+02
2.67794694e+02
2.67828866e+02
2.67355402e+02
2.66669683e+02
2.66001734e+02
2.65688838e+02
2.65643394e+02
2.65045457e+02
2.64507044e+02
2.64093477e+02
2.63837139e+02
2.63818331e+02
2.63043051e+02
2.63052517e+02
2.63225265e+02
2.62766321e+02
2.62886590e+02
2.62410303e+02
2.62811083e+02
2.62502375e+02
2.62833063e+02
2.62864492e+02
2.62009894e+02
2.62555355e+02
2.62412771e+02
2.62404226e+02
2.62486718e+02
2.62162694e+02
2.62126719e+02
2.61944103e+02
2.62076262e+02
2.62423240e+02
2.61835534e+02
2.62105618e+02
2.68209065e+02
2.68192970e+02
2.68048597e+02
2.68196844e+02
2.67979787e+02
2.67396947e+02
2.67307109e+02
2.67001208e+02
2.66516096e+02
2.66391085e+02
2.66237684e+02
2.66172493e+02
2.65534297e+02
2.65560666e+02
2.65257426e+02
2.65231502e+02
2.64854627e+02
2.64942252e+02
2.65485003e+02
2.64895536e+02
2.64810659e+02
2.64992453e+02
2.64623305e+02
2.64597717e+02
2.64625244e+02
2.64287255e+02
2.64329122e+02
2.64522347e+02
2.64339341e+02
2.64669932e+02
2.64451512e+02
2.64746487e+02
2.64559499e+02
2.64485777e+02
2.64647490e+02
2.64165723e+02
2.64612312e+02
2.75568181e+02
2.74511302e+02
2.71516922e+02
2.68966140e+02
2.65877603e+02
2.62828432e+02
2.60498507e+02
2.58487409e+02
2.56571019e+02
2.54007918e+02
2.52561547e+02
2.50071565e+02
2.48744514e+02
2.46764817e+02
2.45814714e+02
2.44237411e+02
2.43545152e+02
2.41887452e+02
2.41017050e+02
2.40052826e+02
2.39403922e+02
2.38543703e+02
2.37411907e+02
2.36951190e+02
2.36613437e+02
2.35418989e+02
2.35146081e+02
2.34391641e+02
2.34524646e+02
2.33065403e+02
2.33300370e+02
2.32636258e+02
2.32681678e+02
2.32018266e+02
2.31722836e+02
2.31051834e+02
2.31268349e+02
2.74708050e+02
2.74737809e+02
2.73153339e+02
2.71152004e+02
2.68723405e+02
2.66394844e+02
2.63878844e+02
2.61805236e+02
2.59268741e+02
2.57206037e+02
2.55799183e+02
2.53431086e+02
2.52419386e+02
2.50602889e+02
2.49324316e+02
2.47992717e+02
2.46831364e+02
2.45908371e+02
2.45047653e+02
2.43609722e+02
2.43089975e+02
2.42459484e+02
2.41432512e+02
2.40851169e+02
2.40211347e+02
2.39392315e+02
2.39323631e+02
2.38797989e+02
2.37902529e+02
2.37514428e+02
2.37102073e+02
2.36957387e+02
2.36377423e+02
2.35974660e+02
2.35812914e+02
2.35908187e+02
2.35135061e+02
2.72933500e+02
2.72309772e+02
2.71452683e+02
2.70016025e+02
2.69360369e+02
2.67420298e+02
2.66269585e+02
2.64992797e+02
2.63725691e+02
2.62733571e+02
2.61541115e+02
2.60900703e+02
2.60402587e+02
2.59286814e+02
2.58442561e+02
2.58029079e+02
2.57455400e+02
2.56810725e+02
2.56512576e+02
2.56024841e+02
2.55401135e+02
2.54527058e+02
2.54671120e+02
2.54196107e+02
2.53928200e+02
2.53580394e+02
2.53401741e+02
2.53294187e+02
2.52715088e+02
2.52673185e+02
2.52325552e+02
2.52369172e+02
2.51958333e+02
2.51416498e+02
2.51754303e+02
2.51502548e+02
2.51601523e+02
2.71693879e+02
2.71864651e+02
2.71015323e+02
2.69806815e+02
2.69113757e+02
2.67924168e+02
2.67258045e+02
2.66356510e+02
2.65930943e+02
2.65010445e+02
2.65098839e+02
2.64477883e+02
2.64149219e+02
2.63518409e+02
2.62826564e+02
2.62753214e+02
2.62508984e+02
2.62009001e+02
2.61776809e+02
2.61899503e+02
2.61357181e+02
2.61407005e+02
2.61288927e+02
2.60631683e+02
2.60809829e+02
2.60644865e+02
2.60314372e+02
2.60602188e+02
2.60021622e+02
2.59817627e+02
2.60047396e+02
2.59658098e+02
2.59921497e+02
2.59435729e+02
2.59336209e+02
2.59589431e+02
2.59746378e+02
2.70835819e+02
2.70885148e+02
2.70491402e+02
2.70504243e+02
2.70492555e+02
2.69965254e+02
2.70324131e+02
2.69978405e+02
2.70241593e+02
2.69787870e+02
2.70102261e+02
2.70054295e+02
2.69688052e+02
2.70013438e+02
2.69651536e+02
2.69936008e+02
2.70094555e+02
2.69503158e+02
2.69652909e+02
2.69971129e+02
2.69397769e+02
2.69967179e+02
2.69796753e+02
2.69456442e+02
2.69754650e+02
2.69877538e+02
2.69558001e+02
2.69647121e+02
2.69566871e+02
2.69739695e+02
2.69283859e+02
2.69972307e+02
2.69376328e+02
2.69675643e+02
2.69772570e+02
2.69751273e+02
2.69825888e+02
