2.70000000e+02
5.00000000e+01
5.00000000e+01
5.00000000e+01
5.00000000e+01
5.00000000e+01
5.00000000e+01
5.00000000e+01
5.00000000e+01
5.00000000e+01
5.00000000e+01
5.00000000e+01
5.00000000e+01
5.00000000e+01
5.00000000e+01
5.00000000e+01
5.00000000e+01
5.00000000e+01
5.00000000e+01
5.00000000e+01
5.00000000e+01
5.00000000e+01
5.00000000e+01
5.00000000e+01
5.00000000e+01
5.00000000e+01
5.00000000e+01
5.00000000e+01
5.00000000e+01
5.00000000e+01
5.00000000e+01
5.00000000e+01
5.00000000e+01
5.00000000e+01
5.00000000e+01
5.00000000e+01
5.00000000e+01
2.70000000e+02
1.50000000e+02
1.43805449e+02
1.39990230e+02
1.37045566e+02
1.34534188e+02
1.32398004e+02
1.30586390e+02
1.29086914e+02
1.27841540e+02
1.26800518e+02
1.25924734e+02
1.25183679e+02
1.24553388e+02
1.24014838e+02
1.23552768e+02
1.23154818e+02
1.22810893e+02
1.22512686e+02
1.22253319e+02
1.22027063e+02
1.21829127e+02
1.21655483e+02
1.21502734e+02
1.21368007e+02
1.21248860e+02
1.21143216e+02
1.21049304e+02
1.20965606e+02
1.20890823e+02
1.20824971e+02
1.20766661e+02
1.20713917e+02
1.20666161e+02
1.20622836e+02
1.20583450e+02
1.20547569e+02
2.70000000e+02
2.50000000e+02
2.44422245e+02
2.38903057e+02
2.33368624e+02
2.28152505e+02
2.23555511e+02
2.19607418e+02
2.16246717e+02
2.13395129e+02
2.10976975e+02
2.08924791e+02
2.07180597e+02
2.05695437e+02
2.04428300e+02
2.03344946e+02
2.02416798e+02
2.01619983e+02
2.00934526e+02
2.00343677e+02
1.99833363e+02
1.99391729e+02
1.99008771e+02
1.98676029e+02
1.98386334e+02
1.98133601e+02
1.97912656e+02
1.97719093e+02
1.97549153e+02
1.97399626e+02
1.97269682e+02
1.97156305e+02
1.97055501e+02
1.96965683e+02
1.96885477e+02
1.96813696e+02
1.96749311e+02
2.68705128e+02
2.68605347e+02
2.68347294e+02
2.67962724e+02
2.67481731e+02
2.66946973e+02
2.66400311e+02
2.65873480e+02
2.65385387e+02
2.64944550e+02
2.64552812e+02
2.64208281e+02
2.63907242e+02
2.63645272e+02
2.63417856e+02
2.63220702e+02
2.63049885e+02
2.62901898e+02
2.62773651e+02
2.62662443e+02
2.62565931e+02
2.62482090e+02
2.62409170e+02
2.62345668e+02
2.62290288e+02
2.62241917e+02
2.62199600e+02
2.62162513e+02
2.62129952e+02
2.62101310e+02
2.62076221e+02
2.62054356e+02
2.62035057e+02
2.62017915e+02
2.62002639e+02
2.61988990e+02
2.61976765e+02
2.68360088e+02
2.68330428e+02
2.68214915e+02
2.68011506e+02
2.67733878e+02
2.67406704e+02
2.67058171e+02
2.66712260e+02
2.66385174e+02
2.66085645e+02
2.65816994e+02
2.65579239e+02
2.65370618e+02
2.65188550e+02
2.65030187e+02
2.64892716e+02
2.64773506e+02
2.64670171e+02
2.64580592e+02
2.64502905e+02
2.64435486e+02
2.64376926e+02
2.64326007e+02
2.64281678e+02
2.64243034e+02
2.64209297e+02
2.64179797e+02
2.64153958e+02
2.64131286e+02
2.64111356e+02
2.64093978e+02
2.64078756e+02
2.64065326e+02
2.64053421e+02
2.64042826e+02
2.64033370e+02
2.64024908e+02
2.68179646e+02
2.67979199e+02
2.66528282e+02
2.64336336e+02
2.61854713e+02
2.59299529e+02
2.56781459e+02
2.54358592e+02
2.52060334e+02
2.49900355e+02
2.47882884e+02
2.46006411e+02
2.44266011e+02
2.42654815e+02
2.41164960e+02
2.39788187e+02
2.38516233e+02
2.37341067e+02
2.36255039e+02
2.35250956e+02
2.34322122e+02
2.33462344e+02
2.32665923e+02
2.31927635e+02
2.31242699e+02
2.30606754e+02
2.30015817e+02
2.29466263e+02
2.28954784e+02
2.28478368e+02
2.28042148e+02
2.27642423e+02
2.27267964e+02
2.26917068e+02
2.26588085e+02
2.26279479e+02
2.25989831e+02
2.68584494e+02
2.68407021e+02
2.67109178e+02
2.65114469e+02
2.62848509e+02
2.60516984e+02
2.58223181e+02
2.56020341e+02
2.53934907e+02
2.51978761e+02
2.50155088e+02
2.48461819e+02
2.46893805e+02
2.45444200e+02
2.44105345e+02
2.42869327e+02
2.41728326e+02
2.40674818e+02
2.39701696e+02
2.38802325e+02
2.37970566e+02
2.37200771e+02
2.36487764e+02
2.35826815e+02
2.35213613e+02
2.34644231e+02
2.34115093e+02
2.33622947e+02
2.33164832e+02
2.32738053e+02
2.32347483e+02
2.31989502e+02
2.31653841e+02
2.31339146e+02
2.31044033e+02
2.30767162e+02
2.30507273e+02
2.70276733e+02
2.70030831e+02
2.69050466e+02
2.67714961e+02
2.66299818e+02
2.64907100e+02
2.63578041e+02
2.62330219e+02
2.61170011e+02
2.60098083e+02
2.59111715e+02
2.58206254e+02
2.57376088e+02
2.56615270e+02
2.55917898e+02
2.55278331e+02
2.54691301e+02
2.54151963e+02
2.53655900e+02
2.53199114e+02
2.52777998e+02
2.52389306e+02
2.52030120e+02
2.51697817e+02
2.51390042e+02
2.51104673e+02
2.50839802e+02
2.50593708e+02
2.50364839e+02
2.50151791e+02
2.49956189e+02
2.49776433e+02
2.49608500e+02
2.49451423e+02
2.49304334e+02
2.49166476e+02
2.49037171e+02
2.70700744e+02
2.70510838e+02
2.69685466e+02
2.68591759e+02
2.67542033e+02
2.66609353e+02
2.65788669e+02
2.65062291e+02
2.64414668e+02
2.63834202e+02
2.63311979e+02
2.62840750e+02
2.62414408e+02
2.62027721e+02
2.61676171e+02
2.61355840e+02
2.61063322e+02
2.60795646e+02
2.60550219e+02
2.60324772e+02
2.60117311e+02
2.59926086e+02
2.59749549e+02
2.59586332e+02
2.59435223e+02
2.59295142e+02
2.59165126e+02
2.59044314e+02
2.58931933e+02
2.58827289e+02
2.58731179e+02
2.58642737e+02
2.58560018e+02
2.58482613e+02
2.58410121e+02
2.58342170e+02
2.58278423e+02
2.70869143e+02
2.70769108e+02
2.70566111e+02
2.70387310e+02
2.70244230e+02
2.70127537e+02
2.70029832e+02
2.69946296e+02
2.69873908e+02
2.69810654e+02
2.69755045e+02
2.69705913e+02
2.69662315e+02
2.69623479e+02
2.69588760e+02
2.69557620e+02
2.69529602e+02
2.69504319e+02
2.69481443e+02
2.69460690e+02
2.69441817e+02
2.69424615e+02
2.69408900e+02
2.69394515e+02
2.69381322e+02
2.69369199e+02
2.69358042e+02
2.69347754e+02
2.69338256e+02
2.69329472e+02
2.69321450e+02
2.69314119e+02
2.69307304e+02
2.69300962e+02
2.69295050e+02
2.69289533e+02
2.69284380e+02
