2.70005382e+02
4.97260926e+01
5.00491802e+01
5.01536844e+01
4.99352362e+01
4.98713000e+01
5.01943332e+01
5.00580654e+01
5.00503292e+01
4.99968292e+01
5.01914391e+01
4.98635506e+01
5.00933644e+01
4.98885851e+01
4.98597212e+01
4.98033583e+01
5.00838725e+01
4.98050865e+01
5.01976995e+01
5.02931446e+01
4.99771904e+01
5.02634085e+01
5.00155962e+01
5.00362490e+01
4.98076911e+01
5.00049328e+01
5.04021188e+01
5.01011079e+01
4.95673599e+01
5.02747771e+01
5.02149829e+01
5.00390018e+01
4.99490962e+01
5.00310605e+01
5.00600151e+01
5.00256307e+01
4.99803176e+01
2.70019446e+02
1.49897117e+02
1.43377085e+02
1.39914652e+02
1.37269548e+02
1.34334527e+02
1.32752173e+02
1.30357376e+02
1.28639645e+02
1.27486163e+02
1.26799329e+02
1.25317462e+02
1.24480079e+02
1.24287974e+02
1.23849601e+02
1.23273307e+02
1.22723059e+02
1.22565348e+02
1.22103841e+02
1.21243765e+02
1.21582771e+02
1.21567811e+02
1.21386517e+02
1.20964898e+02
1.21067398e+02
1.20739170e+02
1.20637694e+02
1.20437047e+02
1.19994878e+02
1.20100476e+02
1.20471357e+02
1.20343505e+02
1.19953447e+02
1.20365986e+02
1.20043988e+02
1.19980787e+02
1.19790782e+02
2.70021444e+02
2.50057398e+02
2.44703018e+02
2.38945162e+02
2.33608937e+02
2.27664837e+02
2.23500870e+02
2.19318492e+02
2.16018000e+02
2.12731911e+02
2.10285074e+02
2.08261361e+02
2.06389738e+02
2.04956107e+02
2.03427353e+02
2.02641378e+02
2.01441976e+02
2.00765797e+02
1.99969012e+02
1.99158502e+02
1.98894100e+02
1.97978134e+02
1.97883485e+02
1.97500117e+02
1.97232797e+02
1.97204375e+02
1.96605237e+02
1.96396422e+02
1.96204245e+02
1.96267540e+02
1.96135390e+02
1.95801454e+02
1.95729384e+02
1.96069320e+02
1.95030056e+02
1.95553004e+02
1.95577205e+02
2.68985052e+02
2.68882311e+02
2.68498328e+02
2.68456199e+02
2.67313045e+02
2.66855168e+02
2.66801923e+02
2.65847558e+02
2.65532593e+02
2.65500663e+02
2.64670921e+02
2.64596558e+02
2.63790548e+02
2.63723764e+02
2.63495318e+02
2.63563630e+02
2.63094711e+02
2.62869389e+02
2.62823161e+02
2.62382361e+02
2.62756715e+02
2.62390615e+02
2.62284307e+02
2.62201389e+02
2.62557795e+02
2.62382802e+02
2.62307307e+02
2.62161649e+02
2.61922079e+02
2.62034392e+02
2.62255386e+02
2.62301160e+02
2.62303426e+02
2.61850410e+02
2.61825800e+02
2.62330889e+02
2.61913666e+02
2.68303241e+02
2.68448729e+02
2.68335416e+02
2.68002768e+02
2.68114451e+02
2.67494717e+02
2.66848832e+02
2.66953210e+02
2.66348694e+02
2.66142162e+02
2.66026664e+02
2.65559157e+02
2.65295144e+02
2.65342999e+02
2.65045502e+02
2.65129345e+02
2.65345605e+02
2.65032570e+02
2.64786672e+02
2.64734058e+02
2.64481176e+02
2.64399076e+02
2.64682547e+02
2.64806228e+02
2.64618520e+02
2.64262692e+02
2.64279671e+02
2.64600567e+02
2.64091121e+02
2.64354024e+02
2.64275748e+02
2.64282418e+02
2.64126346e+02
2.64539119e+02
2.64182462e+02
2.64093969e+02
2.64473986e+02
2.75247448e+02
2.74541620e+02
2.72382454e+02
2.69617691e+02
2.66528717e+02
2.63427354e+02
2.60351919e+02
2.57664047e+02
2.55282419e+02
2.52643212e+02
2.51295390e+02
2.48807452e+02
2.46371262e+02
2.45296481e+02
2.43754454e+02
2.42233693e+02
2.41007265e+02
2.39723070e+02
2.38971357e+02
2.37803600e+02
2.36990207e+02
2.35872306e+02
2.34656069e+02
2.33879811e+02
2.33622445e+02
2.32989007e+02
2.32632565e+02
2.32140328e+02
2.31539885e+02
2.31031529e+02
2.30457648e+02
2.30096306e+02
2.30033000e+02
2.29352448e+02
2.29081892e+02
2.28521199e+02
2.28673547e+02
2.75198465e+02
2.74238285e+02
2.72469137e+02
2.69836280e+02
2.67298598e+02
2.64203882e+02
2.61788554e+02
2.59308238e+02
2.56837360e+02
2.54952689e+02
2.52812781e+02
2.51353611e+02
2.49466341e+02
2.47777920e+02
2.46400047e+02
2.45063144e+02
2.44571952e+02
2.43195555e+02
2.41870297e+02
2.41062484e+02
2.40643332e+02
2.39293330e+02
2.38806930e+02
2.38228635e+02
2.37623392e+02
2.37177374e+02
2.36843165e+02
2.36353200e+02
2.35830463e+02
2.35270612e+02
2.34628687e+02
2.34620436e+02
2.34305075e+02
2.33797474e+02
2.33371299e+02
2.33177825e+02
2.33478272e+02
2.72666755e+02
2.72581673e+02
2.71516637e+02
2.70218647e+02
2.68330668e+02
2.66668874e+02
2.65723490e+02
2.63804117e+02
2.62912023e+02
2.61884715e+02
2.61111184e+02
2.59650598e+02
2.59031983e+02
2.58330827e+02
2.57686099e+02
2.56645884e+02
2.56120113e+02
2.55666203e+02
2.55224729e+02
2.54292751e+02
2.54006220e+02
2.53384299e+02
2.53435652e+02
2.53408552e+02
2.52851139e+02
2.52570499e+02
2.52550811e+02
2.52361049e+02
2.51693881e+02
2.51259526e+02
2.51123140e+02
2.50932599e+02
2.50990331e+02
2.50740351e+02
2.50414711e+02
2.50137671e+02
2.50413715e+02
2.72039608e+02
2.71808709e+02
2.70656813e+02
2.70054811e+02
2.68500367e+02
2.67734590e+02
2.66588815e+02
2.66096189e+02
2.65034005e+02
2.64289663e+02
2.64050442e+02
2.63393425e+02
2.62956994e+02
2.62510446e+02
2.62398549e+02
2.61920617e+02
2.61810638e+02
2.61417117e+02
2.60856292e+02
2.60406152e+02
2.60349250e+02
2.60241577e+02
2.60117114e+02
2.59693291e+02
2.59759447e+02
2.59627826e+02
2.59275860e+02
2.59305003e+02
2.59076626e+02
2.59263640e+02
2.58851875e+02
2.59247671e+02
2.58851447e+02
2.59248797e+02
2.58724863e+02
2.58917599e+02
2.58434360e+02
2.70795349e+02
2.70655095e+02
2.71090703e+02
2.70506139e+02
2.70092533e+02
2.70383131e+02
2.69935100e+02
2.70223234e+02
2.69980401e+02
2.69864389e+02
2.69721904e+02
2.69762251e+02
2.69316944e+02
2.69443789e+02
2.70078966e+02
2.70084767e+02
2.69516201e+02
2.69732100e+02
2.69406309e+02
2.69685237e+02
2.69528705e+02
2.69254219e+02
2.69097522e+02
2.69518234e+02
2.69514247e+02
2.69521280e+02
2.69286727e+02
2.69401126e+02
2.69611684e+02
2.69666146e+02
2.69301792e+02
2.69261020e+02
2.69220113e+02
2.69416430e+02
2.69550487e+02
2.69386256e+02
2.69415304e+02
