2.70000000e+02
5.00000000e+01
5.00000000e+01
5.00000000e+01
5.00000000e+01
5.00000000e+01
5.00000000e+01
5.00000000e+01
5.00000000e+01
5.00000000e+01
5.00000000e+01
5.00000000e+01
5.00000000e+01
5.00000000e+01
5.00000000e+01
5.00000000e+01
5.00000000e+01
5.00000000e+01
5.00000000e+01
5.00000000e+01
5.00000000e+01
5.00000000e+01
5.00000000e+01
5.00000000e+01
5.00000000e+01
5.00000000e+01
5.00000000e+01
5.00000000e+01
5.00000000e+01
5.00000000e+01
5.00000000e+01
5.00000000e+01
5.00000000e+01
5.00000000e+01
5.00000000e+01
5.00000000e+01
5.00000000e+01
2.70000000e+02
1.50000000e+02
1.43381710e+02
1.39483776e+02
1.36501529e+02
1.33899431e+02
1.31674336e+02
1.29848202e+02
1.28347718e+02
1.27105808e+02
1.26070016e+02
1.25200121e+02
1.24465118e+02
1.23840820e+02
1.23308121e+02
1.22851747e+02
1.22459358e+02
1.22120890e+02
1.21828068e+02
1.21574042e+02
1.21353104e+02
1.21160475e+02
1.20992136e+02
1.20844691e+02
1.20715259e+02
1.20601395e+02
1.20503990e+02
1.20417517e+02
1.20340648e+02
1.20272204e+02
1.20211145e+02
1.20156571e+02
1.20107695e+02
1.20063835e+02
1.20024399e+02
1.19988868e+02
1.19956793e+02
2.70000000e+02
2.50000000e+02
2.44413327e+02
2.38886884e+02
2.33326554e+02
2.28086424e+02
2.23462820e+02
2.19481237e+02
2.16084885e+02
2.13197725e+02
2.10744815e+02
2.08659067e+02
2.06882789e+02
2.05367261e+02
2.04071663e+02
2.02961892e+02
2.02009457e+02
2.01190522e+02
2.00485110e+02
1.99876432e+02
1.99350345e+02
1.98894905e+02
1.98499998e+02
1.98157046e+02
1.97858751e+02
1.97598899e+02
1.97378330e+02
1.97184816e+02
1.97014807e+02
1.96865228e+02
1.96733418e+02
1.96617082e+02
1.96514235e+02
1.96423161e+02
1.96342374e+02
1.96270588e+02
1.96206686e+02
2.68841281e+02
2.68681802e+02
2.68395159e+02
2.67988171e+02
2.67481699e+02
2.66914246e+02
2.66327226e+02
2.65754232e+02
2.65216830e+02
2.64726088e+02
2.64285803e+02
2.63895367e+02
2.63551784e+02
2.63250943e+02
2.62988379e+02
2.62759684e+02
2.62560729e+02
2.62387753e+02
2.62237395e+02
2.62106687e+02
2.61993023e+02
2.61894133e+02
2.61808042e+02
2.61733037e+02
2.61667633e+02
2.61610548e+02
2.61561395e+02
2.61518616e+02
2.61481150e+02
2.61448227e+02
2.61419237e+02
2.61393664e+02
2.61371070e+02
2.61351076e+02
2.61333355e+02
2.61317623e+02
2.61303634e+02
2.68425830e+02
2.68374204e+02
2.68246434e+02
2.68041142e+02
2.67763408e+02
2.67432257e+02
2.67073447e+02
2.66711114e+02
2.66363000e+02
2.66039746e+02
2.65746366e+02
2.65484127e+02
2.65252086e+02
2.65048133e+02
2.64869654e+02
2.64713908e+02
2.64578239e+02
2.64460180e+02
2.64357499e+02
2.64268203e+02
2.64190536e+02
2.64122961e+02
2.64064135e+02
2.64012891e+02
2.63968218e+02
2.63929238e+02
2.63895829e+02
2.63866556e+02
2.63840957e+02
2.63818495e+02
2.63798736e+02
2.63781321e+02
2.63765945e+02
2.63752349e+02
2.63740307e+02
2.63729624e+02
2.63720132e+02
2.65065208e+02
2.64924114e+02
2.63526989e+02
2.61429205e+02
2.59086428e+02
2.56703130e+02
2.54378696e+02
2.52163867e+02
2.50083834e+02
2.48148661e+02
2.46359284e+02
2.44711311e+02
2.43197403e+02
2.41808751e+02
2.40535984e+02
2.39369727e+02
2.38300925e+02
2.37321027e+02
2.36422077e+02
2.35596747e+02
2.34838340e+02
2.34140760e+02
2.33498482e+02
2.32906507e+02
2.32360322e+02
2.31855853e+02
2.31403731e+02
2.30984124e+02
2.30594441e+02
2.30232252e+02
2.29895299e+02
2.29581533e+02
2.29289095e+02
2.29016300e+02
2.28761616e+02
2.28523647e+02
2.28301124e+02
2.65830290e+02
2.65723817e+02
2.64562972e+02
2.62711286e+02
2.60605680e+02
2.58454400e+02
2.56355651e+02
2.54357498e+02
2.52483053e+02
2.50741293e+02
2.49132790e+02
2.47653228e+02
2.46295600e+02
2.45051590e+02
2.43912422e+02
2.42869369e+02
2.41914059e+02
2.41038627e+02
2.40235795e+02
2.39498891e+02
2.38821840e+02
2.38199134e+02
2.37625797e+02
2.37097337e+02
2.36609708e+02
2.36159265e+02
2.35755662e+02
2.35380958e+02
2.35032854e+02
2.34709219e+02
2.34408057e+02
2.34127553e+02
2.33866058e+02
2.33622076e+02
2.33394245e+02
2.33181327e+02
2.32982192e+02
2.68806288e+02
2.68586996e+02
2.67691591e+02
2.66474865e+02
2.65186400e+02
2.63918724e+02
2.62710108e+02
2.61577636e+02
2.60528215e+02
2.59562772e+02
2.58678647e+02
2.57871191e+02
2.57134796e+02
2.56463539e+02
2.55851566e+02
2.55293312e+02
2.54783606e+02
2.54317721e+02
2.53891370e+02
2.53500698e+02
2.53142243e+02
2.52812911e+02
2.52509936e+02
2.52230846e+02
2.51973430e+02
2.51735713e+02
2.51522535e+02
2.51324716e+02
2.51140951e+02
2.50970091e+02
2.50811084e+02
2.50662974e+02
2.50524891e+02
2.50396045e+02
2.50275716e+02
2.50163250e+02
2.50058049e+02
2.69861923e+02
2.69697787e+02
2.68955576e+02
2.67959404e+02
2.66994703e+02
2.66133104e+02
2.65372904e+02
2.64699318e+02
2.64099184e+02
2.63562239e+02
2.63080274e+02
2.62646476e+02
2.62255062e+02
2.61901063e+02
2.61580177e+02
2.61288669e+02
2.61023292e+02
2.60781210e+02
2.60559950e+02
2.60357344e+02
2.60171493e+02
2.60000725e+02
2.59843566e+02
2.59698715e+02
2.59565017e+02
2.59441447e+02
2.59330634e+02
2.59227688e+02
2.59131897e+02
2.59042716e+02
2.58959628e+02
2.58882156e+02
2.58809858e+02
2.58742333e+02
2.58679214e+02
2.58620165e+02
2.58564882e+02
2.70815810e+02
2.70737645e+02
2.70577777e+02
2.70437120e+02
2.70324225e+02
2.70231810e+02
2.70154117e+02
2.70087593e+02
2.70030012e+02
2.69979811e+02
2.69935807e+02
2.69897062e+02
2.69862812e+02
2.69832428e+02
2.69805385e+02
2.69781239e+02
2.69759617e+02
2.69740200e+02
2.69722717e+02
2.69706935e+02
2.69692654e+02
2.69679701e+02
2.69667926e+02
2.69657200e+02
2.69647410e+02
2.69638457e+02
2.69630496e+02
2.69623173e+02
2.69616422e+02
2.69610190e+02
2.69604431e+02
2.69599101e+02
2.69594162e+02
2.69589579e+02
2.69585322e+02
2.69581363e+02
2.69577676e+02
