-2.2000e+02
0.0000e+00
0.0000e+00
0.0000e+00
0.0000e+00
0.0000e+00
0.0000e+00
0.0000e+00
0.0000e+00
0.0000e+00
0.0000e+00
0.0000e+00
0.0000e+00
0.0000e+00
0.0000e+00
0.0000e+00
0.0000e+00
0.0000e+00
0.0000e+00
0.0000e+00
0.0000e+00
0.0000e+00
0.0000e+00
0.0000e+00
0.0000e+00
0.0000e+00
0.0000e+00
0.0000e+00
0.0000e+00
0.0000e+00
0.0000e+00
0.0000e+00
0.0000e+00
0.0000e+00
0.0000e+00
0.0000e+00
-1.2000e+02
-6.2765e+00
-3.8494e+00
-2.9727e+00
-2.5314e+00
-2.1833e+00
-1.8313e+00
-1.5141e+00
-1.2576e+00
-1.0515e+00
-8.8479e-01
-7.4869e-01
-6.3667e-01
-5.4378e-01
-4.6626e-01
-4.0121e-01
-3.4636e-01
-2.9991e-01
-2.6043e-01
-2.2676e-01
-1.9796e-01
-1.7326e-01
-1.5202e-01
-1.3370e-01
-1.1787e-01
-1.0417e-01
-9.2272e-02
-8.1929e-02
-7.2914e-02
-6.5043e-02
-5.7621e-02
-5.0322e-02
-4.5451e-02
-4.1073e-02
-3.7183e-02
-3.3731e-02
-2.0000e+01
-5.5953e+00
-5.6021e+00
-5.6536e+00
-5.3383e+00
-4.7108e+00
-4.0523e+00
-3.4536e+00
-2.9329e+00
-2.4886e+00
-2.1129e+00
-1.7963e+00
-1.5298e+00
-1.3052e+00
-1.1158e+00
-9.5573e-01
-8.2020e-01
-7.0523e-01
-6.0750e-01
-5.2429e-01
-4.5330e-01
-3.9263e-01
-3.4070e-01
-2.9618e-01
-2.5796e-01
-2.2509e-01
-1.9678e-01
-1.7236e-01
-1.5127e-01
-1.3302e-01
-1.1621e-01
-1.0010e-01
-8.8966e-02
-7.9226e-02
-7.0694e-02
-6.3206e-02
-8.0997e-02
-2.3332e-01
-3.6157e-01
-4.5883e-01
-5.1239e-01
-5.2410e-01
-5.0472e-01
-4.6711e-01
-4.2144e-01
-3.7414e-01
-3.2877e-01
-2.8705e-01
-2.4963e-01
-2.1657e-01
-1.8763e-01
-1.6247e-01
-1.4066e-01
-1.2182e-01
-1.0555e-01
-9.1526e-02
-7.9436e-02
-6.9014e-02
-6.0028e-02
-5.2280e-02
-4.5593e-02
-3.9819e-02
-3.4831e-02
-3.0516e-02
-2.6782e-02
-2.3546e-02
-2.0663e-02
-1.7911e-02
-1.5756e-02
-1.3976e-02
-1.2444e-02
-1.1109e-02
-1.8795e-02
-8.8209e-02
-1.6929e-01
-2.4038e-01
-2.8920e-01
-3.1166e-01
-3.1141e-01
-2.9563e-01
-2.7132e-01
-2.4363e-01
-2.1571e-01
-1.8930e-01
-1.6518e-01
-1.4363e-01
-1.2463e-01
-1.0802e-01
-9.3576e-02
-8.1063e-02
-7.0248e-02
-6.0909e-02
-5.2852e-02
-4.5904e-02
-3.9912e-02
-3.4744e-02
-3.0283e-02
-2.6432e-02
-2.3105e-02
-2.0229e-02
-1.7740e-02
-1.5583e-02
-1.3617e-02
-1.1826e-02
-1.0438e-02
-9.2340e-03
-8.2050e-03
-7.3140e-03
-6.5787e-01
-2.2379e+00
-2.7354e+00
-2.7882e+00
-2.6990e+00
-2.5563e+00
-2.3943e+00
-2.2269e+00
-2.0614e+00
-1.9022e+00
-1.7515e+00
-1.6107e+00
-1.4802e+00
-1.3599e+00
-1.2494e+00
-1.1482e+00
-1.0558e+00
-9.7137e-01
-8.9436e-01
-8.2413e-01
-7.6008e-01
-7.0164e-01
-6.4829e-01
-5.9958e-01
-5.5506e-01
-5.1433e-01
-4.7706e-01
-4.4291e-01
-4.1159e-01
-3.8285e-01
-3.5245e-01
-3.1908e-01
-2.9896e-01
-2.7993e-01
-2.6226e-01
-2.4587e-01
-1.8014e-01
-1.0609e+00
-1.7689e+00
-2.1272e+00
-2.2647e+00
-2.2729e+00
-2.2073e+00
-2.1015e+00
-1.9755e+00
-1.8414e+00
-1.7067e+00
-1.5760e+00
-1.4516e+00
-1.3351e+00
-1.2268e+00
-1.1269e+00
-1.0352e+00
-9.5116e-01
-8.7437e-01
-8.0429e-01
-7.4036e-01
-6.8208e-01
-6.2893e-01
-5.8047e-01
-5.3624e-01
-4.9586e-01
-4.5897e-01
-4.2523e-01
-3.9436e-01
-3.6609e-01
-3.3705e-01
-3.0465e-01
-2.8445e-01
-2.6582e-01
-2.4857e-01
-2.3262e-01
-2.6398e-01
-9.6981e-01
-1.3028e+00
-1.3679e+00
-1.3411e+00
-1.2807e+00
-1.2062e+00
-1.1257e+00
-1.0437e+00
-9.6287e-01
-8.8528e-01
-8.1205e-01
-7.4377e-01
-6.8066e-01
-6.2268e-01
-5.6964e-01
-5.2126e-01
-4.7722e-01
-4.3718e-01
-4.0081e-01
-3.6777e-01
-3.3776e-01
-3.1049e-01
-2.8572e-01
-2.6318e-01
-2.4268e-01
-2.2400e-01
-2.0698e-01
-1.9144e-01
-1.7726e-01
-1.6303e-01
-1.4799e-01
-1.3754e-01
-1.2796e-01
-1.1922e-01
-1.1122e-01
-2.2630e-01
-8.9335e-01
-1.1594e+00
-1.1032e+00
-9.7301e-01
-8.5062e-01
-7.4951e-01
-6.6659e-01
-5.9686e-01
-5.3688e-01
-4.8448e-01
-4.3827e-01
-3.9723e-01
-3.6064e-01
-3.2790e-01
-2.9856e-01
-2.7219e-01
-2.4847e-01
-2.2711e-01
-2.0783e-01
-1.9042e-01
-1.7468e-01
-1.6043e-01
-1.4751e-01
-1.3579e-01
-1.2514e-01
-1.1546e-01
-1.0665e-01
-9.8617e-02
-9.1288e-02
-8.3967e-02
-7.6489e-02
-7.1062e-02
-6.6023e-02
-6.1449e-02
-5.7283e-02
-9.7092e-02
-1.9595e-01
-1.7403e-01
-1.3992e-01
-1.1422e-01
-9.5617e-02
-8.1746e-02
-7.0845e-02
-6.1934e-02
-5.4480e-02
-4.8154e-02
-4.2730e-02
-3.8045e-02
-3.3973e-02
-3.0419e-02
-2.7304e-02
-2.4565e-02
-2.2150e-02
-2.0013e-02
-1.8119e-02
-1.6436e-02
-1.4936e-02
-1.3597e-02
-1.2401e-02
-1.1328e-02
-1.0364e-02
-9.4990e-03
-8.7180e-03
-8.0130e-03
-7.3760e-03
-6.7660e-03
-6.1180e-03
-5.6490e-03
-5.2290e-03
-4.8480e-03
-4.5050e-03
