2.70029240e+02
5.02632729e+01
4.97543445e+01
5.01387068e+01
4.99332286e+01
4.96097742e+01
5.01480146e+01
5.01847011e+01
4.99933724e+01
4.98511090e+01
4.99294345e+01
4.96458564e+01
5.01820829e+01
5.02862303e+01
5.01056017e+01
5.04192849e+01
4.96269882e+01
5.02746791e+01
5.00471564e+01
4.99485485e+01
4.98672161e+01
4.97996838e+01
5.00403904e+01
4.99832333e+01
5.02846515e+01
4.97716571e+01
4.99907414e+01
5.00571458e+01
4.99685534e+01
5.00916885e+01
4.98584938e+01
4.99759648e+01
4.96461014e+01
5.01943385e+01
5.02545816e+01
4.97682876e+01
5.02656775e+01
2.69966622e+02
1.49949020e+02
1.43647685e+02
1.40458895e+02
1.37195786e+02
1.34844254e+02
1.32619104e+02
1.31079415e+02
1.29490073e+02
1.28126366e+02
1.27023001e+02
1.26217827e+02
1.25864558e+02
1.24761075e+02
1.24041776e+02
1.24151631e+02
1.23404357e+02
1.23242521e+02
1.23024109e+02
1.22749528e+02
1.22297156e+02
1.22229997e+02
1.22093529e+02
1.22142726e+02
1.21825559e+02
1.21566918e+02
1.21530190e+02
1.21298091e+02
1.21568077e+02
1.21189693e+02
1.21229484e+02
1.21073050e+02
1.20887907e+02
1.20763330e+02
1.20802359e+02
1.21070895e+02
1.21192554e+02
2.70070846e+02
2.49978208e+02
2.44537931e+02
2.39382512e+02
2.33316527e+02
2.28400926e+02
2.24048010e+02
2.20055864e+02
2.16947343e+02
2.14003224e+02
2.11293351e+02
2.09663984e+02
2.08311681e+02
2.06512075e+02
2.05620874e+02
2.04133566e+02
2.03445644e+02
2.02523396e+02
2.01464723e+02
2.01259204e+02
2.01029956e+02
2.00252508e+02
1.99860991e+02
1.99492809e+02
1.99486067e+02
1.99098067e+02
1.99081924e+02
1.98719979e+02
1.98705849e+02
1.98399287e+02
1.98270559e+02
1.98334655e+02
1.98034815e+02
1.97755469e+02
1.97899795e+02
1.97815238e+02
1.97970619e+02
2.69098923e+02
2.68539177e+02
2.68340306e+02
2.67729536e+02
2.67575912e+02
2.66954680e+02
2.66178518e+02
2.66068978e+02
2.65872737e+02
2.64613005e+02
2.64438261e+02
2.64380937e+02
2.64139039e+02
2.63691223e+02
2.63173372e+02
2.63207484e+02
2.63087511e+02
2.62903143e+02
2.62974942e+02
2.63243782e+02
2.62673980e+02
2.62777408e+02
2.62568208e+02
2.62689689e+02
2.62797436e+02
2.62379146e+02
2.62387002e+02
2.62278844e+02
2.62156333e+02
2.62306737e+02
2.62412443e+02
2.62421202e+02
2.62379001e+02
2.62538422e+02
2.62242280e+02
2.62081830e+02
2.61972294e+02
2.68268562e+02
2.68058399e+02
2.68225499e+02
2.67824113e+02
2.67698201e+02
2.67175147e+02
2.67202322e+02
2.66674676e+02
2.66664630e+02
2.65968795e+02
2.65814482e+02
2.65694042e+02
2.65873302e+02
2.65206175e+02
2.64878750e+02
2.65033673e+02
2.65076897e+02
2.65004157e+02
2.64812290e+02
2.64783619e+02
2.64716673e+02
2.64429743e+02
2.64532511e+02
2.64772255e+02
2.65010014e+02
2.64040328e+02
2.64435917e+02
2.64565105e+02
2.64543378e+02
2.64809246e+02
2.64450013e+02
2.64667820e+02
2.64120444e+02
2.64636561e+02
2.64262254e+02
2.63996411e+02
2.64542190e+02
2.70769599e+02
2.69981255e+02
2.68980310e+02
2.66052639e+02
2.63526459e+02
2.60568074e+02
2.58371608e+02
2.55984986e+02
2.53700044e+02
2.50766390e+02
2.48875817e+02
2.47274111e+02
2.45841006e+02
2.44089113e+02
2.42843031e+02
2.41533902e+02
2.40123076e+02
2.39228157e+02
2.38223555e+02
2.37501556e+02
2.36634745e+02
2.35814973e+02
2.34619520e+02
2.34188611e+02
2.33515295e+02
2.32599795e+02
2.32116292e+02
2.31852019e+02
2.31415312e+02
2.31062873e+02
2.30840812e+02
2.30287619e+02
2.29701464e+02
2.29661053e+02
2.29048176e+02
2.28783352e+02
2.28804039e+02
2.70835101e+02
2.70127524e+02
2.69051794e+02
2.66893596e+02
2.63953190e+02
2.61587781e+02
2.59444979e+02
2.57174249e+02
2.55268715e+02
2.53475113e+02
2.51366450e+02
2.49883450e+02
2.48195139e+02
2.46784479e+02
2.45541205e+02
2.44826808e+02
2.43526565e+02
2.42387080e+02
2.41462612e+02
2.41125117e+02
2.40059493e+02
2.39018196e+02
2.38373118e+02
2.37718463e+02
2.37193101e+02
2.36320168e+02
2.35997062e+02
2.35886907e+02
2.35157429e+02
2.35091068e+02
2.34273648e+02
2.34114343e+02
2.34071643e+02
2.33211720e+02
2.33038508e+02
2.32831545e+02
2.32557513e+02
2.70657369e+02
2.70390282e+02
2.69355848e+02
2.67881318e+02
2.66347636e+02
2.65302573e+02
2.64160001e+02
2.63020296e+02
2.61839826e+02
2.60490831e+02
2.59298783e+02
2.58565107e+02
2.57658034e+02
2.57363336e+02
2.56807681e+02
2.55930565e+02
2.54993015e+02
2.54515645e+02
2.54018127e+02
2.53750868e+02
2.53328148e+02
2.52461839e+02
2.52341471e+02
2.52110079e+02
2.51867066e+02
2.51253225e+02
2.51103816e+02
2.50699073e+02
2.50857929e+02
2.50242457e+02
2.49995704e+02
2.49916666e+02
2.49842900e+02
2.49834204e+02
2.49238112e+02
2.49197947e+02
2.49232866e+02
2.70682530e+02
2.70473918e+02
2.70096232e+02
2.68639436e+02
2.67891833e+02
2.66867690e+02
2.66238766e+02
2.65460963e+02
2.64416465e+02
2.64210400e+02
2.63358266e+02
2.62793067e+02
2.62443803e+02
2.62003239e+02
2.61307154e+02
2.61434220e+02
2.60783394e+02
2.60966628e+02
2.60347046e+02
2.59655727e+02
2.60294402e+02
2.59834478e+02
2.59242509e+02
2.59466238e+02
2.58927194e+02
2.58959572e+02
2.59146152e+02
2.58855773e+02
2.58764525e+02
2.58447068e+02
2.58226914e+02
2.58462459e+02
2.57997058e+02
2.58355225e+02
2.57675732e+02
2.58141969e+02
2.57923930e+02
2.70499981e+02
2.70915758e+02
2.70693441e+02
2.70305942e+02
2.70215658e+02
2.70605837e+02
2.70169487e+02
2.70178733e+02
2.70021033e+02
2.70085709e+02
2.69876282e+02
2.69655914e+02
2.69979291e+02
2.69999158e+02
2.69573731e+02
2.69642816e+02
2.69901703e+02
2.69626316e+02
2.69710911e+02
2.69771545e+02
2.70338007e+02
2.69607553e+02
2.69773397e+02
2.69463785e+02
2.69478439e+02
2.69385385e+02
2.69703167e+02
2.69505800e+02
2.69563075e+02
2.69534316e+02
2.69586460e+02
2.69961368e+02
2.69648482e+02
2.69269280e+02
2.69640291e+02
2.69374296e+02
2.69444042e+02
