2.69913515e+02
5.00122880e+01
4.96930432e+01
4.99389322e+01
5.00017540e+01
5.01749774e+01
4.97829350e+01
4.99207148e+01
4.97792809e+01
4.98802848e+01
5.00080753e+01
5.00786820e+01
4.99650569e+01
5.00020234e+01
5.03080190e+01
4.98226172e+01
5.00891319e+01
5.03609164e+01
5.04411294e+01
5.01049142e+01
5.01992308e+01
4.98722015e+01
4.97914694e+01
5.00051351e+01
4.98997258e+01
5.01007233e+01
5.01118427e+01
5.02106826e+01
5.03229957e+01
4.99651840e+01
4.97632243e+01
4.97962446e+01
5.00046442e+01
5.00292381e+01
5.00682362e+01
5.00532128e+01
4.97576500e+01
2.70356925e+02
1.50342926e+02
1.43528671e+02
1.39799797e+02
1.36689857e+02
1.33872164e+02
1.32194015e+02
1.30140522e+02
1.29053177e+02
1.27085021e+02
1.26316063e+02
1.25490432e+02
1.24593528e+02
1.24134154e+02
1.23966022e+02
1.23061058e+02
1.22861462e+02
1.22133028e+02
1.22369942e+02
1.21917889e+02
1.21988527e+02
1.21492258e+02
1.21632422e+02
1.21140581e+02
1.20981681e+02
1.20746720e+02
1.21020905e+02
1.20788437e+02
1.20493574e+02
1.20729330e+02
1.20028482e+02
1.20099635e+02
1.20342916e+02
1.20359415e+02
1.20623807e+02
1.20282662e+02
1.19939211e+02
2.69818585e+02
2.49729290e+02
2.44834970e+02
2.39023007e+02
2.33209260e+02
2.28119758e+02
2.23424399e+02
2.20103531e+02
2.16702258e+02
2.13291987e+02
2.10891629e+02
2.09051481e+02
2.07542342e+02
2.05326854e+02
2.04178129e+02
2.03062306e+02
2.02848069e+02
2.01879013e+02
2.00482212e+02
2.00719403e+02
1.99594803e+02
1.99581980e+02
1.98829356e+02
1.98458641e+02
1.98146306e+02
1.98077874e+02
1.97920776e+02
1.97614821e+02
1.97665143e+02
1.97260374e+02
1.97364347e+02
1.97112193e+02
1.97102898e+02
1.96767696e+02
1.96353783e+02
1.96746911e+02
1.96442137e+02
2.69006028e+02
2.68336405e+02
2.68242488e+02
2.68095767e+02
2.67944021e+02
2.67001676e+02
2.66614824e+02
2.66034579e+02
2.65406063e+02
2.64788238e+02
2.64538552e+02
2.64335352e+02
2.63686391e+02
2.63593198e+02
2.63443018e+02
2.63140090e+02
2.62626930e+02
2.62686274e+02
2.62248376e+02
2.62243243e+02
2.62269804e+02
2.62334686e+02
2.62222230e+02
2.62033152e+02
2.62124706e+02
2.61401778e+02
2.61809043e+02
2.61700038e+02
2.61905126e+02
2.61910874e+02
2.61772806e+02
2.61869747e+02
2.61712673e+02
2.62094116e+02
2.61902583e+02
2.61641795e+02
2.61960238e+02
2.68471049e+02
2.68200643e+02
2.68278275e+02
2.68348916e+02
2.67737793e+02
2.67328645e+02
2.66797314e+02
2.66800035e+02
2.66077109e+02
2.66252161e+02
2.65826937e+02
2.65781254e+02
2.65513390e+02
2.65028618e+02
2.64752242e+02
2.65055771e+02
2.64906802e+02
2.64300095e+02
2.64126215e+02
2.64194939e+02
2.63936475e+02
2.64192706e+02
2.64060574e+02
2.64425229e+02
2.63913733e+02
2.64177121e+02
2.63786602e+02
2.63925781e+02
2.64028231e+02
2.64114370e+02
2.63889657e+02
2.63930026e+02
2.63880822e+02
2.63593654e+02
2.64002862e+02
2.63809383e+02
2.63848466e+02
2.75484442e+02
2.74868322e+02
2.72948671e+02
2.70787102e+02
2.67900280e+02
2.65492918e+02
2.62564168e+02
2.60446551e+02
2.58049544e+02
2.55638069e+02
2.53905698e+02
2.52153826e+02
2.50604406e+02
2.48808271e+02
2.47483167e+02
2.46070279e+02
2.45143481e+02
2.43881276e+02
2.42689686e+02
2.41636507e+02
2.40915018e+02
2.39756263e+02
2.39181311e+02
2.38635633e+02
2.37949132e+02
2.36960482e+02
2.36826625e+02
2.36574200e+02
2.35869241e+02
2.35335649e+02
2.34868368e+02
2.34115865e+02
2.34307944e+02
2.33315819e+02
2.33287302e+02
2.33105930e+02
2.32548189e+02
2.74501673e+02
2.74361855e+02
2.72949228e+02
2.70601833e+02
2.68373730e+02
2.66086604e+02
2.63849887e+02
2.61165787e+02
2.59536348e+02
2.57436956e+02
2.55351270e+02
2.54135014e+02
2.52358562e+02
2.51067611e+02
2.49629404e+02
2.48593724e+02
2.47651984e+02
2.46723020e+02
2.45879686e+02
2.44664291e+02
2.43689116e+02
2.43163259e+02
2.42647584e+02
2.41470722e+02
2.41116705e+02
2.40511473e+02
2.39936465e+02
2.39493432e+02
2.39077943e+02
2.38459781e+02
2.38296913e+02
2.37942578e+02
2.37631117e+02
2.37491009e+02
2.37301348e+02
2.36701907e+02
2.36778029e+02
2.72310563e+02
2.72500193e+02
2.71507606e+02
2.70160120e+02
2.68412315e+02
2.67764585e+02
2.66214483e+02
2.65055680e+02
2.63544325e+02
2.62542887e+02
2.61743805e+02
2.60633634e+02
2.60031612e+02
2.59413093e+02
2.58418094e+02
2.57760233e+02
2.57566652e+02
2.56747934e+02
2.56118910e+02
2.55883873e+02
2.55557892e+02
2.54987694e+02
2.54482946e+02
2.54124791e+02
2.53719357e+02
2.53782706e+02
2.53592244e+02
2.52917727e+02
2.52855656e+02
2.52775996e+02
2.52220727e+02
2.52154441e+02
2.52097298e+02
2.51949212e+02
2.51571050e+02
2.51450448e+02
2.51323803e+02
2.71923361e+02
2.71842892e+02
2.70580634e+02
2.69768603e+02
2.68520290e+02
2.67845151e+02
2.67090911e+02
2.66581876e+02
2.65854390e+02
2.65060286e+02
2.64564892e+02
2.64169632e+02
2.63485811e+02
2.63408954e+02
2.62691194e+02
2.62518384e+02
2.61953747e+02
2.62033007e+02
2.61694084e+02
2.61387262e+02
2.61152349e+02
2.60873619e+02
2.60826430e+02
2.60528153e+02
2.60251257e+02
2.60005628e+02
2.60005921e+02
2.60247527e+02
2.59881743e+02
2.59854355e+02
2.59704436e+02
2.59710279e+02
2.59328854e+02
2.59252576e+02
2.59310723e+02
2.59133813e+02
2.59274439e+02
2.70487240e+02
2.70877475e+02
2.70341040e+02
2.70076940e+02
2.70554638e+02
2.70615936e+02
2.70212741e+02
2.70274117e+02
2.70208343e+02
2.69877329e+02
2.70096478e+02
2.69892517e+02
2.69549787e+02
2.69823456e+02
2.69781629e+02
2.69884821e+02
2.70229449e+02
2.69767616e+02
2.69655062e+02
2.69889920e+02
2.70055872e+02
2.69950972e+02
2.69662301e+02
2.69869727e+02
2.69751181e+02
2.69594229e+02
2.69670577e+02
2.69670537e+02
2.69768091e+02
2.70023669e+02
2.69562326e+02
2.69840308e+02
2.69572692e+02
2.69604975e+02
2.69813871e+02
2.70014868e+02
2.69806413e+02
