2.70026301e+02
4.99095895e+01
5.01407361e+01
4.99410931e+01
5.02224201e+01
4.97765208e+01
4.98494825e+01
5.01265754e+01
5.01648999e+01
4.98470984e+01
4.98902358e+01
4.97552897e+01
5.04989975e+01
4.97759595e+01
5.01268604e+01
4.97972192e+01
5.01083373e+01
4.98386602e+01
5.01264874e+01
5.00147072e+01
4.97905964e+01
4.98944305e+01
4.97411937e+01
4.99262459e+01
5.00750774e+01
4.96532208e+01
5.00771412e+01
5.01237778e+01
5.01942168e+01
4.99897952e+01
4.97761560e+01
4.99946798e+01
5.00092214e+01
5.00478369e+01
5.00998574e+01
5.02920785e+01
5.03192047e+01
2.70085121e+02
1.49903987e+02
1.43270859e+02
1.39581435e+02
1.36728231e+02
1.33644544e+02
1.31855416e+02
1.30154118e+02
1.28523087e+02
1.27260866e+02
1.26194370e+02
1.25683478e+02
1.24758235e+02
1.24194359e+02
1.23800966e+02
1.22851941e+02
1.22632134e+02
1.22534951e+02
1.22299667e+02
1.21448463e+02
1.21738056e+02
1.21555129e+02
1.21378532e+02
1.20961346e+02
1.20640533e+02
1.20915928e+02
1.20885749e+02
1.20834614e+02
1.20636243e+02
1.20288736e+02
1.20632902e+02
1.20102962e+02
1.20331214e+02
1.20216261e+02
1.20055540e+02
1.20276882e+02
1.19794101e+02
2.69905176e+02
2.49784263e+02
2.44737491e+02
2.39165437e+02
2.33473098e+02
2.28215979e+02
2.23862812e+02
2.19936399e+02
2.16346187e+02
2.13809952e+02
2.11454194e+02
2.09054169e+02
2.07703609e+02
2.06118690e+02
2.04664288e+02
2.03678166e+02
2.02050628e+02
2.01463476e+02
2.00931800e+02
2.00475785e+02
2.00131251e+02
1.99818785e+02
1.98591244e+02
1.98781073e+02
1.98362973e+02
1.98328929e+02
1.97824870e+02
1.97829129e+02
1.97659161e+02
1.97463709e+02
1.97387533e+02
1.97168901e+02
1.97244638e+02
1.96869196e+02
1.97271236e+02
1.96681570e+02
1.96985770e+02
2.68647148e+02
2.68865025e+02
2.69013629e+02
2.68022502e+02
2.67439935e+02
2.66682919e+02
2.66734072e+02
2.65688637e+02
2.65537286e+02
2.64720632e+02
2.64215236e+02
2.63535752e+02
2.63362152e+02
2.62632098e+02
2.62731409e+02
2.62582627e+02
2.62055895e+02
2.61597484e+02
2.61701219e+02
2.61616941e+02
2.61991956e+02
2.61518854e+02
2.61255869e+02
2.61202056e+02
2.61250957e+02
2.61009713e+02
2.60852282e+02
2.61242242e+02
2.60760990e+02
2.60912697e+02
2.60834509e+02
2.61071930e+02
2.60715662e+02
2.60560041e+02
2.60482406e+02
2.60958685e+02
2.60945805e+02
2.68658505e+02
2.68478548e+02
2.68329874e+02
2.68011616e+02
2.67835875e+02
2.67200722e+02
2.66743732e+02
2.66696453e+02
2.66460291e+02
2.65672293e+02
2.65656695e+02
2.65428340e+02
2.65330588e+02
2.64486817e+02
2.64793442e+02
2.64602284e+02
2.64605099e+02
2.64275823e+02
2.64063791e+02
2.64049980e+02
2.63912158e+02
2.63671512e+02
2.63720682e+02
2.63468933e+02
2.63820649e+02
2.63711724e+02
2.63642331e+02
2.63618499e+02
2.63489983e+02
2.63278265e+02
2.63653091e+02
2.63088635e+02
2.63228931e+02
2.63462739e+02
2.63382670e+02
2.63711209e+02
2.63131060e+02
2.70166938e+02
2.69322212e+02
2.67891270e+02
2.65268737e+02
2.63010889e+02
2.61079696e+02
2.58241310e+02
2.56108271e+02
2.53670195e+02
2.52097537e+02
2.50189315e+02
2.48735695e+02
2.46559127e+02
2.45279079e+02
2.44251012e+02
2.42732682e+02
2.41489130e+02
2.40684622e+02
2.39200664e+02
2.38609527e+02
2.38015830e+02
2.36655030e+02
2.36093737e+02
2.35553030e+02
2.35128370e+02
2.34202497e+02
2.33604596e+02
2.33150077e+02
2.32790101e+02
2.32173266e+02
2.31917962e+02
2.31424811e+02
2.30761532e+02
2.30677519e+02
2.30703267e+02
2.30303719e+02
2.29896939e+02
2.70122538e+02
2.69817852e+02
2.67999772e+02
2.66400088e+02
2.63982352e+02
2.61825585e+02
2.59609729e+02
2.57573687e+02
2.56064348e+02
2.53997469e+02
2.52442665e+02
2.50546933e+02
2.48932351e+02
2.47829560e+02
2.46877520e+02
2.45555246e+02
2.44722567e+02
2.43726152e+02
2.43061333e+02
2.41980119e+02
2.41216452e+02
2.40274767e+02
2.39682126e+02
2.39220446e+02
2.38889659e+02
2.38268158e+02
2.37925370e+02
2.36932426e+02
2.36723146e+02
2.36460928e+02
2.35584980e+02
2.35508727e+02
2.35855689e+02
2.34958020e+02
2.34580225e+02
2.34615545e+02
2.34363095e+02
2.70694608e+02
2.70073636e+02
2.69650646e+02
2.68030743e+02
2.66828869e+02
2.65724681e+02
2.64970686e+02
2.63493036e+02
2.62476625e+02
2.61389180e+02
2.60603149e+02
2.59644461e+02
2.58832419e+02
2.58414101e+02
2.57697974e+02
2.57091665e+02
2.57042425e+02
2.55998787e+02
2.55860070e+02
2.55635651e+02
2.55268514e+02
2.54923423e+02
2.54356787e+02
2.54363799e+02
2.53912422e+02
2.53550962e+02
2.53588191e+02
2.53430699e+02
2.53127968e+02
2.52933117e+02
2.52735023e+02
2.52709243e+02
2.52683047e+02
2.52226906e+02
2.52598549e+02
2.51721686e+02
2.52006530e+02
2.70664339e+02
2.70538283e+02
2.69922322e+02
2.68698302e+02
2.67770724e+02
2.67114734e+02
2.66265153e+02
2.65908232e+02
2.64594206e+02
2.64670222e+02
2.64431584e+02
2.63678250e+02
2.62905632e+02
2.62710768e+02
2.62685908e+02
2.62442257e+02
2.62223339e+02
2.61862064e+02
2.61460253e+02
2.61146383e+02
2.61400850e+02
2.60697734e+02
2.60750479e+02
2.60445823e+02
2.60480345e+02
2.60626100e+02
2.59947218e+02
2.60050475e+02
2.60145362e+02
2.60169744e+02
2.60054611e+02
2.59914762e+02
2.60205285e+02
2.59778655e+02
2.59651900e+02
2.59998164e+02
2.59445100e+02
2.70771301e+02
2.70613553e+02
2.70765403e+02
2.70598016e+02
2.70621631e+02
2.70436661e+02
2.70143026e+02
2.69974604e+02
2.69674334e+02
2.69740069e+02
2.69987161e+02
2.69500784e+02
2.69848550e+02
2.69738730e+02
2.69883660e+02
2.70105956e+02
2.69784766e+02
2.69672438e+02
2.69987696e+02
2.69842287e+02
2.69822096e+02
2.69847259e+02
2.69462892e+02
2.69038988e+02
2.69819846e+02
2.69803634e+02
2.69601341e+02
2.69618948e+02
2.69731637e+02
2.69450733e+02
2.69282503e+02
2.69424962e+02
2.69745773e+02
2.69605827e+02
2.69944995e+02
2.69287004e+02
2.69123149e+02
