-2.2000e+02
0.0000e+00
0.0000e+00
0.0000e+00
0.0000e+00
0.0000e+00
0.0000e+00
0.0000e+00
0.0000e+00
0.0000e+00
0.0000e+00
0.0000e+00
0.0000e+00
0.0000e+00
0.0000e+00
0.0000e+00
0.0000e+00
0.0000e+00
0.0000e+00
0.0000e+00
0.0000e+00
0.0000e+00
0.0000e+00
0.0000e+00
0.0000e+00
0.0000e+00
0.0000e+00
0.0000e+00
0.0000e+00
0.0000e+00
0.0000e+00
0.0000e+00
0.0000e+00
0.0000e+00
0.0000e+00
0.0000e+00
-1.2000e+02
-6.3736e+00
-3.8421e+00
-2.9419e+00
-2.5198e+00
-2.1876e+00
-1.8184e+00
-1.5007e+00
-1.2456e+00
-1.0412e+00
-8.7622e-01
-7.4174e-01
-6.3117e-01
-5.3957e-01
-4.6317e-01
-3.9908e-01
-3.4505e-01
-2.9929e-01
-2.6038e-01
-2.2720e-01
-1.9880e-01
-1.7442e-01
-1.5344e-01
-1.3534e-01
-1.1969e-01
-1.0612e-01
-9.4327e-02
-8.4061e-02
-7.5102e-02
-6.7269e-02
-6.0402e-02
-5.4372e-02
-4.9065e-02
-4.4384e-02
-4.0246e-02
-3.5536e-02
-2.0000e+01
-5.5046e+00
-5.5333e+00
-5.5796e+00
-5.2840e+00
-4.6801e+00
-4.0409e+00
-3.4549e+00
-2.9425e+00
-2.5035e+00
-2.1309e+00
-1.8160e+00
-1.5502e+00
-1.3257e+00
-1.1358e+00
-9.7504e-01
-8.3860e-01
-7.2261e-01
-6.2383e-01
-5.3955e-01
-4.6751e-01
-4.0583e-01
-3.5295e-01
-3.0753e-01
-2.6846e-01
-2.3481e-01
-2.0578e-01
-1.8070e-01
-1.5900e-01
-1.4020e-01
-1.2389e-01
-1.0972e-01
-9.7385e-02
-8.6635e-02
-7.7249e-02
-6.7264e-02
-8.3085e-02
-2.4065e-01
-3.7685e-01
-4.8384e-01
-5.4802e-01
-5.6885e-01
-5.5545e-01
-5.2041e-01
-4.7449e-01
-4.2500e-01
-3.7629e-01
-3.3066e-01
-2.8916e-01
-2.5210e-01
-2.1938e-01
-1.9072e-01
-1.6574e-01
-1.4403e-01
-1.2520e-01
-1.0890e-01
-9.4793e-02
-8.2591e-02
-7.2038e-02
-6.2908e-02
-5.5008e-02
-4.8169e-02
-4.2245e-02
-3.7111e-02
-3.2656e-02
-2.8788e-02
-2.5427e-02
-2.2502e-02
-1.9956e-02
-1.7733e-02
-1.5794e-02
-1.3921e-02
-1.9024e-02
-8.9567e-02
-1.7451e-01
-2.5117e-01
-3.0675e-01
-3.3581e-01
-3.4065e-01
-3.2782e-01
-3.0446e-01
-2.7614e-01
-2.4659e-01
-2.1795e-01
-1.9135e-01
-1.6728e-01
-1.4584e-01
-1.2694e-01
-1.1040e-01
-9.5983e-02
-8.3455e-02
-7.2590e-02
-6.3179e-02
-5.5033e-02
-4.7983e-02
-4.1883e-02
-3.6603e-02
-3.2033e-02
-2.8074e-02
-2.4644e-02
-2.1667e-02
-1.9086e-02
-1.6841e-02
-1.4890e-02
-1.3191e-02
-1.1711e-02
-1.0418e-02
-9.1160e-03
-5.3851e-01
-1.7854e+00
-2.4457e+00
-2.6476e+00
-2.6471e+00
-2.5536e+00
-2.4184e+00
-2.2663e+00
-2.1103e+00
-1.9576e+00
-1.8119e+00
-1.6751e+00
-1.5478e+00
-1.4303e+00
-1.3221e+00
-1.2228e+00
-1.1317e+00
-1.0483e+00
-9.7196e-01
-9.0198e-01
-8.3783e-01
-7.7899e-01
-7.2498e-01
-6.7533e-01
-6.2967e-01
-5.8763e-01
-5.4887e-01
-5.1310e-01
-4.8006e-01
-4.4950e-01
-4.2122e-01
-3.9502e-01
-3.7071e-01
-3.4815e-01
-3.2718e-01
-2.9789e-01
-4.5435e-01
-1.5564e+00
-2.1662e+00
-2.3618e+00
-2.3717e+00
-2.2954e+00
-2.1786e+00
-2.0441e+00
-1.9042e+00
-1.7661e+00
-1.6337e+00
-1.5092e+00
-1.3934e+00
-1.2864e+00
-1.1881e+00
-1.0979e+00
-1.0154e+00
-9.3994e-01
-8.7091e-01
-8.0774e-01
-7.4992e-01
-6.9693e-01
-6.4833e-01
-6.0371e-01
-5.6270e-01
-5.2496e-01
-4.9019e-01
-4.5813e-01
-4.2853e-01
-4.0117e-01
-3.7586e-01
-3.5241e-01
-3.3067e-01
-3.1050e-01
-2.9176e-01
-2.6538e-01
-2.7618e-01
-9.6712e-01
-1.2967e+00
-1.3665e+00
-1.3390e+00
-1.2717e+00
-1.1879e+00
-1.0984e+00
-1.0093e+00
-9.2393e-01
-8.4411e-01
-7.7060e-01
-7.0355e-01
-6.4273e-01
-5.8775e-01
-5.3812e-01
-4.9336e-01
-4.5296e-01
-4.1648e-01
-3.8349e-01
-3.5363e-01
-3.2655e-01
-3.0196e-01
-2.7960e-01
-2.5922e-01
-2.4063e-01
-2.2364e-01
-2.0808e-01
-1.9382e-01
-1.8073e-01
-1.6869e-01
-1.5761e-01
-1.4739e-01
-1.3796e-01
-1.2925e-01
-1.1849e-01
-2.0129e-01
-7.8721e-01
-1.0361e+00
-9.9786e-01
-8.8892e-01
-7.8233e-01
-6.9137e-01
-6.1458e-01
-5.4881e-01
-4.9178e-01
-4.4197e-01
-3.9827e-01
-3.5980e-01
-3.2583e-01
-2.9575e-01
-2.6905e-01
-2.4529e-01
-2.2409e-01
-2.0513e-01
-1.8813e-01
-1.7285e-01
-1.5909e-01
-1.4666e-01
-1.3542e-01
-1.2522e-01
-1.1596e-01
-1.0753e-01
-9.9846e-02
-9.2823e-02
-8.6397e-02
-8.0508e-02
-7.5102e-02
-7.0131e-02
-6.5555e-02
-6.1336e-02
-5.6229e-02
-8.6239e-02
-1.7031e-01
-1.4857e-01
-1.1857e-01
-9.6643e-02
-8.0917e-02
-6.9140e-02
-5.9808e-02
-5.2150e-02
-4.5751e-02
-4.0337e-02
-3.5721e-02
-3.1759e-02
-2.8338e-02
-2.5373e-02
-2.2790e-02
-2.0533e-02
-1.8552e-02
-1.6808e-02
-1.5266e-02
-1.3902e-02
-1.2687e-02
-1.1604e-02
-1.0637e-02
-9.7700e-03
-8.9890e-03
-8.2870e-03
-7.6520e-03
-7.0770e-03
-6.5560e-03
-6.0820e-03
-5.6510e-03
-5.2560e-03
-4.8960e-03
-4.5650e-03
-4.1780e-03
