2.69947347e+02
5.00101277e+01
4.99154673e+01
4.97921055e+01
5.03022791e+01
5.00453565e+01
5.02285024e+01
5.00892328e+01
5.01102471e+01
4.97540217e+01
4.99637746e+01
4.96901811e+01
4.97200845e+01
4.97701954e+01
5.02689782e+01
4.96599367e+01
5.01058550e+01
5.00934796e+01
5.00447302e+01
4.99768742e+01
5.04797031e+01
5.01684592e+01
4.98131057e+01
5.00565733e+01
5.01294220e+01
5.00970712e+01
4.96300320e+01
4.96774108e+01
4.99454641e+01
5.01921619e+01
5.02130717e+01
5.01523234e+01
5.00027354e+01
4.98230319e+01
4.99253401e+01
5.00972901e+01
5.00733918e+01
2.70194424e+02
1.50029823e+02
1.43180881e+02
1.39973293e+02
1.36737556e+02
1.34133784e+02
1.31821077e+02
1.29899357e+02
1.28779643e+02
1.27248121e+02
1.26488219e+02
1.25502181e+02
1.24622802e+02
1.24130738e+02
1.23331055e+02
1.23044187e+02
1.23102500e+02
1.22407840e+02
1.21964725e+02
1.21842342e+02
1.21741208e+02
1.21488425e+02
1.21167064e+02
1.21181762e+02
1.21126283e+02
1.20901024e+02
1.20730059e+02
1.21030331e+02
1.20672681e+02
1.20460060e+02
1.20409526e+02
1.20677355e+02
1.20221703e+02
1.20296990e+02
1.20476279e+02
1.20221324e+02
1.19992980e+02
2.70008513e+02
2.49947877e+02
2.44580566e+02
2.38807403e+02
2.33506504e+02
2.28379035e+02
2.23276890e+02
2.19640899e+02
2.16065633e+02
2.13197584e+02
2.11082700e+02
2.09081059e+02
2.07314991e+02
2.05531569e+02
2.04184313e+02
2.03183687e+02
2.02215276e+02
2.01435405e+02
2.00663185e+02
2.00149467e+02
1.99952213e+02
1.99286297e+02
1.98829736e+02
1.98288723e+02
1.97961520e+02
1.97982100e+02
1.97805791e+02
1.97331623e+02
1.97283023e+02
1.96855390e+02
1.96939046e+02
1.96923397e+02
1.96790665e+02
1.96772889e+02
1.96680772e+02
1.95813415e+02
1.96549408e+02
2.68898253e+02
2.68585908e+02
2.68238536e+02
2.68411942e+02
2.67551988e+02
2.66979729e+02
2.66172909e+02
2.65825812e+02
2.65539283e+02
2.64453649e+02
2.64351109e+02
2.64281587e+02
2.63509263e+02
2.63395159e+02
2.63047606e+02
2.62667819e+02
2.62985417e+02
2.62116717e+02
2.61997179e+02
2.62177388e+02
2.62182051e+02
2.62145864e+02
2.62032867e+02
2.61639023e+02
2.61990960e+02
2.61786475e+02
2.61749067e+02
2.61629841e+02
2.61868279e+02
2.61663637e+02
2.61433169e+02
2.61626217e+02
2.61541969e+02
2.61283844e+02
2.61402013e+02
2.61492937e+02
2.61505620e+02
2.68227825e+02
2.68647190e+02
2.68678421e+02
2.67803415e+02
2.67692329e+02
2.67085900e+02
2.67083989e+02
2.66870144e+02
2.66145495e+02
2.65784594e+02
2.65643566e+02
2.65560528e+02
2.65078791e+02
2.65026196e+02
2.64474351e+02
2.64330324e+02
2.64704211e+02
2.64094183e+02
2.64273464e+02
2.63914128e+02
2.63835946e+02
2.63753971e+02
2.63947805e+02
2.63540793e+02
2.64002450e+02
2.64189313e+02
2.63872229e+02
2.63980687e+02
2.63991033e+02
2.63254073e+02
2.63765159e+02
2.63566604e+02
2.63685522e+02
2.63871487e+02
2.63932045e+02
2.63619096e+02
2.63763740e+02
2.68526371e+02
2.68708093e+02
2.66188292e+02
2.63380026e+02
2.61004961e+02
2.58080121e+02
2.55685032e+02
2.53644096e+02
2.51370069e+02
2.49636245e+02
2.47909433e+02
2.46028901e+02
2.44481080e+02
2.43084143e+02
2.41878129e+02
2.41075953e+02
2.39673774e+02
2.39042825e+02
2.37738975e+02
2.37415464e+02
2.36380453e+02
2.35834295e+02
2.35040546e+02
2.34516347e+02
2.34019875e+02
2.33472117e+02
2.32802803e+02
2.32239022e+02
2.32344833e+02
2.32217994e+02
2.31288953e+02
2.31165782e+02
2.30676652e+02
2.30442642e+02
2.30228068e+02
2.30011903e+02
2.29692557e+02
2.69226746e+02
2.69118801e+02
2.68030655e+02
2.65586467e+02
2.63641793e+02
2.61604019e+02
2.59292093e+02
2.56891731e+02
2.55290624e+02
2.53184004e+02
2.51431199e+02
2.49926494e+02
2.48211349e+02
2.46426359e+02
2.46043732e+02
2.44641082e+02
2.43602830e+02
2.42279472e+02
2.41594203e+02
2.40876431e+02
2.40097752e+02
2.39555675e+02
2.39285842e+02
2.38525126e+02
2.37792508e+02
2.37269321e+02
2.37086270e+02
2.36158300e+02
2.36501468e+02
2.35875439e+02
2.35366654e+02
2.35005323e+02
2.34676405e+02
2.34549579e+02
2.34219712e+02
2.34076293e+02
2.33748719e+02
2.71162106e+02
2.70619978e+02
2.69738395e+02
2.68309117e+02
2.67128526e+02
2.66064160e+02
2.64137156e+02
2.63089853e+02
2.62077863e+02
2.61346154e+02
2.60378053e+02
2.59566554e+02
2.58914129e+02
2.58179426e+02
2.57371803e+02
2.56642227e+02
2.56233796e+02
2.55563447e+02
2.55056642e+02
2.54772843e+02
2.53992452e+02
2.53520342e+02
2.53589204e+02
2.53512430e+02
2.53187722e+02
2.52647427e+02
2.52356557e+02
2.52559785e+02
2.52225540e+02
2.52114935e+02
2.51667941e+02
2.51784571e+02
2.51400415e+02
2.51188537e+02
2.51227885e+02
2.51165744e+02
2.50942957e+02
2.71040238e+02
2.70815908e+02
2.69873052e+02
2.69177546e+02
2.67782516e+02
2.67270464e+02
2.66294729e+02
2.65297523e+02
2.65626190e+02
2.64780044e+02
2.64457258e+02
2.63365595e+02
2.63396259e+02
2.62531430e+02
2.62637459e+02
2.62223142e+02
2.62061950e+02
2.61267540e+02
2.61110084e+02
2.61390027e+02
2.60864114e+02
2.61110587e+02
2.60690187e+02
2.60660180e+02
2.60262384e+02
2.60251851e+02
2.60255611e+02
2.59800146e+02
2.59705934e+02
2.59918720e+02
2.59658472e+02
2.59622808e+02
2.59404347e+02
2.59445215e+02
2.59455016e+02
2.59350455e+02
2.59078938e+02
2.70539856e+02
2.70897951e+02
2.70700889e+02
2.70398295e+02
2.70221908e+02
2.70317566e+02
2.70289160e+02
2.70809153e+02
2.70119868e+02
2.70258112e+02
2.70038281e+02
2.69987751e+02
2.70248668e+02
2.69845401e+02
2.70254774e+02
2.70008941e+02
2.69898262e+02
2.69792557e+02
2.69958297e+02
2.69468032e+02
2.69268610e+02
2.69751458e+02
2.69734848e+02
2.69603092e+02
2.69494319e+02
2.69726485e+02
2.69603802e+02
2.69715020e+02
2.69712119e+02
2.69642814e+02
2.69261771e+02
2.69541886e+02
2.69771852e+02
2.69205810e+02
2.69722303e+02
2.69222998e+02
2.69742690e+02
