2.69366554e+02
4.98292902e+01
4.99720462e+01
5.00966538e+01
5.01044417e+01
5.00359771e+01
4.96651577e+01
5.02918880e+01
5.02426990e+01
5.01991240e+01
5.01245759e+01
4.98558568e+01
5.01079641e+01
5.00472625e+01
5.00473335e+01
5.03979824e+01
4.99455364e+01
5.01344187e+01
5.01802711e+01
4.97351377e+01
4.99998609e+01
5.00496602e+01
4.97778733e+01
5.00188094e+01
4.95625431e+01
5.02035564e+01
4.98827394e+01
5.00894297e+01
5.00754219e+01
4.99996617e+01
5.01646134e+01
4.98225811e+01
4.96587914e+01
5.00442131e+01
5.02509521e+01
4.99942446e+01
4.99610087e+01
2.69950711e+02
1.49778363e+02
1.43385417e+02
1.39331724e+02
1.37095494e+02
1.34034171e+02
1.31728031e+02
1.30462256e+02
1.28785851e+02
1.27314674e+02
1.26499244e+02
1.25807406e+02
1.24526660e+02
1.24083315e+02
1.23313487e+02
1.23201694e+02
1.22769752e+02
1.22388083e+02
1.21873649e+02
1.21508433e+02
1.21440629e+02
1.21344370e+02
1.21515129e+02
1.21002881e+02
1.20843936e+02
1.20508187e+02
1.20555878e+02
1.20567486e+02
1.20017242e+02
1.20314157e+02
1.20360770e+02
1.20375781e+02
1.20361375e+02
1.20108977e+02
1.19871677e+02
1.19476100e+02
1.20111027e+02
2.69791898e+02
2.49691509e+02
2.44512214e+02
2.39014270e+02
2.33211319e+02
2.27414496e+02
2.23199418e+02
2.18921634e+02
2.16140516e+02
2.13001428e+02
2.10303977e+02
2.08393586e+02
2.06442283e+02
2.04475580e+02
2.03521142e+02
2.02302069e+02
2.02046132e+02
2.00481586e+02
2.00154112e+02
1.99094641e+02
1.98569755e+02
1.98628766e+02
1.98150458e+02
1.97646317e+02
1.97858084e+02
1.97096246e+02
1.96880086e+02
1.96962636e+02
1.96640710e+02
1.96441156e+02
1.96507522e+02
1.95804783e+02
1.95720896e+02
1.96169771e+02
1.96233721e+02
1.95956988e+02
1.96058038e+02
2.68309970e+02
2.68439923e+02
2.68448791e+02
2.67956894e+02
2.67307098e+02
2.67065688e+02
2.66556546e+02
2.66314502e+02
2.65730115e+02
2.65259980e+02
2.64868791e+02
2.65084300e+02
2.64516419e+02
2.64343083e+02
2.63884854e+02
2.63985440e+02
2.63490378e+02
2.63963098e+02
2.63320091e+02
2.63449604e+02
2.63165160e+02
2.63297817e+02
2.62710737e+02
2.62779064e+02
2.62721000e+02
2.63137219e+02
2.62402387e+02
2.62745637e+02
2.62934006e+02
2.62554003e+02
2.62596132e+02
2.62523049e+02
2.62194732e+02
2.62933100e+02
2.62345997e+02
2.62577094e+02
2.62579190e+02
2.68185409e+02
2.68193267e+02
2.67893280e+02
2.68029765e+02
2.67700269e+02
2.67478185e+02
2.67536718e+02
2.67003939e+02
2.66436893e+02
2.66146147e+02
2.66416649e+02
2.66025211e+02
2.65709799e+02
2.65332366e+02
2.65820149e+02
2.65451991e+02
2.65347727e+02
2.65035236e+02
2.65233374e+02
2.65040269e+02
2.64962370e+02
2.64705054e+02
2.65244456e+02
2.64875803e+02
2.64806827e+02
2.64830049e+02
2.64890389e+02
2.64795824e+02
2.64817864e+02
2.64752990e+02
2.64632702e+02
2.64614879e+02
2.65046644e+02
2.64269011e+02
2.64839542e+02
2.64852565e+02
2.64620565e+02
2.71210966e+02
2.70699442e+02
2.69180384e+02
2.66998849e+02
2.64160182e+02
2.62103173e+02
2.59433624e+02
2.57102164e+02
2.54921665e+02
2.52986254e+02
2.50821252e+02
2.49347628e+02
2.47725272e+02
2.46127952e+02
2.44743767e+02
2.43491900e+02
2.42432638e+02
2.41079345e+02
2.39803808e+02
2.39464748e+02
2.38806078e+02
2.37460723e+02
2.36816119e+02
2.36499961e+02
2.35250686e+02
2.34859372e+02
2.34479433e+02
2.33997099e+02
2.33731908e+02
2.33076844e+02
2.33041879e+02
2.31875241e+02
2.32017801e+02
2.31169867e+02
2.31177601e+02
2.31412843e+02
2.30877801e+02
2.70922879e+02
2.71015895e+02
2.69643431e+02
2.67546738e+02
2.65546815e+02
2.62861334e+02
2.60763965e+02
2.58559424e+02
2.56722696e+02
2.54982146e+02
2.53295312e+02
2.51904008e+02
2.50157222e+02
2.48737922e+02
2.47343869e+02
2.46554676e+02
2.45204252e+02
2.44321114e+02
2.43698886e+02
2.42263808e+02
2.41958370e+02
2.40895249e+02
2.40280272e+02
2.39805435e+02
2.39348226e+02
2.38679545e+02
2.38670042e+02
2.38126243e+02
2.37478749e+02
2.36804270e+02
2.36870159e+02
2.36318830e+02
2.36101191e+02
2.35572672e+02
2.35647780e+02
2.35469231e+02
2.34965534e+02
2.71279831e+02
2.71034914e+02
2.70419487e+02
2.68617869e+02
2.67064200e+02
2.65810239e+02
2.64728518e+02
2.63597407e+02
2.62319210e+02
2.61607477e+02
2.60662406e+02
2.59905721e+02
2.59092175e+02
2.57981850e+02
2.57428034e+02
2.56691748e+02
2.56403905e+02
2.55956032e+02
2.55592945e+02
2.55194426e+02
2.54753306e+02
2.54348735e+02
2.53961225e+02
2.54140846e+02
2.53130826e+02
2.53499993e+02
2.53030043e+02
2.53002847e+02
2.52602019e+02
2.52292281e+02
2.52430954e+02
2.52336158e+02
2.51641502e+02
2.51355352e+02
2.52013894e+02
2.51966339e+02
2.51705737e+02
2.70972839e+02
2.70639768e+02
2.70447291e+02
2.69338593e+02
2.67776502e+02
2.67146006e+02
2.66445347e+02
2.65525764e+02
2.65280424e+02
2.64562942e+02
2.64041695e+02
2.63697946e+02
2.63234675e+02
2.63060015e+02
2.62576136e+02
2.62094338e+02
2.61875283e+02
2.61627969e+02
2.61338128e+02
2.61405436e+02
2.61029533e+02
2.60616242e+02
2.60665201e+02
2.60657833e+02
2.60104292e+02
2.60287026e+02
2.60009895e+02
2.60277708e+02
2.60256486e+02
2.59843576e+02
2.59717550e+02
2.59777840e+02
2.59802738e+02
2.59442273e+02
2.59567139e+02
2.59245300e+02
2.59435782e+02
2.71247534e+02
2.71065746e+02
2.70756941e+02
2.70634814e+02
2.70369466e+02
2.70190859e+02
2.70282587e+02
2.70178398e+02
2.69674064e+02
2.70110658e+02
2.69857979e+02
2.69718599e+02
2.70337994e+02
2.69756669e+02
2.69679119e+02
2.70224361e+02
2.69681203e+02
2.70036455e+02
2.69915664e+02
2.69425299e+02
2.69325060e+02
2.69447581e+02
2.69316725e+02
2.69562387e+02
2.69605166e+02
2.69256663e+02
2.69496722e+02
2.69287396e+02
2.69068236e+02
2.69929077e+02
2.69514831e+02
2.69428148e+02
2.69194945e+02
2.69742479e+02
2.69406860e+02
2.69664792e+02
2.69431361e+02
