2.70096305e+02
5.01946987e+01
5.01389457e+01
4.99134333e+01
4.99903752e+01
4.97634167e+01
5.00356434e+01
4.99682377e+01
4.97627534e+01
5.00496395e+01
4.96116365e+01
5.01840927e+01
5.02680984e+01
5.01325945e+01
4.97935827e+01
5.02497679e+01
4.97518143e+01
5.03090065e+01
5.01572113e+01
5.02742946e+01
4.99458402e+01
5.00584252e+01
5.00973166e+01
5.02002738e+01
4.96762220e+01
4.98223028e+01
5.03355240e+01
5.02515763e+01
4.99642985e+01
5.00586079e+01
5.03080964e+01
5.01400280e+01
5.02239341e+01
5.01485212e+01
5.02219992e+01
4.96797286e+01
5.00021251e+01
2.69678967e+02
1.49758615e+02
1.43931973e+02
1.40048504e+02
1.37068426e+02
1.34242877e+02
1.32639837e+02
1.30768852e+02
1.29368759e+02
1.27955004e+02
1.27097947e+02
1.25740828e+02
1.24848967e+02
1.24535458e+02
1.24310307e+02
1.23572561e+02
1.23395772e+02
1.22790203e+02
1.22963439e+02
1.22370200e+02
1.22203239e+02
1.21910528e+02
1.22009031e+02
1.21402269e+02
1.21616792e+02
1.21732118e+02
1.21323240e+02
1.21325853e+02
1.20890871e+02
1.21122586e+02
1.21007553e+02
1.20983926e+02
1.21190592e+02
1.20752523e+02
1.20703809e+02
1.21174789e+02
1.20872394e+02
2.70117842e+02
2.50024932e+02
2.44459581e+02
2.38841591e+02
2.33050355e+02
2.28104865e+02
2.23533624e+02
2.19557750e+02
2.16106366e+02
2.13565964e+02
2.11121595e+02
2.09094597e+02
2.07485083e+02
2.05749706e+02
2.04504779e+02
2.03400581e+02
2.02160462e+02
2.02139190e+02
2.00968310e+02
2.00196941e+02
2.00151426e+02
1.99511006e+02
1.99133676e+02
1.99058150e+02
1.98475033e+02
1.98202570e+02
1.98256055e+02
1.98020604e+02
1.97543052e+02
1.97272207e+02
1.97903370e+02
1.97520128e+02
1.96982026e+02
1.96959289e+02
1.97094746e+02
1.97077772e+02
1.96769220e+02
2.68741295e+02
2.68472564e+02
2.68311724e+02
2.68112536e+02
2.67613034e+02
2.66996717e+02
2.66487878e+02
2.65703190e+02
2.65577334e+02
2.64669975e+02
2.64628488e+02
2.64101537e+02
2.64208483e+02
2.63877615e+02
2.63729632e+02
2.62939317e+02
2.62895641e+02
2.62950373e+02
2.62934846e+02
2.62610808e+02
2.62493875e+02
2.62245713e+02
2.62574531e+02
2.62668940e+02
2.62265396e+02
2.62274896e+02
2.62278093e+02
2.62225029e+02
2.62473174e+02
2.62062743e+02
2.62321231e+02
2.62018015e+02
2.62259792e+02
2.62105146e+02
2.62118669e+02
2.62164374e+02
2.62197206e+02
2.67926199e+02
2.68784158e+02
2.68287590e+02
2.67858967e+02
2.67685814e+02
2.67450709e+02
2.67075268e+02
2.66609819e+02
2.66158989e+02
2.65739042e+02
2.65853157e+02
2.65701300e+02
2.65491139e+02
2.65257359e+02
2.64991049e+02
2.64943834e+02
2.64621625e+02
2.64503177e+02
2.64631981e+02
2.64652982e+02
2.64602111e+02
2.64368478e+02
2.64503643e+02
2.64392842e+02
2.64262691e+02
2.64280937e+02
2.64283665e+02
2.64231883e+02
2.64021022e+02
2.64378742e+02
2.64204631e+02
2.64197044e+02
2.64011822e+02
2.64146612e+02
2.64518993e+02
2.64076643e+02
2.64255718e+02
2.68845253e+02
2.68573094e+02
2.66536740e+02
2.64582958e+02
2.62038603e+02
2.59290135e+02
2.57336553e+02
2.54593696e+02
2.52109437e+02
2.50030793e+02
2.47788464e+02
2.46455796e+02
2.44777700e+02
2.43241957e+02
2.41864618e+02
2.40989995e+02
2.39612730e+02
2.38066159e+02
2.37489073e+02
2.36211207e+02
2.35621218e+02
2.34704969e+02
2.33846441e+02
2.33498242e+02
2.32691733e+02
2.32206891e+02
2.31884573e+02
2.31137613e+02
2.30656088e+02
2.30198830e+02
2.30183373e+02
2.29734357e+02
2.29036727e+02
2.29002921e+02
2.28659300e+02
2.28319266e+02
2.28246550e+02
2.69079716e+02
2.68757932e+02
2.67228881e+02
2.65441634e+02
2.62937925e+02
2.60922967e+02
2.58813938e+02
2.56239746e+02
2.54127597e+02
2.52270865e+02
2.50419542e+02
2.48948765e+02
2.47321542e+02
2.46238649e+02
2.44703613e+02
2.43925844e+02
2.42804919e+02
2.42005440e+02
2.40961939e+02
2.40227912e+02
2.39220333e+02
2.38470981e+02
2.38095134e+02
2.37499484e+02
2.36626303e+02
2.36508246e+02
2.35776257e+02
2.35435802e+02
2.35081133e+02
2.34791184e+02
2.34541547e+02
2.34134110e+02
2.33873405e+02
2.33540622e+02
2.33155193e+02
2.33134050e+02
2.32825386e+02
2.70005757e+02
2.70200646e+02
2.69231636e+02
2.68126879e+02
2.66571575e+02
2.64884737e+02
2.64126554e+02
2.62599410e+02
2.61554200e+02
2.60786995e+02
2.59935127e+02
2.58615746e+02
2.58454678e+02
2.57600554e+02
2.56881179e+02
2.56576901e+02
2.55910499e+02
2.55462929e+02
2.55265393e+02
2.54751100e+02
2.54176733e+02
2.54189727e+02
2.53727009e+02
2.53261128e+02
2.53142250e+02
2.53000648e+02
2.52915541e+02
2.52426539e+02
2.52607082e+02
2.52656056e+02
2.52205171e+02
2.51798971e+02
2.51455567e+02
2.51952426e+02
2.51458835e+02
2.51468059e+02
2.51367144e+02
2.70578850e+02
2.70633057e+02
2.69838124e+02
2.68326990e+02
2.67439289e+02
2.66919149e+02
2.66011175e+02
2.65270790e+02
2.64444078e+02
2.63928727e+02
2.63923800e+02
2.62750644e+02
2.62865729e+02
2.62884030e+02
2.62013117e+02
2.62048939e+02
2.61412628e+02
2.61150070e+02
2.60881511e+02
2.60561077e+02
2.60720876e+02
2.61063684e+02
2.60595341e+02
2.60525251e+02
2.60430756e+02
2.60281987e+02
2.59957664e+02
2.59848093e+02
2.59782969e+02
2.59811888e+02
2.59646194e+02
2.59538692e+02
2.59646238e+02
2.59918029e+02
2.59428070e+02
2.59713533e+02
2.59452646e+02
2.70871859e+02
2.70650723e+02
2.70878977e+02
2.70132841e+02
2.70226518e+02
2.70080342e+02
2.69737286e+02
2.69700704e+02
2.69858347e+02
2.69629460e+02
2.69791011e+02
2.69608138e+02
2.69118694e+02
2.69574673e+02
2.69196884e+02
2.69638196e+02
2.69849768e+02
2.69489248e+02
2.69407876e+02
2.69461782e+02
2.69496211e+02
2.69706605e+02
2.69142717e+02
2.69500353e+02
2.69303852e+02
2.69187054e+02
2.69148166e+02
2.69484092e+02
2.69331591e+02
2.69305283e+02
2.69257977e+02
2.69674531e+02
2.69284756e+02
2.69055370e+02
2.69155526e+02
2.69530660e+02
2.69196552e+02
