-2.2000e+02
0.0000e+00
0.0000e+00
0.0000e+00
0.0000e+00
0.0000e+00
0.0000e+00
0.0000e+00
0.0000e+00
0.0000e+00
0.0000e+00
0.0000e+00
0.0000e+00
0.0000e+00
0.0000e+00
0.0000e+00
0.0000e+00
0.0000e+00
0.0000e+00
0.0000e+00
0.0000e+00
0.0000e+00
0.0000e+00
0.0000e+00
0.0000e+00
0.0000e+00
0.0000e+00
0.0000e+00
0.0000e+00
0.0000e+00
0.0000e+00
0.0000e+00
0.0000e+00
0.0000e+00
0.0000e+00
0.0000e+00
-1.2000e+02
-6.3408e+00
-3.8516e+00
-2.9597e+00
-2.5393e+00
-2.2092e+00
-1.8406e+00
-1.5216e+00
-1.2648e+00
-1.0586e+00
-8.9167e-01
-7.5539e-01
-6.4317e-01
-5.5008e-01
-4.7235e-01
-4.0710e-01
-3.5205e-01
-3.0542e-01
-2.6577e-01
-2.3194e-01
-2.0299e-01
-1.7816e-01
-1.5679e-01
-1.3837e-01
-1.2244e-01
-1.0865e-01
-9.6678e-02
-8.6265e-02
-7.7187e-02
-6.9259e-02
-6.2318e-02
-5.6231e-02
-5.0878e-02
-4.6163e-02
-4.2000e-02
-3.8315e-02
-2.0000e+01
-5.5189e+00
-5.5486e+00
-5.6005e+00
-5.3040e+00
-4.6954e+00
-4.0507e+00
-3.4600e+00
-2.9438e+00
-2.5021e+00
-2.1278e+00
-1.8119e+00
-1.5455e+00
-1.3209e+00
-1.1312e+00
-9.7069e-01
-8.3462e-01
-7.1903e-01
-6.2065e-01
-5.3676e-01
-4.6509e-01
-4.0376e-01
-3.5118e-01
-3.0604e-01
-2.6722e-01
-2.3380e-01
-2.0498e-01
-1.8009e-01
-1.5857e-01
-1.3994e-01
-1.2377e-01
-1.0974e-01
-9.7537e-02
-8.6907e-02
-7.7633e-02
-6.9531e-02
-7.9533e-02
-2.3056e-01
-3.5552e-01
-4.4927e-01
-5.0115e-01
-5.1312e-01
-4.9519e-01
-4.5946e-01
-4.1563e-01
-3.6996e-01
-3.2593e-01
-2.8529e-01
-2.4871e-01
-2.1630e-01
-1.8786e-01
-1.6307e-01
-1.4152e-01
-1.2286e-01
-1.0671e-01
-9.2753e-02
-8.0692e-02
-7.0273e-02
-6.1271e-02
-5.3490e-02
-4.6764e-02
-4.0944e-02
-3.5908e-02
-3.1546e-02
-2.7764e-02
-2.4484e-02
-2.1635e-02
-1.9158e-02
-1.7003e-02
-1.5126e-02
-1.3488e-02
-1.2057e-02
-2.1752e-02
-9.8090e-02
-1.8270e-01
-2.5444e-01
-3.0232e-01
-3.2337e-01
-3.2180e-01
-3.0496e-01
-2.7984e-01
-2.5148e-01
-2.2298e-01
-1.9603e-01
-1.7140e-01
-1.4936e-01
-1.2990e-01
-1.1286e-01
-9.8007e-02
-8.5110e-02
-7.3936e-02
-6.4265e-02
-5.5904e-02
-4.8675e-02
-4.2427e-02
-3.7026e-02
-3.2355e-02
-2.8315e-02
-2.4819e-02
-2.1789e-02
-1.9165e-02
-1.6887e-02
-1.4912e-02
-1.3193e-02
-1.1699e-02
-1.0399e-02
-9.2630e-03
-8.2730e-03
-4.3776e-01
-1.5271e+00
-2.2529e+00
-2.5609e+00
-2.6436e+00
-2.6053e+00
-2.5023e+00
-2.3664e+00
-2.2162e+00
-2.0626e+00
-1.9122e+00
-1.7688e+00
-1.6342e+00
-1.5092e+00
-1.3941e+00
-1.2885e+00
-1.1919e+00
-1.1038e+00
-1.0234e+00
-9.5020e-01
-8.8344e-01
-8.2253e-01
-7.6692e-01
-7.1606e-01
-6.6951e-01
-6.2682e-01
-5.8762e-01
-5.5156e-01
-5.1833e-01
-4.8766e-01
-4.5931e-01
-4.3305e-01
-4.0870e-01
-3.8607e-01
-3.6502e-01
-3.4540e-01
-5.1571e-01
-1.6466e+00
-2.2661e+00
-2.4624e+00
-2.4691e+00
-2.3878e+00
-2.2650e+00
-2.1240e+00
-1.9774e+00
-1.8325e+00
-1.6937e+00
-1.5631e+00
-1.4417e+00
-1.3299e+00
-1.2274e+00
-1.1338e+00
-1.0485e+00
-9.7081e-01
-9.0013e-01
-8.3580e-01
-7.7720e-01
-7.2378e-01
-6.7502e-01
-6.3044e-01
-5.8963e-01
-5.5221e-01
-5.1784e-01
-4.8621e-01
-4.5706e-01
-4.3015e-01
-4.0526e-01
-3.8220e-01
-3.6080e-01
-3.4091e-01
-3.2240e-01
-3.0514e-01
-2.8862e-01
-9.8464e-01
-1.3435e+00
-1.4342e+00
-1.4171e+00
-1.3543e+00
-1.2714e+00
-1.1808e+00
-1.0890e+00
-9.9982e-01
-9.1554e-01
-8.3724e-01
-7.6533e-01
-6.9978e-01
-6.4034e-01
-5.8660e-01
-5.3810e-01
-4.9437e-01
-4.5495e-01
-4.1939e-01
-3.8729e-01
-3.5827e-01
-3.3201e-01
-3.0821e-01
-2.8659e-01
-2.6692e-01
-2.4899e-01
-2.3261e-01
-2.1763e-01
-2.0390e-01
-1.9128e-01
-1.7967e-01
-1.6896e-01
-1.5907e-01
-1.4992e-01
-1.4144e-01
-2.0858e-01
-7.9876e-01
-1.0761e+00
-1.0586e+00
-9.5837e-01
-8.5415e-01
-7.6254e-01
-6.8349e-01
-6.1445e-01
-5.5357e-01
-4.9961e-01
-4.5170e-01
-4.0911e-01
-3.7123e-01
-3.3752e-01
-3.0749e-01
-2.8071e-01
-2.5681e-01
-2.3543e-01
-2.1629e-01
-1.9911e-01
-1.8366e-01
-1.6975e-01
-1.5719e-01
-1.4583e-01
-1.3554e-01
-1.2618e-01
-1.1766e-01
-1.0989e-01
-1.0278e-01
-9.6270e-02
-9.0292e-02
-8.4792e-02
-7.9723e-02
-7.5042e-02
-7.0712e-02
-9.2598e-02
-1.8572e-01
-1.6637e-01
-1.3538e-01
-1.1196e-01
-9.4836e-02
-8.1787e-02
-7.1277e-02
-6.2522e-02
-5.5103e-02
-4.8756e-02
-4.3288e-02
-3.8559e-02
-3.4450e-02
-3.0873e-02
-2.7747e-02
-2.5009e-02
-2.2605e-02
-2.0488e-02
-1.8620e-02
-1.6968e-02
-1.5500e-02
-1.4197e-02
-1.3034e-02
-1.1994e-02
-1.1063e-02
-1.0226e-02
-9.4720e-03
-8.7910e-03
-8.1750e-03
-7.6150e-03
-7.1070e-03
-6.6430e-03
-6.2190e-03
-5.8300e-03
-5.4730e-03
