2.70000000e+02
5.00000000e+01
5.00000000e+01
5.00000000e+01
5.00000000e+01
5.00000000e+01
5.00000000e+01
5.00000000e+01
5.00000000e+01
5.00000000e+01
5.00000000e+01
5.00000000e+01
5.00000000e+01
5.00000000e+01
5.00000000e+01
5.00000000e+01
5.00000000e+01
5.00000000e+01
5.00000000e+01
5.00000000e+01
5.00000000e+01
5.00000000e+01
5.00000000e+01
5.00000000e+01
5.00000000e+01
5.00000000e+01
5.00000000e+01
5.00000000e+01
5.00000000e+01
5.00000000e+01
5.00000000e+01
5.00000000e+01
5.00000000e+01
5.00000000e+01
5.00000000e+01
5.00000000e+01
5.00000000e+01
2.70000000e+02
1.50000000e+02
1.43880004e+02
1.40077781e+02
1.37136829e+02
1.34626139e+02
1.32519061e+02
1.30715402e+02
1.29219129e+02
1.27976223e+02
1.26937842e+02
1.26065168e+02
1.25327774e+02
1.24701676e+02
1.24167790e+02
1.23710778e+02
1.23318197e+02
1.22979875e+02
1.22687433e+02
1.22433931e+02
1.22213587e+02
1.22021563e+02
1.21853794e+02
1.21706851e+02
1.21577834e+02
1.21464281e+02
1.21364100e+02
1.21275503e+02
1.21196966e+02
1.21127181e+02
1.21065026e+02
1.21009537e+02
1.20959882e+02
1.20915345e+02
1.20875307e+02
1.20839229e+02
1.20807607e+02
2.70000000e+02
2.50000000e+02
2.44403059e+02
2.38870017e+02
2.33326789e+02
2.28107409e+02
2.23511495e+02
2.19569128e+02
2.16216884e+02
2.13375008e+02
2.10967198e+02
2.08925686e+02
2.07192305e+02
2.05717962e+02
2.04461555e+02
2.03388772e+02
2.02470990e+02
2.01684303e+02
2.01008716e+02
2.00427466e+02
1.99926470e+02
1.99493870e+02
1.99119661e+02
1.98795382e+02
1.98513865e+02
1.98269027e+02
1.98055697e+02
1.97869470e+02
1.97706593e+02
1.97563861e+02
1.97438531e+02
1.97328259e+02
1.97231033e+02
1.97145129e+02
1.97069065e+02
1.97001566e+02
1.96943140e+02
2.68649688e+02
2.68550459e+02
2.68290915e+02
2.67904984e+02
2.67425146e+02
2.66895586e+02
2.66358078e+02
2.65843297e+02
2.65368899e+02
2.64942338e+02
2.64564692e+02
2.64233593e+02
2.63945069e+02
2.63694593e+02
2.63477634e+02
2.63289942e+02
2.63127660e+02
2.62987361e+02
2.62866036e+02
2.62761067e+02
2.62670187e+02
2.62591437e+02
2.62523130e+02
2.62463817e+02
2.62412250e+02
2.62367359e+02
2.62328225e+02
2.62294059e+02
2.62264182e+02
2.62238013e+02
2.62215051e+02
2.62194867e+02
2.62177091e+02
2.62161405e+02
2.62147536e+02
2.62135248e+02
2.62124534e+02
2.68321214e+02
2.68291973e+02
2.68175853e+02
2.67971528e+02
2.67694182e+02
2.67369753e+02
2.67026728e+02
2.66688572e+02
2.66370670e+02
2.66080971e+02
2.65822196e+02
2.65593966e+02
2.65394288e+02
2.65220472e+02
2.65069637e+02
2.64938987e+02
2.64825929e+02
2.64728135e+02
2.64643540e+02
2.64570339e+02
2.64506962e+02
2.64452050e+02
2.64404430e+02
2.64363090e+02
2.64327161e+02
2.64295896e+02
2.64268653e+02
2.64244880e+02
2.64224103e+02
2.64205915e+02
2.64189966e+02
2.64175956e+02
2.64163626e+02
2.64152754e+02
2.64143148e+02
2.64134644e+02
2.64127256e+02
2.68724623e+02
2.68433786e+02
2.66824852e+02
2.64494939e+02
2.61923360e+02
2.59325225e+02
2.56803855e+02
2.54409308e+02
2.52163469e+02
2.50073729e+02
2.48139317e+02
2.46354779e+02
2.44712108e+02
2.43202048e+02
2.41814900e+02
2.40541008e+02
2.39371056e+02
2.38296231e+02
2.37308309e+02
2.36399689e+02
2.35563392e+02
2.34793039e+02
2.34082820e+02
2.33427457e+02
2.32822157e+02
2.32262578e+02
2.31744784e+02
2.31265207e+02
2.30820616e+02
2.30408080e+02
2.30024941e+02
2.29668788e+02
2.29337428e+02
2.29028869e+02
2.28741298e+02
2.28473066e+02
2.28231468e+02
2.69045622e+02
2.68803742e+02
2.67417474e+02
2.65362723e+02
2.63072025e+02
2.60744501e+02
2.58477639e+02
2.56320459e+02
2.54295654e+02
2.52411772e+02
2.50669121e+02
2.49063171e+02
2.47586707e+02
2.46231192e+02
2.44987606e+02
2.43846957e+02
2.42800580e+02
2.41840302e+02
2.40958524e+02
2.40148247e+02
2.39403066e+02
2.38717148e+02
2.38085194e+02
2.37502403e+02
2.36964429e+02
2.36467341e+02
2.36007582e+02
2.35581936e+02
2.35187493e+02
2.34821620e+02
2.34481929e+02
2.34166256e+02
2.33872640e+02
2.33599297e+02
2.33344606e+02
2.33107094e+02
2.32893397e+02
2.70364795e+02
2.70136070e+02
2.69164497e+02
2.67850121e+02
2.66473255e+02
2.65133599e+02
2.63869228e+02
2.62695117e+02
2.61615323e+02
2.60628592e+02
2.59730659e+02
2.58915604e+02
2.58176775e+02
2.57507378e+02
2.56900825e+02
2.56350927e+02
2.55851980e+02
2.55398796e+02
2.54986696e+02
2.54611484e+02
2.54269408e+02
2.53957121e+02
2.53671640e+02
2.53410311e+02
2.53170767e+02
2.52950900e+02
2.52748830e+02
2.52562878e+02
2.52391544e+02
2.52233487e+02
2.52087503e+02
2.51952513e+02
2.51827550e+02
2.51711740e+02
2.51604299e+02
2.51504519e+02
2.51413960e+02
2.70698399e+02
2.70524075e+02
2.69708278e+02
2.68616013e+02
2.67569306e+02
2.66647370e+02
2.65846426e+02
2.65147862e+02
2.64534388e+02
2.63992720e+02
2.63512612e+02
2.63085795e+02
2.62705373e+02
2.62365498e+02
2.62061165e+02
2.61788062e+02
2.61542468e+02
2.61321156e+02
2.61121326e+02
2.60940540e+02
2.60776673e+02
2.60627869e+02
2.60492500e+02
2.60369141e+02
2.60256538e+02
2.60153587e+02
2.60059311e+02
2.59972849e+02
2.59893437e+02
2.59820397e+02
2.59753124e+02
2.59691081e+02
2.59633789e+02
2.59580817e+02
2.59531782e+02
2.59486336e+02
2.59445093e+02
2.70856923e+02
2.70759456e+02
2.70554866e+02
2.70372295e+02
2.70225182e+02
2.70104987e+02
2.70004534e+02
2.69919005e+02
2.69845251e+02
2.69781156e+02
2.69725146e+02
2.69675983e+02
2.69632663e+02
2.69594359e+02
2.69560382e+02
2.69530155e+02
2.69503188e+02
2.69479065e+02
2.69457432e+02
2.69437984e+02
2.69420460e+02
2.69404633e+02
2.69390310e+02
2.69377320e+02
2.69365515e+02
2.69354768e+02
2.69344964e+02
2.69336006e+02
2.69327807e+02
2.69320289e+02
2.69313386e+02
2.69307037e+02
2.69301190e+02
2.69295796e+02
2.69290815e+02
2.69286208e+02
2.69282013e+02
