2.70000000e+02
5.00000000e+01
5.00000000e+01
5.00000000e+01
5.00000000e+01
5.00000000e+01
5.00000000e+01
5.00000000e+01
5.00000000e+01
5.00000000e+01
5.00000000e+01
5.00000000e+01
5.00000000e+01
5.00000000e+01
5.00000000e+01
5.00000000e+01
5.00000000e+01
5.00000000e+01
5.00000000e+01
5.00000000e+01
5.00000000e+01
5.00000000e+01
5.00000000e+01
5.00000000e+01
5.00000000e+01
5.00000000e+01
5.00000000e+01
5.00000000e+01
5.00000000e+01
5.00000000e+01
5.00000000e+01
5.00000000e+01
5.00000000e+01
5.00000000e+01
5.00000000e+01
5.00000000e+01
5.00000000e+01
2.70000000e+02
1.50000000e+02
1.43932328e+02
1.40149320e+02
1.37223497e+02
1.34721977e+02
1.32639774e+02
1.30846567e+02
1.29354357e+02
1.28113037e+02
1.27074711e+02
1.26201022e+02
1.25461848e+02
1.24833432e+02
1.24296863e+02
1.23836935e+02
1.23441309e+02
1.23099886e+02
1.22804345e+02
1.22547783e+02
1.22324447e+02
1.22129515e+02
1.21958932e+02
1.21809274e+02
1.21677643e+02
1.21561576e+02
1.21458976e+02
1.21368053e+02
1.21288652e+02
1.21218936e+02
1.21156341e+02
1.21100084e+02
1.21049423e+02
1.21003702e+02
1.20962347e+02
1.20924855e+02
1.20890790e+02
2.70000000e+02
2.50000000e+02
2.44425484e+02
2.38905541e+02
2.33380337e+02
2.28176831e+02
2.23593177e+02
2.19661053e+02
2.16316844e+02
2.13480473e+02
2.11075866e+02
2.09035654e+02
2.07302074e+02
2.05826395e+02
2.04567816e+02
2.03492272e+02
2.02571332e+02
2.01781243e+02
2.01102121e+02
2.00517289e+02
2.00012724e+02
1.99576613e+02
1.99198977e+02
1.98871376e+02
1.98586652e+02
1.98338727e+02
1.98122431e+02
1.97933360e+02
1.97770091e+02
1.97628575e+02
1.97503659e+02
1.97393171e+02
1.97295235e+02
1.97208236e+02
1.97130782e+02
1.97061673e+02
1.96999872e+02
2.68678156e+02
2.68581843e+02
2.68324864e+02
2.67940510e+02
2.67460436e+02
2.66928482e+02
2.66386722e+02
2.65866472e+02
2.65386048e+02
2.64953403e+02
2.64569915e+02
2.64233372e+02
2.63939868e+02
2.63684884e+02
2.63463874e+02
2.63272554e+02
2.63107029e+02
2.62963832e+02
2.62839916e+02
2.62732629e+02
2.62639668e+02
2.62559049e+02
2.62489058e+02
2.62428223e+02
2.62375278e+02
2.62329134e+02
2.62288859e+02
2.62253648e+02
2.62223023e+02
2.62196504e+02
2.62173240e+02
2.62152720e+02
2.62134565e+02
2.62118465e+02
2.62104154e+02
2.62091405e+02
2.62080023e+02
2.68352232e+02
2.68323693e+02
2.68206683e+02
2.67999603e+02
2.67717547e+02
2.67386688e+02
2.67036085e+02
2.66689850e+02
2.66363899e+02
2.66066541e+02
2.65800689e+02
2.65566038e+02
2.65360603e+02
2.65181662e+02
2.65026286e+02
2.64891619e+02
2.64775014e+02
2.64674086e+02
2.64586721e+02
2.64511070e+02
2.64445520e+02
2.64388678e+02
2.64339339e+02
2.64296466e+02
2.64259165e+02
2.64226669e+02
2.64198318e+02
2.64173544e+02
2.64152078e+02
2.64133406e+02
2.64117035e+02
2.64102619e+02
2.64089879e+02
2.64078592e+02
2.64068566e+02
2.64059643e+02
2.64051682e+02
2.70047250e+02
2.69703620e+02
2.68019906e+02
2.65579193e+02
2.62865513e+02
2.60106983e+02
2.57419452e+02
2.54862554e+02
2.52464023e+02
2.50234174e+02
2.48173287e+02
2.46275802e+02
2.44532952e+02
2.42934389e+02
2.41469188e+02
2.40126458e+02
2.38895696e+02
2.37766992e+02
2.36731128e+02
2.35779617e+02
2.34904699e+02
2.34099317e+02
2.33357074e+02
2.32672190e+02
2.32039446e+02
2.31454141e+02
2.30912037e+02
2.30409320e+02
2.29949840e+02
2.29528999e+02
2.29136125e+02
2.28769151e+02
2.28426055e+02
2.28104973e+02
2.27804204e+02
2.27522198e+02
2.27257542e+02
2.70115243e+02
2.69887427e+02
2.68628111e+02
2.66635897e+02
2.64330319e+02
2.61937395e+02
2.59576637e+02
2.57312133e+02
2.55176148e+02
2.53182911e+02
2.51336028e+02
2.49632728e+02
2.48066548e+02
2.46629070e+02
2.45311004e+02
2.44102868e+02
2.42995395e+02
2.41979771e+02
2.41047754e+02
2.40191736e+02
2.39404745e+02
2.38680431e+02
2.38013036e+02
2.37397351e+02
2.36828674e+02
2.36302766e+02
2.35815806e+02
2.35364352e+02
2.34951834e+02
2.34574170e+02
2.34221718e+02
2.33892584e+02
2.33584957e+02
2.33297155e+02
2.33027643e+02
2.32775019e+02
2.32538007e+02
2.70236645e+02
2.70090873e+02
2.69186971e+02
2.67921655e+02
2.66570643e+02
2.65231864e+02
2.63945929e+02
2.62731992e+02
2.61598208e+02
2.60546926e+02
2.59576922e+02
2.58684752e+02
2.57865742e+02
2.57114650e+02
2.56426093e+02
2.55794802e+02
2.55215765e+02
2.54684302e+02
2.54196099e+02
2.53747205e+02
2.53334030e+02
2.52953313e+02
2.52602110e+02
2.52277757e+02
2.51977855e+02
2.51700236e+02
2.51442948e+02
2.51204226e+02
2.50985975e+02
2.50786029e+02
2.50599412e+02
2.50425082e+02
2.50262068e+02
2.50109494e+02
2.49966564e+02
2.49832553e+02
2.49706798e+02
2.70453770e+02
2.70340876e+02
2.69599606e+02
2.68569026e+02
2.67562616e+02
2.66659661e+02
2.65859802e+02
2.65148093e+02
2.64510255e+02
2.63935420e+02
2.63415378e+02
2.62943562e+02
2.62514498e+02
2.62123512e+02
2.61766561e+02
2.61440116e+02
2.61141083e+02
2.60866734e+02
2.60614657e+02
2.60382714e+02
2.60169001e+02
2.59971825e+02
2.59789669e+02
2.59621180e+02
2.59465142e+02
2.59320462e+02
2.59186161e+02
2.59061353e+02
2.58947084e+02
2.58842360e+02
2.58744434e+02
2.58652798e+02
2.58566984e+02
2.58486560e+02
2.58411128e+02
2.58340321e+02
2.58273806e+02
2.70854461e+02
2.70770983e+02
2.70597835e+02
2.70446740e+02
2.70326073e+02
2.70227582e+02
2.70145033e+02
2.70074411e+02
2.70013129e+02
2.69959497e+02
2.69912280e+02
2.69870510e+02
2.69833409e+02
2.69800337e+02
2.69770759e+02
2.69744227e+02
2.69720360e+02
2.69698834e+02
2.69679371e+02
2.69661731e+02
2.69645707e+02
2.69631119e+02
2.69617810e+02
2.69605645e+02
2.69594503e+02
2.69584279e+02
2.69574881e+02
2.69566228e+02
2.69558370e+02
2.69551223e+02
2.69544591e+02
2.69538430e+02
2.69532697e+02
2.69527358e+02
2.69522378e+02
2.69517728e+02
2.69513381e+02
