2.69807375e+02
4.98942760e+01
5.00337143e+01
4.98291653e+01
4.96993908e+01
4.99915898e+01
5.00373036e+01
4.98728605e+01
4.98283634e+01
4.98105329e+01
4.97861001e+01
4.96670167e+01
5.01756320e+01
5.00049662e+01
5.02592199e+01
4.97832984e+01
5.00226031e+01
4.98512923e+01
4.97966910e+01
5.00907231e+01
5.00263932e+01
5.02030367e+01
5.02283125e+01
5.02048323e+01
4.98351821e+01
4.98168015e+01
5.00654829e+01
5.01465685e+01
5.01565447e+01
4.99169278e+01
5.03147905e+01
5.02715724e+01
4.98223378e+01
4.99669724e+01
5.01802493e+01
4.99230819e+01
5.01937642e+01
2.70149261e+02
1.50255741e+02
1.43695107e+02
1.40050827e+02
1.37216185e+02
1.34358567e+02
1.32017120e+02
1.30239957e+02
1.28444363e+02
1.27300897e+02
1.26240269e+02
1.25122350e+02
1.24377807e+02
1.24159352e+02
1.23449394e+02
1.23526829e+02
1.22591969e+02
1.22216803e+02
1.21934302e+02
1.21931344e+02
1.21574439e+02
1.21222887e+02
1.21405233e+02
1.20771106e+02
1.20556642e+02
1.20705048e+02
1.20762765e+02
1.20722346e+02
1.20394531e+02
1.20758743e+02
1.20667402e+02
1.20204179e+02
1.19739908e+02
1.20402396e+02
1.20097118e+02
1.19588665e+02
1.20143268e+02
2.70187990e+02
2.49976350e+02
2.44311028e+02
2.38940076e+02
2.33494674e+02
2.27826776e+02
2.22977010e+02
2.18718269e+02
2.15709284e+02
2.12733251e+02
2.09704650e+02
2.07913224e+02
2.06129963e+02
2.04663389e+02
2.03517876e+02
2.02022522e+02
2.01145969e+02
2.00283135e+02
1.99698758e+02
1.99363296e+02
1.98434703e+02
1.97798952e+02
1.97177626e+02
1.97122089e+02
1.97036612e+02
1.96029832e+02
1.96003294e+02
1.96308935e+02
1.95940615e+02
1.95535212e+02
1.95689348e+02
1.95554997e+02
1.95357483e+02
1.95417369e+02
1.95460903e+02
1.95028309e+02
1.95444413e+02
2.68713044e+02
2.68781735e+02
2.68521880e+02
2.67558554e+02
2.67761557e+02
2.66888877e+02
2.66898604e+02
2.65711622e+02
2.65145809e+02
2.64514403e+02
2.64587496e+02
2.64340101e+02
2.63577472e+02
2.63667158e+02
2.63432412e+02
2.62949561e+02
2.62787174e+02
2.62709495e+02
2.62762851e+02
2.62115480e+02
2.62386259e+02
2.61990509e+02
2.62029297e+02
2.61862363e+02
2.61987021e+02
2.61513663e+02
2.61824218e+02
2.61592789e+02
2.61997778e+02
2.61617369e+02
2.61612510e+02
2.61768450e+02
2.61854476e+02
2.61732825e+02
2.61711373e+02
2.61403446e+02
2.61768329e+02
2.68291373e+02
2.68424628e+02
2.68102089e+02
2.67913810e+02
2.67421275e+02
2.67619524e+02
2.66954063e+02
2.67060676e+02
2.66496933e+02
2.66188401e+02
2.65985823e+02
2.65813249e+02
2.65103341e+02
2.64831731e+02
2.65142266e+02
2.64842944e+02
2.64557273e+02
2.64563557e+02
2.64460411e+02
2.64469590e+02
2.64609498e+02
2.64251241e+02
2.64303953e+02
2.64188755e+02
2.64419973e+02
2.63947068e+02
2.64269773e+02
2.64286825e+02
2.64276052e+02
2.64039767e+02
2.63896425e+02
2.64214469e+02
2.64099250e+02
2.63846466e+02
2.64023498e+02
2.63909410e+02
2.64042787e+02
2.69226288e+02
2.69164796e+02
2.67075396e+02
2.65258093e+02
2.62697571e+02
2.60255540e+02
2.58045111e+02
2.55344204e+02
2.53289402e+02
2.51734365e+02
2.49759604e+02
2.48040701e+02
2.46651875e+02
2.44981726e+02
2.43695911e+02
2.42720134e+02
2.41285867e+02
2.40554833e+02
2.39664872e+02
2.38671929e+02
2.38285205e+02
2.37152515e+02
2.36603521e+02
2.35570727e+02
2.35346492e+02
2.34802570e+02
2.34201170e+02
2.33813999e+02
2.33609567e+02
2.33144260e+02
2.32684611e+02
2.32529833e+02
2.31785956e+02
2.32238342e+02
2.31310876e+02
2.31279164e+02
2.30820587e+02
2.69113304e+02
2.69572792e+02
2.67710603e+02
2.65196674e+02
2.63427947e+02
2.61321246e+02
2.59102282e+02
2.56896864e+02
2.55375400e+02
2.53333632e+02
2.51864316e+02
2.50483079e+02
2.49200747e+02
2.47665309e+02
2.46776102e+02
2.45588684e+02
2.44579198e+02
2.43471057e+02
2.42715845e+02
2.42087330e+02
2.40627029e+02
2.40750386e+02
2.40010740e+02
2.39501136e+02
2.38495228e+02
2.38528047e+02
2.38277788e+02
2.37087416e+02
2.37546186e+02
2.36573745e+02
2.36558108e+02
2.36361353e+02
2.35983854e+02
2.35999579e+02
2.35723422e+02
2.35233068e+02
2.35031576e+02
2.70270480e+02
2.70113564e+02
2.69175664e+02
2.68139996e+02
2.66849735e+02
2.65724727e+02
2.64638964e+02
2.63735113e+02
2.62262087e+02
2.61498949e+02
2.60254294e+02
2.59500672e+02
2.59192160e+02
2.57885323e+02
2.57391515e+02
2.56784582e+02
2.56190995e+02
2.55956870e+02
2.55578787e+02
2.55496140e+02
2.54419910e+02
2.53986617e+02
2.54165338e+02
2.53455149e+02
2.53449170e+02
2.52850833e+02
2.52881786e+02
2.53040531e+02
2.52808874e+02
2.52358535e+02
2.52226556e+02
2.51841985e+02
2.52147330e+02
2.51740759e+02
2.51777128e+02
2.52007137e+02
2.51474764e+02
2.70706833e+02
2.70503041e+02
2.69821172e+02
2.68679354e+02
2.67664860e+02
2.66803028e+02
2.65821322e+02
2.65785021e+02
2.65775508e+02
2.64719549e+02
2.63936038e+02
2.63896523e+02
2.63108155e+02
2.62614530e+02
2.62471505e+02
2.61949249e+02
2.62050054e+02
2.61671022e+02
2.61711552e+02
2.61089333e+02
2.61530897e+02
2.61092811e+02
2.60421489e+02
2.60646898e+02
2.60295795e+02
2.60146815e+02
2.60022840e+02
2.59865469e+02
2.59911213e+02
2.60046802e+02
2.59942351e+02
2.59569384e+02
2.59703799e+02
2.59657724e+02
2.59455063e+02
2.59406333e+02
2.59447174e+02
2.70991946e+02
2.70983666e+02
2.70181730e+02
2.70615223e+02
2.70588988e+02
2.70166638e+02
2.69966450e+02
2.69973302e+02
2.70194281e+02
2.70206951e+02
2.69919035e+02
2.69842601e+02
2.69947047e+02
2.69731678e+02
2.69752828e+02
2.69412302e+02
2.69945500e+02
2.70111665e+02
2.69964716e+02
2.69628998e+02
2.69855304e+02
2.69694208e+02
2.69723873e+02
2.69637618e+02
2.69872909e+02
2.69461149e+02
2.69824006e+02
2.69796967e+02
2.69841710e+02
2.69522838e+02
2.69267413e+02
2.69805253e+02
2.69182544e+02
2.69418166e+02
2.69567088e+02
2.69564338e+02
2.69620065e+02
