2.70000000e+02
5.00000000e+01
5.00000000e+01
5.00000000e+01
5.00000000e+01
5.00000000e+01
5.00000000e+01
5.00000000e+01
5.00000000e+01
5.00000000e+01
5.00000000e+01
5.00000000e+01
5.00000000e+01
5.00000000e+01
5.00000000e+01
5.00000000e+01
5.00000000e+01
5.00000000e+01
5.00000000e+01
5.00000000e+01
5.00000000e+01
5.00000000e+01
5.00000000e+01
5.00000000e+01
5.00000000e+01
5.00000000e+01
5.00000000e+01
5.00000000e+01
5.00000000e+01
5.00000000e+01
5.00000000e+01
5.00000000e+01
5.00000000e+01
5.00000000e+01
5.00000000e+01
5.00000000e+01
5.00000000e+01
2.70000000e+02
1.50000000e+02
1.43836988e+02
1.40021429e+02
1.37067905e+02
1.34547243e+02
1.32417889e+02
1.30601787e+02
1.29095752e+02
1.27843769e+02
1.26796747e+02
1.25915897e+02
1.25170865e+02
1.24537732e+02
1.23997453e+02
1.23534699e+02
1.23137016e+02
1.22794202e+02
1.22497839e+02
1.22240938e+02
1.22017668e+02
1.21823140e+02
1.21653239e+02
1.21504492e+02
1.21373956e+02
1.21259132e+02
1.21157890e+02
1.21068417e+02
1.20989867e+02
1.20921887e+02
1.20861020e+02
1.20806490e+02
1.20757551e+02
1.20713541e+02
1.20673881e+02
1.20638069e+02
1.20605664e+02
2.70000000e+02
2.50000000e+02
2.44375901e+02
2.38781528e+02
2.33152272e+02
2.27837557e+02
2.23143216e+02
2.19101747e+02
2.15652870e+02
2.12719253e+02
2.10225973e+02
2.08105956e+02
2.06301274e+02
2.04762762e+02
2.03449031e+02
2.02325357e+02
2.01362622e+02
2.00536400e+02
1.99826163e+02
1.99214637e+02
1.98687252e+02
1.98231698e+02
1.97837556e+02
1.97495991e+02
1.97199499e+02
1.96941699e+02
1.96717154e+02
1.96521229e+02
1.96351340e+02
1.96205981e+02
1.96077870e+02
1.95964762e+02
1.95864714e+02
1.95776048e+02
1.95697316e+02
1.95627265e+02
1.95564814e+02
2.68715437e+02
2.68633555e+02
2.68394722e+02
2.68019891e+02
2.67538255e+02
2.66994031e+02
2.66431588e+02
2.65885208e+02
2.65375970e+02
2.64913962e+02
2.64502010e+02
2.64138774e+02
2.63820792e+02
2.63543713e+02
2.63302984e+02
2.63094209e+02
2.62913331e+02
2.62756695e+02
2.62621061e+02
2.62503586e+02
2.62401791e+02
2.62313525e+02
2.62236928e+02
2.62170394e+02
2.62112538e+02
2.62062168e+02
2.62018257e+02
2.61979924e+02
2.61946519e+02
2.61917729e+02
2.61892596e+02
2.61870491e+02
2.61850977e+02
2.61833707e+02
2.61818389e+02
2.61804776e+02
2.61792652e+02
2.68317689e+02
2.68299377e+02
2.68210988e+02
2.68038047e+02
2.67788568e+02
2.67484140e+02
2.67151988e+02
2.66816622e+02
2.66495535e+02
2.66198855e+02
2.65931049e+02
2.65692957e+02
2.65483363e+02
2.65300037e+02
2.65140350e+02
2.65001618e+02
2.64881281e+02
2.64776993e+02
2.64686647e+02
2.64608379e+02
2.64540555e+02
2.64481751e+02
2.64430732e+02
2.64386431e+02
2.64347924e+02
2.64314415e+02
2.64285221e+02
2.64259751e+02
2.64237647e+02
2.64218566e+02
2.64201845e+02
2.64187172e+02
2.64174245e+02
2.64162821e+02
2.64152701e+02
2.64143717e+02
2.64135724e+02
2.66532105e+02
2.66383773e+02
2.64923522e+02
2.62745268e+02
2.60324633e+02
2.57872835e+02
2.55490949e+02
2.53227916e+02
2.51105410e+02
2.49130968e+02
2.47304071e+02
2.45619568e+02
2.44069784e+02
2.42645811e+02
2.41338310e+02
2.40137998e+02
2.39035930e+02
2.38023668e+02
2.37093358e+02
2.36237762e+02
2.35450250e+02
2.34724783e+02
2.34055873e+02
2.33438546e+02
2.32868300e+02
2.32341063e+02
2.31853150e+02
2.31401231e+02
2.30986002e+02
2.30611135e+02
2.30261841e+02
2.29936350e+02
2.29632861e+02
2.29349698e+02
2.29085332e+02
2.28838364e+02
2.28607513e+02
2.67105082e+02
2.66980751e+02
2.65719348e+02
2.63787478e+02
2.61616740e+02
2.59404335e+02
2.57246679e+02
2.55192202e+02
2.53263487e+02
2.51469150e+02
2.49809627e+02
2.48280574e+02
2.46875017e+02
2.45584703e+02
2.44400923e+02
2.43315018e+02
2.42318666e+02
2.41404037e+02
2.40563873e+02
2.39791505e+02
2.39080849e+02
2.38426374e+02
2.37823070e+02
2.37266405e+02
2.36752284e+02
2.36277010e+02
2.35837241e+02
2.35429959e+02
2.35055917e+02
2.34718328e+02
2.34403619e+02
2.34110316e+02
2.33836842e+02
2.33581701e+02
2.33343517e+02
2.33121030e+02
2.32913083e+02
2.69545764e+02
2.69323771e+02
2.68361618e+02
2.67049757e+02
2.65667550e+02
2.64316094e+02
2.63034726e+02
2.61839341e+02
2.60734841e+02
2.59720702e+02
2.58793270e+02
2.57947148e+02
2.57176132e+02
2.56473818e+02
2.55833958e+02
2.55250652e+02
2.54718449e+02
2.54232375e+02
2.53787933e+02
2.53381075e+02
2.53008173e+02
2.52665978e+02
2.52351585e+02
2.52062397e+02
2.51796087e+02
2.51550576e+02
2.51323995e+02
2.51114671e+02
2.50922660e+02
2.50749127e+02
2.50588024e+02
2.50438334e+02
2.50299114e+02
2.50169523e+02
2.50048801e+02
2.49936259e+02
2.49831271e+02
2.70307819e+02
2.70132850e+02
2.69316284e+02
2.68224583e+02
2.67177363e+02
2.66251070e+02
2.65440946e+02
2.64728510e+02
2.64097176e+02
2.63534491e+02
2.63030958e+02
2.62578936e+02
2.62172058e+02
2.61804915e+02
2.61472869e+02
2.61171914e+02
2.60898580e+02
2.60649851e+02
2.60423094e+02
2.60216009e+02
2.60026579e+02
2.59853028e+02
2.59693792e+02
2.59547487e+02
2.59412887e+02
2.59288902e+02
2.59174561e+02
2.59068995e+02
2.58972217e+02
2.58884739e+02
2.58803520e+02
2.58728093e+02
2.58657990e+02
2.58592777e+02
2.58532064e+02
2.58475495e+02
2.58422749e+02
2.70843071e+02
2.70744254e+02
2.70541647e+02
2.70363236e+02
2.70220877e+02
2.70105264e+02
2.70008957e+02
2.69927074e+02
2.69856504e+02
2.69795178e+02
2.69741562e+02
2.69694460e+02
2.69652903e+02
2.69616102e+02
2.69583398e+02
2.69554241e+02
2.69528169e+02
2.69504787e+02
2.69483763e+02
2.69464810e+02
2.69447683e+02
2.69432170e+02
2.69418089e+02
2.69405281e+02
2.69393609e+02
2.69382951e+02
2.69373203e+02
2.69364272e+02
2.69356139e+02
2.69348837e+02
2.69342102e+02
2.69335883e+02
2.69330133e+02
2.69324809e+02
2.69319875e+02
2.69315297e+02
2.69311044e+02
