-2.2000e+02
0.0000e+00
0.0000e+00
0.0000e+00
0.0000e+00
0.0000e+00
0.0000e+00
0.0000e+00
0.0000e+00
0.0000e+00
0.0000e+00
0.0000e+00
0.0000e+00
0.0000e+00
0.0000e+00
0.0000e+00
0.0000e+00
0.0000e+00
0.0000e+00
0.0000e+00
0.0000e+00
0.0000e+00
0.0000e+00
0.0000e+00
0.0000e+00
0.0000e+00
0.0000e+00
0.0000e+00
0.0000e+00
0.0000e+00
0.0000e+00
0.0000e+00
0.0000e+00
0.0000e+00
0.0000e+00
0.0000e+00
-1.2000e+02
-6.5494e+00
-3.8889e+00
-2.9795e+00
-2.5797e+00
-2.2186e+00
-1.8236e+00
-1.4983e+00
-1.2393e+00
-1.0326e+00
-8.6617e-01
-7.3085e-01
-6.1985e-01
-5.2811e-01
-4.5176e-01
-3.8787e-01
-3.3412e-01
-2.8870e-01
-2.5019e-01
-2.1740e-01
-1.8940e-01
-1.6542e-01
-1.4483e-01
-1.2711e-01
-1.1181e-01
-9.8588e-02
-8.7125e-02
-7.5173e-02
-6.6462e-02
-5.9425e-02
-5.3200e-02
-4.7715e-02
-4.2882e-02
-3.8616e-02
-3.4844e-02
-3.1505e-02
-2.0000e+01
-5.6066e+00
-5.5301e+00
-5.5616e+00
-5.2398e+00
-4.6177e+00
-3.9686e+00
-3.3770e+00
-2.8624e+00
-2.4242e+00
-2.0545e+00
-1.7437e+00
-1.4826e+00
-1.2632e+00
-1.0785e+00
-9.2276e-01
-7.9109e-01
-6.7955e-01
-5.8487e-01
-5.0433e-01
-4.3569e-01
-3.7707e-01
-3.2692e-01
-2.8394e-01
-2.4705e-01
-2.1533e-01
-1.8803e-01
-1.6068e-01
-1.4017e-01
-1.2358e-01
-1.0914e-01
-9.6566e-02
-8.5597e-02
-7.6014e-02
-6.7630e-02
-6.0286e-02
-9.9114e-02
-2.5601e-01
-3.7792e-01
-4.6864e-01
-5.1813e-01
-5.2782e-01
-5.0755e-01
-4.6962e-01
-4.2380e-01
-3.7638e-01
-3.3087e-01
-2.8899e-01
-2.5141e-01
-2.1819e-01
-1.8911e-01
-1.6381e-01
-1.4187e-01
-1.2290e-01
-1.0652e-01
-9.2381e-02
-8.0185e-02
-6.9664e-02
-6.0586e-02
-5.2751e-02
-4.5983e-02
-4.0135e-02
-3.5078e-02
-3.0321e-02
-2.6301e-02
-2.3080e-02
-2.0345e-02
-1.7979e-02
-1.5920e-02
-1.4123e-02
-1.2552e-02
-1.1175e-02
-2.9912e-02
-1.1687e-01
-2.0348e-01
-2.7463e-01
-3.2097e-01
-3.4000e-01
-3.3616e-01
-3.1709e-01
-2.8994e-01
-2.5979e-01
-2.2976e-01
-2.0151e-01
-1.7580e-01
-1.5287e-01
-1.3268e-01
-1.1503e-01
-9.9691e-02
-8.6397e-02
-7.4898e-02
-6.4965e-02
-5.6389e-02
-4.8985e-02
-4.2596e-02
-3.7078e-02
-3.2312e-02
-2.8194e-02
-2.4633e-02
-2.1207e-02
-1.8499e-02
-1.6213e-02
-1.4270e-02
-1.2598e-02
-1.1147e-02
-9.8820e-03
-8.7770e-03
-7.8100e-03
-1.3030e-01
-1.2546e+00
-2.0201e+00
-2.3397e+00
-2.4262e+00
-2.3907e+00
-2.2912e+00
-2.1594e+00
-2.0137e+00
-1.8650e+00
-1.7198e+00
-1.5814e+00
-1.4518e+00
-1.3317e+00
-1.2212e+00
-1.1199e+00
-1.0275e+00
-9.4321e-01
-8.6651e-01
-7.9673e-01
-7.3324e-01
-6.7546e-01
-6.2284e-01
-5.7489e-01
-5.3116e-01
-4.9124e-01
-4.5476e-01
-4.1083e-01
-3.7827e-01
-3.5202e-01
-3.2788e-01
-3.0569e-01
-2.8524e-01
-2.6637e-01
-2.4894e-01
-2.3281e-01
-1.8619e-01
-1.3695e+00
-2.0388e+00
-2.2551e+00
-2.2722e+00
-2.1983e+00
-2.0817e+00
-1.9457e+00
-1.8036e+00
-1.6630e+00
-1.5282e+00
-1.4015e+00
-1.2838e+00
-1.1756e+00
-1.0766e+00
-9.8623e-01
-9.0404e-01
-8.2935e-01
-7.6150e-01
-6.9988e-01
-6.4390e-01
-5.9301e-01
-5.4672e-01
-5.0456e-01
-4.6614e-01
-4.3109e-01
-3.9906e-01
-3.6004e-01
-3.3175e-01
-3.0889e-01
-2.8781e-01
-2.6838e-01
-2.5046e-01
-2.3391e-01
-2.1862e-01
-2.0447e-01
-2.2749e-01
-9.2073e-01
-1.2659e+00
-1.3485e+00
-1.3281e+00
-1.2645e+00
-1.1820e+00
-1.0924e+00
-1.0022e+00
-9.1519e-01
-8.3337e-01
-7.5770e-01
-6.8847e-01
-6.2556e-01
-5.6864e-01
-5.1730e-01
-4.7104e-01
-4.2939e-01
-3.9191e-01
-3.5814e-01
-3.2771e-01
-3.0026e-01
-2.7548e-01
-2.5306e-01
-2.3277e-01
-2.1438e-01
-1.9768e-01
-1.7818e-01
-1.6360e-01
-1.5171e-01
-1.4083e-01
-1.3088e-01
-1.2176e-01
-1.1339e-01
-1.0570e-01
-9.8618e-02
-1.7130e-01
-7.7408e-01
-1.0464e+00
-1.0180e+00
-9.1076e-01
-8.0318e-01
-7.1038e-01
-6.3131e-01
-5.6311e-01
-5.0368e-01
-4.5153e-01
-4.0560e-01
-3.6503e-01
-3.2912e-01
-2.9727e-01
-2.6898e-01
-2.4382e-01
-2.2138e-01
-2.0135e-01
-1.8344e-01
-1.6740e-01
-1.5300e-01
-1.4006e-01
-1.2840e-01
-1.1789e-01
-1.0839e-01
-9.9798e-02
-8.9803e-02
-8.2402e-02
-7.6358e-02
-7.0813e-02
-6.5739e-02
-6.1094e-02
-5.6842e-02
-5.2940e-02
-4.9358e-02
-9.2197e-02
-1.9143e-01
-1.6982e-01
-1.3673e-01
-1.1206e-01
-9.4241e-02
-8.0722e-02
-6.9887e-02
-6.0930e-02
-5.3397e-02
-4.6989e-02
-4.1501e-02
-3.6771e-02
-3.2678e-02
-2.9122e-02
-2.6020e-02
-2.3309e-02
-2.0930e-02
-1.8838e-02
-1.6994e-02
-1.5363e-02
-1.3918e-02
-1.2634e-02
-1.1492e-02
-1.0472e-02
-9.5600e-03
-8.7420e-03
-7.8350e-03
-7.1370e-03
-6.5700e-03
-6.0610e-03
-5.5970e-03
-5.1780e-03
-4.7950e-03
-4.4480e-03
-4.1300e-03
