2.70000000e+02
5.00000000e+01
5.00000000e+01
5.00000000e+01
5.00000000e+01
5.00000000e+01
5.00000000e+01
5.00000000e+01
5.00000000e+01
5.00000000e+01
5.00000000e+01
5.00000000e+01
5.00000000e+01
5.00000000e+01
5.00000000e+01
5.00000000e+01
5.00000000e+01
5.00000000e+01
5.00000000e+01
5.00000000e+01
5.00000000e+01
5.00000000e+01
5.00000000e+01
5.00000000e+01
5.00000000e+01
5.00000000e+01
5.00000000e+01
5.00000000e+01
5.00000000e+01
5.00000000e+01
5.00000000e+01
5.00000000e+01
5.00000000e+01
5.00000000e+01
5.00000000e+01
5.00000000e+01
5.00000000e+01
2.70000000e+02
1.50000000e+02
1.43466114e+02
1.39582129e+02
1.36607077e+02
1.34034882e+02
1.31818109e+02
1.29993984e+02
1.28494203e+02
1.27252864e+02
1.26217890e+02
1.25349143e+02
1.24615559e+02
1.23992836e+02
1.23461739e+02
1.23006873e+02
1.22615797e+02
1.22278375e+02
1.21986282e+02
1.21732641e+02
1.21511736e+02
1.21318796e+02
1.21149817e+02
1.21001428e+02
1.20870782e+02
1.20755463e+02
1.20653418e+02
1.20562897e+02
1.20482402e+02
1.20412463e+02
1.20350201e+02
1.20294170e+02
1.20243692e+02
1.20198134e+02
1.20156935e+02
1.20119606e+02
1.20085716e+02
2.70000000e+02
2.50000000e+02
2.44423579e+02
2.38897277e+02
2.33334712e+02
2.28091238e+02
2.23469855e+02
2.19498353e+02
2.16119315e+02
2.13255361e+02
2.10829941e+02
2.08774383e+02
2.07029602e+02
2.05545743e+02
2.04281109e+02
2.03200955e+02
2.02276349e+02
2.01483177e+02
2.00801310e+02
2.00213906e+02
1.99706843e+02
1.99268250e+02
1.98888126e+02
1.98558025e+02
1.98270797e+02
1.98020382e+02
1.97801629e+02
1.97610152e+02
1.97442214e+02
1.97297778e+02
1.97171143e+02
1.97058990e+02
1.96959463e+02
1.96870958e+02
1.96792096e+02
1.96721682e+02
1.96658683e+02
2.68686561e+02
2.68586316e+02
2.68329385e+02
2.67949963e+02
2.67479374e+02
2.66959284e+02
2.66429800e+02
2.65920958e+02
2.65450394e+02
2.65025909e+02
2.64649022e+02
2.64317747e+02
2.64028396e+02
2.63776640e+02
2.63558089e+02
2.63368592e+02
2.63204365e+02
2.63062035e+02
2.62938639e+02
2.62831592e+02
2.62738651e+02
2.62657881e+02
2.62587611e+02
2.62526403e+02
2.62473019e+02
2.62426395e+02
2.62385615e+02
2.62349892e+02
2.62318547e+02
2.62291311e+02
2.62267568e+02
2.62246638e+02
2.62228106e+02
2.62211652e+02
2.62197012e+02
2.62183959e+02
2.62172297e+02
2.68314771e+02
2.68290314e+02
2.68188198e+02
2.68004077e+02
2.67751006e+02
2.67451653e+02
2.67131858e+02
2.66813780e+02
2.66512526e+02
2.66236330e+02
2.65988415e+02
2.65768897e+02
2.65576206e+02
2.65407987e+02
2.65261622e+02
2.65134519e+02
2.65024253e+02
2.64928629e+02
2.64845695e+02
2.64773736e+02
2.64711261e+02
2.64656973e+02
2.64609754e+02
2.64568638e+02
2.64532792e+02
2.64501500e+02
2.64474145e+02
2.64450196e+02
2.64429197e+02
2.64411040e+02
2.64395112e+02
2.64381091e+02
2.64368700e+02
2.64357714e+02
2.64347950e+02
2.64339252e+02
2.64331489e+02
2.69915147e+02
2.69463581e+02
2.67313156e+02
2.64644314e+02
2.61960162e+02
2.59403389e+02
2.57011552e+02
2.54790326e+02
2.52735777e+02
2.50839891e+02
2.49092731e+02
2.47483626e+02
2.46001867e+02
2.44637091e+02
2.43379503e+02
2.42219979e+02
2.41150103e+02
2.40162170e+02
2.39249150e+02
2.38404657e+02
2.37622893e+02
2.36898601e+02
2.36227017e+02
2.35603820e+02
2.35025093e+02
2.34487275e+02
2.33987133e+02
2.33521723e+02
2.33088363e+02
2.32695135e+02
2.32330270e+02
2.31988805e+02
2.31669329e+02
2.31370355e+02
2.31090472e+02
2.30828361e+02
2.30582802e+02
2.70112573e+02
2.70015389e+02
2.69130218e+02
2.67542883e+02
2.65589346e+02
2.63493817e+02
2.61385834e+02
2.59337120e+02
2.57386040e+02
2.55551413e+02
2.53840336e+02
2.52252897e+02
2.50785104e+02
2.49430716e+02
2.48182392e+02
2.47032402e+02
2.45973055e+02
2.44996950e+02
2.44097117e+02
2.43267080e+02
2.42500873e+02
2.41793039e+02
2.41138603e+02
2.40533041e+02
2.39972246e+02
2.39452492e+02
2.38970399e+02
2.38522897e+02
2.38107203e+02
2.37729595e+02
2.37380766e+02
2.37055287e+02
2.36751413e+02
2.36467573e+02
2.36202319e+02
2.35954315e+02
2.35722332e+02
2.70694235e+02
2.70515344e+02
2.69611736e+02
2.68364483e+02
2.67046840e+02
2.65750038e+02
2.64507036e+02
2.63332461e+02
2.62233506e+02
2.61212743e+02
2.60269484e+02
2.59400908e+02
2.58602921e+02
2.57870781e+02
2.57199507e+02
2.56584148e+02
2.56019942e+02
2.55502407e+02
2.55027382e+02
2.54591046e+02
2.54189908e+02
2.53820796e+02
2.53480837e+02
2.53167433e+02
2.52878236e+02
2.52611129e+02
2.52364196e+02
2.52135712e+02
2.51924113e+02
2.51732268e+02
2.51555432e+02
2.51390965e+02
2.51237870e+02
2.51095244e+02
2.50962275e+02
2.50838227e+02
2.50722431e+02
2.70826806e+02
2.70691768e+02
2.69932471e+02
2.68873307e+02
2.67833912e+02
2.66902034e+02
2.66078928e+02
2.65348350e+02
2.64695311e+02
2.64108438e+02
2.63579017e+02
2.63100095e+02
2.62665911e+02
2.62271570e+02
2.61912840e+02
2.61586021e+02
2.61287855e+02
2.61015465e+02
2.60766298e+02
2.60538083e+02
2.60328801e+02
2.60136650e+02
2.59960020e+02
2.59797475e+02
2.59647725e+02
2.59509617e+02
2.59382115e+02
2.59264287e+02
2.59155297e+02
2.59056621e+02
2.58965743e+02
2.58881283e+02
2.58802726e+02
2.58729600e+02
2.58661480e+02
2.58597979e+02
2.58538744e+02
2.70874227e+02
2.70788155e+02
2.70605692e+02
2.70442689e+02
2.70311430e+02
2.70204026e+02
2.70113741e+02
2.70036278e+02
2.69968982e+02
2.69910039e+02
2.69858104e+02
2.69812130e+02
2.69771273e+02
2.69734841e+02
2.69702254e+02
2.69673025e+02
2.69646739e+02
2.69623041e+02
2.69601627e+02
2.69582233e+02
2.69564633e+02
2.69548628e+02
2.69534045e+02
2.69520735e+02
2.69508566e+02
2.69497420e+02
2.69487197e+02
2.69477806e+02
2.69469167e+02
2.69461375e+02
2.69454237e+02
2.69447633e+02
2.69441516e+02
2.69435843e+02
2.69430576e+02
2.69425681e+02
2.69421128e+02
