-2.2000e+02
0.0000e+00
0.0000e+00
0.0000e+00
0.0000e+00
0.0000e+00
0.0000e+00
0.0000e+00
0.0000e+00
0.0000e+00
0.0000e+00
0.0000e+00
0.0000e+00
0.0000e+00
0.0000e+00
0.0000e+00
0.0000e+00
0.0000e+00
0.0000e+00
0.0000e+00
0.0000e+00
0.0000e+00
0.0000e+00
0.0000e+00
0.0000e+00
0.0000e+00
0.0000e+00
0.0000e+00
0.0000e+00
0.0000e+00
0.0000e+00
0.0000e+00
0.0000e+00
0.0000e+00
0.0000e+00
0.0000e+00
-1.2000e+02
-6.5246e+00
-3.8746e+00
-2.9608e+00
-2.5591e+00
-2.2067e+00
-1.8165e+00
-1.4939e+00
-1.2371e+00
-1.0322e+00
-8.6730e-01
-7.3323e-01
-6.2322e-01
-5.3221e-01
-4.5639e-01
-3.9283e-01
-3.3927e-01
-2.9391e-01
-2.5535e-01
-2.2244e-01
-1.9427e-01
-1.7007e-01
-1.4924e-01
-1.3125e-01
-1.1569e-01
-1.0219e-01
-8.8378e-02
-7.8099e-02
-6.9734e-02
-6.2348e-02
-5.5844e-02
-5.0114e-02
-4.5059e-02
-4.0592e-02
-3.6639e-02
-3.3136e-02
-2.0000e+01
-5.5453e+00
-5.5014e+00
-5.5292e+00
-5.2143e+00
-4.6019e+00
-3.9622e+00
-3.3789e+00
-2.8711e+00
-2.4381e+00
-2.0721e+00
-1.7637e+00
-1.5041e+00
-1.2853e+00
-1.1007e+00
-9.4452e-01
-8.1215e-01
-6.9969e-01
-6.0394e-01
-5.2226e-01
-4.5242e-01
-3.9261e-01
-3.4129e-01
-2.9718e-01
-2.5921e-01
-2.2647e-01
-1.9404e-01
-1.6939e-01
-1.4932e-01
-1.3183e-01
-1.1659e-01
-1.0328e-01
-9.1643e-02
-8.1462e-02
-7.2539e-02
-6.4708e-02
-1.0064e-01
-2.6391e-01
-3.9496e-01
-4.9577e-01
-5.5495e-01
-5.7230e-01
-5.5674e-01
-5.2052e-01
-4.7403e-01
-4.2433e-01
-3.7558e-01
-3.3001e-01
-2.8862e-01
-2.5167e-01
-2.1906e-01
-1.9050e-01
-1.6559e-01
-1.4395e-01
-1.2517e-01
-1.0889e-01
-9.4797e-02
-8.2593e-02
-7.2027e-02
-6.2877e-02
-5.4948e-02
-4.8077e-02
-4.1654e-02
-3.6206e-02
-3.1780e-02
-2.8010e-02
-2.4745e-02
-2.1902e-02
-1.9420e-02
-1.7247e-02
-1.5343e-02
-1.3673e-02
-3.0041e-02
-1.1856e-01
-2.0979e-01
-2.8712e-01
-3.4021e-01
-3.6533e-01
-3.6589e-01
-3.4918e-01
-3.2253e-01
-2.9153e-01
-2.5977e-01
-2.2931e-01
-2.0118e-01
-1.7582e-01
-1.5327e-01
-1.3343e-01
-1.1607e-01
-1.0094e-01
-8.7794e-02
-7.6388e-02
-6.6501e-02
-5.7935e-02
-5.0514e-02
-4.4087e-02
-3.8517e-02
-3.3688e-02
-2.9072e-02
-2.5406e-02
-2.2280e-02
-1.9609e-02
-1.7307e-02
-1.5307e-02
-1.3562e-02
-1.2038e-02
-1.0702e-02
-9.5300e-03
-4.1866e-01
-1.7503e+00
-2.4358e+00
-2.6362e+00
-2.6296e+00
-2.5312e+00
-2.3921e+00
-2.2359e+00
-2.0752e+00
-1.9169e+00
-1.7649e+00
-1.6216e+00
-1.4878e+00
-1.3639e+00
-1.2499e+00
-1.1454e+00
-1.0499e+00
-9.6277e-01
-8.8341e-01
-8.1119e-01
-7.4548e-01
-6.8570e-01
-6.3131e-01
-5.8181e-01
-5.3672e-01
-4.9563e-01
-4.4763e-01
-4.1146e-01
-3.8214e-01
-3.5522e-01
-3.3050e-01
-3.0778e-01
-2.8687e-01
-2.6762e-01
-2.4987e-01
-2.3349e-01
-3.1900e-01
-1.4302e+00
-2.0776e+00
-2.3011e+00
-2.3292e+00
-2.2644e+00
-2.1540e+00
-2.0219e+00
-1.8814e+00
-1.7405e+00
-1.6038e+00
-1.4741e+00
-1.3527e+00
-1.2401e+00
-1.1365e+00
-1.0415e+00
-9.5469e-01
-8.7552e-01
-8.0342e-01
-7.3781e-01
-6.7812e-01
-6.2383e-01
-5.7443e-01
-5.2946e-01
-4.8851e-01
-4.5118e-01
-4.0716e-01
-3.7457e-01
-3.4805e-01
-3.2362e-01
-3.0114e-01
-2.8046e-01
-2.6142e-01
-2.4389e-01
-2.2773e-01
-2.1282e-01
-2.9181e-01
-9.4363e-01
-1.2527e+00
-1.3197e+00
-1.2984e+00
-1.2413e+00
-1.1680e+00
-1.0877e+00
-1.0058e+00
-9.2572e-01
-8.4948e-01
-7.7814e-01
-7.1211e-01
-6.5147e-01
-5.9603e-01
-5.4551e-01
-4.9957e-01
-4.5782e-01
-4.1991e-01
-3.8548e-01
-3.5421e-01
-3.2580e-01
-2.9997e-01
-2.7647e-01
-2.5507e-01
-2.3556e-01
-2.1326e-01
-1.9613e-01
-1.8190e-01
-1.6894e-01
-1.5710e-01
-1.4624e-01
-1.3628e-01
-1.2710e-01
-1.1865e-01
-1.1086e-01
-2.1302e-01
-7.7826e-01
-1.0142e+00
-9.7474e-01
-8.6960e-01
-7.6885e-01
-6.8402e-01
-6.1265e-01
-5.5133e-01
-4.9781e-01
-4.5064e-01
-4.0880e-01
-3.7153e-01
-3.3824e-01
-3.0843e-01
-2.8166e-01
-2.5759e-01
-2.3590e-01
-2.1631e-01
-1.9861e-01
-1.8257e-01
-1.6803e-01
-1.5483e-01
-1.4282e-01
-1.3189e-01
-1.2192e-01
-1.1049e-01
-1.0180e-01
-9.4500e-02
-8.7823e-02
-8.1721e-02
-7.6133e-02
-7.1000e-02
-6.6275e-02
-6.1920e-02
-5.7900e-02
-8.6107e-02
-1.6684e-01
-1.4544e-01
-1.1616e-01
-9.4852e-02
-7.9696e-02
-6.8351e-02
-5.9345e-02
-5.1940e-02
-4.5731e-02
-4.0455e-02
-3.5930e-02
-3.2024e-02
-2.8629e-02
-2.5668e-02
-2.3073e-02
-2.0791e-02
-1.8777e-02
-1.6994e-02
-1.5412e-02
-1.4004e-02
-1.2749e-02
-1.1625e-02
-1.0619e-02
-9.7160e-03
-8.9030e-03
-8.0050e-03
-7.3150e-03
-6.7430e-03
-6.2250e-03
-5.7560e-03
-5.3290e-03
-4.9410e-03
-4.5860e-03
-4.2630e-03
-3.9660e-03
