-2.2000e+02
0.0000e+00
0.0000e+00
0.0000e+00
0.0000e+00
0.0000e+00
0.0000e+00
0.0000e+00
0.0000e+00
0.0000e+00
0.0000e+00
0.0000e+00
0.0000e+00
0.0000e+00
0.0000e+00
0.0000e+00
0.0000e+00
0.0000e+00
0.0000e+00
0.0000e+00
0.0000e+00
0.0000e+00
0.0000e+00
0.0000e+00
0.0000e+00
0.0000e+00
0.0000e+00
0.0000e+00
0.0000e+00
0.0000e+00
0.0000e+00
0.0000e+00
0.0000e+00
0.0000e+00
0.0000e+00
0.0000e+00
-1.2000e+02
-6.2136e+00
-3.8194e+00
-2.9529e+00
-2.5186e+00
-2.1446e+00
-1.8164e+00
-1.5028e+00
-1.2472e+00
-1.0413e+00
-8.7440e-01
-7.3804e-01
-6.2576e-01
-5.3266e-01
-4.5500e-01
-3.8988e-01
-3.3504e-01
-2.8868e-01
-2.4934e-01
-2.1588e-01
-1.8733e-01
-1.6291e-01
-1.4197e-01
-1.2399e-01
-1.0851e-01
-9.5155e-02
-8.1410e-02
-7.1390e-02
-6.3307e-02
-5.6216e-02
-5.0012e-02
-4.4578e-02
-3.9811e-02
-3.5624e-02
-3.1939e-02
-2.8691e-02
-2.0000e+01
-5.6408e+00
-5.5883e+00
-5.6181e+00
-5.3012e+00
-4.6786e+00
-4.0240e+00
-3.4288e+00
-2.9110e+00
-2.4687e+00
-2.0942e+00
-1.7784e+00
-1.5124e+00
-1.2882e+00
-1.0990e+00
-9.3918e-01
-8.0390e-01
-6.8922e-01
-5.9182e-01
-5.0897e-01
-4.3838e-01
-3.7815e-01
-3.2669e-01
-2.8266e-01
-2.4493e-01
-2.1256e-01
-1.8024e-01
-1.5617e-01
-1.3684e-01
-1.2008e-01
-1.0555e-01
-9.2918e-02
-8.1937e-02
-7.2376e-02
-6.4041e-02
-5.6765e-02
-8.3158e-02
-2.3057e-01
-3.5143e-01
-4.4073e-01
-4.8785e-01
-4.9563e-01
-4.7474e-01
-4.3741e-01
-3.9314e-01
-3.4786e-01
-3.0476e-01
-2.6534e-01
-2.3012e-01
-1.9910e-01
-1.7201e-01
-1.4851e-01
-1.2818e-01
-1.1065e-01
-9.5542e-02
-8.2539e-02
-7.1352e-02
-6.1730e-02
-5.3453e-02
-4.6331e-02
-4.0200e-02
-3.4921e-02
-2.9930e-02
-2.5787e-02
-2.2502e-02
-1.9717e-02
-1.7315e-02
-1.5233e-02
-1.3424e-02
-1.1848e-02
-1.0476e-02
-9.2770e-03
-1.9652e-02
-8.7654e-02
-1.6485e-01
-2.3099e-01
-2.7519e-01
-2.9433e-01
-2.9233e-01
-2.7616e-01
-2.5240e-01
-2.2583e-01
-1.9932e-01
-1.7440e-01
-1.5175e-01
-1.3159e-01
-1.1387e-01
-9.8406e-02
-8.4994e-02
-7.3396e-02
-6.3388e-02
-5.4764e-02
-4.7339e-02
-4.0947e-02
-3.5447e-02
-3.0714e-02
-2.6639e-02
-2.3130e-02
-1.9724e-02
-1.7112e-02
-1.4912e-02
-1.3041e-02
-1.1438e-02
-1.0053e-02
-8.8520e-03
-7.8070e-03
-6.8960e-03
-6.1020e-03
-2.0492e-01
-1.4851e+00
-2.2062e+00
-2.4514e+00
-2.4768e+00
-2.3957e+00
-2.2635e+00
-2.1095e+00
-1.9489e+00
-1.7903e+00
-1.6385e+00
-1.4960e+00
-1.3638e+00
-1.2423e+00
-1.1313e+00
-1.0302e+00
-9.3851e-01
-8.5538e-01
-7.8014e-01
-7.1207e-01
-6.5051e-01
-5.9481e-01
-5.4442e-01
-4.9879e-01
-4.5744e-01
-4.1996e-01
-3.7488e-01
-3.4223e-01
-3.1645e-01
-2.9280e-01
-2.7113e-01
-2.5128e-01
-2.3306e-01
-2.1635e-01
-2.0100e-01
-1.8689e-01
-1.8151e-01
-1.3276e+00
-1.9984e+00
-2.2227e+00
-2.2425e+00
-2.1662e+00
-2.0445e+00
-1.9037e+00
-1.7572e+00
-1.6126e+00
-1.4745e+00
-1.3450e+00
-1.2251e+00
-1.1151e+00
-1.0147e+00
-9.2344e-01
-8.4073e-01
-7.6587e-01
-6.9819e-01
-6.3701e-01
-5.8172e-01
-5.3174e-01
-4.8654e-01
-4.4563e-01
-4.0858e-01
-3.7501e-01
-3.3430e-01
-3.0537e-01
-2.8251e-01
-2.6140e-01
-2.4201e-01
-2.2421e-01
-2.0790e-01
-1.9293e-01
-1.7920e-01
-1.6658e-01
-2.2825e-01
-9.3196e-01
-1.2668e+00
-1.3408e+00
-1.3168e+00
-1.2513e+00
-1.1672e+00
-1.0763e+00
-9.8480e-01
-8.9642e-01
-8.1326e-01
-7.3631e-01
-6.6590e-01
-6.0194e-01
-5.4412e-01
-4.9202e-01
-4.4516e-01
-4.0306e-01
-3.6525e-01
-3.3131e-01
-3.0082e-01
-2.7343e-01
-2.4880e-01
-2.2665e-01
-2.0670e-01
-1.8871e-01
-1.6877e-01
-1.5340e-01
-1.4064e-01
-1.2919e-01
-1.1887e-01
-1.0953e-01
-1.0104e-01
-9.3316e-02
-8.6276e-02
-7.9847e-02
-1.7265e-01
-7.7457e-01
-1.0325e+00
-9.9588e-01
-8.8749e-01
-7.8116e-01
-6.8981e-01
-6.1226e-01
-5.4530e-01
-4.8671e-01
-4.3510e-01
-3.8948e-01
-3.4909e-01
-3.1328e-01
-2.8149e-01
-2.5324e-01
-2.2812e-01
-2.0574e-01
-1.8580e-01
-1.6800e-01
-1.5209e-01
-1.3786e-01
-1.2512e-01
-1.1369e-01
-1.0344e-01
-9.4223e-02
-8.4156e-02
-7.6547e-02
-7.0000e-02
-6.4103e-02
-5.8810e-02
-5.4044e-02
-4.9737e-02
-4.5835e-02
-4.2290e-02
-3.9064e-02
-8.6718e-02
-1.7129e-01
-1.4845e-01
-1.1792e-01
-9.5792e-02
-7.9916e-02
-6.8021e-02
-5.8607e-02
-5.0855e-02
-4.4348e-02
-3.8825e-02
-3.4103e-02
-3.0044e-02
-2.6538e-02
-2.3502e-02
-2.0861e-02
-1.8559e-02
-1.6546e-02
-1.4783e-02
-1.3233e-02
-1.1869e-02
-1.0665e-02
-9.6010e-03
-8.6580e-03
-7.8220e-03
-7.0770e-03
-6.2950e-03
-5.6720e-03
-5.1590e-03
-4.7030e-03
-4.2980e-03
-3.9340e-03
-3.6060e-03
-3.3120e-03
-3.0450e-03
-2.8040e-03
