2.70000000e+02
5.00000000e+01
5.00000000e+01
5.00000000e+01
5.00000000e+01
5.00000000e+01
5.00000000e+01
5.00000000e+01
5.00000000e+01
5.00000000e+01
5.00000000e+01
5.00000000e+01
5.00000000e+01
5.00000000e+01
5.00000000e+01
5.00000000e+01
5.00000000e+01
5.00000000e+01
5.00000000e+01
5.00000000e+01
5.00000000e+01
5.00000000e+01
5.00000000e+01
5.00000000e+01
5.00000000e+01
5.00000000e+01
5.00000000e+01
5.00000000e+01
5.00000000e+01
5.00000000e+01
5.00000000e+01
5.00000000e+01
5.00000000e+01
5.00000000e+01
5.00000000e+01
5.00000000e+01
5.00000000e+01
2.70000000e+02
1.50000000e+02
1.43480994e+02
1.39604638e+02
1.36639995e+02
1.34075098e+02
1.31862064e+02
1.30039873e+02
1.28540810e+02
1.27299165e+02
1.26262998e+02
1.25392323e+02
1.24656240e+02
1.24030610e+02
1.23496349e+02
1.23038196e+02
1.22643825e+02
1.22303187e+02
1.22008029e+02
1.21751523e+02
1.21527991e+02
1.21332682e+02
1.21161604e+02
1.21011390e+02
1.20879186e+02
1.20762569e+02
1.20659472e+02
1.20568129e+02
1.20487028e+02
1.20414866e+02
1.20350525e+02
1.20293038e+02
1.20241570e+02
1.20195815e+02
1.20155742e+02
1.20119491e+02
1.20086666e+02
2.70000000e+02
2.50000000e+02
2.44446896e+02
2.38943942e+02
2.33415828e+02
2.28204842e+02
2.23608548e+02
2.19654075e+02
2.16284837e+02
2.13424836e+02
2.10998919e+02
2.08939628e+02
2.07188860e+02
2.05697523e+02
2.04424508e+02
2.03335511e+02
2.02401925e+02
2.01599877e+02
2.00909410e+02
2.00313802e+02
1.99799013e+02
1.99353222e+02
1.98966455e+02
1.98630276e+02
1.98337534e+02
1.98082154e+02
1.97858966e+02
1.97663560e+02
1.97492169e+02
1.97341569e+02
1.97208997e+02
1.97092081e+02
1.96988780e+02
1.96898159e+02
1.96819854e+02
1.96749937e+02
1.96687410e+02
2.68698170e+02
2.68599144e+02
2.68343569e+02
2.67965871e+02
2.67497008e+02
2.66977536e+02
2.66446735e+02
2.65934526e+02
2.65458927e+02
2.65028282e+02
2.64644624e+02
2.64306368e+02
2.64010113e+02
2.63751715e+02
2.63526897e+02
2.63331565e+02
2.63161959e+02
2.63014708e+02
2.62886833e+02
2.62775728e+02
2.62679125e+02
2.62595059e+02
2.62521830e+02
2.62457974e+02
2.62402226e+02
2.62353495e+02
2.62310844e+02
2.62273462e+02
2.62240652e+02
2.62211812e+02
2.62186423e+02
2.62164036e+02
2.62144265e+02
2.62126858e+02
2.62111716e+02
2.62098330e+02
2.62086412e+02
2.68366357e+02
2.68336242e+02
2.68219286e+02
2.68015441e+02
2.67739999e+02
2.67417449e+02
2.67074798e+02
2.66734865e+02
2.66413087e+02
2.66117862e+02
2.65852479e+02
2.65617067e+02
2.65410017e+02
2.65228900e+02
2.65071002e+02
2.64933620e+02
2.64814217e+02
2.64710485e+02
2.64620366e+02
2.64542046e+02
2.64473941e+02
2.64414675e+02
2.64363055e+02
2.64318048e+02
2.64278766e+02
2.64244438e+02
2.64214402e+02
2.64188086e+02
2.64164999e+02
2.64144714e+02
2.64126865e+02
2.64111134e+02
2.64097249e+02
2.64085044e+02
2.64074439e+02
2.64065030e+02
2.64056668e+02
2.70261898e+02
2.69834402e+02
2.68245040e+02
2.66010558e+02
2.63539628e+02
2.61021949e+02
2.58555065e+02
2.56191104e+02
2.53957375e+02
2.51866181e+02
2.49920573e+02
2.48118020e+02
2.46452750e+02
2.44917217e+02
2.43503026e+02
2.42201517e+02
2.41004125e+02
2.39902596e+02
2.38889114e+02
2.37956362e+02
2.37097548e+02
2.36306404e+02
2.35577170e+02
2.34904571e+02
2.34283782e+02
2.33710400e+02
2.33180409e+02
2.32690150e+02
2.32236288e+02
2.31815785e+02
2.31425875e+02
2.31064035e+02
2.30727967e+02
2.30419090e+02
2.30141379e+02
2.29882275e+02
2.29639935e+02
2.70373888e+02
2.70000897e+02
2.68568864e+02
2.66528938e+02
2.64271276e+02
2.61976424e+02
2.59733828e+02
2.57589801e+02
2.55568013e+02
2.53678727e+02
2.51923958e+02
2.50300755e+02
2.48803309e+02
2.47424286e+02
2.46155672e+02
2.44989300e+02
2.43917162e+02
2.42931604e+02
2.42025417e+02
2.41191891e+02
2.40424823e+02
2.39718510e+02
2.39067725e+02
2.38467694e+02
2.37914059e+02
2.37402851e+02
2.36930453e+02
2.36493576e+02
2.36089224e+02
2.35714671e+02
2.35367435e+02
2.35045255e+02
2.34746074e+02
2.34471232e+02
2.34224338e+02
2.33993826e+02
2.33778110e+02
2.70871384e+02
2.70632456e+02
2.69681829e+02
2.68374339e+02
2.66983924e+02
2.65616101e+02
2.64313113e+02
2.63092468e+02
2.61960665e+02
2.60918252e+02
2.59962319e+02
2.59088065e+02
2.58289781e+02
2.57561461e+02
2.56897162e+02
2.56291202e+02
2.55738268e+02
2.55233457e+02
2.54772284e+02
2.54350669e+02
2.53964914e+02
2.53611676e+02
2.53287936e+02
2.52990970e+02
2.52718320e+02
2.52467769e+02
2.52237317e+02
2.52025158e+02
2.51829661e+02
2.51649354e+02
2.51482902e+02
2.51329100e+02
2.51186856e+02
2.51056263e+02
2.50938277e+02
2.50828789e+02
2.50727117e+02
2.70940335e+02
2.70762626e+02
2.69977001e+02
2.68907825e+02
2.67861467e+02
2.66921615e+02
2.66090354e+02
2.65353148e+02
2.64696103e+02
2.64108212e+02
2.63580653e+02
2.63106126e+02
2.62678451e+02
2.62292320e+02
2.61943130e+02
2.61626868e+02
2.61340022e+02
2.61079502e+02
2.60842586e+02
2.60626867e+02
2.60430214e+02
2.60250732e+02
2.60086738e+02
2.59936729e+02
2.59799365e+02
2.59673446e+02
2.59557899e+02
2.59451759e+02
2.59354161e+02
2.59264328e+02
2.59181559e+02
2.59105223e+02
2.59034750e+02
2.58970142e+02
2.58911752e+02
2.58857556e+02
2.58807313e+02
2.70887291e+02
2.70795405e+02
2.70605615e+02
2.70436237e+02
2.70299694e+02
2.70187882e+02
2.70093939e+02
2.70013472e+02
2.69943735e+02
2.69882824e+02
2.69829315e+02
2.69782090e+02
2.69740251e+02
2.69703057e+02
2.69669895e+02
2.69640246e+02
2.69613674e+02
2.69589804e+02
2.69568315e+02
2.69548932e+02
2.69531415e+02
2.69515556e+02
2.69501174e+02
2.69488110e+02
2.69476225e+02
2.69465397e+02
2.69455516e+02
2.69446489e+02
2.69438229e+02
2.69430661e+02
2.69423719e+02
2.69417343e+02
2.69411479e+02
2.69406117e+02
2.69401280e+02
2.69396820e+02
2.69392699e+02
