2.69463100e+02
5.02433823e+01
5.01446408e+01
5.01373355e+01
4.99148863e+01
4.99558025e+01
5.00237188e+01
4.99188972e+01
4.94440670e+01
5.00184703e+01
5.02140009e+01
5.03363235e+01
4.98107147e+01
4.93839744e+01
5.02984375e+01
4.98438135e+01
5.02076694e+01
5.03541687e+01
4.98777864e+01
4.97996502e+01
5.03053533e+01
5.01267046e+01
4.99807467e+01
5.00825019e+01
5.00304780e+01
5.01796640e+01
5.01684846e+01
4.99763128e+01
4.96812449e+01
4.97645915e+01
5.01819026e+01
4.99851759e+01
5.02183219e+01
4.98331419e+01
5.02531344e+01
5.01863571e+01
4.99456907e+01
2.70020233e+02
1.49897299e+02
1.43674436e+02
1.39615245e+02
1.36817754e+02
1.34189231e+02
1.31982129e+02
1.30361466e+02
1.29061301e+02
1.27490360e+02
1.26432552e+02
1.25386222e+02
1.24861276e+02
1.23911561e+02
1.23277415e+02
1.23074616e+02
1.22952258e+02
1.22260509e+02
1.22369378e+02
1.22034332e+02
1.21571855e+02
1.21430872e+02
1.21457757e+02
1.21212731e+02
1.21084932e+02
1.21028602e+02
1.20955742e+02
1.20854753e+02
1.20677368e+02
1.20405960e+02
1.20493437e+02
1.20397742e+02
1.20720289e+02
1.20327720e+02
1.20932191e+02
1.20659986e+02
1.20331042e+02
2.69878933e+02
2.50131120e+02
2.44757412e+02
2.38942802e+02
2.33273875e+02
2.28211182e+02
2.23513306e+02
2.19745490e+02
2.16472784e+02
2.13559471e+02
2.10825600e+02
2.08499582e+02
2.07242376e+02
2.05988131e+02
2.04214174e+02
2.03579952e+02
2.02387042e+02
2.01520125e+02
2.00795845e+02
2.00415818e+02
1.99895912e+02
1.99121373e+02
1.98674512e+02
1.98831010e+02
1.98357173e+02
1.97765269e+02
1.97787445e+02
1.97893672e+02
1.97531140e+02
1.97623460e+02
1.97417372e+02
1.97176288e+02
1.96889001e+02
1.97081403e+02
1.96898741e+02
1.96699463e+02
1.96493943e+02
2.68723279e+02
2.69350751e+02
2.68153798e+02
2.68095942e+02
2.67514727e+02
2.66891402e+02
2.66295238e+02
2.65921110e+02
2.65443622e+02
2.64993344e+02
2.64695845e+02
2.63844767e+02
2.63697570e+02
2.63282460e+02
2.63389414e+02
2.63156581e+02
2.62990184e+02
2.62848240e+02
2.62336836e+02
2.62862498e+02
2.62467534e+02
2.62157164e+02
2.62659764e+02
2.62198688e+02
2.62075238e+02
2.62036309e+02
2.61776214e+02
2.62003256e+02
2.62011740e+02
2.61968446e+02
2.61894790e+02
2.61715655e+02
2.61802859e+02
2.61625714e+02
2.61391023e+02
2.61803284e+02
2.61716365e+02
2.68543058e+02
2.68378004e+02
2.68170074e+02
2.67755416e+02
2.68169653e+02
2.67520394e+02
2.67189550e+02
2.66788453e+02
2.66338542e+02
2.65785354e+02
2.65702939e+02
2.65340112e+02
2.65350134e+02
2.64935558e+02
2.64667639e+02
2.64552819e+02
2.64577051e+02
2.64534021e+02
2.64869079e+02
2.64221467e+02
2.63671360e+02
2.64384512e+02
2.64117247e+02
2.64045984e+02
2.63931990e+02
2.64231592e+02
2.63955059e+02
2.63896326e+02
2.63842406e+02
2.63931694e+02
2.64099203e+02
2.64000525e+02
2.63607125e+02
2.63840252e+02
2.63693828e+02
2.64033485e+02
2.63826496e+02
2.69256780e+02
2.68858855e+02
2.67094561e+02
2.64509788e+02
2.62152232e+02
2.59386136e+02
2.56648154e+02
2.54224027e+02
2.52433402e+02
2.50359311e+02
2.48467082e+02
2.46534276e+02
2.45342250e+02
2.43033954e+02
2.42448973e+02
2.40717707e+02
2.39546585e+02
2.38832880e+02
2.38165442e+02
2.37058284e+02
2.36802804e+02
2.35800806e+02
2.34922883e+02
2.34353061e+02
2.33636694e+02
2.33368164e+02
2.32291773e+02
2.32289568e+02
2.31931534e+02
2.31932102e+02
2.31361940e+02
2.31203570e+02
2.30251617e+02
2.30280854e+02
2.30299510e+02
2.29697202e+02
2.29813216e+02
2.69301328e+02
2.69233081e+02
2.68076576e+02
2.65524887e+02
2.63177539e+02
2.60957040e+02
2.58718835e+02
2.56378671e+02
2.54711819e+02
2.52532798e+02
2.51283209e+02
2.49406776e+02
2.48415460e+02
2.46557027e+02
2.45630425e+02
2.44064073e+02
2.43227062e+02
2.42436222e+02
2.41582144e+02
2.41129067e+02
2.40347957e+02
2.39301652e+02
2.38934920e+02
2.38427454e+02
2.37565481e+02
2.37142456e+02
2.36894679e+02
2.36518558e+02
2.35701903e+02
2.35907214e+02
2.35492668e+02
2.35057675e+02
2.34755658e+02
2.34667709e+02
2.34163581e+02
2.34143569e+02
2.33652165e+02
2.70330205e+02
2.70350834e+02
2.69291095e+02
2.68330103e+02
2.67112910e+02
2.65302895e+02
2.64094957e+02
2.62687754e+02
2.61924665e+02
2.61078406e+02
2.59752152e+02
2.59360936e+02
2.58343198e+02
2.57686644e+02
2.56862680e+02
2.56804636e+02
2.55897101e+02
2.55300570e+02
2.55184894e+02
2.54744824e+02
2.54061033e+02
2.53692882e+02
2.53132957e+02
2.53451870e+02
2.52753873e+02
2.52670664e+02
2.52869268e+02
2.52398903e+02
2.52157992e+02
2.51706694e+02
2.51970612e+02
2.51653093e+02
2.51482247e+02
2.51728156e+02
2.51379304e+02
2.51446213e+02
2.51007712e+02
2.70938559e+02
2.70899431e+02
2.69778966e+02
2.68674244e+02
2.67788632e+02
2.66955503e+02
2.65777087e+02
2.65498861e+02
2.64726852e+02
2.64322876e+02
2.63656979e+02
2.63441681e+02
2.62790853e+02
2.61803299e+02
2.62527641e+02
2.61664461e+02
2.62030191e+02
2.61186271e+02
2.61150147e+02
2.60977243e+02
2.60498929e+02
2.60648451e+02
2.60823690e+02
2.60072190e+02
2.60276234e+02
2.60201869e+02
2.59534914e+02
2.59726676e+02
2.59646469e+02
2.59519808e+02
2.59321583e+02
2.59428462e+02
2.59180609e+02
2.59687738e+02
2.59280026e+02
2.59345813e+02
2.59236767e+02
2.70753598e+02
2.70791164e+02
2.70507080e+02
2.71044119e+02
2.70449595e+02
2.69972726e+02
2.70022475e+02
2.69819186e+02
2.70161547e+02
2.70094962e+02
2.70037433e+02
2.69695999e+02
2.69395961e+02
2.69871086e+02
2.70024931e+02
2.69468161e+02
2.69719624e+02
2.69648690e+02
2.69624191e+02
2.69762266e+02
2.69754334e+02
2.69619581e+02
2.69933785e+02
2.70002765e+02
2.69481189e+02
2.69555934e+02
2.69481513e+02
2.69651245e+02
2.69684717e+02
2.70173342e+02
2.69570373e+02
2.69377450e+02
2.69902627e+02
2.69643760e+02
2.69891570e+02
2.70092462e+02
2.69501641e+02
