-2.2000e+02
0.0000e+00
0.0000e+00
0.0000e+00
0.0000e+00
0.0000e+00
0.0000e+00
0.0000e+00
0.0000e+00
0.0000e+00
0.0000e+00
0.0000e+00
0.0000e+00
0.0000e+00
0.0000e+00
0.0000e+00
0.0000e+00
0.0000e+00
0.0000e+00
0.0000e+00
0.0000e+00
0.0000e+00
0.0000e+00
0.0000e+00
0.0000e+00
0.0000e+00
0.0000e+00
0.0000e+00
0.0000e+00
0.0000e+00
0.0000e+00
0.0000e+00
0.0000e+00
0.0000e+00
0.0000e+00
0.0000e+00
-1.2000e+02
-6.4574e+00
-3.8550e+00
-2.9590e+00
-2.5441e+00
-2.2060e+00
-1.8272e+00
-1.5071e+00
-1.2505e+00
-1.0448e+00
-8.7856e-01
-7.4294e-01
-6.3135e-01
-5.3887e-01
-4.6171e-01
-3.9699e-01
-3.4244e-01
-2.9627e-01
-2.5703e-01
-2.2358e-01
-1.9498e-01
-1.7046e-01
-1.4937e-01
-1.3120e-01
-1.1550e-01
-1.0191e-01
-9.0123e-02
-7.7867e-02
-6.8875e-02
-6.1591e-02
-5.5157e-02
-4.9492e-02
-4.4496e-02
-4.0087e-02
-3.6185e-02
-3.2731e-02
-2.0000e+01
-5.5860e+00
-5.5700e+00
-5.6147e+00
-5.3034e+00
-4.6849e+00
-4.0350e+00
-3.4408e+00
-2.9224e+00
-2.4795e+00
-2.1047e+00
-1.7889e+00
-1.5231e+00
-1.2992e+00
-1.1105e+00
-9.5101e-01
-8.1604e-01
-7.0157e-01
-6.0429e-01
-5.2146e-01
-4.5080e-01
-3.9040e-01
-3.3870e-01
-2.9436e-01
-2.5628e-01
-2.2352e-01
-1.9529e-01
-1.6706e-01
-1.4583e-01
-1.2863e-01
-1.1367e-01
-1.0062e-01
-8.9236e-02
-7.9286e-02
-7.0578e-02
-6.2946e-02
-8.0627e-02
-2.2998e-01
-3.5097e-01
-4.3999e-01
-4.8743e-01
-4.9605e-01
-4.7616e-01
-4.3978e-01
-3.9627e-01
-3.5151e-01
-3.0873e-01
-2.6950e-01
-2.3436e-01
-2.0335e-01
-1.7623e-01
-1.5265e-01
-1.3222e-01
-1.1455e-01
-9.9305e-02
-8.6146e-02
-7.4797e-02
-6.5004e-02
-5.6556e-02
-4.9262e-02
-4.2963e-02
-3.7518e-02
-3.2809e-02
-2.8372e-02
-2.4624e-02
-2.1631e-02
-1.9083e-02
-1.6877e-02
-1.4954e-02
-1.3276e-02
-1.1807e-02
-1.0520e-02
-1.8667e-02
-8.7026e-02
-1.6462e-01
-2.3069e-01
-2.7492e-01
-2.9442e-01
-2.9299e-01
-2.7743e-01
-2.5420e-01
-2.2803e-01
-2.0178e-01
-1.7702e-01
-1.5445e-01
-1.3432e-01
-1.1658e-01
-1.0108e-01
-8.7605e-02
-7.5928e-02
-6.5830e-02
-5.7107e-02
-4.9575e-02
-4.3075e-02
-3.7464e-02
-3.2619e-02
-2.8435e-02
-2.4819e-02
-2.1691e-02
-1.8660e-02
-1.6306e-02
-1.4304e-02
-1.2594e-02
-1.1123e-02
-9.8450e-03
-8.7330e-03
-7.7590e-03
-6.9070e-03
-3.8620e-01
-1.6875e+00
-2.4275e+00
-2.6822e+00
-2.7094e+00
-2.6264e+00
-2.4903e+00
-2.3303e+00
-2.1624e+00
-1.9958e+00
-1.8358e+00
-1.6850e+00
-1.5447e+00
-1.4152e+00
-1.2963e+00
-1.1877e+00
-1.0886e+00
-9.9839e-01
-9.1633e-01
-8.4172e-01
-7.7388e-01
-7.1219e-01
-6.5605e-01
-6.0494e-01
-5.5837e-01
-5.1590e-01
-4.7714e-01
-4.2959e-01
-3.9557e-01
-3.6827e-01
-3.4298e-01
-3.1965e-01
-2.9812e-01
-2.7826e-01
-2.5991e-01
-2.4296e-01
-2.5203e-01
-1.2530e+00
-1.9659e+00
-2.2662e+00
-2.3431e+00
-2.3046e+00
-2.2063e+00
-2.0780e+00
-1.9366e+00
-1.7925e+00
-1.6515e+00
-1.5171e+00
-1.3911e+00
-1.2743e+00
-1.1669e+00
-1.0684e+00
-9.7860e-01
-8.9680e-01
-8.2239e-01
-7.5477e-01
-6.9331e-01
-6.3747e-01
-5.8670e-01
-5.4051e-01
-4.9847e-01
-4.6016e-01
-4.2524e-01
-3.8297e-01
-3.5209e-01
-3.2754e-01
-3.0482e-01
-2.8386e-01
-2.6455e-01
-2.4674e-01
-2.3032e-01
-2.1516e-01
-2.4666e-01
-9.3613e-01
-1.2611e+00
-1.3335e+00
-1.3157e+00
-1.2603e+00
-1.1870e+00
-1.1055e+00
-1.0215e+00
-9.3880e-01
-8.5970e-01
-7.8548e-01
-7.1671e-01
-6.5355e-01
-5.9588e-01
-5.4343e-01
-4.9583e-01
-4.5272e-01
-4.1371e-01
-3.7841e-01
-3.4647e-01
-3.1756e-01
-2.9139e-01
-2.6767e-01
-2.4615e-01
-2.2662e-01
-2.0887e-01
-1.8830e-01
-1.7277e-01
-1.6002e-01
-1.4843e-01
-1.3785e-01
-1.2816e-01
-1.1928e-01
-1.1112e-01
-1.0361e-01
-1.8215e-01
-7.7125e-01
-1.0266e+00
-9.9213e-01
-8.8644e-01
-7.8338e-01
-6.9581e-01
-6.2178e-01
-5.5792e-01
-5.0200e-01
-4.5259e-01
-4.0871e-01
-3.6963e-01
-3.3475e-01
-3.0356e-01
-2.7565e-01
-2.5064e-01
-2.2821e-01
-2.0805e-01
-1.8993e-01
-1.7361e-01
-1.5891e-01
-1.4563e-01
-1.3364e-01
-1.2278e-01
-1.1295e-01
-1.0403e-01
-9.3722e-02
-8.6011e-02
-7.9646e-02
-7.3835e-02
-6.8530e-02
-6.3684e-02
-5.9244e-02
-5.5172e-02
-5.1430e-02
-8.4139e-02
-1.6722e-01
-1.4630e-01
-1.1717e-01
-9.5924e-02
-8.0723e-02
-6.9302e-02
-6.0190e-02
-5.2660e-02
-4.6312e-02
-4.0899e-02
-3.6243e-02
-3.2214e-02
-2.8713e-02
-2.5656e-02
-2.2981e-02
-2.0630e-02
-1.8561e-02
-1.6735e-02
-1.5118e-02
-1.3684e-02
-1.2410e-02
-1.1275e-02
-1.0262e-02
-9.3560e-03
-8.5440e-03
-7.8150e-03
-7.0130e-03
-6.3830e-03
-5.8740e-03
-5.4150e-03
-5.0020e-03
-4.6260e-03
-4.2850e-03
-3.9730e-03
-3.6880e-03
