2.69972574e+02
4.99080826e+01
5.00384608e+01
4.95378678e+01
5.03142576e+01
4.99258990e+01
5.00741434e+01
5.00173582e+01
4.98362765e+01
5.02445771e+01
5.01314379e+01
4.98027088e+01
5.00993793e+01
4.99851299e+01
4.99446989e+01
5.03527950e+01
5.03656113e+01
4.96713792e+01
4.99329181e+01
4.96595828e+01
5.00923079e+01
5.01079289e+01
4.97040545e+01
4.99119413e+01
4.98988950e+01
4.98916544e+01
5.01075373e+01
5.02945150e+01
5.00730918e+01
5.01451285e+01
4.98932563e+01
4.97552283e+01
5.00339886e+01
4.98583048e+01
5.02311490e+01
4.99476255e+01
5.01198527e+01
2.70196886e+02
1.49721494e+02
1.43649944e+02
1.39456180e+02
1.36439282e+02
1.34013226e+02
1.32034193e+02
1.30250534e+02
1.28820837e+02
1.27278153e+02
1.26080034e+02
1.25156900e+02
1.24714514e+02
1.24017694e+02
1.23494653e+02
1.22716606e+02
1.22393927e+02
1.22115922e+02
1.21718914e+02
1.21686699e+02
1.21524052e+02
1.21564331e+02
1.21002975e+02
1.20882562e+02
1.20830059e+02
1.20726493e+02
1.20317439e+02
1.20521991e+02
1.20762816e+02
1.20459564e+02
1.20360835e+02
1.20058147e+02
1.19995222e+02
1.19952183e+02
1.20279939e+02
1.20065114e+02
1.20234309e+02
2.69902717e+02
2.50157811e+02
2.44366989e+02
2.38750588e+02
2.32957763e+02
2.28247886e+02
2.23224412e+02
2.19227144e+02
2.15766522e+02
2.12604505e+02
2.10306354e+02
2.07836156e+02
2.06382724e+02
2.04725716e+02
2.03700831e+02
2.02241254e+02
2.00961433e+02
2.00514566e+02
1.99733515e+02
1.99269373e+02
1.98779685e+02
1.98096756e+02
1.97873203e+02
1.97648070e+02
1.96903726e+02
1.96808035e+02
1.96504983e+02
1.96080863e+02
1.96874261e+02
1.96312243e+02
1.95850574e+02
1.95871512e+02
1.95565792e+02
1.95738624e+02
1.95854079e+02
1.95306131e+02
1.95719428e+02
2.68908604e+02
2.68370279e+02
2.68639004e+02
2.68185685e+02
2.67451075e+02
2.66480100e+02
2.66598155e+02
2.65952062e+02
2.65295202e+02
2.65100769e+02
2.64396941e+02
2.64599797e+02
2.63852440e+02
2.63579416e+02
2.63356356e+02
2.63218388e+02
2.63305702e+02
2.62548218e+02
2.62813648e+02
2.62520096e+02
2.62844765e+02
2.62640284e+02
2.62320300e+02
2.62193394e+02
2.62090531e+02
2.61940210e+02
2.61982198e+02
2.61811251e+02
2.61999906e+02
2.61904053e+02
2.62015056e+02
2.61931953e+02
2.61953426e+02
2.61973693e+02
2.62000589e+02
2.61746389e+02
2.61765007e+02
2.68278030e+02
2.68303669e+02
2.68232781e+02
2.67845271e+02
2.67914751e+02
2.67264934e+02
2.67181041e+02
2.67193587e+02
2.66553133e+02
2.66362796e+02
2.65649307e+02
2.65706787e+02
2.65497181e+02
2.65039789e+02
2.65126594e+02
2.64812952e+02
2.64813895e+02
2.64647105e+02
2.64369071e+02
2.64531642e+02
2.64367406e+02
2.64268007e+02
2.63958349e+02
2.64332113e+02
2.64246200e+02
2.64582955e+02
2.64403394e+02
2.64161646e+02
2.64181088e+02
2.64450874e+02
2.64138565e+02
2.64330467e+02
2.63900796e+02
2.63997568e+02
2.64139532e+02
2.63671168e+02
2.64458302e+02
2.67495152e+02
2.67011300e+02
2.65883173e+02
2.63775971e+02
2.61274054e+02
2.58499738e+02
2.56405003e+02
2.54097728e+02
2.51964951e+02
2.50158274e+02
2.48432491e+02
2.46605859e+02
2.45283206e+02
2.43715002e+02
2.42168422e+02
2.41349280e+02
2.39848427e+02
2.39536853e+02
2.38443091e+02
2.37175760e+02
2.37037551e+02
2.35705595e+02
2.35139653e+02
2.34766039e+02
2.33775054e+02
2.33510297e+02
2.32887264e+02
2.32928156e+02
2.31862552e+02
2.31462673e+02
2.31368451e+02
2.30712533e+02
2.30587256e+02
2.30253157e+02
2.30150569e+02
2.30094786e+02
2.29548196e+02
2.67756290e+02
2.67357571e+02
2.66454170e+02
2.64407975e+02
2.62327954e+02
2.60475659e+02
2.57799000e+02
2.55879701e+02
2.54057096e+02
2.52324742e+02
2.50839094e+02
2.49378283e+02
2.47593412e+02
2.46630611e+02
2.45473554e+02
2.44378331e+02
2.43444828e+02
2.42147157e+02
2.41512175e+02
2.40649908e+02
2.40293455e+02
2.39326894e+02
2.38514015e+02
2.38586612e+02
2.37966741e+02
2.37184201e+02
2.36944095e+02
2.36540767e+02
2.36317543e+02
2.35833952e+02
2.35248796e+02
2.34691620e+02
2.34844353e+02
2.34541580e+02
2.34288233e+02
2.33951423e+02
2.33566232e+02
2.70074247e+02
2.69509639e+02
2.68278730e+02
2.67434496e+02
2.65824580e+02
2.64955614e+02
2.63601798e+02
2.62435851e+02
2.61706554e+02
2.60567461e+02
2.59851128e+02
2.58655948e+02
2.57866241e+02
2.57283600e+02
2.56956152e+02
2.56302099e+02
2.55600376e+02
2.55111684e+02
2.54918388e+02
2.54121363e+02
2.54265613e+02
2.53743581e+02
2.53398753e+02
2.53172914e+02
2.52967308e+02
2.52690310e+02
2.52400073e+02
2.52486520e+02
2.52387524e+02
2.52028044e+02
2.51297764e+02
2.51241657e+02
2.51486139e+02
2.51339386e+02
2.50815880e+02
2.50773983e+02
2.50713171e+02
2.70439539e+02
2.70269216e+02
2.69581619e+02
2.68106245e+02
2.67628316e+02
2.66292103e+02
2.65656097e+02
2.64960139e+02
2.64497384e+02
2.63723829e+02
2.63918351e+02
2.63285802e+02
2.62794382e+02
2.62611298e+02
2.62121428e+02
2.61540010e+02
2.61411412e+02
2.61356741e+02
2.60743408e+02
2.60969586e+02
2.60761210e+02
2.60450342e+02
2.60236626e+02
2.60254838e+02
2.60414847e+02
2.59893408e+02
2.59989434e+02
2.59517963e+02
2.59691180e+02
2.59712693e+02
2.59268072e+02
2.59692912e+02
2.59366950e+02
2.59583694e+02
2.58961656e+02
2.58805401e+02
2.58966054e+02
2.71077940e+02
2.70876546e+02
2.70652194e+02
2.70632328e+02
2.70301311e+02
2.70444070e+02
2.70588362e+02
2.70315461e+02
2.69853892e+02
2.70289134e+02
2.69987990e+02
2.69996493e+02
2.69844731e+02
2.69828161e+02
2.69910546e+02
2.69573560e+02
2.70258416e+02
2.69778298e+02
2.69813355e+02
2.69333823e+02
2.69831892e+02
2.69918849e+02
2.69716147e+02
2.69650689e+02
2.69425622e+02
2.69388697e+02
2.69508460e+02
2.69358673e+02
2.69488889e+02
2.69565312e+02
2.69851876e+02
2.69336742e+02
2.69787940e+02
2.69655168e+02
2.69620068e+02
2.69450895e+02
2.69900646e+02
