2.70058688e+02
5.03967786e+01
4.99234590e+01
4.99606577e+01
4.93739042e+01
4.99821816e+01
4.96980640e+01
4.99687602e+01
5.01222777e+01
4.97553369e+01
4.97789764e+01
5.00467951e+01
4.96155910e+01
4.99897319e+01
4.99079659e+01
5.00137730e+01
5.01792589e+01
4.97870210e+01
4.97911743e+01
5.03544542e+01
4.98253140e+01
4.99982255e+01
4.99398167e+01
4.99193661e+01
4.98489039e+01
5.04994175e+01
4.98705763e+01
4.96994243e+01
4.97590452e+01
4.99431615e+01
5.00392153e+01
4.99342573e+01
4.98740829e+01
5.03336782e+01
4.96834633e+01
4.98999461e+01
4.97601827e+01
2.69926249e+02
1.49793906e+02
1.44062394e+02
1.40191326e+02
1.36980975e+02
1.34389688e+02
1.32051009e+02
1.31089400e+02
1.28663702e+02
1.27576178e+02
1.26933169e+02
1.25734207e+02
1.25070416e+02
1.24199017e+02
1.24326437e+02
1.23752749e+02
1.22977179e+02
1.22458554e+02
1.22498823e+02
1.22443313e+02
1.22311568e+02
1.21790717e+02
1.21636610e+02
1.21334032e+02
1.21277001e+02
1.21130328e+02
1.20889978e+02
1.20942444e+02
1.20891690e+02
1.20925827e+02
1.20682492e+02
1.20523100e+02
1.20434201e+02
1.20816267e+02
1.20632782e+02
1.20884621e+02
1.20525780e+02
2.69963497e+02
2.49775927e+02
2.44676937e+02
2.38720718e+02
2.32863424e+02
2.28099022e+02
2.23052848e+02
2.19478787e+02
2.15625383e+02
2.12917254e+02
2.10644229e+02
2.07894763e+02
2.06395635e+02
2.04694022e+02
2.03279713e+02
2.02746755e+02
2.01507058e+02
2.00570699e+02
1.99919315e+02
1.99254473e+02
1.98497495e+02
1.98355832e+02
1.98074856e+02
1.97591444e+02
1.97156858e+02
1.97093479e+02
1.96704661e+02
1.96912755e+02
1.97176882e+02
1.96514435e+02
1.96265077e+02
1.96241136e+02
1.96032908e+02
1.95697435e+02
1.96122506e+02
1.95958564e+02
1.95711680e+02
2.68959777e+02
2.68819969e+02
2.68934155e+02
2.68024519e+02
2.67484542e+02
2.66939766e+02
2.66668943e+02
2.65760486e+02
2.65366568e+02
2.65444750e+02
2.64641404e+02
2.64293343e+02
2.64201918e+02
2.64049473e+02
2.63603341e+02
2.63418886e+02
2.63403917e+02
2.63043195e+02
2.63193812e+02
2.62417657e+02
2.62801916e+02
2.62810457e+02
2.62723657e+02
2.62551146e+02
2.62680648e+02
2.62637032e+02
2.62437521e+02
2.62578665e+02
2.62545603e+02
2.62295249e+02
2.62471202e+02
2.62388483e+02
2.62369033e+02
2.62502232e+02
2.62357878e+02
2.62442326e+02
2.62392734e+02
2.68173525e+02
2.68347682e+02
2.68329191e+02
2.67574199e+02
2.67800760e+02
2.67531386e+02
2.67356978e+02
2.66606481e+02
2.66306469e+02
2.66220777e+02
2.66406521e+02
2.66120159e+02
2.65714149e+02
2.65377935e+02
2.65412345e+02
2.65047137e+02
2.64819125e+02
2.64822047e+02
2.65119561e+02
2.64854876e+02
2.64888671e+02
2.64658005e+02
2.64768016e+02
2.64298058e+02
2.64051067e+02
2.64586748e+02
2.64942265e+02
2.64716483e+02
2.64347337e+02
2.64540522e+02
2.64291639e+02
2.64367230e+02
2.64264442e+02
2.64505018e+02
2.64304064e+02
2.64400494e+02
2.64840394e+02
2.69846113e+02
2.69510902e+02
2.67797016e+02
2.65718008e+02
2.62838325e+02
2.60165537e+02
2.57835246e+02
2.55561605e+02
2.53150191e+02
2.50958261e+02
2.49390087e+02
2.47653920e+02
2.45912719e+02
2.44304682e+02
2.43021498e+02
2.41599373e+02
2.40988784e+02
2.39539754e+02
2.38491351e+02
2.37795194e+02
2.36910760e+02
2.36077505e+02
2.35408750e+02
2.34755542e+02
2.34661704e+02
2.33592329e+02
2.33543730e+02
2.33120461e+02
2.32489084e+02
2.31615460e+02
2.31549578e+02
2.31068523e+02
2.30760074e+02
2.30669173e+02
2.30486236e+02
2.29689446e+02
2.29562787e+02
2.69893914e+02
2.69407977e+02
2.68085501e+02
2.66203109e+02
2.63671306e+02
2.61674681e+02
2.59551531e+02
2.56890371e+02
2.55273020e+02
2.53332974e+02
2.51638433e+02
2.50397644e+02
2.48637604e+02
2.47358354e+02
2.45777986e+02
2.45041001e+02
2.44069870e+02
2.42798878e+02
2.42325437e+02
2.41165733e+02
2.40438684e+02
2.39890911e+02
2.38880736e+02
2.38398165e+02
2.37757809e+02
2.37677799e+02
2.37005989e+02
2.36509325e+02
2.36277658e+02
2.35655982e+02
2.34918959e+02
2.35241375e+02
2.34523490e+02
2.34849270e+02
2.34300869e+02
2.33960886e+02
2.33955048e+02
2.70622238e+02
2.70579852e+02
2.69437187e+02
2.68254227e+02
2.66831983e+02
2.65214517e+02
2.63604631e+02
2.62961203e+02
2.61756327e+02
2.60843789e+02
2.59910212e+02
2.58905990e+02
2.58272600e+02
2.57341484e+02
2.57123676e+02
2.56327830e+02
2.55795151e+02
2.55438234e+02
2.55032352e+02
2.54182969e+02
2.53968080e+02
2.53715003e+02
2.53360981e+02
2.53213827e+02
2.52851603e+02
2.52586284e+02
2.52335529e+02
2.52109001e+02
2.52006178e+02
2.51729904e+02
2.51680985e+02
2.51172087e+02
2.51259279e+02
2.51310118e+02
2.50935761e+02
2.50859633e+02
2.50394115e+02
2.70345411e+02
2.70802773e+02
2.69485007e+02
2.68648015e+02
2.68074335e+02
2.66768957e+02
2.65946284e+02
2.65586644e+02
2.64907292e+02
2.64000792e+02
2.63939774e+02
2.63466647e+02
2.62450099e+02
2.62407443e+02
2.61942131e+02
2.61656582e+02
2.61509404e+02
2.60924966e+02
2.61092925e+02
2.60791491e+02
2.60701017e+02
2.60340201e+02
2.60362702e+02
2.60067381e+02
2.59695049e+02
2.60047094e+02
2.59290784e+02
2.59893360e+02
2.60055318e+02
2.59337155e+02
2.59281254e+02
2.59212097e+02
2.59020995e+02
2.58821747e+02
2.59044874e+02
2.58803243e+02
2.58848751e+02
2.71031344e+02
2.70588191e+02
2.70813845e+02
2.70736027e+02
2.70217539e+02
2.70066955e+02
2.70349441e+02
2.69838075e+02
2.70045937e+02
2.70161458e+02
2.69962830e+02
2.69536344e+02
2.69637829e+02
2.69434925e+02
2.69879461e+02
2.69568413e+02
2.69876123e+02
2.69530925e+02
2.69704657e+02
2.69971520e+02
2.69708073e+02
2.69511244e+02
2.69533128e+02
2.69694678e+02
2.69845023e+02
2.69976634e+02
2.69766978e+02
2.69522981e+02
2.69393711e+02
2.69664837e+02
2.69408695e+02
2.69272012e+02
2.69568790e+02
2.70147462e+02
2.69090452e+02
2.69175190e+02
2.69531055e+02
