2.69601743e+02
4.97385263e+01
5.01550811e+01
4.99010998e+01
4.97035346e+01
5.02022341e+01
5.01895810e+01
4.99553151e+01
5.01663028e+01
5.00592756e+01
5.01947791e+01
5.00365032e+01
4.98006893e+01
5.02547769e+01
4.98794292e+01
5.00175675e+01
5.01379176e+01
5.02061025e+01
4.99471769e+01
5.02990756e+01
5.02373507e+01
5.02239559e+01
5.00177385e+01
4.99841916e+01
5.00962258e+01
4.99155579e+01
4.98496572e+01
5.00782310e+01
4.97278129e+01
4.99488357e+01
5.01252519e+01
5.02946942e+01
4.96735441e+01
5.01113694e+01
4.98708595e+01
4.94176717e+01
4.99032102e+01
2.69942849e+02
1.49639006e+02
1.43880927e+02
1.39922689e+02
1.37153370e+02
1.34147011e+02
1.32183744e+02
1.30357163e+02
1.29174257e+02
1.27430301e+02
1.26712133e+02
1.25571838e+02
1.24749282e+02
1.24454368e+02
1.23569050e+02
1.23348312e+02
1.23411372e+02
1.22829671e+02
1.22138853e+02
1.22115633e+02
1.21676074e+02
1.21672641e+02
1.21643315e+02
1.21134369e+02
1.21426529e+02
1.21350639e+02
1.21066039e+02
1.21209292e+02
1.21095170e+02
1.20737527e+02
1.21042512e+02
1.20666033e+02
1.20887656e+02
1.20747505e+02
1.20663175e+02
1.20539385e+02
1.20404050e+02
2.69934055e+02
2.49834361e+02
2.44384401e+02
2.38924333e+02
2.33516351e+02
2.28374937e+02
2.23218950e+02
2.19701855e+02
2.15953442e+02
2.13269842e+02
2.10818169e+02
2.08974541e+02
2.07235849e+02
2.05466595e+02
2.04710871e+02
2.03085230e+02
2.02028181e+02
2.01425945e+02
2.00845259e+02
2.00281435e+02
1.99685321e+02
1.99524698e+02
1.98573677e+02
1.98925889e+02
1.98378354e+02
1.98648232e+02
1.97885050e+02
1.97665601e+02
1.97936065e+02
1.97675254e+02
1.97062559e+02
1.97182682e+02
1.97099167e+02
1.97353345e+02
1.96889383e+02
1.96928711e+02
1.96704169e+02
2.68722575e+02
2.68465350e+02
2.68086447e+02
2.68179558e+02
2.67475393e+02
2.67091038e+02
2.66175840e+02
2.65930806e+02
2.65727720e+02
2.64959154e+02
2.64553832e+02
2.64321081e+02
2.64479991e+02
2.63953699e+02
2.63661096e+02
2.63633221e+02
2.63465869e+02
2.63083999e+02
2.62851400e+02
2.62754793e+02
2.62503597e+02
2.62812020e+02
2.62868704e+02
2.62287832e+02
2.62502122e+02
2.62475376e+02
2.62478940e+02
2.62263917e+02
2.62445642e+02
2.62412712e+02
2.62322567e+02
2.62723881e+02
2.62051269e+02
2.62180221e+02
2.62553279e+02
2.62915323e+02
2.62165637e+02
2.68611628e+02
2.68490203e+02
2.68262203e+02
2.68259916e+02
2.67942889e+02
2.67287809e+02
2.67325350e+02
2.67200064e+02
2.66266879e+02
2.66283689e+02
2.66299642e+02
2.65781581e+02
2.65638428e+02
2.65568874e+02
2.65498669e+02
2.65266785e+02
2.65007815e+02
2.65089271e+02
2.64924916e+02
2.64977798e+02
2.64832507e+02
2.65045192e+02
2.64862714e+02
2.64641877e+02
2.64720867e+02
2.64661312e+02
2.64621134e+02
2.64282673e+02
2.64481512e+02
2.64658475e+02
2.64666557e+02
2.64301329e+02
2.64352663e+02
2.64378198e+02
2.64502892e+02
2.64445384e+02
2.64403442e+02
2.69100475e+02
2.68916366e+02
2.67578165e+02
2.65562583e+02
2.63314955e+02
2.60895822e+02
2.58465704e+02
2.56093261e+02
2.54114398e+02
2.52219729e+02
2.50153507e+02
2.48483342e+02
2.46773291e+02
2.45369101e+02
2.44229543e+02
2.42374885e+02
2.41258778e+02
2.40571790e+02
2.39404180e+02
2.38482744e+02
2.37514542e+02
2.37106867e+02
2.36332231e+02
2.35377303e+02
2.34974437e+02
2.34058277e+02
2.33461127e+02
2.33084489e+02
2.32510600e+02
2.31907310e+02
2.31977040e+02
2.31348901e+02
2.31115635e+02
2.30807412e+02
2.30544909e+02
2.30316410e+02
2.29916069e+02
2.69617150e+02
2.69291234e+02
2.68123968e+02
2.65912846e+02
2.63751393e+02
2.61695557e+02
2.59594331e+02
2.57419040e+02
2.55627455e+02
2.53647584e+02
2.52397935e+02
2.50886728e+02
2.49020309e+02
2.47593745e+02
2.46256765e+02
2.45565978e+02
2.44181569e+02
2.43393360e+02
2.42136590e+02
2.41724952e+02
2.40961371e+02
2.40200655e+02
2.39179293e+02
2.38727082e+02
2.38123762e+02
2.37640137e+02
2.36894459e+02
2.36268884e+02
2.36157886e+02
2.35435266e+02
2.35143618e+02
2.35037026e+02
2.34730796e+02
2.34264246e+02
2.34156406e+02
2.33724495e+02
2.33107390e+02
2.70734204e+02
2.70866664e+02
2.69753997e+02
2.68665454e+02
2.67498146e+02
2.66164693e+02
2.64687278e+02
2.63868623e+02
2.62289705e+02
2.61180005e+02
2.60470459e+02
2.59394329e+02
2.58653368e+02
2.57890849e+02
2.56882488e+02
2.56516045e+02
2.55909420e+02
2.55552671e+02
2.54584380e+02
2.54322827e+02
2.53799848e+02
2.53706912e+02
2.53190151e+02
2.52988786e+02
2.52568283e+02
2.52527966e+02
2.52073859e+02
2.51601905e+02
2.51574759e+02
2.51234973e+02
2.51042236e+02
2.50720086e+02
2.50950456e+02
2.50433403e+02
2.50485240e+02
2.50641870e+02
2.49620695e+02
2.71295029e+02
2.70608766e+02
2.69561406e+02
2.68410093e+02
2.66944642e+02
2.66112259e+02
2.65243658e+02
2.64559119e+02
2.63527395e+02
2.62793185e+02
2.62609308e+02
2.61890979e+02
2.61403094e+02
2.60840784e+02
2.60861791e+02
2.60239667e+02
2.59911631e+02
2.59684686e+02
2.59452991e+02
2.59159906e+02
2.58983238e+02
2.58665919e+02
2.58288743e+02
2.58162352e+02
2.58364631e+02
2.57893428e+02
2.57613768e+02
2.57996665e+02
2.57620206e+02
2.57753665e+02
2.57299197e+02
2.56611527e+02
2.57392103e+02
2.57046264e+02
2.57311914e+02
2.56821125e+02
2.57018278e+02
2.70943646e+02
2.71134168e+02
2.70533012e+02
2.70537369e+02
2.70220336e+02
2.70086435e+02
2.70177700e+02
2.70459816e+02
2.70159315e+02
2.70213681e+02
2.69960789e+02
2.69805300e+02
2.70014769e+02
2.70011735e+02
2.69815384e+02
2.69889758e+02
2.69791802e+02
2.69509623e+02
2.69746563e+02
2.69405320e+02
2.69391989e+02
2.69450572e+02
2.69854715e+02
2.69550404e+02
2.69429750e+02
2.69506609e+02
2.69629414e+02
2.70109213e+02
2.69682881e+02
2.69364736e+02
2.69658948e+02
2.69469879e+02
2.69681867e+02
2.69783101e+02
2.69777910e+02
2.69520688e+02
2.69877615e+02
