-2.2000e+02
0.0000e+00
0.0000e+00
0.0000e+00
0.0000e+00
0.0000e+00
0.0000e+00
0.0000e+00
0.0000e+00
0.0000e+00
0.0000e+00
0.0000e+00
0.0000e+00
0.0000e+00
0.0000e+00
0.0000e+00
0.0000e+00
0.0000e+00
0.0000e+00
0.0000e+00
0.0000e+00
0.0000e+00
0.0000e+00
0.0000e+00
0.0000e+00
0.0000e+00
0.0000e+00
0.0000e+00
0.0000e+00
0.0000e+00
0.0000e+00
0.0000e+00
0.0000e+00
0.0000e+00
0.0000e+00
0.0000e+00
-1.2000e+02
-6.4906e+00
-3.8806e+00
-2.9768e+00
-2.5782e+00
-2.2306e+00
-1.8417e+00
-1.5185e+00
-1.2602e+00
-1.0535e+00
-8.8667e-01
-7.5063e-01
-6.3872e-01
-5.4594e-01
-4.6848e-01
-4.0344e-01
-3.4855e-01
-3.0201e-01
-2.6240e-01
-2.2857e-01
-1.9958e-01
-1.7468e-01
-1.5322e-01
-1.3469e-01
-1.1864e-01
-1.0393e-01
-8.9934e-02
-8.0090e-02
-7.1394e-02
-6.3750e-02
-5.7026e-02
-5.1105e-02
-4.5884e-02
-4.1272e-02
-3.7192e-02
-3.3577e-02
-2.0000e+01
-5.5620e+00
-5.5620e+00
-5.6164e+00
-5.3146e+00
-4.7052e+00
-4.0626e+00
-3.4730e+00
-2.9575e+00
-2.5161e+00
-2.1418e+00
-1.8256e+00
-1.5587e+00
-1.3334e+00
-1.1429e+00
-9.8157e-01
-8.4460e-01
-7.2809e-01
-6.2880e-01
-5.4400e-01
-4.7144e-01
-4.0925e-01
-3.5584e-01
-3.0991e-01
-2.7034e-01
-2.3454e-01
-2.0110e-01
-1.7699e-01
-1.5599e-01
-1.3769e-01
-1.2172e-01
-1.0778e-01
-9.5581e-02
-8.4903e-02
-7.5542e-02
-6.7323e-02
-8.1889e-02
-2.3776e-01
-3.7040e-01
-4.7370e-01
-5.3515e-01
-5.5462e-01
-5.4113e-01
-5.0695e-01
-4.6239e-01
-4.1447e-01
-3.6733e-01
-3.2316e-01
-2.8297e-01
-2.4704e-01
-2.1529e-01
-1.8744e-01
-1.6311e-01
-1.4194e-01
-1.2354e-01
-1.0758e-01
-9.3736e-02
-8.1734e-02
-7.1329e-02
-6.2308e-02
-5.4482e-02
-4.7556e-02
-4.1097e-02
-3.5904e-02
-3.1572e-02
-2.7845e-02
-2.4606e-02
-2.1779e-02
-1.9307e-02
-1.7141e-02
-1.5241e-02
-1.3573e-02
-1.8405e-02
-8.8177e-02
-1.7126e-01
-2.4556e-01
-2.9906e-01
-3.2681e-01
-3.3120e-01
-3.1865e-01
-2.9602e-01
-2.6867e-01
-2.4014e-01
-2.1250e-01
-1.8682e-01
-1.6355e-01
-1.4279e-01
-1.2448e-01
-1.0842e-01
-9.4394e-02
-8.2185e-02
-7.1575e-02
-6.2364e-02
-5.4373e-02
-4.7441e-02
-4.1428e-02
-3.6212e-02
-3.1499e-02
-2.7265e-02
-2.3908e-02
-2.0981e-02
-1.8475e-02
-1.6308e-02
-1.4423e-02
-1.2774e-02
-1.1334e-02
-1.0069e-02
-8.9600e-03
-3.8962e-01
-1.6303e+00
-2.3366e+00
-2.5927e+00
-2.6365e+00
-2.5723e+00
-2.4520e+00
-2.3037e+00
-2.1439e+00
-1.9829e+00
-1.8264e+00
-1.6778e+00
-1.5387e+00
-1.4098e+00
-1.2911e+00
-1.1823e+00
-1.0830e+00
-9.9238e-01
-9.0992e-01
-8.3490e-01
-7.6667e-01
-7.0463e-01
-6.4820e-01
-5.9686e-01
-5.5012e-01
-5.0349e-01
-4.5371e-01
-4.2084e-01
-3.9055e-01
-3.6274e-01
-3.3723e-01
-3.1381e-01
-2.9230e-01
-2.7252e-01
-2.5433e-01
-2.3758e-01
-2.5953e-01
-1.2376e+00
-1.9272e+00
-2.2189e+00
-2.2974e+00
-2.2647e+00
-2.1729e+00
-2.0504e+00
-1.9137e+00
-1.7731e+00
-1.6348e+00
-1.5025e+00
-1.3780e+00
-1.2622e+00
-1.1555e+00
-1.0575e+00
-9.6803e-01
-8.8643e-01
-8.1214e-01
-7.4459e-01
-6.8318e-01
-6.2737e-01
-5.7664e-01
-5.3050e-01
-4.8853e-01
-4.4685e-01
-4.0242e-01
-3.7281e-01
-3.4570e-01
-3.2082e-01
-2.9799e-01
-2.7705e-01
-2.5782e-01
-2.4016e-01
-2.2393e-01
-2.0900e-01
-2.7386e-01
-9.2976e-01
-1.2438e+00
-1.3122e+00
-1.2917e+00
-1.2351e+00
-1.1620e+00
-1.0816e+00
-9.9929e-01
-9.1845e-01
-8.4122e-01
-7.6875e-01
-7.0155e-01
-6.3976e-01
-5.8326e-01
-5.3178e-01
-4.8500e-01
-4.4255e-01
-4.0407e-01
-3.6920e-01
-3.3760e-01
-3.0897e-01
-2.8302e-01
-2.5949e-01
-2.3813e-01
-2.1712e-01
-1.9530e-01
-1.8025e-01
-1.6643e-01
-1.5383e-01
-1.4232e-01
-1.3181e-01
-1.2220e-01
-1.1341e-01
-1.0535e-01
-9.7967e-02
-2.0217e-01
-7.6614e-01
-1.0001e+00
-9.5790e-01
-8.5087e-01
-7.4893e-01
-6.6329e-01
-5.9138e-01
-5.2974e-01
-4.7605e-01
-4.2883e-01
-3.8703e-01
-3.4988e-01
-3.1675e-01
-2.8714e-01
-2.6062e-01
-2.3683e-01
-2.1545e-01
-1.9622e-01
-1.7890e-01
-1.6328e-01
-1.4917e-01
-1.3643e-01
-1.2489e-01
-1.1445e-01
-1.0421e-01
-9.3585e-02
-8.6337e-02
-7.9647e-02
-7.3517e-02
-6.7921e-02
-6.2817e-02
-5.8157e-02
-5.3898e-02
-5.0004e-02
-4.6438e-02
-8.5916e-02
-1.6997e-01
-1.4952e-01
-1.1984e-01
-9.7978e-02
-8.2322e-02
-7.0552e-02
-6.1176e-02
-5.3449e-02
-4.6958e-02
-4.1435e-02
-3.6695e-02
-3.2599e-02
-2.9041e-02
-2.5938e-02
-2.3220e-02
-2.0832e-02
-1.8727e-02
-1.6868e-02
-1.5221e-02
-1.3759e-02
-1.2458e-02
-1.1298e-02
-1.0262e-02
-9.3360e-03
-8.4490e-03
-7.5460e-03
-6.9100e-03
-6.3360e-03
-5.8170e-03
-5.3490e-03
-4.9240e-03
-4.5400e-03
-4.1910e-03
-3.8730e-03
-3.5840e-03
