2.69789379e+02
4.98131499e+01
4.98077000e+01
4.99646761e+01
4.98626466e+01
4.99104837e+01
4.99837188e+01
4.99835077e+01
5.00697206e+01
4.98164176e+01
4.97718223e+01
4.97448387e+01
4.97951192e+01
5.01835736e+01
4.99474038e+01
5.02126511e+01
4.99009152e+01
5.02466948e+01
5.00855171e+01
4.97281759e+01
4.98776008e+01
5.00253775e+01
4.99953591e+01
5.01099687e+01
4.99804633e+01
5.00152316e+01
4.99868071e+01
5.01602743e+01
4.98919405e+01
4.99316667e+01
4.98162913e+01
5.03433973e+01
5.00334758e+01
5.02495842e+01
5.04092441e+01
5.01011034e+01
5.00976524e+01
2.69782553e+02
1.49760334e+02
1.43402219e+02
1.39492713e+02
1.36523098e+02
1.34297375e+02
1.31695244e+02
1.30193141e+02
1.28579956e+02
1.27452292e+02
1.26058083e+02
1.25568426e+02
1.24369003e+02
1.24050093e+02
1.23499011e+02
1.23167421e+02
1.22431923e+02
1.22760011e+02
1.22012224e+02
1.22136335e+02
1.21773330e+02
1.21375269e+02
1.21261704e+02
1.21011354e+02
1.21262965e+02
1.21080206e+02
1.20787571e+02
1.20620561e+02
1.20431493e+02
1.20425740e+02
1.20356160e+02
1.20272592e+02
1.20137756e+02
1.19964285e+02
1.20072653e+02
1.20422177e+02
1.20065186e+02
2.69511377e+02
2.50365974e+02
2.44349167e+02
2.38523275e+02
2.33134271e+02
2.27750974e+02
2.23569200e+02
2.18970212e+02
2.15993162e+02
2.12617717e+02
2.10443595e+02
2.08251494e+02
2.06525887e+02
2.04977703e+02
2.03578979e+02
2.02450381e+02
2.01522271e+02
2.00859469e+02
1.99840484e+02
1.99743363e+02
1.99152985e+02
1.98333148e+02
1.97971956e+02
1.98038313e+02
1.97548122e+02
1.97547998e+02
1.97170991e+02
1.96412539e+02
1.96841012e+02
1.96488787e+02
1.96249169e+02
1.96183480e+02
1.96158006e+02
1.95728780e+02
1.95594034e+02
1.95992523e+02
1.95853799e+02
2.68389054e+02
2.68697662e+02
2.68248447e+02
2.67686397e+02
2.67466991e+02
2.67216514e+02
2.66815959e+02
2.66124998e+02
2.65593354e+02
2.65147681e+02
2.64986829e+02
2.64479052e+02
2.64562931e+02
2.64147504e+02
2.63564411e+02
2.63772191e+02
2.63725061e+02
2.63204521e+02
2.63238640e+02
2.63317020e+02
2.63541597e+02
2.63351290e+02
2.63097155e+02
2.62976022e+02
2.62695142e+02
2.62732118e+02
2.62776370e+02
2.62989006e+02
2.62815056e+02
2.62761794e+02
2.62814655e+02
2.62335462e+02
2.62447721e+02
2.62869177e+02
2.62525340e+02
2.62612047e+02
2.62553812e+02
2.68217085e+02
2.68393120e+02
2.68455105e+02
2.67742093e+02
2.67890044e+02
2.67460914e+02
2.67120606e+02
2.66601062e+02
2.66659756e+02
2.66593478e+02
2.66060100e+02
2.65702587e+02
2.65857518e+02
2.65477425e+02
2.65484715e+02
2.65562428e+02
2.64919993e+02
2.65075146e+02
2.64911350e+02
2.64777346e+02
2.64902112e+02
2.64864560e+02
2.64828257e+02
2.64665791e+02
2.64580637e+02
2.64671100e+02
2.64477755e+02
2.64792646e+02
2.64515976e+02
2.64623429e+02
2.64638130e+02
2.64861329e+02
2.64689862e+02
2.64978976e+02
2.64936395e+02
2.64726795e+02
2.64543123e+02
2.70645591e+02
2.70380254e+02
2.68606168e+02
2.66170751e+02
2.63445338e+02
2.60629170e+02
2.57662517e+02
2.55178533e+02
2.53114261e+02
2.50835241e+02
2.48594300e+02
2.47305772e+02
2.45589319e+02
2.43831916e+02
2.42213295e+02
2.40924921e+02
2.39757076e+02
2.38465833e+02
2.37715981e+02
2.37006745e+02
2.36369752e+02
2.35485639e+02
2.34071571e+02
2.33771085e+02
2.33236569e+02
2.32709394e+02
2.32361930e+02
2.31546220e+02
2.31220936e+02
2.30910392e+02
2.30346030e+02
2.30170590e+02
2.30185341e+02
2.29278178e+02
2.29451058e+02
2.28910233e+02
2.28694581e+02
2.70589876e+02
2.70194960e+02
2.68872824e+02
2.67170650e+02
2.64841210e+02
2.62550469e+02
2.60165124e+02
2.58138635e+02
2.55366414e+02
2.53793118e+02
2.52171853e+02
2.50538067e+02
2.49126515e+02
2.47778753e+02
2.46201852e+02
2.45104204e+02
2.43909242e+02
2.42818449e+02
2.41955923e+02
2.41235458e+02
2.40634672e+02
2.39633774e+02
2.38828724e+02
2.38568967e+02
2.38163701e+02
2.37674944e+02
2.37227739e+02
2.36655163e+02
2.36329099e+02
2.35985043e+02
2.35604735e+02
2.35449353e+02
2.35112247e+02
2.34773280e+02
2.34393608e+02
2.34568675e+02
2.34051934e+02
2.71415775e+02
2.70776439e+02
2.69605205e+02
2.68709399e+02
2.66991484e+02
2.65706165e+02
2.65047609e+02
2.63538508e+02
2.62093284e+02
2.61361063e+02
2.60379690e+02
2.59523059e+02
2.58852066e+02
2.57873623e+02
2.57542806e+02
2.56843182e+02
2.56184240e+02
2.55519859e+02
2.55411913e+02
2.54594164e+02
2.54359717e+02
2.54046179e+02
2.54015087e+02
2.53601932e+02
2.53581452e+02
2.52890766e+02
2.52661719e+02
2.52618303e+02
2.52280474e+02
2.52257736e+02
2.51706412e+02
2.51548403e+02
2.51639354e+02
2.51632761e+02
2.51428603e+02
2.51474932e+02
2.51116190e+02
2.71363451e+02
2.70986637e+02
2.69720316e+02
2.68922751e+02
2.67887625e+02
2.67192611e+02
2.66526952e+02
2.65451236e+02
2.65527807e+02
2.64440070e+02
2.63909006e+02
2.63784794e+02
2.62701605e+02
2.62591851e+02
2.62251779e+02
2.61737664e+02
2.61857993e+02
2.61430466e+02
2.61446899e+02
2.60895905e+02
2.60882256e+02
2.60969344e+02
2.60753997e+02
2.60385456e+02
2.60604379e+02
2.60206624e+02
2.60072903e+02
2.60097401e+02
2.59513720e+02
2.60115233e+02
2.59786153e+02
2.59732023e+02
2.59599266e+02
2.59477463e+02
2.59630576e+02
2.59227948e+02
2.59285113e+02
2.71221633e+02
2.70704756e+02
2.70072002e+02
2.70626095e+02
2.70417161e+02
2.70207017e+02
2.70044068e+02
2.70471445e+02
2.70082933e+02
2.69990590e+02
2.69698755e+02
2.69567901e+02
2.69696063e+02
2.69696601e+02
2.69654568e+02
2.69889484e+02
2.69767569e+02
2.70013651e+02
2.69718377e+02
2.69794425e+02
2.69564348e+02
2.69980928e+02
2.69547726e+02
2.69666665e+02
2.69647427e+02
2.69769369e+02
2.69279472e+02
2.70047306e+02
2.69874882e+02
2.69737224e+02
2.69654680e+02
2.69874824e+02
2.69261809e+02
2.69580922e+02
2.69734664e+02
2.69746115e+02
2.69572222e+02
