-2.2000e+02
0.0000e+00
0.0000e+00
0.0000e+00
0.0000e+00
0.0000e+00
0.0000e+00
0.0000e+00
0.0000e+00
0.0000e+00
0.0000e+00
0.0000e+00
0.0000e+00
0.0000e+00
0.0000e+00
0.0000e+00
0.0000e+00
0.0000e+00
0.0000e+00
0.0000e+00
0.0000e+00
0.0000e+00
0.0000e+00
0.0000e+00
0.0000e+00
0.0000e+00
0.0000e+00
0.0000e+00
0.0000e+00
0.0000e+00
0.0000e+00
0.0000e+00
0.0000e+00
0.0000e+00
0.0000e+00
0.0000e+00
-1.2000e+02
-6.4628e+00
-3.8634e+00
-2.9645e+00
-2.5536e+00
-2.2123e+00
-1.8303e+00
-1.5093e+00
-1.2526e+00
-1.0470e+00
-8.8110e-01
-7.4583e-01
-6.3458e-01
-5.4236e-01
-4.6540e-01
-4.0079e-01
-3.4628e-01
-3.0008e-01
-2.6078e-01
-2.2723e-01
-1.9849e-01
-1.7381e-01
-1.5257e-01
-1.3423e-01
-1.1837e-01
-1.0310e-01
-9.0212e-02
-8.0491e-02
-7.1884e-02
-6.4311e-02
-5.7649e-02
-5.1781e-02
-4.6607e-02
-4.2036e-02
-3.7993e-02
-3.4407e-02
-2.0000e+01
-5.5842e+00
-5.5635e+00
-5.6089e+00
-5.3022e+00
-4.6902e+00
-4.0469e+00
-3.4582e+00
-2.9441e+00
-2.5042e+00
-2.1313e+00
-1.8165e+00
-1.5509e+00
-1.3266e+00
-1.1370e+00
-9.7642e-01
-8.4011e-01
-7.2418e-01
-6.2538e-01
-5.4101e-01
-4.6884e-01
-4.0698e-01
-3.5388e-01
-3.0822e-01
-2.6891e-01
-2.3215e-01
-2.0107e-01
-1.7690e-01
-1.5588e-01
-1.3760e-01
-1.2167e-01
-1.0778e-01
-9.5654e-02
-8.5044e-02
-7.5755e-02
-6.7609e-02
-8.3946e-02
-2.3726e-01
-3.6806e-01
-4.6988e-01
-5.3059e-01
-5.4996e-01
-5.3671e-01
-5.0289e-01
-4.5872e-01
-4.1116e-01
-3.6435e-01
-3.2049e-01
-2.8057e-01
-2.4489e-01
-2.1336e-01
-1.8570e-01
-1.6155e-01
-1.4053e-01
-1.2228e-01
-1.0644e-01
-9.2713e-02
-8.0819e-02
-7.0511e-02
-6.1579e-02
-5.3835e-02
-4.6917e-02
-4.0672e-02
-3.5589e-02
-3.1303e-02
-2.7607e-02
-2.4395e-02
-2.1595e-02
-1.9150e-02
-1.7012e-02
-1.5139e-02
-1.3496e-02
-2.0301e-02
-9.1559e-02
-1.7509e-01
-2.4937e-01
-3.0258e-01
-3.2994e-01
-3.3392e-01
-3.2095e-01
-2.9794e-01
-2.7026e-01
-2.4145e-01
-2.1357e-01
-1.8769e-01
-1.6425e-01
-1.4336e-01
-1.2493e-01
-1.0877e-01
-9.4671e-02
-8.2399e-02
-7.1736e-02
-6.2485e-02
-5.4460e-02
-4.7505e-02
-4.1474e-02
-3.6245e-02
-3.1433e-02
-2.7404e-02
-2.3991e-02
-2.1060e-02
-1.8548e-02
-1.6373e-02
-1.4482e-02
-1.2831e-02
-1.1389e-02
-1.0126e-02
-9.0190e-03
-5.6205e-01
-2.0757e+00
-2.7030e+00
-2.8179e+00
-2.7416e+00
-2.5914e+00
-2.4153e+00
-2.2335e+00
-2.0557e+00
-1.8867e+00
-1.7289e+00
-1.5830e+00
-1.4492e+00
-1.3270e+00
-1.2157e+00
-1.1146e+00
-1.0229e+00
-9.3964e-01
-8.6412e-01
-7.9559e-01
-7.3336e-01
-6.7680e-01
-6.2534e-01
-5.7848e-01
-5.3573e-01
-4.8788e-01
-4.4761e-01
-4.1774e-01
-3.8969e-01
-3.6371e-01
-3.3968e-01
-3.1746e-01
-2.9690e-01
-2.7786e-01
-2.6022e-01
-2.4386e-01
-1.5307e-01
-9.2113e-01
-1.6203e+00
-1.9946e+00
-2.1476e+00
-2.1695e+00
-2.1158e+00
-2.0195e+00
-1.9008e+00
-1.7725e+00
-1.6425e+00
-1.5158e+00
-1.3951e+00
-1.2819e+00
-1.1770e+00
-1.0803e+00
-9.9172e-01
-9.1083e-01
-8.3711e-01
-7.7001e-01
-7.0897e-01
-6.5344e-01
-6.0291e-01
-5.5691e-01
-5.1498e-01
-4.7032e-01
-4.2983e-01
-3.9993e-01
-3.7242e-01
-3.4703e-01
-3.2361e-01
-3.0202e-01
-2.8209e-01
-2.6369e-01
-2.4667e-01
-2.3091e-01
-2.3350e-01
-8.7605e-01
-1.2336e+00
-1.3348e+00
-1.3351e+00
-1.2934e+00
-1.2311e+00
-1.1578e+00
-1.0795e+00
-1.0003e+00
-9.2285e-01
-8.4897e-01
-7.7961e-01
-7.1523e-01
-6.5594e-01
-6.0164e-01
-5.5208e-01
-5.0696e-01
-4.6593e-01
-4.2865e-01
-3.9478e-01
-3.6400e-01
-3.3600e-01
-3.1052e-01
-2.8730e-01
-2.6337e-01
-2.4158e-01
-2.2411e-01
-2.0838e-01
-1.9408e-01
-1.8099e-01
-1.6896e-01
-1.5787e-01
-1.4763e-01
-1.3816e-01
-1.2940e-01
-3.1773e-01
-1.0570e+00
-1.2790e+00
-1.1717e+00
-1.0119e+00
-8.7425e-01
-7.6491e-01
-6.7683e-01
-6.0372e-01
-5.4164e-01
-4.8812e-01
-4.4149e-01
-4.0057e-01
-3.6446e-01
-3.3245e-01
-3.0395e-01
-2.7849e-01
-2.5568e-01
-2.3517e-01
-2.1669e-01
-1.9999e-01
-1.8486e-01
-1.7111e-01
-1.5861e-01
-1.4720e-01
-1.3571e-01
-1.2492e-01
-1.1596e-01
-1.0806e-01
-1.0092e-01
-9.4370e-02
-8.8336e-02
-8.2756e-02
-7.7585e-02
-7.2785e-02
-6.8323e-02
-1.3197e-01
-2.6298e-01
-2.3491e-01
-1.8816e-01
-1.5275e-01
-1.2734e-01
-1.0845e-01
-9.3634e-02
-8.1577e-02
-7.1550e-02
-6.3093e-02
-5.5888e-02
-4.9702e-02
-4.4359e-02
-3.9722e-02
-3.5678e-02
-3.2139e-02
-2.9030e-02
-2.6289e-02
-2.3866e-02
-2.1717e-02
-1.9804e-02
-1.8098e-02
-1.6573e-02
-1.5205e-02
-1.3885e-02
-1.2614e-02
-1.1605e-02
-1.0725e-02
-9.9340e-03
-9.2180e-03
-8.5640e-03
-7.9680e-03
-7.4220e-03
-6.9200e-03
-6.4590e-03
