-2.2000e+02
0.0000e+00
0.0000e+00
0.0000e+00
0.0000e+00
0.0000e+00
0.0000e+00
0.0000e+00
0.0000e+00
0.0000e+00
0.0000e+00
0.0000e+00
0.0000e+00
0.0000e+00
0.0000e+00
0.0000e+00
0.0000e+00
0.0000e+00
0.0000e+00
0.0000e+00
0.0000e+00
0.0000e+00
0.0000e+00
0.0000e+00
0.0000e+00
0.0000e+00
0.0000e+00
0.0000e+00
0.0000e+00
0.0000e+00
0.0000e+00
0.0000e+00
0.0000e+00
0.0000e+00
0.0000e+00
0.0000e+00
-1.2000e+02
-6.2241e+00
-3.8280e+00
-2.9563e+00
-2.5152e+00
-2.1367e+00
-1.8061e+00
-1.4915e+00
-1.2357e+00
-1.0300e+00
-8.6375e-01
-7.2825e-01
-6.1694e-01
-5.2484e-01
-4.4818e-01
-3.8401e-01
-3.3004e-01
-2.8447e-01
-2.4585e-01
-2.1301e-01
-1.8500e-01
-1.6105e-01
-1.4051e-01
-1.2286e-01
-1.0766e-01
-9.4530e-02
-8.1017e-02
-7.1144e-02
-6.3161e-02
-5.6137e-02
-4.9980e-02
-4.4574e-02
-3.9821e-02
-3.5637e-02
-3.1947e-02
-2.8686e-02
-2.0000e+01
-5.6175e+00
-5.5505e+00
-5.5687e+00
-5.2386e+00
-4.6063e+00
-3.9474e+00
-3.3525e+00
-2.8380e+00
-2.4008e+00
-2.0323e+00
-1.7228e+00
-1.4629e+00
-1.2446e+00
-1.0609e+00
-9.0599e-01
-7.7515e-01
-6.6442e-01
-5.7052e-01
-4.9073e-01
-4.2283e-01
-3.6492e-01
-3.1548e-01
-2.7318e-01
-2.3695e-01
-2.0586e-01
-1.7493e-01
-1.5179e-01
-1.3313e-01
-1.1695e-01
-1.0290e-01
-9.0692e-02
-8.0063e-02
-7.0795e-02
-6.2705e-02
-5.5632e-02
-9.9502e-02
-2.5641e-01
-3.7715e-01
-4.6526e-01
-5.1054e-01
-5.1590e-01
-4.9228e-01
-4.5231e-01
-4.0569e-01
-3.5841e-01
-3.1364e-01
-2.7283e-01
-2.3647e-01
-2.0451e-01
-1.7666e-01
-1.5252e-01
-1.3167e-01
-1.1369e-01
-9.8214e-02
-8.4900e-02
-7.3448e-02
-6.3598e-02
-5.5123e-02
-4.7830e-02
-4.1550e-02
-3.6139e-02
-3.1055e-02
-2.6794e-02
-2.3405e-02
-2.0529e-02
-1.8049e-02
-1.5897e-02
-1.4024e-02
-1.2392e-02
-1.0967e-02
-9.7220e-03
-2.2543e-02
-9.7265e-02
-1.7645e-01
-2.4259e-01
-2.8613e-01
-3.0429e-01
-3.0113e-01
-2.8372e-01
-2.5881e-01
-2.3122e-01
-2.0386e-01
-1.7822e-01
-1.5499e-01
-1.3435e-01
-1.1623e-01
-1.0045e-01
-8.6771e-02
-7.4952e-02
-6.4762e-02
-5.5983e-02
-4.8427e-02
-4.1923e-02
-3.6327e-02
-3.1508e-02
-2.7360e-02
-2.3785e-02
-2.0334e-02
-1.7668e-02
-1.5411e-02
-1.3493e-02
-1.1847e-02
-1.0424e-02
-9.1880e-03
-8.1130e-03
-7.1740e-03
-6.3540e-03
-1.2567e-01
-1.4564e+00
-2.1766e+00
-2.4115e+00
-2.4336e+00
-2.3550e+00
-2.2282e+00
-2.0806e+00
-1.9265e+00
-1.7740e+00
-1.6276e+00
-1.4898e+00
-1.3616e+00
-1.2434e+00
-1.1350e+00
-1.0359e+00
-9.4554e-01
-8.6333e-01
-7.8860e-01
-7.2067e-01
-6.5895e-01
-6.0286e-01
-5.5185e-01
-5.0546e-01
-4.6324e-01
-4.2479e-01
-3.7885e-01
-3.4535e-01
-3.1846e-01
-2.9371e-01
-2.7097e-01
-2.5009e-01
-2.3089e-01
-2.1325e-01
-1.9701e-01
-1.8208e-01
-1.0680e-01
-1.2650e+00
-1.9383e+00
-2.1651e+00
-2.1924e+00
-2.1256e+00
-2.0134e+00
-1.8808e+00
-1.7415e+00
-1.6030e+00
-1.4699e+00
-1.3446e+00
-1.2281e+00
-1.1207e+00
-1.0224e+00
-9.3264e-01
-8.5093e-01
-7.7666e-01
-7.0918e-01
-6.4791e-01
-5.9228e-01
-5.4174e-01
-4.9581e-01
-4.5406e-01
-4.1607e-01
-3.8147e-01
-3.3996e-01
-3.1000e-01
-2.8598e-01
-2.6377e-01
-2.4333e-01
-2.2454e-01
-2.0727e-01
-1.9139e-01
-1.7679e-01
-1.6336e-01
-1.8815e-01
-8.8535e-01
-1.2181e+00
-1.2932e+00
-1.2730e+00
-1.2128e+00
-1.1350e+00
-1.0503e+00
-9.6474e-01
-8.8173e-01
-8.0329e-01
-7.3045e-01
-6.6355e-01
-6.0253e-01
-5.4714e-01
-4.9699e-01
-4.5167e-01
-4.1073e-01
-3.7376e-01
-3.4037e-01
-3.1020e-01
-2.8291e-01
-2.5822e-01
-2.3586e-01
-2.1558e-01
-1.9719e-01
-1.7645e-01
-1.6063e-01
-1.4744e-01
-1.3547e-01
-1.2458e-01
-1.1465e-01
-1.0558e-01
-9.7289e-02
-8.9691e-02
-8.2726e-02
-1.4740e-01
-7.4038e-01
-1.0014e+00
-9.6866e-01
-8.6383e-01
-7.6096e-01
-6.7309e-01
-5.9896e-01
-5.3525e-01
-4.7966e-01
-4.3074e-01
-3.8748e-01
-3.4911e-01
-3.1500e-01
-2.8463e-01
-2.5752e-01
-2.3328e-01
-2.1158e-01
-1.9212e-01
-1.7463e-01
-1.5889e-01
-1.4471e-01
-1.3191e-01
-1.2035e-01
-1.0989e-01
-1.0042e-01
-8.9811e-02
-8.1851e-02
-7.5085e-02
-6.8902e-02
-6.3278e-02
-5.8164e-02
-5.3505e-02
-4.9252e-02
-4.5366e-02
-4.1810e-02
-8.2522e-02
-1.6890e-01
-1.4760e-01
-1.1769e-01
-9.5829e-02
-8.0102e-02
-6.8321e-02
-5.9006e-02
-5.1341e-02
-4.4908e-02
-3.9445e-02
-3.4769e-02
-3.0745e-02
-2.7263e-02
-2.4238e-02
-2.1603e-02
-1.9297e-02
-1.7274e-02
-1.5494e-02
-1.3923e-02
-1.2535e-02
-1.1304e-02
-1.0208e-02
-9.2350e-03
-8.3640e-03
-7.5860e-03
-6.7440e-03
-6.0960e-03
-5.5570e-03
-5.0720e-03
-4.6370e-03
-4.2430e-03
-3.8870e-03
-3.5650e-03
-3.2710e-03
-3.0040e-03
