2.70000000e+02
5.00000000e+01
5.00000000e+01
5.00000000e+01
5.00000000e+01
5.00000000e+01
5.00000000e+01
5.00000000e+01
5.00000000e+01
5.00000000e+01
5.00000000e+01
5.00000000e+01
5.00000000e+01
5.00000000e+01
5.00000000e+01
5.00000000e+01
5.00000000e+01
5.00000000e+01
5.00000000e+01
5.00000000e+01
5.00000000e+01
5.00000000e+01
5.00000000e+01
5.00000000e+01
5.00000000e+01
5.00000000e+01
5.00000000e+01
5.00000000e+01
5.00000000e+01
5.00000000e+01
5.00000000e+01
5.00000000e+01
5.00000000e+01
5.00000000e+01
5.00000000e+01
5.00000000e+01
5.00000000e+01
2.70000000e+02
1.50000000e+02
1.43433729e+02
1.39530074e+02
1.36541118e+02
1.33936606e+02
1.31701661e+02
1.29864171e+02
1.28352793e+02
1.27100983e+02
1.26056471e+02
1.25179068e+02
1.24437709e+02
1.23808101e+02
1.23271003e+02
1.22811003e+02
1.22415624e+02
1.22074680e+02
1.21779791e+02
1.21524013e+02
1.21301567e+02
1.21107611e+02
1.20938079e+02
1.20789537e+02
1.20659078e+02
1.20544233e+02
1.20442899e+02
1.20353282e+02
1.20273846e+02
1.20203813e+02
1.20142759e+02
1.20088044e+02
1.20038948e+02
1.19994799e+02
1.19955011e+02
1.19919075e+02
1.19886550e+02
2.70000000e+02
2.50000000e+02
2.44426874e+02
2.38852506e+02
2.33215466e+02
2.27882448e+02
2.23163825e+02
2.19093635e+02
2.15619061e+02
2.12665412e+02
2.10157538e+02
2.08027330e+02
2.06215733e+02
2.04672601e+02
2.03355761e+02
2.02229899e+02
2.01265478e+02
2.00437784e+02
1.99726109e+02
1.99113073e+02
1.98584054e+02
1.98126732e+02
1.97730695e+02
1.97387135e+02
1.97088580e+02
1.96828681e+02
1.96602035e+02
1.96404035e+02
1.96230750e+02
1.96079943e+02
1.95950275e+02
1.95835667e+02
1.95734198e+02
1.95644203e+02
1.95564241e+02
1.95493057e+02
1.95429567e+02
2.68704143e+02
2.68623182e+02
2.68389360e+02
2.68027976e+02
2.67569105e+02
2.67054373e+02
2.66524695e+02
2.66011441e+02
2.65533713e+02
2.65100570e+02
2.64714460e+02
2.64374018e+02
2.64075938e+02
2.63816101e+02
2.63590218e+02
2.63394161e+02
2.63224131e+02
2.63076712e+02
2.62948882e+02
2.62837996e+02
2.62741750e+02
2.62658148e+02
2.62585462e+02
2.62522204e+02
2.62467090e+02
2.62419012e+02
2.62377019e+02
2.62340291e+02
2.62308120e+02
2.62279981e+02
2.62255622e+02
2.62234286e+02
2.62215456e+02
2.62198781e+02
2.62183979e+02
2.62170813e+02
2.62159079e+02
2.68314283e+02
2.68295502e+02
2.68206976e+02
2.68037436e+02
2.67796873e+02
2.67506582e+02
2.67192070e+02
2.66875894e+02
2.66573960e+02
2.66295366e+02
2.66044060e+02
2.65820694e+02
2.65624055e+02
2.65452009e+02
2.65302067e+02
2.65171703e+02
2.65058515e+02
2.64960308e+02
2.64875114e+02
2.64801196e+02
2.64737034e+02
2.64681306e+02
2.64632865e+02
2.64590719e+02
2.64554012e+02
2.64522007e+02
2.64494066e+02
2.64469641e+02
2.64448261e+02
2.64429632e+02
2.64413477e+02
2.64399279e+02
2.64386779e+02
2.64375730e+02
2.64365935e+02
2.64357231e+02
2.64349482e+02
2.70815583e+02
2.70484551e+02
2.68988737e+02
2.66824711e+02
2.64425344e+02
2.61992115e+02
2.59622508e+02
2.57364509e+02
2.55240886e+02
2.53260234e+02
2.51422937e+02
2.49724686e+02
2.48158592e+02
2.46716462e+02
2.45389578e+02
2.44169176e+02
2.43046737e+02
2.42014149e+02
2.41063804e+02
2.40188630e+02
2.39382109e+02
2.38638258e+02
2.37951608e+02
2.37317172e+02
2.36730413e+02
2.36187208e+02
2.35683814e+02
2.35216833e+02
2.34783182e+02
2.34383513e+02
2.34021398e+02
2.33682862e+02
2.33366300e+02
2.33070066e+02
2.32792612e+02
2.32532515e+02
2.32288472e+02
2.70920637e+02
2.70629246e+02
2.69293218e+02
2.67341122e+02
2.65174252e+02
2.62977854e+02
2.60839559e+02
2.58802237e+02
2.56886458e+02
2.55100198e+02
2.53443971e+02
2.51913933e+02
2.50503806e+02
2.49206070e+02
2.48012713e+02
2.46915686e+02
2.45907175e+02
2.44979763e+02
2.44126507e+02
2.43340975e+02
2.42617244e+02
2.41949893e+02
2.41333975e+02
2.40764983e+02
2.40238826e+02
2.39751784e+02
2.39300487e+02
2.38881877e+02
2.38493181e+02
2.38135104e+02
2.37810865e+02
2.37507584e+02
2.37223935e+02
2.36958483e+02
2.36709858e+02
2.36476793e+02
2.36258125e+02
2.71255778e+02
2.70972041e+02
2.70039683e+02
2.68800919e+02
2.67497356e+02
2.66216483e+02
2.64993151e+02
2.63842752e+02
2.62771825e+02
2.61781701e+02
2.60870477e+02
2.60034360e+02
2.59268562e+02
2.58567883e+02
2.57927060e+02
2.57340987e+02
2.56804828e+02
2.56314077e+02
2.55864586e+02
2.55452555e+02
2.55074526e+02
2.54727364e+02
2.54408226e+02
2.54114546e+02
2.53844005e+02
2.53594509e+02
2.53364169e+02
2.53151280e+02
2.52954302e+02
2.52773504e+02
2.52610335e+02
2.52458137e+02
2.52316220e+02
2.52183821e+02
2.52060202e+02
2.51944679e+02
2.51836623e+02
2.71167847e+02
2.70960177e+02
2.70191809e+02
2.69188258e+02
2.68221932e+02
2.67358111e+02
2.66592736e+02
2.65910512e+02
2.65298605e+02
2.64747451e+02
2.64249631e+02
2.63799081e+02
2.63390659e+02
2.63019911e+02
2.62682928e+02
2.62376255e+02
2.62096825e+02
2.61841911e+02
2.61609080e+02
2.61396164e+02
2.61201225e+02
2.61022531e+02
2.60858530e+02
2.60707834e+02
2.60569199e+02
2.60441507e+02
2.60323756e+02
2.60215045e+02
2.60114561e+02
2.60022399e+02
2.59939511e+02
2.59862177e+02
2.59790025e+02
2.59722733e+02
2.59659949e+02
2.59601326e+02
2.59546538e+02
2.70891881e+02
2.70804717e+02
2.70636551e+02
2.70488676e+02
2.70369388e+02
2.70271066e+02
2.70187791e+02
2.70115926e+02
2.70053220e+02
2.69998107e+02
2.69949408e+02
2.69906194e+02
2.69867712e+02
2.69833338e+02
2.69802549e+02
2.69774901e+02
2.69750016e+02
2.69727568e+02
2.69707277e+02
2.69688898e+02
2.69672221e+02
2.69657059e+02
2.69643250e+02
2.69630652e+02
2.69619140e+02
2.69608602e+02
2.69598942e+02
2.69590071e+02
2.69581914e+02
2.69574445e+02
2.69567731e+02
2.69561516e+02
2.69555753e+02
2.69550404e+02
2.69545433e+02
2.69540807e+02
2.69536498e+02
