2.69793568e+02
5.00054108e+01
4.99064993e+01
4.98185111e+01
5.00579398e+01
5.02159727e+01
4.97043457e+01
4.98934064e+01
4.98657293e+01
4.98668740e+01
5.01117005e+01
4.96646487e+01
4.99154189e+01
5.01187262e+01
5.00370323e+01
5.00972126e+01
4.98473860e+01
5.01028398e+01
5.01102857e+01
5.01415058e+01
5.00945359e+01
5.00335333e+01
5.01466803e+01
4.98212743e+01
5.02676352e+01
4.97840707e+01
4.99436737e+01
4.99311619e+01
5.00269839e+01
4.98487459e+01
4.98386979e+01
4.95805510e+01
5.00626096e+01
5.00378723e+01
5.00509428e+01
5.03509834e+01
5.02153959e+01
2.70074890e+02
1.49832667e+02
1.43540557e+02
1.39544773e+02
1.36531883e+02
1.33621132e+02
1.31597044e+02
1.29672065e+02
1.28041990e+02
1.27050660e+02
1.26291511e+02
1.25033864e+02
1.24439191e+02
1.23637939e+02
1.23583089e+02
1.23122580e+02
1.22417141e+02
1.22235469e+02
1.21486312e+02
1.21672263e+02
1.21142026e+02
1.20970214e+02
1.20857032e+02
1.20844774e+02
1.20973908e+02
1.20504888e+02
1.20849240e+02
1.20073428e+02
1.20451835e+02
1.20119686e+02
1.20265236e+02
1.19967211e+02
1.19863000e+02
1.19660691e+02
1.20150517e+02
1.19548147e+02
1.20128323e+02
2.69484778e+02
2.50323512e+02
2.44340414e+02
2.38489171e+02
2.33208335e+02
2.27778366e+02
2.22793244e+02
2.19535853e+02
2.15827681e+02
2.12662983e+02
2.09890681e+02
2.07906457e+02
2.06329035e+02
2.04777834e+02
2.03222467e+02
2.01725213e+02
2.01172738e+02
2.00737259e+02
1.99731771e+02
1.99289558e+02
1.98505317e+02
1.98480043e+02
1.98182703e+02
1.97349783e+02
1.97253732e+02
1.96694400e+02
1.96724521e+02
1.96404420e+02
1.96276735e+02
1.96201011e+02
1.95528150e+02
1.96154608e+02
1.95823451e+02
1.95644328e+02
1.95366440e+02
1.95797860e+02
1.95140245e+02
2.69117508e+02
2.68959362e+02
2.68564371e+02
2.68240576e+02
2.67648700e+02
2.67139270e+02
2.66520495e+02
2.66048555e+02
2.65604218e+02
2.65384660e+02
2.64643198e+02
2.64552186e+02
2.64098077e+02
2.63838018e+02
2.63489148e+02
2.63429994e+02
2.62935506e+02
2.62796214e+02
2.62899520e+02
2.62623544e+02
2.62999770e+02
2.62848209e+02
2.62474223e+02
2.62796673e+02
2.62318380e+02
2.62678103e+02
2.62306647e+02
2.62476676e+02
2.62090874e+02
2.62808176e+02
2.62313475e+02
2.62444866e+02
2.62140136e+02
2.62191270e+02
2.62506750e+02
2.62080192e+02
2.62476455e+02
2.68189189e+02
2.68225654e+02
2.68203282e+02
2.68245054e+02
2.67816646e+02
2.67382553e+02
2.66950943e+02
2.66683146e+02
2.66974038e+02
2.66797743e+02
2.66290260e+02
2.65683083e+02
2.65632780e+02
2.65588829e+02
2.65193583e+02
2.65271891e+02
2.65142607e+02
2.64986031e+02
2.64874734e+02
2.64744108e+02
2.64511930e+02
2.64362006e+02
2.64550814e+02
2.64737634e+02
2.64344080e+02
2.64101301e+02
2.64596101e+02
2.64607223e+02
2.64677158e+02
2.64869496e+02
2.64366878e+02
2.64550019e+02
2.64188147e+02
2.64246641e+02
2.64329791e+02
2.64510201e+02
2.64399766e+02
2.70346930e+02
2.70531675e+02
2.68923176e+02
2.66498424e+02
2.64757086e+02
2.61727991e+02
2.59565987e+02
2.56879604e+02
2.55186682e+02
2.53103103e+02
2.51466963e+02
2.50002423e+02
2.48197046e+02
2.46864020e+02
2.45299186e+02
2.43863712e+02
2.43295886e+02
2.41882255e+02
2.40866577e+02
2.39924063e+02
2.39382456e+02
2.38684470e+02
2.37851730e+02
2.37484856e+02
2.36714732e+02
2.36428227e+02
2.35516851e+02
2.35445008e+02
2.34355649e+02
2.34385137e+02
2.33982697e+02
2.33660056e+02
2.33199410e+02
2.33330525e+02
2.32575164e+02
2.32540164e+02
2.32097003e+02
2.70885293e+02
2.70367090e+02
2.69337733e+02
2.67261640e+02
2.64999101e+02
2.63038140e+02
2.60820140e+02
2.58596320e+02
2.56781837e+02
2.54962254e+02
2.53367796e+02
2.51784829e+02
2.50295486e+02
2.49358789e+02
2.48346324e+02
2.46957774e+02
2.46152388e+02
2.45111634e+02
2.43780086e+02
2.43183006e+02
2.43080808e+02
2.42013611e+02
2.41660735e+02
2.40708444e+02
2.40080760e+02
2.40214002e+02
2.39381264e+02
2.38935208e+02
2.38549223e+02
2.38017926e+02
2.37739186e+02
2.37711515e+02
2.37166262e+02
2.37185595e+02
2.36652595e+02
2.36896117e+02
2.36696006e+02
2.71194612e+02
2.70926358e+02
2.70041332e+02
2.68640171e+02
2.67698859e+02
2.66056783e+02
2.65274519e+02
2.63773461e+02
2.62738514e+02
2.61711522e+02
2.60811610e+02
2.59966963e+02
2.59116133e+02
2.58644254e+02
2.57467902e+02
2.57271150e+02
2.56918910e+02
2.56027397e+02
2.55719642e+02
2.55441298e+02
2.55105099e+02
2.54781088e+02
2.54629538e+02
2.54129752e+02
2.53853815e+02
2.53628229e+02
2.53382612e+02
2.53069306e+02
2.52742983e+02
2.52765980e+02
2.52679961e+02
2.52313742e+02
2.52182976e+02
2.52205013e+02
2.52100429e+02
2.51663955e+02
2.51465887e+02
2.71032900e+02
2.71048258e+02
2.70318642e+02
2.69541636e+02
2.67998594e+02
2.67100677e+02
2.66526661e+02
2.66190241e+02
2.65070444e+02
2.65032717e+02
2.64080552e+02
2.63730588e+02
2.63296480e+02
2.63019461e+02
2.62964315e+02
2.62750372e+02
2.61975060e+02
2.61798453e+02
2.61817464e+02
2.61398738e+02
2.61454833e+02
2.61342465e+02
2.60728004e+02
2.60858322e+02
2.60562724e+02
2.60420635e+02
2.60300840e+02
2.60163764e+02
2.59805749e+02
2.60220376e+02
2.60086386e+02
2.59680217e+02
2.59611341e+02
2.60147234e+02
2.59442880e+02
2.59275290e+02
2.59391223e+02
2.71541449e+02
2.70957751e+02
2.70579935e+02
2.70622873e+02
2.70260401e+02
2.70407407e+02
2.69950343e+02
2.70303942e+02
2.69942137e+02
2.70214937e+02
2.70118492e+02
2.70223424e+02
2.69526757e+02
2.69823020e+02
2.69891422e+02
2.69727307e+02
2.69858074e+02
2.69663524e+02
2.69822502e+02
2.69521907e+02
2.69877279e+02
2.69806688e+02
2.69700113e+02
2.69708521e+02
2.69637554e+02
2.69475050e+02
2.69448245e+02
2.69589163e+02
2.69586394e+02
2.69456130e+02
2.69428572e+02
2.69236173e+02
2.70000651e+02
2.69858002e+02
2.69646196e+02
2.69768027e+02
2.69760091e+02
