2.70000000e+02
5.00000000e+01
5.00000000e+01
5.00000000e+01
5.00000000e+01
5.00000000e+01
5.00000000e+01
5.00000000e+01
5.00000000e+01
5.00000000e+01
5.00000000e+01
5.00000000e+01
5.00000000e+01
5.00000000e+01
5.00000000e+01
5.00000000e+01
5.00000000e+01
5.00000000e+01
5.00000000e+01
5.00000000e+01
5.00000000e+01
5.00000000e+01
5.00000000e+01
5.00000000e+01
5.00000000e+01
5.00000000e+01
5.00000000e+01
5.00000000e+01
5.00000000e+01
5.00000000e+01
5.00000000e+01
5.00000000e+01
5.00000000e+01
5.00000000e+01
5.00000000e+01
5.00000000e+01
5.00000000e+01
2.70000000e+02
1.50000000e+02
1.43482504e+02
1.39604809e+02
1.36641345e+02
1.34088195e+02
1.31888632e+02
1.30078236e+02
1.28590243e+02
1.27358864e+02
1.26332095e+02
1.25469934e+02
1.24741507e+02
1.24122720e+02
1.23594546e+02
1.23141784e+02
1.22752163e+02
1.22415690e+02
1.22124161e+02
1.21870795e+02
1.21649955e+02
1.21456929e+02
1.21287761e+02
1.21139117e+02
1.21008176e+02
1.20892542e+02
1.20790176e+02
1.20699338e+02
1.20618537e+02
1.20549018e+02
1.20486551e+02
1.20430342e+02
1.20379688e+02
1.20333952e+02
1.20292575e+02
1.20255068e+02
1.20220999e+02
2.70000000e+02
2.50000000e+02
2.44439685e+02
2.38925738e+02
2.33376904e+02
2.28142755e+02
2.23525172e+02
2.19552405e+02
2.16167673e+02
2.13294594e+02
2.10857666e+02
2.08789138e+02
2.07030670e+02
2.05532969e+02
2.04254747e+02
2.03161535e+02
2.02224577e+02
2.01419861e+02
2.00727305e+02
2.00130076e+02
1.99614033e+02
1.99167271e+02
1.98779741e+02
1.98442947e+02
1.98149686e+02
1.97893843e+02
1.97670213e+02
1.97474361e+02
1.97302502e+02
1.97155976e+02
1.97026359e+02
1.96911507e+02
1.96809545e+02
1.96718848e+02
1.96638010e+02
1.96565814e+02
1.96501206e+02
2.68756422e+02
2.68656799e+02
2.68394610e+02
2.67999716e+02
2.67501077e+02
2.66940697e+02
2.66361672e+02
2.65798145e+02
2.65271537e+02
2.64792452e+02
2.64364170e+02
2.63985639e+02
2.63653526e+02
2.63363496e+02
2.63110945e+02
2.62891398e+02
2.62700701e+02
2.62535108e+02
2.62391294e+02
2.62266338e+02
2.62157695e+02
2.62063155e+02
2.61980804e+02
2.61908993e+02
2.61846295e+02
2.61791481e+02
2.61743493e+02
2.61701419e+02
2.61664473e+02
2.61632477e+02
2.61604469e+02
2.61579760e+02
2.61557871e+02
2.61538427e+02
2.61521119e+02
2.61505679e+02
2.61491879e+02
2.68408069e+02
2.68377753e+02
2.68257568e+02
2.68044034e+02
2.67750434e+02
2.67401471e+02
2.67026312e+02
2.66650670e+02
2.66292585e+02
2.65962329e+02
2.65664321e+02
2.65399238e+02
2.65165635e+02
2.64961010e+02
2.64782451e+02
2.64626999e+02
2.64491839e+02
2.64374393e+02
2.64272350e+02
2.64183667e+02
2.64106554e+02
2.64039452e+02
2.63981008e+02
2.63930054e+02
2.63885577e+02
2.63846706e+02
2.63812688e+02
2.63782875e+02
2.63756707e+02
2.63734143e+02
2.63714270e+02
2.63696767e+02
2.63681285e+02
2.63667547e+02
2.63655327e+02
2.63644435e+02
2.63634706e+02
2.68757234e+02
2.68296057e+02
2.66153469e+02
2.63490558e+02
2.60791327e+02
2.58204264e+02
2.55776913e+02
2.53521960e+02
2.51439305e+02
2.49522627e+02
2.47762394e+02
2.46147630e+02
2.44666950e+02
2.43309153e+02
2.42063563e+02
2.40920195e+02
2.39869836e+02
2.38904054e+02
2.38015176e+02
2.37196250e+02
2.36440990e+02
2.35743719e+02
2.35099317e+02
2.34503164e+02
2.33951092e+02
2.33439336e+02
2.32964496e+02
2.32523493e+02
2.32113542e+02
2.31745727e+02
2.31402059e+02
2.31080739e+02
2.30780181e+02
2.30498877e+02
2.30235426e+02
2.29988532e+02
2.29757004e+02
2.69191254e+02
2.69049572e+02
2.67865832e+02
2.65946525e+02
2.63717459e+02
2.61412893e+02
2.59153771e+02
2.57000247e+02
2.54980220e+02
2.53103849e+02
2.51371320e+02
2.49777351e+02
2.48313853e+02
2.46971494e+02
2.45740621e+02
2.44611781e+02
2.43576000e+02
2.42624925e+02
2.41750877e+02
2.40946851e+02
2.40206487e+02
2.39524037e+02
2.38894307e+02
2.38312615e+02
2.37774739e+02
2.37276868e+02
2.36815567e+02
2.36387732e+02
2.35990556e+02
2.35633820e+02
2.35301475e+02
2.34991287e+02
2.34701536e+02
2.34430679e+02
2.34177303e+02
2.33940113e+02
2.33717922e+02
2.71084898e+02
2.70715210e+02
2.69720074e+02
2.68438500e+02
2.67098781e+02
2.65783263e+02
2.64526627e+02
2.63345281e+02
2.62246449e+02
2.61231600e+02
2.60298548e+02
2.59443004e+02
2.58659640e+02
2.57942758e+02
2.57286687e+02
2.56686008e+02
2.56135665e+02
2.55631009e+02
2.55167806e+02
2.54742220e+02
2.54350790e+02
2.53990397e+02
2.53658234e+02
2.53351775e+02
2.53068744e+02
2.52807092e+02
2.52564970e+02
2.52340708e+02
2.52132797e+02
2.51945968e+02
2.51771982e+02
2.51609914e+02
2.51458832e+02
2.51317873e+02
2.51186251e+02
2.51063254e+02
2.50948231e+02
2.71259168e+02
2.70993298e+02
2.70165850e+02
2.69122077e+02
2.68130421e+02
2.67251551e+02
2.66477764e+02
2.65791041e+02
2.65176637e+02
2.64623775e+02
2.64124285e+02
2.63671648e+02
2.63260465e+02
2.62886158e+02
2.62544785e+02
2.62232921e+02
2.61947568e+02
2.61686091e+02
2.61446165e+02
2.61225730e+02
2.61022954e+02
2.60836208e+02
2.60664034e+02
2.60505128e+02
2.60358319e+02
2.60222554e+02
2.60096884e+02
2.59980453e+02
2.59872486e+02
2.59775468e+02
2.59685060e+02
2.59600790e+02
2.59522214e+02
2.59448905e+02
2.59380459e+02
2.59316510e+02
2.59256717e+02
2.70890487e+02
2.70803222e+02
2.70637212e+02
2.70492789e+02
2.70377773e+02
2.70284081e+02
2.70205448e+02
2.70137994e+02
2.70079363e+02
2.70027958e+02
2.69982602e+02
2.69942383e+02
2.69906570e+02
2.69874564e+02
2.69845869e+02
2.69820067e+02
2.69796805e+02
2.69775779e+02
2.69756731e+02
2.69739438e+02
2.69723705e+02
2.69709365e+02
2.69696270e+02
2.69684292e+02
2.69673317e+02
2.69663247e+02
2.69653991e+02
2.69645474e+02
2.69637624e+02
2.69630608e+02
2.69624114e+02
2.69618092e+02
2.69612500e+02
2.69607305e+02
2.69602472e+02
2.69597972e+02
2.69593778e+02
