2.70000000e+02
5.00000000e+01
5.00000000e+01
5.00000000e+01
5.00000000e+01
5.00000000e+01
5.00000000e+01
5.00000000e+01
5.00000000e+01
5.00000000e+01
5.00000000e+01
5.00000000e+01
5.00000000e+01
5.00000000e+01
5.00000000e+01
5.00000000e+01
5.00000000e+01
5.00000000e+01
5.00000000e+01
5.00000000e+01
5.00000000e+01
5.00000000e+01
5.00000000e+01
5.00000000e+01
5.00000000e+01
5.00000000e+01
5.00000000e+01
5.00000000e+01
5.00000000e+01
5.00000000e+01
5.00000000e+01
5.00000000e+01
5.00000000e+01
5.00000000e+01
5.00000000e+01
5.00000000e+01
5.00000000e+01
2.70000000e+02
1.50000000e+02
1.43632051e+02
1.39793713e+02
1.36850472e+02
1.34332540e+02
1.32149233e+02
1.30330564e+02
1.28828655e+02
1.27581508e+02
1.26538620e+02
1.25660725e+02
1.24917306e+02
1.24284428e+02
1.23743104e+02
1.23278107e+02
1.22877108e+02
1.22530041e+02
1.22228626e+02
1.21966008e+02
1.21736484e+02
1.21535281e+02
1.21358391e+02
1.21202434e+02
1.21064549e+02
1.20942308e+02
1.20833644e+02
1.20736792e+02
1.20650242e+02
1.20572696e+02
1.20503042e+02
1.20440319e+02
1.20383698e+02
1.20332462e+02
1.20285989e+02
1.20244465e+02
1.20207189e+02
2.70000000e+02
2.50000000e+02
2.44484346e+02
2.38935020e+02
2.33336502e+02
2.28039881e+02
2.23356299e+02
2.19320303e+02
2.15876396e+02
2.12949082e+02
2.10463275e+02
2.08351183e+02
2.06554135e+02
2.05022367e+02
2.03714075e+02
2.02594283e+02
2.01633766e+02
2.00808091e+02
2.00096804e+02
1.99482754e+02
1.98951526e+02
1.98490981e+02
1.98090876e+02
1.97742545e+02
1.97438647e+02
1.97172948e+02
1.96940146e+02
1.96735722e+02
1.96555821e+02
1.96397146e+02
1.96256874e+02
1.96132588e+02
1.96022208e+02
1.95923950e+02
1.95836274e+02
1.95759030e+02
1.95690704e+02
2.68723057e+02
2.68641593e+02
2.68406347e+02
2.68042901e+02
2.67582572e+02
2.67068111e+02
2.66540564e+02
2.66030839e+02
2.65557438e+02
2.65128865e+02
2.64747161e+02
2.64410709e+02
2.64116079e+02
2.63859111e+02
2.63635524e+02
2.63441230e+02
2.63272480e+02
2.63125915e+02
2.62998570e+02
2.62887850e+02
2.62791500e+02
2.62707566e+02
2.62634361e+02
2.62570428e+02
2.62514512e+02
2.62465532e+02
2.62422557e+02
2.62384786e+02
2.62351528e+02
2.62322188e+02
2.62296253e+02
2.62273283e+02
2.62252895e+02
2.62234760e+02
2.62218594e+02
2.62204246e+02
2.62191580e+02
2.68323882e+02
2.68304900e+02
2.68215923e+02
2.68045761e+02
2.67804875e+02
2.67515194e+02
2.67202461e+02
2.66889035e+02
2.66590451e+02
2.66315435e+02
2.66067637e+02
2.65847511e+02
2.65653736e+02
2.65484135e+02
2.65336217e+02
2.65207477e+02
2.65095550e+02
2.64998278e+02
2.64913735e+02
2.64840223e+02
2.64776258e+02
2.64720548e+02
2.64671976e+02
2.64629575e+02
2.64592510e+02
2.64560063e+02
2.64531614e+02
2.64506628e+02
2.64484645e+02
2.64465268e+02
2.64448156e+02
2.64433014e+02
2.64419587e+02
2.64407656e+02
2.64397032e+02
2.64387657e+02
2.64379335e+02
2.75619152e+02
2.74453368e+02
2.71955365e+02
2.69055368e+02
2.66158145e+02
2.63386583e+02
2.60780499e+02
2.58349838e+02
2.56093457e+02
2.54004971e+02
2.52075160e+02
2.50293467e+02
2.48648933e+02
2.47130744e+02
2.45728549e+02
2.44432626e+02
2.43233965e+02
2.42124280e+02
2.41095998e+02
2.40142223e+02
2.39256694e+02
2.38433727e+02
2.37668172e+02
2.36955359e+02
2.36291054e+02
2.35671414e+02
2.35092946e+02
2.34552476e+02
2.34047115e+02
2.33574226e+02
2.33131405e+02
2.32716453e+02
2.32327359e+02
2.31962280e+02
2.31619524e+02
2.31303581e+02
2.31012196e+02
2.74969408e+02
2.74545040e+02
2.73164008e+02
2.71116882e+02
2.68772334e+02
2.66346718e+02
2.63958044e+02
2.61667945e+02
2.59506416e+02
2.57485694e+02
2.55607787e+02
2.53868881e+02
2.52262013e+02
2.50778691e+02
2.49409867e+02
2.48146509e+02
2.46979933e+02
2.45901975e+02
2.44905063e+02
2.43982250e+02
2.43127190e+02
2.42334116e+02
2.41597796e+02
2.40913488e+02
2.40276900e+02
2.39684142e+02
2.39131689e+02
2.38616344e+02
2.38135205e+02
2.37685632e+02
2.37265225e+02
2.36871793e+02
2.36503340e+02
2.36158039e+02
2.35834221e+02
2.35535323e+02
2.35259750e+02
2.72606145e+02
2.72363561e+02
2.71437301e+02
2.70175352e+02
2.68829532e+02
2.67492314e+02
2.66203495e+02
2.64982657e+02
2.63839269e+02
2.62776638e+02
2.61794021e+02
2.60888208e+02
2.60054639e+02
2.59288144e+02
2.58583403e+02
2.57935220e+02
2.57338669e+02
2.56789171e+02
2.56282522e+02
2.55814889e+02
2.55382798e+02
2.54983107e+02
2.54612979e+02
2.54269856e+02
2.53951429e+02
2.53655617e+02
2.53380538e+02
2.53124491e+02
2.52885937e+02
2.52663481e+02
2.52455859e+02
2.52261920e+02
2.52080617e+02
2.51910998e+02
2.51752193e+02
2.51605802e+02
2.51470609e+02
2.71724268e+02
2.71548002e+02
2.70800457e+02
2.69800638e+02
2.68828051e+02
2.67951780e+02
2.67170266e+02
2.66469616e+02
2.65837594e+02
2.65265074e+02
2.64744971e+02
2.64271453e+02
2.63839545e+02
2.63444917e+02
2.63083764e+02
2.62752730e+02
2.62448843e+02
2.62169465e+02
2.61912255e+02
2.61675130e+02
2.61456232e+02
2.61253904e+02
2.61066663e+02
2.60893181e+02
2.60732267e+02
2.60582848e+02
2.60443960e+02
2.60314731e+02
2.60194377e+02
2.60082183e+02
2.59977506e+02
2.59879758e+02
2.59788407e+02
2.59702968e+02
2.59622998e+02
2.59549302e+02
2.59481290e+02
2.70939934e+02
2.70855668e+02
2.70689861e+02
2.70544728e+02
2.70428231e+02
2.70332537e+02
2.70251698e+02
2.70181972e+02
2.70121083e+02
2.70067494e+02
2.70020057e+02
2.69977869e+02
2.69940199e+02
2.69906442e+02
2.69876093e+02
2.69848726e+02
2.69823978e+02
2.69801539e+02
2.69781143e+02
2.69762560e+02
2.69745592e+02
2.69730066e+02
2.69715831e+02
2.69702755e+02
2.69690723e+02
2.69679633e+02
2.69669395e+02
2.69659928e+02
2.69651163e+02
2.69643036e+02
2.69635491e+02
2.69628478e+02
2.69621952e+02
2.69615872e+02
2.69610202e+02
2.69604988e+02
2.69600193e+02
