-2.2000e+02
0.0000e+00
0.0000e+00
0.0000e+00
0.0000e+00
0.0000e+00
0.0000e+00
0.0000e+00
0.0000e+00
0.0000e+00
0.0000e+00
0.0000e+00
0.0000e+00
0.0000e+00
0.0000e+00
0.0000e+00
0.0000e+00
0.0000e+00
0.0000e+00
0.0000e+00
0.0000e+00
0.0000e+00
0.0000e+00
0.0000e+00
0.0000e+00
0.0000e+00
0.0000e+00
0.0000e+00
0.0000e+00
0.0000e+00
0.0000e+00
0.0000e+00
0.0000e+00
0.0000e+00
0.0000e+00
0.0000e+00
-1.2000e+02
-6.0466e+00
-3.7971e+00
-2.9480e+00
-2.5256e+00
-2.1100e+00
-1.8200e+00
-1.5162e+00
-1.2631e+00
-1.0577e+00
-8.9072e-01
-7.5398e-01
-6.4118e-01
-5.4752e-01
-4.6930e-01
-4.0364e-01
-3.4829e-01
-3.0144e-01
-2.6165e-01
-2.2774e-01
-1.9877e-01
-1.7395e-01
-1.5263e-01
-1.3427e-01
-1.1843e-01
-1.0472e-01
-9.2839e-02
-8.2515e-02
-7.1837e-02
-6.3946e-02
-5.7523e-02
-5.1820e-02
-4.6779e-02
-4.2321e-02
-3.8373e-02
-3.4873e-02
-2.0000e+01
-5.6284e+00
-5.5883e+00
-5.6157e+00
-5.3038e+00
-4.6845e+00
-4.0276e+00
-3.4305e+00
-2.9117e+00
-2.4688e+00
-2.0940e+00
-1.7781e+00
-1.5122e+00
-1.2883e+00
-1.0996e+00
-9.4042e-01
-8.0583e-01
-6.9184e-01
-5.9513e-01
-5.1293e-01
-4.4295e-01
-3.8326e-01
-3.3227e-01
-2.8863e-01
-2.5123e-01
-2.1913e-01
-1.9153e-01
-1.6777e-01
-1.4439e-01
-1.2651e-01
-1.1191e-01
-9.9215e-02
-8.8162e-02
-7.8521e-02
-7.0092e-02
-6.2713e-02
-7.9289e-02
-2.2553e-01
-3.4427e-01
-4.3119e-01
-4.7542e-01
-4.8052e-01
-4.5780e-01
-4.1967e-01
-3.7553e-01
-3.3106e-01
-2.8920e-01
-2.5125e-01
-2.1756e-01
-1.8804e-01
-1.6239e-01
-1.4021e-01
-1.2108e-01
-1.0461e-01
-9.0459e-02
-7.8294e-02
-6.7840e-02
-5.8855e-02
-5.1129e-02
-4.4482e-02
-3.8760e-02
-3.3829e-02
-2.9578e-02
-2.5908e-02
-2.2502e-02
-1.9595e-02
-1.7261e-02
-1.5273e-02
-1.3551e-02
-1.2053e-02
-1.0743e-02
-9.5990e-03
-1.8347e-02
-8.5924e-02
-1.6259e-01
-2.2781e-01
-2.7050e-01
-2.8780e-01
-2.8419e-01
-2.6695e-01
-2.4274e-01
-2.1625e-01
-1.9020e-01
-1.6598e-01
-1.4415e-01
-1.2483e-01
-1.0794e-01
-9.3266e-02
-8.0577e-02
-6.9633e-02
-6.0212e-02
-5.2107e-02
-4.5137e-02
-3.9144e-02
-3.3989e-02
-2.9556e-02
-2.5737e-02
-2.2448e-02
-1.9613e-02
-1.7165e-02
-1.4836e-02
-1.2997e-02
-1.1429e-02
-1.0091e-02
-8.9400e-03
-7.9420e-03
-7.0720e-03
-6.3110e-03
-2.0549e-01
-1.4217e+00
-2.2570e+00
-2.6248e+00
-2.7406e+00
-2.7186e+00
-2.6202e+00
-2.4818e+00
-2.3245e+00
-2.1610e+00
-1.9988e+00
-1.8426e+00
-1.6950e+00
-1.5573e+00
-1.4298e+00
-1.3126e+00
-1.2052e+00
-1.1071e+00
-1.0177e+00
-9.3623e-01
-8.6211e-01
-7.9466e-01
-7.3327e-01
-6.7737e-01
-6.2643e-01
-5.7997e-01
-5.3757e-01
-4.9882e-01
-4.5424e-01
-4.1976e-01
-3.9131e-01
-3.6523e-01
-3.4127e-01
-3.1922e-01
-2.9888e-01
-2.8010e-01
-2.8379e-01
-1.5648e+00
-2.2953e+00
-2.5441e+00
-2.5749e+00
-2.5010e+00
-2.3754e+00
-2.2265e+00
-2.0694e+00
-1.9127e+00
-1.7615e+00
-1.6186e+00
-1.4853e+00
-1.3622e+00
-1.2491e+00
-1.1457e+00
-1.0514e+00
-9.6559e-01
-8.8755e-01
-8.1662e-01
-7.5214e-01
-6.9352e-01
-6.4020e-01
-5.9166e-01
-5.4743e-01
-5.0709e-01
-4.7026e-01
-4.3660e-01
-3.9737e-01
-3.6762e-01
-3.4299e-01
-3.2036e-01
-2.9952e-01
-2.8032e-01
-2.6260e-01
-2.4622e-01
-2.3612e-01
-9.9624e-01
-1.3740e+00
-1.4607e+00
-1.4357e+00
-1.3654e+00
-1.2761e+00
-1.1808e+00
-1.0857e+00
-9.9428e-01
-9.0833e-01
-8.2877e-01
-7.5585e-01
-6.8943e-01
-6.2919e-01
-5.7468e-01
-5.2542e-01
-4.8093e-01
-4.4076e-01
-4.0446e-01
-3.7163e-01
-3.4193e-01
-3.1501e-01
-2.9059e-01
-2.6842e-01
-2.4825e-01
-2.2988e-01
-2.1313e-01
-1.9432e-01
-1.7966e-01
-1.6730e-01
-1.5599e-01
-1.4562e-01
-1.3608e-01
-1.2731e-01
-1.1921e-01
-1.7798e-01
-8.2969e-01
-1.1246e+00
-1.0905e+00
-9.7078e-01
-8.5175e-01
-7.4998e-01
-6.6500e-01
-5.9306e-01
-5.3112e-01
-4.7721e-01
-4.2997e-01
-3.8840e-01
-3.5167e-01
-3.1913e-01
-2.9021e-01
-2.6446e-01
-2.4146e-01
-2.2088e-01
-2.0241e-01
-1.8580e-01
-1.7084e-01
-1.5734e-01
-1.4511e-01
-1.3404e-01
-1.2398e-01
-1.1483e-01
-1.0650e-01
-9.7179e-02
-9.0004e-02
-8.3826e-02
-7.8161e-02
-7.2974e-02
-6.8209e-02
-6.3828e-02
-5.9787e-02
-9.8062e-02
-2.0408e-01
-1.8079e-01
-1.4494e-01
-1.1825e-01
-9.8920e-02
-8.4409e-02
-7.3028e-02
-6.3708e-02
-5.5900e-02
-4.9279e-02
-4.3616e-02
-3.8741e-02
-3.4522e-02
-3.0858e-02
-2.7659e-02
-2.4861e-02
-2.2404e-02
-2.0238e-02
-1.8326e-02
-1.6632e-02
-1.5128e-02
-1.3789e-02
-1.2594e-02
-1.1524e-02
-1.0567e-02
-9.7050e-03
-8.9290e-03
-8.0780e-03
-7.4230e-03
-6.8720e-03
-6.3720e-03
-5.9170e-03
-5.5020e-03
-5.1230e-03
-4.7770e-03
