-2.2000e+02
0.0000e+00
0.0000e+00
0.0000e+00
0.0000e+00
0.0000e+00
0.0000e+00
0.0000e+00
0.0000e+00
0.0000e+00
0.0000e+00
0.0000e+00
0.0000e+00
0.0000e+00
0.0000e+00
0.0000e+00
0.0000e+00
0.0000e+00
0.0000e+00
0.0000e+00
0.0000e+00
0.0000e+00
0.0000e+00
0.0000e+00
0.0000e+00
0.0000e+00
0.0000e+00
0.0000e+00
0.0000e+00
0.0000e+00
0.0000e+00
0.0000e+00
0.0000e+00
0.0000e+00
0.0000e+00
0.0000e+00
-1.2000e+02
-6.2895e+00
-3.7850e+00
-2.9066e+00
-2.4855e+00
-2.1298e+00
-1.8075e+00
-1.5032e+00
-1.2554e+00
-1.0554e+00
-8.9289e-01
-7.5954e-01
-6.4915e-01
-5.5707e-01
-4.7975e-01
-4.1447e-01
-3.5910e-01
-3.1195e-01
-2.7166e-01
-2.3713e-01
-2.0746e-01
-1.8190e-01
-1.5984e-01
-1.4075e-01
-1.2420e-01
-1.0984e-01
-9.7343e-02
-8.6453e-02
-7.6947e-02
-6.8635e-02
-5.9791e-02
-5.3335e-02
-4.8092e-02
-4.3422e-02
-3.9279e-02
-3.5602e-02
-2.0000e+01
-5.5689e+00
-5.6073e+00
-5.6744e+00
-5.4006e+00
-4.8153e+00
-4.1874e+00
-3.6086e+00
-3.0984e+00
-2.6570e+00
-2.2786e+00
-1.9555e+00
-1.6801e+00
-1.4452e+00
-1.2448e+00
-1.0737e+00
-9.2726e-01
-8.0189e-01
-6.9438e-01
-6.0208e-01
-5.2274e-01
-4.5446e-01
-3.9564e-01
-3.4491e-01
-3.0111e-01
-2.6326e-01
-2.3052e-01
-2.0217e-01
-1.7759e-01
-1.5626e-01
-1.3461e-01
-1.1830e-01
-1.0505e-01
-9.3462e-02
-8.3300e-02
-7.4379e-02
-5.9381e-02
-1.8724e-01
-3.0583e-01
-4.0171e-01
-4.6153e-01
-4.8365e-01
-4.7552e-01
-4.4789e-01
-4.1012e-01
-3.6872e-01
-3.2755e-01
-2.8871e-01
-2.5318e-01
-2.2129e-01
-1.9301e-01
-1.6813e-01
-1.4635e-01
-1.2736e-01
-1.1084e-01
-9.6486e-02
-8.4031e-02
-7.3231e-02
-6.3868e-02
-5.5752e-02
-4.8717e-02
-4.2617e-02
-3.7325e-02
-3.2735e-02
-2.8748e-02
-2.5285e-02
-2.1971e-02
-1.9196e-02
-1.6970e-02
-1.5065e-02
-1.3406e-02
-1.1955e-02
-1.9030e-02
-8.5361e-02
-1.6522e-01
-2.3742e-01
-2.8907e-01
-3.1519e-01
-3.1862e-01
-3.0590e-01
-2.8379e-01
-2.5740e-01
-2.3004e-01
-2.0360e-01
-1.7906e-01
-1.5682e-01
-1.3697e-01
-1.1943e-01
-1.0404e-01
-9.0580e-02
-7.8853e-02
-6.8655e-02
-5.9796e-02
-5.2110e-02
-4.5444e-02
-3.9662e-02
-3.4651e-02
-3.0303e-02
-2.6534e-02
-2.3262e-02
-2.0421e-02
-1.7954e-02
-1.5551e-02
-1.3647e-02
-1.2049e-02
-1.0682e-02
-9.4980e-03
-8.4630e-03
-7.9632e-01
-2.3573e+00
-2.8334e+00
-2.8473e+00
-2.7228e+00
-2.5543e+00
-2.3749e+00
-2.1970e+00
-2.0259e+00
-1.8644e+00
-1.7138e+00
-1.5746e+00
-1.4465e+00
-1.3292e+00
-1.2220e+00
-1.1242e+00
-1.0350e+00
-9.5372e-01
-8.7962e-01
-8.1206e-01
-7.5043e-01
-6.9415e-01
-6.4274e-01
-5.9572e-01
-5.5268e-01
-5.1324e-01
-4.7706e-01
-4.4385e-01
-4.1331e-01
-3.8522e-01
-3.4875e-01
-3.2312e-01
-3.0322e-01
-2.8454e-01
-2.6708e-01
-2.5081e-01
-1.7395e-01
-9.4099e-01
-1.6257e+00
-1.9969e+00
-2.1504e+00
-2.1728e+00
-2.1194e+00
-2.0243e+00
-1.9079e+00
-1.7826e+00
-1.6558e+00
-1.5321e+00
-1.4141e+00
-1.3032e+00
-1.2000e+00
-1.1045e+00
-1.0167e+00
-9.3616e-01
-8.6241e-01
-7.9499e-01
-7.3339e-01
-6.7712e-01
-6.2571e-01
-5.7873e-01
-5.3577e-01
-4.9647e-01
-4.6048e-01
-4.2750e-01
-3.9725e-01
-3.6947e-01
-3.3557e-01
-3.0987e-01
-2.8948e-01
-2.7084e-01
-2.5364e-01
-2.3771e-01
-1.8876e-01
-7.6818e-01
-1.1005e+00
-1.1996e+00
-1.2072e+00
-1.1763e+00
-1.1260e+00
-1.0652e+00
-9.9885e-01
-9.3064e-01
-8.6309e-01
-7.9787e-01
-7.3599e-01
-6.7799e-01
-6.2410e-01
-5.7433e-01
-5.2855e-01
-4.8656e-01
-4.4814e-01
-4.1300e-01
-3.8090e-01
-3.5158e-01
-3.2479e-01
-3.0031e-01
-2.7793e-01
-2.5746e-01
-2.3872e-01
-2.2154e-01
-2.0579e-01
-1.9134e-01
-1.7382e-01
-1.6066e-01
-1.5008e-01
-1.4031e-01
-1.3129e-01
-1.2295e-01
-2.7055e-01
-9.2040e-01
-1.0855e+00
-9.7776e-01
-8.3678e-01
-7.2065e-01
-6.3118e-01
-5.6083e-01
-5.0309e-01
-4.5411e-01
-4.1168e-01
-3.7443e-01
-3.4144e-01
-3.1203e-01
-2.8570e-01
-2.6204e-01
-2.4071e-01
-2.2144e-01
-2.0398e-01
-1.8815e-01
-1.7375e-01
-1.6065e-01
-1.4870e-01
-1.3779e-01
-1.2781e-01
-1.1867e-01
-1.1030e-01
-1.0262e-01
-9.5555e-02
-8.9060e-02
-8.0826e-02
-7.4914e-02
-7.0300e-02
-6.5951e-02
-6.1875e-02
-5.8076e-02
-5.8329e-02
-1.1819e-01
-1.0227e-01
-8.0760e-02
-6.4935e-02
-5.3745e-02
-4.5610e-02
-3.9363e-02
-3.4341e-02
-3.0194e-02
-2.6710e-02
-2.3743e-02
-2.1197e-02
-1.8994e-02
-1.7075e-02
-1.5399e-02
-1.3924e-02
-1.2624e-02
-1.1472e-02
-1.0449e-02
-9.5370e-03
-8.7210e-03
-7.9920e-03
-7.3350e-03
-6.7440e-03
-6.2110e-03
-5.7280e-03
-5.2910e-03
-4.8940e-03
-4.5320e-03
-4.1280e-03
-3.7770e-03
-3.5190e-03
-3.2850e-03
-3.0670e-03
-2.8660e-03
