-2.2000e+02
0.0000e+00
0.0000e+00
0.0000e+00
0.0000e+00
0.0000e+00
0.0000e+00
0.0000e+00
0.0000e+00
0.0000e+00
0.0000e+00
0.0000e+00
0.0000e+00
0.0000e+00
0.0000e+00
0.0000e+00
0.0000e+00
0.0000e+00
0.0000e+00
0.0000e+00
0.0000e+00
0.0000e+00
0.0000e+00
0.0000e+00
0.0000e+00
0.0000e+00
0.0000e+00
0.0000e+00
0.0000e+00
0.0000e+00
0.0000e+00
0.0000e+00
0.0000e+00
0.0000e+00
0.0000e+00
0.0000e+00
-1.2000e+02
-6.3563e+00
-3.8509e+00
-2.9559e+00
-2.5290e+00
-2.1936e+00
-1.8225e+00
-1.5026e+00
-1.2457e+00
-1.0399e+00
-8.7387e-01
-7.3865e-01
-6.2760e-01
-5.3568e-01
-4.5910e-01
-3.9493e-01
-3.4088e-01
-2.9517e-01
-2.5636e-01
-2.2330e-01
-1.9504e-01
-1.7084e-01
-1.5004e-01
-1.3214e-01
-1.1669e-01
-1.0333e-01
-9.1751e-02
-8.1701e-02
-7.2959e-02
-6.5338e-02
-5.8686e-02
-5.2863e-02
-4.7760e-02
-4.3276e-02
-3.9329e-02
-3.4990e-02
-2.0000e+01
-5.5199e+00
-5.4989e+00
-5.5303e+00
-5.2228e+00
-4.6111e+00
-3.9687e+00
-3.3833e+00
-2.8741e+00
-2.4397e+00
-2.0725e+00
-1.7632e+00
-1.5029e+00
-1.2835e+00
-1.0983e+00
-9.4172e-01
-8.0905e-01
-6.9639e-01
-6.0055e-01
-5.1884e-01
-4.4907e-01
-3.8938e-01
-3.3824e-01
-2.9436e-01
-2.5665e-01
-2.2419e-01
-1.9623e-01
-1.7210e-01
-1.5126e-01
-1.3323e-01
-1.1761e-01
-1.0407e-01
-9.2312e-02
-8.2087e-02
-7.3182e-02
-6.4053e-02
-9.7286e-02
-2.5780e-01
-3.8802e-01
-4.8960e-01
-5.4955e-01
-5.6714e-01
-5.5139e-01
-5.1488e-01
-4.6820e-01
-4.1847e-01
-3.6986e-01
-3.2454e-01
-2.8345e-01
-2.4685e-01
-2.1459e-01
-1.8637e-01
-1.6180e-01
-1.4046e-01
-1.2198e-01
-1.0598e-01
-9.2143e-02
-8.0183e-02
-6.9847e-02
-6.0911e-02
-5.3186e-02
-4.6503e-02
-4.0721e-02
-3.5716e-02
-3.1379e-02
-2.7620e-02
-2.4358e-02
-2.1526e-02
-1.9065e-02
-1.6923e-02
-1.5058e-02
-1.3320e-02
-2.9316e-02
-1.1769e-01
-2.0921e-01
-2.8763e-01
-3.4164e-01
-3.6692e-01
-3.6705e-01
-3.4963e-01
-3.2230e-01
-2.9075e-01
-2.5862e-01
-2.2792e-01
-1.9967e-01
-1.7425e-01
-1.5171e-01
-1.3189e-01
-1.1458e-01
-9.9519e-02
-8.6445e-02
-7.5117e-02
-6.5312e-02
-5.6830e-02
-4.9495e-02
-4.3152e-02
-3.7667e-02
-3.2922e-02
-2.8816e-02
-2.5262e-02
-2.2181e-02
-1.9513e-02
-1.7197e-02
-1.5187e-02
-1.3441e-02
-1.1921e-02
-1.0599e-02
-9.3280e-03
-3.6616e-01
-1.4567e+00
-2.1527e+00
-2.4322e+00
-2.4981e+00
-2.4518e+00
-2.3465e+00
-2.2117e+00
-2.0647e+00
-1.9155e+00
-1.7704e+00
-1.6324e+00
-1.5034e+00
-1.3841e+00
-1.2745e+00
-1.1743e+00
-1.0830e+00
-1.0000e+00
-9.2466e-01
-8.5630e-01
-7.9427e-01
-7.3797e-01
-6.8683e-01
-6.4034e-01
-5.9801e-01
-5.5944e-01
-5.2421e-01
-4.9201e-01
-4.6250e-01
-4.3542e-01
-4.1053e-01
-3.8760e-01
-3.6643e-01
-3.4686e-01
-3.2872e-01
-3.0393e-01
-4.3290e-01
-1.5558e+00
-2.1451e+00
-2.3192e+00
-2.3157e+00
-2.2314e+00
-2.1098e+00
-1.9723e+00
-1.8306e+00
-1.6915e+00
-1.5587e+00
-1.4344e+00
-1.3193e+00
-1.2136e+00
-1.1170e+00
-1.0291e+00
-9.4927e-01
-8.7687e-01
-8.1123e-01
-7.5174e-01
-6.9780e-01
-6.4884e-01
-6.0438e-01
-5.6394e-01
-5.2711e-01
-4.9352e-01
-4.6283e-01
-4.3474e-01
-4.0899e-01
-3.8533e-01
-3.6356e-01
-3.4349e-01
-3.2494e-01
-3.0778e-01
-2.9185e-01
-2.6940e-01
-2.6937e-01
-9.4970e-01
-1.2822e+00
-1.3531e+00
-1.3251e+00
-1.2582e+00
-1.1761e+00
-1.0892e+00
-1.0028e+00
-9.2007e-01
-8.4252e-01
-7.7090e-01
-7.0538e-01
-6.4581e-01
-5.9184e-01
-5.4308e-01
-4.9907e-01
-4.5937e-01
-4.2355e-01
-3.9122e-01
-3.6202e-01
-3.3561e-01
-3.1170e-01
-2.9003e-01
-2.7034e-01
-2.5244e-01
-2.3613e-01
-2.2125e-01
-2.0764e-01
-1.9518e-01
-1.8374e-01
-1.7322e-01
-1.6353e-01
-1.5459e-01
-1.4632e-01
-1.3537e-01
-1.9507e-01
-7.7117e-01
-1.0214e+00
-9.8609e-01
-8.7955e-01
-7.7583e-01
-6.8823e-01
-6.1490e-01
-5.5229e-01
-4.9797e-01
-4.5037e-01
-4.0840e-01
-3.7126e-01
-3.3829e-01
-3.0895e-01
-2.8279e-01
-2.5941e-01
-2.3848e-01
-2.1971e-01
-2.0283e-01
-1.8764e-01
-1.7393e-01
-1.6154e-01
-1.5032e-01
-1.4014e-01
-1.3089e-01
-1.2246e-01
-1.1477e-01
-1.0774e-01
-1.0130e-01
-9.5384e-02
-8.9944e-02
-8.4932e-02
-8.0305e-02
-7.6022e-02
-7.0301e-02
-8.3570e-02
-1.6632e-01
-1.4607e-01
-1.1683e-01
-9.5302e-02
-7.9870e-02
-6.8344e-02
-5.9222e-02
-5.1736e-02
-4.5469e-02
-4.0156e-02
-3.5616e-02
-3.1710e-02
-2.8333e-02
-2.5401e-02
-2.2846e-02
-2.0613e-02
-1.8652e-02
-1.6929e-02
-1.5408e-02
-1.4063e-02
-1.2870e-02
-1.1809e-02
-1.0864e-02
-1.0019e-02
-9.2620e-03
-8.5830e-03
-7.9710e-03
-7.4190e-03
-6.9200e-03
-6.4670e-03
-6.0560e-03
-5.6820e-03
-5.3390e-03
-5.0260e-03
-4.6330e-03
