2.70351072e+02
4.98515452e+01
4.98603485e+01
4.99321415e+01
4.99483190e+01
5.02261342e+01
4.96698651e+01
5.01917294e+01
4.97764133e+01
5.00969367e+01
4.99530390e+01
5.00585829e+01
4.98739021e+01
5.02265315e+01
4.98919298e+01
5.02221136e+01
4.95695430e+01
5.00951701e+01
4.96715568e+01
4.99668636e+01
4.99405259e+01
5.00740615e+01
4.97986160e+01
4.99664010e+01
4.98183332e+01
5.04790893e+01
4.97389379e+01
4.97084710e+01
4.98287903e+01
5.02939543e+01
4.99783526e+01
4.97022200e+01
4.99182579e+01
4.99494451e+01
4.96027688e+01
5.00531048e+01
5.00712113e+01
2.69956911e+02
1.49881609e+02
1.43459838e+02
1.39917916e+02
1.36785580e+02
1.34193546e+02
1.31989070e+02
1.30123796e+02
1.29220538e+02
1.27590879e+02
1.26402852e+02
1.25807497e+02
1.24747014e+02
1.24332807e+02
1.23618304e+02
1.22984123e+02
1.22536173e+02
1.22385970e+02
1.21845552e+02
1.21692519e+02
1.21295006e+02
1.21544843e+02
1.21436626e+02
1.21023613e+02
1.21156672e+02
1.20870265e+02
1.20680209e+02
1.20877084e+02
1.20317290e+02
1.20558829e+02
1.20328754e+02
1.20194068e+02
1.20495244e+02
1.20290793e+02
1.20370766e+02
1.20292356e+02
1.20412840e+02
2.70086769e+02
2.50179508e+02
2.44563970e+02
2.39027036e+02
2.33692712e+02
2.28371842e+02
2.23794840e+02
2.19492593e+02
2.16302668e+02
2.13592097e+02
2.11371552e+02
2.09221401e+02
2.07074399e+02
2.05637114e+02
2.04536657e+02
2.03250648e+02
2.02258447e+02
2.01520384e+02
2.00702646e+02
2.00020232e+02
1.99770793e+02
1.99153774e+02
1.99028766e+02
1.98379790e+02
1.98200482e+02
1.97877881e+02
1.97656545e+02
1.97684143e+02
1.97085058e+02
1.96890594e+02
1.96989254e+02
1.96755127e+02
1.97251164e+02
1.97015853e+02
1.96596934e+02
1.96712180e+02
1.96183651e+02
2.69071864e+02
2.68613789e+02
2.68317866e+02
2.68001904e+02
2.67537744e+02
2.67091626e+02
2.66344969e+02
2.65959057e+02
2.65617627e+02
2.64732582e+02
2.64672751e+02
2.64106076e+02
2.63642071e+02
2.63578348e+02
2.62774828e+02
2.62581283e+02
2.62365906e+02
2.62375544e+02
2.62561211e+02
2.62266271e+02
2.61953812e+02
2.61997542e+02
2.62132351e+02
2.61987911e+02
2.62039803e+02
2.61982876e+02
2.62108813e+02
2.61693218e+02
2.61775951e+02
2.61479854e+02
2.61276284e+02
2.61029950e+02
2.61316636e+02
2.61214417e+02
2.61708735e+02
2.61265114e+02
2.61335253e+02
2.68366244e+02
2.68173095e+02
2.68070041e+02
2.68003852e+02
2.67398475e+02
2.67146803e+02
2.66745724e+02
2.66595982e+02
2.66386290e+02
2.66041322e+02
2.65744357e+02
2.65413916e+02
2.65300253e+02
2.64896797e+02
2.64571604e+02
2.64381719e+02
2.64076781e+02
2.64163948e+02
2.64210061e+02
2.64270447e+02
2.63910799e+02
2.63752652e+02
2.63941808e+02
2.64462930e+02
2.63884530e+02
2.63950551e+02
2.63747964e+02
2.63848452e+02
2.63710113e+02
2.64191945e+02
2.63615272e+02
2.63547906e+02
2.63948647e+02
2.64164512e+02
2.63650971e+02
2.63583224e+02
2.63442621e+02
2.72888696e+02
2.72439103e+02
2.71306151e+02
2.68907901e+02
2.66525536e+02
2.63499046e+02
2.61335658e+02
2.58974572e+02
2.56726499e+02
2.54461980e+02
2.52402811e+02
2.50032839e+02
2.48591968e+02
2.47248689e+02
2.45565312e+02
2.44048197e+02
2.42408174e+02
2.41513525e+02
2.40102608e+02
2.39241784e+02
2.38154748e+02
2.36913394e+02
2.35955547e+02
2.35251479e+02
2.34618591e+02
2.34127484e+02
2.33357640e+02
2.32500763e+02
2.31519965e+02
2.31301156e+02
2.30288304e+02
2.29996997e+02
2.29884230e+02
2.29144366e+02
2.28495211e+02
2.28364791e+02
2.27593401e+02
2.72916748e+02
2.72886215e+02
2.70940436e+02
2.68754754e+02
2.66439271e+02
2.63845167e+02
2.61848393e+02
2.60073825e+02
2.57507938e+02
2.55542829e+02
2.53924064e+02
2.52245347e+02
2.50694871e+02
2.49153218e+02
2.47984361e+02
2.46747908e+02
2.45059999e+02
2.44412159e+02
2.43399431e+02
2.42215396e+02
2.41515088e+02
2.40215719e+02
2.39686123e+02
2.38850316e+02
2.37635287e+02
2.37712937e+02
2.37040828e+02
2.36284476e+02
2.35602178e+02
2.34852075e+02
2.34779882e+02
2.34010927e+02
2.33949942e+02
2.33015526e+02
2.32570985e+02
2.32591832e+02
2.31901130e+02
2.72425799e+02
2.71920300e+02
2.71172986e+02
2.70232165e+02
2.68232512e+02
2.67080187e+02
2.65893577e+02
2.65043922e+02
2.63663487e+02
2.62292629e+02
2.61701492e+02
2.61060443e+02
2.59695972e+02
2.59234253e+02
2.58283508e+02
2.57589117e+02
2.57258017e+02
2.56600140e+02
2.56690881e+02
2.55529618e+02
2.55308397e+02
2.54659939e+02
2.54195846e+02
2.53965807e+02
2.54008189e+02
2.53303300e+02
2.53260777e+02
2.52781577e+02
2.52921171e+02
2.52325953e+02
2.52024239e+02
2.51959087e+02
2.51276984e+02
2.51531871e+02
2.51276474e+02
2.51106152e+02
2.50832171e+02
2.71505450e+02
2.71480232e+02
2.70582704e+02
2.69773465e+02
2.69035430e+02
2.67671408e+02
2.66953200e+02
2.66522814e+02
2.65644568e+02
2.65037624e+02
2.64693362e+02
2.64435387e+02
2.63718959e+02
2.63253205e+02
2.63048343e+02
2.62549825e+02
2.62031328e+02
2.61904794e+02
2.62139703e+02
2.61471670e+02
2.60912960e+02
2.61042168e+02
2.61260764e+02
2.60508414e+02
2.60860202e+02
2.60649941e+02
2.60035815e+02
2.60156694e+02
2.60282449e+02
2.60227116e+02
2.59630935e+02
2.59621300e+02
2.59255533e+02
2.59587757e+02
2.59616231e+02
2.59031528e+02
2.59168152e+02
2.70839719e+02
2.70974818e+02
2.71071510e+02
2.70550028e+02
2.70562432e+02
2.70506698e+02
2.69795749e+02
2.69821125e+02
2.69996901e+02
2.70073844e+02
2.69713032e+02
2.69724986e+02
2.69916633e+02
2.69986163e+02
2.69695552e+02
2.69833937e+02
2.69600613e+02
2.69603451e+02
2.70250657e+02
2.69731493e+02
2.69585074e+02
2.69348695e+02
2.69594172e+02
2.69893931e+02
2.70099918e+02
2.69796689e+02
2.69551241e+02
2.69642849e+02
2.69616413e+02
2.69673582e+02
2.69900604e+02
2.69818078e+02
2.69221331e+02
2.69459691e+02
2.69645377e+02
2.69540030e+02
2.69490173e+02
