2.70142383e+02
4.97296381e+01
5.00528929e+01
4.99024345e+01
4.98192014e+01
5.01999713e+01
5.00010639e+01
4.98784324e+01
4.99039652e+01
4.98139716e+01
4.98177508e+01
5.02343104e+01
4.98316086e+01
5.01606239e+01
5.00151141e+01
4.99208496e+01
5.03400868e+01
4.97923675e+01
4.98439750e+01
5.02210935e+01
4.98315311e+01
5.01369133e+01
4.99625388e+01
4.96853128e+01
4.99028680e+01
5.00806837e+01
4.98532229e+01
5.00748593e+01
4.98396404e+01
5.00442838e+01
4.98542865e+01
5.01016154e+01
5.03103989e+01
5.00357221e+01
5.03863115e+01
4.98924769e+01
4.99702312e+01
2.69769410e+02
1.50055203e+02
1.43899517e+02
1.39247101e+02
1.36396224e+02
1.33692258e+02
1.31475666e+02
1.29593045e+02
1.28350569e+02
1.26912159e+02
1.25804759e+02
1.25195331e+02
1.24130483e+02
1.23625615e+02
1.22683491e+02
1.22871465e+02
1.22016796e+02
1.21885218e+02
1.21552683e+02
1.21365929e+02
1.21220595e+02
1.20682101e+02
1.20646786e+02
1.20336046e+02
1.20180676e+02
1.20098931e+02
1.20249029e+02
1.20101813e+02
1.19918704e+02
1.20052417e+02
1.19893070e+02
1.20137270e+02
1.20000747e+02
1.19803650e+02
1.19645252e+02
1.19793080e+02
1.19677524e+02
2.70378729e+02
2.50261753e+02
2.44551817e+02
2.38973999e+02
2.33076125e+02
2.27375034e+02
2.23329730e+02
2.18928994e+02
2.15687668e+02
2.12325659e+02
2.09904598e+02
2.07747174e+02
2.06237997e+02
2.04827245e+02
2.03288237e+02
2.01942432e+02
2.01220735e+02
2.00183755e+02
1.99591532e+02
1.98899251e+02
1.98501104e+02
1.97815512e+02
1.97567462e+02
1.97271241e+02
1.96664966e+02
1.96500483e+02
1.96757065e+02
1.95945550e+02
1.95818217e+02
1.95906741e+02
1.95817479e+02
1.95565792e+02
1.95127857e+02
1.95169125e+02
1.95312823e+02
1.95121561e+02
1.95209603e+02
2.68722901e+02
2.68456376e+02
2.68517980e+02
2.68209392e+02
2.67185105e+02
2.67281241e+02
2.66773176e+02
2.66182240e+02
2.65458572e+02
2.65158111e+02
2.64241130e+02
2.64347764e+02
2.63943267e+02
2.63606598e+02
2.63186524e+02
2.63026375e+02
2.62999180e+02
2.62628761e+02
2.62760666e+02
2.62601976e+02
2.62520591e+02
2.62162031e+02
2.62180385e+02
2.62303673e+02
2.62074879e+02
2.61979170e+02
2.62133977e+02
2.61874841e+02
2.61816418e+02
2.62084445e+02
2.62152782e+02
2.62044029e+02
2.61989429e+02
2.62134307e+02
2.61567569e+02
2.61889449e+02
2.61865441e+02
2.68062512e+02
2.68510170e+02
2.68350468e+02
2.68081735e+02
2.68010889e+02
2.67138312e+02
2.66949435e+02
2.67218261e+02
2.66710698e+02
2.66003965e+02
2.65711138e+02
2.65341443e+02
2.65719323e+02
2.65329863e+02
2.65106930e+02
2.65067928e+02
2.64973335e+02
2.64918786e+02
2.64801595e+02
2.64910503e+02
2.64416573e+02
2.64699406e+02
2.64610439e+02
2.64393769e+02
2.64504056e+02
2.64655287e+02
2.64483141e+02
2.64162877e+02
2.64325520e+02
2.64190713e+02
2.64395742e+02
2.64497333e+02
2.64000279e+02
2.64246761e+02
2.64166721e+02
2.64026873e+02
2.63925843e+02
2.67050973e+02
2.66260944e+02
2.65274586e+02
2.62938892e+02
2.61142355e+02
2.58596786e+02
2.56380808e+02
2.53773252e+02
2.51548336e+02
2.49306347e+02
2.47896615e+02
2.46049258e+02
2.44535034e+02
2.43302132e+02
2.42053402e+02
2.40893041e+02
2.39861424e+02
2.38681250e+02
2.37585657e+02
2.36816802e+02
2.36148010e+02
2.35457623e+02
2.34976496e+02
2.34211522e+02
2.33472778e+02
2.33145958e+02
2.32271009e+02
2.32191050e+02
2.32008705e+02
2.31164177e+02
2.30851606e+02
2.30811554e+02
2.30045833e+02
2.29687531e+02
2.29671726e+02
2.29513930e+02
2.29007321e+02
2.67095300e+02
2.67339105e+02
2.66324572e+02
2.64506900e+02
2.62344610e+02
2.59867603e+02
2.57803817e+02
2.55459420e+02
2.54048295e+02
2.52311669e+02
2.50692399e+02
2.48894935e+02
2.47800128e+02
2.46060117e+02
2.44909983e+02
2.43962012e+02
2.43124718e+02
2.41776654e+02
2.41522449e+02
2.40731322e+02
2.39788940e+02
2.39244227e+02
2.39096417e+02
2.38369386e+02
2.37687750e+02
2.37174429e+02
2.36568809e+02
2.36352897e+02
2.36226587e+02
2.35497112e+02
2.35015541e+02
2.34887198e+02
2.34218627e+02
2.34450314e+02
2.34112677e+02
2.34037454e+02
2.33422785e+02
2.69739552e+02
2.69641397e+02
2.68903237e+02
2.67931875e+02
2.67021942e+02
2.65209069e+02
2.64357891e+02
2.62734255e+02
2.62275163e+02
2.61251977e+02
2.59906338e+02
2.59954362e+02
2.58914102e+02
2.58480751e+02
2.57907554e+02
2.57373567e+02
2.56766412e+02
2.56158544e+02
2.56098184e+02
2.55474495e+02
2.55167718e+02
2.54471042e+02
2.54331217e+02
2.54277779e+02
2.53657838e+02
2.53871319e+02
2.53419725e+02
2.53523374e+02
2.52678162e+02
2.53104739e+02
2.52326237e+02
2.52249018e+02
2.52374171e+02
2.52395812e+02
2.52310862e+02
2.52085296e+02
2.51888616e+02
2.70541014e+02
2.70366099e+02
2.69890913e+02
2.68603354e+02
2.67595601e+02
2.66996132e+02
2.66262215e+02
2.66101197e+02
2.65341142e+02
2.64759484e+02
2.64084270e+02
2.63633893e+02
2.63407800e+02
2.63375858e+02
2.62444132e+02
2.62873784e+02
2.61927699e+02
2.62261228e+02
2.62178717e+02
2.61867714e+02
2.61372389e+02
2.61221187e+02
2.61327063e+02
2.61247543e+02
2.60738750e+02
2.60599473e+02
2.60545229e+02
2.60432634e+02
2.60829517e+02
2.60523723e+02
2.60133929e+02
2.60070690e+02
2.60167810e+02
2.59882955e+02
2.60141962e+02
2.59715102e+02
2.60040036e+02
2.70903246e+02
2.70736535e+02
2.70802739e+02
2.70597137e+02
2.70011088e+02
2.70352675e+02
2.70467996e+02
2.70099814e+02
2.70086486e+02
2.70221012e+02
2.69905970e+02
2.70040537e+02
2.69457505e+02
2.70178046e+02
2.69941581e+02
2.69304441e+02
2.69839647e+02
2.69685017e+02
2.69951205e+02
2.69989035e+02
2.69644808e+02
2.69937959e+02
2.69584858e+02
2.69605989e+02
2.69416903e+02
2.69759251e+02
2.69501816e+02
2.69616239e+02
2.69395221e+02
2.69573503e+02
2.69719530e+02
2.69843895e+02
2.69450934e+02
2.69671018e+02
2.69698394e+02
2.69670085e+02
2.69835204e+02
