-2.2000e+02
0.0000e+00
0.0000e+00
0.0000e+00
0.0000e+00
0.0000e+00
0.0000e+00
0.0000e+00
0.0000e+00
0.0000e+00
0.0000e+00
0.0000e+00
0.0000e+00
0.0000e+00
0.0000e+00
0.0000e+00
0.0000e+00
0.0000e+00
0.0000e+00
0.0000e+00
0.0000e+00
0.0000e+00
0.0000e+00
0.0000e+00
0.0000e+00
0.0000e+00
0.0000e+00
0.0000e+00
0.0000e+00
0.0000e+00
0.0000e+00
0.0000e+00
0.0000e+00
0.0000e+00
0.0000e+00
0.0000e+00
-1.2000e+02
-6.4530e+00
-3.8680e+00
-2.9544e+00
-2.5493e+00
-2.2062e+00
-1.8214e+00
-1.4997e+00
-1.2428e+00
-1.0376e+00
-8.7223e-01
-7.3773e-01
-6.2734e-01
-5.3601e-01
-4.5993e-01
-3.9618e-01
-3.4247e-01
-2.9702e-01
-2.5840e-01
-2.2546e-01
-1.9728e-01
-1.7309e-01
-1.5227e-01
-1.3430e-01
-1.1876e-01
-1.0528e-01
-9.3560e-02
-8.3355e-02
-7.4444e-02
-6.6649e-02
-5.9813e-02
-5.3808e-02
-4.7701e-02
-4.2509e-02
-3.8652e-02
-3.5198e-02
-2.0000e+01
-5.4818e+00
-5.4768e+00
-5.5062e+00
-5.2013e+00
-4.5961e+00
-3.9603e+00
-3.3793e+00
-2.8729e+00
-2.4404e+00
-2.0744e+00
-1.7659e+00
-1.5060e+00
-1.2870e+00
-1.1020e+00
-9.4562e-01
-8.1306e-01
-7.0048e-01
-6.0467e-01
-5.2297e-01
-4.5318e-01
-3.9345e-01
-3.4223e-01
-2.9825e-01
-2.6042e-01
-2.2783e-01
-1.9970e-01
-1.7540e-01
-1.5437e-01
-1.3613e-01
-1.2031e-01
-1.0655e-01
-9.3054e-02
-8.1601e-02
-7.3034e-02
-6.5494e-02
-9.9264e-02
-2.6139e-01
-3.9091e-01
-4.9021e-01
-5.4801e-01
-5.6435e-01
-5.4819e-01
-5.1178e-01
-4.6545e-01
-4.1614e-01
-3.6794e-01
-3.2299e-01
-2.8222e-01
-2.4591e-01
-2.1391e-01
-1.8591e-01
-1.6152e-01
-1.4035e-01
-1.2201e-01
-1.0613e-01
-9.2395e-02
-8.0516e-02
-7.0242e-02
-6.1353e-02
-5.3660e-02
-4.7000e-02
-4.1229e-02
-3.6224e-02
-3.1881e-02
-2.8108e-02
-2.4828e-02
-2.1971e-02
-1.9342e-02
-1.6941e-02
-1.5038e-02
-1.3434e-02
-2.9552e-02
-1.1722e-01
-2.0740e-01
-2.8364e-01
-3.3572e-01
-3.6002e-01
-3.6005e-01
-3.4309e-01
-3.1647e-01
-2.8568e-01
-2.5426e-01
-2.2421e-01
-1.9653e-01
-1.7161e-01
-1.4950e-01
-1.3006e-01
-1.1308e-01
-9.8301e-02
-8.5471e-02
-7.4353e-02
-6.4727e-02
-5.6396e-02
-4.9187e-02
-4.2950e-02
-3.7551e-02
-3.2876e-02
-2.8825e-02
-2.5312e-02
-2.2265e-02
-1.9618e-02
-1.7317e-02
-1.5314e-02
-1.3417e-02
-1.1812e-02
-1.0484e-02
-9.3470e-03
-6.0790e-01
-1.7708e+00
-2.4033e+00
-2.6104e+00
-2.6236e+00
-2.5431e+00
-2.4171e+00
-2.2705e+00
-2.1171e+00
-1.9648e+00
-1.8182e+00
-1.6796e+00
-1.5502e+00
-1.4302e+00
-1.3196e+00
-1.2179e+00
-1.1247e+00
-1.0393e+00
-9.6114e-01
-8.8963e-01
-8.2419e-01
-7.6428e-01
-7.0939e-01
-6.5907e-01
-6.1290e-01
-5.7049e-01
-5.3150e-01
-4.9562e-01
-4.6257e-01
-4.3209e-01
-4.0395e-01
-3.7796e-01
-3.4734e-01
-3.1966e-01
-3.0078e-01
-2.8301e-01
-5.2000e-01
-1.5723e+00
-2.1543e+00
-2.3454e+00
-2.3595e+00
-2.2894e+00
-2.1783e+00
-2.0480e+00
-1.9109e+00
-1.7743e+00
-1.6425e+00
-1.5176e+00
-1.4010e+00
-1.2928e+00
-1.1930e+00
-1.1013e+00
-1.0172e+00
-9.4017e-01
-8.6968e-01
-8.0518e-01
-7.4613e-01
-6.9205e-01
-6.4249e-01
-5.9704e-01
-5.5532e-01
-5.1699e-01
-4.8173e-01
-4.4927e-01
-4.1936e-01
-3.9176e-01
-3.6628e-01
-3.4273e-01
-3.1476e-01
-2.8976e-01
-2.7277e-01
-2.5670e-01
-2.7975e-01
-9.6710e-01
-1.2951e+00
-1.3687e+00
-1.3491e+00
-1.2923e+00
-1.2196e+00
-1.1402e+00
-1.0594e+00
-9.8053e-01
-9.0537e-01
-8.3489e-01
-7.6947e-01
-7.0916e-01
-6.5379e-01
-6.0306e-01
-5.5665e-01
-5.1421e-01
-4.7540e-01
-4.3991e-01
-4.0741e-01
-3.7765e-01
-3.5037e-01
-3.2534e-01
-3.0236e-01
-2.8122e-01
-2.6179e-01
-2.4389e-01
-2.2739e-01
-2.1217e-01
-1.9811e-01
-1.8513e-01
-1.7016e-01
-1.5656e-01
-1.4694e-01
-1.3799e-01
-2.0257e-01
-7.8179e-01
-1.0285e+00
-9.9600e-01
-8.9621e-01
-7.9974e-01
-7.1830e-01
-6.4955e-01
-5.9016e-01
-5.3795e-01
-4.9158e-01
-4.5012e-01
-4.1288e-01
-3.7933e-01
-3.4901e-01
-3.2156e-01
-2.9663e-01
-2.7396e-01
-2.5330e-01
-2.3444e-01
-2.1720e-01
-2.0141e-01
-1.8694e-01
-1.7365e-01
-1.6145e-01
-1.5022e-01
-1.3987e-01
-1.3034e-01
-1.2155e-01
-1.1343e-01
-1.0593e-01
-9.8989e-02
-9.0967e-02
-8.3671e-02
-7.8585e-02
-7.3819e-02
-8.4647e-02
-1.6581e-01
-1.4499e-01
-1.1638e-01
-9.5593e-02
-8.0793e-02
-6.9694e-02
-6.0851e-02
-5.3554e-02
-4.7415e-02
-4.2184e-02
-3.7689e-02
-3.3797e-02
-3.0409e-02
-2.7445e-02
-2.4839e-02
-2.2540e-02
-2.0503e-02
-1.8693e-02
-1.7078e-02
-1.5633e-02
-1.4338e-02
-1.3172e-02
-1.2121e-02
-1.1172e-02
-1.0312e-02
-9.5310e-03
-8.8210e-03
-8.1750e-03
-7.5840e-03
-7.0450e-03
-6.5520e-03
-6.0020e-03
-5.5030e-03
-5.1430e-03
-4.8110e-03
