2.70000000e+02
5.00000000e+01
5.00000000e+01
5.00000000e+01
5.00000000e+01
5.00000000e+01
5.00000000e+01
5.00000000e+01
5.00000000e+01
5.00000000e+01
5.00000000e+01
5.00000000e+01
5.00000000e+01
5.00000000e+01
5.00000000e+01
5.00000000e+01
5.00000000e+01
5.00000000e+01
5.00000000e+01
5.00000000e+01
5.00000000e+01
5.00000000e+01
5.00000000e+01
5.00000000e+01
5.00000000e+01
5.00000000e+01
5.00000000e+01
5.00000000e+01
5.00000000e+01
5.00000000e+01
5.00000000e+01
5.00000000e+01
5.00000000e+01
5.00000000e+01
5.00000000e+01
5.00000000e+01
5.00000000e+01
2.70000000e+02
1.50000000e+02
1.43599258e+02
1.39740785e+02
1.36790420e+02
1.34256421e+02
1.32058374e+02
1.30239055e+02
1.28740264e+02
1.27498030e+02
1.26460957e+02
1.25589263e+02
1.24852137e+02
1.24225485e+02
1.23690248e+02
1.23231181e+02
1.22835971e+02
1.22494577e+02
1.22198751e+02
1.21941672e+02
1.21717663e+02
1.21521975e+02
1.21350615e+02
1.21200216e+02
1.21067924e+02
1.20951311e+02
1.20849881e+02
1.20761305e+02
1.20682362e+02
1.20611945e+02
1.20549047e+02
1.20492777e+02
1.20442360e+02
1.20397117e+02
1.20356454e+02
1.20319854e+02
1.20286862e+02
2.70000000e+02
2.50000000e+02
2.44506344e+02
2.39028410e+02
2.33523390e+02
2.28321954e+02
2.23725157e+02
2.19764334e+02
2.16384528e+02
2.13511276e+02
2.11070692e+02
2.08996238e+02
2.07230452e+02
2.05724667e+02
2.04438040e+02
2.03336415e+02
2.02391258e+02
2.01578711e+02
2.00878792e+02
2.00274733e+02
1.99752431e+02
1.99299996e+02
1.98907381e+02
1.98566079e+02
1.98268870e+02
1.98009613e+02
1.97786033e+02
1.97592557e+02
1.97422331e+02
1.97272334e+02
1.97139948e+02
1.97022915e+02
1.96919287e+02
1.96827382e+02
1.96745743e+02
1.96673108e+02
1.96608382e+02
2.68770446e+02
2.68668587e+02
2.68403892e+02
2.68008224e+02
2.67511426e+02
2.66955399e+02
2.66382296e+02
2.65825251e+02
2.65304951e+02
2.64831572e+02
2.64408206e+02
2.64033774e+02
2.63704999e+02
2.63417643e+02
2.63167207e+02
2.62949316e+02
2.62759909e+02
2.62595317e+02
2.62452277e+02
2.62327924e+02
2.62219752e+02
2.62125588e+02
2.62043545e+02
2.61971993e+02
2.61909523e+02
2.61854920e+02
2.61807406e+02
2.61766248e+02
2.61730218e+02
2.61698523e+02
2.61670571e+02
2.61645872e+02
2.61624014e+02
2.61604638e+02
2.61587437e+02
2.61572143e+02
2.61558524e+02
2.68328083e+02
2.68308164e+02
2.68217223e+02
2.68045001e+02
2.67800669e+02
2.67504074e+02
2.67180027e+02
2.66851449e+02
2.66535220e+02
2.66241493e+02
2.65975058e+02
2.65737136e+02
2.65526850e+02
2.65342230e+02
2.65180837e+02
2.65040127e+02
2.64917643e+02
2.64811111e+02
2.64718481e+02
2.64637932e+02
2.64567861e+02
2.64506870e+02
2.64453743e+02
2.64407425e+02
2.64367004e+02
2.64331691e+02
2.64301124e+02
2.64274501e+02
2.64251173e+02
2.64230693e+02
2.64212659e+02
2.64196744e+02
2.64182673e+02
2.64170211e+02
2.64159158e+02
2.64149339e+02
2.64140603e+02
2.73213437e+02
2.72418657e+02
2.70335567e+02
2.67641600e+02
2.64810856e+02
2.62033777e+02
2.59389417e+02
2.56909024e+02
2.54602496e+02
2.52469200e+02
2.50502947e+02
2.48694726e+02
2.47034247e+02
2.45510824e+02
2.44113890e+02
2.42833281e+02
2.41659395e+02
2.40583266e+02
2.39596591e+02
2.38691723e+02
2.37861646e+02
2.37099940e+02
2.36400740e+02
2.35758696e+02
2.35168931e+02
2.34626997e+02
2.34136709e+02
2.33691999e+02
2.33281146e+02
2.32901894e+02
2.32551828e+02
2.32228662e+02
2.31930274e+02
2.31654704e+02
2.31400146e+02
2.31164943e+02
2.30947568e+02
2.72777226e+02
2.72298073e+02
2.70805710e+02
2.68684616e+02
2.66332874e+02
2.63948050e+02
2.61627421e+02
2.59419282e+02
2.57346446e+02
2.55417487e+02
2.53632609e+02
2.51987198e+02
2.50474020e+02
2.49084578e+02
2.47809932e+02
2.46641190e+02
2.45569787e+02
2.44587634e+02
2.43687191e+02
2.42861487e+02
2.42104112e+02
2.41409196e+02
2.40771373e+02
2.40185748e+02
2.39647859e+02
2.39153637e+02
2.38706313e+02
2.38300822e+02
2.37926299e+02
2.37580600e+02
2.37261530e+02
2.36966994e+02
2.36695049e+02
2.36443903e+02
2.36211909e+02
2.35997555e+02
2.35799451e+02
2.71264647e+02
2.71149649e+02
2.70311029e+02
2.69107825e+02
2.67808143e+02
2.66513147e+02
2.65265898e+02
2.64086629e+02
2.62984629e+02
2.61962837e+02
2.61020251e+02
2.60153568e+02
2.59358274e+02
2.58629337e+02
2.57961617e+02
2.57350106e+02
2.56790055e+02
2.56277038e+02
2.55806968e+02
2.55376099e+02
2.54981010e+02
2.54618584e+02
2.54285984e+02
2.53980630e+02
2.53700179e+02
2.53442497e+02
2.53209247e+02
2.52997815e+02
2.52802744e+02
2.52622699e+02
2.52456465e+02
2.52302945e+02
2.52161140e+02
2.52030130e+02
2.51909071e+02
2.51797181e+02
2.51693746e+02
2.70952202e+02
2.70853051e+02
2.70178843e+02
2.69225810e+02
2.68284953e+02
2.67432928e+02
2.66671600e+02
2.65988617e+02
2.65372628e+02
2.64815023e+02
2.64309046e+02
2.63849110e+02
2.63430441e+02
2.63048881e+02
2.62700770e+02
2.62382871e+02
2.62092306e+02
2.61826513e+02
2.61583198e+02
2.61360310e+02
2.61156006e+02
2.60968626e+02
2.60796676e+02
2.60638804e+02
2.60493790e+02
2.60360527e+02
2.60239876e+02
2.60130664e+02
2.60029819e+02
2.59936665e+02
2.59850606e+02
2.59771091e+02
2.59697612e+02
2.59629700e+02
2.59566921e+02
2.59508876e+02
2.59455197e+02
2.70897880e+02
2.70816406e+02
2.70652897e+02
2.70509276e+02
2.70394053e+02
2.70299598e+02
2.70220006e+02
2.70151567e+02
2.70092009e+02
2.70039774e+02
2.69993697e+02
2.69952864e+02
2.69916537e+02
2.69884110e+02
2.69855078e+02
2.69829018e+02
2.69805569e+02
2.69784425e+02
2.69765322e+02
2.69748033e+02
2.69732360e+02
2.69718132e+02
2.69705198e+02
2.69693425e+02
2.69682697e+02
2.69672912e+02
2.69664110e+02
2.69656188e+02
2.69648917e+02
2.69642239e+02
2.69636101e+02
2.69630457e+02
2.69625265e+02
2.69620486e+02
2.69616085e+02
2.69612030e+02
2.69608293e+02
