2.70112558e+02
5.00820841e+01
5.04775077e+01
5.02367471e+01
4.99722873e+01
4.98688672e+01
4.98646103e+01
5.00373379e+01
5.00865770e+01
4.99960046e+01
4.98752569e+01
5.00293564e+01
5.00349176e+01
5.00953778e+01
4.96108342e+01
4.99533408e+01
5.01406805e+01
4.98941667e+01
5.00691433e+01
4.97180833e+01
5.01414982e+01
5.00130064e+01
4.99249364e+01
4.99757058e+01
4.97442889e+01
5.00147674e+01
4.99171833e+01
4.98312299e+01
4.96948224e+01
4.98023622e+01
5.01035174e+01
4.98010262e+01
5.00765029e+01
4.99624827e+01
4.96305387e+01
5.00605679e+01
5.00412654e+01
2.70193095e+02
1.50130536e+02
1.44091117e+02
1.40176204e+02
1.37405267e+02
1.34561954e+02
1.33178295e+02
1.31447875e+02
1.29317301e+02
1.27670114e+02
1.26867729e+02
1.26137806e+02
1.25752552e+02
1.25031753e+02
1.24452006e+02
1.23903943e+02
1.23256857e+02
1.23378030e+02
1.22727067e+02
1.22614162e+02
1.21984123e+02
1.22027113e+02
1.21872002e+02
1.21453147e+02
1.21299155e+02
1.21270916e+02
1.21359494e+02
1.21246457e+02
1.20813933e+02
1.21169907e+02
1.20876246e+02
1.20871073e+02
1.20502623e+02
1.20835235e+02
1.20865989e+02
1.20826756e+02
1.20682901e+02
2.69829596e+02
2.50125038e+02
2.44329385e+02
2.38692468e+02
2.33447699e+02
2.27924909e+02
2.23663879e+02
2.19488413e+02
2.15903554e+02
2.13004395e+02
2.10498771e+02
2.08734846e+02
2.06537438e+02
2.05340903e+02
2.04162311e+02
2.03251380e+02
2.01938568e+02
2.00816423e+02
2.00457689e+02
2.00002872e+02
1.98985188e+02
1.98851380e+02
1.98523709e+02
1.98015389e+02
1.97351978e+02
1.97310507e+02
1.97296642e+02
1.96922073e+02
1.96811271e+02
1.96846079e+02
1.96677292e+02
1.96442737e+02
1.96201211e+02
1.96276681e+02
1.96077679e+02
1.95918612e+02
1.95956650e+02
2.69139926e+02
2.68580294e+02
2.68184568e+02
2.67894544e+02
2.67371113e+02
2.67234980e+02
2.66396338e+02
2.65882690e+02
2.65549674e+02
2.65183744e+02
2.65000989e+02
2.64591881e+02
2.64039593e+02
2.64136714e+02
2.63990243e+02
2.63898607e+02
2.63324520e+02
2.63237631e+02
2.62820942e+02
2.62932740e+02
2.62602647e+02
2.63195919e+02
2.63124583e+02
2.63094265e+02
2.63080522e+02
2.62873067e+02
2.62607561e+02
2.62698245e+02
2.62802768e+02
2.62556496e+02
2.62485747e+02
2.62477096e+02
2.62318834e+02
2.62252697e+02
2.62411530e+02
2.62717712e+02
2.62222988e+02
2.68172856e+02
2.68367918e+02
2.68275187e+02
2.67947336e+02
2.68148750e+02
2.67417706e+02
2.67293451e+02
2.67052801e+02
2.66716985e+02
2.66151486e+02
2.66930358e+02
2.65912871e+02
2.65960469e+02
2.65143812e+02
2.65353703e+02
2.65058347e+02
2.65407941e+02
2.64865760e+02
2.65092778e+02
2.64949607e+02
2.64795941e+02
2.64731475e+02
2.65005650e+02
2.64767224e+02
2.64750947e+02
2.64722952e+02
2.64870839e+02
2.64856677e+02
2.64709454e+02
2.64264514e+02
2.64869783e+02
2.64531723e+02
2.64614140e+02
2.64794079e+02
2.64450379e+02
2.65002381e+02
2.64523325e+02
2.76121753e+02
2.75386701e+02
2.73685771e+02
2.71136032e+02
2.68407907e+02
2.65559761e+02
2.62782276e+02
2.60306286e+02
2.58369189e+02
2.55445380e+02
2.53930567e+02
2.52203794e+02
2.49895071e+02
2.48119291e+02
2.46898122e+02
2.45195612e+02
2.43950632e+02
2.42438428e+02
2.41805426e+02
2.40844262e+02
2.39438438e+02
2.38688714e+02
2.37929877e+02
2.37399199e+02
2.36718305e+02
2.36072614e+02
2.35455906e+02
2.34731282e+02
2.33996893e+02
2.33291484e+02
2.33510163e+02
2.33033100e+02
2.32219171e+02
2.31670751e+02
2.31682180e+02
2.31475864e+02
2.31012512e+02
2.75341849e+02
2.75423788e+02
2.73207574e+02
2.71542928e+02
2.68945627e+02
2.66280632e+02
2.63929741e+02
2.61608735e+02
2.59277954e+02
2.57886268e+02
2.56224495e+02
2.53417275e+02
2.52361482e+02
2.50723746e+02
2.49239435e+02
2.47894555e+02
2.46830587e+02
2.45799424e+02
2.44350214e+02
2.43774720e+02
2.43131324e+02
2.42761303e+02
2.41444136e+02
2.40729780e+02
2.40239453e+02
2.39321296e+02
2.39036258e+02
2.38349348e+02
2.38165249e+02
2.37316176e+02
2.37053314e+02
2.36917539e+02
2.36138858e+02
2.36148807e+02
2.35664594e+02
2.35265894e+02
2.35149835e+02
2.73347324e+02
2.72972957e+02
2.71817091e+02
2.70406827e+02
2.69493352e+02
2.67315402e+02
2.66218236e+02
2.64884581e+02
2.63499527e+02
2.62475819e+02
2.61715575e+02
2.60604655e+02
2.59747416e+02
2.58530019e+02
2.58168477e+02
2.57315431e+02
2.57163419e+02
2.56164188e+02
2.55700092e+02
2.55272249e+02
2.55172611e+02
2.54871460e+02
2.54525084e+02
2.54082337e+02
2.53940435e+02
2.53506612e+02
2.53123636e+02
2.52648388e+02
2.52420539e+02
2.52438279e+02
2.52375019e+02
2.51488479e+02
2.51525406e+02
2.51303990e+02
2.51100348e+02
2.50913045e+02
2.50986475e+02
2.72360745e+02
2.71585490e+02
2.71075546e+02
2.69901796e+02
2.68878752e+02
2.67766275e+02
2.66689132e+02
2.66372316e+02
2.65154658e+02
2.64961445e+02
2.64808679e+02
2.63890947e+02
2.63371826e+02
2.63285628e+02
2.62883932e+02
2.62486976e+02
2.62287973e+02
2.61951744e+02
2.61447859e+02
2.60876752e+02
2.60877956e+02
2.60804818e+02
2.60675052e+02
2.60533578e+02
2.60322327e+02
2.60042966e+02
2.60218531e+02
2.59897029e+02
2.59972959e+02
2.60079791e+02
2.59806286e+02
2.59682787e+02
2.59520463e+02
2.59112825e+02
2.58613034e+02
2.58960821e+02
2.59290139e+02
2.70898493e+02
2.70907659e+02
2.70770842e+02
2.70521043e+02
2.69878648e+02
2.70526725e+02
2.70279067e+02
2.70254892e+02
2.69856203e+02
2.70247174e+02
2.69893387e+02
2.69931058e+02
2.69535677e+02
2.69730412e+02
2.69768790e+02
2.69718803e+02
2.70050267e+02
2.69629187e+02
2.69924964e+02
2.70045456e+02
2.69596602e+02
2.69684834e+02
2.69627718e+02
2.69801490e+02
2.69462091e+02
2.69951968e+02
2.69774243e+02
2.69733196e+02
2.69407103e+02
2.69606333e+02
2.69402426e+02
2.69278967e+02
2.69408794e+02
2.69337790e+02
2.69517808e+02
2.69617268e+02
2.69596758e+02
