2.69862643e+02
4.98315566e+01
5.00066634e+01
5.01306229e+01
4.99176781e+01
4.99911845e+01
5.02989897e+01
5.00573985e+01
4.95813204e+01
5.02682363e+01
5.01745319e+01
5.01538108e+01
5.05127535e+01
4.99784221e+01
4.96393899e+01
5.01268836e+01
5.01008921e+01
4.99108798e+01
4.99030436e+01
4.99442828e+01
5.00875748e+01
5.02232101e+01
4.99375948e+01
5.01870494e+01
4.99037452e+01
5.00866692e+01
4.99476298e+01
4.97787196e+01
5.02718366e+01
4.99289806e+01
4.97123445e+01
5.01473808e+01
4.99329367e+01
4.99439649e+01
5.03517702e+01
5.00081320e+01
4.98606206e+01
2.69987170e+02
1.49998097e+02
1.44287801e+02
1.39893810e+02
1.36844618e+02
1.34034104e+02
1.32473935e+02
1.30268754e+02
1.28911408e+02
1.27446218e+02
1.26695562e+02
1.25576369e+02
1.25100532e+02
1.24301911e+02
1.23842976e+02
1.23222754e+02
1.22765316e+02
1.22468041e+02
1.22431420e+02
1.22132669e+02
1.21768357e+02
1.21330176e+02
1.21592854e+02
1.21148304e+02
1.21186915e+02
1.20904924e+02
1.20597160e+02
1.20660416e+02
1.20602116e+02
1.20820275e+02
1.20802392e+02
1.20786864e+02
1.20383538e+02
1.20340873e+02
1.20518028e+02
1.20422876e+02
1.20072799e+02
2.70299937e+02
2.50010829e+02
2.44565099e+02
2.39364430e+02
2.33303279e+02
2.28263590e+02
2.23530338e+02
2.19333420e+02
2.16471999e+02
2.13659552e+02
2.10994422e+02
2.09103854e+02
2.06921567e+02
2.05288105e+02
2.04356773e+02
2.03065217e+02
2.02410103e+02
2.01637911e+02
2.00856221e+02
2.00333339e+02
1.99750924e+02
1.99324763e+02
1.98921559e+02
1.98473817e+02
1.98215644e+02
1.97649922e+02
1.97789764e+02
1.97657267e+02
1.97393982e+02
1.97371285e+02
1.97267437e+02
1.97122406e+02
1.96918023e+02
1.96813010e+02
1.96697954e+02
1.96747591e+02
1.96221020e+02
2.69048301e+02
2.68539797e+02
2.68296607e+02
2.67977939e+02
2.67319080e+02
2.66924453e+02
2.66337398e+02
2.65888256e+02
2.65414817e+02
2.65000415e+02
2.64511730e+02
2.64104624e+02
2.63816606e+02
2.63271273e+02
2.63494177e+02
2.63276926e+02
2.62651409e+02
2.62871369e+02
2.62627473e+02
2.62403168e+02
2.62120402e+02
2.62490561e+02
2.62020473e+02
2.61773244e+02
2.62299377e+02
2.61804425e+02
2.62118079e+02
2.61790884e+02
2.61814838e+02
2.61753378e+02
2.62015746e+02
2.61748237e+02
2.61575066e+02
2.61783071e+02
2.62017636e+02
2.61779093e+02
2.61622688e+02
2.68401585e+02
2.68183090e+02
2.68476158e+02
2.68256977e+02
2.67449131e+02
2.67370314e+02
2.66981163e+02
2.66471759e+02
2.66476153e+02
2.66078790e+02
2.65416217e+02
2.65594624e+02
2.65455741e+02
2.65212779e+02
2.64935851e+02
2.64710381e+02
2.64186914e+02
2.64290631e+02
2.64525261e+02
2.64190620e+02
2.64247779e+02
2.63816802e+02
2.64224207e+02
2.64105748e+02
2.64339926e+02
2.64182369e+02
2.64042304e+02
2.63978699e+02
2.63896002e+02
2.63665209e+02
2.63886816e+02
2.63671930e+02
2.63541491e+02
2.63704400e+02
2.63761540e+02
2.63862069e+02
2.64152136e+02
2.71922407e+02
2.71321184e+02
2.69712617e+02
2.67443657e+02
2.65450370e+02
2.62914668e+02
2.59863493e+02
2.58032209e+02
2.55832457e+02
2.54248091e+02
2.51862089e+02
2.50068463e+02
2.48669352e+02
2.46888772e+02
2.45280595e+02
2.44854494e+02
2.42792634e+02
2.42192522e+02
2.41051669e+02
2.40385484e+02
2.39293845e+02
2.38708557e+02
2.37401043e+02
2.37128271e+02
2.36175164e+02
2.36045395e+02
2.35402134e+02
2.34713197e+02
2.34413629e+02
2.33812098e+02
2.33022607e+02
2.32819560e+02
2.32743840e+02
2.32190277e+02
2.32109423e+02
2.31550259e+02
2.31370075e+02
2.71790232e+02
2.71181031e+02
2.69507160e+02
2.67845942e+02
2.65115700e+02
2.62766475e+02
2.60934990e+02
2.58935092e+02
2.56462579e+02
2.54491701e+02
2.53643195e+02
2.51794436e+02
2.50370391e+02
2.48989298e+02
2.47875199e+02
2.46608582e+02
2.45280075e+02
2.44591997e+02
2.43966323e+02
2.42566400e+02
2.41875522e+02
2.41549150e+02
2.40750853e+02
2.40218843e+02
2.39447170e+02
2.39076280e+02
2.38594094e+02
2.37939611e+02
2.37934866e+02
2.37549357e+02
2.36853751e+02
2.36467437e+02
2.36227274e+02
2.35666993e+02
2.35115729e+02
2.35352146e+02
2.34891176e+02
2.71900549e+02
2.71287644e+02
2.69998834e+02
2.68849985e+02
2.67448384e+02
2.66299356e+02
2.65106843e+02
2.63847472e+02
2.62958691e+02
2.61813949e+02
2.60803243e+02
2.60069054e+02
2.59004117e+02
2.58750165e+02
2.57991415e+02
2.57403330e+02
2.57242894e+02
2.55953410e+02
2.55960363e+02
2.55780817e+02
2.55087890e+02
2.54773979e+02
2.54298178e+02
2.53830281e+02
2.53712565e+02
2.53637107e+02
2.53194960e+02
2.53321159e+02
2.52864689e+02
2.52701046e+02
2.52061146e+02
2.52257735e+02
2.51813249e+02
2.51525268e+02
2.51749312e+02
2.51491394e+02
2.51625627e+02
2.71406881e+02
2.71310635e+02
2.70653921e+02
2.69580272e+02
2.68535145e+02
2.67193831e+02
2.66498440e+02
2.65994527e+02
2.65192768e+02
2.64256657e+02
2.64422115e+02
2.64097904e+02
2.63541854e+02
2.62897700e+02
2.62427467e+02
2.62628682e+02
2.62248717e+02
2.62149307e+02
2.61339448e+02
2.61387679e+02
2.61207530e+02
2.61349291e+02
2.60766801e+02
2.60624104e+02
2.60605710e+02
2.60346150e+02
2.60326739e+02
2.60274465e+02
2.60077331e+02
2.59839019e+02
2.59914636e+02
2.59874683e+02
2.59735957e+02
2.59582749e+02
2.59313544e+02
2.59453635e+02
2.59054579e+02
2.70911088e+02
2.70527728e+02
2.70761145e+02
2.70407896e+02
2.70844838e+02
2.70512538e+02
2.70078084e+02
2.70097806e+02
2.69873669e+02
2.69858836e+02
2.70102045e+02
2.69807596e+02
2.70265601e+02
2.70070925e+02
2.69887834e+02
2.69821628e+02
2.69544972e+02
2.69798173e+02
2.69603601e+02
2.69654878e+02
2.69631426e+02
2.70033596e+02
2.69669608e+02
2.70058498e+02
2.69671983e+02
2.69658188e+02
2.69651599e+02
2.69397399e+02
2.69269779e+02
2.69765287e+02
2.69242946e+02
2.69676484e+02
2.69559141e+02
2.69536701e+02
2.69889786e+02
2.69524366e+02
2.69723145e+02
