-2.2000e+02
0.0000e+00
0.0000e+00
0.0000e+00
0.0000e+00
0.0000e+00
0.0000e+00
0.0000e+00
0.0000e+00
0.0000e+00
0.0000e+00
0.0000e+00
0.0000e+00
0.0000e+00
0.0000e+00
0.0000e+00
0.0000e+00
0.0000e+00
0.0000e+00
0.0000e+00
0.0000e+00
0.0000e+00
0.0000e+00
0.0000e+00
0.0000e+00
0.0000e+00
0.0000e+00
0.0000e+00
0.0000e+00
0.0000e+00
0.0000e+00
0.0000e+00
0.0000e+00
0.0000e+00
0.0000e+00
0.0000e+00
-1.2000e+02
-6.5263e+00
-3.8794e+00
-2.9630e+00
-2.5621e+00
-2.2062e+00
-1.8136e+00
-1.4900e+00
-1.2329e+00
-1.0282e+00
-8.6371e-01
-7.3021e-01
-6.2083e-01
-5.3044e-01
-4.5521e-01
-3.9218e-01
-3.3908e-01
-2.9413e-01
-2.5591e-01
-2.2330e-01
-1.9537e-01
-1.7139e-01
-1.5072e-01
-1.3288e-01
-1.1743e-01
-1.0402e-01
-9.1760e-02
-8.0052e-02
-7.1711e-02
-6.4326e-02
-5.7801e-02
-5.2039e-02
-4.6942e-02
-4.2427e-02
-3.8420e-02
-3.4858e-02
-2.0000e+01
-5.5327e+00
-5.4636e+00
-5.4794e+00
-5.1612e+00
-4.5509e+00
-3.9168e+00
-3.3405e+00
-2.8403e+00
-2.4144e+00
-2.0547e+00
-1.7516e+00
-1.4963e+00
-1.2809e+00
-1.0987e+00
-9.4441e-01
-8.1336e-01
-7.0182e-01
-6.0668e-01
-5.2537e-01
-4.5575e-01
-3.9603e-01
-3.4473e-01
-3.0058e-01
-2.6255e-01
-2.2972e-01
-2.0026e-01
-1.7314e-01
-1.5275e-01
-1.3498e-01
-1.1949e-01
-1.0598e-01
-9.4171e-02
-8.3844e-02
-7.4797e-02
-6.6859e-02
-6.1097e-02
-2.5854e-01
-4.0749e-01
-5.2260e-01
-5.9536e-01
-6.2388e-01
-6.1554e-01
-5.8253e-01
-5.3595e-01
-4.8385e-01
-4.3130e-01
-3.8119e-01
-3.3500e-01
-2.9330e-01
-2.5616e-01
-2.2339e-01
-1.9465e-01
-1.6954e-01
-1.4768e-01
-1.2867e-01
-1.1217e-01
-9.7844e-02
-8.5425e-02
-7.4655e-02
-6.5317e-02
-5.7216e-02
-5.0097e-02
-4.3634e-02
-3.8213e-02
-3.3658e-02
-2.9741e-02
-2.6342e-02
-2.3379e-02
-2.0790e-02
-1.8525e-02
-1.6538e-02
-5.9820e-03
-9.4687e-02
-1.9602e-01
-2.8212e-01
-3.4472e-01
-3.7936e-01
-3.8779e-01
-3.7635e-01
-3.5241e-01
-3.2207e-01
-2.8955e-01
-2.5743e-01
-2.2718e-01
-1.9948e-01
-1.7458e-01
-1.5246e-01
-1.3297e-01
-1.1590e-01
-1.0099e-01
-8.8004e-02
-7.6717e-02
-6.6915e-02
-5.8409e-02
-5.1029e-02
-4.4628e-02
-3.9075e-02
-3.4110e-02
-2.9733e-02
-2.6122e-02
-2.2970e-02
-2.0265e-02
-1.7929e-02
-1.5896e-02
-1.4124e-02
-1.2572e-02
-1.1215e-02
-4.0821e-01
-1.5999e+00
-2.2402e+00
-2.4468e+00
-2.4610e+00
-2.3852e+00
-2.2674e+00
-2.1312e+00
-1.9895e+00
-1.8496e+00
-1.7152e+00
-1.5883e+00
-1.4697e+00
-1.3596e+00
-1.2579e+00
-1.1640e+00
-1.0776e+00
-9.9808e-01
-9.2490e-01
-8.5757e-01
-7.9559e-01
-7.3850e-01
-6.8588e-01
-6.3735e-01
-5.9256e-01
-5.5119e-01
-5.0919e-01
-4.6360e-01
-4.3393e-01
-4.0566e-01
-3.7916e-01
-3.5441e-01
-3.3132e-01
-3.0980e-01
-2.8974e-01
-2.7103e-01
-3.5517e-01
-1.4256e+00
-2.0158e+00
-2.2019e+00
-2.2125e+00
-2.1438e+00
-2.0382e+00
-1.9160e+00
-1.7884e+00
-1.6619e+00
-1.5402e+00
-1.4252e+00
-1.3178e+00
-1.2181e+00
-1.1260e+00
-1.0412e+00
-9.6320e-01
-8.9153e-01
-8.2569e-01
-7.6518e-01
-7.0954e-01
-6.5836e-01
-6.1124e-01
-5.6781e-01
-5.2777e-01
-4.9081e-01
-4.5326e-01
-4.1252e-01
-3.8624e-01
-3.6110e-01
-3.3747e-01
-3.1539e-01
-2.9481e-01
-2.7564e-01
-2.5778e-01
-2.4113e-01
-2.2438e-01
-8.7917e-01
-1.2005e+00
-1.2702e+00
-1.2456e+00
-1.1840e+00
-1.1075e+00
-1.0258e+00
-9.4418e-01
-8.6580e-01
-7.9225e-01
-7.2429e-01
-6.6207e-01
-6.0546e-01
-5.5413e-01
-5.0768e-01
-4.6565e-01
-4.2764e-01
-3.9322e-01
-3.6203e-01
-3.3372e-01
-3.0798e-01
-2.8455e-01
-2.6318e-01
-2.4367e-01
-2.2581e-01
-2.0808e-01
-1.8908e-01
-1.7609e-01
-1.6414e-01
-1.5311e-01
-1.4289e-01
-1.3341e-01
-1.2461e-01
-1.1644e-01
-1.0884e-01
-1.7671e-01
-7.6036e-01
-1.0022e+00
-9.5777e-01
-8.4774e-01
-7.4389e-01
-6.5724e-01
-5.8482e-01
-5.2300e-01
-4.6940e-01
-4.2249e-01
-3.8122e-01
-3.4479e-01
-3.1254e-01
-2.8393e-01
-2.5848e-01
-2.3579e-01
-2.1551e-01
-1.9735e-01
-1.8104e-01
-1.6635e-01
-1.5310e-01
-1.4111e-01
-1.3024e-01
-1.2036e-01
-1.1137e-01
-1.0244e-01
-9.2660e-02
-8.6381e-02
-8.0585e-02
-7.5168e-02
-7.0132e-02
-6.5462e-02
-6.1130e-02
-5.7112e-02
-5.3382e-02
-8.3979e-02
-1.6615e-01
-1.4838e-01
-1.2058e-01
-9.9595e-02
-8.4301e-02
-7.2667e-02
-6.3340e-02
-5.5628e-02
-4.9138e-02
-4.3608e-02
-3.8863e-02
-3.4761e-02
-3.1198e-02
-2.8091e-02
-2.5369e-02
-2.2973e-02
-2.0860e-02
-1.8987e-02
-1.7323e-02
-1.5837e-02
-1.4510e-02
-1.3317e-02
-1.2244e-02
-1.1276e-02
-1.0399e-02
-9.5590e-03
-8.6320e-03
-8.0110e-03
-7.4500e-03
-6.9320e-03
-6.4540e-03
-6.0140e-03
-5.6060e-03
-5.2300e-03
-4.8830e-03
