2.70000000e+02
5.00000000e+01
5.00000000e+01
5.00000000e+01
5.00000000e+01
5.00000000e+01
5.00000000e+01
5.00000000e+01
5.00000000e+01
5.00000000e+01
5.00000000e+01
5.00000000e+01
5.00000000e+01
5.00000000e+01
5.00000000e+01
5.00000000e+01
5.00000000e+01
5.00000000e+01
5.00000000e+01
5.00000000e+01
5.00000000e+01
5.00000000e+01
5.00000000e+01
5.00000000e+01
5.00000000e+01
5.00000000e+01
5.00000000e+01
5.00000000e+01
5.00000000e+01
5.00000000e+01
5.00000000e+01
5.00000000e+01
5.00000000e+01
5.00000000e+01
5.00000000e+01
5.00000000e+01
5.00000000e+01
2.70000000e+02
1.50000000e+02
1.43553201e+02
1.39686327e+02
1.36718568e+02
1.34160464e+02
1.31943605e+02
1.30109850e+02
1.28598331e+02
1.27344863e+02
1.26298101e+02
1.25418287e+02
1.24674556e+02
1.24042694e+02
1.23503482e+02
1.23041496e+02
1.22644238e+02
1.22301494e+02
1.22004858e+02
1.21747367e+02
1.21523224e+02
1.21327575e+02
1.21156345e+02
1.21006096e+02
1.20873920e+02
1.20757346e+02
1.20654275e+02
1.20562913e+02
1.20481728e+02
1.20409406e+02
1.20344820e+02
1.20288401e+02
1.20237982e+02
1.20192446e+02
1.20151250e+02
1.20113897e+02
1.20079955e+02
2.70000000e+02
2.50000000e+02
2.44422510e+02
2.38861259e+02
2.33255378e+02
2.27956159e+02
2.23270497e+02
2.19231273e+02
2.15784442e+02
2.12855299e+02
2.10369032e+02
2.08257882e+02
2.06463095e+02
2.04934771e+02
2.03630947e+02
2.02516489e+02
2.01562020e+02
2.00742971e+02
2.00038763e+02
1.99432137e+02
1.98908580e+02
1.98455872e+02
1.98063694e+02
1.97723321e+02
1.97427356e+02
1.97169520e+02
1.96944472e+02
1.96747662e+02
1.96575208e+02
1.96423791e+02
1.96290573e+02
1.96175732e+02
1.96074736e+02
1.95984972e+02
1.95905028e+02
1.95833679e+02
1.95769866e+02
2.68656423e+02
2.68575808e+02
2.68346097e+02
2.67995979e+02
2.67557199e+02
2.67070769e+02
2.66575119e+02
2.66098647e+02
2.65657953e+02
2.65260351e+02
2.64907265e+02
2.64596845e+02
2.64325658e+02
2.64089671e+02
2.63884796e+02
2.63707159e+02
2.63553226e+02
2.63419845e+02
2.63304241e+02
2.63203991e+02
2.63116994e+02
2.63041431e+02
2.62975732e+02
2.62918546e+02
2.62868708e+02
2.62825216e+02
2.62787210e+02
2.62753946e+02
2.62724787e+02
2.62699183e+02
2.62676662e+02
2.62657053e+02
2.62639925e+02
2.62624780e+02
2.62611324e+02
2.62599337e+02
2.62588632e+02
2.68282851e+02
2.68264178e+02
2.68177225e+02
2.68012953e+02
2.67782906e+02
2.67508657e+02
2.67214643e+02
2.66921648e+02
2.66643822e+02
2.66388904e+02
2.66159954e+02
2.65957140e+02
2.65779052e+02
2.65623546e+02
2.65488225e+02
2.65370711e+02
2.65268773e+02
2.65180387e+02
2.65103753e+02
2.65037287e+02
2.64979607e+02
2.64929515e+02
2.64885973e+02
2.64848086e+02
2.64815081e+02
2.64786294e+02
2.64761151e+02
2.64739160e+02
2.64719895e+02
2.64702992e+02
2.64688137e+02
2.64675272e+02
2.64663960e+02
2.64653973e+02
2.64645120e+02
2.64637246e+02
2.64630223e+02
2.71131481e+02
2.70759459e+02
2.69191330e+02
2.66950616e+02
2.64475534e+02
2.61967820e+02
2.59525650e+02
2.57197483e+02
2.55006312e+02
2.52960880e+02
2.51061555e+02
2.49303869e+02
2.47680672e+02
2.46183472e+02
2.44803254e+02
2.43530986e+02
2.42357920e+02
2.41275768e+02
2.40276791e+02
2.39353833e+02
2.38500323e+02
2.37710260e+02
2.36978178e+02
2.36299112e+02
2.35668559e+02
2.35082437e+02
2.34537045e+02
2.34029032e+02
2.33555358e+02
2.33113267e+02
2.32700256e+02
2.32324602e+02
2.31975474e+02
2.31647241e+02
2.31338598e+02
2.31048221e+02
2.30774862e+02
2.71167349e+02
2.70845348e+02
2.69458296e+02
2.67453246e+02
2.65229456e+02
2.62971430e+02
2.60769405e+02
2.58668840e+02
2.56691918e+02
2.54847444e+02
2.53136175e+02
2.51554144e+02
2.50094754e+02
2.48750102e+02
2.47511785e+02
2.46371402e+02
2.45320846e+02
2.44352462e+02
2.43459129e+02
2.42634288e+02
2.41871935e+02
2.41166602e+02
2.40513323e+02
2.39907596e+02
2.39345347e+02
2.38822887e+02
2.38336880e+02
2.37884305e+02
2.37462428e+02
2.37068771e+02
2.36701087e+02
2.36367035e+02
2.36056395e+02
2.35764217e+02
2.35489487e+02
2.35231068e+02
2.34987854e+02
2.71193290e+02
2.70967502e+02
2.70034639e+02
2.68749708e+02
2.67387064e+02
2.66050759e+02
2.64781624e+02
2.63595988e+02
2.62499399e+02
2.61491712e+02
2.60569494e+02
2.59727530e+02
2.58959787e+02
2.58260004e+02
2.57622048e+02
2.57040107e+02
2.56508794e+02
2.56023177e+02
2.55578785e+02
2.55171587e+02
2.54797965e+02
2.54454674e+02
2.54138812e+02
2.53847785e+02
2.53579270e+02
2.53331190e+02
2.53101687e+02
2.52889094e+02
2.52691916e+02
2.52508811e+02
2.52338572e+02
2.52183357e+02
2.52039763e+02
2.51905760e+02
2.51780463e+02
2.51663137e+02
2.51553149e+02
2.71098128e+02
2.70929097e+02
2.70154603e+02
2.69099554e+02
2.68071826e+02
2.67154504e+02
2.66348521e+02
2.65638108e+02
2.65008283e+02
2.64447272e+02
2.63945749e+02
2.63496088e+02
2.63091893e+02
2.62727713e+02
2.62398863e+02
2.62101283e+02
2.61831449e+02
2.61586285e+02
2.61363106e+02
2.61159558e+02
2.60973576e+02
2.60803344e+02
2.60647259e+02
2.60503908e+02
2.60372040e+02
2.60250547e+02
2.60138442e+02
2.60034850e+02
2.59938989e+02
2.59850162e+02
2.59767744e+02
2.59692694e+02
2.59623245e+02
2.59558555e+02
2.59498209e+02
2.59441827e+02
2.59389074e+02
2.70905598e+02
2.70814552e+02
2.70625085e+02
2.70455631e+02
2.70319147e+02
2.70207618e+02
2.70114183e+02
2.70034382e+02
2.69965420e+02
2.69905360e+02
2.69852749e+02
2.69806446e+02
2.69765528e+02
2.69729238e+02
2.69696946e+02
2.69668121e+02
2.69642315e+02
2.69619148e+02
2.69598295e+02
2.69579476e+02
2.69562452e+02
2.69547014e+02
2.69532984e+02
2.69520206e+02
2.69508542e+02
2.69497875e+02
2.69488100e+02
2.69479125e+02
2.69470871e+02
2.69463266e+02
2.69456248e+02
2.69449879e+02
2.69444025e+02
2.69438598e+02
2.69433554e+02
2.69428858e+02
2.69424479e+02
