-2.2000e+02
0.0000e+00
0.0000e+00
0.0000e+00
0.0000e+00
0.0000e+00
0.0000e+00
0.0000e+00
0.0000e+00
0.0000e+00
0.0000e+00
0.0000e+00
0.0000e+00
0.0000e+00
0.0000e+00
0.0000e+00
0.0000e+00
0.0000e+00
0.0000e+00
0.0000e+00
0.0000e+00
0.0000e+00
0.0000e+00
0.0000e+00
0.0000e+00
0.0000e+00
0.0000e+00
0.0000e+00
0.0000e+00
0.0000e+00
0.0000e+00
0.0000e+00
0.0000e+00
0.0000e+00
0.0000e+00
0.0000e+00
-1.2000e+02
-6.1450e+00
-3.8072e+00
-2.9397e+00
-2.5076e+00
-2.1102e+00
-1.8018e+00
-1.4935e+00
-1.2404e+00
-1.0363e+00
-8.7105e-01
-7.3623e-01
-6.2535e-01
-5.3351e-01
-4.5696e-01
-3.9280e-01
-3.3878e-01
-2.9310e-01
-2.5433e-01
-2.2131e-01
-1.9311e-01
-1.6895e-01
-1.4819e-01
-1.3032e-01
-1.1490e-01
-1.0156e-01
-8.9989e-02
-7.9935e-02
-7.1182e-02
-6.3542e-02
-5.6360e-02
-4.9270e-02
-4.4551e-02
-4.0306e-02
-3.6533e-02
-3.3180e-02
-2.0000e+01
-5.5706e+00
-5.5280e+00
-5.5424e+00
-5.2187e+00
-4.5934e+00
-3.9382e+00
-3.3467e+00
-2.8353e+00
-2.4007e+00
-2.0342e+00
-1.7262e+00
-1.4675e+00
-1.2500e+00
-1.0669e+00
-9.1247e-01
-7.8195e-01
-6.7143e-01
-5.7765e-01
-4.9793e-01
-4.3003e-01
-3.7210e-01
-3.2259e-01
-2.8022e-01
-2.4388e-01
-2.1268e-01
-1.8585e-01
-1.6273e-01
-1.4280e-01
-1.2557e-01
-1.0982e-01
-9.4869e-02
-8.4295e-02
-7.5056e-02
-6.6976e-02
-5.9899e-02
-9.8082e-02
-2.5230e-01
-3.7441e-01
-4.6565e-01
-5.1410e-01
-5.2176e-01
-4.9941e-01
-4.5985e-01
-4.1308e-01
-3.6535e-01
-3.2000e-01
-2.7859e-01
-2.4165e-01
-2.0915e-01
-1.8082e-01
-1.5626e-01
-1.3503e-01
-1.1673e-01
-1.0098e-01
-8.7425e-02
-7.5765e-02
-6.5735e-02
-5.7106e-02
-4.9676e-02
-4.3278e-02
-3.7764e-02
-3.3006e-02
-2.8898e-02
-2.5350e-02
-2.2278e-02
-1.9554e-02
-1.6982e-02
-1.4948e-02
-1.3259e-02
-1.1805e-02
-1.0538e-02
-2.9688e-02
-1.1497e-01
-2.0120e-01
-2.7279e-01
-3.1888e-01
-3.3680e-01
-3.3156e-01
-3.1123e-01
-2.8320e-01
-2.5263e-01
-2.2254e-01
-1.9449e-01
-1.6914e-01
-1.4665e-01
-1.2694e-01
-1.0978e-01
-9.4918e-02
-8.2080e-02
-7.1012e-02
-6.1480e-02
-5.3274e-02
-4.6212e-02
-4.0135e-02
-3.4901e-02
-3.0394e-02
-2.6509e-02
-2.3157e-02
-2.0265e-02
-1.7766e-02
-1.5603e-02
-1.3652e-02
-1.1882e-02
-1.0474e-02
-9.2720e-03
-8.2440e-03
-7.3510e-03
-3.5327e-01
-1.7049e+00
-2.4486e+00
-2.7021e+00
-2.7330e+00
-2.6555e+00
-2.5245e+00
-2.3693e+00
-2.2054e+00
-2.0417e+00
-1.8834e+00
-1.7335e+00
-1.5932e+00
-1.4633e+00
-1.3435e+00
-1.2337e+00
-1.1333e+00
-1.0417e+00
-9.5809e-01
-8.8192e-01
-8.1253e-01
-7.4929e-01
-6.9164e-01
-6.3905e-01
-5.9105e-01
-5.4719e-01
-5.0708e-01
-4.7036e-01
-4.3672e-01
-4.0586e-01
-3.7402e-01
-3.3792e-01
-3.1619e-01
-2.9592e-01
-2.7707e-01
-2.5956e-01
-3.2364e-01
-1.5512e+00
-2.2317e+00
-2.4556e+00
-2.4771e+00
-2.4027e+00
-2.2812e+00
-2.1385e+00
-1.9885e+00
-1.8390e+00
-1.6947e+00
-1.5584e+00
-1.4312e+00
-1.3135e+00
-1.2054e+00
-1.1064e+00
-1.0160e+00
-9.3357e-01
-8.5849e-01
-7.9012e-01
-7.2787e-01
-6.7118e-01
-6.1951e-01
-5.7240e-01
-5.2940e-01
-4.9012e-01
-4.5421e-01
-4.2133e-01
-3.9120e-01
-3.6357e-01
-3.3495e-01
-3.0250e-01
-2.8331e-01
-2.6527e-01
-2.4839e-01
-2.3268e-01
-2.5966e-01
-9.6704e-01
-1.3040e+00
-1.3796e+00
-1.3587e+00
-1.2975e+00
-1.2182e+00
-1.1317e+00
-1.0440e+00
-9.5870e-01
-8.7779e-01
-8.0235e-01
-7.3281e-01
-6.6918e-01
-6.1122e-01
-5.5858e-01
-5.1087e-01
-4.6765e-01
-4.2851e-01
-3.9307e-01
-3.6096e-01
-3.3184e-01
-3.0541e-01
-2.8141e-01
-2.5958e-01
-2.3971e-01
-2.2159e-01
-2.0507e-01
-1.8996e-01
-1.7615e-01
-1.6228e-01
-1.4747e-01
-1.3728e-01
-1.2792e-01
-1.1936e-01
-1.1150e-01
-1.9604e-01
-7.9345e-01
-1.0243e+00
-9.6929e-01
-8.5593e-01
-7.5193e-01
-6.6569e-01
-5.9400e-01
-5.3280e-01
-4.7949e-01
-4.3255e-01
-3.9100e-01
-3.5410e-01
-3.2124e-01
-2.9192e-01
-2.6571e-01
-2.4224e-01
-2.2119e-01
-2.0226e-01
-1.8523e-01
-1.6987e-01
-1.5599e-01
-1.4344e-01
-1.3206e-01
-1.2174e-01
-1.1236e-01
-1.0382e-01
-9.6033e-02
-8.8930e-02
-8.2437e-02
-7.5920e-02
-6.9075e-02
-6.4370e-02
-5.9957e-02
-5.5899e-02
-5.2175e-02
-9.0055e-02
-1.7808e-01
-1.5495e-01
-1.2337e-01
-1.0047e-01
-8.4111e-02
-7.1915e-02
-6.2331e-02
-5.4462e-02
-4.7858e-02
-4.2245e-02
-3.7436e-02
-3.3287e-02
-2.9691e-02
-2.6559e-02
-2.3824e-02
-2.1425e-02
-1.9313e-02
-1.7451e-02
-1.5802e-02
-1.4341e-02
-1.3039e-02
-1.1881e-02
-1.0843e-02
-9.9160e-03
-9.0810e-03
-8.3330e-03
-7.6560e-03
-7.0460e-03
-6.4940e-03
-5.9530e-03
-5.3810e-03
-4.9850e-03
-4.6240e-03
-4.2950e-03
-3.9960e-03
