2.70036281e+02
4.99579732e+01
5.02544180e+01
5.01680009e+01
5.01066809e+01
4.98653558e+01
5.02776461e+01
5.00779642e+01
4.95852466e+01
4.99911774e+01
4.99550400e+01
4.98088924e+01
4.99401206e+01
5.00639685e+01
5.00804643e+01
5.00187845e+01
4.98711874e+01
4.97621314e+01
4.96184746e+01
4.95520595e+01
5.00046773e+01
4.96855722e+01
5.00658072e+01
5.01052284e+01
5.03932406e+01
5.00138595e+01
5.00678258e+01
4.97799520e+01
5.00597716e+01
4.99641539e+01
4.99196794e+01
4.99001594e+01
5.01274935e+01
5.00679272e+01
5.00168021e+01
4.98911289e+01
4.99185115e+01
2.69750608e+02
1.49971022e+02
1.44160356e+02
1.40317495e+02
1.37114885e+02
1.34349524e+02
1.32334310e+02
1.30210555e+02
1.29250313e+02
1.27955763e+02
1.26885081e+02
1.25653186e+02
1.25277428e+02
1.24913836e+02
1.23918608e+02
1.23595352e+02
1.23316112e+02
1.22788185e+02
1.22587939e+02
1.22233111e+02
1.22086450e+02
1.21958978e+02
1.21564107e+02
1.21548225e+02
1.21621083e+02
1.21166890e+02
1.21140354e+02
1.21036462e+02
1.20897872e+02
1.20867760e+02
1.21049968e+02
1.20516509e+02
1.20771090e+02
1.20806059e+02
1.20828662e+02
1.20666823e+02
1.20538601e+02
2.69873334e+02
2.49893844e+02
2.44554997e+02
2.38707896e+02
2.32994794e+02
2.27856987e+02
2.23205483e+02
2.19216939e+02
2.15781932e+02
2.12838605e+02
2.10341490e+02
2.07976031e+02
2.06258305e+02
2.04906113e+02
2.03487517e+02
2.02360369e+02
2.01613027e+02
2.00624359e+02
2.00230370e+02
1.99789823e+02
1.98917017e+02
1.98353018e+02
1.97790014e+02
1.97934685e+02
1.97746825e+02
1.97281378e+02
1.97170181e+02
1.96943618e+02
1.97025799e+02
1.96210668e+02
1.96209844e+02
1.96090433e+02
1.96322665e+02
1.96041410e+02
1.95785216e+02
1.96379892e+02
1.96069305e+02
2.68645758e+02
2.68925448e+02
2.68426305e+02
2.68178134e+02
2.67526061e+02
2.67194187e+02
2.66635146e+02
2.66054889e+02
2.65575515e+02
2.64770807e+02
2.65209148e+02
2.64368918e+02
2.64001868e+02
2.63932203e+02
2.63638115e+02
2.63550509e+02
2.63510389e+02
2.63405858e+02
2.62927525e+02
2.63149559e+02
2.62519816e+02
2.62704710e+02
2.62895692e+02
2.62699038e+02
2.62604365e+02
2.63006431e+02
2.62640476e+02
2.62553476e+02
2.62098990e+02
2.62587760e+02
2.62771149e+02
2.62544551e+02
2.62611698e+02
2.62339221e+02
2.62337834e+02
2.62173189e+02
2.62128476e+02
2.68370523e+02
2.68147818e+02
2.67919632e+02
2.68002683e+02
2.67888946e+02
2.67507468e+02
2.67207516e+02
2.66856806e+02
2.66672937e+02
2.66111053e+02
2.66099723e+02
2.65873512e+02
2.65319693e+02
2.65410042e+02
2.65381909e+02
2.65494190e+02
2.65189018e+02
2.65133182e+02
2.64568019e+02
2.65033545e+02
2.64921489e+02
2.65088943e+02
2.65082497e+02
2.64687187e+02
2.64748269e+02
2.64448149e+02
2.64505684e+02
2.64814742e+02
2.64544458e+02
2.64534760e+02
2.64894968e+02
2.64552145e+02
2.64398360e+02
2.64776947e+02
2.64847154e+02
2.64215288e+02
2.64247405e+02
2.70390709e+02
2.70092464e+02
2.68931302e+02
2.66920964e+02
2.64164886e+02
2.61563351e+02
2.59086372e+02
2.56629688e+02
2.54125725e+02
2.52244800e+02
2.50496338e+02
2.48915791e+02
2.46507727e+02
2.45314896e+02
2.43950067e+02
2.42713237e+02
2.41762262e+02
2.40587174e+02
2.39343436e+02
2.38621359e+02
2.37498373e+02
2.36451187e+02
2.36022683e+02
2.35399987e+02
2.34920094e+02
2.34124881e+02
2.33619166e+02
2.33252597e+02
2.32607276e+02
2.32518029e+02
2.31782401e+02
2.31464275e+02
2.31279958e+02
2.30969143e+02
2.30739147e+02
2.30349486e+02
2.30288041e+02
2.70860307e+02
2.70099640e+02
2.68874829e+02
2.66954645e+02
2.64431107e+02
2.61883429e+02
2.59897589e+02
2.57386613e+02
2.55450096e+02
2.53768301e+02
2.52335423e+02
2.50459581e+02
2.48892293e+02
2.47547654e+02
2.46263699e+02
2.45401682e+02
2.44213720e+02
2.42834706e+02
2.42265933e+02
2.41214819e+02
2.40570721e+02
2.39549928e+02
2.39446397e+02
2.38713983e+02
2.38176285e+02
2.37747426e+02
2.37369169e+02
2.36431445e+02
2.36314497e+02
2.35590760e+02
2.35480966e+02
2.35287303e+02
2.35287569e+02
2.34602004e+02
2.34343546e+02
2.34278877e+02
2.34021037e+02
2.71032323e+02
2.70470719e+02
2.69696843e+02
2.68526193e+02
2.67264580e+02
2.65792944e+02
2.64335353e+02
2.63045632e+02
2.61952686e+02
2.60731707e+02
2.59825414e+02
2.58826518e+02
2.58544803e+02
2.57590291e+02
2.57067743e+02
2.56006724e+02
2.55468088e+02
2.55103417e+02
2.54685576e+02
2.54448788e+02
2.54255306e+02
2.53652319e+02
2.53332318e+02
2.52781339e+02
2.52705359e+02
2.52557565e+02
2.51808824e+02
2.51844134e+02
2.51969464e+02
2.51395969e+02
2.51290387e+02
2.51069890e+02
2.50989110e+02
2.50855703e+02
2.50690253e+02
2.50577538e+02
2.50626933e+02
2.71354291e+02
2.71116605e+02
2.69950432e+02
2.68920813e+02
2.67973810e+02
2.66918878e+02
2.65670887e+02
2.65181301e+02
2.64801563e+02
2.64251703e+02
2.63837194e+02
2.63118012e+02
2.62626568e+02
2.61949671e+02
2.61970829e+02
2.61319975e+02
2.61286279e+02
2.60855595e+02
2.60692218e+02
2.60391768e+02
2.60342409e+02
2.60564874e+02
2.59759789e+02
2.59986257e+02
2.59831207e+02
2.59412830e+02
2.59317908e+02
2.59383441e+02
2.59345988e+02
2.59009411e+02
2.59048857e+02
2.58973159e+02
2.58803194e+02
2.58573890e+02
2.58633544e+02
2.58730576e+02
2.58835718e+02
2.70573104e+02
2.70961031e+02
2.70618787e+02
2.70811532e+02
2.70472348e+02
2.70129227e+02
2.70196903e+02
2.69679350e+02
2.69691715e+02
2.69625193e+02
2.70121862e+02
2.70021216e+02
2.69615817e+02
2.69592784e+02
2.70483355e+02
2.69485146e+02
2.69733741e+02
2.69441282e+02
2.69789217e+02
2.69543651e+02
2.69436861e+02
2.69692591e+02
2.69509426e+02
2.69226962e+02
2.69372340e+02
2.69688730e+02
2.69365139e+02
2.69647249e+02
2.69085619e+02
2.69340828e+02
2.69643183e+02
2.69348307e+02
2.69614084e+02
2.69382095e+02
2.69107047e+02
2.69450222e+02
2.69002308e+02
