2.70342346e+02
4.99111174e+01
4.98335699e+01
4.96048808e+01
4.99101302e+01
5.01207209e+01
4.99852532e+01
5.00139297e+01
4.97925653e+01
4.99935032e+01
4.98127773e+01
4.98630240e+01
4.98615116e+01
4.98586653e+01
4.95453600e+01
5.00525706e+01
5.02788770e+01
5.00381777e+01
5.02078637e+01
5.00692261e+01
5.01645157e+01
5.00932103e+01
4.98215584e+01
4.98223123e+01
5.02503172e+01
5.00867992e+01
4.99563391e+01
5.01469330e+01
5.01196125e+01
5.00123320e+01
5.01011996e+01
5.00747351e+01
5.00797567e+01
5.01829130e+01
4.99100512e+01
5.00114185e+01
5.01845008e+01
2.69989877e+02
1.49938634e+02
1.43412446e+02
1.39692736e+02
1.36921721e+02
1.34381461e+02
1.32234173e+02
1.30039352e+02
1.28865991e+02
1.27989465e+02
1.26524968e+02
1.25938763e+02
1.25006436e+02
1.24909057e+02
1.24086106e+02
1.23638883e+02
1.23109163e+02
1.22757328e+02
1.22947235e+02
1.22245022e+02
1.21913324e+02
1.21815866e+02
1.21819479e+02
1.21374912e+02
1.21759741e+02
1.21216802e+02
1.21494689e+02
1.21516939e+02
1.21023823e+02
1.21119484e+02
1.20919826e+02
1.20917771e+02
1.20803311e+02
1.20940995e+02
1.20872041e+02
1.20729100e+02
1.20775801e+02
2.70246837e+02
2.49648235e+02
2.44416756e+02
2.38697999e+02
2.33798671e+02
2.27907333e+02
2.23762028e+02
2.19271443e+02
2.15826765e+02
2.13038816e+02
2.10684260e+02
2.08290091e+02
2.06898012e+02
2.05985625e+02
2.04977172e+02
2.03470645e+02
2.02741292e+02
2.01687540e+02
2.01157705e+02
2.00186032e+02
2.00122098e+02
1.99659543e+02
1.99199275e+02
1.98811656e+02
1.98537133e+02
1.98331923e+02
1.98037267e+02
1.97858203e+02
1.97555670e+02
1.97788501e+02
1.97539118e+02
1.97579467e+02
1.97029741e+02
1.97508796e+02
1.97221246e+02
1.97168038e+02
1.96992890e+02
2.68432725e+02
2.68491654e+02
2.68218122e+02
2.67908033e+02
2.67119332e+02
2.67249544e+02
2.66256235e+02
2.65597096e+02
2.65228541e+02
2.65270981e+02
2.64399558e+02
2.64545552e+02
2.64492964e+02
2.63791965e+02
2.63400443e+02
2.63253979e+02
2.63187675e+02
2.63248929e+02
2.63010137e+02
2.62654007e+02
2.62951608e+02
2.62754090e+02
2.62978507e+02
2.62732470e+02
2.62528277e+02
2.63068692e+02
2.62384877e+02
2.62695622e+02
2.62492756e+02
2.62994478e+02
2.62378905e+02
2.62433428e+02
2.62319722e+02
2.62533320e+02
2.62656731e+02
2.62610657e+02
2.62540809e+02
2.68427105e+02
2.67993352e+02
2.68210952e+02
2.67684753e+02
2.67680975e+02
2.67716328e+02
2.66863598e+02
2.67172719e+02
2.66876788e+02
2.66694734e+02
2.66558441e+02
2.65626014e+02
2.65673279e+02
2.65363104e+02
2.65344189e+02
2.65237029e+02
2.65278028e+02
2.64981568e+02
2.64702585e+02
2.64554709e+02
2.65070066e+02
2.64533841e+02
2.64890779e+02
2.64688704e+02
2.64750049e+02
2.64528695e+02
2.65060241e+02
2.64639600e+02
2.64379342e+02
2.64618009e+02
2.64778053e+02
2.64795792e+02
2.64732617e+02
2.64433182e+02
2.64722079e+02
2.64435485e+02
2.64393220e+02
2.67905163e+02
2.67627611e+02
2.66725158e+02
2.64419355e+02
2.61527398e+02
2.59358592e+02
2.56863581e+02
2.54740152e+02
2.52390566e+02
2.50829937e+02
2.49145708e+02
2.47264084e+02
2.45732070e+02
2.44628999e+02
2.43527715e+02
2.41820082e+02
2.41264658e+02
2.39932666e+02
2.39290087e+02
2.38323377e+02
2.37684971e+02
2.37071735e+02
2.36431071e+02
2.35921180e+02
2.35457056e+02
2.34768669e+02
2.34343605e+02
2.34299464e+02
2.33409462e+02
2.33918379e+02
2.33302171e+02
2.32950340e+02
2.32874107e+02
2.32167962e+02
2.32043292e+02
2.31899993e+02
2.31679319e+02
2.68024035e+02
2.68262364e+02
2.66965486e+02
2.64615854e+02
2.62867406e+02
2.60784579e+02
2.58684902e+02
2.56399782e+02
2.54748700e+02
2.52858921e+02
2.51360545e+02
2.49709434e+02
2.48618927e+02
2.47392742e+02
2.45958385e+02
2.45121259e+02
2.44128007e+02
2.43630903e+02
2.42556116e+02
2.42199450e+02
2.41310337e+02
2.40525023e+02
2.40298662e+02
2.39873628e+02
2.39010605e+02
2.38507898e+02
2.38461300e+02
2.37914536e+02
2.37883046e+02
2.37271126e+02
2.37119081e+02
2.36961135e+02
2.36652321e+02
2.36745997e+02
2.36231981e+02
2.36136435e+02
2.35817007e+02
2.70228029e+02
2.70001953e+02
2.69157070e+02
2.67739373e+02
2.66640570e+02
2.64886227e+02
2.64258622e+02
2.62804776e+02
2.61668205e+02
2.60794005e+02
2.59497908e+02
2.59160790e+02
2.58344996e+02
2.57630355e+02
2.57222254e+02
2.56587026e+02
2.55794098e+02
2.55526009e+02
2.55387699e+02
2.55064017e+02
2.54771895e+02
2.54427433e+02
2.53700569e+02
2.53474123e+02
2.53655424e+02
2.53072786e+02
2.53237778e+02
2.52504162e+02
2.52725200e+02
2.52609481e+02
2.52487227e+02
2.52050926e+02
2.52535809e+02
2.52032871e+02
2.51836999e+02
2.51697377e+02
2.51814240e+02
2.70517568e+02
2.70652199e+02
2.69565908e+02
2.68783075e+02
2.67603140e+02
2.66764437e+02
2.65920312e+02
2.65414580e+02
2.65036819e+02
2.64096832e+02
2.63559199e+02
2.63057211e+02
2.62967377e+02
2.62751681e+02
2.62060232e+02
2.62292642e+02
2.61895102e+02
2.61455864e+02
2.61254116e+02
2.61287981e+02
2.61126839e+02
2.60670254e+02
2.60740971e+02
2.60446469e+02
2.60385201e+02
2.60324016e+02
2.60030311e+02
2.60099976e+02
2.60088006e+02
2.59574903e+02
2.59814269e+02
2.59713897e+02
2.59496431e+02
2.59510996e+02
2.59443241e+02
2.59412095e+02
2.59304253e+02
2.71242656e+02
2.70931604e+02
2.70614933e+02
2.70205165e+02
2.70291410e+02
2.70172367e+02
2.70153717e+02
2.70029009e+02
2.69898906e+02
2.70212491e+02
2.70383939e+02
2.69914253e+02
2.69931253e+02
2.69784684e+02
2.69605870e+02
2.69537009e+02
2.69676361e+02
2.69546460e+02
2.69781232e+02
2.69843577e+02
2.69774075e+02
2.69400367e+02
2.70016228e+02
2.69687280e+02
2.70164858e+02
2.69781018e+02
2.69898129e+02
2.69741446e+02
2.69618604e+02
2.69641315e+02
2.69463860e+02
2.69265679e+02
2.69651684e+02
2.69198608e+02
2.69382539e+02
2.69398502e+02
2.69535106e+02
