2.70000000e+02
5.00000000e+01
5.00000000e+01
5.00000000e+01
5.00000000e+01
5.00000000e+01
5.00000000e+01
5.00000000e+01
5.00000000e+01
5.00000000e+01
5.00000000e+01
5.00000000e+01
5.00000000e+01
5.00000000e+01
5.00000000e+01
5.00000000e+01
5.00000000e+01
5.00000000e+01
5.00000000e+01
5.00000000e+01
5.00000000e+01
5.00000000e+01
5.00000000e+01
5.00000000e+01
5.00000000e+01
5.00000000e+01
5.00000000e+01
5.00000000e+01
5.00000000e+01
5.00000000e+01
5.00000000e+01
5.00000000e+01
5.00000000e+01
5.00000000e+01
5.00000000e+01
5.00000000e+01
5.00000000e+01
2.70000000e+02
1.50000000e+02
1.43473735e+02
1.39594377e+02
1.36631347e+02
1.34069239e+02
1.31863018e+02
1.30049450e+02
1.28559435e+02
1.27326523e+02
1.26298324e+02
1.25434610e+02
1.24704398e+02
1.24083571e+02
1.23553129e+02
1.23097922e+02
1.22705746e+02
1.22366669e+02
1.22072541e+02
1.21816629e+02
1.21593329e+02
1.21397955e+02
1.21226569e+02
1.21075846e+02
1.20942969e+02
1.20825542e+02
1.20721524e+02
1.20629764e+02
1.20549712e+02
1.20478001e+02
1.20413675e+02
1.20355874e+02
1.20303835e+02
1.20256893e+02
1.20214466e+02
1.20176046e+02
1.20141188e+02
2.70000000e+02
2.50000000e+02
2.44467261e+02
2.39003701e+02
2.33524343e+02
2.28363152e+02
2.23812204e+02
2.19895447e+02
2.16554915e+02
2.13714575e+02
2.11300130e+02
2.09245425e+02
2.07493789e+02
2.05997497e+02
2.04716639e+02
2.03617909e+02
2.02673495e+02
2.01860133e+02
2.01158315e+02
2.00551637e+02
2.00026269e+02
1.99570522e+02
1.99174491e+02
1.98829762e+02
1.98529177e+02
1.98266632e+02
1.98036912e+02
1.97836651e+02
1.97663513e+02
1.97510765e+02
1.97375788e+02
1.97256301e+02
1.97150326e+02
1.97056155e+02
1.96972311e+02
1.96897514e+02
1.96830655e+02
2.68748571e+02
2.68687474e+02
2.68428932e+02
2.68021442e+02
2.67498837e+02
2.66903477e+02
2.66279597e+02
2.65664052e+02
2.65081526e+02
2.64545574e+02
2.64061722e+02
2.63630421e+02
2.63249226e+02
2.62914227e+02
2.62620931e+02
2.62364771e+02
2.62141381e+02
2.61946732e+02
2.61777187e+02
2.61629507e+02
2.61500837e+02
2.61388672e+02
2.61290828e+02
2.61205403e+02
2.61130748e+02
2.61065431e+02
2.61008215e+02
2.60958118e+02
2.60914484e+02
2.60876271e+02
2.60842613e+02
2.60812872e+02
2.60786530e+02
2.60763151e+02
2.60742361e+02
2.60723836e+02
2.60707298e+02
2.68359143e+02
2.68353161e+02
2.68258474e+02
2.68062456e+02
2.67780333e+02
2.67435617e+02
2.67056259e+02
2.66668473e+02
2.66292128e+02
2.65939717e+02
2.65617644e+02
2.65328097e+02
2.65070665e+02
2.64843488e+02
2.64644010e+02
2.64469433e+02
2.64316973e+02
2.64184000e+02
2.64068104e+02
2.63967116e+02
2.63879112e+02
2.63802395e+02
2.63735480e+02
2.63677071e+02
2.63626042e+02
2.63581414e+02
2.63542339e+02
2.63508229e+02
2.63478496e+02
2.63452374e+02
2.63429404e+02
2.63409139e+02
2.63391210e+02
2.63375314e+02
2.63361190e+02
2.63348618e+02
2.63337403e+02
2.69899644e+02
2.69491433e+02
2.67891497e+02
2.65651304e+02
2.63204548e+02
2.60743594e+02
2.58358354e+02
2.56090932e+02
2.53959718e+02
2.51970190e+02
2.50120635e+02
2.48405477e+02
2.46817207e+02
2.45347500e+02
2.43987860e+02
2.42729981e+02
2.41565948e+02
2.40488339e+02
2.39490261e+02
2.38565357e+02
2.37707788e+02
2.36912202e+02
2.36173707e+02
2.35487828e+02
2.34850477e+02
2.34257916e+02
2.33706725e+02
2.33197533e+02
2.32733934e+02
2.32300005e+02
2.31894342e+02
2.31515183e+02
2.31160773e+02
2.30829448e+02
2.30519648e+02
2.30229912e+02
2.29958882e+02
2.70026818e+02
2.69671650e+02
2.68246083e+02
2.66230238e+02
2.64028329e+02
2.61815861e+02
2.59672075e+02
2.57633904e+02
2.55717937e+02
2.53929548e+02
2.52267617e+02
2.50727374e+02
2.49302135e+02
2.47984361e+02
2.46766287e+02
2.45640291e+02
2.44599102e+02
2.43635902e+02
2.42744368e+02
2.41918679e+02
2.41153500e+02
2.40443956e+02
2.39785595e+02
2.39174357e+02
2.38606542e+02
2.38078769e+02
2.37587954e+02
2.37134694e+02
2.36722176e+02
2.36335936e+02
2.35974835e+02
2.35637370e+02
2.35321979e+02
2.35027165e+02
2.34751523e+02
2.34493744e+02
2.34252612e+02
2.70582500e+02
2.70358125e+02
2.69478952e+02
2.68278421e+02
2.67008261e+02
2.65762706e+02
2.64578724e+02
2.63471264e+02
2.62445511e+02
2.61501335e+02
2.60635539e+02
2.59843285e+02
2.59118998e+02
2.58456926e+02
2.57851465e+02
2.57297333e+02
2.56789658e+02
2.56324003e+02
2.55896362e+02
2.55503138e+02
2.55141107e+02
2.54807388e+02
2.54499404e+02
2.54214852e+02
2.53951668e+02
2.53708003e+02
2.53482196e+02
2.53274119e+02
2.53085041e+02
2.52908950e+02
2.52744811e+02
2.52591706e+02
2.52448817e+02
2.52315406e+02
2.52190795e+02
2.52074359e+02
2.51965523e+02
2.70736266e+02
2.70559559e+02
2.69799195e+02
2.68797043e+02
2.67839272e+02
2.66991527e+02
2.66247640e+02
2.65590403e+02
2.65005578e+02
2.64482576e+02
2.64013180e+02
2.63590690e+02
2.63209466e+02
2.62864672e+02
2.62552128e+02
2.62268199e+02
2.62009721e+02
2.61773932e+02
2.61558418e+02
2.61361068e+02
2.61180030e+02
2.61013677e+02
2.60860576e+02
2.60719464e+02
2.60589221e+02
2.60468857e+02
2.60357487e+02
2.60255048e+02
2.60162388e+02
2.60076007e+02
2.59995422e+02
2.59920254e+02
2.59850122e+02
2.59784660e+02
2.59723530e+02
2.59666418e+02
2.59613036e+02
2.70859201e+02
2.70775222e+02
2.70609075e+02
2.70460694e+02
2.70340110e+02
2.70240515e+02
2.70156214e+02
2.70083547e+02
2.70020207e+02
2.69964579e+02
2.69915441e+02
2.69871833e+02
2.69832970e+02
2.69798209e+02
2.69767011e+02
2.69738920e+02
2.69713551e+02
2.69690578e+02
2.69669718e+02
2.69650731e+02
2.69633408e+02
2.69617571e+02
2.69603061e+02
2.69589744e+02
2.69577500e+02
2.69566224e+02
2.69555825e+02
2.69546266e+02
2.69537634e+02
2.69529623e+02
2.69522173e+02
2.69515241e+02
2.69508787e+02
2.69502773e+02
2.69497167e+02
2.69491937e+02
2.69487054e+02
