-2.2000e+02
0.0000e+00
0.0000e+00
0.0000e+00
0.0000e+00
0.0000e+00
0.0000e+00
0.0000e+00
0.0000e+00
0.0000e+00
0.0000e+00
0.0000e+00
0.0000e+00
0.0000e+00
0.0000e+00
0.0000e+00
0.0000e+00
0.0000e+00
0.0000e+00
0.0000e+00
0.0000e+00
0.0000e+00
0.0000e+00
0.0000e+00
0.0000e+00
0.0000e+00
0.0000e+00
0.0000e+00
0.0000e+00
0.0000e+00
0.0000e+00
0.0000e+00
0.0000e+00
0.0000e+00
0.0000e+00
0.0000e+00
-1.2000e+02
-6.3995e+00
-3.8716e+00
-2.9617e+00
-2.5541e+00
-2.2166e+00
-1.8351e+00
-1.5144e+00
-1.2581e+00
-1.0532e+00
-8.8817e-01
-7.5382e-01
-6.4342e-01
-5.5193e-01
-4.7556e-01
-4.1137e-01
-3.5713e-01
-3.1107e-01
-2.7177e-01
-2.3810e-01
-2.0917e-01
-1.8422e-01
-1.6264e-01
-1.4393e-01
-1.2766e-01
-1.1348e-01
-1.0109e-01
-9.0244e-02
-8.0727e-02
-7.2362e-02
-6.3846e-02
-5.6574e-02
-5.1306e-02
-4.6539e-02
-4.2267e-02
-3.8441e-02
-2.0000e+01
-5.4411e+00
-5.4684e+00
-5.5098e+00
-5.2175e+00
-4.6205e+00
-3.9899e+00
-3.4129e+00
-2.9096e+00
-2.4794e+00
-2.1150e+00
-1.8074e+00
-1.5477e+00
-1.3282e+00
-1.1424e+00
-9.8477e-01
-8.5071e-01
-7.3642e-01
-6.3876e-01
-5.5514e-01
-4.8338e-01
-4.2168e-01
-3.6853e-01
-3.2265e-01
-2.8299e-01
-2.4865e-01
-2.1886e-01
-1.9299e-01
-1.7048e-01
-1.5086e-01
-1.3174e-01
-1.1545e-01
-1.0309e-01
-9.2200e-02
-8.2606e-02
-7.4141e-02
-9.8391e-02
-2.6454e-01
-4.0517e-01
-5.2004e-01
-5.9451e-01
-6.2499e-01
-6.1840e-01
-5.8676e-01
-5.4122e-01
-4.8986e-01
-4.3782e-01
-3.8806e-01
-3.4206e-01
-3.0044e-01
-2.6330e-01
-2.3045e-01
-2.0157e-01
-1.7628e-01
-1.5419e-01
-1.3493e-01
-1.1815e-01
-1.0354e-01
-9.0814e-02
-7.9740e-02
-7.0096e-02
-6.1694e-02
-5.4369e-02
-4.7979e-02
-4.2401e-02
-3.7528e-02
-3.3080e-02
-2.9021e-02
-2.5702e-02
-2.2898e-02
-2.0466e-02
-1.8337e-02
-2.6706e-02
-1.1316e-01
-2.0858e-01
-2.9432e-01
-3.5810e-01
-3.9352e-01
-4.0207e-01
-3.9029e-01
-3.6577e-01
-3.3473e-01
-3.0147e-01
-2.6864e-01
-2.3768e-01
-2.0931e-01
-1.8377e-01
-1.6105e-01
-1.4099e-01
-1.2337e-01
-1.0795e-01
-9.4475e-02
-8.2727e-02
-7.2490e-02
-6.3574e-02
-5.5806e-02
-4.9042e-02
-4.3147e-02
-3.8009e-02
-3.3526e-02
-2.9613e-02
-2.6196e-02
-2.2969e-02
-2.0266e-02
-1.7961e-02
-1.5970e-02
-1.4255e-02
-1.2758e-02
-1.1294e+00
-2.5796e+00
-2.9754e+00
-2.9483e+00
-2.8108e+00
-2.6436e+00
-2.4702e+00
-2.2979e+00
-2.1307e+00
-1.9713e+00
-1.8211e+00
-1.6807e+00
-1.5504e+00
-1.4300e+00
-1.3190e+00
-1.2170e+00
-1.1232e+00
-1.0372e+00
-9.5834e-01
-8.8598e-01
-8.1958e-01
-7.5865e-01
-7.0271e-01
-6.5130e-01
-6.0405e-01
-5.6057e-01
-5.2054e-01
-4.8367e-01
-4.4967e-01
-4.1829e-01
-3.8510e-01
-3.5253e-01
-3.2855e-01
-3.0680e-01
-2.8669e-01
-2.6804e-01
-3.5313e-01
-1.3034e+00
-1.9854e+00
-2.2977e+00
-2.3969e+00
-2.3795e+00
-2.2986e+00
-2.1840e+00
-2.0533e+00
-1.9170e+00
-1.7815e+00
-1.6506e+00
-1.5263e+00
-1.4096e+00
-1.3010e+00
-1.2004e+00
-1.1076e+00
-1.0221e+00
-9.4350e-01
-8.7135e-01
-8.0512e-01
-7.4435e-01
-6.8857e-01
-6.3736e-01
-5.9033e-01
-5.4712e-01
-5.0738e-01
-4.7082e-01
-4.3717e-01
-4.0616e-01
-3.7226e-01
-3.4169e-01
-3.1822e-01
-2.9672e-01
-2.7692e-01
-2.5861e-01
-3.0362e-01
-9.5508e-01
-1.3159e+00
-1.4206e+00
-1.4172e+00
-1.3675e+00
-1.2971e+00
-1.2176e+00
-1.1355e+00
-1.0543e+00
-9.7619e-01
-9.0231e-01
-8.3315e-01
-7.6886e-01
-7.0938e-01
-6.5450e-01
-6.0399e-01
-5.5755e-01
-5.1489e-01
-4.7573e-01
-4.3976e-01
-4.0675e-01
-3.7642e-01
-3.4856e-01
-3.2296e-01
-2.9941e-01
-2.7775e-01
-2.5780e-01
-2.3942e-01
-2.2249e-01
-2.0352e-01
-1.8626e-01
-1.7393e-01
-1.6245e-01
-1.5174e-01
-1.4178e-01
-3.2078e-01
-9.7285e-01
-1.2064e+00
-1.1369e+00
-1.0030e+00
-8.8017e-01
-7.7986e-01
-6.9798e-01
-6.2949e-01
-5.7089e-01
-5.1991e-01
-4.7498e-01
-4.3502e-01
-3.9923e-01
-3.6701e-01
-3.3786e-01
-3.1141e-01
-2.8734e-01
-2.6539e-01
-2.4533e-01
-2.2698e-01
-2.1016e-01
-1.9472e-01
-1.8054e-01
-1.6751e-01
-1.5551e-01
-1.4446e-01
-1.3427e-01
-1.2487e-01
-1.1620e-01
-1.0620e-01
-9.7152e-02
-9.0962e-02
-8.5149e-02
-7.9688e-02
-7.4577e-02
-9.8852e-02
-1.9573e-01
-1.7559e-01
-1.4204e-01
-1.1630e-01
-9.7637e-02
-8.3705e-02
-7.2767e-02
-6.3879e-02
-5.6487e-02
-5.0241e-02
-4.4897e-02
-4.0282e-02
-3.6266e-02
-3.2747e-02
-2.9650e-02
-2.6910e-02
-2.4475e-02
-2.2306e-02
-2.0365e-02
-1.8625e-02
-1.7061e-02
-1.5649e-02
-1.4376e-02
-1.3222e-02
-1.2176e-02
-1.1225e-02
-1.0361e-02
-9.5720e-03
-8.8520e-03
-8.0650e-03
-7.3410e-03
-6.8310e-03
-6.3610e-03
-5.9240e-03
-5.5200e-03
