2.70000000e+02
5.00000000e+01
5.00000000e+01
5.00000000e+01
5.00000000e+01
5.00000000e+01
5.00000000e+01
5.00000000e+01
5.00000000e+01
5.00000000e+01
5.00000000e+01
5.00000000e+01
5.00000000e+01
5.00000000e+01
5.00000000e+01
5.00000000e+01
5.00000000e+01
5.00000000e+01
5.00000000e+01
5.00000000e+01
5.00000000e+01
5.00000000e+01
5.00000000e+01
5.00000000e+01
5.00000000e+01
5.00000000e+01
5.00000000e+01
5.00000000e+01
5.00000000e+01
5.00000000e+01
5.00000000e+01
5.00000000e+01
5.00000000e+01
5.00000000e+01
5.00000000e+01
5.00000000e+01
5.00000000e+01
2.70000000e+02
1.50000000e+02
1.43467702e+02
1.39589121e+02
1.36614632e+02
1.34043572e+02
1.31825170e+02
1.29996937e+02
1.28492098e+02
1.27245290e+02
1.26204780e+02
1.25330676e+02
1.24592089e+02
1.23964836e+02
1.23429748e+02
1.22971465e+02
1.22577548e+02
1.22237839e+02
1.21943980e+02
1.21689048e+02
1.21467279e+02
1.21273848e+02
1.21104698e+02
1.20956408e+02
1.20826081e+02
1.20711258e+02
1.20609845e+02
1.20520055e+02
1.20440359e+02
1.20369446e+02
1.20306193e+02
1.20249629e+02
1.20198922e+02
1.20153349e+02
1.20112288e+02
1.20075200e+02
1.20041617e+02
2.70000000e+02
2.50000000e+02
2.44402361e+02
2.38822181e+02
2.33187737e+02
2.27863681e+02
2.23157421e+02
2.19099745e+02
2.15635723e+02
2.12689994e+02
2.10187439e+02
2.08060283e+02
2.06249903e+02
2.04706585e+02
2.03388539e+02
2.02260774e+02
2.01294008e+02
2.00463721e+02
1.99749351e+02
1.99133619e+02
1.98601976e+02
1.98142141e+02
1.97743733e+02
1.97397951e+02
1.97097325e+02
1.96835502e+02
1.96607069e+02
1.96407406e+02
1.96232568e+02
1.96079178e+02
1.95944342e+02
1.95825579e+02
1.95720757e+02
1.95628045e+02
1.95545866e+02
1.95472861e+02
1.95407858e+02
2.68739105e+02
2.68658788e+02
2.68425070e+02
2.68060026e+02
2.67591891e+02
2.67062032e+02
2.66512499e+02
2.65976422e+02
2.65474612e+02
2.65017447e+02
2.64608257e+02
2.64246202e+02
2.63928240e+02
2.63650345e+02
2.63408210e+02
2.63197629e+02
2.63014683e+02
2.62855825e+02
2.62717893e+02
2.62598106e+02
2.62494029e+02
2.62403545e+02
2.62324816e+02
2.62256253e+02
2.62196480e+02
2.62144310e+02
2.62098719e+02
2.62058824e+02
2.62023862e+02
2.61993175e+02
2.61966198e+02
2.61942440e+02
2.61921479e+02
2.61902951e+02
2.61886541e+02
2.61871978e+02
2.61859025e+02
2.68357849e+02
2.68337965e+02
2.68244922e+02
2.68066480e+02
2.67812047e+02
2.67503333e+02
2.67167107e+02
2.66827481e+02
2.66501738e+02
2.66199990e+02
2.65926827e+02
2.65683254e+02
2.65468209e+02
2.65279573e+02
2.65114795e+02
2.64971238e+02
2.64846370e+02
2.64737853e+02
2.64643581e+02
2.64561685e+02
2.64490520e+02
2.64428650e+02
2.64374823e+02
2.64327956e+02
2.64287110e+02
2.64251473e+02
2.64220343e+02
2.64193116e+02
2.64169269e+02
2.64148351e+02
2.64129974e+02
2.64113801e+02
2.64099543e+02
2.64086950e+02
2.64075807e+02
2.64065925e+02
2.64057145e+02
2.67376632e+02
2.67107605e+02
2.65618588e+02
2.63452726e+02
2.61064518e+02
2.58657337e+02
2.56326018e+02
2.54114862e+02
2.52043245e+02
2.50117063e+02
2.48334630e+02
2.46690095e+02
2.45175448e+02
2.43781707e+02
2.42499633e+02
2.41320143e+02
2.40234557e+02
2.39234728e+02
2.38313098e+02
2.37462720e+02
2.36677242e+02
2.35950882e+02
2.35278393e+02
2.34655025e+02
2.34076478e+02
2.33538866e+02
2.33038679e+02
2.32572744e+02
2.32138194e+02
2.31732435e+02
2.31353122e+02
2.30998129e+02
2.30665531e+02
2.30353582e+02
2.30060695e+02
2.29785427e+02
2.29526466e+02
2.67801989e+02
2.67575786e+02
2.66277970e+02
2.64349361e+02
2.62206650e+02
2.60039169e+02
2.57934966e+02
2.55935883e+02
2.54061055e+02
2.52317085e+02
2.50703283e+02
2.49214791e+02
2.47844523e+02
2.46584342e+02
2.45425790e+02
2.44360524e+02
2.43380559e+02
2.42478407e+02
2.41647134e+02
2.40880376e+02
2.40172331e+02
2.39517724e+02
2.38911781e+02
2.38350183e+02
2.37829029e+02
2.37344798e+02
2.36894313e+02
2.36474704e+02
2.36083381e+02
2.35718003e+02
2.35376452e+02
2.35056812e+02
2.34757348e+02
2.34476483e+02
2.34212790e+02
2.33964968e+02
2.33731835e+02
2.69723390e+02
2.69500716e+02
2.68605679e+02
2.67394193e+02
2.66114993e+02
2.64858242e+02
2.63660394e+02
2.62537356e+02
2.61495459e+02
2.60535476e+02
2.59654816e+02
2.58848997e+02
2.58112621e+02
2.57439985e+02
2.56825447e+02
2.56263630e+02
2.55749527e+02
2.55278547e+02
2.54846521e+02
2.54449684e+02
2.54084653e+02
2.53748393e+02
2.53438188e+02
2.53151605e+02
2.52886467e+02
2.52640824e+02
2.52412930e+02
2.52201218e+02
2.52004282e+02
2.51820856e+02
2.51649802e+02
2.51490093e+02
2.51340805e+02
2.51201099e+02
2.51070218e+02
2.50947475e+02
2.50832247e+02
2.70341405e+02
2.70176695e+02
2.69437003e+02
2.68449992e+02
2.67498052e+02
2.66649175e+02
2.65899921e+02
2.65234937e+02
2.64641080e+02
2.64108420e+02
2.63629146e+02
2.63196816e+02
2.62805955e+02
2.62451832e+02
2.62130331e+02
2.61837853e+02
2.61571246e+02
2.61327745e+02
2.61104920e+02
2.60900635e+02
2.60713007e+02
2.60540375e+02
2.60381269e+02
2.60234388e+02
2.60098579e+02
2.59972816e+02
2.59856182e+02
2.59747863e+02
2.59647128e+02
2.59553323e+02
2.59465860e+02
2.59384212e+02
2.59307901e+02
2.59236500e+02
2.59169617e+02
2.59106903e+02
2.59048038e+02
2.70844925e+02
2.70762885e+02
2.70598647e+02
2.70455710e+02
2.70341769e+02
2.70248892e+02
2.70171010e+02
2.70104377e+02
2.70046693e+02
2.69996369e+02
2.69952212e+02
2.69913283e+02
2.69878822e+02
2.69848203e+02
2.69820904e+02
2.69796488e+02
2.69774583e+02
2.69754875e+02
2.69737092e+02
2.69721005e+02
2.69706415e+02
2.69693150e+02
2.69681061e+02
2.69670018e+02
2.69659910e+02
2.69650638e+02
2.69642115e+02
2.69634266e+02
2.69627024e+02
2.69620331e+02
2.69614133e+02
2.69608384e+02
2.69603045e+02
2.69598077e+02
2.69593449e+02
2.69589130e+02
2.69585096e+02
