2.70000000e+02
5.00000000e+01
5.00000000e+01
5.00000000e+01
5.00000000e+01
5.00000000e+01
5.00000000e+01
5.00000000e+01
5.00000000e+01
5.00000000e+01
5.00000000e+01
5.00000000e+01
5.00000000e+01
5.00000000e+01
5.00000000e+01
5.00000000e+01
5.00000000e+01
5.00000000e+01
5.00000000e+01
5.00000000e+01
5.00000000e+01
5.00000000e+01
5.00000000e+01
5.00000000e+01
5.00000000e+01
5.00000000e+01
5.00000000e+01
5.00000000e+01
5.00000000e+01
5.00000000e+01
5.00000000e+01
5.00000000e+01
5.00000000e+01
5.00000000e+01
5.00000000e+01
5.00000000e+01
5.00000000e+01
2.70000000e+02
1.50000000e+02
1.43548309e+02
1.39687489e+02
1.36726435e+02
1.34179185e+02
1.31972450e+02
1.30146700e+02
1.28641733e+02
1.27393416e+02
1.26350485e+02
1.25473321e+02
1.24731237e+02
1.24100207e+02
1.23561192e+02
1.23098934e+02
1.22701073e+02
1.22357513e+02
1.22059939e+02
1.21801458e+02
1.21576323e+02
1.21379720e+02
1.21207596e+02
1.21056527e+02
1.20923611e+02
1.20806379e+02
1.20702730e+02
1.20610864e+02
1.20529241e+02
1.20456541e+02
1.20393180e+02
1.20336678e+02
1.20285737e+02
1.20239749e+02
1.20198147e+02
1.20160429e+02
1.20126152e+02
2.70000000e+02
2.50000000e+02
2.44427561e+02
2.38868123e+02
2.33262270e+02
2.27960907e+02
2.23269933e+02
2.19221579e+02
2.15761731e+02
2.12816205e+02
2.10310987e+02
2.08179175e+02
2.06362807e+02
2.04812656e+02
2.03487299e+02
2.02352011e+02
2.01377708e+02
2.00540014e+02
1.99818470e+02
1.99195869e+02
1.98657707e+02
1.98191734e+02
1.97787579e+02
1.97436445e+02
1.97130854e+02
1.96864440e+02
1.96631774e+02
1.96428216e+02
1.96249800e+02
1.96093125e+02
1.95958064e+02
1.95839495e+02
1.95734400e+02
1.95641060e+02
1.95557990e+02
1.95483904e+02
1.95417686e+02
2.68743258e+02
2.68663988e+02
2.68424801e+02
2.68050139e+02
2.67569763e+02
2.67026303e+02
2.66462684e+02
2.65912670e+02
2.65397531e+02
2.64927931e+02
2.64507343e+02
2.64134973e+02
2.63807759e+02
2.63521616e+02
2.63272156e+02
2.63055087e+02
2.62866402e+02
2.62702469e+02
2.62560053e+02
2.62436300e+02
2.62328717e+02
2.62235130e+02
2.62153655e+02
2.62082657e+02
2.62020725e+02
2.61966640e+02
2.61919347e+02
2.61877939e+02
2.61841629e+02
2.61809742e+02
2.61781958e+02
2.61757708e+02
2.61736327e+02
2.61717389e+02
2.61700567e+02
2.61685589e+02
2.61672223e+02
2.68340131e+02
2.68322311e+02
2.68232053e+02
2.68056098e+02
2.67803775e+02
2.67496634e+02
2.67161225e+02
2.66821589e+02
2.66495132e+02
2.66192180e+02
2.65917529e+02
2.65672345e+02
2.65455671e+02
2.65265457e+02
2.65099188e+02
2.64954243e+02
2.64828096e+02
2.64718409e+02
2.64623071e+02
2.64540206e+02
2.64468161e+02
2.64405493e+02
2.64350945e+02
2.64303425e+02
2.64261988e+02
2.64225817e+02
2.64194204e+02
2.64166541e+02
2.64142300e+02
2.64121026e+02
2.64102596e+02
2.64086398e+02
2.64072133e+02
2.64059525e+02
2.64048342e+02
2.64038398e+02
2.64029535e+02
2.69655148e+02
2.69200090e+02
2.67252935e+02
2.64705801e+02
2.62051591e+02
2.59468524e+02
2.57023788e+02
2.54740060e+02
2.52621868e+02
2.50665364e+02
2.48862564e+02
2.47203577e+02
2.45677817e+02
2.44274667e+02
2.42983864e+02
2.41795694e+02
2.40701105e+02
2.39691742e+02
2.38759952e+02
2.37898759e+02
2.37101828e+02
2.36363426e+02
2.35678365e+02
2.35041964e+02
2.34449997e+02
2.33898652e+02
2.33384489e+02
2.32904404e+02
2.32455593e+02
2.32035521e+02
2.31649845e+02
2.31290625e+02
2.30952944e+02
2.30635043e+02
2.30335415e+02
2.30052721e+02
2.29785758e+02
2.70117689e+02
2.70000718e+02
2.69138955e+02
2.67594301e+02
2.65686421e+02
2.63631508e+02
2.61556670e+02
2.59534431e+02
2.57604848e+02
2.55788440e+02
2.54093661e+02
2.52521562e+02
2.51068766e+02
2.49729372e+02
2.48496176e+02
2.47361441e+02
2.46317372e+02
2.45356409e+02
2.44471383e+02
2.43655609e+02
2.42902916e+02
2.42207652e+02
2.41564666e+02
2.40969284e+02
2.40417271e+02
2.39904801e+02
2.39428419e+02
2.38985005e+02
2.38571746e+02
2.38186104e+02
2.37833238e+02
2.37505168e+02
2.37197571e+02
2.36908764e+02
2.36637245e+02
2.36381684e+02
2.36140891e+02
2.71180911e+02
2.70864942e+02
2.69830187e+02
2.68485832e+02
2.67103030e+02
2.65766055e+02
2.64501398e+02
2.63318352e+02
2.62220059e+02
2.61206250e+02
2.60274281e+02
2.59419970e+02
2.58638261e+02
2.57923712e+02
2.57270814e+02
2.56674208e+02
2.56128805e+02
2.55629860e+02
2.55172993e+02
2.54754202e+02
2.54369851e+02
2.54016647e+02
2.53691622e+02
2.53392104e+02
2.53115691e+02
2.52860226e+02
2.52623775e+02
2.52404602e+02
2.52201147e+02
2.52012013e+02
2.51840224e+02
2.51681106e+02
2.51532076e+02
2.51392406e+02
2.51261397e+02
2.51138391e+02
2.51022779e+02
2.71226367e+02
2.70989706e+02
2.70109231e+02
2.68956351e+02
2.67853676e+02
2.66881883e+02
2.66035454e+02
2.65293144e+02
2.64636373e+02
2.64051301e+02
2.63527519e+02
2.63056881e+02
2.62632775e+02
2.62249685e+02
2.61902918e+02
2.61588424e+02
2.61302679e+02
2.61042594e+02
2.60805454e+02
2.60588861e+02
2.60390695e+02
2.60209079e+02
2.60042348e+02
2.59889022e+02
2.59747787e+02
2.59617474e+02
2.59497041e+02
2.59385558e+02
2.59282198e+02
2.59186218e+02
2.59099237e+02
2.59018906e+02
2.58943654e+02
2.58873103e+02
2.58806922e+02
2.58744791e+02
2.58686408e+02
2.70898976e+02
2.70796577e+02
2.70594948e+02
2.70417367e+02
2.70275736e+02
2.70160825e+02
2.70065027e+02
2.69983440e+02
2.69913030e+02
2.69851727e+02
2.69798009e+02
2.69750695e+02
2.69708845e+02
2.69671689e+02
2.69638593e+02
2.69609021e+02
2.69582522e+02
2.69558713e+02
2.69537264e+02
2.69517893e+02
2.69500356e+02
2.69484442e+02
2.69469967e+02
2.69456771e+02
2.69444715e+02
2.69433676e+02
2.69423548e+02
2.69414237e+02
2.69405660e+02
2.69397744e+02
2.69390595e+02
2.69384021e+02
2.69377899e+02
2.69372192e+02
2.69366865e+02
2.69361887e+02
2.69357229e+02
