2.70011048e+02
5.00459956e+01
5.00997891e+01
4.99699255e+01
4.99524026e+01
4.97905602e+01
5.02365503e+01
5.02095530e+01
5.03857623e+01
5.00560017e+01
5.00375051e+01
5.00118340e+01
4.98429252e+01
5.01772595e+01
5.00626943e+01
4.99013334e+01
4.99120800e+01
5.01237875e+01
5.02035480e+01
4.98818589e+01
4.98356229e+01
4.98014492e+01
5.02831527e+01
5.00223015e+01
4.97487085e+01
5.04671893e+01
5.00438072e+01
4.99898736e+01
5.02411181e+01
4.98716451e+01
5.03303773e+01
4.99849636e+01
4.99448452e+01
4.99611957e+01
4.96622522e+01
5.02764518e+01
5.01611368e+01
2.69942353e+02
1.50155647e+02
1.43993597e+02
1.39769877e+02
1.37008044e+02
1.34465939e+02
1.32515155e+02
1.30290832e+02
1.28585907e+02
1.27705143e+02
1.26809076e+02
1.25682118e+02
1.24958636e+02
1.24476912e+02
1.23914622e+02
1.23438931e+02
1.23093151e+02
1.22547153e+02
1.22177124e+02
1.22485629e+02
1.22096458e+02
1.21900700e+02
1.21512382e+02
1.21077970e+02
1.21279209e+02
1.20827861e+02
1.21396697e+02
1.21062038e+02
1.20609531e+02
1.20610648e+02
1.20899290e+02
1.20567585e+02
1.20609020e+02
1.20556986e+02
1.20737520e+02
1.20661395e+02
1.20510847e+02
2.69520320e+02
2.49967535e+02
2.44410615e+02
2.38763613e+02
2.33078257e+02
2.28133491e+02
2.23817331e+02
2.18930569e+02
2.16145340e+02
2.13013474e+02
2.10569435e+02
2.08534739e+02
2.07091790e+02
2.05208396e+02
2.03819051e+02
2.02537808e+02
2.01975447e+02
2.00834412e+02
2.00186359e+02
1.99851697e+02
1.99142657e+02
1.98667268e+02
1.97951156e+02
1.98073971e+02
1.97420411e+02
1.97379373e+02
1.97063232e+02
1.96957362e+02
1.96559641e+02
1.96355101e+02
1.96629488e+02
1.96185743e+02
1.96194862e+02
1.96032990e+02
1.96321993e+02
1.96178200e+02
1.95606479e+02
2.68742999e+02
2.68555639e+02
2.68417652e+02
2.68150591e+02
2.67920733e+02
2.67365365e+02
2.66509018e+02
2.66195680e+02
2.65463659e+02
2.65397519e+02
2.64506785e+02
2.64504775e+02
2.64079731e+02
2.64020326e+02
2.63616209e+02
2.63474466e+02
2.63359463e+02
2.63055667e+02
2.63215698e+02
2.62750471e+02
2.62949293e+02
2.62877342e+02
2.62986516e+02
2.62565220e+02
2.62562329e+02
2.62523174e+02
2.62937378e+02
2.62449082e+02
2.62570455e+02
2.62403529e+02
2.62425854e+02
2.62033528e+02
2.62324281e+02
2.62163987e+02
2.62519156e+02
2.62355153e+02
2.62297562e+02
2.68431365e+02
2.68246168e+02
2.68238693e+02
2.68342881e+02
2.67714628e+02
2.67590151e+02
2.66975578e+02
2.66578810e+02
2.66468445e+02
2.66487578e+02
2.66079258e+02
2.65693101e+02
2.65697503e+02
2.65627879e+02
2.65350982e+02
2.65106642e+02
2.65092839e+02
2.65303179e+02
2.65495294e+02
2.64865145e+02
2.64584454e+02
2.64722758e+02
2.64742694e+02
2.64758778e+02
2.64766286e+02
2.64542838e+02
2.64507594e+02
2.64745908e+02
2.64464239e+02
2.64556200e+02
2.64558273e+02
2.64707106e+02
2.64616911e+02
2.64507799e+02
2.64842716e+02
2.64391946e+02
2.64899781e+02
2.67631791e+02
2.67747193e+02
2.66095906e+02
2.63642045e+02
2.61205082e+02
2.58597310e+02
2.55740607e+02
2.53499064e+02
2.51074311e+02
2.48834220e+02
2.46843475e+02
2.44592865e+02
2.42944626e+02
2.41483836e+02
2.39471947e+02
2.38549282e+02
2.37235948e+02
2.36101736e+02
2.35403449e+02
2.34682302e+02
2.33992946e+02
2.32648677e+02
2.32157975e+02
2.31538312e+02
2.30537047e+02
2.29505614e+02
2.29611582e+02
2.29343443e+02
2.28661297e+02
2.27804109e+02
2.27989449e+02
2.27761898e+02
2.27162420e+02
2.27054179e+02
2.26809223e+02
2.26398652e+02
2.26296081e+02
2.68137424e+02
2.67830649e+02
2.66865429e+02
2.64103080e+02
2.62443750e+02
2.59859379e+02
2.57334350e+02
2.54667950e+02
2.52952634e+02
2.50827417e+02
2.49113812e+02
2.47245956e+02
2.45979255e+02
2.44557687e+02
2.43548618e+02
2.42011895e+02
2.40882920e+02
2.39659072e+02
2.38891673e+02
2.38275671e+02
2.37055916e+02
2.36653543e+02
2.35811135e+02
2.35554049e+02
2.34471050e+02
2.34058009e+02
2.33309478e+02
2.33074472e+02
2.33178402e+02
2.32356260e+02
2.32219913e+02
2.32014508e+02
2.31455045e+02
2.31541597e+02
2.30999408e+02
2.30992118e+02
2.30764641e+02
2.70302495e+02
2.70120561e+02
2.68900912e+02
2.67630589e+02
2.66169364e+02
2.64913986e+02
2.63419563e+02
2.62316034e+02
2.61377084e+02
2.59816555e+02
2.59335394e+02
2.58651321e+02
2.57174267e+02
2.56671843e+02
2.56087242e+02
2.55117091e+02
2.55151814e+02
2.54201740e+02
2.53744239e+02
2.53621109e+02
2.52938744e+02
2.52812494e+02
2.52291710e+02
2.52326983e+02
2.51745116e+02
2.51228337e+02
2.51197181e+02
2.51119115e+02
2.50761552e+02
2.50784489e+02
2.50470576e+02
2.50485246e+02
2.50513576e+02
2.50011830e+02
2.49913488e+02
2.49865011e+02
2.49657992e+02
2.70578673e+02
2.70268386e+02
2.69524645e+02
2.68357366e+02
2.67473557e+02
2.66469769e+02
2.65643652e+02
2.64695023e+02
2.64126049e+02
2.64050985e+02
2.63255196e+02
2.62687204e+02
2.62449195e+02
2.61982322e+02
2.61441032e+02
2.61223951e+02
2.61010803e+02
2.60921262e+02
2.60791227e+02
2.60308914e+02
2.60146162e+02
2.59977100e+02
2.59675567e+02
2.59387426e+02
2.59569257e+02
2.59093669e+02
2.59123247e+02
2.59049965e+02
2.59118321e+02
2.59184487e+02
2.58833210e+02
2.58589350e+02
2.58356482e+02
2.58499779e+02
2.58390012e+02
2.58368568e+02
2.58176011e+02
2.70719999e+02
2.71070759e+02
2.70358911e+02
2.70318450e+02
2.70086229e+02
2.69751288e+02
2.69917179e+02
2.69760550e+02
2.70048458e+02
2.70195506e+02
2.69695406e+02
2.69542493e+02
2.69854616e+02
2.69567453e+02
2.69463584e+02
2.69751201e+02
2.69423391e+02
2.69433551e+02
2.69561900e+02
2.69591187e+02
2.69333026e+02
2.69527238e+02
2.69465619e+02
2.69409526e+02
2.69623476e+02
2.69410846e+02
2.69442752e+02
2.69382380e+02
2.69077740e+02
2.69378344e+02
2.69367270e+02
2.69344719e+02
2.69031369e+02
2.69112437e+02
2.69056164e+02
2.69647558e+02
2.69470995e+02
