2.69935500e+02
4.98709335e+01
4.99331722e+01
5.00320367e+01
4.98636434e+01
4.95641568e+01
4.99953587e+01
5.02732939e+01
5.00170717e+01
4.98600097e+01
4.99283439e+01
5.01288184e+01
4.99510816e+01
4.99940082e+01
5.04028097e+01
4.97370082e+01
5.02145522e+01
4.95322952e+01
4.97307049e+01
5.01428701e+01
5.02389359e+01
5.01234247e+01
4.97935063e+01
5.01619463e+01
5.03297620e+01
5.02697548e+01
4.99521967e+01
5.01113601e+01
5.00349221e+01
4.98207351e+01
5.02445150e+01
4.98389081e+01
4.97592904e+01
4.97726962e+01
4.99711367e+01
5.00434641e+01
5.02824843e+01
2.70351258e+02
1.49810702e+02
1.43834428e+02
1.40181417e+02
1.37094873e+02
1.34787518e+02
1.32355545e+02
1.30616549e+02
1.29431231e+02
1.28043829e+02
1.26944292e+02
1.26130227e+02
1.25532901e+02
1.25112697e+02
1.23992034e+02
1.23742609e+02
1.22836663e+02
1.22542149e+02
1.22347651e+02
1.22057521e+02
1.22204842e+02
1.21969148e+02
1.21652733e+02
1.21722398e+02
1.21347179e+02
1.21013314e+02
1.21243534e+02
1.21365632e+02
1.21115711e+02
1.20831102e+02
1.20814140e+02
1.20714131e+02
1.20841920e+02
1.20580811e+02
1.20797512e+02
1.20823137e+02
1.20447625e+02
2.69846103e+02
2.49994618e+02
2.44264631e+02
2.38995581e+02
2.33533315e+02
2.28156310e+02
2.24049760e+02
2.19723759e+02
2.16645084e+02
2.13563835e+02
2.10805405e+02
2.08832198e+02
2.07492135e+02
2.05958381e+02
2.04420879e+02
2.03618606e+02
2.02249458e+02
2.01959112e+02
2.00961290e+02
2.00218804e+02
1.99426733e+02
1.99636457e+02
1.99414027e+02
1.98892435e+02
1.98549289e+02
1.98121029e+02
1.98382279e+02
1.97644082e+02
1.97761230e+02
1.97396665e+02
1.97594843e+02
1.97123536e+02
1.97316856e+02
1.96756184e+02
1.97254905e+02
1.96806669e+02
1.97017927e+02
2.68887542e+02
2.68113381e+02
2.68607392e+02
2.68165666e+02
2.67334110e+02
2.66895611e+02
2.66391619e+02
2.66063386e+02
2.65393362e+02
2.65070063e+02
2.64677030e+02
2.64243611e+02
2.64341914e+02
2.63802752e+02
2.63303380e+02
2.63394006e+02
2.63032390e+02
2.63251062e+02
2.62628483e+02
2.62897519e+02
2.62952997e+02
2.62921716e+02
2.62705600e+02
2.62788864e+02
2.62598874e+02
2.62628126e+02
2.61919056e+02
2.62499478e+02
2.62437847e+02
2.62400892e+02
2.62136305e+02
2.62168465e+02
2.62177291e+02
2.61967375e+02
2.61928257e+02
2.62281029e+02
2.62536375e+02
2.68425927e+02
2.68346289e+02
2.68012777e+02
2.68175677e+02
2.67539670e+02
2.67359045e+02
2.67055375e+02
2.66771227e+02
2.66667233e+02
2.65851560e+02
2.65927162e+02
2.65455047e+02
2.65346320e+02
2.65635770e+02
2.65360420e+02
2.64927679e+02
2.64381941e+02
2.65181648e+02
2.64615888e+02
2.64601538e+02
2.64823910e+02
2.64333829e+02
2.64332202e+02
2.64249672e+02
2.64344631e+02
2.64304406e+02
2.64015536e+02
2.64199709e+02
2.64050375e+02
2.63781797e+02
2.64270402e+02
2.64163578e+02
2.64028334e+02
2.64411438e+02
2.64453352e+02
2.64261525e+02
2.63938166e+02
2.69946712e+02
2.69568697e+02
2.67444614e+02
2.65481227e+02
2.62590396e+02
2.60064288e+02
2.57286238e+02
2.54475711e+02
2.51871170e+02
2.49888141e+02
2.48301592e+02
2.46332452e+02
2.44084893e+02
2.42516574e+02
2.41725344e+02
2.39775555e+02
2.38754941e+02
2.37799163e+02
2.36235027e+02
2.35302007e+02
2.34513474e+02
2.33736193e+02
2.33209424e+02
2.32148023e+02
2.31409113e+02
2.30826244e+02
2.30463907e+02
2.30256659e+02
2.29351586e+02
2.29130735e+02
2.28707280e+02
2.28321398e+02
2.28106607e+02
2.27556165e+02
2.27344168e+02
2.26920816e+02
2.26958197e+02
2.69581668e+02
2.69692485e+02
2.68227526e+02
2.65771536e+02
2.63400198e+02
2.61312183e+02
2.58411177e+02
2.56267118e+02
2.54169197e+02
2.51819561e+02
2.50430137e+02
2.48642821e+02
2.47070948e+02
2.45375217e+02
2.44151495e+02
2.42806913e+02
2.41677418e+02
2.40664738e+02
2.39694547e+02
2.38911730e+02
2.38262026e+02
2.37489588e+02
2.36524822e+02
2.36146617e+02
2.35225256e+02
2.35063658e+02
2.34181809e+02
2.34183340e+02
2.33547591e+02
2.33207784e+02
2.32945625e+02
2.32683842e+02
2.31943242e+02
2.31575142e+02
2.31615770e+02
2.31272688e+02
2.30909363e+02
2.70462330e+02
2.70530007e+02
2.69093740e+02
2.67773165e+02
2.66373140e+02
2.65260492e+02
2.63732608e+02
2.63126434e+02
2.61585875e+02
2.60478195e+02
2.59414627e+02
2.58828064e+02
2.57836990e+02
2.57071916e+02
2.56786254e+02
2.56105007e+02
2.55396021e+02
2.54766825e+02
2.54314977e+02
2.54111632e+02
2.53358783e+02
2.53357907e+02
2.52378078e+02
2.52354880e+02
2.52168712e+02
2.51662707e+02
2.51181302e+02
2.51250903e+02
2.51352714e+02
2.50618134e+02
2.50418606e+02
2.50765816e+02
2.50045274e+02
2.49930421e+02
2.50135921e+02
2.49743846e+02
2.49559201e+02
2.70759790e+02
2.70548633e+02
2.69404061e+02
2.68965438e+02
2.67725547e+02
2.66657887e+02
2.65929604e+02
2.65334157e+02
2.64494724e+02
2.64030548e+02
2.63274534e+02
2.63091986e+02
2.62419654e+02
2.62466254e+02
2.61853212e+02
2.61431271e+02
2.61246796e+02
2.61018392e+02
2.60898036e+02
2.60558962e+02
2.60430498e+02
2.59723603e+02
2.59820768e+02
2.59846314e+02
2.59641372e+02
2.59967475e+02
2.59535060e+02
2.59097295e+02
2.59291215e+02
2.59137300e+02
2.58757301e+02
2.58910983e+02
2.58612836e+02
2.58621067e+02
2.58726339e+02
2.58627560e+02
2.58646185e+02
2.70992077e+02
2.70770163e+02
2.70570623e+02
2.70352955e+02
2.70284077e+02
2.70468785e+02
2.70284346e+02
2.70370423e+02
2.69993255e+02
2.70066078e+02
2.70215043e+02
2.69999600e+02
2.69779607e+02
2.69652649e+02
2.69888153e+02
2.70079469e+02
2.69736898e+02
2.69557440e+02
2.69952363e+02
2.70061034e+02
2.69453931e+02
2.69803503e+02
2.69921617e+02
2.69660125e+02
2.69576268e+02
2.69720199e+02
2.69459479e+02
2.69387050e+02
2.69549614e+02
2.69632293e+02
2.69375006e+02
2.69401269e+02
2.69543509e+02
2.69385344e+02
2.69309606e+02
2.69605041e+02
2.69636202e+02
