2.69783239e+02
5.00239522e+01
5.04876727e+01
5.03176673e+01
5.01552942e+01
4.98175635e+01
5.01346575e+01
5.00402465e+01
5.01500097e+01
5.04918764e+01
4.95655405e+01
5.00536395e+01
5.01540840e+01
4.98149587e+01
4.98927201e+01
4.99451531e+01
5.04667093e+01
5.00280930e+01
5.01335413e+01
5.00457440e+01
4.98848146e+01
4.99928930e+01
4.94269960e+01
5.00664744e+01
5.01539949e+01
4.96776300e+01
5.04027557e+01
4.98059913e+01
4.99420597e+01
5.02275045e+01
4.98573509e+01
5.04596536e+01
4.98760864e+01
5.01619536e+01
4.99534614e+01
4.97961414e+01
4.99982431e+01
2.69826423e+02
1.49549841e+02
1.43516353e+02
1.39757988e+02
1.37179524e+02
1.34506499e+02
1.32214516e+02
1.30336754e+02
1.28767190e+02
1.27373518e+02
1.26400306e+02
1.25961332e+02
1.24656159e+02
1.24691887e+02
1.23625344e+02
1.23439226e+02
1.22834009e+02
1.22464618e+02
1.22412815e+02
1.21807289e+02
1.22115548e+02
1.21403011e+02
1.21741809e+02
1.21661676e+02
1.21071567e+02
1.20859596e+02
1.20750772e+02
1.20840841e+02
1.20759308e+02
1.20593145e+02
1.20419814e+02
1.20411498e+02
1.20547012e+02
1.20398126e+02
1.20078191e+02
1.20476253e+02
1.20314458e+02
2.69736471e+02
2.49857472e+02
2.44395353e+02
2.38946888e+02
2.33397015e+02
2.27952437e+02
2.23339640e+02
2.19330525e+02
2.15740308e+02
2.13144340e+02
2.10271754e+02
2.08386931e+02
2.06714726e+02
2.05016968e+02
2.03904816e+02
2.02473426e+02
2.01374911e+02
2.00414392e+02
1.99961798e+02
1.99328272e+02
1.99089734e+02
1.98490555e+02
1.98267631e+02
1.97942444e+02
1.97151181e+02
1.97093780e+02
1.97064992e+02
1.96456015e+02
1.96748542e+02
1.96227502e+02
1.96630628e+02
1.96195197e+02
1.96148677e+02
1.95889314e+02
1.96107290e+02
1.95646683e+02
1.95948282e+02
2.68331430e+02
2.68398306e+02
2.68159011e+02
2.68173858e+02
2.67533288e+02
2.66942127e+02
2.66401748e+02
2.65809482e+02
2.65252590e+02
2.64831883e+02
2.64391095e+02
2.64353565e+02
2.63785409e+02
2.63651061e+02
2.63640383e+02
2.63026258e+02
2.62869423e+02
2.62794500e+02
2.62535848e+02
2.62632157e+02
2.62977647e+02
2.62145226e+02
2.62489079e+02
2.62234241e+02
2.62408132e+02
2.61744620e+02
2.62433149e+02
2.62056364e+02
2.62015091e+02
2.61961849e+02
2.61723000e+02
2.62123487e+02
2.61750025e+02
2.61873735e+02
2.62061922e+02
2.61780938e+02
2.62112290e+02
2.68015048e+02
2.68323450e+02
2.68159763e+02
2.68332981e+02
2.67712206e+02
2.67499224e+02
2.67094439e+02
2.67062621e+02
2.66541170e+02
2.66280364e+02
2.65847151e+02
2.65939011e+02
2.65376745e+02
2.65132971e+02
2.65370595e+02
2.65207132e+02
2.64737221e+02
2.64966556e+02
2.64606456e+02
2.64861497e+02
2.64636482e+02
2.64263744e+02
2.64134282e+02
2.64488377e+02
2.64323906e+02
2.64774245e+02
2.64026848e+02
2.64298243e+02
2.64314162e+02
2.64386464e+02
2.64337919e+02
2.64079821e+02
2.64339236e+02
2.64475787e+02
2.64174661e+02
2.64264811e+02
2.64194495e+02
2.71595370e+02
2.70802149e+02
2.68978072e+02
2.66268060e+02
2.63862027e+02
2.61239591e+02
2.59068497e+02
2.56470124e+02
2.54353556e+02
2.52429415e+02
2.51120595e+02
2.49375741e+02
2.48106124e+02
2.46946594e+02
2.45711751e+02
2.44108232e+02
2.42842334e+02
2.42141068e+02
2.41661138e+02
2.40743779e+02
2.39737857e+02
2.39341728e+02
2.38380027e+02
2.37990066e+02
2.37511161e+02
2.36799531e+02
2.36426552e+02
2.36250786e+02
2.35777576e+02
2.35156358e+02
2.35061582e+02
2.34306237e+02
2.34020767e+02
2.33962309e+02
2.33798077e+02
2.33221783e+02
2.32966481e+02
2.71072574e+02
2.71129379e+02
2.70236778e+02
2.68053196e+02
2.66208089e+02
2.64104890e+02
2.62005043e+02
2.59416907e+02
2.57637447e+02
2.56431714e+02
2.54632527e+02
2.53085005e+02
2.51567366e+02
2.50503699e+02
2.49125863e+02
2.48209721e+02
2.47058638e+02
2.46435702e+02
2.45431140e+02
2.44599647e+02
2.44499089e+02
2.43537126e+02
2.42939922e+02
2.42211171e+02
2.41660586e+02
2.41352245e+02
2.40978628e+02
2.40597488e+02
2.39980804e+02
2.39666476e+02
2.39601746e+02
2.38994202e+02
2.38998506e+02
2.38565962e+02
2.38500955e+02
2.38018031e+02
2.37525533e+02
2.71269519e+02
2.70969403e+02
2.70143547e+02
2.69156065e+02
2.67229418e+02
2.66167375e+02
2.64935953e+02
2.63356648e+02
2.62617642e+02
2.61236694e+02
2.60448432e+02
2.59977573e+02
2.59001792e+02
2.58624718e+02
2.57521198e+02
2.57204864e+02
2.56530359e+02
2.56070630e+02
2.55385421e+02
2.55262294e+02
2.54559789e+02
2.54509518e+02
2.54363833e+02
2.53897924e+02
2.53287977e+02
2.53384317e+02
2.53220494e+02
2.52942241e+02
2.53060031e+02
2.52846944e+02
2.52273882e+02
2.52052057e+02
2.52194534e+02
2.51954269e+02
2.51877450e+02
2.51998528e+02
2.51925683e+02
2.71021356e+02
2.70916561e+02
2.69967524e+02
2.69567224e+02
2.67966688e+02
2.67022295e+02
2.66283955e+02
2.65816286e+02
2.65083597e+02
2.64200674e+02
2.63425537e+02
2.63260069e+02
2.62816462e+02
2.62435548e+02
2.62302583e+02
2.61721424e+02
2.61648902e+02
2.60904629e+02
2.61063211e+02
2.60769876e+02
2.60825001e+02
2.60965542e+02
2.60253776e+02
2.60516510e+02
2.60276866e+02
2.60237192e+02
2.60018983e+02
2.59807921e+02
2.59209617e+02
2.59619374e+02
2.59611720e+02
2.59419280e+02
2.59470946e+02
2.59507092e+02
2.59316575e+02
2.59877540e+02
2.59402495e+02
2.71295058e+02
2.70980647e+02
2.70610062e+02
2.70557205e+02
2.70433008e+02
2.70047618e+02
2.70527941e+02
2.69699462e+02
2.70035499e+02
2.70152670e+02
2.70033692e+02
2.70336216e+02
2.69595945e+02
2.69757096e+02
2.69803755e+02
2.69728707e+02
2.69904352e+02
2.69761595e+02
2.69888468e+02
2.69416010e+02
2.69940923e+02
2.69487810e+02
2.70072341e+02
2.69769583e+02
2.69714610e+02
2.69684555e+02
2.69809617e+02
2.69475554e+02
2.69303785e+02
2.69570953e+02
2.69654344e+02
2.69697281e+02
2.69728362e+02
2.69546327e+02
2.69675386e+02
2.69566478e+02
2.69619199e+02
