-2.2000e+02
0.0000e+00
0.0000e+00
0.0000e+00
0.0000e+00
0.0000e+00
0.0000e+00
0.0000e+00
0.0000e+00
0.0000e+00
0.0000e+00
0.0000e+00
0.0000e+00
0.0000e+00
0.0000e+00
0.0000e+00
0.0000e+00
0.0000e+00
0.0000e+00
0.0000e+00
0.0000e+00
0.0000e+00
0.0000e+00
0.0000e+00
0.0000e+00
0.0000e+00
0.0000e+00
0.0000e+00
0.0000e+00
0.0000e+00
0.0000e+00
0.0000e+00
0.0000e+00
0.0000e+00
0.0000e+00
0.0000e+00
-1.2000e+02
-6.4517e+00
-3.8608e+00
-2.9611e+00
-2.5473e+00
-2.2067e+00
-1.8257e+00
-1.5050e+00
-1.2483e+00
-1.0429e+00
-8.7716e-01
-7.4208e-01
-6.3103e-01
-5.3901e-01
-4.6226e-01
-3.9786e-01
-3.4356e-01
-2.9757e-01
-2.5848e-01
-2.2513e-01
-1.9660e-01
-1.7212e-01
-1.5107e-01
-1.3292e-01
-1.1723e-01
-1.0365e-01
-9.1866e-02
-8.1623e-02
-7.2700e-02
-6.3361e-02
-5.6502e-02
-5.0941e-02
-4.5988e-02
-4.1602e-02
-3.7718e-02
-3.4277e-02
-2.0000e+01
-5.5724e+00
-5.5594e+00
-5.6059e+00
-5.3014e+00
-4.6910e+00
-4.0484e+00
-3.4598e+00
-2.9455e+00
-2.5052e+00
-2.1318e+00
-1.8164e+00
-1.5502e+00
-1.3254e+00
-1.1353e+00
-9.7430e-01
-8.3769e-01
-7.2154e-01
-6.2260e-01
-5.3816e-01
-4.6597e-01
-4.0416e-01
-3.5113e-01
-3.0559e-01
-2.6641e-01
-2.3267e-01
-2.0356e-01
-1.7842e-01
-1.5668e-01
-1.3506e-01
-1.1857e-01
-1.0510e-01
-9.3340e-02
-8.3070e-02
-7.4086e-02
-6.6218e-02
-7.9270e-02
-2.3919e-01
-3.7466e-01
-4.8038e-01
-5.4346e-01
-5.6362e-01
-5.5001e-01
-5.1514e-01
-4.6960e-01
-4.2059e-01
-3.7237e-01
-3.2721e-01
-2.8614e-01
-2.4946e-01
-2.1707e-01
-1.8869e-01
-1.6393e-01
-1.4242e-01
-1.2375e-01
-1.0758e-01
-9.3587e-02
-8.1475e-02
-7.0998e-02
-6.1932e-02
-5.4085e-02
-4.7293e-02
-4.1408e-02
-3.6310e-02
-3.1887e-02
-2.7784e-02
-2.4250e-02
-2.1381e-02
-1.8938e-02
-1.6822e-02
-1.4978e-02
-1.3366e-02
-1.7820e-02
-9.0258e-02
-1.7595e-01
-2.5232e-01
-3.0714e-01
-3.3541e-01
-3.3964e-01
-3.2646e-01
-3.0295e-01
-2.7465e-01
-2.4518e-01
-2.1667e-01
-1.9021e-01
-1.6627e-01
-1.4495e-01
-1.2615e-01
-1.0969e-01
-9.5338e-02
-8.2865e-02
-7.2045e-02
-6.2668e-02
-5.4548e-02
-4.7520e-02
-4.1437e-02
-3.6171e-02
-3.1613e-02
-2.7663e-02
-2.4241e-02
-2.1274e-02
-1.8430e-02
-1.6198e-02
-1.4265e-02
-1.2608e-02
-1.1183e-02
-9.9440e-03
-8.8630e-03
-4.5506e-01
-1.9472e+00
-2.5471e+00
-2.6542e+00
-2.5831e+00
-2.4447e+00
-2.2837e+00
-2.1182e+00
-1.9565e+00
-1.8028e+00
-1.6590e+00
-1.5258e+00
-1.4032e+00
-1.2908e+00
-1.1882e+00
-1.0946e+00
-1.0094e+00
-9.3179e-01
-8.6119e-01
-7.9693e-01
-7.3840e-01
-6.8506e-01
-6.3640e-01
-5.9197e-01
-5.5134e-01
-5.1416e-01
-4.8009e-01
-4.4881e-01
-4.2007e-01
-3.8568e-01
-3.5922e-01
-3.3768e-01
-3.1790e-01
-2.9963e-01
-2.8269e-01
-2.6696e-01
-1.1697e-01
-8.6176e-01
-1.5447e+00
-1.9079e+00
-2.0549e+00
-2.0748e+00
-2.0222e+00
-1.9296e+00
-1.8164e+00
-1.6948e+00
-1.5721e+00
-1.4528e+00
-1.3394e+00
-1.2332e+00
-1.1347e+00
-1.0441e+00
-9.6096e-01
-8.8503e-01
-8.1577e-01
-7.5269e-01
-6.9526e-01
-6.4299e-01
-5.9538e-01
-5.5201e-01
-5.1247e-01
-4.7638e-01
-4.4341e-01
-4.1326e-01
-3.8564e-01
-3.5287e-01
-3.2807e-01
-3.0760e-01
-2.8881e-01
-2.7152e-01
-2.5556e-01
-2.4079e-01
-3.1597e-01
-1.0348e+00
-1.3444e+00
-1.3828e+00
-1.3370e+00
-1.2647e+00
-1.1830e+00
-1.0983e+00
-1.0138e+00
-9.3197e-01
-8.5431e-01
-7.8171e-01
-7.1455e-01
-6.5290e-01
-5.9661e-01
-5.4540e-01
-4.9894e-01
-4.5687e-01
-4.1879e-01
-3.8435e-01
-3.5320e-01
-3.2503e-01
-2.9952e-01
-2.7641e-01
-2.5546e-01
-2.3645e-01
-2.1917e-01
-2.0346e-01
-1.8913e-01
-1.7179e-01
-1.5912e-01
-1.4903e-01
-1.3967e-01
-1.3101e-01
-1.2301e-01
-1.1561e-01
-2.3666e-01
-8.8047e-01
-1.1529e+00
-1.1027e+00
-9.7179e-01
-8.4643e-01
-7.4231e-01
-6.5677e-01
-5.8507e-01
-5.2378e-01
-4.7064e-01
-4.2411e-01
-3.8309e-01
-3.4677e-01
-3.1449e-01
-2.8574e-01
-2.6009e-01
-2.3714e-01
-2.1659e-01
-1.9817e-01
-1.8162e-01
-1.6673e-01
-1.5333e-01
-1.4123e-01
-1.3031e-01
-1.2043e-01
-1.1148e-01
-1.0336e-01
-9.5980e-02
-8.6981e-02
-8.0331e-02
-7.5252e-02
-7.0551e-02
-6.6181e-02
-6.2131e-02
-5.8383e-02
-1.0240e-01
-2.0163e-01
-1.7758e-01
-1.4163e-01
-1.1491e-01
-9.5798e-02
-8.1587e-02
-7.0410e-02
-6.1303e-02
-5.3718e-02
-4.7314e-02
-4.1850e-02
-3.7156e-02
-3.3096e-02
-2.9572e-02
-2.6499e-02
-2.3809e-02
-2.1449e-02
-1.9371e-02
-1.7537e-02
-1.5914e-02
-1.4475e-02
-1.3196e-02
-1.2056e-02
-1.1039e-02
-1.0128e-02
-9.3110e-03
-8.5770e-03
-7.9160e-03
-7.1490e-03
-6.5740e-03
-6.1220e-03
-5.7070e-03
-5.3270e-03
-4.9780e-03
-4.6580e-03
