-2.2000e+02
0.0000e+00
0.0000e+00
0.0000e+00
0.0000e+00
0.0000e+00
0.0000e+00
0.0000e+00
0.0000e+00
0.0000e+00
0.0000e+00
0.0000e+00
0.0000e+00
0.0000e+00
0.0000e+00
0.0000e+00
0.0000e+00
0.0000e+00
0.0000e+00
0.0000e+00
0.0000e+00
0.0000e+00
0.0000e+00
0.0000e+00
0.0000e+00
0.0000e+00
0.0000e+00
0.0000e+00
0.0000e+00
0.0000e+00
0.0000e+00
0.0000e+00
0.0000e+00
0.0000e+00
0.0000e+00
0.0000e+00
-1.2000e+02
-6.5057e+00
-3.8757e+00
-2.9650e+00
-2.5648e+00
-2.2146e+00
-1.8252e+00
-1.5025e+00
-1.2451e+00
-1.0394e+00
-8.7356e-01
-7.3849e-01
-6.2749e-01
-5.3556e-01
-4.5889e-01
-3.9458e-01
-3.4036e-01
-2.9445e-01
-2.5541e-01
-2.2212e-01
-1.9364e-01
-1.6919e-01
-1.4817e-01
-1.3004e-01
-1.1438e-01
-1.0081e-01
-8.9042e-02
-7.8811e-02
-6.8758e-02
-6.0265e-02
-5.3918e-02
-4.8298e-02
-4.3340e-02
-3.8964e-02
-3.5098e-02
-3.1674e-02
-2.0000e+01
-5.5512e+00
-5.5515e+00
-5.5990e+00
-5.2955e+00
-4.6877e+00
-4.0477e+00
-3.4607e+00
-2.9473e+00
-2.5074e+00
-2.1342e+00
-1.8186e+00
-1.5522e+00
-1.3271e+00
-1.1367e+00
-9.7541e-01
-8.3848e-01
-7.2202e-01
-6.2279e-01
-5.3808e-01
-4.6564e-01
-4.0360e-01
-3.5037e-01
-3.0464e-01
-2.6529e-01
-2.3138e-01
-2.0213e-01
-1.7685e-01
-1.5265e-01
-1.3223e-01
-1.1675e-01
-1.0325e-01
-9.1451e-02
-8.1136e-02
-7.2106e-02
-6.4191e-02
-8.2850e-02
-2.4115e-01
-3.7543e-01
-4.7955e-01
-5.4155e-01
-5.6141e-01
-5.4805e-01
-5.1366e-01
-4.6861e-01
-4.2000e-01
-3.7208e-01
-3.2714e-01
-2.8620e-01
-2.4959e-01
-2.1724e-01
-1.8887e-01
-1.6411e-01
-1.4258e-01
-1.2389e-01
-1.0769e-01
-9.3659e-02
-8.1512e-02
-7.0997e-02
-6.1895e-02
-5.4013e-02
-4.7185e-02
-4.1269e-02
-3.6138e-02
-3.1468e-02
-2.7258e-02
-2.3909e-02
-2.1088e-02
-1.8651e-02
-1.6530e-02
-1.4677e-02
-1.3054e-02
-1.9390e-02
-9.1486e-02
-1.7625e-01
-2.5142e-01
-3.0522e-01
-3.3300e-01
-3.3723e-01
-3.2434e-01
-3.0124e-01
-2.7332e-01
-2.4417e-01
-2.1591e-01
-1.8964e-01
-1.6584e-01
-1.4462e-01
-1.2589e-01
-1.0948e-01
-9.5169e-02
-8.2720e-02
-7.1913e-02
-6.2543e-02
-5.4425e-02
-4.7395e-02
-4.1306e-02
-3.6034e-02
-3.1465e-02
-2.7506e-02
-2.4075e-02
-2.0851e-02
-1.8166e-02
-1.5944e-02
-1.4034e-02
-1.2393e-02
-1.0972e-02
-9.7320e-03
-8.6480e-03
-5.5345e-01
-1.9435e+00
-2.4831e+00
-2.5683e+00
-2.4936e+00
-2.3590e+00
-2.2033e+00
-2.0426e+00
-1.8849e+00
-1.7344e+00
-1.5932e+00
-1.4620e+00
-1.3410e+00
-1.2300e+00
-1.1285e+00
-1.0358e+00
-9.5129e-01
-8.7428e-01
-8.0413e-01
-7.4022e-01
-6.8198e-01
-6.2888e-01
-5.8043e-01
-5.3619e-01
-4.9576e-01
-4.5879e-01
-4.2494e-01
-3.9393e-01
-3.5816e-01
-3.2698e-01
-3.0541e-01
-2.8510e-01
-2.6622e-01
-2.4872e-01
-2.3249e-01
-2.1744e-01
-2.2496e-01
-1.1284e+00
-1.7730e+00
-2.0477e+00
-2.1203e+00
-2.0873e+00
-1.9994e+00
-1.8840e+00
-1.7567e+00
-1.6269e+00
-1.5000e+00
-1.3792e+00
-1.2659e+00
-1.1610e+00
-1.0643e+00
-9.7584e-01
-8.9500e-01
-8.2131e-01
-7.5421e-01
-6.9313e-01
-6.3754e-01
-5.8693e-01
-5.4083e-01
-4.9881e-01
-4.6048e-01
-4.2549e-01
-3.9352e-01
-3.6428e-01
-3.3152e-01
-3.0186e-01
-2.8133e-01
-2.6229e-01
-2.4461e-01
-2.2825e-01
-2.1310e-01
-1.9908e-01
-3.1032e-01
-9.8926e-01
-1.2945e+00
-1.3462e+00
-1.3120e+00
-1.2452e+00
-1.1646e+00
-1.0783e+00
-9.9137e-01
-9.0710e-01
-8.2742e-01
-7.5334e-01
-6.8524e-01
-6.2309e-01
-5.6666e-01
-5.1559e-01
-4.6945e-01
-4.2780e-01
-3.9023e-01
-3.5633e-01
-3.2573e-01
-2.9809e-01
-2.7310e-01
-2.5049e-01
-2.3001e-01
-2.1144e-01
-1.9458e-01
-1.7925e-01
-1.6297e-01
-1.4842e-01
-1.3727e-01
-1.2713e-01
-1.1793e-01
-1.0952e-01
-1.0182e-01
-9.4752e-02
-2.2615e-01
-8.2089e-01
-1.0673e+00
-1.0226e+00
-9.0753e-01
-7.9704e-01
-7.0377e-01
-6.2529e-01
-5.5800e-01
-4.9945e-01
-4.4807e-01
-4.0273e-01
-3.6260e-01
-3.2700e-01
-2.9534e-01
-2.6716e-01
-2.4203e-01
-2.1958e-01
-1.9950e-01
-1.8152e-01
-1.6538e-01
-1.5088e-01
-1.3784e-01
-1.2608e-01
-1.1548e-01
-1.0590e-01
-9.7228e-02
-8.9375e-02
-8.1089e-02
-7.3860e-02
-6.8224e-02
-6.3040e-02
-5.8328e-02
-5.4044e-02
-5.0139e-02
-4.6570e-02
-8.8376e-02
-1.7015e-01
-1.4772e-01
-1.1738e-01
-9.5293e-02
-7.9602e-02
-6.7886e-02
-5.8607e-02
-5.1000e-02
-4.4637e-02
-3.9246e-02
-3.4637e-02
-3.0674e-02
-2.7245e-02
-2.4268e-02
-2.1672e-02
-1.9401e-02
-1.7410e-02
-1.5657e-02
-1.4110e-02
-1.2743e-02
-1.1531e-02
-1.0453e-02
-9.4930e-03
-8.6360e-03
-7.8710e-03
-7.1840e-03
-6.5670e-03
-5.9340e-03
-5.3700e-03
-4.9360e-03
-4.5430e-03
-4.1890e-03
-3.8690e-03
-3.5780e-03
-3.3140e-03
