-2.2000e+02
0.0000e+00
0.0000e+00
0.0000e+00
0.0000e+00
0.0000e+00
0.0000e+00
0.0000e+00
0.0000e+00
0.0000e+00
0.0000e+00
0.0000e+00
0.0000e+00
0.0000e+00
0.0000e+00
0.0000e+00
0.0000e+00
0.0000e+00
0.0000e+00
0.0000e+00
0.0000e+00
0.0000e+00
0.0000e+00
0.0000e+00
0.0000e+00
0.0000e+00
0.0000e+00
0.0000e+00
0.0000e+00
0.0000e+00
0.0000e+00
0.0000e+00
0.0000e+00
0.0000e+00
0.0000e+00
0.0000e+00
-1.2000e+02
-6.4881e+00
-3.9210e+00
-3.0140e+00
-2.5895e+00
-2.2313e+00
-1.8366e+00
-1.5079e+00
-1.2458e+00
-1.0366e+00
-8.6828e-01
-7.3165e-01
-6.1977e-01
-5.2748e-01
-4.5084e-01
-3.8683e-01
-3.3310e-01
-2.8779e-01
-2.4944e-01
-2.1685e-01
-1.8907e-01
-1.6531e-01
-1.4494e-01
-1.2742e-01
-1.1231e-01
-9.6767e-02
-8.6098e-02
-7.6747e-02
-6.8552e-02
-6.1370e-02
-5.5070e-02
-4.9533e-02
-4.4657e-02
-4.0354e-02
-3.6549e-02
-3.3178e-02
-2.0000e+01
-5.5701e+00
-5.5339e+00
-5.5788e+00
-5.2494e+00
-4.6105e+00
-3.9464e+00
-3.3442e+00
-2.8234e+00
-2.3821e+00
-2.0115e+00
-1.7015e+00
-1.4424e+00
-1.2255e+00
-1.0436e+00
-8.9086e-01
-7.6221e-01
-6.5360e-01
-5.6172e-01
-4.8379e-01
-4.1756e-01
-3.6115e-01
-3.1301e-01
-2.7185e-01
-2.3659e-01
-2.0203e-01
-1.7709e-01
-1.5551e-01
-1.3685e-01
-1.2068e-01
-1.0665e-01
-9.4462e-02
-8.3848e-02
-7.4591e-02
-6.6505e-02
-5.9430e-02
-1.1211e-01
-2.7986e-01
-4.0886e-01
-5.0409e-01
-5.5382e-01
-5.6020e-01
-5.3483e-01
-4.9153e-01
-4.4089e-01
-3.8946e-01
-3.4075e-01
-2.9639e-01
-2.5690e-01
-2.2223e-01
-1.9206e-01
-1.6594e-01
-1.4340e-01
-1.2398e-01
-1.0728e-01
-9.2911e-02
-8.0553e-02
-6.9924e-02
-6.0775e-02
-5.2896e-02
-4.6108e-02
-3.9780e-02
-3.4647e-02
-3.0361e-02
-2.6688e-02
-2.3513e-02
-2.0759e-02
-1.8364e-02
-1.6279e-02
-1.4459e-02
-1.2871e-02
-1.1482e-02
-2.6843e-02
-1.0940e-01
-1.9473e-01
-2.6606e-01
-3.1338e-01
-3.3330e-01
-3.2988e-01
-3.1082e-01
-2.8352e-01
-2.5326e-01
-2.2323e-01
-1.9513e-01
-1.6968e-01
-1.4710e-01
-1.2731e-01
-1.1009e-01
-9.5181e-02
-8.2313e-02
-7.1225e-02
-6.1678e-02
-5.3460e-02
-4.6390e-02
-4.0301e-02
-3.5058e-02
-3.0541e-02
-2.6246e-02
-2.2970e-02
-2.0095e-02
-1.7637e-02
-1.5521e-02
-1.3687e-02
-1.2096e-02
-1.0711e-02
-9.5040e-03
-8.4520e-03
-7.5300e-03
-3.4063e-01
-1.6042e+00
-2.3744e+00
-2.6659e+00
-2.7225e+00
-2.6602e+00
-2.5370e+00
-2.3840e+00
-2.2190e+00
-2.0527e+00
-1.8914e+00
-1.7383e+00
-1.5954e+00
-1.4631e+00
-1.3416e+00
-1.2304e+00
-1.1291e+00
-1.0369e+00
-9.5306e-01
-8.7689e-01
-8.0768e-01
-7.4478e-01
-6.8757e-01
-6.3550e-01
-5.8805e-01
-5.3124e-01
-4.9354e-01
-4.5929e-01
-4.2779e-01
-3.9881e-01
-3.7213e-01
-3.4754e-01
-3.2485e-01
-3.0389e-01
-2.8450e-01
-2.6656e-01
-3.6792e-01
-1.6112e+00
-2.3008e+00
-2.5137e+00
-2.5182e+00
-2.4287e+00
-2.2959e+00
-2.1442e+00
-1.9872e+00
-1.8325e+00
-1.6846e+00
-1.5457e+00
-1.4170e+00
-1.2986e+00
-1.1902e+00
-1.0915e+00
-1.0017e+00
-9.2005e-01
-8.4597e-01
-7.7871e-01
-7.1762e-01
-6.6211e-01
-6.1163e-01
-5.6565e-01
-5.2375e-01
-4.7279e-01
-4.3993e-01
-4.0976e-01
-3.8192e-01
-3.5628e-01
-3.3264e-01
-3.1083e-01
-2.9069e-01
-2.7207e-01
-2.5484e-01
-2.3888e-01
-2.5079e-01
-9.4565e-01
-1.2913e+00
-1.3759e+00
-1.3598e+00
-1.3013e+00
-1.2239e+00
-1.1389e+00
-1.0524e+00
-9.6822e-01
-8.8853e-01
-8.1432e-01
-7.4598e-01
-6.8348e-01
-6.2657e-01
-5.7488e-01
-5.2799e-01
-4.8548e-01
-4.4692e-01
-4.1194e-01
-3.8017e-01
-3.5128e-01
-3.2498e-01
-3.0101e-01
-2.7913e-01
-2.5189e-01
-2.3470e-01
-2.1895e-01
-2.0442e-01
-1.9100e-01
-1.7860e-01
-1.6712e-01
-1.5650e-01
-1.4665e-01
-1.3752e-01
-1.2904e-01
-1.8470e-01
-7.6883e-01
-1.0266e+00
-9.9609e-01
-8.9336e-01
-7.9238e-01
-7.0639e-01
-6.3367e-01
-5.7108e-01
-5.1646e-01
-4.6838e-01
-4.2584e-01
-3.8805e-01
-3.5437e-01
-3.2428e-01
-2.9731e-01
-2.7308e-01
-2.5126e-01
-2.3156e-01
-2.1374e-01
-1.9758e-01
-1.8289e-01
-1.6951e-01
-1.5731e-01
-1.4615e-01
-1.3192e-01
-1.2300e-01
-1.1510e-01
-1.0774e-01
-1.0089e-01
-9.4511e-02
-8.8591e-02
-8.3089e-02
-7.7976e-02
-7.3221e-02
-6.8796e-02
-8.3529e-02
-1.6627e-01
-1.4640e-01
-1.1784e-01
-9.6881e-02
-8.1844e-02
-7.0495e-02
-6.1413e-02
-5.3897e-02
-4.7562e-02
-4.2163e-02
-3.7523e-02
-3.3511e-02
-3.0026e-02
-2.6985e-02
-2.4321e-02
-2.1979e-02
-1.9915e-02
-1.8087e-02
-1.6466e-02
-1.5024e-02
-1.3736e-02
-1.2583e-02
-1.1551e-02
-1.0621e-02
-9.5040e-03
-8.7890e-03
-8.1500e-03
-7.5650e-03
-7.0290e-03
-6.5370e-03
-6.0880e-03
-5.6750e-03
-5.2950e-03
-4.9460e-03
-4.6240e-03
