-2.2000e+02
0.0000e+00
0.0000e+00
0.0000e+00
0.0000e+00
0.0000e+00
0.0000e+00
0.0000e+00
0.0000e+00
0.0000e+00
0.0000e+00
0.0000e+00
0.0000e+00
0.0000e+00
0.0000e+00
0.0000e+00
0.0000e+00
0.0000e+00
0.0000e+00
0.0000e+00
0.0000e+00
0.0000e+00
0.0000e+00
0.0000e+00
0.0000e+00
0.0000e+00
0.0000e+00
0.0000e+00
0.0000e+00
0.0000e+00
0.0000e+00
0.0000e+00
0.0000e+00
0.0000e+00
0.0000e+00
0.0000e+00
-1.2000e+02
-6.1356e+00
-3.7772e+00
-2.9075e+00
-2.4880e+00
-2.1039e+00
-1.7979e+00
-1.4913e+00
-1.2393e+00
-1.0360e+00
-8.7117e-01
-7.3658e-01
-6.2578e-01
-5.3392e-01
-4.5728e-01
-3.9301e-01
-3.3885e-01
-2.9304e-01
-2.5414e-01
-2.2101e-01
-1.9271e-01
-1.6848e-01
-1.4767e-01
-1.2977e-01
-1.1434e-01
-1.0100e-01
-8.9451e-02
-7.9430e-02
-7.0715e-02
-6.3124e-02
-5.5532e-02
-4.9126e-02
-4.4405e-02
-4.0193e-02
-3.6459e-02
-3.3149e-02
-2.0000e+01
-5.5420e+00
-5.4651e+00
-5.4553e+00
-5.1454e+00
-4.5429e+00
-3.9076e+00
-3.3310e+00
-2.8300e+00
-2.4024e+00
-2.0405e+00
-1.7352e+00
-1.4778e+00
-1.2609e+00
-1.0777e+00
-9.2272e-01
-7.9147e-01
-6.8008e-01
-5.8538e-01
-5.0473e-01
-4.3594e-01
-3.7718e-01
-3.2692e-01
-2.8386e-01
-2.4692e-01
-2.1519e-01
-1.8791e-01
-1.6441e-01
-1.4416e-01
-1.2666e-01
-1.0983e-01
-9.5626e-02
-8.4924e-02
-7.5585e-02
-6.7426e-02
-6.0289e-02
-9.8270e-02
-2.5153e-01
-3.7016e-01
-4.5841e-01
-5.0639e-01
-5.1565e-01
-4.9570e-01
-4.5842e-01
-4.1343e-01
-3.6693e-01
-3.2234e-01
-2.8134e-01
-2.4454e-01
-2.1202e-01
-1.8355e-01
-1.5879e-01
-1.3733e-01
-1.1879e-01
-1.0280e-01
-8.9010e-02
-7.7136e-02
-6.6909e-02
-5.8103e-02
-5.0519e-02
-4.3984e-02
-3.8351e-02
-3.3494e-02
-2.9300e-02
-2.5679e-02
-2.2548e-02
-1.9696e-02
-1.7119e-02
-1.5090e-02
-1.3386e-02
-1.1915e-02
-1.0634e-02
-2.9797e-02
-1.1483e-01
-1.9932e-01
-2.6880e-01
-3.1402e-01
-3.3252e-01
-3.2866e-01
-3.0984e-01
-2.8310e-01
-2.5346e-01
-2.2398e-01
-1.9627e-01
-1.7107e-01
-1.4860e-01
-1.2882e-01
-1.1154e-01
-9.6524e-02
-8.3523e-02
-7.2290e-02
-6.2598e-02
-5.4244e-02
-4.7046e-02
-4.0844e-02
-3.5502e-02
-3.0898e-02
-2.6930e-02
-2.3507e-02
-2.0554e-02
-1.8003e-02
-1.5797e-02
-1.3742e-02
-1.2003e-02
-1.0573e-02
-9.3600e-03
-8.3210e-03
-7.4190e-03
-2.7203e-01
-1.3556e+00
-2.0765e+00
-2.3764e+00
-2.4547e+00
-2.4155e+00
-2.3143e+00
-2.1830e+00
-2.0392e+00
-1.8930e+00
-1.7504e+00
-1.6148e+00
-1.4877e+00
-1.3698e+00
-1.2613e+00
-1.1617e+00
-1.0707e+00
-9.8762e-01
-9.1184e-01
-8.4275e-01
-7.7974e-01
-7.2227e-01
-6.6979e-01
-6.2184e-01
-5.7798e-01
-5.3782e-01
-5.0100e-01
-4.6720e-01
-4.3614e-01
-4.0757e-01
-3.7472e-01
-3.4450e-01
-3.2364e-01
-3.0435e-01
-2.8646e-01
-2.6982e-01
-3.3771e-01
-1.4720e+00
-2.0955e+00
-2.2927e+00
-2.3020e+00
-2.2238e+00
-2.1046e+00
-1.9682e+00
-1.8273e+00
-1.6885e+00
-1.5560e+00
-1.4317e+00
-1.3165e+00
-1.2104e+00
-1.1133e+00
-1.0246e+00
-9.4386e-01
-8.7032e-01
-8.0340e-01
-7.4247e-01
-6.8697e-01
-6.3639e-01
-5.9023e-01
-5.4807e-01
-5.0951e-01
-4.7420e-01
-4.4183e-01
-4.1212e-01
-3.8481e-01
-3.5968e-01
-3.3026e-01
-3.0374e-01
-2.8580e-01
-2.6896e-01
-2.5324e-01
-2.3858e-01
-2.6217e-01
-1.0178e+00
-1.3784e+00
-1.4487e+00
-1.4109e+00
-1.3316e+00
-1.2370e+00
-1.1391e+00
-1.0431e+00
-9.5218e-01
-8.6763e-01
-7.9007e-01
-7.1949e-01
-6.5561e-01
-5.9796e-01
-5.4603e-01
-4.9927e-01
-4.5715e-01
-4.1920e-01
-3.8497e-01
-3.5406e-01
-3.2611e-01
-3.0080e-01
-2.7785e-01
-2.5700e-01
-2.3803e-01
-2.2074e-01
-2.0497e-01
-1.9056e-01
-1.7737e-01
-1.6298e-01
-1.4993e-01
-1.4006e-01
-1.3106e-01
-1.2280e-01
-1.1521e-01
-1.9568e-01
-8.4622e-01
-1.1335e+00
-1.0967e+00
-9.7628e-01
-8.5667e-01
-7.5424e-01
-6.6842e-01
-5.9553e-01
-5.3267e-01
-4.7797e-01
-4.3007e-01
-3.8796e-01
-3.5082e-01
-3.1796e-01
-2.8880e-01
-2.6287e-01
-2.3976e-01
-2.1909e-01
-2.0058e-01
-1.8397e-01
-1.6901e-01
-1.5553e-01
-1.4335e-01
-1.3232e-01
-1.2232e-01
-1.1323e-01
-1.0496e-01
-9.7422e-02
-9.0538e-02
-8.3075e-02
-7.6508e-02
-7.1408e-02
-6.6693e-02
-6.2373e-02
-5.8407e-02
-1.0056e-01
-2.0238e-01
-1.7828e-01
-1.4295e-01
-1.1664e-01
-9.7503e-02
-8.3089e-02
-7.1715e-02
-6.2382e-02
-5.4575e-02
-4.7966e-02
-4.2332e-02
-3.7499e-02
-3.3334e-02
-2.9729e-02
-2.6597e-02
-2.3866e-02
-2.1477e-02
-1.9380e-02
-1.7533e-02
-1.5904e-02
-1.4459e-02
-1.3177e-02
-1.2036e-02
-1.1015e-02
-1.0104e-02
-9.2840e-03
-8.5480e-03
-7.8840e-03
-7.2840e-03
-6.6520e-03
-6.0860e-03
-5.6510e-03
-5.2580e-03
-4.9000e-03
-4.5730e-03
