2.69802366e+02
5.02882202e+01
4.95812553e+01
5.02774939e+01
5.01063625e+01
5.01587612e+01
5.00965182e+01
4.99508420e+01
4.99473597e+01
4.96792115e+01
5.03060783e+01
5.02143253e+01
4.99212803e+01
5.00619967e+01
5.05166676e+01
5.01995386e+01
4.99467965e+01
4.99276964e+01
5.04159250e+01
5.00599244e+01
4.96912372e+01
5.02670264e+01
5.02661903e+01
4.96057592e+01
4.97889183e+01
5.02471808e+01
5.02517614e+01
5.01550760e+01
4.98574317e+01
5.00723734e+01
5.00856697e+01
5.00728106e+01
5.01546055e+01
5.00521769e+01
5.00075419e+01
5.01026884e+01
5.01175435e+01
2.69993633e+02
1.50199128e+02
1.43445748e+02
1.39826801e+02
1.36838382e+02
1.34397374e+02
1.32186610e+02
1.30413014e+02
1.28918504e+02
1.27571708e+02
1.26240986e+02
1.25432573e+02
1.24794554e+02
1.24323038e+02
1.24007311e+02
1.23344265e+02
1.22941373e+02
1.22685767e+02
1.22333365e+02
1.21745809e+02
1.21798661e+02
1.21642030e+02
1.21337982e+02
1.21572320e+02
1.21023225e+02
1.20600076e+02
1.20885838e+02
1.20644811e+02
1.20493999e+02
1.20552727e+02
1.20294466e+02
1.20688890e+02
1.20275762e+02
1.20343600e+02
1.20404589e+02
1.20524242e+02
1.20260589e+02
2.70455618e+02
2.49923742e+02
2.44522245e+02
2.39061250e+02
2.33460567e+02
2.28038295e+02
2.23131565e+02
2.19378593e+02
2.15783718e+02
2.13027660e+02
2.10866161e+02
2.08464106e+02
2.06862729e+02
2.05227098e+02
2.03665386e+02
2.02571242e+02
2.01860939e+02
2.00758088e+02
1.99887254e+02
1.99613288e+02
1.98623563e+02
1.98185717e+02
1.97932876e+02
1.97506026e+02
1.96974284e+02
1.97195145e+02
1.96839499e+02
1.96755151e+02
1.96392842e+02
1.96282287e+02
1.96009625e+02
1.95588145e+02
1.96127227e+02
1.95898309e+02
1.95699516e+02
1.95580448e+02
1.95818172e+02
2.68620129e+02
2.68952379e+02
2.68524454e+02
2.67897147e+02
2.67535721e+02
2.67304541e+02
2.66385104e+02
2.66083644e+02
2.65607814e+02
2.65047154e+02
2.64513773e+02
2.64311166e+02
2.63845375e+02
2.63050833e+02
2.63192514e+02
2.63364402e+02
2.62550537e+02
2.62620881e+02
2.62717851e+02
2.62549210e+02
2.62202917e+02
2.62258295e+02
2.62239791e+02
2.62174395e+02
2.62146408e+02
2.61843693e+02
2.61781674e+02
2.61811284e+02
2.61770432e+02
2.61909954e+02
2.61974162e+02
2.62132448e+02
2.61919045e+02
2.61633752e+02
2.61745665e+02
2.61454231e+02
2.61338001e+02
2.68432146e+02
2.68592965e+02
2.68763546e+02
2.68111678e+02
2.67721365e+02
2.67774422e+02
2.67105863e+02
2.66629332e+02
2.66370523e+02
2.66480785e+02
2.65911156e+02
2.65513877e+02
2.65532934e+02
2.65358380e+02
2.65035140e+02
2.64615483e+02
2.64792167e+02
2.64634008e+02
2.64356382e+02
2.64193969e+02
2.64533805e+02
2.64601853e+02
2.64190584e+02
2.64145285e+02
2.64417546e+02
2.64345875e+02
2.64361789e+02
2.63944428e+02
2.64009757e+02
2.64548269e+02
2.63950456e+02
2.63743154e+02
2.64249011e+02
2.64163866e+02
2.64008176e+02
2.63958114e+02
2.63996820e+02
2.74811754e+02
2.74485411e+02
2.72727835e+02
2.69956193e+02
2.67738990e+02
2.64945590e+02
2.62542267e+02
2.59370979e+02
2.57389807e+02
2.55488387e+02
2.53470743e+02
2.51899201e+02
2.50256410e+02
2.48293953e+02
2.46973794e+02
2.45557489e+02
2.44396747e+02
2.43362566e+02
2.42201529e+02
2.41105570e+02
2.40109319e+02
2.39714805e+02
2.39199673e+02
2.38047472e+02
2.37356352e+02
2.36854187e+02
2.36076158e+02
2.35904471e+02
2.35059069e+02
2.34654283e+02
2.33929690e+02
2.33885086e+02
2.33254926e+02
2.32991873e+02
2.32644105e+02
2.32547816e+02
2.32080905e+02
2.74708339e+02
2.73701732e+02
2.72829048e+02
2.70612396e+02
2.68100723e+02
2.65762234e+02
2.63293859e+02
2.61310934e+02
2.59333572e+02
2.56976101e+02
2.55186657e+02
2.53635523e+02
2.52545774e+02
2.51143970e+02
2.49578824e+02
2.48175271e+02
2.47648201e+02
2.46296320e+02
2.45528699e+02
2.44720813e+02
2.43428194e+02
2.42879574e+02
2.41906583e+02
2.41397078e+02
2.40945650e+02
2.40281627e+02
2.39391747e+02
2.39384425e+02
2.39019761e+02
2.38169504e+02
2.38269363e+02
2.37714980e+02
2.37229018e+02
2.37261384e+02
2.36412722e+02
2.36474583e+02
2.35667733e+02
2.72897147e+02
2.71973385e+02
2.71304343e+02
2.69953010e+02
2.68527228e+02
2.67444532e+02
2.66020980e+02
2.64924343e+02
2.63662520e+02
2.62710758e+02
2.61658188e+02
2.61025423e+02
2.60061916e+02
2.59325072e+02
2.58935571e+02
2.58398159e+02
2.57720141e+02
2.56923882e+02
2.56735627e+02
2.56022318e+02
2.56035141e+02
2.55623870e+02
2.54912209e+02
2.55146123e+02
2.54516203e+02
2.54465960e+02
2.54083715e+02
2.54131861e+02
2.53319900e+02
2.53423930e+02
2.53316825e+02
2.53384196e+02
2.52883561e+02
2.53126856e+02
2.52914837e+02
2.52947196e+02
2.52518362e+02
2.71886182e+02
2.71581917e+02
2.70657976e+02
2.69819155e+02
2.68523209e+02
2.67651469e+02
2.67263676e+02
2.66326815e+02
2.65781129e+02
2.64970753e+02
2.65141463e+02
2.64254030e+02
2.63659857e+02
2.63620021e+02
2.63192815e+02
2.62933422e+02
2.62667279e+02
2.62322358e+02
2.62274280e+02
2.62159166e+02
2.61905160e+02
2.61682919e+02
2.61362217e+02
2.61683870e+02
2.61091672e+02
2.61021094e+02
2.60608672e+02
2.60866880e+02
2.60896486e+02
2.60522473e+02
2.60306226e+02
2.60289670e+02
2.60552001e+02
2.60512892e+02
2.60411411e+02
2.59872328e+02
2.60378997e+02
2.70924155e+02
2.70722055e+02
2.70927964e+02
2.69988598e+02
2.70151140e+02
2.70494472e+02
2.70088922e+02
2.69976843e+02
2.70359342e+02
2.70460066e+02
2.70032006e+02
2.69874419e+02
2.69888868e+02
2.69784031e+02
2.69833085e+02
2.69413903e+02
2.69587923e+02
2.69938725e+02
2.69431706e+02
2.69879291e+02
2.69845117e+02
2.69836179e+02
2.69823085e+02
2.69614928e+02
2.69379404e+02
2.69606626e+02
2.69601354e+02
2.69601728e+02
2.69564924e+02
2.69666844e+02
2.69690960e+02
2.69946458e+02
2.69688374e+02
2.69308290e+02
2.69405258e+02
2.69267233e+02
2.69734963e+02
