2.70099940e+02
4.99132905e+01
4.99758844e+01
4.98722795e+01
4.97349959e+01
5.02355576e+01
4.98453881e+01
5.02884022e+01
5.00143123e+01
5.03972565e+01
4.99776296e+01
4.99318804e+01
4.96662354e+01
5.01492738e+01
5.01671578e+01
4.97803168e+01
4.99339207e+01
5.00117685e+01
5.03591438e+01
4.98900846e+01
4.98208452e+01
4.97877954e+01
5.01742632e+01
4.99777365e+01
5.00074628e+01
5.03593353e+01
5.01637466e+01
4.99048205e+01
4.99103732e+01
5.02214341e+01
4.99217298e+01
5.00659055e+01
5.01397148e+01
4.95241750e+01
4.97521992e+01
5.01000113e+01
4.99897888e+01
2.70046583e+02
1.50201231e+02
1.44038648e+02
1.40213428e+02
1.37038329e+02
1.34399552e+02
1.32854670e+02
1.30673266e+02
1.28904645e+02
1.27643656e+02
1.27120249e+02
1.25609505e+02
1.24947576e+02
1.24385973e+02
1.23895673e+02
1.23446635e+02
1.22804608e+02
1.22384763e+02
1.22468025e+02
1.22132259e+02
1.21757874e+02
1.21933922e+02
1.21618666e+02
1.22086392e+02
1.21464011e+02
1.20940726e+02
1.21035340e+02
1.21058730e+02
1.20956366e+02
1.20897292e+02
1.20480148e+02
1.21019007e+02
1.20698382e+02
1.20617715e+02
1.20377081e+02
1.20842664e+02
1.20298756e+02
2.69904400e+02
2.50000930e+02
2.44684697e+02
2.38977991e+02
2.33365959e+02
2.27805525e+02
2.23470647e+02
2.19298105e+02
2.15812657e+02
2.12745949e+02
2.10537266e+02
2.08653518e+02
2.06323266e+02
2.04740616e+02
2.03806196e+02
2.02577494e+02
2.01912832e+02
2.00802597e+02
1.99959785e+02
1.99836441e+02
1.98781163e+02
1.98302281e+02
1.98096154e+02
1.97642366e+02
1.97641788e+02
1.97515018e+02
1.96881469e+02
1.96751127e+02
1.96517616e+02
1.96714521e+02
1.96562731e+02
1.96389195e+02
1.96070431e+02
1.96067503e+02
1.95944047e+02
1.95783807e+02
1.96272366e+02
2.68234925e+02
2.68654362e+02
2.68292996e+02
2.68011312e+02
2.67469577e+02
2.67048689e+02
2.66453183e+02
2.65905710e+02
2.65624643e+02
2.65077517e+02
2.64417852e+02
2.64587487e+02
2.64249423e+02
2.63791755e+02
2.63672321e+02
2.63831071e+02
2.63555892e+02
2.63539849e+02
2.63391249e+02
2.63103803e+02
2.63229787e+02
2.62871854e+02
2.62489434e+02
2.62446383e+02
2.62800331e+02
2.62699605e+02
2.62629778e+02
2.62403526e+02
2.62618425e+02
2.62600861e+02
2.62304410e+02
2.62698906e+02
2.62450758e+02
2.62551321e+02
2.62403539e+02
2.62578328e+02
2.62537303e+02
2.68152653e+02
2.68213649e+02
2.68096633e+02
2.67618891e+02
2.67733804e+02
2.67845845e+02
2.67431075e+02
2.66811365e+02
2.66336026e+02
2.65536609e+02
2.65732349e+02
2.65879686e+02
2.65428829e+02
2.65582497e+02
2.65326392e+02
2.64971307e+02
2.64712557e+02
2.65134518e+02
2.64840288e+02
2.64742892e+02
2.65159889e+02
2.64415833e+02
2.64344645e+02
2.64565507e+02
2.64519880e+02
2.64511029e+02
2.64389701e+02
2.64661259e+02
2.64678484e+02
2.64588350e+02
2.64179170e+02
2.64394506e+02
2.64706709e+02
2.64417571e+02
2.64218982e+02
2.64088240e+02
2.64504475e+02
2.70855309e+02
2.70471767e+02
2.68811396e+02
2.66460487e+02
2.64053790e+02
2.61236521e+02
2.58343734e+02
2.56168553e+02
2.54021839e+02
2.51869989e+02
2.49830476e+02
2.47853640e+02
2.45915299e+02
2.44795152e+02
2.43139160e+02
2.41695277e+02
2.40165484e+02
2.39131095e+02
2.38694780e+02
2.36921682e+02
2.36186027e+02
2.35601970e+02
2.34382559e+02
2.34235243e+02
2.33294925e+02
2.32820433e+02
2.32048306e+02
2.31469535e+02
2.30493178e+02
2.30609021e+02
2.30422023e+02
2.29802719e+02
2.29198894e+02
2.29288798e+02
2.28598378e+02
2.28639740e+02
2.28558308e+02
2.70856343e+02
2.70311774e+02
2.68771834e+02
2.66897468e+02
2.64426229e+02
2.61804396e+02
2.59352155e+02
2.57215680e+02
2.54886622e+02
2.53037926e+02
2.51426780e+02
2.49340399e+02
2.47887641e+02
2.46639573e+02
2.45275569e+02
2.43884632e+02
2.42996102e+02
2.41716867e+02
2.41008244e+02
2.40175018e+02
2.39261989e+02
2.38594455e+02
2.37944941e+02
2.37099562e+02
2.36417483e+02
2.36160620e+02
2.35581678e+02
2.35279862e+02
2.34613396e+02
2.34345495e+02
2.34319612e+02
2.33832146e+02
2.33435278e+02
2.32985788e+02
2.32839930e+02
2.32419436e+02
2.32382160e+02
2.71146722e+02
2.70892159e+02
2.69720938e+02
2.68728125e+02
2.67180377e+02
2.65549510e+02
2.64384600e+02
2.63130480e+02
2.61798535e+02
2.60584932e+02
2.59504224e+02
2.58940981e+02
2.58031260e+02
2.56756765e+02
2.56587166e+02
2.55868334e+02
2.55359833e+02
2.54441487e+02
2.54327043e+02
2.54138253e+02
2.53082904e+02
2.52683705e+02
2.52547351e+02
2.52580496e+02
2.52012721e+02
2.51929129e+02
2.51685159e+02
2.50936317e+02
2.51356896e+02
2.50728402e+02
2.50828127e+02
2.50667485e+02
2.50500492e+02
2.50088802e+02
2.50049976e+02
2.50004856e+02
2.49911975e+02
2.71421359e+02
2.70896495e+02
2.69987727e+02
2.68862695e+02
2.68002488e+02
2.66787413e+02
2.65775124e+02
2.65252325e+02
2.64431581e+02
2.64136533e+02
2.63503079e+02
2.62772609e+02
2.62668872e+02
2.62019186e+02
2.61957622e+02
2.61701500e+02
2.60692906e+02
2.60819174e+02
2.60302382e+02
2.60346450e+02
2.60148187e+02
2.59680990e+02
2.59829797e+02
2.59665410e+02
2.59301180e+02
2.59567777e+02
2.59430613e+02
2.59073524e+02
2.58790161e+02
2.58989740e+02
2.58661066e+02
2.58579180e+02
2.58352032e+02
2.58719593e+02
2.58394357e+02
2.58526643e+02
2.58395566e+02
2.71232688e+02
2.70622746e+02
2.70321731e+02
2.70163648e+02
2.70090082e+02
2.69897472e+02
2.69794449e+02
2.70180867e+02
2.69926189e+02
2.70015464e+02
2.69717218e+02
2.69792294e+02
2.69572723e+02
2.69494822e+02
2.69691391e+02
2.69311617e+02
2.69460484e+02
2.69314616e+02
2.69739038e+02
2.69533859e+02
2.69493814e+02
2.69402026e+02
2.69460278e+02
2.69514035e+02
2.68784915e+02
2.69546155e+02
2.69285534e+02
2.69441139e+02
2.69399864e+02
2.69465472e+02
2.69223932e+02
2.69383429e+02
2.69407645e+02
2.69548062e+02
2.69281506e+02
2.69175594e+02
2.69257877e+02
