-2.2000e+02
0.0000e+00
0.0000e+00
0.0000e+00
0.0000e+00
0.0000e+00
0.0000e+00
0.0000e+00
0.0000e+00
0.0000e+00
0.0000e+00
0.0000e+00
0.0000e+00
0.0000e+00
0.0000e+00
0.0000e+00
0.0000e+00
0.0000e+00
0.0000e+00
0.0000e+00
0.0000e+00
0.0000e+00
0.0000e+00
0.0000e+00
0.0000e+00
0.0000e+00
0.0000e+00
0.0000e+00
0.0000e+00
0.0000e+00
0.0000e+00
0.0000e+00
0.0000e+00
0.0000e+00
0.0000e+00
0.0000e+00
-1.2000e+02
-6.2887e+00
-3.8849e+00
-2.9962e+00
-2.5664e+00
-2.2285e+00
-1.8531e+00
-1.5288e+00
-1.2679e+00
-1.0585e+00
-8.8918e-01
-7.5114e-01
-6.3765e-01
-5.4366e-01
-4.6533e-01
-3.9970e-01
-3.4445e-01
-2.9773e-01
-2.5809e-01
-2.2435e-01
-1.9553e-01
-1.7085e-01
-1.4966e-01
-1.3143e-01
-1.1569e-01
-1.0210e-01
-9.0313e-02
-7.8111e-02
-6.9158e-02
-6.1946e-02
-5.5548e-02
-4.9903e-02
-4.4926e-02
-4.0534e-02
-3.6650e-02
-3.3212e-02
-2.0000e+01
-5.5858e+00
-5.5726e+00
-5.6320e+00
-5.3401e+00
-4.7335e+00
-4.0886e+00
-3.4957e+00
-2.9759e+00
-2.5299e+00
-2.1511e+00
-1.8309e+00
-1.5605e+00
-1.3322e+00
-1.1394e+00
-9.7617e-01
-8.3784e-01
-7.2039e-01
-6.2050e-01
-5.3539e-01
-4.6276e-01
-4.0067e-01
-3.4751e-01
-3.0193e-01
-2.6279e-01
-2.2913e-01
-2.0013e-01
-1.7168e-01
-1.4992e-01
-1.3213e-01
-1.1668e-01
-1.0323e-01
-9.1509e-02
-8.1284e-02
-7.2349e-02
-6.4528e-02
-7.9660e-02
-2.4095e-01
-3.7906e-01
-4.8750e-01
-5.5192e-01
-5.7180e-01
-5.5692e-01
-5.2041e-01
-4.7331e-01
-4.2299e-01
-3.7375e-01
-3.2783e-01
-2.8621e-01
-2.4912e-01
-2.1646e-01
-1.8789e-01
-1.6302e-01
-1.4144e-01
-1.2275e-01
-1.0657e-01
-9.2591e-02
-8.0508e-02
-7.0066e-02
-6.1041e-02
-5.3239e-02
-4.6492e-02
-4.0653e-02
-3.5275e-02
-3.0649e-02
-2.6890e-02
-2.3695e-02
-2.0932e-02
-1.8531e-02
-1.6439e-02
-1.4610e-02
-1.3011e-02
-1.7974e-02
-9.0636e-02
-1.7734e-01
-2.5512e-01
-3.1095e-01
-3.3941e-01
-3.4314e-01
-3.2912e-01
-3.0473e-01
-2.7565e-01
-2.4557e-01
-2.1660e-01
-1.8982e-01
-1.6566e-01
-1.4420e-01
-1.2532e-01
-1.0882e-01
-9.4458e-02
-8.1995e-02
-7.1198e-02
-6.1855e-02
-5.3774e-02
-4.6787e-02
-4.0747e-02
-3.5523e-02
-3.1007e-02
-2.7097e-02
-2.3382e-02
-2.0459e-02
-1.7931e-02
-1.5769e-02
-1.3912e-02
-1.2301e-02
-1.0901e-02
-9.6790e-03
-8.6110e-03
-3.1081e-01
-1.5674e+00
-2.2421e+00
-2.4565e+00
-2.4671e+00
-2.3820e+00
-2.2526e+00
-2.1048e+00
-1.9523e+00
-1.8028e+00
-1.6603e+00
-1.5269e+00
-1.4033e+00
-1.2895e+00
-1.1854e+00
-1.0902e+00
-1.0035e+00
-9.2456e-01
-8.5266e-01
-7.8719e-01
-7.2755e-01
-6.7319e-01
-6.2358e-01
-5.7828e-01
-5.3686e-01
-4.9894e-01
-4.6419e-01
-4.2186e-01
-3.9067e-01
-3.6563e-01
-3.4240e-01
-3.2089e-01
-3.0096e-01
-2.8247e-01
-2.6531e-01
-2.4936e-01
-2.7443e-01
-1.4006e+00
-2.0226e+00
-2.2123e+00
-2.2172e+00
-2.1395e+00
-2.0241e+00
-1.8924e+00
-1.7559e+00
-1.6216e+00
-1.4932e+00
-1.3727e+00
-1.2610e+00
-1.1582e+00
-1.0641e+00
-9.7827e-01
-9.0005e-01
-8.2887e-01
-7.6412e-01
-7.0520e-01
-6.5157e-01
-6.0271e-01
-5.5815e-01
-5.1748e-01
-4.8032e-01
-4.4631e-01
-4.1515e-01
-3.7693e-01
-3.4915e-01
-3.2689e-01
-3.0616e-01
-2.8691e-01
-2.6906e-01
-2.5250e-01
-2.3713e-01
-2.2285e-01
-1.6871e-01
-8.6155e-01
-1.2053e+00
-1.2900e+00
-1.2751e+00
-1.2182e+00
-1.1426e+00
-1.0596e+00
-9.7535e-01
-8.9355e-01
-8.1631e-01
-7.4465e-01
-6.7891e-01
-6.1904e-01
-5.6477e-01
-5.1571e-01
-4.7142e-01
-4.3147e-01
-3.9542e-01
-3.6288e-01
-3.3348e-01
-3.0689e-01
-2.8281e-01
-2.6098e-01
-2.4116e-01
-2.2312e-01
-2.0670e-01
-1.8737e-01
-1.7315e-01
-1.6136e-01
-1.5049e-01
-1.4049e-01
-1.3130e-01
-1.2283e-01
-1.1501e-01
-1.0779e-01
-1.3138e-01
-7.0667e-01
-9.7414e-01
-9.5342e-01
-8.5712e-01
-7.5971e-01
-6.7553e-01
-6.0372e-01
-5.4150e-01
-4.8692e-01
-4.3874e-01
-3.9605e-01
-3.5815e-01
-3.2445e-01
-2.9444e-01
-2.6768e-01
-2.4379e-01
-2.2242e-01
-2.0327e-01
-1.8608e-01
-1.7063e-01
-1.5672e-01
-1.4416e-01
-1.3281e-01
-1.2253e-01
-1.1322e-01
-1.0475e-01
-9.4801e-02
-8.7489e-02
-8.1557e-02
-7.6017e-02
-7.0900e-02
-6.6190e-02
-6.1856e-02
-5.7863e-02
-5.4181e-02
-7.7628e-02
-1.6214e-01
-1.4350e-01
-1.1520e-01
-9.4195e-02
-7.9030e-02
-6.7621e-02
-5.8535e-02
-5.1046e-02
-4.4759e-02
-3.9423e-02
-3.4858e-02
-3.0931e-02
-2.7536e-02
-2.4590e-02
-2.2022e-02
-1.9779e-02
-1.7811e-02
-1.6080e-02
-1.4552e-02
-1.3203e-02
-1.2003e-02
-1.0939e-02
-9.9880e-03
-9.1380e-03
-8.3780e-03
-7.6940e-03
-6.9180e-03
-6.3400e-03
-5.8710e-03
-5.4430e-03
-5.0510e-03
-4.6930e-03
-4.3670e-03
-4.0680e-03
-3.7950e-03
