-2.2000e+02
0.0000e+00
0.0000e+00
0.0000e+00
0.0000e+00
0.0000e+00
0.0000e+00
0.0000e+00
0.0000e+00
0.0000e+00
0.0000e+00
0.0000e+00
0.0000e+00
0.0000e+00
0.0000e+00
0.0000e+00
0.0000e+00
0.0000e+00
0.0000e+00
0.0000e+00
0.0000e+00
0.0000e+00
0.0000e+00
0.0000e+00
0.0000e+00
0.0000e+00
0.0000e+00
0.0000e+00
0.0000e+00
0.0000e+00
0.0000e+00
0.0000e+00
0.0000e+00
0.0000e+00
0.0000e+00
0.0000e+00
-1.2000e+02
-6.6180e+00
-3.9017e+00
-2.9822e+00
-2.6029e+00
-2.2254e+00
-1.8271e+00
-1.5021e+00
-1.2439e+00
-1.0380e+00
-8.7206e-01
-7.3704e-01
-6.2617e-01
-5.3440e-01
-4.5793e-01
-3.9383e-01
-3.3983e-01
-2.9413e-01
-2.5531e-01
-2.2222e-01
-1.9392e-01
-1.6965e-01
-1.4879e-01
-1.3080e-01
-1.1525e-01
-1.0179e-01
-8.8340e-02
-7.8078e-02
-6.9636e-02
-6.2243e-02
-5.5757e-02
-5.0053e-02
-4.5029e-02
-4.0593e-02
-3.6669e-02
-3.3194e-02
-2.0000e+01
-5.6011e+00
-5.5783e+00
-5.6315e+00
-5.3187e+00
-4.7007e+00
-4.0518e+00
-3.4569e+00
-2.9373e+00
-2.4931e+00
-2.1170e+00
-1.7999e+00
-1.5329e+00
-1.3080e+00
-1.1182e+00
-9.5792e-01
-8.2221e-01
-7.0709e-01
-6.0925e-01
-5.2593e-01
-4.5484e-01
-3.9407e-01
-3.4203e-01
-2.9740e-01
-2.5906e-01
-2.2607e-01
-1.9385e-01
-1.6913e-01
-1.4893e-01
-1.3137e-01
-1.1609e-01
-1.0278e-01
-9.1163e-02
-8.1014e-02
-7.2134e-02
-6.4355e-02
-8.1886e-02
-2.3395e-01
-3.5751e-01
-4.4928e-01
-4.9993e-01
-5.1142e-01
-4.9344e-01
-4.5783e-01
-4.1410e-01
-3.6844e-01
-3.2439e-01
-2.8370e-01
-2.4707e-01
-2.1464e-01
-1.8620e-01
-1.6142e-01
-1.3992e-01
-1.2132e-01
-1.0524e-01
-9.1351e-02
-7.9367e-02
-6.9022e-02
-6.0090e-02
-5.2377e-02
-4.5711e-02
-3.9947e-02
-3.4606e-02
-3.0053e-02
-2.6371e-02
-2.3235e-02
-2.0519e-02
-1.8157e-02
-1.6096e-02
-1.4294e-02
-1.2718e-02
-1.1336e-02
-1.9013e-02
-8.8562e-02
-1.6760e-01
-2.3521e-01
-2.8129e-01
-3.0271e-01
-3.0282e-01
-2.8814e-01
-2.6515e-01
-2.3868e-01
-2.1180e-01
-1.8622e-01
-1.6276e-01
-1.4174e-01
-1.2315e-01
-1.0688e-01
-9.2708e-02
-8.0409e-02
-6.9763e-02
-6.0557e-02
-5.2606e-02
-4.5737e-02
-3.9806e-02
-3.4682e-02
-3.0253e-02
-2.6424e-02
-2.2784e-02
-1.9905e-02
-1.7445e-02
-1.5343e-02
-1.3532e-02
-1.1961e-02
-1.0595e-02
-9.4000e-03
-8.3560e-03
-7.4420e-03
-2.6894e-01
-1.5013e+00
-2.2033e+00
-2.4548e+00
-2.5001e+00
-2.4450e+00
-2.3389e+00
-2.2070e+00
-2.0641e+00
-1.9190e+00
-1.7771e+00
-1.6413e+00
-1.5133e+00
-1.3938e+00
-1.2832e+00
-1.1811e+00
-1.0873e+00
-1.0012e+00
-9.2249e-01
-8.5048e-01
-7.8464e-01
-7.2446e-01
-6.6945e-01
-6.1914e-01
-5.7311e-01
-5.3096e-01
-4.8048e-01
-4.4384e-01
-4.1381e-01
-3.8575e-01
-3.5977e-01
-3.3573e-01
-3.1350e-01
-2.9294e-01
-2.7391e-01
-2.5628e-01
-1.9587e-01
-1.2164e+00
-1.8992e+00
-2.1712e+00
-2.2363e+00
-2.1985e+00
-2.1078e+00
-1.9902e+00
-1.8608e+00
-1.7286e+00
-1.5990e+00
-1.4751e+00
-1.3584e+00
-1.2498e+00
-1.1494e+00
-1.0570e+00
-9.7222e-01
-8.9469e-01
-8.2383e-01
-7.5912e-01
-7.0005e-01
-6.4611e-01
-5.9686e-01
-5.5185e-01
-5.1070e-01
-4.7304e-01
-4.2809e-01
-3.9527e-01
-3.6855e-01
-3.4354e-01
-3.2035e-01
-2.9891e-01
-2.7908e-01
-2.6075e-01
-2.4379e-01
-2.2808e-01
-2.4493e-01
-9.1839e-01
-1.2317e+00
-1.2989e+00
-1.2777e+00
-1.2204e+00
-1.1467e+00
-1.0658e+00
-9.8353e-01
-9.0339e-01
-8.2741e-01
-7.5662e-01
-6.9137e-01
-6.3170e-01
-5.7736e-01
-5.2802e-01
-4.8330e-01
-4.4279e-01
-4.0609e-01
-3.7285e-01
-3.4271e-01
-3.1536e-01
-2.9053e-01
-2.6794e-01
-2.4739e-01
-2.2866e-01
-2.0728e-01
-1.9095e-01
-1.7733e-01
-1.6488e-01
-1.5347e-01
-1.4297e-01
-1.3330e-01
-1.2438e-01
-1.1614e-01
-1.0853e-01
-1.8255e-01
-7.6184e-01
-1.0068e+00
-9.6866e-01
-8.6265e-01
-7.6050e-01
-6.7401e-01
-6.0093e-01
-5.3810e-01
-4.8337e-01
-4.3535e-01
-3.9299e-01
-3.5552e-01
-3.2227e-01
-2.9270e-01
-2.6634e-01
-2.4280e-01
-2.2172e-01
-2.0281e-01
-1.8582e-01
-1.7050e-01
-1.5668e-01
-1.4419e-01
-1.3286e-01
-1.2259e-01
-1.1324e-01
-1.0260e-01
-9.4545e-02
-8.7838e-02
-8.1644e-02
-7.5959e-02
-7.0738e-02
-6.5939e-02
-6.1517e-02
-5.7439e-02
-5.3673e-02
-8.4554e-02
-1.6675e-01
-1.4499e-01
-1.1555e-01
-9.4245e-02
-7.9144e-02
-6.7808e-02
-5.8789e-02
-5.1372e-02
-4.5154e-02
-3.9875e-02
-3.5353e-02
-3.1454e-02
-2.8075e-02
-2.5133e-02
-2.2560e-02
-2.0304e-02
-1.8318e-02
-1.6563e-02
-1.5011e-02
-1.3632e-02
-1.2405e-02
-1.1310e-02
-1.0330e-02
-9.4510e-03
-8.6630e-03
-7.7920e-03
-7.1320e-03
-6.5780e-03
-6.0760e-03
-5.6200e-03
-5.2060e-03
-4.8280e-03
-4.4820e-03
-4.1670e-03
-3.8770e-03
