-2.2000e+02
0.0000e+00
0.0000e+00
0.0000e+00
0.0000e+00
0.0000e+00
0.0000e+00
0.0000e+00
0.0000e+00
0.0000e+00
0.0000e+00
0.0000e+00
0.0000e+00
0.0000e+00
0.0000e+00
0.0000e+00
0.0000e+00
0.0000e+00
0.0000e+00
0.0000e+00
0.0000e+00
0.0000e+00
0.0000e+00
0.0000e+00
0.0000e+00
0.0000e+00
0.0000e+00
0.0000e+00
0.0000e+00
0.0000e+00
0.0000e+00
0.0000e+00
0.0000e+00
0.0000e+00
0.0000e+00
0.0000e+00
-1.2000e+02
-6.5058e+00
-3.8752e+00
-2.9675e+00
-2.5698e+00
-2.2215e+00
-1.8329e+00
-1.5107e+00
-1.2537e+00
-1.0482e+00
-8.8235e-01
-7.4724e-01
-6.3612e-01
-5.4399e-01
-4.6708e-01
-4.0248e-01
-3.4794e-01
-3.0168e-01
-2.6230e-01
-2.2863e-01
-1.9977e-01
-1.7496e-01
-1.5357e-01
-1.3508e-01
-1.1907e-01
-1.0517e-01
-9.3081e-02
-8.0449e-02
-7.1177e-02
-6.3651e-02
-5.6992e-02
-5.1115e-02
-4.5925e-02
-4.1334e-02
-3.7267e-02
-3.3659e-02
-2.0000e+01
-5.5560e+00
-5.5515e+00
-5.5978e+00
-5.2938e+00
-4.6866e+00
-4.0480e+00
-3.4628e+00
-2.9511e+00
-2.5127e+00
-2.1408e+00
-1.8263e+00
-1.5607e+00
-1.3362e+00
-1.1462e+00
-9.8510e-01
-8.4822e-01
-7.3169e-01
-6.3229e-01
-5.4734e-01
-4.7459e-01
-4.1219e-01
-3.5858e-01
-3.1244e-01
-2.7267e-01
-2.3833e-01
-2.0866e-01
-1.7855e-01
-1.5605e-01
-1.3788e-01
-1.2200e-01
-1.0812e-01
-9.5968e-02
-8.5320e-02
-7.5976e-02
-6.7767e-02
-8.1750e-02
-2.3829e-01
-3.7180e-01
-4.7624e-01
-5.3950e-01
-5.6103e-01
-5.4931e-01
-5.1624e-01
-4.7217e-01
-4.2421e-01
-3.7666e-01
-3.3187e-01
-2.9095e-01
-2.5426e-01
-2.2176e-01
-1.9319e-01
-1.6821e-01
-1.4644e-01
-1.2751e-01
-1.1107e-01
-9.6806e-02
-8.4433e-02
-7.3703e-02
-6.4397e-02
-5.6323e-02
-4.9316e-02
-4.3230e-02
-3.7500e-02
-3.2590e-02
-2.8639e-02
-2.5287e-02
-2.2386e-02
-1.9855e-02
-1.7641e-02
-1.5700e-02
-1.3995e-02
-1.9073e-02
-9.0381e-02
-1.7473e-01
-2.5006e-01
-3.0459e-01
-3.3339e-01
-3.3867e-01
-3.2666e-01
-3.0419e-01
-2.7668e-01
-2.4775e-01
-2.1956e-01
-1.9326e-01
-1.6936e-01
-1.4800e-01
-1.2910e-01
-1.1250e-01
-9.7996e-02
-8.5355e-02
-7.4360e-02
-6.4809e-02
-5.6520e-02
-4.9326e-02
-4.3086e-02
-3.7669e-02
-3.2970e-02
-2.8887e-02
-2.4899e-02
-2.1821e-02
-1.9159e-02
-1.6882e-02
-1.4923e-02
-1.3223e-02
-1.1738e-02
-1.0438e-02
-9.2960e-03
-5.0801e-01
-1.8183e+00
-2.4690e+00
-2.6380e+00
-2.6091e+00
-2.4973e+00
-2.3518e+00
-2.1943e+00
-2.0356e+00
-1.8813e+00
-1.7345e+00
-1.5965e+00
-1.4681e+00
-1.3492e+00
-1.2396e+00
-1.1389e+00
-1.0465e+00
-9.6190e-01
-8.8450e-01
-8.1374e-01
-7.4905e-01
-6.8992e-01
-6.3587e-01
-5.8645e-01
-5.4124e-01
-4.9986e-01
-4.6198e-01
-4.1641e-01
-3.8310e-01
-3.5588e-01
-3.3069e-01
-3.0747e-01
-2.8606e-01
-2.6633e-01
-2.4813e-01
-2.3133e-01
-2.7727e-01
-1.2159e+00
-1.8734e+00
-2.1500e+00
-2.2217e+00
-2.1878e+00
-2.0989e+00
-1.9820e+00
-1.8526e+00
-1.7199e+00
-1.5896e+00
-1.4647e+00
-1.3471e+00
-1.2375e+00
-1.1360e+00
-1.0426e+00
-9.5697e-01
-8.7855e-01
-8.0686e-01
-7.4138e-01
-6.8162e-01
-6.2706e-01
-5.7727e-01
-5.3181e-01
-4.9028e-01
-4.5233e-01
-4.1764e-01
-3.7596e-01
-3.4552e-01
-3.2078e-01
-2.9788e-01
-2.7677e-01
-2.5731e-01
-2.3939e-01
-2.2287e-01
-2.0764e-01
-2.2480e-01
-9.4350e-01
-1.2908e+00
-1.3676e+00
-1.3465e+00
-1.2863e+00
-1.2086e+00
-1.1232e+00
-1.0359e+00
-9.5062e-01
-8.6940e-01
-7.9345e-01
-7.2326e-01
-6.5892e-01
-6.0025e-01
-5.4692e-01
-4.9856e-01
-4.5476e-01
-4.1512e-01
-3.7924e-01
-3.4677e-01
-3.1737e-01
-2.9073e-01
-2.6658e-01
-2.4467e-01
-2.2477e-01
-2.0668e-01
-1.8557e-01
-1.6993e-01
-1.5711e-01
-1.4537e-01
-1.3462e-01
-1.2477e-01
-1.1573e-01
-1.0743e-01
-9.9806e-02
-1.6921e-01
-7.9083e-01
-1.0769e+00
-1.0509e+00
-9.4237e-01
-8.3317e-01
-7.3915e-01
-6.5912e-01
-5.8993e-01
-5.2936e-01
-4.7593e-01
-4.2857e-01
-3.8648e-01
-3.4901e-01
-3.1559e-01
-2.8576e-01
-2.5908e-01
-2.3520e-01
-2.1380e-01
-1.9458e-01
-1.7732e-01
-1.6178e-01
-1.4779e-01
-1.3516e-01
-1.2375e-01
-1.1344e-01
-1.0410e-01
-9.3266e-02
-8.5334e-02
-7.8795e-02
-7.2783e-02
-6.7287e-02
-6.2266e-02
-5.7673e-02
-5.3468e-02
-4.9615e-02
-9.9843e-02
-2.0965e-01
-1.8862e-01
-1.5340e-01
-1.2659e-01
-1.0699e-01
-9.2041e-02
-8.0028e-02
-7.0069e-02
-6.1667e-02
-5.4494e-02
-4.8323e-02
-4.2980e-02
-3.8331e-02
-3.4272e-02
-3.0713e-02
-2.7584e-02
-2.4824e-02
-2.2386e-02
-2.0223e-02
-1.8302e-02
-1.6592e-02
-1.5066e-02
-1.3702e-02
-1.2480e-02
-1.1383e-02
-1.0398e-02
-9.3280e-03
-8.4650e-03
-7.7770e-03
-7.1550e-03
-6.5920e-03
-6.0800e-03
-5.6140e-03
-5.1900e-03
-4.8030e-03
