2.69763542e+02
5.01709593e+01
5.02084463e+01
4.99076990e+01
4.99982778e+01
4.99368914e+01
5.01501081e+01
5.03862729e+01
5.01561806e+01
5.01969986e+01
4.98394742e+01
5.01528072e+01
5.00140064e+01
4.99282607e+01
5.02481503e+01
4.98332052e+01
5.00558464e+01
5.00792893e+01
5.02649590e+01
4.99895508e+01
4.97935515e+01
4.97275926e+01
4.98976384e+01
5.01418092e+01
5.00483255e+01
5.01124329e+01
4.99672742e+01
5.01583196e+01
5.00849634e+01
5.00027974e+01
4.99078392e+01
5.01213769e+01
5.00658222e+01
4.99815541e+01
4.99166043e+01
5.04079997e+01
4.98806949e+01
2.69737771e+02
1.49698424e+02
1.43367449e+02
1.39648215e+02
1.36653014e+02
1.34051033e+02
1.31668748e+02
1.30227644e+02
1.28532600e+02
1.27149785e+02
1.26682093e+02
1.25409580e+02
1.24569593e+02
1.24098130e+02
1.23517379e+02
1.22942764e+02
1.22781828e+02
1.22561971e+02
1.22176420e+02
1.22380392e+02
1.21734996e+02
1.21699747e+02
1.21132524e+02
1.21351684e+02
1.21286109e+02
1.20897883e+02
1.20817333e+02
1.20956405e+02
1.20605956e+02
1.20573065e+02
1.20889714e+02
1.20365261e+02
1.20219574e+02
1.20749658e+02
1.20695103e+02
1.19976971e+02
1.20029482e+02
2.69906710e+02
2.49903777e+02
2.44171335e+02
2.39041073e+02
2.33340599e+02
2.28561051e+02
2.23700663e+02
2.19551902e+02
2.15979352e+02
2.13501308e+02
2.10836479e+02
2.08844896e+02
2.07483523e+02
2.05931588e+02
2.04302478e+02
2.03258595e+02
2.02742335e+02
2.01567665e+02
2.01073671e+02
2.00445128e+02
1.99861444e+02
1.99189319e+02
1.98945502e+02
1.98422170e+02
1.98124619e+02
1.98522593e+02
1.97507704e+02
1.97299159e+02
1.97140315e+02
1.97173966e+02
1.97038866e+02
1.96829509e+02
1.96821947e+02
1.96946511e+02
1.96834720e+02
1.96519077e+02
1.97345328e+02
2.68886990e+02
2.68655838e+02
2.68299713e+02
2.67813617e+02
2.67227867e+02
2.67016133e+02
2.66384893e+02
2.65941141e+02
2.65176024e+02
2.65070400e+02
2.64599329e+02
2.64209720e+02
2.63568997e+02
2.63750852e+02
2.63208841e+02
2.62988872e+02
2.63181115e+02
2.62756510e+02
2.62533370e+02
2.62439191e+02
2.62890613e+02
2.62464512e+02
2.62022454e+02
2.62635692e+02
2.62195777e+02
2.62164283e+02
2.61941822e+02
2.62275410e+02
2.62209671e+02
2.62083911e+02
2.61783033e+02
2.62169661e+02
2.61935824e+02
2.61954450e+02
2.62068848e+02
2.62184376e+02
2.61908078e+02
2.68334435e+02
2.68024208e+02
2.68329446e+02
2.68080383e+02
2.67443858e+02
2.67415766e+02
2.67093570e+02
2.66653914e+02
2.66737166e+02
2.66249016e+02
2.66120310e+02
2.65783322e+02
2.65371952e+02
2.65503596e+02
2.65118587e+02
2.64983115e+02
2.64644131e+02
2.64589000e+02
2.64904541e+02
2.64721224e+02
2.64569014e+02
2.64615448e+02
2.64233779e+02
2.64254278e+02
2.64603138e+02
2.64139084e+02
2.64410507e+02
2.64219038e+02
2.64253125e+02
2.64154214e+02
2.64044691e+02
2.63772727e+02
2.63920318e+02
2.64681479e+02
2.63911232e+02
2.63697242e+02
2.64023792e+02
2.71310901e+02
2.70457772e+02
2.68933689e+02
2.67154590e+02
2.64358473e+02
2.61760941e+02
2.59653528e+02
2.57122470e+02
2.55006758e+02
2.52393431e+02
2.50957524e+02
2.49036700e+02
2.47544779e+02
2.46034509e+02
2.44496689e+02
2.43238741e+02
2.42178584e+02
2.40833963e+02
2.40014703e+02
2.38898571e+02
2.37954332e+02
2.36862366e+02
2.36639748e+02
2.35488642e+02
2.35269772e+02
2.34567355e+02
2.33703336e+02
2.32981788e+02
2.32268761e+02
2.31968675e+02
2.31611406e+02
2.31247107e+02
2.30827230e+02
2.30323089e+02
2.29773805e+02
2.29217640e+02
2.28778974e+02
2.71038588e+02
2.70888512e+02
2.69097795e+02
2.66978634e+02
2.64958999e+02
2.62871431e+02
2.60506952e+02
2.58321833e+02
2.56309102e+02
2.54352921e+02
2.52960771e+02
2.51246428e+02
2.49711293e+02
2.48287274e+02
2.47392377e+02
2.45893323e+02
2.45065875e+02
2.43713002e+02
2.43140484e+02
2.41919155e+02
2.40863275e+02
2.40571307e+02
2.39804854e+02
2.38822270e+02
2.38634495e+02
2.37965384e+02
2.37401572e+02
2.37066948e+02
2.36384381e+02
2.35946073e+02
2.35374519e+02
2.34799600e+02
2.34382586e+02
2.34497592e+02
2.34077114e+02
2.33761409e+02
2.33232032e+02
2.70959242e+02
2.70743020e+02
2.69860441e+02
2.68743686e+02
2.66907714e+02
2.66292858e+02
2.64853568e+02
2.63293281e+02
2.62693182e+02
2.61499786e+02
2.60923505e+02
2.59973554e+02
2.59196398e+02
2.58704132e+02
2.58014580e+02
2.56947304e+02
2.56559357e+02
2.56005201e+02
2.55696472e+02
2.55075938e+02
2.54699257e+02
2.54556517e+02
2.54293581e+02
2.53476847e+02
2.53340919e+02
2.53702261e+02
2.52836950e+02
2.52729554e+02
2.52446023e+02
2.52375127e+02
2.51898856e+02
2.52162143e+02
2.51660423e+02
2.51157274e+02
2.51000211e+02
2.50805642e+02
2.51099920e+02
2.70891504e+02
2.70915605e+02
2.70190613e+02
2.69087942e+02
2.68151360e+02
2.67195567e+02
2.66243017e+02
2.65510803e+02
2.65052984e+02
2.64081746e+02
2.64351904e+02
2.63279130e+02
2.63018593e+02
2.62796424e+02
2.62672798e+02
2.62479104e+02
2.61775382e+02
2.61679614e+02
2.61330319e+02
2.60990121e+02
2.61014305e+02
2.60820281e+02
2.60552598e+02
2.60405128e+02
2.60268205e+02
2.60519173e+02
2.60177606e+02
2.59958183e+02
2.59814681e+02
2.59674709e+02
2.59287286e+02
2.59598718e+02
2.59466745e+02
2.59224464e+02
2.59321158e+02
2.59204109e+02
2.59436348e+02
2.70965695e+02
2.70819475e+02
2.70522828e+02
2.70316086e+02
2.70519528e+02
2.70442314e+02
2.69973351e+02
2.69978027e+02
2.70193089e+02
2.69584075e+02
2.70016288e+02
2.69922097e+02
2.69910681e+02
2.69580262e+02
2.69415724e+02
2.69716891e+02
2.69676117e+02
2.69723865e+02
2.69755428e+02
2.69785280e+02
2.69530589e+02
2.69408963e+02
2.69944022e+02
2.69712317e+02
2.69832037e+02
2.69308266e+02
2.69692707e+02
2.69833316e+02
2.69300301e+02
2.69693683e+02
2.69459711e+02
2.69351144e+02
2.69295621e+02
2.69676247e+02
2.69762261e+02
2.69484746e+02
2.69494949e+02
