2.69816637e+02
5.00661564e+01
4.97862883e+01
5.01221591e+01
4.97867275e+01
4.97219386e+01
5.03535916e+01
5.00815189e+01
4.98211450e+01
5.01131721e+01
4.99943888e+01
5.01091314e+01
5.02148346e+01
4.98252197e+01
4.99691781e+01
4.96555642e+01
4.99008235e+01
4.99175644e+01
4.99480336e+01
5.01780670e+01
5.00663995e+01
5.00410946e+01
5.02192420e+01
5.02326411e+01
4.96271507e+01
5.01508470e+01
5.00067708e+01
5.02491825e+01
4.97473628e+01
5.03032655e+01
4.99243158e+01
4.95983585e+01
4.99122259e+01
5.02376129e+01
5.02404747e+01
5.00283837e+01
5.01532767e+01
2.70049328e+02
1.50166619e+02
1.43719033e+02
1.39655013e+02
1.36773506e+02
1.33966388e+02
1.31935381e+02
1.30012738e+02
1.28171923e+02
1.27456015e+02
1.26754724e+02
1.25360987e+02
1.24987997e+02
1.24351030e+02
1.23737398e+02
1.22982395e+02
1.22566767e+02
1.22735379e+02
1.21992282e+02
1.21490927e+02
1.21560867e+02
1.21656211e+02
1.21498235e+02
1.20912683e+02
1.21165679e+02
1.20598702e+02
1.20664111e+02
1.20711596e+02
1.20613255e+02
1.20659889e+02
1.20717436e+02
1.20471949e+02
1.20269106e+02
1.20611311e+02
1.20377444e+02
1.20591435e+02
1.20167114e+02
2.69840193e+02
2.50082680e+02
2.44363988e+02
2.39028201e+02
2.33324760e+02
2.28352370e+02
2.23712826e+02
2.19817752e+02
2.16591868e+02
2.13319948e+02
2.10938813e+02
2.08965687e+02
2.07470749e+02
2.05585362e+02
2.04286800e+02
2.03561425e+02
2.02073439e+02
2.01724698e+02
2.00617000e+02
2.00565596e+02
1.99758298e+02
1.99214771e+02
1.98753828e+02
1.98528215e+02
1.98074233e+02
1.97916245e+02
1.97835215e+02
1.97804388e+02
1.97254635e+02
1.97077522e+02
1.97195718e+02
1.96731740e+02
1.96850370e+02
1.96640256e+02
1.97139198e+02
1.96619675e+02
1.96636120e+02
2.68797570e+02
2.68772311e+02
2.68457224e+02
2.67956194e+02
2.67313760e+02
2.66846092e+02
2.66464045e+02
2.65642677e+02
2.65278630e+02
2.64818552e+02
2.64421456e+02
2.63885749e+02
2.63658267e+02
2.63423282e+02
2.63230165e+02
2.62859821e+02
2.62547184e+02
2.62811126e+02
2.62686232e+02
2.62505206e+02
2.62489387e+02
2.62035662e+02
2.62076944e+02
2.62010508e+02
2.61981804e+02
2.62237842e+02
2.61693377e+02
2.62222671e+02
2.61542753e+02
2.62129352e+02
2.61815329e+02
2.61507377e+02
2.61480960e+02
2.61425560e+02
2.61762645e+02
2.61767036e+02
2.61591345e+02
2.68568904e+02
2.68199664e+02
2.68020486e+02
2.67976289e+02
2.67825845e+02
2.67352719e+02
2.67528503e+02
2.66528917e+02
2.66264607e+02
2.66066366e+02
2.66191270e+02
2.65550004e+02
2.65453642e+02
2.65330879e+02
2.65248415e+02
2.64986580e+02
2.64581040e+02
2.65151658e+02
2.65026280e+02
2.64746176e+02
2.64501105e+02
2.64612587e+02
2.64589454e+02
2.64353164e+02
2.64779082e+02
2.64339442e+02
2.64406562e+02
2.64416124e+02
2.64295787e+02
2.64404101e+02
2.64235853e+02
2.64194545e+02
2.63728293e+02
2.64196358e+02
2.64312156e+02
2.64130000e+02
2.63967673e+02
2.73458039e+02
2.72586042e+02
2.70045716e+02
2.67605654e+02
2.64796433e+02
2.62328684e+02
2.59431736e+02
2.57172886e+02
2.54521149e+02
2.52436490e+02
2.50462938e+02
2.48682717e+02
2.47114831e+02
2.45405179e+02
2.44546032e+02
2.43129270e+02
2.41519369e+02
2.40319547e+02
2.39565955e+02
2.38985777e+02
2.38174025e+02
2.37025556e+02
2.36520880e+02
2.35778827e+02
2.35402619e+02
2.34761222e+02
2.33931886e+02
2.33783856e+02
2.33478433e+02
2.32869054e+02
2.32917151e+02
2.32309843e+02
2.31810804e+02
2.31612142e+02
2.31278877e+02
2.31056565e+02
2.31052143e+02
2.73101791e+02
2.72221080e+02
2.70883069e+02
2.68777598e+02
2.66747008e+02
2.64211690e+02
2.61705191e+02
2.59300343e+02
2.56936688e+02
2.55691557e+02
2.53622095e+02
2.52018163e+02
2.50730307e+02
2.48973938e+02
2.47922953e+02
2.46526322e+02
2.45420264e+02
2.44773184e+02
2.43944832e+02
2.42562488e+02
2.42027794e+02
2.41345267e+02
2.40580773e+02
2.39995505e+02
2.39852535e+02
2.39205109e+02
2.39067569e+02
2.38273021e+02
2.38205508e+02
2.37842279e+02
2.37155322e+02
2.36951159e+02
2.36506195e+02
2.36356400e+02
2.36191506e+02
2.36178608e+02
2.35857984e+02
2.71179413e+02
2.71034693e+02
2.70550842e+02
2.69717898e+02
2.67463337e+02
2.66511786e+02
2.65250924e+02
2.64102188e+02
2.63114961e+02
2.61860247e+02
2.61086667e+02
2.60463775e+02
2.59559148e+02
2.58652207e+02
2.58162954e+02
2.57327449e+02
2.56869059e+02
2.56574956e+02
2.55444485e+02
2.54894532e+02
2.54984791e+02
2.54910852e+02
2.54187866e+02
2.54086268e+02
2.53474397e+02
2.53482505e+02
2.53361845e+02
2.53298194e+02
2.53019440e+02
2.52775795e+02
2.52407346e+02
2.52492040e+02
2.51939808e+02
2.51926351e+02
2.51722661e+02
2.51829699e+02
2.51750755e+02
2.70734756e+02
2.71014519e+02
2.70173748e+02
2.69166546e+02
2.68602007e+02
2.67499253e+02
2.66903059e+02
2.66204415e+02
2.65442712e+02
2.64962210e+02
2.64067514e+02
2.63562769e+02
2.63246689e+02
2.62988442e+02
2.62721604e+02
2.62544626e+02
2.61913838e+02
2.61724648e+02
2.61662558e+02
2.61581638e+02
2.61356732e+02
2.61444325e+02
2.60738435e+02
2.60579209e+02
2.60517441e+02
2.60177524e+02
2.60222891e+02
2.60167165e+02
2.59887537e+02
2.59706324e+02
2.59556467e+02
2.59712451e+02
2.60038861e+02
2.59758589e+02
2.59559937e+02
2.59653050e+02
2.59497597e+02
2.71060927e+02
2.70972327e+02
2.70616555e+02
2.70447250e+02
2.70419737e+02
2.69998384e+02
2.70252618e+02
2.70274386e+02
2.70043377e+02
2.70059625e+02
2.70091777e+02
2.70007771e+02
2.70063129e+02
2.69671540e+02
2.69613477e+02
2.69967461e+02
2.70015043e+02
2.70174025e+02
2.69798046e+02
2.69907952e+02
2.69499191e+02
2.69898432e+02
2.69553057e+02
2.69818754e+02
2.69892277e+02
2.69341197e+02
2.69588751e+02
2.69592442e+02
2.69299420e+02
2.69869351e+02
2.69499605e+02
2.69548740e+02
2.69490658e+02
2.69560763e+02
2.69615017e+02
2.69962991e+02
2.69570865e+02
