-2.2000e+02
0.0000e+00
0.0000e+00
0.0000e+00
0.0000e+00
0.0000e+00
0.0000e+00
0.0000e+00
0.0000e+00
0.0000e+00
0.0000e+00
0.0000e+00
0.0000e+00
0.0000e+00
0.0000e+00
0.0000e+00
0.0000e+00
0.0000e+00
0.0000e+00
0.0000e+00
0.0000e+00
0.0000e+00
0.0000e+00
0.0000e+00
0.0000e+00
0.0000e+00
0.0000e+00
0.0000e+00
0.0000e+00
0.0000e+00
0.0000e+00
0.0000e+00
0.0000e+00
0.0000e+00
0.0000e+00
0.0000e+00
-1.2000e+02
-6.5299e+00
-3.8752e+00
-2.9728e+00
-2.5659e+00
-2.2129e+00
-1.8234e+00
-1.5004e+00
-1.2429e+00
-1.0371e+00
-8.7125e-01
-7.3619e-01
-6.2524e-01
-5.3337e-01
-4.5678e-01
-3.9257e-01
-3.3847e-01
-2.9268e-01
-2.5378e-01
-2.2063e-01
-1.9228e-01
-1.6799e-01
-1.4711e-01
-1.2912e-01
-1.1359e-01
-1.0015e-01
-8.8507e-02
-7.8394e-02
-6.9593e-02
-6.1920e-02
-5.5220e-02
-4.8067e-02
-4.2871e-02
-3.8653e-02
-3.4901e-02
-3.1578e-02
-2.0000e+01
-5.6284e+00
-5.5838e+00
-5.6317e+00
-5.3193e+00
-4.7025e+00
-4.0560e+00
-3.4644e+00
-2.9478e+00
-2.5059e+00
-2.1312e+00
-1.8149e+00
-1.5480e+00
-1.3226e+00
-1.1322e+00
-9.7088e-01
-8.3405e-01
-7.1775e-01
-6.1871e-01
-5.3422e-01
-4.6201e-01
-4.0021e-01
-3.4723e-01
-3.0175e-01
-2.6265e-01
-2.2899e-01
-1.9997e-01
-1.7493e-01
-1.5329e-01
-1.3456e-01
-1.1834e-01
-1.0175e-01
-8.9395e-02
-7.9416e-02
-7.0676e-02
-6.3013e-02
-8.1694e-02
-2.4096e-01
-3.7685e-01
-4.8311e-01
-5.4679e-01
-5.6737e-01
-5.5393e-01
-5.1900e-01
-4.7324e-01
-4.2389e-01
-3.7529e-01
-3.2973e-01
-2.8827e-01
-2.5122e-01
-2.1851e-01
-1.8983e-01
-1.6482e-01
-1.4308e-01
-1.2423e-01
-1.0790e-01
-9.3770e-02
-8.1547e-02
-7.0975e-02
-6.1833e-02
-5.3925e-02
-4.7081e-02
-4.1158e-02
-3.6027e-02
-3.1581e-02
-2.7725e-02
-2.4378e-02
-2.1206e-02
-1.8511e-02
-1.6345e-02
-1.4505e-02
-1.2908e-02
-1.8775e-02
-9.1286e-02
-1.7722e-01
-2.5392e-01
-3.0912e-01
-3.3772e-01
-3.4215e-01
-3.2900e-01
-3.0541e-01
-2.7693e-01
-2.4723e-01
-2.1847e-01
-1.9175e-01
-1.6756e-01
-1.4602e-01
-1.2701e-01
-1.1038e-01
-9.5872e-02
-8.3265e-02
-7.2330e-02
-6.2856e-02
-5.4656e-02
-4.7559e-02
-4.1420e-02
-3.6109e-02
-3.1512e-02
-2.7533e-02
-2.4087e-02
-2.1101e-02
-1.8512e-02
-1.6266e-02
-1.4060e-02
-1.2368e-02
-1.0908e-02
-9.6580e-03
-8.5820e-03
-5.0026e-02
-1.1706e+00
-1.8383e+00
-2.0990e+00
-2.1673e+00
-2.1368e+00
-2.0537e+00
-1.9430e+00
-1.8197e+00
-1.6929e+00
-1.5680e+00
-1.4482e+00
-1.3352e+00
-1.2299e+00
-1.1323e+00
-1.0425e+00
-9.6014e-01
-8.8471e-01
-8.1575e-01
-7.5277e-01
-6.9525e-01
-6.4271e-01
-5.9472e-01
-5.5085e-01
-5.1072e-01
-4.7397e-01
-4.4030e-01
-4.0941e-01
-3.8105e-01
-3.5498e-01
-3.3099e-01
-2.9975e-01
-2.7699e-01
-2.5960e-01
-2.4360e-01
-2.2879e-01
-6.2755e-02
-1.1372e+00
-1.7677e+00
-1.9888e+00
-2.0273e+00
-1.9788e+00
-1.8873e+00
-1.7749e+00
-1.6541e+00
-1.5326e+00
-1.4148e+00
-1.3031e+00
-1.1987e+00
-1.1020e+00
-1.0130e+00
-9.3147e-01
-8.5695e-01
-7.8894e-01
-7.2693e-01
-6.7041e-01
-6.1889e-01
-5.7191e-01
-5.2904e-01
-4.8988e-01
-4.5410e-01
-4.2136e-01
-3.9137e-01
-3.6388e-01
-3.3865e-01
-3.1546e-01
-2.9414e-01
-2.6588e-01
-2.4583e-01
-2.3064e-01
-2.1655e-01
-2.0345e-01
-1.9595e-01
-9.1208e-01
-1.2565e+00
-1.3265e+00
-1.2943e+00
-1.2229e+00
-1.1369e+00
-1.0467e+00
-9.5782e-01
-8.7324e-01
-7.9448e-01
-7.2212e-01
-6.5623e-01
-5.9655e-01
-5.4270e-01
-4.9419e-01
-4.5053e-01
-4.1126e-01
-3.7591e-01
-3.4408e-01
-3.1538e-01
-2.8949e-01
-2.6610e-01
-2.4493e-01
-2.2576e-01
-2.0836e-01
-1.9256e-01
-1.7818e-01
-1.6508e-01
-1.5312e-01
-1.4220e-01
-1.2889e-01
-1.1903e-01
-1.1098e-01
-1.0362e-01
-9.6898e-02
-1.4935e-01
-7.7211e-01
-1.0555e+00
-1.0236e+00
-9.0889e-01
-7.9473e-01
-6.9748e-01
-6.1594e-01
-5.4669e-01
-4.8711e-01
-4.3539e-01
-3.9023e-01
-3.5061e-01
-3.1574e-01
-2.8496e-01
-2.5772e-01
-2.3356e-01
-2.1209e-01
-1.9296e-01
-1.7588e-01
-1.6060e-01
-1.4691e-01
-1.3462e-01
-1.2356e-01
-1.1358e-01
-1.0458e-01
-9.6428e-02
-8.9043e-02
-8.2337e-02
-7.6238e-02
-7.0684e-02
-6.3981e-02
-5.9065e-02
-5.5049e-02
-5.1346e-02
-4.7943e-02
-8.6982e-02
-1.9167e-01
-1.6979e-01
-1.3595e-01
-1.1062e-01
-9.2337e-02
-7.8581e-02
-6.7663e-02
-5.8722e-02
-5.1264e-02
-4.4971e-02
-3.9614e-02
-3.5026e-02
-3.1075e-02
-2.7658e-02
-2.4689e-02
-2.2103e-02
-1.9840e-02
-1.7856e-02
-1.6110e-02
-1.4569e-02
-1.3207e-02
-1.1997e-02
-1.0922e-02
-9.9640e-03
-9.1070e-03
-8.3400e-03
-7.6520e-03
-7.0320e-03
-6.4730e-03
-5.9700e-03
-5.3960e-03
-4.9460e-03
-4.5830e-03
-4.2560e-03
-3.9570e-03
