-2.2000e+02
0.0000e+00
0.0000e+00
0.0000e+00
0.0000e+00
0.0000e+00
0.0000e+00
0.0000e+00
0.0000e+00
0.0000e+00
0.0000e+00
0.0000e+00
0.0000e+00
0.0000e+00
0.0000e+00
0.0000e+00
0.0000e+00
0.0000e+00
0.0000e+00
0.0000e+00
0.0000e+00
0.0000e+00
0.0000e+00
0.0000e+00
0.0000e+00
0.0000e+00
0.0000e+00
0.0000e+00
0.0000e+00
0.0000e+00
0.0000e+00
0.0000e+00
0.0000e+00
0.0000e+00
0.0000e+00
0.0000e+00
-1.2000e+02
-6.0677e+00
-3.7830e+00
-2.9258e+00
-2.5015e+00
-2.0822e+00
-1.7932e+00
-1.4922e+00
-1.2413e+00
-1.0383e+00
-8.7369e-01
-7.3917e-01
-6.2842e-01
-5.3657e-01
-4.5993e-01
-3.9563e-01
-3.4142e-01
-2.9554e-01
-2.5656e-01
-2.2334e-01
-1.9493e-01
-1.7058e-01
-1.4966e-01
-1.3163e-01
-1.1607e-01
-1.0260e-01
-9.0923e-02
-7.9401e-02
-6.9716e-02
-6.2595e-02
-5.6257e-02
-5.0661e-02
-4.5721e-02
-4.1355e-02
-3.7492e-02
-3.4065e-02
-2.0000e+01
-5.5745e+00
-5.5199e+00
-5.5252e+00
-5.2035e+00
-4.5837e+00
-3.9321e+00
-3.3442e+00
-2.8364e+00
-2.4046e+00
-2.0402e+00
-1.7336e+00
-1.4757e+00
-1.2586e+00
-1.0755e+00
-9.2094e-01
-7.9009e-01
-6.7912e-01
-5.8483e-01
-5.0457e-01
-4.3611e-01
-3.7764e-01
-3.2760e-01
-2.8472e-01
-2.4792e-01
-2.1630e-01
-1.8907e-01
-1.6327e-01
-1.4152e-01
-1.2492e-01
-1.1049e-01
-9.7936e-02
-8.6999e-02
-7.7454e-02
-6.9109e-02
-6.1801e-02
-9.6313e-02
-2.5698e-01
-3.8435e-01
-4.8007e-01
-5.3195e-01
-5.4176e-01
-5.2025e-01
-4.8042e-01
-4.3265e-01
-3.8349e-01
-3.3654e-01
-2.9350e-01
-2.5498e-01
-2.2101e-01
-1.9132e-01
-1.6553e-01
-1.4320e-01
-1.2392e-01
-1.0729e-01
-9.2961e-02
-8.0619e-02
-6.9991e-02
-6.0835e-02
-5.2945e-02
-4.6144e-02
-4.0275e-02
-3.5211e-02
-3.0625e-02
-2.6519e-02
-2.3264e-02
-2.0520e-02
-1.8155e-02
-1.6100e-02
-1.4311e-02
-1.2749e-02
-1.1382e-02
-2.8539e-02
-1.1701e-01
-2.0708e-01
-2.8206e-01
-3.3086e-01
-3.5060e-01
-3.4624e-01
-3.2595e-01
-2.9736e-01
-2.6585e-01
-2.3465e-01
-2.0543e-01
-1.7894e-01
-1.5538e-01
-1.3467e-01
-1.1660e-01
-1.0093e-01
-8.7365e-02
-7.5651e-02
-6.5550e-02
-5.6842e-02
-4.9339e-02
-4.2873e-02
-3.7301e-02
-3.2496e-02
-2.8351e-02
-2.4774e-02
-2.1466e-02
-1.8672e-02
-1.6371e-02
-1.4416e-02
-1.2740e-02
-1.1287e-02
-1.0026e-02
-8.9230e-03
-7.9610e-03
-3.4363e-01
-1.6837e+00
-2.4407e+00
-2.7137e+00
-2.7585e+00
-2.6875e+00
-2.5569e+00
-2.3985e+00
-2.2298e+00
-2.0609e+00
-1.8975e+00
-1.7429e+00
-1.5986e+00
-1.4652e+00
-1.3427e+00
-1.2308e+00
-1.1287e+00
-1.0359e+00
-9.5151e-01
-8.7492e-01
-8.0538e-01
-7.4224e-01
-6.8488e-01
-6.3274e-01
-5.8531e-01
-5.4210e-01
-5.0272e-01
-4.5948e-01
-4.2084e-01
-3.9287e-01
-3.6697e-01
-3.4310e-01
-3.2108e-01
-3.0077e-01
-2.8201e-01
-2.6466e-01
-2.2782e-01
-1.2593e+00
-1.9922e+00
-2.3056e+00
-2.3929e+00
-2.3608e+00
-2.2645e+00
-2.1360e+00
-1.9932e+00
-1.8469e+00
-1.7033e+00
-1.5662e+00
-1.4375e+00
-1.3181e+00
-1.2081e+00
-1.1075e+00
-1.0156e+00
-9.3202e-01
-8.5602e-01
-7.8699e-01
-7.2431e-01
-6.6739e-01
-6.1569e-01
-5.6868e-01
-5.2591e-01
-4.8696e-01
-4.5145e-01
-4.1252e-01
-3.7766e-01
-3.5245e-01
-3.2913e-01
-3.0763e-01
-2.8780e-01
-2.6951e-01
-2.5262e-01
-2.3701e-01
-1.4577e-01
-9.0390e-01
-1.2653e+00
-1.3510e+00
-1.3388e+00
-1.2859e+00
-1.2139e+00
-1.1338e+00
-1.0513e+00
-9.7000e-01
-8.9217e-01
-8.1901e-01
-7.5109e-01
-6.8856e-01
-6.3129e-01
-5.7904e-01
-5.3146e-01
-4.8820e-01
-4.4889e-01
-4.1317e-01
-3.8072e-01
-3.5120e-01
-3.2435e-01
-2.9990e-01
-2.7762e-01
-2.5729e-01
-2.3872e-01
-2.1825e-01
-1.9995e-01
-1.8662e-01
-1.7433e-01
-1.6301e-01
-1.5257e-01
-1.4293e-01
-1.3401e-01
-1.2575e-01
-1.1289e-01
-7.4127e-01
-1.0306e+00
-1.0064e+00
-9.0295e-01
-7.9986e-01
-7.1171e-01
-6.3784e-01
-5.7483e-01
-5.2004e-01
-4.7182e-01
-4.2906e-01
-3.9099e-01
-3.5695e-01
-3.2645e-01
-2.9903e-01
-2.7435e-01
-2.5208e-01
-2.3194e-01
-2.1371e-01
-1.9718e-01
-1.8216e-01
-1.6849e-01
-1.5604e-01
-1.4468e-01
-1.3430e-01
-1.2481e-01
-1.1427e-01
-1.0472e-01
-9.7926e-02
-9.1636e-02
-8.5814e-02
-8.0424e-02
-7.5432e-02
-7.0807e-02
-6.6515e-02
-8.3478e-02
-1.7315e-01
-1.5109e-01
-1.2067e-01
-9.8491e-02
-8.2549e-02
-7.0622e-02
-6.1282e-02
-5.3632e-02
-4.7217e-02
-4.1770e-02
-3.7101e-02
-3.3072e-02
-2.9578e-02
-2.6532e-02
-2.3867e-02
-2.1526e-02
-1.9463e-02
-1.7640e-02
-1.6024e-02
-1.4588e-02
-1.3309e-02
-1.2165e-02
-1.1142e-02
-1.0224e-02
-9.3980e-03
-8.6530e-03
-7.8580e-03
-7.1470e-03
-6.6320e-03
-6.1610e-03
-5.7330e-03
-5.3390e-03
-4.9800e-03
-4.6500e-03
-4.3470e-03
