2.69830821e+02
5.00980105e+01
4.98954017e+01
5.02650311e+01
4.99237838e+01
5.03416247e+01
4.99754859e+01
4.99928649e+01
4.98906457e+01
4.97481380e+01
4.98477646e+01
5.00632919e+01
4.98803720e+01
4.98168830e+01
4.99116729e+01
4.99069137e+01
5.01652348e+01
4.98528105e+01
4.98643439e+01
4.99111565e+01
4.98618981e+01
5.00124945e+01
5.02930612e+01
5.01779044e+01
5.00916590e+01
5.01070598e+01
4.98055697e+01
5.00758543e+01
4.97827533e+01
4.97061881e+01
5.01701593e+01
5.01871773e+01
4.98158329e+01
4.98748572e+01
4.99027944e+01
4.99800279e+01
4.96292255e+01
2.70004804e+02
1.50008140e+02
1.43624428e+02
1.40020352e+02
1.37235199e+02
1.34399173e+02
1.32222250e+02
1.30662165e+02
1.28972084e+02
1.27801830e+02
1.26818549e+02
1.25755186e+02
1.25276538e+02
1.24710636e+02
1.24101967e+02
1.23474903e+02
1.23283252e+02
1.23102626e+02
1.22720734e+02
1.22537466e+02
1.21458314e+02
1.21948275e+02
1.21928361e+02
1.21848966e+02
1.21425561e+02
1.21423411e+02
1.21540493e+02
1.21748668e+02
1.21325158e+02
1.20812036e+02
1.21175577e+02
1.20972974e+02
1.21086997e+02
1.20841413e+02
1.20573670e+02
1.20489110e+02
1.20205861e+02
2.69918538e+02
2.50032949e+02
2.44258290e+02
2.38816865e+02
2.33396573e+02
2.28062635e+02
2.23314849e+02
2.19463254e+02
2.15839389e+02
2.12588016e+02
2.10656636e+02
2.08355534e+02
2.06460533e+02
2.04837695e+02
2.03808614e+02
2.02498040e+02
2.01361370e+02
2.00728154e+02
2.00263677e+02
1.99534297e+02
1.99280808e+02
1.98743552e+02
1.97934374e+02
1.97765458e+02
1.98006296e+02
1.97114110e+02
1.97219314e+02
1.96636173e+02
1.97041781e+02
1.96374946e+02
1.96382266e+02
1.96348639e+02
1.96206043e+02
1.96127628e+02
1.95864487e+02
1.95636645e+02
1.95843858e+02
2.68522805e+02
2.68574650e+02
2.68236126e+02
2.68307799e+02
2.67689949e+02
2.67180681e+02
2.66311729e+02
2.66077162e+02
2.65646756e+02
2.65247064e+02
2.64778280e+02
2.64222084e+02
2.64150539e+02
2.63774739e+02
2.63631728e+02
2.63364042e+02
2.63329682e+02
2.63477951e+02
2.63320044e+02
2.62726930e+02
2.62879264e+02
2.62962009e+02
2.62873501e+02
2.62799413e+02
2.62855026e+02
2.62551715e+02
2.62348598e+02
2.62576165e+02
2.62771394e+02
2.62299065e+02
2.62196826e+02
2.62472588e+02
2.62442498e+02
2.62209905e+02
2.62586381e+02
2.62507740e+02
2.62012946e+02
2.68179899e+02
2.68784061e+02
2.68119350e+02
2.68189569e+02
2.67855534e+02
2.67600710e+02
2.67339631e+02
2.67092612e+02
2.66640710e+02
2.66054300e+02
2.65902608e+02
2.65882378e+02
2.65301797e+02
2.65745190e+02
2.65117364e+02
2.65112586e+02
2.65002479e+02
2.65008181e+02
2.64783093e+02
2.65139701e+02
2.65061929e+02
2.64732484e+02
2.64451125e+02
2.64436395e+02
2.64383202e+02
2.64638477e+02
2.64407240e+02
2.64454822e+02
2.64519802e+02
2.64719676e+02
2.64364184e+02
2.64547833e+02
2.64219191e+02
2.64358056e+02
2.63822497e+02
2.64175535e+02
2.64291215e+02
2.70707725e+02
2.70713760e+02
2.69435234e+02
2.67104908e+02
2.64467769e+02
2.62184328e+02
2.59947259e+02
2.57352271e+02
2.55800137e+02
2.53016634e+02
2.51633799e+02
2.49931711e+02
2.48436434e+02
2.46627304e+02
2.45376979e+02
2.44090969e+02
2.42688555e+02
2.41426589e+02
2.39976225e+02
2.39519051e+02
2.38695358e+02
2.37337357e+02
2.37274308e+02
2.36252205e+02
2.35535581e+02
2.34849839e+02
2.34244646e+02
2.33431324e+02
2.33086475e+02
2.32304841e+02
2.32427529e+02
2.31394248e+02
2.30918082e+02
2.30899292e+02
2.30223309e+02
2.29829502e+02
2.29446541e+02
2.71180003e+02
2.70537574e+02
2.69085391e+02
2.66746240e+02
2.64390456e+02
2.62771960e+02
2.60472270e+02
2.58283209e+02
2.56224520e+02
2.53790420e+02
2.52362253e+02
2.50821496e+02
2.49303683e+02
2.48172531e+02
2.47049630e+02
2.45643278e+02
2.44501713e+02
2.42952276e+02
2.42195723e+02
2.41497773e+02
2.40938981e+02
2.39856156e+02
2.39050820e+02
2.38564848e+02
2.37407727e+02
2.37220096e+02
2.36731333e+02
2.35895639e+02
2.35670221e+02
2.34955547e+02
2.34609920e+02
2.34796230e+02
2.33845722e+02
2.33837624e+02
2.33222357e+02
2.33084482e+02
2.32094844e+02
2.71437149e+02
2.70782968e+02
2.69803146e+02
2.68479859e+02
2.67036934e+02
2.65845417e+02
2.64754420e+02
2.63606623e+02
2.62245493e+02
2.61150519e+02
2.60407684e+02
2.59528481e+02
2.59076961e+02
2.58498920e+02
2.57842291e+02
2.57162866e+02
2.56517169e+02
2.56071652e+02
2.56106397e+02
2.55440638e+02
2.55454426e+02
2.55116205e+02
2.54838779e+02
2.54414284e+02
2.54239635e+02
2.53962285e+02
2.53707643e+02
2.53367840e+02
2.53371713e+02
2.53142742e+02
2.53214016e+02
2.52646460e+02
2.52431618e+02
2.52357104e+02
2.52131203e+02
2.52505472e+02
2.52204615e+02
2.71000584e+02
2.70840180e+02
2.70144632e+02
2.69253417e+02
2.67871459e+02
2.66905264e+02
2.66011831e+02
2.65317561e+02
2.64636737e+02
2.64046777e+02
2.63549836e+02
2.63638942e+02
2.63067887e+02
2.62333709e+02
2.62105543e+02
2.62071519e+02
2.61977192e+02
2.61810016e+02
2.61315676e+02
2.60978620e+02
2.61495749e+02
2.60938814e+02
2.60600627e+02
2.60851330e+02
2.60980493e+02
2.60027348e+02
2.60290630e+02
2.60495185e+02
2.60184589e+02
2.60192978e+02
2.59821977e+02
2.59681224e+02
2.59929396e+02
2.60013862e+02
2.59618785e+02
2.59446813e+02
2.59831753e+02
2.70632637e+02
2.70974641e+02
2.70311368e+02
2.70369331e+02
2.70351375e+02
2.70338016e+02
2.70172595e+02
2.70135135e+02
2.69807181e+02
2.69711565e+02
2.69669583e+02
2.69993908e+02
2.69475375e+02
2.69818886e+02
2.69394294e+02
2.69930958e+02
2.69178606e+02
2.69702668e+02
2.69649776e+02
2.69627951e+02
2.69832024e+02
2.69568904e+02
2.69531426e+02
2.69134486e+02
2.69222543e+02
2.69275600e+02
2.69572548e+02
2.69437829e+02
2.69590577e+02
2.69676863e+02
2.69027585e+02
2.68981984e+02
2.69307587e+02
2.69901323e+02
2.69215175e+02
2.69421188e+02
2.69446460e+02
