-2.2000e+02
0.0000e+00
0.0000e+00
0.0000e+00
0.0000e+00
0.0000e+00
0.0000e+00
0.0000e+00
0.0000e+00
0.0000e+00
0.0000e+00
0.0000e+00
0.0000e+00
0.0000e+00
0.0000e+00
0.0000e+00
0.0000e+00
0.0000e+00
0.0000e+00
0.0000e+00
0.0000e+00
0.0000e+00
0.0000e+00
0.0000e+00
0.0000e+00
0.0000e+00
0.0000e+00
0.0000e+00
0.0000e+00
0.0000e+00
0.0000e+00
0.0000e+00
0.0000e+00
0.0000e+00
0.0000e+00
0.0000e+00
-1.2000e+02
-6.3157e+00
-3.8365e+00
-2.9601e+00
-2.5187e+00
-2.1692e+00
-1.8189e+00
-1.5030e+00
-1.2477e+00
-1.0425e+00
-8.7652e-01
-7.4104e-01
-6.2955e-01
-5.3714e-01
-4.6005e-01
-3.9540e-01
-3.4092e-01
-2.9483e-01
-2.5569e-01
-2.2235e-01
-1.9386e-01
-1.6946e-01
-1.4850e-01
-1.3045e-01
-1.1488e-01
-1.0142e-01
-8.9750e-02
-7.9614e-02
-7.0793e-02
-6.2506e-02
-5.4398e-02
-4.9006e-02
-4.4168e-02
-3.9879e-02
-3.6079e-02
-3.2709e-02
-2.0000e+01
-5.6082e+00
-5.6057e+00
-5.6527e+00
-5.3323e+00
-4.7028e+00
-4.0447e+00
-3.4474e+00
-2.9284e+00
-2.4856e+00
-2.1111e+00
-1.7953e+00
-1.5292e+00
-1.3049e+00
-1.1155e+00
-9.5534e-01
-8.1963e-01
-7.0443e-01
-6.0649e-01
-5.2305e-01
-4.5187e-01
-3.9105e-01
-3.3901e-01
-2.9440e-01
-2.5612e-01
-2.2323e-01
-1.9493e-01
-1.7054e-01
-1.4949e-01
-1.3017e-01
-1.1169e-01
-9.8970e-02
-8.7876e-02
-7.8182e-02
-6.9698e-02
-6.2262e-02
-7.7013e-02
-2.3516e-01
-3.6846e-01
-4.7062e-01
-5.2852e-01
-5.4326e-01
-5.2537e-01
-4.8790e-01
-4.4140e-01
-3.9270e-01
-3.4565e-01
-3.0216e-01
-2.6300e-01
-2.2830e-01
-1.9786e-01
-1.7133e-01
-1.4832e-01
-1.2841e-01
-1.1121e-01
-9.6367e-02
-8.3572e-02
-7.2541e-02
-6.3033e-02
-5.4838e-02
-4.7769e-02
-4.1671e-02
-3.6405e-02
-3.1857e-02
-2.7925e-02
-2.4432e-02
-2.1115e-02
-1.8512e-02
-1.6368e-02
-1.4530e-02
-1.2934e-02
-1.1540e-02
-1.6989e-02
-8.8049e-02
-1.7230e-01
-2.4664e-01
-2.9851e-01
-3.2336e-01
-3.2456e-01
-3.0927e-01
-2.8471e-01
-2.5627e-01
-2.2733e-01
-1.9978e-01
-1.7450e-01
-1.5184e-01
-1.3181e-01
-1.1426e-01
-9.8984e-02
-8.5728e-02
-7.4257e-02
-6.4348e-02
-5.5796e-02
-4.8419e-02
-4.2058e-02
-3.6573e-02
-3.1842e-02
-2.7761e-02
-2.4237e-02
-2.1193e-02
-1.8563e-02
-1.6170e-02
-1.3999e-02
-1.2321e-02
-1.0865e-02
-9.6240e-03
-8.5540e-03
-7.6230e-03
-3.3956e-01
-1.6034e+00
-2.2935e+00
-2.5202e+00
-2.5382e+00
-2.4572e+00
-2.3298e+00
-2.1827e+00
-2.0298e+00
-1.8789e+00
-1.7342e+00
-1.5980e+00
-1.4712e+00
-1.3539e+00
-1.2461e+00
-1.1472e+00
-1.0567e+00
-9.7390e-01
-8.9826e-01
-8.2913e-01
-7.6593e-01
-7.0811e-01
-6.5518e-01
-6.0669e-01
-5.6223e-01
-5.2141e-01
-4.8391e-01
-4.4943e-01
-4.1768e-01
-3.8514e-01
-3.4880e-01
-3.2552e-01
-3.0402e-01
-2.8410e-01
-2.6563e-01
-2.4849e-01
-2.2339e-01
-1.2251e+00
-1.9025e+00
-2.1684e+00
-2.2263e+00
-2.1804e+00
-2.0823e+00
-1.9595e+00
-1.8268e+00
-1.6930e+00
-1.5632e+00
-1.4400e+00
-1.3249e+00
-1.2183e+00
-1.1201e+00
-1.0302e+00
-9.4793e-01
-8.7281e-01
-8.0424e-01
-7.4166e-01
-6.8453e-01
-6.3234e-01
-5.8463e-01
-5.4097e-01
-5.0098e-01
-4.6433e-01
-4.3068e-01
-3.9978e-01
-3.7135e-01
-3.4207e-01
-3.0961e-01
-2.8904e-01
-2.6993e-01
-2.5219e-01
-2.3572e-01
-2.2044e-01
-1.8306e-01
-8.9085e-01
-1.2287e+00
-1.3061e+00
-1.2889e+00
-1.2325e+00
-1.1583e+00
-1.0767e+00
-9.9348e-01
-9.1220e-01
-8.3500e-01
-7.6300e-01
-6.9664e-01
-6.3597e-01
-5.8076e-01
-5.3069e-01
-4.8535e-01
-4.4433e-01
-4.0722e-01
-3.7364e-01
-3.4322e-01
-3.1563e-01
-2.9060e-01
-2.6784e-01
-2.4714e-01
-2.2827e-01
-2.1105e-01
-1.9531e-01
-1.8092e-01
-1.6639e-01
-1.5089e-01
-1.4036e-01
-1.3064e-01
-1.2170e-01
-1.1346e-01
-1.0587e-01
-1.3933e-01
-7.3290e-01
-1.0005e+00
-9.7350e-01
-8.7234e-01
-7.7193e-01
-6.8590e-01
-6.1300e-01
-5.5005e-01
-4.9487e-01
-4.4614e-01
-4.0291e-01
-3.6448e-01
-3.3027e-01
-2.9976e-01
-2.7251e-01
-2.4815e-01
-2.2633e-01
-2.0675e-01
-1.8915e-01
-1.7331e-01
-1.5902e-01
-1.4611e-01
-1.3442e-01
-1.2382e-01
-1.1419e-01
-1.0543e-01
-9.7449e-02
-9.0163e-02
-8.2830e-02
-7.5227e-02
-6.9969e-02
-6.5023e-02
-6.0482e-02
-5.6315e-02
-5.2489e-02
-8.1656e-02
-1.6690e-01
-1.4604e-01
-1.1675e-01
-9.5343e-02
-7.9972e-02
-6.8463e-02
-5.9330e-02
-5.1795e-02
-4.5460e-02
-4.0071e-02
-3.5450e-02
-3.1469e-02
-2.8021e-02
-2.5024e-02
-2.2412e-02
-2.0125e-02
-1.8119e-02
-1.6352e-02
-1.4792e-02
-1.3411e-02
-1.2185e-02
-1.1094e-02
-1.0120e-02
-9.2480e-03
-8.4670e-03
-7.7630e-03
-7.1300e-03
-6.5580e-03
-6.0010e-03
-5.4210e-03
-5.0070e-03
-4.6320e-03
-4.2930e-03
-3.9840e-03
-3.7010e-03
