2.69785263e+02
4.99418400e+01
4.95295892e+01
5.02583661e+01
5.00999948e+01
5.02436693e+01
4.96939129e+01
4.99037066e+01
4.97749542e+01
4.97254651e+01
5.00540479e+01
5.04172149e+01
5.03706264e+01
4.99742802e+01
4.97765052e+01
5.00798326e+01
5.00347405e+01
5.00452919e+01
5.00435994e+01
5.02408680e+01
5.02211014e+01
5.01870373e+01
4.98692394e+01
4.99933766e+01
4.99217489e+01
5.02601506e+01
4.98594064e+01
4.99794813e+01
5.01348455e+01
5.00075989e+01
5.01030812e+01
5.00399784e+01
5.00605256e+01
4.99365813e+01
5.01918514e+01
4.99413257e+01
5.03153087e+01
2.69952912e+02
1.49903411e+02
1.43796952e+02
1.39966414e+02
1.36923484e+02
1.34213984e+02
1.32222951e+02
1.30521306e+02
1.29218385e+02
1.27868803e+02
1.26320904e+02
1.25823812e+02
1.24937396e+02
1.24702962e+02
1.24057893e+02
1.23021405e+02
1.22797506e+02
1.22911176e+02
1.22197517e+02
1.21960603e+02
1.21996445e+02
1.21399068e+02
1.21527429e+02
1.21113471e+02
1.21266017e+02
1.20814150e+02
1.21031312e+02
1.20528944e+02
1.20721147e+02
1.20640839e+02
1.20567182e+02
1.20508854e+02
1.20366067e+02
1.20482882e+02
1.20567143e+02
1.20715459e+02
1.20330637e+02
2.70133972e+02
2.50130352e+02
2.44435063e+02
2.38838382e+02
2.33114289e+02
2.27776369e+02
2.22920405e+02
2.18774462e+02
2.14992458e+02
2.11972575e+02
2.09349889e+02
2.07019398e+02
2.05042562e+02
2.03356393e+02
2.02015814e+02
2.00688673e+02
1.99899277e+02
1.98897497e+02
1.97681065e+02
1.97288459e+02
1.96912743e+02
1.95966195e+02
1.95887257e+02
1.95246693e+02
1.94852053e+02
1.94500637e+02
1.94490837e+02
1.94317490e+02
1.94096501e+02
1.93736168e+02
1.93632050e+02
1.93694749e+02
1.93285424e+02
1.93740955e+02
1.92985528e+02
1.92914247e+02
1.93165047e+02
2.68732353e+02
2.68470654e+02
2.68194534e+02
2.68042167e+02
2.67831579e+02
2.67261801e+02
2.66652738e+02
2.66777879e+02
2.65805500e+02
2.65246428e+02
2.64767075e+02
2.64523939e+02
2.64614732e+02
2.64401880e+02
2.63957708e+02
2.63637048e+02
2.63862501e+02
2.63141495e+02
2.62977852e+02
2.63201686e+02
2.62844067e+02
2.63085780e+02
2.62913693e+02
2.62476626e+02
2.63009818e+02
2.62977016e+02
2.62563562e+02
2.62880446e+02
2.62748760e+02
2.62536391e+02
2.62281300e+02
2.62542324e+02
2.62150592e+02
2.62601139e+02
2.62499115e+02
2.62517456e+02
2.62526200e+02
2.68310970e+02
2.68609442e+02
2.68368306e+02
2.68076727e+02
2.67790445e+02
2.67241067e+02
2.67336579e+02
2.66779960e+02
2.66394255e+02
2.66153748e+02
2.65601255e+02
2.65581155e+02
2.65574376e+02
2.65554707e+02
2.65397841e+02
2.64669755e+02
2.65333035e+02
2.64996633e+02
2.64888997e+02
2.64978983e+02
2.64529957e+02
2.64814333e+02
2.65029027e+02
2.64649077e+02
2.64293178e+02
2.64707453e+02
2.64407614e+02
2.64367200e+02
2.64328580e+02
2.64503843e+02
2.64276063e+02
2.64510893e+02
2.64452069e+02
2.64237871e+02
2.64302014e+02
2.64334298e+02
2.64277368e+02
2.72151454e+02
2.70566674e+02
2.68378384e+02
2.66071024e+02
2.63062857e+02
2.60181016e+02
2.57916523e+02
2.55375145e+02
2.53063168e+02
2.51550012e+02
2.49151405e+02
2.47346025e+02
2.45830956e+02
2.44428323e+02
2.43248470e+02
2.41820564e+02
2.40920280e+02
2.39831643e+02
2.39218501e+02
2.37615479e+02
2.37085920e+02
2.36432254e+02
2.35613149e+02
2.34985869e+02
2.34328216e+02
2.33494539e+02
2.33396023e+02
2.32938774e+02
2.32565606e+02
2.31938588e+02
2.31827120e+02
2.31237611e+02
2.30745238e+02
2.30760878e+02
2.30286481e+02
2.30481465e+02
2.29833983e+02
2.71415500e+02
2.71664414e+02
2.70849748e+02
2.68925428e+02
2.66587855e+02
2.64789118e+02
2.62967665e+02
2.60336763e+02
2.58615276e+02
2.56894006e+02
2.54935513e+02
2.53132276e+02
2.51789802e+02
2.50158344e+02
2.48921376e+02
2.47742629e+02
2.46796997e+02
2.45445342e+02
2.44931364e+02
2.43849120e+02
2.43122482e+02
2.42660299e+02
2.41464020e+02
2.41127243e+02
2.40166675e+02
2.40119712e+02
2.39446375e+02
2.38931112e+02
2.38106376e+02
2.37884043e+02
2.37627079e+02
2.37471718e+02
2.36947135e+02
2.36852533e+02
2.36574546e+02
2.35821346e+02
2.35701156e+02
2.71771354e+02
2.71694651e+02
2.70921014e+02
2.69247465e+02
2.68359771e+02
2.67338042e+02
2.66196338e+02
2.64839531e+02
2.63933231e+02
2.62748532e+02
2.61885848e+02
2.60823362e+02
2.60226821e+02
2.59646497e+02
2.58938593e+02
2.58107803e+02
2.57527002e+02
2.56724890e+02
2.56225123e+02
2.56017550e+02
2.55292821e+02
2.54984542e+02
2.55018059e+02
2.54428066e+02
2.54258761e+02
2.53956615e+02
2.53519151e+02
2.53695417e+02
2.53107795e+02
2.53139822e+02
2.52693088e+02
2.52843430e+02
2.52793716e+02
2.52406986e+02
2.52539486e+02
2.51852546e+02
2.52093846e+02
2.71395244e+02
2.71128902e+02
2.70212576e+02
2.69213411e+02
2.67908321e+02
2.67421763e+02
2.66286157e+02
2.66010305e+02
2.65700126e+02
2.64931236e+02
2.64529106e+02
2.63936552e+02
2.63568046e+02
2.63508861e+02
2.63224517e+02
2.63099652e+02
2.62577920e+02
2.62390784e+02
2.61738754e+02
2.61792404e+02
2.61301735e+02
2.61445227e+02
2.61758139e+02
2.61004538e+02
2.61232183e+02
2.61052866e+02
2.60412089e+02
2.61237449e+02
2.60453033e+02
2.60571437e+02
2.60466907e+02
2.60519114e+02
2.60422462e+02
2.60354325e+02
2.60040187e+02
2.60064242e+02
2.60032528e+02
2.70865759e+02
2.70713082e+02
2.70946396e+02
2.70551586e+02
2.70619811e+02
2.70250845e+02
2.70721610e+02
2.70230874e+02
2.70560457e+02
2.70588384e+02
2.70150488e+02
2.69690965e+02
2.69911154e+02
2.69992807e+02
2.70468231e+02
2.70128491e+02
2.70445162e+02
2.70278742e+02
2.70080356e+02
2.70234173e+02
2.70307047e+02
2.70184401e+02
2.70253251e+02
2.70106680e+02
2.69816827e+02
2.70126934e+02
2.69903442e+02
2.69886812e+02
2.70377788e+02
2.69732681e+02
2.70339071e+02
2.70107341e+02
2.70169641e+02
2.69890967e+02
2.70036719e+02
2.70247782e+02
2.70032546e+02
