2.70000000e+02
5.00000000e+01
5.00000000e+01
5.00000000e+01
5.00000000e+01
5.00000000e+01
5.00000000e+01
5.00000000e+01
5.00000000e+01
5.00000000e+01
5.00000000e+01
5.00000000e+01
5.00000000e+01
5.00000000e+01
5.00000000e+01
5.00000000e+01
5.00000000e+01
5.00000000e+01
5.00000000e+01
5.00000000e+01
5.00000000e+01
5.00000000e+01
5.00000000e+01
5.00000000e+01
5.00000000e+01
5.00000000e+01
5.00000000e+01
5.00000000e+01
5.00000000e+01
5.00000000e+01
5.00000000e+01
5.00000000e+01
5.00000000e+01
5.00000000e+01
5.00000000e+01
5.00000000e+01
5.00000000e+01
2.70000000e+02
1.50000000e+02
1.43668851e+02
1.39831537e+02
1.36887036e+02
1.34367034e+02
1.32179955e+02
1.30354962e+02
1.28846298e+02
1.27592346e+02
1.26542785e+02
1.25658482e+02
1.24909042e+02
1.24270626e+02
1.23724323e+02
1.23254955e+02
1.22850220e+02
1.22500052e+02
1.22196159e+02
1.21931659e+02
1.21700808e+02
1.21498790e+02
1.21321550e+02
1.21165657e+02
1.21028201e+02
1.20906706e+02
1.20799059e+02
1.20703453e+02
1.20618338e+02
1.20542382e+02
1.20474439e+02
1.20413521e+02
1.20358772e+02
1.20309453e+02
1.20265619e+02
1.20226475e+02
1.20190852e+02
2.70000000e+02
2.50000000e+02
2.44465567e+02
2.38928292e+02
2.33351161e+02
2.28071231e+02
2.23394961e+02
2.19357364e+02
2.15904640e+02
2.12963305e+02
2.10460105e+02
2.08328738e+02
2.06511676e+02
2.04960001e+02
2.03632507e+02
2.02494627e+02
2.01517392e+02
2.00676513e+02
1.99951598e+02
1.99325493e+02
1.98783739e+02
1.98314122e+02
1.97906303e+02
1.97551510e+02
1.97242292e+02
1.96972302e+02
1.96736129e+02
1.96529148e+02
1.96347406e+02
1.96187514e+02
1.96046566e+02
1.95922065e+02
1.95811866e+02
1.95714119e+02
1.95628450e+02
1.95553086e+02
1.95485583e+02
2.68741229e+02
2.68659174e+02
2.68419190e+02
2.68045565e+02
2.67568705e+02
2.67031373e+02
2.66475970e+02
2.65935488e+02
2.65430464e+02
2.64970972e+02
2.64560074e+02
2.64196721e+02
2.63877723e+02
2.63598949e+02
2.63356022e+02
2.63144688e+02
2.62960999e+02
2.62801389e+02
2.62662688e+02
2.62542110e+02
2.62437224e+02
2.62345913e+02
2.62266347e+02
2.62196940e+02
2.62136323e+02
2.62083314e+02
2.62036894e+02
2.61996185e+02
2.61960427e+02
2.61928967e+02
2.61901241e+02
2.61876761e+02
2.61855107e+02
2.61835916e+02
2.61818984e+02
2.61804109e+02
2.61790877e+02
2.68336109e+02
2.68317019e+02
2.68226127e+02
2.68050853e+02
2.67800914e+02
2.67497998e+02
2.67168395e+02
2.66835636e+02
2.66516591e+02
2.66221137e+02
2.65953744e+02
2.65715367e+02
2.65504935e+02
2.65320349e+02
2.65159092e+02
2.65018568e+02
2.64896289e+02
2.64789964e+02
2.64697531e+02
2.64617162e+02
2.64547252e+02
2.64486401e+02
2.64433389e+02
2.64387163e+02
2.64346809e+02
2.64311539e+02
2.64280671e+02
2.64253617e+02
2.64229871e+02
2.64208994e+02
2.64190610e+02
2.64174393e+02
2.64160060e+02
2.64147368e+02
2.64136230e+02
2.64126397e+02
2.64117650e+02
2.72735612e+02
2.72311254e+02
2.70711322e+02
2.68386409e+02
2.65777853e+02
2.63108323e+02
2.60492747e+02
2.57990388e+02
2.55630302e+02
2.53424533e+02
2.51375083e+02
2.49478118e+02
2.47726538e+02
2.46111562e+02
2.44623695e+02
2.43253327e+02
2.41991083e+02
2.40828030e+02
2.39755792e+02
2.38766594e+02
2.37853277e+02
2.37009280e+02
2.36228617e+02
2.35505836e+02
2.34835985e+02
2.34214569e+02
2.33637509e+02
2.33101109e+02
2.32602013e+02
2.32137181e+02
2.31703849e+02
2.31299511e+02
2.30921888e+02
2.30568906e+02
2.30245461e+02
2.29948378e+02
2.29668399e+02
2.72626519e+02
2.72185931e+02
2.70583795e+02
2.68331057e+02
2.65867890e+02
2.63392539e+02
2.60996419e+02
2.58722260e+02
2.56588953e+02
2.54602701e+02
2.52762316e+02
2.51062354e+02
2.49495068e+02
2.48051619e+02
2.46722822e+02
2.45499595e+02
2.44373221e+02
2.43335493e+02
2.42378781e+02
2.41496052e+02
2.40680861e+02
2.39927330e+02
2.39230112e+02
2.38584348e+02
2.37985635e+02
2.37429981e+02
2.36913767e+02
2.36433717e+02
2.35986857e+02
2.35570493e+02
2.35182180e+02
2.34819697e+02
2.34481023e+02
2.34164323e+02
2.33874147e+02
2.33607625e+02
2.33356028e+02
2.71968156e+02
2.71699847e+02
2.70701309e+02
2.69358434e+02
2.67939142e+02
2.66542301e+02
2.65208319e+02
2.63954530e+02
2.62787523e+02
2.61708098e+02
2.60713620e+02
2.59799535e+02
2.58960359e+02
2.58190289e+02
2.57483563e+02
2.56834670e+02
2.56238451e+02
2.55690147e+02
2.55185406e+02
2.54720271e+02
2.54291159e+02
2.53894833e+02
2.53528372e+02
2.53189141e+02
2.52874767e+02
2.52583106e+02
2.52312225e+02
2.52060378e+02
2.51825987e+02
2.51607626e+02
2.51404000e+02
2.51213938e+02
2.51036375e+02
2.50870344e+02
2.50717511e+02
2.50576537e+02
2.50444132e+02
2.71511377e+02
2.71313052e+02
2.70505547e+02
2.69453395e+02
2.68446420e+02
2.67548424e+02
2.66752979e+02
2.66043368e+02
2.65405760e+02
2.64830055e+02
2.64308506e+02
2.63834802e+02
2.63403611e+02
2.63010341e+02
2.62650994e+02
2.62322064e+02
2.62020470e+02
2.61743493e+02
2.61488726e+02
2.61254038e+02
2.61037535e+02
2.60837530e+02
2.60652522e+02
2.60481165e+02
2.60322257e+02
2.60174720e+02
2.60037583e+02
2.59909975e+02
2.59791108e+02
2.59680271e+02
2.59576823e+02
2.59480180e+02
2.59389814e+02
2.59305245e+02
2.59227329e+02
2.59155433e+02
2.59087716e+02
2.70923172e+02
2.70838493e+02
2.70670835e+02
2.70524691e+02
2.70407782e+02
2.70312047e+02
2.70231399e+02
2.70162009e+02
2.70101549e+02
2.70048451e+02
2.70001545e+02
2.69959914e+02
2.69922816e+02
2.69889641e+02
2.69859877e+02
2.69833094e+02
2.69808926e+02
2.69787060e+02
2.69767228e+02
2.69749199e+02
2.69732773e+02
2.69717774e+02
2.69704052e+02
2.69691474e+02
2.69679922e+02
2.69669295e+02
2.69659502e+02
2.69650463e+02
2.69642108e+02
2.69634372e+02
2.69627201e+02
2.69620544e+02
2.69614357e+02
2.69608598e+02
2.69603316e+02
2.69598463e+02
2.69593919e+02
