2.70149075e+02
4.98777898e+01
5.03191791e+01
5.01657434e+01
5.00375862e+01
4.98987234e+01
5.05184290e+01
4.99096765e+01
4.98915071e+01
4.98991310e+01
4.99216727e+01
5.00026772e+01
5.00858157e+01
5.00444058e+01
4.99312841e+01
4.97452375e+01
5.01977650e+01
4.99684773e+01
5.04192738e+01
4.96780200e+01
5.01001379e+01
4.96854427e+01
4.96217250e+01
4.99909819e+01
4.97257001e+01
5.00971395e+01
5.01238159e+01
5.01327256e+01
5.02089202e+01
5.01957110e+01
5.05267734e+01
4.98171238e+01
5.01811539e+01
5.01594548e+01
4.98877104e+01
4.99790501e+01
5.00088604e+01
2.70071722e+02
1.50066216e+02
1.44175875e+02
1.40084174e+02
1.37138310e+02
1.34787301e+02
1.32611091e+02
1.30400403e+02
1.29197578e+02
1.28121029e+02
1.26951122e+02
1.26134850e+02
1.24909910e+02
1.24316417e+02
1.24269212e+02
1.23388927e+02
1.23087421e+02
1.22742617e+02
1.22162967e+02
1.22299160e+02
1.22029889e+02
1.21606436e+02
1.21280252e+02
1.21587229e+02
1.21197741e+02
1.21416303e+02
1.20764806e+02
1.20813140e+02
1.20573493e+02
1.20587658e+02
1.20662231e+02
1.20629444e+02
1.20237531e+02
1.20308705e+02
1.20315485e+02
1.20405348e+02
1.20038977e+02
2.69836480e+02
2.50395127e+02
2.44623623e+02
2.38647826e+02
2.33916303e+02
2.28189758e+02
2.23329923e+02
2.19624238e+02
2.16001632e+02
2.12858178e+02
2.10616162e+02
2.08003149e+02
2.06628377e+02
2.04730851e+02
2.03554984e+02
2.02312211e+02
2.01342893e+02
2.00682801e+02
2.00007264e+02
1.99207246e+02
1.98468586e+02
1.98270481e+02
1.97404269e+02
1.97211698e+02
1.97296350e+02
1.96754333e+02
1.96525539e+02
1.95987391e+02
1.96083414e+02
1.96080307e+02
1.95956315e+02
1.95803986e+02
1.95536110e+02
1.95481243e+02
1.95272893e+02
1.95516863e+02
1.95138605e+02
2.69065282e+02
2.68578858e+02
2.68611676e+02
2.68241182e+02
2.67794818e+02
2.66975966e+02
2.66535428e+02
2.65522010e+02
2.65289287e+02
2.64786949e+02
2.64302992e+02
2.64277500e+02
2.63454028e+02
2.63526582e+02
2.62975903e+02
2.62659410e+02
2.62573221e+02
2.62636656e+02
2.62355275e+02
2.62115324e+02
2.62175308e+02
2.62233878e+02
2.62153164e+02
2.61845450e+02
2.61398692e+02
2.62158440e+02
2.61500153e+02
2.61945277e+02
2.61556115e+02
2.61449257e+02
2.61626283e+02
2.61163449e+02
2.61311615e+02
2.61360618e+02
2.61120499e+02
2.61205218e+02
2.61112018e+02
2.68543558e+02
2.68396820e+02
2.68267593e+02
2.68016798e+02
2.67757520e+02
2.67272987e+02
2.67154745e+02
2.66667559e+02
2.66311447e+02
2.66209239e+02
2.66006101e+02
2.65524394e+02
2.65270974e+02
2.65284778e+02
2.65373023e+02
2.64659503e+02
2.64484214e+02
2.64797974e+02
2.64546778e+02
2.64270702e+02
2.64193988e+02
2.64464867e+02
2.64191031e+02
2.64098677e+02
2.64043759e+02
2.63997027e+02
2.64326247e+02
2.63895052e+02
2.63626249e+02
2.63620196e+02
2.63865778e+02
2.63698123e+02
2.63899616e+02
2.63588730e+02
2.63877007e+02
2.64148706e+02
2.64144563e+02
2.78303864e+02
2.77637456e+02
2.75997916e+02
2.72596092e+02
2.70040663e+02
2.67021642e+02
2.64356728e+02
2.61296653e+02
2.58860704e+02
2.56185386e+02
2.53971174e+02
2.51774373e+02
2.49861634e+02
2.48150054e+02
2.46605851e+02
2.45401419e+02
2.43387655e+02
2.42537223e+02
2.41001471e+02
2.40388590e+02
2.39120796e+02
2.37884273e+02
2.37114438e+02
2.36228708e+02
2.35556833e+02
2.34974168e+02
2.34074293e+02
2.33267429e+02
2.33021199e+02
2.32391560e+02
2.31734479e+02
2.31282495e+02
2.30924922e+02
2.30753567e+02
2.30268285e+02
2.29698530e+02
2.29415803e+02
2.77881872e+02
2.76899422e+02
2.75307653e+02
2.73217169e+02
2.70403499e+02
2.67439124e+02
2.64842977e+02
2.62402243e+02
2.60032651e+02
2.57969819e+02
2.56013871e+02
2.54181729e+02
2.52307908e+02
2.51028835e+02
2.49084605e+02
2.47517252e+02
2.46548785e+02
2.45487787e+02
2.44561564e+02
2.43397315e+02
2.42428982e+02
2.41377792e+02
2.40692511e+02
2.39922023e+02
2.39304669e+02
2.38645687e+02
2.37687471e+02
2.37795637e+02
2.36772148e+02
2.36196260e+02
2.35803373e+02
2.35454164e+02
2.34872175e+02
2.34642318e+02
2.34202159e+02
2.33822630e+02
2.33783762e+02
2.74429067e+02
2.74395425e+02
2.73142707e+02
2.71628804e+02
2.70060702e+02
2.68653526e+02
2.67050539e+02
2.65903840e+02
2.64437306e+02
2.62873858e+02
2.62505651e+02
2.61198344e+02
2.60229426e+02
2.59480944e+02
2.58840677e+02
2.57709424e+02
2.57627517e+02
2.56841657e+02
2.56226141e+02
2.55909472e+02
2.55709057e+02
2.54678121e+02
2.54537876e+02
2.54215931e+02
2.53382915e+02
2.53400952e+02
2.52910110e+02
2.52621438e+02
2.52517973e+02
2.51888484e+02
2.51540837e+02
2.51572399e+02
2.51610125e+02
2.51043024e+02
2.51027382e+02
2.50767720e+02
2.50678710e+02
2.73021263e+02
2.72833049e+02
2.71961078e+02
2.70532129e+02
2.69337431e+02
2.68538118e+02
2.67657005e+02
2.66850022e+02
2.66401480e+02
2.65676364e+02
2.64643165e+02
2.64321196e+02
2.63835605e+02
2.63622513e+02
2.63056464e+02
2.62945948e+02
2.62272140e+02
2.61651835e+02
2.61567861e+02
2.61222888e+02
2.61302412e+02
2.60853236e+02
2.60540061e+02
2.60435886e+02
2.60487267e+02
2.60293087e+02
2.60053168e+02
2.59966748e+02
2.59506556e+02
2.59491592e+02
2.59544328e+02
2.59634669e+02
2.59317716e+02
2.58796095e+02
2.59239996e+02
2.59043564e+02
2.58592973e+02
2.71170296e+02
2.70948072e+02
2.70603629e+02
2.70576048e+02
2.70334285e+02
2.70684133e+02
2.70458447e+02
2.70279649e+02
2.70041979e+02
2.70096530e+02
2.69623342e+02
2.70204785e+02
2.70144201e+02
2.70147252e+02
2.70051412e+02
2.69856244e+02
2.69717837e+02
2.69869074e+02
2.69414726e+02
2.69799461e+02
2.69709333e+02
2.69989401e+02
2.69737710e+02
2.69524570e+02
2.69646624e+02
2.69767421e+02
2.69582755e+02
2.69421507e+02
2.69786851e+02
2.69422257e+02
2.69447809e+02
2.69695509e+02
2.69620285e+02
2.69546218e+02
2.70148401e+02
2.69236775e+02
2.69408832e+02
