-2.2000e+02
0.0000e+00
0.0000e+00
0.0000e+00
0.0000e+00
0.0000e+00
0.0000e+00
0.0000e+00
0.0000e+00
0.0000e+00
0.0000e+00
0.0000e+00
0.0000e+00
0.0000e+00
0.0000e+00
0.0000e+00
0.0000e+00
0.0000e+00
0.0000e+00
0.0000e+00
0.0000e+00
0.0000e+00
0.0000e+00
0.0000e+00
0.0000e+00
0.0000e+00
0.0000e+00
0.0000e+00
0.0000e+00
0.0000e+00
0.0000e+00
0.0000e+00
0.0000e+00
0.0000e+00
0.0000e+00
0.0000e+00
-1.2000e+02
-6.4782e+00
-3.8722e+00
-2.9690e+00
-2.5563e+00
-2.2096e+00
-1.8236e+00
-1.5004e+00
-1.2421e+00
-1.0356e+00
-8.6909e-01
-7.3357e-01
-6.2232e-01
-5.3032e-01
-4.5372e-01
-3.8959e-01
-3.3563e-01
-2.9004e-01
-2.5135e-01
-2.1842e-01
-1.9030e-01
-1.6622e-01
-1.4554e-01
-1.2775e-01
-1.1239e-01
-9.9118e-02
-8.7615e-02
-7.7629e-02
-6.8941e-02
-5.9308e-02
-5.3209e-02
-4.7777e-02
-4.2979e-02
-3.8744e-02
-3.5001e-02
-3.1690e-02
-2.0000e+01
-5.5559e+00
-5.5228e+00
-5.5593e+00
-5.2417e+00
-4.6193e+00
-3.9686e+00
-3.3759e+00
-2.8608e+00
-2.4224e+00
-2.0525e+00
-1.7418e+00
-1.4808e+00
-1.2615e+00
-1.0769e+00
-9.2122e-01
-7.8964e-01
-6.7820e-01
-5.8360e-01
-5.0315e-01
-4.3458e-01
-3.7604e-01
-3.2598e-01
-2.8308e-01
-2.4627e-01
-2.1463e-01
-1.8740e-01
-1.6393e-01
-1.4366e-01
-1.2222e-01
-1.0800e-01
-9.5592e-02
-8.4771e-02
-7.5318e-02
-6.7052e-02
-5.9810e-02
-9.8519e-02
-2.5509e-01
-3.7781e-01
-4.6906e-01
-5.1808e-01
-5.2668e-01
-5.0528e-01
-4.6647e-01
-4.2013e-01
-3.7248e-01
-3.2697e-01
-2.8523e-01
-2.4788e-01
-2.1492e-01
-1.8612e-01
-1.6109e-01
-1.3942e-01
-1.2070e-01
-1.0454e-01
-9.0616e-02
-7.8611e-02
-6.8263e-02
-5.9339e-02
-5.1643e-02
-4.5000e-02
-3.9265e-02
-3.4309e-02
-3.0023e-02
-2.6312e-02
-2.2666e-02
-1.9827e-02
-1.7481e-02
-1.5469e-02
-1.3723e-02
-1.2199e-02
-1.0867e-02
-2.9911e-02
-1.1657e-01
-2.0364e-01
-2.7534e-01
-3.2165e-01
-3.4009e-01
-3.3546e-01
-3.1567e-01
-2.8800e-01
-2.5757e-01
-2.2742e-01
-1.9919e-01
-1.7357e-01
-1.5078e-01
-1.3074e-01
-1.1326e-01
-9.8082e-02
-8.4943e-02
-7.3590e-02
-6.3792e-02
-5.5339e-02
-4.8048e-02
-4.1760e-02
-3.6335e-02
-3.1652e-02
-2.7608e-02
-2.4114e-02
-2.1092e-02
-1.8476e-02
-1.5859e-02
-1.3943e-02
-1.2271e-02
-1.0844e-02
-9.6100e-03
-8.5370e-03
-7.5990e-03
-9.1301e-01
-2.5207e+00
-2.9420e+00
-2.9066e+00
-2.7484e+00
-2.5570e+00
-2.3613e+00
-2.1707e+00
-1.9898e+00
-1.8209e+00
-1.6649e+00
-1.5219e+00
-1.3913e+00
-1.2724e+00
-1.1644e+00
-1.0665e+00
-9.7771e-01
-8.9722e-01
-8.2426e-01
-7.5809e-01
-6.9806e-01
-6.4355e-01
-5.9402e-01
-5.4897e-01
-5.0796e-01
-4.7059e-01
-4.3650e-01
-4.0537e-01
-3.7691e-01
-3.3771e-01
-3.1606e-01
-2.9589e-01
-2.7715e-01
-2.5982e-01
-2.4381e-01
-2.2900e-01
-1.1933e-01
-7.4046e-01
-1.4118e+00
-1.8301e+00
-2.0312e+00
-2.0893e+00
-2.0601e+00
-1.9797e+00
-1.8713e+00
-1.7493e+00
-1.6232e+00
-1.4986e+00
-1.3789e+00
-1.2661e+00
-1.1610e+00
-1.0639e+00
-9.7480e-01
-8.9332e-01
-8.1902e-01
-7.5139e-01
-6.8991e-01
-6.3404e-01
-5.8328e-01
-5.3717e-01
-4.9525e-01
-4.5713e-01
-4.2244e-01
-3.9084e-01
-3.6204e-01
-3.2473e-01
-3.0185e-01
-2.8119e-01
-2.6234e-01
-2.4505e-01
-2.2915e-01
-2.1451e-01
-2.1774e-01
-8.7244e-01
-1.1651e+00
-1.2160e+00
-1.1939e+00
-1.1469e+00
-1.0880e+00
-1.0219e+00
-9.5233e-01
-8.8201e-01
-8.1316e-01
-7.4721e-01
-6.8507e-01
-6.2718e-01
-5.7371e-01
-5.2461e-01
-4.7972e-01
-4.3881e-01
-4.0158e-01
-3.6777e-01
-3.3708e-01
-3.0923e-01
-2.8397e-01
-2.6104e-01
-2.4022e-01
-2.2132e-01
-2.0413e-01
-1.8850e-01
-1.7427e-01
-1.5507e-01
-1.4435e-01
-1.3451e-01
-1.2535e-01
-1.1690e-01
-1.0912e-01
-1.0195e-01
-1.7674e-01
-7.7278e-01
-1.0059e+00
-9.4763e-01
-8.2915e-01
-7.2265e-01
-6.3715e-01
-5.6775e-01
-5.0945e-01
-4.5914e-01
-4.1498e-01
-3.7584e-01
-3.4094e-01
-3.0970e-01
-2.8167e-01
-2.5649e-01
-2.3383e-01
-2.1342e-01
-1.9502e-01
-1.7842e-01
-1.6343e-01
-1.4987e-01
-1.3760e-01
-1.2649e-01
-1.1642e-01
-1.0728e-01
-9.8971e-02
-9.1420e-02
-8.4546e-02
-7.4884e-02
-6.9780e-02
-6.5223e-02
-6.0898e-02
-5.6851e-02
-5.3099e-02
-4.9632e-02
-8.0818e-02
-1.6285e-01
-1.4501e-01
-1.1683e-01
-9.5590e-02
-8.0274e-02
-6.8809e-02
-5.9733e-02
-5.2283e-02
-4.6033e-02
-4.0712e-02
-3.6138e-02
-3.2178e-02
-2.8732e-02
-2.5721e-02
-2.3079e-02
-2.0755e-02
-1.8705e-02
-1.6892e-02
-1.5286e-02
-1.3858e-02
-1.2587e-02
-1.1453e-02
-1.0441e-02
-9.5340e-03
-8.7210e-03
-7.9900e-03
-7.3330e-03
-6.7410e-03
-6.0010e-03
-5.5260e-03
-5.1250e-03
-4.7570e-03
-4.4190e-03
-4.1090e-03
-3.8260e-03
