2.70000000e+02
5.00000000e+01
5.00000000e+01
5.00000000e+01
5.00000000e+01
5.00000000e+01
5.00000000e+01
5.00000000e+01
5.00000000e+01
5.00000000e+01
5.00000000e+01
5.00000000e+01
5.00000000e+01
5.00000000e+01
5.00000000e+01
5.00000000e+01
5.00000000e+01
5.00000000e+01
5.00000000e+01
5.00000000e+01
5.00000000e+01
5.00000000e+01
5.00000000e+01
5.00000000e+01
5.00000000e+01
5.00000000e+01
5.00000000e+01
5.00000000e+01
5.00000000e+01
5.00000000e+01
5.00000000e+01
5.00000000e+01
5.00000000e+01
5.00000000e+01
5.00000000e+01
5.00000000e+01
5.00000000e+01
2.70000000e+02
1.50000000e+02
1.44034361e+02
1.40252490e+02
1.37319494e+02
1.34801563e+02
1.32712156e+02
1.30904729e+02
1.29393972e+02
1.28134797e+02
1.27080209e+02
1.26192049e+02
1.25440156e+02
1.24800639e+02
1.24254411e+02
1.23786086e+02
1.23383147e+02
1.23035336e+02
1.22734187e+02
1.22472673e+02
1.22244932e+02
1.22046053e+02
1.21871903e+02
1.21718996e+02
1.21584379e+02
1.21465548e+02
1.21360368e+02
1.21267022e+02
1.21183954e+02
1.21109832e+02
1.21044675e+02
1.20987039e+02
1.20934878e+02
1.20887641e+02
1.20844780e+02
1.20805800e+02
1.20770266e+02
2.70000000e+02
2.50000000e+02
2.44446405e+02
2.38886639e+02
2.33296608e+02
2.28006164e+02
2.23324172e+02
2.19293002e+02
2.15854736e+02
2.12931808e+02
2.10449329e+02
2.08340186e+02
2.06546286e+02
2.05018245e+02
2.03714466e+02
2.02600055e+02
2.01645771e+02
2.00827113e+02
2.00123519e+02
1.99517712e+02
1.98995145e+02
1.98543550e+02
1.98152562e+02
1.97813405e+02
1.97518641e+02
1.97261953e+02
1.97037970e+02
1.96842119e+02
1.96670498e+02
1.96519779e+02
1.96389028e+02
1.96275157e+02
1.96174108e+02
1.96084220e+02
1.96004063e+02
1.95932409e+02
1.95868197e+02
2.68694944e+02
2.68613393e+02
2.68377886e+02
2.68013004e+02
2.67550186e+02
2.67033857e+02
2.66506338e+02
2.65998923e+02
2.65529950e+02
2.65107447e+02
2.64732883e+02
2.64404158e+02
2.64117482e+02
2.63868455e+02
2.63652642e+02
2.63465859e+02
2.63304298e+02
2.63164567e+02
2.63043686e+02
2.62939055e+02
2.62848420e+02
2.62769835e+02
2.62701623e+02
2.62642341e+02
2.62590750e+02
2.62545784e+02
2.62506530e+02
2.62472203e+02
2.62442131e+02
2.62415734e+02
2.62392678e+02
2.62372632e+02
2.62354961e+02
2.62339292e+02
2.62325350e+02
2.62312913e+02
2.62301788e+02
2.68305814e+02
2.68286865e+02
2.68197878e+02
2.68027276e+02
2.67785234e+02
2.67494337e+02
2.67181232e+02
2.66868764e+02
2.66572525e+02
2.66301034e+02
2.66057608e+02
2.65842370e+02
2.65653732e+02
2.65489325e+02
2.65346532e+02
2.65222767e+02
2.65115614e+02
2.65022889e+02
2.64942650e+02
2.64873192e+02
2.64813032e+02
2.64760884e+02
2.64715635e+02
2.64676328e+02
2.64642139e+02
2.64612359e+02
2.64586381e+02
2.64563681e+02
2.64543811e+02
2.64526386e+02
2.64511246e+02
2.64498014e+02
2.64486354e+02
2.64476038e+02
2.64466878e+02
2.64458717e+02
2.64451428e+02
2.71776719e+02
2.70832398e+02
2.68376368e+02
2.65523847e+02
2.62680661e+02
2.59961310e+02
2.57404254e+02
2.55020499e+02
2.52808832e+02
2.50763468e+02
2.48876046e+02
2.47136735e+02
2.45535077e+02
2.44060543e+02
2.42702878e+02
2.41452314e+02
2.40299682e+02
2.39236468e+02
2.38254826e+02
2.37347570e+02
2.36508141e+02
2.35730575e+02
2.35009458e+02
2.34339882e+02
2.33717404e+02
2.33138005e+02
2.32598045e+02
2.32094231e+02
2.31623584e+02
2.31183404e+02
2.30775924e+02
2.30399228e+02
2.30045686e+02
2.29713245e+02
2.29400237e+02
2.29105191e+02
2.28826788e+02
2.71673015e+02
2.71548495e+02
2.70813592e+02
2.69412526e+02
2.67579768e+02
2.65526276e+02
2.63396893e+02
2.61283608e+02
2.59241461e+02
2.57301327e+02
2.55478747e+02
2.53779519e+02
2.52203333e+02
2.50746168e+02
2.49401872e+02
2.48163196e+02
2.47022460e+02
2.45971971e+02
2.45004284e+02
2.44112348e+02
2.43289581e+02
2.42529906e+02
2.41827746e+02
2.41178015e+02
2.40576088e+02
2.40017771e+02
2.39499263e+02
2.39017129e+02
2.38568260e+02
2.38149847e+02
2.37764957e+02
2.37409829e+02
2.37076939e+02
2.36764684e+02
2.36471478e+02
2.36195862e+02
2.35936506e+02
2.71451047e+02
2.71169322e+02
2.70184618e+02
2.68897690e+02
2.67563931e+02
2.66257771e+02
2.65004528e+02
2.63816914e+02
2.62701758e+02
2.61662314e+02
2.60698978e+02
2.59809876e+02
2.58991599e+02
2.58239828e+02
2.57549811e+02
2.56916682e+02
2.56335670e+02
2.55802228e+02
2.55312097e+02
2.54861344e+02
2.54446367e+02
2.54063885e+02
2.53710926e+02
2.53384801e+02
2.53083086e+02
2.52803596e+02
2.52544362e+02
2.52303609e+02
2.52079740e+02
2.51871312e+02
2.51679937e+02
2.51503873e+02
2.51338971e+02
2.51184373e+02
2.51039307e+02
2.50903062e+02
2.50774985e+02
2.71229704e+02
2.71022026e+02
2.70197206e+02
2.69112958e+02
2.68072878e+02
2.67149443e+02
2.66337220e+02
2.65617989e+02
2.64975566e+02
2.64398035e+02
2.63876682e+02
2.63404701e+02
2.62976466e+02
2.62587175e+02
2.62232655e+02
2.61909244e+02
2.61613714e+02
2.61343212e+02
2.61095210e+02
2.60867469e+02
2.60657998e+02
2.60465031e+02
2.60286997e+02
2.60122495e+02
2.59970277e+02
2.59829226e+02
2.59698346e+02
2.59576741e+02
2.59463609e+02
2.59358228e+02
2.59261442e+02
2.59172394e+02
2.59088962e+02
2.59010714e+02
2.58937258e+02
2.58868236e+02
2.58803323e+02
2.70900705e+02
2.70809162e+02
2.70629190e+02
2.70472244e+02
2.70347340e+02
2.70245886e+02
2.70161207e+02
2.70089003e+02
2.70026483e+02
2.69971844e+02
2.69923793e+02
2.69881326e+02
2.69843641e+02
2.69810078e+02
2.69780086e+02
2.69753203e+02
2.69729038e+02
2.69707255e+02
2.69687569e+02
2.69669732e+02
2.69653532e+02
2.69638783e+02
2.69625326e+02
2.69613020e+02
2.69601744e+02
2.69591390e+02
2.69581865e+02
2.69573085e+02
2.69564978e+02
2.69557479e+02
2.69550638e+02
2.69544376e+02
2.69538541e+02
2.69533096e+02
2.69528009e+02
2.69523251e+02
2.69518796e+02
