-2.2000e+02
0.0000e+00
0.0000e+00
0.0000e+00
0.0000e+00
0.0000e+00
0.0000e+00
0.0000e+00
0.0000e+00
0.0000e+00
0.0000e+00
0.0000e+00
0.0000e+00
0.0000e+00
0.0000e+00
0.0000e+00
0.0000e+00
0.0000e+00
0.0000e+00
0.0000e+00
0.0000e+00
0.0000e+00
0.0000e+00
0.0000e+00
0.0000e+00
0.0000e+00
0.0000e+00
0.0000e+00
0.0000e+00
0.0000e+00
0.0000e+00
0.0000e+00
0.0000e+00
0.0000e+00
0.0000e+00
0.0000e+00
-1.2000e+02
-6.1853e+00
-3.8239e+00
-2.9591e+00
-2.5274e+00
-2.1556e+00
-1.8306e+00
-1.5179e+00
-1.2627e+00
-1.0569e+00
-8.9002e-01
-7.5355e-01
-6.4106e-01
-5.4769e-01
-4.6970e-01
-4.0422e-01
-3.4899e-01
-3.0222e-01
-2.6247e-01
-2.2859e-01
-1.9962e-01
-1.7479e-01
-1.5345e-01
-1.3507e-01
-1.1920e-01
-1.0547e-01
-9.3565e-02
-8.3222e-02
-7.4217e-02
-6.6360e-02
-5.7989e-02
-5.1930e-02
-4.6994e-02
-4.2593e-02
-3.8690e-02
-3.5225e-02
-2.0000e+01
-5.5817e+00
-5.5853e+00
-5.6258e+00
-5.3148e+00
-4.6957e+00
-4.0439e+00
-3.4517e+00
-2.9363e+00
-2.4959e+00
-2.1227e+00
-1.8074e+00
-1.5414e+00
-1.3168e+00
-1.1270e+00
-9.6619e-01
-8.2984e-01
-7.1398e-01
-6.1538e-01
-5.3133e-01
-4.5956e-01
-3.9819e-01
-3.4563e-01
-3.0056e-01
-2.6185e-01
-2.2857e-01
-1.9991e-01
-1.7520e-01
-1.5387e-01
-1.3542e-01
-1.1689e-01
-1.0288e-01
-9.1493e-02
-8.1544e-02
-7.2843e-02
-6.5219e-02
-8.1711e-02
-2.3548e-01
-3.6698e-01
-4.6852e-01
-5.2636e-01
-5.4142e-01
-5.2404e-01
-4.8712e-01
-4.4112e-01
-3.9286e-01
-3.4616e-01
-3.0294e-01
-2.6397e-01
-2.2940e-01
-1.9905e-01
-1.7256e-01
-1.4955e-01
-1.2962e-01
-1.1239e-01
-9.7511e-02
-8.4665e-02
-7.3583e-02
-6.4021e-02
-5.5770e-02
-4.8650e-02
-4.2501e-02
-3.7188e-02
-3.2596e-02
-2.8621e-02
-2.5180e-02
-2.1976e-02
-1.9210e-02
-1.6984e-02
-1.5095e-02
-1.3459e-02
-1.2030e-02
-1.9097e-02
-8.9181e-02
-1.7193e-01
-2.4555e-01
-2.9720e-01
-3.2212e-01
-3.2357e-01
-3.0860e-01
-2.8436e-01
-2.5621e-01
-2.2751e-01
-2.0015e-01
-1.7503e-01
-1.5247e-01
-1.3251e-01
-1.1500e-01
-9.9738e-02
-8.6483e-02
-7.4998e-02
-6.5067e-02
-5.6488e-02
-4.9080e-02
-4.2687e-02
-3.7168e-02
-3.2405e-02
-2.8292e-02
-2.4738e-02
-2.1666e-02
-1.9009e-02
-1.6708e-02
-1.4493e-02
-1.2761e-02
-1.1266e-02
-9.9890e-03
-8.8900e-03
-7.9360e-03
-3.1206e-01
-1.3795e+00
-2.0797e+00
-2.3751e+00
-2.4594e+00
-2.4289e+00
-2.3356e+00
-2.2100e+00
-2.0699e+00
-1.9259e+00
-1.7845e+00
-1.6491e+00
-1.5218e+00
-1.4034e+00
-1.2939e+00
-1.1933e+00
-1.1011e+00
-1.0167e+00
-9.3960e-01
-8.6916e-01
-8.0481e-01
-7.4600e-01
-6.9222e-01
-6.4301e-01
-5.9793e-01
-5.5660e-01
-5.1867e-01
-4.8382e-01
-4.5176e-01
-4.2223e-01
-3.8485e-01
-3.5734e-01
-3.3588e-01
-3.1594e-01
-2.9741e-01
-2.8017e-01
-3.9766e-01
-1.5560e+00
-2.1668e+00
-2.3486e+00
-2.3479e+00
-2.2640e+00
-2.1415e+00
-2.0032e+00
-1.8608e+00
-1.7210e+00
-1.5876e+00
-1.4624e+00
-1.3462e+00
-1.2392e+00
-1.1411e+00
-1.0514e+00
-9.6959e-01
-8.9498e-01
-8.2697e-01
-7.6496e-01
-7.0839e-01
-6.5675e-01
-6.0956e-01
-5.6640e-01
-5.2688e-01
-4.9065e-01
-4.5739e-01
-4.2683e-01
-3.9871e-01
-3.7282e-01
-3.3906e-01
-3.1536e-01
-2.9687e-01
-2.7949e-01
-2.6326e-01
-2.4811e-01
-3.6965e-01
-1.0806e+00
-1.4228e+00
-1.4909e+00
-1.4538e+00
-1.3753e+00
-1.2811e+00
-1.1829e+00
-1.0865e+00
-9.9470e-01
-9.0917e-01
-8.3050e-01
-7.5874e-01
-6.9363e-01
-6.3474e-01
-5.8154e-01
-5.3352e-01
-4.9017e-01
-4.5100e-01
-4.1558e-01
-3.8350e-01
-3.5442e-01
-3.2800e-01
-3.0398e-01
-2.8208e-01
-2.6211e-01
-2.4385e-01
-2.2713e-01
-2.1180e-01
-1.9772e-01
-1.7960e-01
-1.6704e-01
-1.5694e-01
-1.4750e-01
-1.3873e-01
-1.3058e-01
-2.6795e-01
-8.9556e-01
-1.1602e+00
-1.1192e+00
-1.0004e+00
-8.8321e-01
-7.8278e-01
-6.9813e-01
-6.2568e-01
-5.6275e-01
-5.0762e-01
-4.5907e-01
-4.1617e-01
-3.7815e-01
-3.4437e-01
-3.1428e-01
-2.8743e-01
-2.6341e-01
-2.4186e-01
-2.2249e-01
-2.0504e-01
-1.8929e-01
-1.7503e-01
-1.6210e-01
-1.5034e-01
-1.3964e-01
-1.2987e-01
-1.2094e-01
-1.1276e-01
-1.0526e-01
-9.5570e-02
-8.8728e-02
-8.3525e-02
-7.8575e-02
-7.3924e-02
-6.9585e-02
-1.0339e-01
-1.9980e-01
-1.7653e-01
-1.4213e-01
-1.1641e-01
-9.7678e-02
-8.3556e-02
-7.2374e-02
-6.3179e-02
-5.5470e-02
-4.8934e-02
-4.3348e-02
-3.8546e-02
-3.4397e-02
-3.0797e-02
-2.7661e-02
-2.4920e-02
-2.2516e-02
-2.0399e-02
-1.8531e-02
-1.6876e-02
-1.5406e-02
-1.4096e-02
-1.2927e-02
-1.1878e-02
-1.0937e-02
-1.0089e-02
-9.3240e-03
-8.6320e-03
-8.0030e-03
-7.2370e-03
-6.6870e-03
-6.2510e-03
-5.8450e-03
-5.4710e-03
-5.1260e-03
