2.69805860e+02
5.02326579e+01
4.99824809e+01
4.99294774e+01
4.94379838e+01
5.00416595e+01
4.98283764e+01
5.00383148e+01
5.03294435e+01
4.98797977e+01
4.99371398e+01
5.00726908e+01
5.02059350e+01
5.00515307e+01
5.00650004e+01
4.99936272e+01
4.99573284e+01
5.02855524e+01
4.99770938e+01
4.98537874e+01
4.95436301e+01
4.98027354e+01
5.01199186e+01
4.97963640e+01
5.01682331e+01
5.03349383e+01
4.96607177e+01
5.01185303e+01
5.04373966e+01
4.99172618e+01
5.01195236e+01
4.97674633e+01
5.00405296e+01
5.00367960e+01
5.02438209e+01
5.00562068e+01
5.00490713e+01
2.69944791e+02
1.49948052e+02
1.43311991e+02
1.39820334e+02
1.36312281e+02
1.33977881e+02
1.32099127e+02
1.30206357e+02
1.29093569e+02
1.27660400e+02
1.26459917e+02
1.25402237e+02
1.24689484e+02
1.23571232e+02
1.22781547e+02
1.22924199e+02
1.23318251e+02
1.22320359e+02
1.22032401e+02
1.21708337e+02
1.21739367e+02
1.21257540e+02
1.21530050e+02
1.21453254e+02
1.20996373e+02
1.21109874e+02
1.20545528e+02
1.20333889e+02
1.20860937e+02
1.20108518e+02
1.20616470e+02
1.20361686e+02
1.20303917e+02
1.20249037e+02
1.20313788e+02
1.20040052e+02
1.20027920e+02
2.69957273e+02
2.49982245e+02
2.44290273e+02
2.38877588e+02
2.33594918e+02
2.27760330e+02
2.23417583e+02
2.19548604e+02
2.16572330e+02
2.13468733e+02
2.11131788e+02
2.09095726e+02
2.07129785e+02
2.05442914e+02
2.04071867e+02
2.03395377e+02
2.02286446e+02
2.01802273e+02
2.00806937e+02
2.00380738e+02
1.99545128e+02
1.99483911e+02
1.99185850e+02
1.98817032e+02
1.98417634e+02
1.97988616e+02
1.98028205e+02
1.97628740e+02
1.97372156e+02
1.97501632e+02
1.97471227e+02
1.97327694e+02
1.97109880e+02
1.96949836e+02
1.97025947e+02
1.97173023e+02
1.97106151e+02
2.68876115e+02
2.68662249e+02
2.68668151e+02
2.67904274e+02
2.67330927e+02
2.67091934e+02
2.66642922e+02
2.65878236e+02
2.65438219e+02
2.64703777e+02
2.64199017e+02
2.64275970e+02
2.64034046e+02
2.63779380e+02
2.63571142e+02
2.63118232e+02
2.63248274e+02
2.62790833e+02
2.62839032e+02
2.63182295e+02
2.63047270e+02
2.62524275e+02
2.62522650e+02
2.62766448e+02
2.62552516e+02
2.62655791e+02
2.62346781e+02
2.62318301e+02
2.62463425e+02
2.62364437e+02
2.62627678e+02
2.62489052e+02
2.62180418e+02
2.62217905e+02
2.62151812e+02
2.62298612e+02
2.62115998e+02
2.68673548e+02
2.68314737e+02
2.68279241e+02
2.67433506e+02
2.67363252e+02
2.67481068e+02
2.67039922e+02
2.66789990e+02
2.65923666e+02
2.66152328e+02
2.65813108e+02
2.65547565e+02
2.65503634e+02
2.65125907e+02
2.64924373e+02
2.65179345e+02
2.64678262e+02
2.64492466e+02
2.64693969e+02
2.64684703e+02
2.64378356e+02
2.64415751e+02
2.64446532e+02
2.64304392e+02
2.64214606e+02
2.64496337e+02
2.64471094e+02
2.64602124e+02
2.64174367e+02
2.64496320e+02
2.64174725e+02
2.64317456e+02
2.64356783e+02
2.64048384e+02
2.64307387e+02
2.64435409e+02
2.64191981e+02
2.71488376e+02
2.70289189e+02
2.67640524e+02
2.65124625e+02
2.62047278e+02
2.59661891e+02
2.56605884e+02
2.54145564e+02
2.52246093e+02
2.49980385e+02
2.48745001e+02
2.46644509e+02
2.44624078e+02
2.44128238e+02
2.42861431e+02
2.41658689e+02
2.40348072e+02
2.39441583e+02
2.38170553e+02
2.37690894e+02
2.36957605e+02
2.35822561e+02
2.35544333e+02
2.35028307e+02
2.34312654e+02
2.33831430e+02
2.33275411e+02
2.33048984e+02
2.32298876e+02
2.31988205e+02
2.31911227e+02
2.31569804e+02
2.31265693e+02
2.30957888e+02
2.30658199e+02
2.30267528e+02
2.30398779e+02
2.71173598e+02
2.71080799e+02
2.70428890e+02
2.68981013e+02
2.67254600e+02
2.65191792e+02
2.63156746e+02
2.60805637e+02
2.58961933e+02
2.57181145e+02
2.55672088e+02
2.54252016e+02
2.52225193e+02
2.50755792e+02
2.49497168e+02
2.48428888e+02
2.47856327e+02
2.46287840e+02
2.45237665e+02
2.44957640e+02
2.44339256e+02
2.43427365e+02
2.42717659e+02
2.42328885e+02
2.41281834e+02
2.40872221e+02
2.40800553e+02
2.40373099e+02
2.39937742e+02
2.39353079e+02
2.39052675e+02
2.38942276e+02
2.38835931e+02
2.38314751e+02
2.38036077e+02
2.37592917e+02
2.37359634e+02
2.71080756e+02
2.71131646e+02
2.70218632e+02
2.69073841e+02
2.67767095e+02
2.66480144e+02
2.65455532e+02
2.64617739e+02
2.63165368e+02
2.62544613e+02
2.61495186e+02
2.61032940e+02
2.60082571e+02
2.59362290e+02
2.59055859e+02
2.57808346e+02
2.57630881e+02
2.57464974e+02
2.56924315e+02
2.56457653e+02
2.55906150e+02
2.55547504e+02
2.55432052e+02
2.54646091e+02
2.54637845e+02
2.54344123e+02
2.54241338e+02
2.54133359e+02
2.54050316e+02
2.53967173e+02
2.53873157e+02
2.53620410e+02
2.53200486e+02
2.53324330e+02
2.53259197e+02
2.52780792e+02
2.53183532e+02
2.70892238e+02
2.71154906e+02
2.70570038e+02
2.69409342e+02
2.67993838e+02
2.67222031e+02
2.66494522e+02
2.65998295e+02
2.65365488e+02
2.65055792e+02
2.64497664e+02
2.64131300e+02
2.63715653e+02
2.63093193e+02
2.63403686e+02
2.63072767e+02
2.62772963e+02
2.62195565e+02
2.62228958e+02
2.61909466e+02
2.61638863e+02
2.61798632e+02
2.61611652e+02
2.61430222e+02
2.61345868e+02
2.60866338e+02
2.61034610e+02
2.61163561e+02
2.60842666e+02
2.60603275e+02
2.60913046e+02
2.60443970e+02
2.60623458e+02
2.59953837e+02
2.60124953e+02
2.60387696e+02
2.60640271e+02
2.70946934e+02
2.70899757e+02
2.70776260e+02
2.70516757e+02
2.70460044e+02
2.70300380e+02
2.70196736e+02
2.70002768e+02
2.70075508e+02
2.70005742e+02
2.70031040e+02
2.69698968e+02
2.69609429e+02
2.69856100e+02
2.69263675e+02
2.70024410e+02
2.69588789e+02
2.69783096e+02
2.70234159e+02
2.69561034e+02
2.69976935e+02
2.69271566e+02
2.69841438e+02
2.69717444e+02
2.70149822e+02
2.69886914e+02
2.69282480e+02
2.69598071e+02
2.69366024e+02
2.69893733e+02
2.69706302e+02
2.69919724e+02
2.69534524e+02
2.69833103e+02
2.69234263e+02
2.69781400e+02
2.69671132e+02
