-2.2000e+02
0.0000e+00
0.0000e+00
0.0000e+00
0.0000e+00
0.0000e+00
0.0000e+00
0.0000e+00
0.0000e+00
0.0000e+00
0.0000e+00
0.0000e+00
0.0000e+00
0.0000e+00
0.0000e+00
0.0000e+00
0.0000e+00
0.0000e+00
0.0000e+00
0.0000e+00
0.0000e+00
0.0000e+00
0.0000e+00
0.0000e+00
0.0000e+00
0.0000e+00
0.0000e+00
0.0000e+00
0.0000e+00
0.0000e+00
0.0000e+00
0.0000e+00
0.0000e+00
0.0000e+00
0.0000e+00
0.0000e+00
-1.2000e+02
-6.5190e+00
-3.8764e+00
-2.9646e+00
-2.5649e+00
-2.2130e+00
-1.8222e+00
-1.4991e+00
-1.2416e+00
-1.0362e+00
-8.7067e-01
-7.3608e-01
-6.2563e-01
-5.3426e-01
-4.5815e-01
-3.9437e-01
-3.4064e-01
-2.9516e-01
-2.5651e-01
-2.2353e-01
-1.9531e-01
-1.7108e-01
-1.5021e-01
-1.3220e-01
-1.1662e-01
-1.0310e-01
-9.1343e-02
-8.1101e-02
-7.2162e-02
-6.4341e-02
-5.7487e-02
-5.1468e-02
-4.5755e-02
-4.0073e-02
-3.6251e-02
-3.2825e-02
-2.0000e+01
-5.5531e+00
-5.5030e+00
-5.5281e+00
-5.2110e+00
-4.5963e+00
-3.9545e+00
-3.3692e+00
-2.8600e+00
-2.4259e+00
-2.0593e+00
-1.7508e+00
-1.4913e+00
-1.2730e+00
-1.0890e+00
-9.3359e-01
-8.0205e-01
-6.9047e-01
-5.9561e-01
-5.1479e-01
-4.4579e-01
-3.8677e-01
-3.3618e-01
-2.9274e-01
-2.5538e-01
-2.2319e-01
-1.9541e-01
-1.7139e-01
-1.5060e-01
-1.3257e-01
-1.1692e-01
-1.0330e-01
-9.0621e-02
-7.8305e-02
-6.9917e-02
-6.2527e-02
-9.9026e-02
-2.5558e-01
-3.7770e-01
-4.6886e-01
-5.1947e-01
-5.3080e-01
-5.1221e-01
-4.7560e-01
-4.3065e-01
-3.8366e-01
-3.3826e-01
-2.9626e-01
-2.5840e-01
-2.2482e-01
-1.9533e-01
-1.6961e-01
-1.4725e-01
-1.2787e-01
-1.1111e-01
-9.6603e-02
-8.4066e-02
-7.3229e-02
-6.3856e-02
-5.5748e-02
-4.8731e-02
-4.2651e-02
-3.7382e-02
-3.2810e-02
-2.8840e-02
-2.5389e-02
-2.2387e-02
-1.9771e-02
-1.7407e-02
-1.5142e-02
-1.3386e-02
-1.1918e-02
-3.0115e-02
-1.1696e-01
-2.0385e-01
-2.7544e-01
-3.2255e-01
-3.4265e-01
-3.3993e-01
-3.2178e-01
-2.9523e-01
-2.6538e-01
-2.3541e-01
-2.0705e-01
-1.8112e-01
-1.5790e-01
-1.3738e-01
-1.1940e-01
-1.0373e-01
-9.0119e-02
-7.8320e-02
-6.8105e-02
-5.9266e-02
-5.1620e-02
-4.5007e-02
-3.9282e-02
-3.4328e-02
-3.0036e-02
-2.6316e-02
-2.3087e-02
-2.0285e-02
-1.7849e-02
-1.5731e-02
-1.3885e-02
-1.2205e-02
-1.0605e-02
-9.4090e-03
-8.3620e-03
-4.2750e-01
-1.5894e+00
-2.2345e+00
-2.4709e+00
-2.5177e+00
-2.4669e+00
-2.3640e+00
-2.2337e+00
-2.0912e+00
-1.9456e+00
-1.8026e+00
-1.6653e+00
-1.5355e+00
-1.4142e+00
-1.3015e+00
-1.1974e+00
-1.1015e+00
-1.0135e+00
-9.3275e-01
-8.5881e-01
-7.9114e-01
-7.2923e-01
-6.7260e-01
-6.2079e-01
-5.7338e-01
-5.2999e-01
-4.9026e-01
-4.5386e-01
-4.2050e-01
-3.8991e-01
-3.6184e-01
-3.3607e-01
-3.0888e-01
-2.7771e-01
-2.5910e-01
-2.4234e-01
-3.7299e-01
-1.4320e+00
-2.0399e+00
-2.2577e+00
-2.2949e+00
-2.2426e+00
-2.1440e+00
-2.0218e+00
-1.8893e+00
-1.7548e+00
-1.6232e+00
-1.4974e+00
-1.3790e+00
-1.2686e+00
-1.1664e+00
-1.0721e+00
-9.8556e-01
-9.0619e-01
-8.3353e-01
-7.6707e-01
-7.0631e-01
-6.5079e-01
-6.0003e-01
-5.5363e-01
-5.1121e-01
-4.7240e-01
-4.3688e-01
-4.0435e-01
-3.7455e-01
-3.4724e-01
-3.2218e-01
-2.9918e-01
-2.7484e-01
-2.4689e-01
-2.3051e-01
-2.1572e-01
-2.3893e-01
-9.5063e-01
-1.3075e+00
-1.3904e+00
-1.3678e+00
-1.3030e+00
-1.2206e+00
-1.1318e+00
-1.0424e+00
-9.5593e-01
-8.7425e-01
-7.9828e-01
-7.2832e-01
-6.6430e-01
-6.0596e-01
-5.5293e-01
-5.0481e-01
-4.6117e-01
-4.2162e-01
-3.8576e-01
-3.5324e-01
-3.2374e-01
-2.9697e-01
-2.7265e-01
-2.5055e-01
-2.3045e-01
-2.1216e-01
-1.9550e-01
-1.8031e-01
-1.6645e-01
-1.5380e-01
-1.4224e-01
-1.3059e-01
-1.1799e-01
-1.0949e-01
-1.0167e-01
-1.7771e-01
-7.8563e-01
-1.0692e+00
-1.0464e+00
-9.3985e-01
-8.3126e-01
-7.3721e-01
-6.5704e-01
-5.8789e-01
-5.2756e-01
-4.7453e-01
-4.2768e-01
-3.8613e-01
-3.4919e-01
-3.1626e-01
-2.8685e-01
-2.6052e-01
-2.3692e-01
-2.1572e-01
-1.9665e-01
-1.7948e-01
-1.6399e-01
-1.5001e-01
-1.3736e-01
-1.2592e-01
-1.1555e-01
-1.0614e-01
-9.7598e-02
-8.9833e-02
-8.2769e-02
-7.6336e-02
-7.0473e-02
-6.4608e-02
-5.8390e-02
-5.4196e-02
-5.0243e-02
-9.1886e-02
-1.8979e-01
-1.6938e-01
-1.3654e-01
-1.1181e-01
-9.3943e-02
-8.0467e-02
-6.9737e-02
-6.0911e-02
-5.3509e-02
-4.7225e-02
-4.1839e-02
-3.7194e-02
-3.3162e-02
-2.9649e-02
-2.6572e-02
-2.3870e-02
-2.1489e-02
-1.9383e-02
-1.7517e-02
-1.5859e-02
-1.4382e-02
-1.3064e-02
-1.1885e-02
-1.0828e-02
-9.8810e-03
-9.0270e-03
-8.2600e-03
-7.5680e-03
-6.9420e-03
-6.3760e-03
-5.8640e-03
-5.3620e-03
-4.8370e-03
-4.4600e-03
-4.1210e-03
