-2.2000e+02
0.0000e+00
0.0000e+00
0.0000e+00
0.0000e+00
0.0000e+00
0.0000e+00
0.0000e+00
0.0000e+00
0.0000e+00
0.0000e+00
0.0000e+00
0.0000e+00
0.0000e+00
0.0000e+00
0.0000e+00
0.0000e+00
0.0000e+00
0.0000e+00
0.0000e+00
0.0000e+00
0.0000e+00
0.0000e+00
0.0000e+00
0.0000e+00
0.0000e+00
0.0000e+00
0.0000e+00
0.0000e+00
0.0000e+00
0.0000e+00
0.0000e+00
0.0000e+00
0.0000e+00
0.0000e+00
0.0000e+00
-1.2000e+02
-6.1239e+00
-3.8076e+00
-2.9469e+00
-2.5195e+00
-2.1245e+00
-1.8179e+00
-1.5096e+00
-1.2558e+00
-1.0507e+00
-8.8431e-01
-7.4828e-01
-6.3620e-01
-5.4321e-01
-4.6559e-01
-4.0046e-01
-3.4556e-01
-2.9909e-01
-2.5962e-01
-2.2598e-01
-1.9724e-01
-1.7260e-01
-1.5143e-01
-1.3320e-01
-1.1746e-01
-1.0384e-01
-9.2036e-02
-8.1099e-02
-7.0562e-02
-6.3353e-02
-5.6923e-02
-5.1246e-02
-4.6234e-02
-4.1806e-02
-3.7885e-02
-3.4406e-02
-2.0000e+01
-5.5864e+00
-5.5805e+00
-5.6130e+00
-5.2997e+00
-4.6791e+00
-4.0240e+00
-3.4294e+00
-2.9128e+00
-2.4718e+00
-2.0987e+00
-1.7840e+00
-1.5189e+00
-1.2956e+00
-1.1071e+00
-9.4784e-01
-8.1301e-01
-6.9865e-01
-6.0150e-01
-5.1880e-01
-4.4830e-01
-3.8809e-01
-3.3659e-01
-2.9247e-01
-2.5462e-01
-2.2210e-01
-1.9412e-01
-1.6875e-01
-1.4494e-01
-1.2797e-01
-1.1322e-01
-1.0038e-01
-8.9183e-02
-7.9406e-02
-7.0853e-02
-6.3360e-02
-7.9552e-02
-2.2749e-01
-3.5037e-01
-4.4204e-01
-4.9106e-01
-5.0008e-01
-4.7986e-01
-4.4276e-01
-3.9846e-01
-3.5300e-01
-3.0967e-01
-2.6998e-01
-2.3450e-01
-2.0321e-01
-1.7588e-01
-1.5215e-01
-1.3160e-01
-1.1387e-01
-9.8577e-02
-8.5403e-02
-7.4058e-02
-6.4290e-02
-5.5876e-02
-4.8628e-02
-4.2379e-02
-3.6992e-02
-3.2340e-02
-2.8231e-02
-2.4377e-02
-2.1342e-02
-1.8821e-02
-1.6656e-02
-1.4777e-02
-1.3139e-02
-1.1709e-02
-1.0457e-02
-2.1782e-02
-9.6535e-02
-1.7949e-01
-2.4984e-01
-2.9600e-01
-3.1510e-01
-3.1185e-01
-2.9388e-01
-2.6823e-01
-2.3986e-01
-2.1172e-01
-1.8536e-01
-1.6144e-01
-1.4017e-01
-1.2148e-01
-1.0517e-01
-9.1022e-02
-7.8780e-02
-6.8209e-02
-5.9093e-02
-5.1236e-02
-4.4469e-02
-3.8636e-02
-3.3612e-02
-2.9280e-02
-2.5544e-02
-2.2320e-02
-1.9420e-02
-1.6805e-02
-1.4739e-02
-1.2971e-02
-1.1461e-02
-1.0157e-02
-9.0230e-03
-8.0340e-03
-7.1680e-03
-4.2410e-01
-1.7493e+00
-2.4875e+00
-2.7297e+00
-2.7449e+00
-2.6531e+00
-2.5114e+00
-2.3496e+00
-2.1823e+00
-2.0175e+00
-1.8598e+00
-1.7113e+00
-1.5730e+00
-1.4453e+00
-1.3278e+00
-1.2203e+00
-1.1219e+00
-1.0322e+00
-9.5036e-01
-8.7575e-01
-8.0773e-01
-7.4571e-01
-6.8912e-01
-6.3745e-01
-5.9025e-01
-5.4708e-01
-5.0757e-01
-4.6769e-01
-4.2431e-01
-3.9582e-01
-3.6945e-01
-3.4513e-01
-3.2269e-01
-3.0195e-01
-2.8278e-01
-2.6503e-01
-3.6679e-01
-1.5436e+00
-2.2267e+00
-2.4550e+00
-2.4737e+00
-2.3943e+00
-2.2690e+00
-2.1241e+00
-1.9732e+00
-1.8241e+00
-1.6809e+00
-1.5460e+00
-1.4205e+00
-1.3046e+00
-1.1982e+00
-1.1008e+00
-1.0119e+00
-9.3078e-01
-8.5692e-01
-7.8963e-01
-7.2832e-01
-6.7244e-01
-6.2146e-01
-5.7494e-01
-5.3243e-01
-4.9356e-01
-4.5797e-01
-4.2188e-01
-3.8272e-01
-3.5723e-01
-3.3354e-01
-3.1166e-01
-2.9143e-01
-2.7274e-01
-2.5544e-01
-2.3942e-01
-3.4366e-01
-1.0486e+00
-1.3727e+00
-1.4345e+00
-1.4024e+00
-1.3331e+00
-1.2482e+00
-1.1582e+00
-1.0684e+00
-9.8175e-01
-9.0019e-01
-8.2450e-01
-7.5493e-01
-6.9139e-01
-6.3355e-01
-5.8102e-01
-5.3336e-01
-4.9012e-01
-4.5087e-01
-4.1523e-01
-3.8284e-01
-3.5336e-01
-3.2650e-01
-3.0200e-01
-2.7963e-01
-2.5916e-01
-2.4043e-01
-2.2152e-01
-2.0119e-01
-1.8775e-01
-1.7523e-01
-1.6363e-01
-1.5289e-01
-1.4296e-01
-1.3377e-01
-1.2526e-01
-2.4867e-01
-8.6152e-01
-1.1074e+00
-1.0573e+00
-9.3864e-01
-8.2625e-01
-7.3202e-01
-6.5376e-01
-5.8734e-01
-5.2985e-01
-4.7951e-01
-4.3511e-01
-3.9578e-01
-3.6079e-01
-3.2958e-01
-3.0163e-01
-2.7656e-01
-2.5399e-01
-2.3362e-01
-2.1521e-01
-1.9851e-01
-1.8335e-01
-1.6954e-01
-1.5695e-01
-1.4545e-01
-1.3493e-01
-1.2529e-01
-1.1553e-01
-1.0499e-01
-9.8135e-02
-9.1706e-02
-8.5699e-02
-8.0119e-02
-7.4944e-02
-7.0149e-02
-6.5703e-02
-9.3165e-02
-1.7765e-01
-1.5377e-01
-1.2224e-01
-9.9453e-02
-8.3194e-02
-7.1098e-02
-6.1617e-02
-5.3854e-02
-4.7354e-02
-4.1845e-02
-3.7132e-02
-3.3074e-02
-2.9563e-02
-2.6508e-02
-2.3841e-02
-2.1502e-02
-1.9443e-02
-1.7626e-02
-1.6015e-02
-1.4584e-02
-1.3309e-02
-1.2169e-02
-1.1147e-02
-1.0229e-02
-9.4030e-03
-8.6560e-03
-7.9260e-03
-7.1560e-03
-6.6340e-03
-6.1560e-03
-5.7180e-03
-5.3160e-03
-4.9490e-03
-4.6110e-03
-4.3000e-03
