-2.2000e+02
0.0000e+00
0.0000e+00
0.0000e+00
0.0000e+00
0.0000e+00
0.0000e+00
0.0000e+00
0.0000e+00
0.0000e+00
0.0000e+00
0.0000e+00
0.0000e+00
0.0000e+00
0.0000e+00
0.0000e+00
0.0000e+00
0.0000e+00
0.0000e+00
0.0000e+00
0.0000e+00
0.0000e+00
0.0000e+00
0.0000e+00
0.0000e+00
0.0000e+00
0.0000e+00
0.0000e+00
0.0000e+00
0.0000e+00
0.0000e+00
0.0000e+00
0.0000e+00
0.0000e+00
0.0000e+00
0.0000e+00
-1.2000e+02
-6.6329e+00
-3.9238e+00
-2.9892e+00
-2.6237e+00
-2.2279e+00
-1.8207e+00
-1.4905e+00
-1.2290e+00
-1.0212e+00
-8.5448e-01
-7.1948e-01
-6.0921e-01
-5.1840e-01
-4.4310e-01
-3.8029e-01
-3.2760e-01
-2.8319e-01
-2.4559e-01
-2.1364e-01
-1.8639e-01
-1.6306e-01
-1.4304e-01
-1.2251e-01
-1.0854e-01
-9.6336e-02
-8.5635e-02
-7.6267e-02
-6.8062e-02
-6.0864e-02
-5.4537e-02
-4.8965e-02
-4.4051e-02
-3.9705e-02
-3.5855e-02
-3.2440e-02
-2.0000e+01
-5.5049e+00
-5.4823e+00
-5.5130e+00
-5.1894e+00
-4.5666e+00
-3.9169e+00
-3.3250e+00
-2.8115e+00
-2.3754e+00
-2.0086e+00
-1.7011e+00
-1.4437e+00
-1.2280e+00
-1.0470e+00
-8.9473e-01
-7.6639e-01
-6.5796e-01
-5.6612e-01
-4.8816e-01
-4.2184e-01
-3.6529e-01
-3.1697e-01
-2.6992e-01
-2.3588e-01
-2.0649e-01
-1.8110e-01
-1.5915e-01
-1.4013e-01
-1.2362e-01
-1.0927e-01
-9.6766e-02
-8.5863e-02
-7.6335e-02
-6.7996e-02
-6.0684e-02
-1.1133e-01
-2.9966e-01
-4.5306e-01
-5.6756e-01
-6.3137e-01
-6.4701e-01
-6.2603e-01
-5.8268e-01
-5.2858e-01
-4.7149e-01
-4.1596e-01
-3.6437e-01
-3.1773e-01
-2.7630e-01
-2.3990e-01
-2.0813e-01
-1.8054e-01
-1.5663e-01
-1.3597e-01
-1.1811e-01
-1.0270e-01
-8.9389e-02
-7.7893e-02
-6.7284e-02
-5.8529e-02
-5.1191e-02
-4.4912e-02
-3.9485e-02
-3.4778e-02
-3.0688e-02
-2.7124e-02
-2.4017e-02
-2.1303e-02
-1.8929e-02
-1.6850e-02
-1.5026e-02
-1.2887e-02
-7.3233e-02
-1.5496e-01
-2.3170e-01
-2.8961e-01
-3.2255e-01
-3.3162e-01
-3.2236e-01
-3.0149e-01
-2.7466e-01
-2.4584e-01
-2.1748e-01
-1.9092e-01
-1.6676e-01
-1.4521e-01
-1.2622e-01
-1.0960e-01
-9.5144e-02
-8.2601e-02
-7.1743e-02
-6.2354e-02
-5.4240e-02
-4.7229e-02
-4.0500e-02
-3.5519e-02
-3.1040e-02
-2.7172e-02
-2.3842e-02
-2.0963e-02
-1.8467e-02
-1.6298e-02
-1.4408e-02
-1.2759e-02
-1.1320e-02
-1.0061e-02
-8.9570e-03
-7.6553e-01
-2.0819e+00
-2.4584e+00
-2.4626e+00
-2.3623e+00
-2.2303e+00
-2.0886e+00
-1.9454e+00
-1.8057e+00
-1.6720e+00
-1.5458e+00
-1.4278e+00
-1.3180e+00
-1.2164e+00
-1.1227e+00
-1.0363e+00
-9.5689e-01
-8.8385e-01
-8.1673e-01
-7.5505e-01
-6.9836e-01
-6.4625e-01
-5.9832e-01
-5.4075e-01
-5.0263e-01
-4.6711e-01
-4.3418e-01
-4.0370e-01
-3.7548e-01
-3.4937e-01
-3.2518e-01
-3.0278e-01
-2.8202e-01
-2.6277e-01
-2.4491e-01
-2.2834e-01
-2.0712e-01
-9.6802e-01
-1.5909e+00
-1.9135e+00
-2.0383e+00
-2.0459e+00
-1.9868e+00
-1.8912e+00
-1.7777e+00
-1.6575e+00
-1.5374e+00
-1.4213e+00
-1.3113e+00
-1.2084e+00
-1.1129e+00
-1.0248e+00
-9.4378e-01
-8.6944e-01
-8.0130e-01
-7.3888e-01
-6.8172e-01
-6.2935e-01
-5.8136e-01
-5.2530e-01
-4.8651e-01
-4.5110e-01
-4.1851e-01
-3.8847e-01
-3.6076e-01
-3.3519e-01
-3.1156e-01
-2.8973e-01
-2.6954e-01
-2.5085e-01
-2.3355e-01
-2.1753e-01
-3.0255e-01
-1.0256e+00
-1.3451e+00
-1.3920e+00
-1.3521e+00
-1.2827e+00
-1.2008e+00
-1.1137e+00
-1.0261e+00
-9.4116e-01
-8.6089e-01
-7.8626e-01
-7.1763e-01
-6.5497e-01
-5.9801e-01
-5.4637e-01
-4.9960e-01
-4.5727e-01
-4.1894e-01
-3.8422e-01
-3.5273e-01
-3.2415e-01
-2.9817e-01
-2.6791e-01
-2.4764e-01
-2.2893e-01
-2.1176e-01
-1.9601e-01
-1.8157e-01
-1.6829e-01
-1.5608e-01
-1.4485e-01
-1.3450e-01
-1.2495e-01
-1.1614e-01
-1.0801e-01
-2.6402e-01
-9.3139e-01
-1.1305e+00
-1.0347e+00
-8.9663e-01
-7.7878e-01
-6.8412e-01
-6.0621e-01
-5.4028e-01
-4.8347e-01
-4.3400e-01
-3.9063e-01
-3.5245e-01
-3.1869e-01
-2.8877e-01
-2.6217e-01
-2.3845e-01
-2.1725e-01
-1.9826e-01
-1.8121e-01
-1.6586e-01
-1.5201e-01
-1.3950e-01
-1.2492e-01
-1.1525e-01
-1.0646e-01
-9.8365e-02
-9.0941e-02
-8.4136e-02
-7.7898e-02
-7.2173e-02
-6.6913e-02
-6.2076e-02
-5.7625e-02
-5.3523e-02
-4.9742e-02
-1.2374e-01
-2.5774e-01
-2.3337e-01
-1.8902e-01
-1.5515e-01
-1.3072e-01
-1.1225e-01
-9.7529e-02
-8.5393e-02
-7.5197e-02
-6.6521e-02
-5.9077e-02
-5.2646e-02
-4.7062e-02
-4.2192e-02
-3.7927e-02
-3.4179e-02
-3.0872e-02
-2.7947e-02
-2.5351e-02
-2.3040e-02
-2.0978e-02
-1.9132e-02
-1.7014e-02
-1.5628e-02
-1.4363e-02
-1.3211e-02
-1.2161e-02
-1.1207e-02
-1.0337e-02
-9.5440e-03
-8.8200e-03
-8.1570e-03
-7.5500e-03
-6.9950e-03
-6.4840e-03
