2.70084906e+02
4.96207831e+01
4.96173077e+01
5.00582766e+01
5.04107958e+01
5.00242243e+01
4.98953323e+01
4.99427547e+01
4.99272773e+01
4.99206293e+01
4.98815434e+01
5.04038657e+01
5.00136450e+01
4.97683050e+01
4.99319303e+01
4.98090752e+01
4.98263313e+01
5.01701888e+01
4.97768270e+01
4.99637033e+01
4.97430339e+01
4.99131478e+01
5.00894985e+01
4.97159471e+01
4.98643249e+01
4.97370392e+01
4.97253060e+01
5.02729055e+01
4.99082525e+01
5.01311124e+01
5.00914353e+01
4.99304742e+01
4.94751886e+01
5.00882670e+01
5.02683469e+01
5.00538082e+01
4.98681395e+01
2.70217259e+02
1.50009065e+02
1.43587783e+02
1.39722862e+02
1.36752819e+02
1.34112518e+02
1.32317113e+02
1.29986408e+02
1.28997873e+02
1.27544981e+02
1.26447401e+02
1.25343279e+02
1.24868796e+02
1.24206343e+02
1.23357183e+02
1.23590305e+02
1.22659621e+02
1.22686355e+02
1.22226284e+02
1.21570448e+02
1.21565356e+02
1.21206037e+02
1.21146042e+02
1.20962634e+02
1.20834334e+02
1.20979068e+02
1.21178163e+02
1.20756474e+02
1.20646728e+02
1.20595273e+02
1.20344586e+02
1.20437611e+02
1.20552125e+02
1.20027679e+02
1.20592563e+02
1.20282643e+02
1.20093365e+02
2.69919970e+02
2.50148537e+02
2.44793973e+02
2.39195859e+02
2.33138144e+02
2.27526570e+02
2.22890709e+02
2.19342235e+02
2.15447027e+02
2.12994228e+02
2.10402452e+02
2.08243455e+02
2.06392637e+02
2.04893825e+02
2.03498470e+02
2.02365781e+02
2.01532720e+02
2.00577165e+02
1.99976245e+02
1.98961312e+02
1.98868402e+02
1.98468671e+02
1.97896225e+02
1.97862263e+02
1.97104249e+02
1.97111664e+02
1.96635482e+02
1.96382444e+02
1.96135434e+02
1.96034047e+02
1.95815034e+02
1.95652775e+02
1.95481229e+02
1.95631500e+02
1.95218664e+02
1.95792932e+02
1.95475724e+02
2.68549149e+02
2.68736800e+02
2.68386122e+02
2.68251628e+02
2.67451480e+02
2.67151260e+02
2.66453767e+02
2.65676426e+02
2.65059608e+02
2.65048660e+02
2.64566520e+02
2.63860543e+02
2.63836547e+02
2.63652504e+02
2.63196331e+02
2.62962217e+02
2.62751580e+02
2.62855106e+02
2.62768854e+02
2.62258373e+02
2.62189846e+02
2.62039608e+02
2.62352884e+02
2.61958386e+02
2.62187454e+02
2.61736719e+02
2.61885227e+02
2.61985298e+02
2.61489291e+02
2.61625039e+02
2.61725986e+02
2.61471501e+02
2.61491314e+02
2.61790767e+02
2.61972892e+02
2.61624871e+02
2.61709611e+02
2.68348603e+02
2.68714505e+02
2.67930981e+02
2.68063926e+02
2.67959998e+02
2.67704429e+02
2.67477472e+02
2.66610136e+02
2.66596707e+02
2.66232947e+02
2.65896085e+02
2.65638737e+02
2.65732267e+02
2.65381042e+02
2.65138390e+02
2.64938411e+02
2.64887430e+02
2.65087967e+02
2.64647823e+02
2.63885467e+02
2.64401194e+02
2.64797868e+02
2.64544447e+02
2.64010042e+02
2.63947273e+02
2.64446611e+02
2.64220262e+02
2.64570484e+02
2.63797823e+02
2.64047816e+02
2.64165413e+02
2.64221110e+02
2.63975955e+02
2.64072853e+02
2.64188023e+02
2.63866109e+02
2.63661271e+02
2.69903599e+02
2.69347559e+02
2.67490716e+02
2.64631936e+02
2.61731223e+02
2.59170172e+02
2.57067076e+02
2.54859574e+02
2.52364364e+02
2.50715510e+02
2.48860974e+02
2.47190077e+02
2.45600274e+02
2.44781280e+02
2.43192046e+02
2.41765503e+02
2.40984385e+02
2.39911086e+02
2.39014231e+02
2.37843972e+02
2.36924609e+02
2.36328555e+02
2.35764945e+02
2.35024528e+02
2.34534433e+02
2.34254235e+02
2.33090268e+02
2.32683895e+02
2.32182510e+02
2.31968459e+02
2.31184805e+02
2.31530523e+02
2.30726426e+02
2.30503676e+02
2.30356648e+02
2.30266733e+02
2.29777087e+02
2.70211499e+02
2.69767868e+02
2.69595199e+02
2.67898624e+02
2.65675976e+02
2.63597255e+02
2.61454380e+02
2.59580515e+02
2.57819343e+02
2.55999054e+02
2.54096988e+02
2.52221051e+02
2.51121889e+02
2.49673478e+02
2.48646461e+02
2.47534398e+02
2.46421728e+02
2.45577118e+02
2.44400960e+02
2.43653670e+02
2.42689356e+02
2.42138062e+02
2.41594233e+02
2.41005688e+02
2.40615980e+02
2.40071625e+02
2.39305356e+02
2.38809764e+02
2.38705055e+02
2.38260151e+02
2.37919885e+02
2.37467245e+02
2.37173621e+02
2.37118740e+02
2.36809694e+02
2.36437261e+02
2.36010391e+02
2.71063580e+02
2.71168974e+02
2.69835202e+02
2.68511372e+02
2.67153140e+02
2.65868295e+02
2.64818813e+02
2.63110280e+02
2.62547978e+02
2.60934415e+02
2.60045472e+02
2.59248075e+02
2.59089731e+02
2.58338160e+02
2.57198972e+02
2.56486473e+02
2.56118314e+02
2.56039076e+02
2.55530662e+02
2.54345441e+02
2.54399737e+02
2.54040321e+02
2.54019782e+02
2.53417396e+02
2.53254124e+02
2.52560061e+02
2.52311230e+02
2.52454975e+02
2.51976862e+02
2.51854950e+02
2.51741895e+02
2.51720851e+02
2.51540949e+02
2.51343656e+02
2.51482394e+02
2.51120207e+02
2.51136797e+02
2.71106882e+02
2.71164918e+02
2.70288846e+02
2.69074170e+02
2.67823374e+02
2.67095355e+02
2.66011576e+02
2.65200024e+02
2.64741332e+02
2.64028422e+02
2.63563697e+02
2.63135189e+02
2.62372079e+02
2.62115615e+02
2.62018313e+02
2.61172962e+02
2.61492481e+02
2.61184660e+02
2.60685660e+02
2.60564135e+02
2.60029693e+02
2.60098817e+02
2.60323375e+02
2.59671500e+02
2.59555165e+02
2.59631928e+02
2.59534139e+02
2.59397628e+02
2.59207603e+02
2.59032300e+02
2.58422539e+02
2.59014980e+02
2.59239027e+02
2.58818879e+02
2.58703119e+02
2.58746139e+02
2.58908517e+02
2.71174518e+02
2.70853727e+02
2.70264986e+02
2.70129707e+02
2.70440034e+02
2.70129108e+02
2.69838001e+02
2.70107190e+02
2.70350996e+02
2.69739410e+02
2.69956129e+02
2.69633332e+02
2.69666607e+02
2.69581132e+02
2.69569050e+02
2.69411464e+02
2.69736858e+02
2.69183457e+02
2.69730770e+02
2.69703392e+02
2.69569127e+02
2.69500465e+02
2.69383034e+02
2.69449557e+02
2.69679238e+02
2.69192531e+02
2.69330961e+02
2.69442598e+02
2.69243069e+02
2.69398915e+02
2.69549050e+02
2.69766922e+02
2.69365415e+02
2.69299011e+02
2.69561853e+02
2.69340029e+02
2.69550034e+02
