2.70000000e+02
5.00000000e+01
5.00000000e+01
5.00000000e+01
5.00000000e+01
5.00000000e+01
5.00000000e+01
5.00000000e+01
5.00000000e+01
5.00000000e+01
5.00000000e+01
5.00000000e+01
5.00000000e+01
5.00000000e+01
5.00000000e+01
5.00000000e+01
5.00000000e+01
5.00000000e+01
5.00000000e+01
5.00000000e+01
5.00000000e+01
5.00000000e+01
5.00000000e+01
5.00000000e+01
5.00000000e+01
5.00000000e+01
5.00000000e+01
5.00000000e+01
5.00000000e+01
5.00000000e+01
5.00000000e+01
5.00000000e+01
5.00000000e+01
5.00000000e+01
5.00000000e+01
5.00000000e+01
5.00000000e+01
2.70000000e+02
1.50000000e+02
1.43581384e+02
1.39714225e+02
1.36752508e+02
1.34202722e+02
1.31992153e+02
1.30163088e+02
1.28654991e+02
1.27403474e+02
1.26357093e+02
1.25476138e+02
1.24729902e+02
1.24094389e+02
1.23550619e+02
1.23083405e+02
1.22680464e+02
1.22331771e+02
1.22029076e+02
1.21765546e+02
1.21535481e+02
1.21334106e+02
1.21157401e+02
1.21001967e+02
1.20864922e+02
1.20743810e+02
1.20636538e+02
1.20541311e+02
1.20457259e+02
1.20384060e+02
1.20318285e+02
1.20259146e+02
1.20205900e+02
1.20157876e+02
1.20114484e+02
1.20075204e+02
1.20039584e+02
2.70000000e+02
2.50000000e+02
2.44496700e+02
2.39008343e+02
2.33486487e+02
2.28267217e+02
2.23652804e+02
2.19674439e+02
2.16277154e+02
2.13386395e+02
2.10928274e+02
2.08836367e+02
2.07053386e+02
2.05530859e+02
2.04228115e+02
2.03111139e+02
2.02151494e+02
2.01325379e+02
2.00612833e+02
1.99997081e+02
1.99463990e+02
1.99001626e+02
1.98599885e+02
1.98250198e+02
1.97945280e+02
1.97678927e+02
1.97445844e+02
1.97241510e+02
1.97063283e+02
1.96909575e+02
1.96773600e+02
1.96653102e+02
1.96546124e+02
1.96450969e+02
1.96366173e+02
1.96290467e+02
1.96222748e+02
2.68771757e+02
2.68671519e+02
2.68410454e+02
2.68021268e+02
2.67532390e+02
2.66983928e+02
2.66417202e+02
2.65865231e+02
2.65348869e+02
2.64878519e+02
2.64457474e+02
2.64084812e+02
2.63757379e+02
2.63471030e+02
2.63221338e+02
2.63003985e+02
2.62814954e+02
2.62650610e+02
2.62507719e+02
2.62383434e+02
2.62275267e+02
2.62181056e+02
2.62098924e+02
2.62027248e+02
2.61964625e+02
2.61909843e+02
2.61861856e+02
2.61819762e+02
2.61782881e+02
2.61750857e+02
2.61722769e+02
2.61697962e+02
2.61675981e+02
2.61656457e+02
2.61639080e+02
2.61623585e+02
2.61609741e+02
2.68395513e+02
2.68368412e+02
2.68257343e+02
2.68058428e+02
2.67784052e+02
2.67456579e+02
2.67102918e+02
2.66747315e+02
2.66407129e+02
2.66092456e+02
2.65807800e+02
2.65554045e+02
2.65329993e+02
2.65133391e+02
2.64961559e+02
2.64811743e+02
2.64681307e+02
2.64567825e+02
2.64469114e+02
2.64383235e+02
2.64308489e+02
2.64243389e+02
2.64186645e+02
2.64137136e+02
2.64093894e+02
2.64056080e+02
2.64022971e+02
2.63993942e+02
2.63968590e+02
2.63946536e+02
2.63927144e+02
2.63910051e+02
2.63894927e+02
2.63881507e+02
2.63869574e+02
2.63858941e+02
2.63849448e+02
2.72705249e+02
2.71745893e+02
2.69318754e+02
2.66460195e+02
2.63601011e+02
2.60862287e+02
2.58281673e+02
2.55870254e+02
2.53629484e+02
2.51555452e+02
2.49640895e+02
2.47876657e+02
2.46252688e+02
2.44758696e+02
2.43384560e+02
2.42120575e+02
2.40957595e+02
2.39887097e+02
2.38901207e+02
2.37992687e+02
2.37154917e+02
2.36381851e+02
2.35667985e+02
2.35008309e+02
2.34398266e+02
2.33833715e+02
2.33310891e+02
2.32826366e+02
2.32379149e+02
2.31972754e+02
2.31595278e+02
2.31243907e+02
2.30916592e+02
2.30611491e+02
2.30326923e+02
2.30061347e+02
2.29813350e+02
2.72469170e+02
2.72202979e+02
2.71078654e+02
2.69275982e+02
2.67134831e+02
2.64868427e+02
2.62599250e+02
2.60396304e+02
2.58297331e+02
2.56321359e+02
2.54475910e+02
2.52761477e+02
2.51174375e+02
2.49708544e+02
2.48356694e+02
2.47111028e+02
2.45963685e+02
2.44907009e+02
2.43933706e+02
2.43036928e+02
2.42210306e+02
2.41447962e+02
2.40744491e+02
2.40094944e+02
2.39494799e+02
2.38939929e+02
2.38426572e+02
2.37951300e+02
2.37513933e+02
2.37116254e+02
2.36746956e+02
2.36403655e+02
2.36084215e+02
2.35786755e+02
2.35509577e+02
2.35251138e+02
2.35010030e+02
2.71913366e+02
2.71639308e+02
2.70721313e+02
2.69492099e+02
2.68192635e+02
2.66908981e+02
2.65674481e+02
2.64503662e+02
2.63403022e+02
2.62374613e+02
2.61417674e+02
2.60529725e+02
2.59707312e+02
2.58946496e+02
2.58243159e+02
2.57593195e+02
2.56992625e+02
2.56437661e+02
2.55924742e+02
2.55450544e+02
2.55011983e+02
2.54606213e+02
2.54230608e+02
2.53882756e+02
2.53560442e+02
2.53261634e+02
2.52984469e+02
2.52727240e+02
2.52490260e+02
2.52275630e+02
2.52075382e+02
2.51888492e+02
2.51714068e+02
2.51551243e+02
2.51399192e+02
2.51257145e+02
2.51124387e+02
2.71563930e+02
2.71308738e+02
2.70433939e+02
2.69340179e+02
2.68313082e+02
2.67409594e+02
2.66617245e+02
2.65914311e+02
2.65283556e+02
2.64712767e+02
2.64193110e+02
2.63717917e+02
2.63281963e+02
2.62881012e+02
2.62511544e+02
2.62170566e+02
2.61855489e+02
2.61564048e+02
2.61294233e+02
2.61044248e+02
2.60812479e+02
2.60597465e+02
2.60397880e+02
2.60212516e+02
2.60040272e+02
2.59880137e+02
2.59731189e+02
2.59592579e+02
2.59464677e+02
2.59349055e+02
2.59240733e+02
2.59139234e+02
2.59044190e+02
2.58955214e+02
2.58871914e+02
2.58793914e+02
2.58720855e+02
2.70919100e+02
2.70834474e+02
2.70667809e+02
2.70520473e+02
2.70402295e+02
2.70305977e+02
2.70225346e+02
2.70156354e+02
2.70096465e+02
2.70043952e+02
2.69997558e+02
2.69956323e+02
2.69919491e+02
2.69886455e+02
2.69856719e+02
2.69829868e+02
2.69805556e+02
2.69783490e+02
2.69763416e+02
2.69745118e+02
2.69728408e+02
2.69713122e+02
2.69699117e+02
2.69686267e+02
2.69674459e+02
2.69663596e+02
2.69653589e+02
2.69644361e+02
2.69635910e+02
2.69628307e+02
2.69621242e+02
2.69614674e+02
2.69608566e+02
2.69602884e+02
2.69597596e+02
2.69592671e+02
2.69588081e+02
