-2.2000e+02
0.0000e+00
0.0000e+00
0.0000e+00
0.0000e+00
0.0000e+00
0.0000e+00
0.0000e+00
0.0000e+00
0.0000e+00
0.0000e+00
0.0000e+00
0.0000e+00
0.0000e+00
0.0000e+00
0.0000e+00
0.0000e+00
0.0000e+00
0.0000e+00
0.0000e+00
0.0000e+00
0.0000e+00
0.0000e+00
0.0000e+00
0.0000e+00
0.0000e+00
0.0000e+00
0.0000e+00
0.0000e+00
0.0000e+00
0.0000e+00
0.0000e+00
0.0000e+00
0.0000e+00
0.0000e+00
0.0000e+00
-1.2000e+02
-6.1225e+00
-3.8128e+00
-2.9523e+00
-2.5248e+00
-2.1346e+00
-1.8254e+00
-1.5162e+00
-1.2621e+00
-1.0569e+00
-8.9033e-01
-7.5415e-01
-6.4191e-01
-5.4873e-01
-4.7091e-01
-4.0556e-01
-3.5044e-01
-3.0374e-01
-2.6404e-01
-2.3018e-01
-2.0122e-01
-1.7638e-01
-1.5501e-01
-1.3659e-01
-1.2068e-01
-1.0689e-01
-9.4929e-02
-8.4524e-02
-7.5452e-02
-6.7528e-02
-6.0590e-02
-5.2681e-02
-4.7783e-02
-4.3367e-02
-3.9425e-02
-3.5917e-02
-2.0000e+01
-5.5857e+00
-5.5786e+00
-5.6133e+00
-5.3034e+00
-4.6861e+00
-4.0343e+00
-3.4422e+00
-2.9275e+00
-2.4878e+00
-2.1153e+00
-1.8008e+00
-1.5356e+00
-1.3117e+00
-1.1226e+00
-9.6254e-01
-8.2684e-01
-7.1159e-01
-6.1352e-01
-5.2994e-01
-4.5859e-01
-3.9757e-01
-3.4532e-01
-3.0050e-01
-2.6201e-01
-2.2889e-01
-2.0037e-01
-1.7577e-01
-1.5451e-01
-1.3612e-01
-1.2019e-01
-1.0341e-01
-9.2044e-02
-8.2098e-02
-7.3396e-02
-6.5769e-02
-5.6007e-02
-2.2601e-01
-3.5996e-01
-4.5982e-01
-5.1524e-01
-5.2849e-01
-5.1024e-01
-4.7327e-01
-4.2781e-01
-3.8045e-01
-3.3484e-01
-2.9277e-01
-2.5494e-01
-2.2144e-01
-1.9207e-01
-1.6648e-01
-1.4427e-01
-1.2505e-01
-1.0844e-01
-9.4105e-02
-8.1737e-02
-7.1068e-02
-6.1865e-02
-5.3924e-02
-4.7070e-02
-4.1151e-02
-3.6035e-02
-3.1611e-02
-2.7782e-02
-2.4463e-02
-2.1584e-02
-1.8809e-02
-1.6558e-02
-1.4704e-02
-1.3112e-02
-1.1727e-02
-7.9850e-03
-8.0288e-02
-1.6652e-01
-2.4022e-01
-2.9059e-01
-3.1418e-01
-3.1478e-01
-2.9953e-01
-2.7546e-01
-2.4779e-01
-2.1976e-01
-1.9313e-01
-1.6876e-01
-1.4692e-01
-1.2763e-01
-1.1074e-01
-9.6026e-02
-8.3260e-02
-7.2211e-02
-6.2661e-02
-5.4414e-02
-4.7298e-02
-4.1155e-02
-3.5855e-02
-3.1279e-02
-2.7328e-02
-2.3913e-02
-2.0961e-02
-1.8406e-02
-1.6193e-02
-1.4274e-02
-1.2368e-02
-1.0964e-02
-9.7130e-03
-8.6440e-03
-7.7180e-03
-4.7043e-01
-1.6966e+00
-2.3828e+00
-2.6161e+00
-2.6407e+00
-2.5636e+00
-2.4370e+00
-2.2888e+00
-2.1336e+00
-1.9796e+00
-1.8313e+00
-1.6913e+00
-1.5605e+00
-1.4394e+00
-1.3278e+00
-1.2253e+00
-1.1313e+00
-1.0453e+00
-9.6660e-01
-8.9463e-01
-8.2879e-01
-7.6852e-01
-7.1333e-01
-6.6275e-01
-6.1635e-01
-5.7375e-01
-5.3459e-01
-4.9857e-01
-4.6538e-01
-4.3479e-01
-4.0656e-01
-3.6740e-01
-3.4520e-01
-3.2460e-01
-3.0529e-01
-2.8728e-01
-4.2945e-01
-1.5694e+00
-2.1963e+00
-2.3962e+00
-2.4071e+00
-2.3299e+00
-2.2110e+00
-2.0741e+00
-1.9316e+00
-1.7905e+00
-1.6550e+00
-1.5271e+00
-1.4079e+00
-1.2976e+00
-1.1961e+00
-1.1031e+00
-1.0179e+00
-9.3997e-01
-8.6880e-01
-8.0377e-01
-7.4434e-01
-6.9000e-01
-6.4027e-01
-5.9472e-01
-5.5296e-01
-5.1464e-01
-4.7944e-01
-4.4706e-01
-4.1725e-01
-3.8978e-01
-3.6443e-01
-3.2882e-01
-3.0926e-01
-2.9090e-01
-2.7362e-01
-2.5747e-01
-1.2958e-01
-9.0936e-01
-1.3148e+00
-1.4212e+00
-1.4095e+00
-1.3486e+00
-1.2665e+00
-1.1768e+00
-1.0858e+00
-9.9740e-01
-9.1371e-01
-8.3580e-01
-7.6406e-01
-6.9849e-01
-6.3884e-01
-5.8473e-01
-5.3572e-01
-4.9138e-01
-4.5125e-01
-4.1492e-01
-3.8202e-01
-3.5219e-01
-3.2511e-01
-3.0049e-01
-2.7809e-01
-2.5768e-01
-2.3905e-01
-2.2203e-01
-2.0645e-01
-1.9217e-01
-1.7906e-01
-1.6101e-01
-1.5100e-01
-1.4159e-01
-1.3282e-01
-1.2467e-01
-1.0652e-01
-7.9536e-01
-1.0962e+00
-1.0593e+00
-9.4480e-01
-8.3486e-01
-7.4207e-01
-6.6412e-01
-5.9704e-01
-5.3822e-01
-4.8618e-01
-4.3993e-01
-3.9875e-01
-3.6204e-01
-3.2926e-01
-2.9996e-01
-2.7374e-01
-2.5023e-01
-2.2913e-01
-2.1015e-01
-1.9306e-01
-1.7764e-01
-1.6370e-01
-1.5107e-01
-1.3962e-01
-1.2921e-01
-1.1974e-01
-1.1110e-01
-1.0321e-01
-9.5993e-02
-8.9380e-02
-7.9915e-02
-7.5054e-02
-7.0537e-02
-6.6190e-02
-6.2107e-02
-9.9768e-02
-2.3695e-01
-2.2151e-01
-1.8484e-01
-1.5539e-01
-1.3310e-01
-1.1586e-01
-1.0197e-01
-9.0348e-02
-8.0442e-02
-7.1900e-02
-6.4483e-02
-5.8006e-02
-5.2328e-02
-4.7328e-02
-4.2915e-02
-3.9004e-02
-3.5531e-02
-3.2436e-02
-2.9673e-02
-2.7198e-02
-2.4976e-02
-2.2977e-02
-2.1174e-02
-1.9543e-02
-1.8067e-02
-1.6726e-02
-1.5506e-02
-1.4395e-02
-1.3381e-02
-1.2452e-02
-1.1088e-02
-1.0482e-02
-9.8310e-03
-9.2150e-03
-8.6410e-03
