2.69914936e+02
4.98861146e+01
5.01457254e+01
4.99310395e+01
4.97459932e+01
5.02840577e+01
5.02006886e+01
5.01325327e+01
5.00447902e+01
4.97451541e+01
4.99043296e+01
4.99720518e+01
4.97837549e+01
4.96073941e+01
4.97302604e+01
5.01690267e+01
5.00239683e+01
4.99031201e+01
4.99464137e+01
4.93899305e+01
5.00202040e+01
4.98682862e+01
5.01847479e+01
4.96172632e+01
4.99439120e+01
5.00108698e+01
4.97545349e+01
4.96670575e+01
4.99912293e+01
5.01842622e+01
5.00235634e+01
5.00722984e+01
4.96432215e+01
5.00345623e+01
4.98468587e+01
4.98758666e+01
5.00962850e+01
2.69602903e+02
1.50221595e+02
1.43522640e+02
1.39952784e+02
1.37001875e+02
1.34711250e+02
1.32311481e+02
1.30603194e+02
1.29092089e+02
1.28118014e+02
1.26780458e+02
1.26207259e+02
1.25364673e+02
1.24423864e+02
1.24055757e+02
1.23301862e+02
1.23464032e+02
1.22512914e+02
1.22806643e+02
1.22698343e+02
1.22203944e+02
1.22044632e+02
1.21346958e+02
1.21545850e+02
1.21594522e+02
1.21202589e+02
1.21255357e+02
1.21205455e+02
1.20660432e+02
1.21021109e+02
1.20628958e+02
1.20614814e+02
1.20688893e+02
1.20863732e+02
1.20624542e+02
1.20138841e+02
1.20090467e+02
2.69832521e+02
2.50185341e+02
2.44656159e+02
2.38575893e+02
2.33167488e+02
2.28032813e+02
2.23407445e+02
2.19130425e+02
2.16122190e+02
2.12883511e+02
2.10319737e+02
2.08227106e+02
2.06143623e+02
2.04697679e+02
2.03448331e+02
2.02557444e+02
2.01805438e+02
2.01025921e+02
2.00172951e+02
1.99150247e+02
1.99264274e+02
1.98755009e+02
1.97933398e+02
1.97620241e+02
1.97094146e+02
1.96940596e+02
1.96884807e+02
1.96668507e+02
1.96234350e+02
1.96398335e+02
1.95829896e+02
1.96091904e+02
1.95626885e+02
1.95610181e+02
1.95486128e+02
1.95533743e+02
1.95061795e+02
2.68645251e+02
2.68445865e+02
2.68299933e+02
2.68061284e+02
2.67694614e+02
2.66902258e+02
2.66609190e+02
2.66116054e+02
2.65443943e+02
2.64566210e+02
2.64379177e+02
2.64264181e+02
2.63974990e+02
2.63348968e+02
2.63158407e+02
2.62973922e+02
2.62951996e+02
2.62946335e+02
2.62674763e+02
2.62231801e+02
2.62681788e+02
2.62211708e+02
2.62168934e+02
2.62073886e+02
2.62193609e+02
2.61958756e+02
2.62250692e+02
2.62226824e+02
2.61853678e+02
2.61857462e+02
2.62138920e+02
2.62082338e+02
2.61567416e+02
2.61714436e+02
2.61972765e+02
2.61854173e+02
2.61566631e+02
2.68195677e+02
2.68371224e+02
2.68037264e+02
2.68033520e+02
2.67766595e+02
2.67688096e+02
2.66920128e+02
2.66567229e+02
2.66388822e+02
2.66065380e+02
2.65813630e+02
2.65535254e+02
2.65233525e+02
2.65552080e+02
2.64742479e+02
2.65146539e+02
2.65014876e+02
2.64983921e+02
2.64245630e+02
2.64810464e+02
2.64346291e+02
2.64303160e+02
2.64690550e+02
2.64609943e+02
2.64542878e+02
2.64037782e+02
2.64306870e+02
2.64071053e+02
2.63858210e+02
2.63958543e+02
2.64021233e+02
2.64307519e+02
2.63946182e+02
2.64191050e+02
2.64309311e+02
2.63951520e+02
2.63968071e+02
2.70703085e+02
2.70066328e+02
2.68383369e+02
2.66088883e+02
2.63678880e+02
2.61066127e+02
2.58485841e+02
2.56141671e+02
2.53638463e+02
2.51596869e+02
2.49454436e+02
2.48074811e+02
2.46033841e+02
2.44465774e+02
2.42901332e+02
2.41748730e+02
2.40582103e+02
2.39244333e+02
2.38238967e+02
2.37102650e+02
2.36347722e+02
2.35004995e+02
2.34366204e+02
2.33409213e+02
2.32360386e+02
2.31750185e+02
2.31551810e+02
2.30483467e+02
2.30219140e+02
2.29681115e+02
2.28984985e+02
2.28346528e+02
2.28117488e+02
2.27819009e+02
2.27257673e+02
2.26570960e+02
2.26692587e+02
2.70473022e+02
2.70136016e+02
2.69150719e+02
2.67103779e+02
2.64697863e+02
2.62265037e+02
2.59906274e+02
2.57897640e+02
2.55798017e+02
2.53855817e+02
2.52293488e+02
2.50234204e+02
2.48735819e+02
2.47273126e+02
2.46149617e+02
2.44855901e+02
2.43655171e+02
2.42097471e+02
2.41590399e+02
2.40537284e+02
2.39921080e+02
2.38428056e+02
2.38189650e+02
2.37291633e+02
2.36537122e+02
2.36090199e+02
2.35308409e+02
2.34479027e+02
2.34252146e+02
2.33417006e+02
2.33370833e+02
2.32841131e+02
2.32608474e+02
2.31941013e+02
2.31646077e+02
2.31133107e+02
2.30992932e+02
2.71317558e+02
2.70848194e+02
2.69848733e+02
2.68414636e+02
2.67067770e+02
2.65855837e+02
2.64451765e+02
2.63275174e+02
2.61702358e+02
2.61009805e+02
2.60262842e+02
2.59441431e+02
2.58280998e+02
2.57405112e+02
2.57086597e+02
2.56579347e+02
2.55814667e+02
2.55490588e+02
2.54659289e+02
2.54323773e+02
2.53823049e+02
2.53623481e+02
2.53438958e+02
2.52912759e+02
2.52187101e+02
2.52259431e+02
2.52036584e+02
2.51438515e+02
2.51529169e+02
2.50950392e+02
2.50941602e+02
2.50903901e+02
2.50541081e+02
2.50448956e+02
2.50488346e+02
2.50186634e+02
2.49887133e+02
2.71078390e+02
2.70980390e+02
2.70499057e+02
2.69149480e+02
2.68108292e+02
2.66745647e+02
2.66240294e+02
2.65482061e+02
2.65088551e+02
2.64460510e+02
2.63672392e+02
2.63072211e+02
2.63064146e+02
2.62713670e+02
2.62098339e+02
2.62214557e+02
2.61452267e+02
2.61139218e+02
2.61066905e+02
2.61003561e+02
2.60578606e+02
2.60878086e+02
2.60484102e+02
2.59920837e+02
2.60319018e+02
2.59956179e+02
2.59855916e+02
2.59715101e+02
2.59865066e+02
2.59202996e+02
2.59374382e+02
2.59426613e+02
2.58842032e+02
2.58693278e+02
2.58760394e+02
2.58747735e+02
2.58642958e+02
2.70980450e+02
2.71239980e+02
2.70405018e+02
2.70579950e+02
2.70408679e+02
2.70326827e+02
2.70303073e+02
2.70030166e+02
2.70268024e+02
2.70007731e+02
2.69731603e+02
2.69760777e+02
2.70065242e+02
2.69775225e+02
2.69958986e+02
2.69573545e+02
2.69924087e+02
2.69897753e+02
2.69609485e+02
2.70078860e+02
2.69604233e+02
2.69634824e+02
2.69815590e+02
2.69961267e+02
2.69326834e+02
2.69757621e+02
2.69877519e+02
2.69681848e+02
2.69401736e+02
2.69400463e+02
2.69245974e+02
2.69719797e+02
2.69332448e+02
2.69796479e+02
2.69567861e+02
2.69457869e+02
2.69610825e+02
