-2.2000e+02
0.0000e+00
0.0000e+00
0.0000e+00
0.0000e+00
0.0000e+00
0.0000e+00
0.0000e+00
0.0000e+00
0.0000e+00
0.0000e+00
0.0000e+00
0.0000e+00
0.0000e+00
0.0000e+00
0.0000e+00
0.0000e+00
0.0000e+00
0.0000e+00
0.0000e+00
0.0000e+00
0.0000e+00
0.0000e+00
0.0000e+00
0.0000e+00
0.0000e+00
0.0000e+00
0.0000e+00
0.0000e+00
0.0000e+00
0.0000e+00
0.0000e+00
0.0000e+00
0.0000e+00
0.0000e+00
0.0000e+00
-1.2000e+02
-6.1200e+00
-3.8022e+00
-2.9410e+00
-2.5107e+00
-2.1071e+00
-1.8037e+00
-1.4963e+00
-1.2429e+00
-1.0384e+00
-8.7267e-01
-7.3739e-01
-6.2610e-01
-5.3389e-01
-4.5701e-01
-3.9258e-01
-3.3832e-01
-2.9244e-01
-2.5350e-01
-2.2034e-01
-1.9202e-01
-1.6777e-01
-1.4694e-01
-1.2902e-01
-1.1355e-01
-1.0018e-01
-8.8597e-02
-7.8537e-02
-6.9785e-02
-6.2155e-02
-5.5489e-02
-4.9655e-02
-4.4537e-02
-4.0038e-02
-3.6078e-02
-3.1622e-02
-2.0000e+01
-5.5969e+00
-5.5330e+00
-5.5432e+00
-5.2194e+00
-4.5959e+00
-3.9424e+00
-3.3522e+00
-2.8419e+00
-2.4078e+00
-2.0415e+00
-1.7334e+00
-1.4743e+00
-1.2564e+00
-1.0728e+00
-9.1778e-01
-7.8669e-01
-6.7559e-01
-5.8125e-01
-5.0100e-01
-4.3260e-01
-3.7421e-01
-3.2428e-01
-2.8152e-01
-2.4484e-01
-2.1333e-01
-1.8623e-01
-1.6288e-01
-1.4273e-01
-1.2533e-01
-1.1027e-01
-9.7226e-02
-8.5904e-02
-7.6064e-02
-6.7499e-02
-5.8426e-02
-9.9229e-02
-2.5954e-01
-3.8593e-01
-4.7984e-01
-5.2956e-01
-5.3751e-01
-5.1478e-01
-4.7440e-01
-4.2656e-01
-3.7765e-01
-3.3110e-01
-2.8852e-01
-2.5048e-01
-2.1696e-01
-1.8769e-01
-1.6228e-01
-1.4030e-01
-1.2133e-01
-1.0497e-01
-9.0880e-02
-7.8750e-02
-6.8307e-02
-5.9313e-02
-5.1567e-02
-4.4891e-02
-3.9134e-02
-3.4166e-02
-2.9877e-02
-2.6169e-02
-2.2962e-02
-2.0184e-02
-1.7776e-02
-1.5686e-02
-1.3869e-02
-1.2288e-02
-1.0714e-02
-2.9241e-02
-1.1612e-01
-2.0433e-01
-2.7735e-01
-3.2443e-01
-3.4303e-01
-3.3816e-01
-3.1790e-01
-2.8970e-01
-2.5877e-01
-2.2823e-01
-1.9968e-01
-1.7382e-01
-1.5083e-01
-1.3065e-01
-1.1306e-01
-9.7794e-02
-8.4595e-02
-7.3201e-02
-6.3377e-02
-5.4912e-02
-4.7620e-02
-4.1340e-02
-3.5929e-02
-3.1265e-02
-2.7243e-02
-2.3773e-02
-2.0777e-02
-1.8188e-02
-1.5949e-02
-1.4010e-02
-1.2330e-02
-1.0872e-02
-9.6060e-03
-8.5040e-03
-7.3880e-03
-2.9084e-01
-1.6089e+00
-2.3299e+00
-2.5716e+00
-2.5981e+00
-2.5214e+00
-2.3945e+00
-2.2458e+00
-2.0897e+00
-1.9344e+00
-1.7845e+00
-1.6427e+00
-1.5101e+00
-1.3871e+00
-1.2739e+00
-1.1700e+00
-1.0748e+00
-9.8792e-01
-9.0862e-01
-8.3630e-01
-7.7035e-01
-7.1022e-01
-6.5536e-01
-6.0530e-01
-5.5958e-01
-5.1779e-01
-4.7958e-01
-4.4459e-01
-4.1254e-01
-3.8314e-01
-3.5615e-01
-3.3136e-01
-3.0856e-01
-2.8757e-01
-2.6823e-01
-2.4160e-01
-2.4188e-01
-1.3863e+00
-2.0548e+00
-2.2907e+00
-2.3275e+00
-2.2669e+00
-2.1572e+00
-2.0248e+00
-1.8839e+00
-1.7427e+00
-1.6059e+00
-1.4765e+00
-1.3555e+00
-1.2436e+00
-1.1406e+00
-1.0464e+00
-9.6028e-01
-8.8178e-01
-8.1028e-01
-7.4518e-01
-6.8592e-01
-6.3195e-01
-5.8279e-01
-5.3797e-01
-4.9709e-01
-4.5976e-01
-4.2565e-01
-3.9444e-01
-3.6587e-01
-3.3969e-01
-3.1567e-01
-2.9362e-01
-2.7334e-01
-2.5469e-01
-2.3751e-01
-2.1370e-01
-2.2872e-01
-9.7157e-01
-1.3144e+00
-1.3769e+00
-1.3397e+00
-1.2644e+00
-1.1741e+00
-1.0798e+00
-9.8673e-01
-8.9793e-01
-8.1506e-01
-7.3883e-01
-6.6940e-01
-6.0655e-01
-5.4990e-01
-4.9895e-01
-4.5318e-01
-4.1210e-01
-3.7521e-01
-3.4208e-01
-3.1229e-01
-2.8548e-01
-2.6133e-01
-2.3954e-01
-2.1987e-01
-2.0207e-01
-1.8595e-01
-1.7133e-01
-1.5806e-01
-1.4598e-01
-1.3499e-01
-1.2496e-01
-1.1581e-01
-1.0744e-01
-9.9780e-02
-9.0559e-02
-1.7432e-01
-8.1580e-01
-1.0923e+00
-1.0467e+00
-9.2194e-01
-8.0094e-01
-6.9856e-01
-6.1347e-01
-5.4167e-01
-4.8011e-01
-4.2682e-01
-3.8042e-01
-3.3988e-01
-3.0433e-01
-2.7310e-01
-2.4559e-01
-2.2131e-01
-1.9983e-01
-1.8079e-01
-1.6387e-01
-1.4880e-01
-1.3537e-01
-1.2336e-01
-1.1260e-01
-1.0295e-01
-9.4276e-02
-8.6462e-02
-7.9412e-02
-7.3040e-02
-6.7273e-02
-6.2043e-02
-5.7292e-02
-5.2972e-02
-4.9035e-02
-4.5446e-02
-4.1243e-02
-9.7467e-02
-2.0459e-01
-1.8257e-01
-1.4711e-01
-1.2020e-01
-1.0045e-01
-8.5529e-02
-7.3754e-02
-6.4095e-02
-5.6010e-02
-4.9163e-02
-4.3320e-02
-3.8304e-02
-3.3977e-02
-3.0227e-02
-2.6967e-02
-2.4123e-02
-2.1633e-02
-1.9448e-02
-1.7524e-02
-1.5827e-02
-1.4323e-02
-1.2990e-02
-1.1805e-02
-1.0747e-02
-9.8040e-03
-8.9580e-03
-8.1990e-03
-7.5180e-03
-6.9030e-03
-6.3490e-03
-5.8470e-03
-5.3940e-03
-4.9810e-03
-4.6070e-03
-4.1950e-03
