2.70188651e+02
4.99365869e+01
5.00437735e+01
4.99220296e+01
4.99333209e+01
4.99778580e+01
4.98279916e+01
4.95632582e+01
4.99328788e+01
4.98675814e+01
4.98407019e+01
4.96987017e+01
5.00263316e+01
4.99918787e+01
4.98142249e+01
5.03171693e+01
5.01434062e+01
4.96869365e+01
4.94691868e+01
4.99256103e+01
5.01704786e+01
5.01431215e+01
4.99404120e+01
4.97741025e+01
4.97378453e+01
4.99513334e+01
4.96371257e+01
5.00601437e+01
5.01107130e+01
5.00744459e+01
5.02762767e+01
5.01559685e+01
5.00393299e+01
4.99969982e+01
5.00248737e+01
5.00376199e+01
4.99079626e+01
2.70191437e+02
1.49829627e+02
1.43950419e+02
1.40103938e+02
1.37359449e+02
1.34424225e+02
1.32477461e+02
1.30498985e+02
1.29152029e+02
1.27778403e+02
1.26621946e+02
1.26135266e+02
1.24930934e+02
1.24656831e+02
1.24038950e+02
1.23586965e+02
1.23075960e+02
1.22667318e+02
1.22273316e+02
1.22316507e+02
1.22283143e+02
1.21576705e+02
1.21270217e+02
1.21688088e+02
1.21468645e+02
1.21626859e+02
1.21178151e+02
1.21047282e+02
1.21092127e+02
1.20872914e+02
1.20738843e+02
1.20985328e+02
1.20710177e+02
1.20870837e+02
1.20461828e+02
1.20454684e+02
1.20393924e+02
2.70241726e+02
2.50062114e+02
2.44372473e+02
2.39145491e+02
2.33177765e+02
2.27721198e+02
2.23397715e+02
2.19316552e+02
2.15724496e+02
2.13056727e+02
2.10400133e+02
2.08334976e+02
2.06452619e+02
2.04763545e+02
2.03739976e+02
2.02243229e+02
2.01577862e+02
2.00976251e+02
2.00063435e+02
1.99126106e+02
1.98644818e+02
1.98450851e+02
1.97669815e+02
1.97732136e+02
1.97478628e+02
1.97222344e+02
1.96847882e+02
1.96669223e+02
1.96094547e+02
1.96355617e+02
1.96103883e+02
1.96170850e+02
1.95548900e+02
1.95636773e+02
1.95432046e+02
1.95949353e+02
1.95750728e+02
2.68744002e+02
2.68689501e+02
2.68537134e+02
2.68032968e+02
2.67554890e+02
2.66904140e+02
2.66543439e+02
2.65886948e+02
2.65344129e+02
2.65004798e+02
2.64210251e+02
2.64109254e+02
2.63486880e+02
2.63523414e+02
2.63596359e+02
2.62775541e+02
2.62837182e+02
2.62796341e+02
2.62457584e+02
2.62316113e+02
2.62526706e+02
2.62075379e+02
2.62068124e+02
2.61737235e+02
2.62188507e+02
2.62108513e+02
2.61996458e+02
2.61644422e+02
2.61944946e+02
2.62080238e+02
2.61791529e+02
2.61720731e+02
2.61708027e+02
2.61866896e+02
2.61721282e+02
2.61847940e+02
2.61518150e+02
2.68281009e+02
2.68625773e+02
2.68098710e+02
2.67735387e+02
2.67812076e+02
2.67585286e+02
2.67360938e+02
2.66999102e+02
2.66140911e+02
2.66494076e+02
2.65772659e+02
2.65349010e+02
2.65370057e+02
2.65032053e+02
2.65277131e+02
2.64975203e+02
2.64874548e+02
2.64759832e+02
2.64555667e+02
2.64537781e+02
2.64578405e+02
2.64138191e+02
2.64472120e+02
2.64189276e+02
2.64264436e+02
2.64400695e+02
2.64478547e+02
2.64233539e+02
2.63968465e+02
2.64213604e+02
2.64125198e+02
2.64370844e+02
2.64463459e+02
2.64079530e+02
2.64094730e+02
2.64243320e+02
2.64277842e+02
2.71026227e+02
2.70990699e+02
2.69194280e+02
2.66657773e+02
2.64153122e+02
2.60920122e+02
2.58661162e+02
2.55702004e+02
2.53403569e+02
2.50794024e+02
2.48564954e+02
2.47016485e+02
2.45178523e+02
2.43448123e+02
2.41995799e+02
2.40803629e+02
2.39734777e+02
2.38554626e+02
2.37490012e+02
2.36300991e+02
2.34978158e+02
2.34295647e+02
2.33525823e+02
2.33125902e+02
2.32457778e+02
2.31998800e+02
2.31363013e+02
2.30856133e+02
2.30030598e+02
2.29782502e+02
2.29612424e+02
2.28992547e+02
2.28705800e+02
2.28402984e+02
2.27881287e+02
2.27724125e+02
2.27249161e+02
2.71555705e+02
2.71379392e+02
2.69990900e+02
2.67994313e+02
2.65344942e+02
2.62811725e+02
2.60567254e+02
2.57935951e+02
2.56197510e+02
2.54106364e+02
2.52527554e+02
2.50153303e+02
2.48976811e+02
2.47111335e+02
2.45930481e+02
2.44877879e+02
2.43864751e+02
2.42709773e+02
2.41941716e+02
2.41503669e+02
2.39994765e+02
2.39454559e+02
2.38522313e+02
2.37774599e+02
2.37393017e+02
2.36736469e+02
2.35945266e+02
2.35548906e+02
2.35170746e+02
2.34907320e+02
2.34603047e+02
2.34394581e+02
2.33808826e+02
2.33811474e+02
2.33426138e+02
2.33298006e+02
2.32833839e+02
2.71402164e+02
2.71405607e+02
2.70085516e+02
2.68713940e+02
2.67184959e+02
2.66083186e+02
2.64373837e+02
2.63065314e+02
2.62115154e+02
2.60960339e+02
2.59966517e+02
2.59699157e+02
2.58908531e+02
2.57872863e+02
2.57173519e+02
2.56627766e+02
2.55660019e+02
2.55425788e+02
2.55076619e+02
2.54007810e+02
2.54383081e+02
2.53765953e+02
2.53727736e+02
2.53188289e+02
2.52738799e+02
2.52463268e+02
2.52159497e+02
2.52190440e+02
2.51740668e+02
2.51608862e+02
2.51672552e+02
2.51444059e+02
2.51476947e+02
2.51160318e+02
2.50978377e+02
2.50960870e+02
2.50538323e+02
2.71368267e+02
2.71357574e+02
2.70017650e+02
2.69240431e+02
2.68249703e+02
2.67201201e+02
2.66438274e+02
2.65721109e+02
2.65111852e+02
2.64646531e+02
2.64116970e+02
2.63542811e+02
2.62976664e+02
2.62452098e+02
2.62408850e+02
2.62343619e+02
2.62251035e+02
2.61710444e+02
2.61853337e+02
2.61269782e+02
2.60987307e+02
2.60747093e+02
2.60884219e+02
2.60294858e+02
2.60271388e+02
2.60460346e+02
2.59928717e+02
2.59946493e+02
2.59585350e+02
2.59632150e+02
2.59758591e+02
2.59630006e+02
2.59832408e+02
2.59361270e+02
2.59386774e+02
2.59045724e+02
2.59326881e+02
2.70861745e+02
2.70716108e+02
2.70639551e+02
2.70600591e+02
2.70352166e+02
2.70092716e+02
2.69834672e+02
2.70105317e+02
2.70222006e+02
2.69728473e+02
2.69732564e+02
2.69853620e+02
2.69418605e+02
2.69877111e+02
2.69919767e+02
2.69998575e+02
2.69954984e+02
2.69687015e+02
2.69935487e+02
2.69483212e+02
2.69373590e+02
2.69604503e+02
2.69283371e+02
2.69510284e+02
2.69697905e+02
2.69852082e+02
2.69928204e+02
2.70258521e+02
2.69504424e+02
2.69651467e+02
2.69434473e+02
2.69534876e+02
2.69793171e+02
2.69713647e+02
2.69633137e+02
2.69584129e+02
2.69329413e+02
