2.70241495e+02
4.99503439e+01
4.99746832e+01
4.96826512e+01
5.04699776e+01
5.01367734e+01
4.99068786e+01
4.97253057e+01
5.01993434e+01
4.92012068e+01
5.00077378e+01
4.96604596e+01
5.01068156e+01
4.98246212e+01
4.96601142e+01
5.00313818e+01
4.98754642e+01
5.00558569e+01
4.97588408e+01
4.98132047e+01
4.99480481e+01
4.99534652e+01
4.99745706e+01
4.99115237e+01
5.01914353e+01
4.96801340e+01
4.93712804e+01
4.97800126e+01
4.95459059e+01
4.99393812e+01
5.00510512e+01
5.01513901e+01
4.96727202e+01
4.96463580e+01
4.96401600e+01
5.02278619e+01
4.99459349e+01
2.69592778e+02
1.50354688e+02
1.43479806e+02
1.39495636e+02
1.37002406e+02
1.34085078e+02
1.32096068e+02
1.29742450e+02
1.28974988e+02
1.27362274e+02
1.26107578e+02
1.25355195e+02
1.24577283e+02
1.23859229e+02
1.23425725e+02
1.23330309e+02
1.22479907e+02
1.22208799e+02
1.22033056e+02
1.21619558e+02
1.21116852e+02
1.21519172e+02
1.20882014e+02
1.20878135e+02
1.20849352e+02
1.20731760e+02
1.20760472e+02
1.20457786e+02
1.20183952e+02
1.20614629e+02
1.20262449e+02
1.20071397e+02
1.20146597e+02
1.20099109e+02
1.20396847e+02
1.19905869e+02
1.20039061e+02
2.69990412e+02
2.49987258e+02
2.44521003e+02
2.39328825e+02
2.33161084e+02
2.28042232e+02
2.23763787e+02
2.19423900e+02
2.15829722e+02
2.13319112e+02
2.10872264e+02
2.08605728e+02
2.06850389e+02
2.05520074e+02
2.04157866e+02
2.03254814e+02
2.02232193e+02
2.01529581e+02
2.00742205e+02
2.00435303e+02
1.99610194e+02
1.99461213e+02
1.99230480e+02
1.98179816e+02
1.98195564e+02
1.97846933e+02
1.97973364e+02
1.97700034e+02
1.97523551e+02
1.97453352e+02
1.96878232e+02
1.97204768e+02
1.97060444e+02
1.96520862e+02
1.96757171e+02
1.96796715e+02
1.96819137e+02
2.68855932e+02
2.68395294e+02
2.68397318e+02
2.67760120e+02
2.67124502e+02
2.66843309e+02
2.66573717e+02
2.65917448e+02
2.65488524e+02
2.64724391e+02
2.64735775e+02
2.64077202e+02
2.63907006e+02
2.63608237e+02
2.63475079e+02
2.63131762e+02
2.63376985e+02
2.63113807e+02
2.62949131e+02
2.62861722e+02
2.62780384e+02
2.62589761e+02
2.62572891e+02
2.62498171e+02
2.62702060e+02
2.62664153e+02
2.62644389e+02
2.62426892e+02
2.62069119e+02
2.62208018e+02
2.62216033e+02
2.62366764e+02
2.62152380e+02
2.62020015e+02
2.62007240e+02
2.62194126e+02
2.62474578e+02
2.68532327e+02
2.68775423e+02
2.67842703e+02
2.67881159e+02
2.67617924e+02
2.67088610e+02
2.67207920e+02
2.66696760e+02
2.66545066e+02
2.66433688e+02
2.65910705e+02
2.66014417e+02
2.65655057e+02
2.65493796e+02
2.65252116e+02
2.65136172e+02
2.65034429e+02
2.64836416e+02
2.64730291e+02
2.65027806e+02
2.64518694e+02
2.64743432e+02
2.64348322e+02
2.64163006e+02
2.64704381e+02
2.64246620e+02
2.64641630e+02
2.64703337e+02
2.64138258e+02
2.64499630e+02
2.64341296e+02
2.64253109e+02
2.64386931e+02
2.64431193e+02
2.64414670e+02
2.64217887e+02
2.64255308e+02
2.70116449e+02
2.69708109e+02
2.66905733e+02
2.64686138e+02
2.61815826e+02
2.59680252e+02
2.56993529e+02
2.54580898e+02
2.52382699e+02
2.50795389e+02
2.48990683e+02
2.47496472e+02
2.45787170e+02
2.44493759e+02
2.43056631e+02
2.42500921e+02
2.41120512e+02
2.40052715e+02
2.38969109e+02
2.38226224e+02
2.37776297e+02
2.36945386e+02
2.35997614e+02
2.35440619e+02
2.34852413e+02
2.34724144e+02
2.33545267e+02
2.33432826e+02
2.33151076e+02
2.32455994e+02
2.32528207e+02
2.32263638e+02
2.31427204e+02
2.31401762e+02
2.30882979e+02
2.30517442e+02
2.30490183e+02
2.70205815e+02
2.70179152e+02
2.69000540e+02
2.67783488e+02
2.65403053e+02
2.63690671e+02
2.61287262e+02
2.59588474e+02
2.57539179e+02
2.56067859e+02
2.53697148e+02
2.52191756e+02
2.51061067e+02
2.49322719e+02
2.47934955e+02
2.46899274e+02
2.45974902e+02
2.44916756e+02
2.44158788e+02
2.43427309e+02
2.42527522e+02
2.41747359e+02
2.40998827e+02
2.40262152e+02
2.40197695e+02
2.39699781e+02
2.38702978e+02
2.38403085e+02
2.38258154e+02
2.37940809e+02
2.37826798e+02
2.37077110e+02
2.37042285e+02
2.36130477e+02
2.36017036e+02
2.35631440e+02
2.35751836e+02
2.70536040e+02
2.70406635e+02
2.69727965e+02
2.68513740e+02
2.67351157e+02
2.65416807e+02
2.64597242e+02
2.63421506e+02
2.62236716e+02
2.60988775e+02
2.60044980e+02
2.59199701e+02
2.58646937e+02
2.58002615e+02
2.56989675e+02
2.56310550e+02
2.55829643e+02
2.55685892e+02
2.55154514e+02
2.54399876e+02
2.54668114e+02
2.53739479e+02
2.53348660e+02
2.52812145e+02
2.53170016e+02
2.52945557e+02
2.52015454e+02
2.51962341e+02
2.51518109e+02
2.51902238e+02
2.51495215e+02
2.51194206e+02
2.51264918e+02
2.51071579e+02
2.51279697e+02
2.50796548e+02
2.50724067e+02
2.70614692e+02
2.70816799e+02
2.70075677e+02
2.68467531e+02
2.67838040e+02
2.66848572e+02
2.65735439e+02
2.65014902e+02
2.64561206e+02
2.63929332e+02
2.63697533e+02
2.62920328e+02
2.62548050e+02
2.61890231e+02
2.62104104e+02
2.61458253e+02
2.61238328e+02
2.61027233e+02
2.60573536e+02
2.60409465e+02
2.60452738e+02
2.59865690e+02
2.59736031e+02
2.59761275e+02
2.59736396e+02
2.59737188e+02
2.59317413e+02
2.59275487e+02
2.59205857e+02
2.59106361e+02
2.59235779e+02
2.58656087e+02
2.59186348e+02
2.58610859e+02
2.58523487e+02
2.58470395e+02
2.58607866e+02
2.71168014e+02
2.70735799e+02
2.70826078e+02
2.70710026e+02
2.70379665e+02
2.70304803e+02
2.70238133e+02
2.70566939e+02
2.69881383e+02
2.70070245e+02
2.69916089e+02
2.69906794e+02
2.69731218e+02
2.69862222e+02
2.70139119e+02
2.69732751e+02
2.69794400e+02
2.69986163e+02
2.69461768e+02
2.69581194e+02
2.69575694e+02
2.69726953e+02
2.69329630e+02
2.69136913e+02
2.69463934e+02
2.69474086e+02
2.69690275e+02
2.69622082e+02
2.69297612e+02
2.69589550e+02
2.69700246e+02
2.69776406e+02
2.69710389e+02
2.69391608e+02
2.69269199e+02
2.69388076e+02
2.69377108e+02
