2.70136005e+02
5.02733601e+01
5.00099555e+01
5.00536909e+01
5.02389141e+01
4.96559943e+01
5.01890939e+01
4.97493579e+01
4.99413917e+01
4.98652198e+01
4.99435231e+01
4.96472021e+01
4.97487202e+01
4.99682357e+01
4.99656554e+01
5.02024703e+01
5.02190726e+01
4.99146566e+01
4.98425005e+01
5.00495398e+01
5.01045266e+01
5.00039285e+01
5.00993826e+01
4.97460154e+01
5.01273427e+01
4.99259171e+01
4.97581114e+01
4.97112087e+01
4.99511302e+01
5.00820440e+01
4.98947580e+01
5.00762146e+01
4.98387614e+01
4.99430905e+01
4.97597316e+01
5.00314934e+01
5.02151971e+01
2.70166899e+02
1.49501808e+02
1.43653255e+02
1.39631999e+02
1.36321793e+02
1.34255445e+02
1.32422089e+02
1.30256708e+02
1.28705231e+02
1.27608456e+02
1.26505059e+02
1.25577080e+02
1.24944376e+02
1.24211503e+02
1.23550393e+02
1.23247524e+02
1.22766298e+02
1.22469646e+02
1.22008343e+02
1.21945540e+02
1.21205307e+02
1.21120302e+02
1.21487536e+02
1.20724891e+02
1.20773018e+02
1.20483228e+02
1.20974476e+02
1.20728192e+02
1.20396779e+02
1.20288226e+02
1.20399214e+02
1.20299363e+02
1.20418323e+02
1.19975787e+02
1.20281628e+02
1.20335637e+02
1.20116276e+02
2.69928888e+02
2.50142782e+02
2.44411408e+02
2.38820517e+02
2.33759812e+02
2.27546035e+02
2.23113145e+02
2.19028566e+02
2.15880870e+02
2.12722479e+02
2.10426432e+02
2.08281021e+02
2.06440593e+02
2.04489280e+02
2.03639690e+02
2.02415743e+02
2.01664686e+02
2.00837519e+02
1.99693856e+02
1.98841606e+02
1.98472008e+02
1.98050097e+02
1.97795601e+02
1.97559607e+02
1.97254219e+02
1.97146644e+02
1.96557119e+02
1.96514933e+02
1.96136403e+02
1.95869102e+02
1.95911478e+02
1.95749625e+02
1.95581326e+02
1.95603722e+02
1.95370138e+02
1.95205481e+02
1.95341330e+02
2.68883803e+02
2.68288947e+02
2.68672317e+02
2.68205392e+02
2.67409568e+02
2.66960531e+02
2.66654076e+02
2.66267196e+02
2.65604705e+02
2.65310049e+02
2.64843526e+02
2.64059431e+02
2.64300169e+02
2.63913730e+02
2.63580353e+02
2.63804370e+02
2.63282733e+02
2.62750081e+02
2.62998544e+02
2.62957065e+02
2.62994581e+02
2.62716933e+02
2.62701034e+02
2.62672779e+02
2.62291348e+02
2.62336158e+02
2.62448525e+02
2.62494259e+02
2.62774266e+02
2.62139970e+02
2.62111624e+02
2.62308107e+02
2.62474060e+02
2.62581896e+02
2.62267309e+02
2.62010821e+02
2.62056437e+02
2.68004930e+02
2.68065567e+02
2.68225672e+02
2.68165549e+02
2.67821569e+02
2.67454429e+02
2.67179049e+02
2.67043524e+02
2.66380848e+02
2.66080149e+02
2.66063138e+02
2.65782193e+02
2.65892189e+02
2.65101707e+02
2.65111225e+02
2.65367326e+02
2.64869864e+02
2.65204744e+02
2.65200344e+02
2.64727695e+02
2.64716770e+02
2.64797610e+02
2.64556455e+02
2.64713793e+02
2.64579818e+02
2.64083866e+02
2.64060358e+02
2.64419080e+02
2.64602718e+02
2.64203487e+02
2.64192907e+02
2.64132003e+02
2.64385958e+02
2.64073907e+02
2.63956898e+02
2.64487574e+02
2.64279636e+02
2.72234942e+02
2.71682276e+02
2.69778985e+02
2.66599344e+02
2.63933582e+02
2.60908465e+02
2.58370543e+02
2.55977960e+02
2.53555579e+02
2.52013924e+02
2.49793378e+02
2.48272949e+02
2.46724498e+02
2.44823224e+02
2.43859135e+02
2.42477408e+02
2.41336500e+02
2.40173772e+02
2.39498768e+02
2.38889871e+02
2.37447228e+02
2.36642124e+02
2.36293477e+02
2.35550101e+02
2.34769869e+02
2.34403228e+02
2.33823518e+02
2.33620791e+02
2.32919084e+02
2.32222100e+02
2.31869973e+02
2.31528542e+02
2.31414663e+02
2.30959971e+02
2.30863353e+02
2.30188193e+02
2.30104672e+02
2.72717003e+02
2.72308090e+02
2.70468594e+02
2.68675209e+02
2.66142337e+02
2.63772998e+02
2.61645197e+02
2.59287502e+02
2.57275705e+02
2.55381683e+02
2.53532096e+02
2.51879830e+02
2.50308902e+02
2.48890522e+02
2.47519612e+02
2.46179749e+02
2.44822185e+02
2.44134715e+02
2.43242318e+02
2.42201736e+02
2.41038379e+02
2.40640807e+02
2.39783264e+02
2.39195020e+02
2.38780229e+02
2.38346438e+02
2.38104639e+02
2.36948247e+02
2.36543961e+02
2.36080043e+02
2.36010100e+02
2.35537066e+02
2.35437055e+02
2.34727101e+02
2.34423541e+02
2.34140716e+02
2.34126327e+02
2.71809067e+02
2.71616206e+02
2.70666035e+02
2.69387153e+02
2.67878563e+02
2.66723572e+02
2.65205793e+02
2.63975717e+02
2.63192279e+02
2.61822759e+02
2.60901481e+02
2.60143936e+02
2.59522083e+02
2.58967503e+02
2.58149465e+02
2.57450552e+02
2.56596010e+02
2.56548674e+02
2.55791069e+02
2.55217610e+02
2.55478006e+02
2.54623609e+02
2.54260201e+02
2.53842578e+02
2.53760547e+02
2.53477939e+02
2.53073475e+02
2.52536750e+02
2.52970739e+02
2.52367242e+02
2.52150268e+02
2.52076168e+02
2.52069172e+02
2.51945138e+02
2.51461236e+02
2.51467084e+02
2.51418123e+02
2.70970610e+02
2.71608817e+02
2.70540322e+02
2.69479452e+02
2.68593272e+02
2.67522136e+02
2.66370973e+02
2.66064562e+02
2.65463312e+02
2.64826586e+02
2.64684091e+02
2.64031844e+02
2.63762661e+02
2.62967964e+02
2.62798109e+02
2.62614084e+02
2.62524404e+02
2.61802129e+02
2.61695771e+02
2.61733539e+02
2.61118689e+02
2.61550353e+02
2.60987926e+02
2.60462114e+02
2.60964323e+02
2.60428189e+02
2.60081765e+02
2.60132584e+02
2.59957738e+02
2.60479147e+02
2.60245172e+02
2.60003628e+02
2.60059996e+02
2.59679072e+02
2.59668193e+02
2.59505547e+02
2.59255679e+02
2.71156611e+02
2.70797838e+02
2.70751485e+02
2.70551443e+02
2.70560990e+02
2.70083145e+02
2.70102283e+02
2.70044875e+02
2.70284479e+02
2.70018387e+02
2.70111789e+02
2.69856803e+02
2.69829335e+02
2.70169625e+02
2.69355361e+02
2.69745601e+02
2.69821447e+02
2.69872006e+02
2.69673927e+02
2.69790199e+02
2.69831190e+02
2.69500201e+02
2.69988625e+02
2.69837497e+02
2.69603193e+02
2.69618468e+02
2.69757832e+02
2.68956862e+02
2.69847843e+02
2.69458148e+02
2.69445129e+02
2.69556449e+02
2.69725263e+02
2.69520688e+02
2.69577984e+02
2.69642702e+02
2.69375580e+02
