2.69999215e+02
5.03138791e+01
4.99586492e+01
5.02105805e+01
4.96336273e+01
4.97845703e+01
5.03076673e+01
5.00526057e+01
4.96655917e+01
5.00994400e+01
4.99090714e+01
4.98945868e+01
4.99211594e+01
4.98393797e+01
4.96416613e+01
5.00576494e+01
4.99329546e+01
5.00073702e+01
5.00988555e+01
5.00401900e+01
4.97284178e+01
5.03241278e+01
5.03453673e+01
5.01134535e+01
5.00438322e+01
4.98096084e+01
5.02700176e+01
5.00527727e+01
4.99303458e+01
5.03104642e+01
4.98745654e+01
5.00462921e+01
5.01199384e+01
5.00669748e+01
5.00020286e+01
4.99608223e+01
5.01383573e+01
2.70105021e+02
1.50120896e+02
1.43518576e+02
1.39535529e+02
1.36394908e+02
1.34115986e+02
1.31839237e+02
1.30004734e+02
1.28383231e+02
1.27231914e+02
1.26213406e+02
1.25367015e+02
1.24888443e+02
1.24223606e+02
1.23424318e+02
1.22560922e+02
1.22297440e+02
1.22445972e+02
1.22094333e+02
1.21661122e+02
1.21500670e+02
1.21513569e+02
1.21150386e+02
1.20558246e+02
1.20762079e+02
1.21160288e+02
1.20723280e+02
1.20716610e+02
1.20481102e+02
1.20387479e+02
1.20321866e+02
1.20039317e+02
1.20144650e+02
1.20249514e+02
1.20394183e+02
1.20139451e+02
1.20120883e+02
2.69852318e+02
2.49862504e+02
2.44216944e+02
2.39042166e+02
2.33621987e+02
2.28242439e+02
2.23595840e+02
2.19734467e+02
2.15863184e+02
2.13326944e+02
2.11210891e+02
2.08837876e+02
2.06931728e+02
2.05592010e+02
2.04563984e+02
2.03656632e+02
2.02500851e+02
2.01797948e+02
2.00843998e+02
2.00607194e+02
1.99920667e+02
1.99209769e+02
1.99029652e+02
1.98842182e+02
1.98268707e+02
1.97856141e+02
1.97874174e+02
1.97558620e+02
1.97571854e+02
1.97053334e+02
1.96986159e+02
1.97298571e+02
1.96526667e+02
1.97189624e+02
1.96749946e+02
1.96894734e+02
1.96864907e+02
2.68773114e+02
2.68506538e+02
2.68404271e+02
2.67835576e+02
2.67699931e+02
2.67190477e+02
2.66305468e+02
2.65963758e+02
2.65695011e+02
2.65079774e+02
2.64289326e+02
2.64333639e+02
2.63977319e+02
2.63476642e+02
2.63454563e+02
2.63598182e+02
2.63199933e+02
2.63433541e+02
2.62635358e+02
2.62963077e+02
2.62723131e+02
2.62740937e+02
2.62631742e+02
2.62228238e+02
2.62385798e+02
2.62548237e+02
2.62158902e+02
2.62159326e+02
2.62436381e+02
2.62016313e+02
2.62096771e+02
2.62081336e+02
2.61908273e+02
2.62467143e+02
2.62324190e+02
2.62076441e+02
2.62087260e+02
2.68496341e+02
2.68229314e+02
2.68607699e+02
2.68151201e+02
2.67895013e+02
2.67495060e+02
2.66956978e+02
2.66444668e+02
2.66122208e+02
2.65680598e+02
2.65504984e+02
2.65395341e+02
2.65602243e+02
2.65281772e+02
2.65051523e+02
2.64846312e+02
2.64731436e+02
2.64788861e+02
2.64406120e+02
2.64518471e+02
2.64372729e+02
2.64289100e+02
2.64218663e+02
2.64461070e+02
2.64335686e+02
2.64227507e+02
2.64029260e+02
2.64271770e+02
2.64389734e+02
2.63966242e+02
2.64409465e+02
2.64008222e+02
2.64194895e+02
2.64216166e+02
2.64378051e+02
2.64328328e+02
2.63827748e+02
2.70284552e+02
2.69697270e+02
2.68263369e+02
2.66070386e+02
2.63499387e+02
2.60907793e+02
2.58347089e+02
2.56172121e+02
2.54312961e+02
2.51881266e+02
2.50063863e+02
2.47823440e+02
2.46642180e+02
2.44820796e+02
2.43443196e+02
2.42238813e+02
2.41108854e+02
2.39978589e+02
2.38659295e+02
2.37872978e+02
2.37196016e+02
2.36024033e+02
2.35278427e+02
2.35257558e+02
2.34891830e+02
2.33454793e+02
2.33194609e+02
2.32824620e+02
2.32080657e+02
2.31928468e+02
2.31696206e+02
2.31045976e+02
2.30838175e+02
2.30170092e+02
2.29968428e+02
2.29567189e+02
2.29451703e+02
2.70470484e+02
2.69553136e+02
2.68450136e+02
2.66558709e+02
2.64253713e+02
2.62116066e+02
2.59785598e+02
2.58063448e+02
2.55883623e+02
2.53413225e+02
2.51972036e+02
2.50591341e+02
2.49216386e+02
2.47714669e+02
2.46090449e+02
2.45280855e+02
2.44032618e+02
2.42971564e+02
2.42178635e+02
2.40922926e+02
2.40170048e+02
2.39954669e+02
2.39391072e+02
2.38290275e+02
2.37728654e+02
2.37721335e+02
2.37228874e+02
2.36462173e+02
2.36341236e+02
2.35907117e+02
2.35113369e+02
2.34852383e+02
2.35036916e+02
2.34258302e+02
2.34303636e+02
2.34184568e+02
2.33676386e+02
2.71092733e+02
2.70333439e+02
2.69571224e+02
2.68443938e+02
2.66754052e+02
2.65737152e+02
2.64226394e+02
2.62765868e+02
2.62135389e+02
2.60797233e+02
2.59848530e+02
2.59377685e+02
2.58386182e+02
2.57802623e+02
2.56749499e+02
2.56349682e+02
2.55952857e+02
2.55622810e+02
2.54407245e+02
2.54237847e+02
2.53750201e+02
2.53696763e+02
2.53607923e+02
2.52880504e+02
2.52984826e+02
2.52509543e+02
2.52156456e+02
2.51926118e+02
2.51943056e+02
2.51876582e+02
2.51391655e+02
2.51430464e+02
2.51438516e+02
2.50789162e+02
2.50910306e+02
2.50858993e+02
2.50388666e+02
2.71119284e+02
2.70818438e+02
2.70075196e+02
2.68911259e+02
2.67853273e+02
2.67081073e+02
2.65693571e+02
2.65615710e+02
2.64534923e+02
2.63992905e+02
2.63620716e+02
2.62912179e+02
2.62857337e+02
2.62510833e+02
2.62249121e+02
2.61342099e+02
2.61427616e+02
2.60932924e+02
2.60674257e+02
2.60277541e+02
2.60403799e+02
2.60411890e+02
2.60017597e+02
2.59770033e+02
2.59798856e+02
2.59613658e+02
2.59722688e+02
2.59064546e+02
2.59490048e+02
2.59410560e+02
2.59208445e+02
2.59086050e+02
2.59261425e+02
2.58943530e+02
2.58688087e+02
2.58926744e+02
2.58634833e+02
2.70991611e+02
2.70670051e+02
2.70620186e+02
2.71010344e+02
2.70594330e+02
2.69845477e+02
2.69955550e+02
2.69911777e+02
2.70002350e+02
2.69983853e+02
2.69818828e+02
2.69525868e+02
2.69413392e+02
2.69560548e+02
2.69600578e+02
2.69538043e+02
2.69410621e+02
2.69261942e+02
2.69736215e+02
2.69250701e+02
2.69328282e+02
2.69128279e+02
2.69304540e+02
2.69650164e+02
2.69684009e+02
2.69293978e+02
2.69274864e+02
2.68955026e+02
2.69449481e+02
2.69137190e+02
2.69422142e+02
2.69913504e+02
2.69324526e+02
2.69425773e+02
2.69289932e+02
2.69524533e+02
2.69074203e+02
