-2.2000e+02
0.0000e+00
0.0000e+00
0.0000e+00
0.0000e+00
0.0000e+00
0.0000e+00
0.0000e+00
0.0000e+00
0.0000e+00
0.0000e+00
0.0000e+00
0.0000e+00
0.0000e+00
0.0000e+00
0.0000e+00
0.0000e+00
0.0000e+00
0.0000e+00
0.0000e+00
0.0000e+00
0.0000e+00
0.0000e+00
0.0000e+00
0.0000e+00
0.0000e+00
0.0000e+00
0.0000e+00
0.0000e+00
0.0000e+00
0.0000e+00
0.0000e+00
0.0000e+00
0.0000e+00
0.0000e+00
0.0000e+00
-1.2000e+02
-6.0554e+00
-3.7883e+00
-2.9275e+00
-2.5013e+00
-2.0829e+00
-1.7912e+00
-1.4874e+00
-1.2349e+00
-1.0310e+00
-8.6582e-01
-7.3115e-01
-6.2051e-01
-5.2897e-01
-4.5279e-01
-3.8903e-01
-3.3543e-01
-2.9016e-01
-2.5180e-01
-2.1918e-01
-1.9135e-01
-1.6753e-01
-1.4710e-01
-1.2952e-01
-1.1436e-01
-1.0124e-01
-8.9877e-02
-8.0000e-02
-7.1398e-02
-6.3886e-02
-5.7311e-02
-5.1542e-02
-4.6467e-02
-4.1994e-02
-3.7298e-02
-3.3322e-02
-2.0000e+01
-5.5464e+00
-5.4815e+00
-5.4741e+00
-5.1473e+00
-4.5254e+00
-3.8738e+00
-3.2872e+00
-2.7817e+00
-2.3530e+00
-1.9920e+00
-1.6889e+00
-1.4346e+00
-1.2211e+00
-1.0415e+00
-8.9015e-01
-7.6237e-01
-6.5427e-01
-5.6264e-01
-4.8481e-01
-4.1860e-01
-3.6217e-01
-3.1399e-01
-2.7278e-01
-2.3749e-01
-2.0721e-01
-1.8119e-01
-1.5879e-01
-1.3949e-01
-1.2282e-01
-1.0839e-01
-9.5897e-02
-8.5047e-02
-7.5612e-02
-6.6235e-02
-5.8261e-02
-1.0916e-01
-2.7005e-01
-3.9238e-01
-4.8221e-01
-5.2865e-01
-5.3424e-01
-5.0994e-01
-4.6864e-01
-4.2038e-01
-3.7141e-01
-3.2504e-01
-2.8278e-01
-2.4513e-01
-2.1205e-01
-1.8323e-01
-1.5826e-01
-1.3670e-01
-1.1812e-01
-1.0214e-01
-8.8397e-02
-7.6587e-02
-6.6435e-02
-5.7709e-02
-5.0202e-02
-4.3744e-02
-3.8182e-02
-3.3388e-02
-2.9253e-02
-2.5681e-02
-2.2593e-02
-1.9920e-02
-1.7603e-02
-1.5590e-02
-1.3840e-02
-1.2211e-02
-1.0716e-02
-2.5758e-02
-1.0462e-01
-1.8566e-01
-2.5323e-01
-2.9789e-01
-3.1660e-01
-3.1331e-01
-2.9523e-01
-2.6933e-01
-2.4062e-01
-2.1213e-01
-1.8546e-01
-1.6130e-01
-1.3983e-01
-1.2100e-01
-1.0460e-01
-9.0400e-02
-7.8135e-02
-6.7565e-02
-5.8467e-02
-5.0642e-02
-4.3911e-02
-3.8123e-02
-3.3146e-02
-2.8861e-02
-2.5172e-02
-2.1994e-02
-1.9252e-02
-1.6885e-02
-1.4841e-02
-1.3070e-02
-1.1538e-02
-1.0207e-02
-9.0520e-03
-7.9370e-03
-7.0060e-03
-4.1417e-01
-1.6854e+00
-2.3980e+00
-2.6395e+00
-2.6624e+00
-2.5792e+00
-2.4447e+00
-2.2889e+00
-2.1272e+00
-1.9680e+00
-1.8156e+00
-1.6726e+00
-1.5397e+00
-1.4171e+00
-1.3046e+00
-1.2016e+00
-1.1075e+00
-1.0215e+00
-9.4296e-01
-8.7126e-01
-8.0572e-01
-7.4579e-01
-6.9092e-01
-6.4064e-01
-5.9452e-01
-5.5217e-01
-5.1323e-01
-4.7739e-01
-4.4437e-01
-4.1392e-01
-3.8581e-01
-3.5983e-01
-3.3580e-01
-3.1356e-01
-2.8693e-01
-2.6198e-01
-3.5937e-01
-1.4984e+00
-2.1572e+00
-2.3794e+00
-2.3992e+00
-2.3232e+00
-2.2020e+00
-2.0620e+00
-1.9168e+00
-1.7737e+00
-1.6368e+00
-1.5082e+00
-1.3887e+00
-1.2784e+00
-1.1773e+00
-1.0847e+00
-1.0000e+00
-9.2272e-01
-8.5210e-01
-7.8759e-01
-7.2860e-01
-6.7463e-01
-6.2519e-01
-5.7987e-01
-5.3828e-01
-5.0006e-01
-4.6490e-01
-4.3253e-01
-4.0269e-01
-3.7516e-01
-3.4973e-01
-3.2622e-01
-3.0447e-01
-2.8433e-01
-2.5992e-01
-2.3734e-01
-2.5430e-01
-9.8282e-01
-1.3241e+00
-1.3995e+00
-1.3791e+00
-1.3193e+00
-1.2418e+00
-1.1577e+00
-1.0728e+00
-9.9027e-01
-9.1207e-01
-8.3914e-01
-7.7178e-01
-7.0994e-01
-6.5337e-01
-6.0172e-01
-5.5460e-01
-5.1161e-01
-4.7237e-01
-4.3653e-01
-4.0376e-01
-3.7376e-01
-3.4629e-01
-3.2108e-01
-2.9793e-01
-2.7666e-01
-2.5708e-01
-2.3905e-01
-2.2243e-01
-2.0709e-01
-1.9291e-01
-1.7982e-01
-1.6770e-01
-1.5648e-01
-1.4354e-01
-1.3214e-01
-1.8850e-01
-8.0567e-01
-1.0677e+00
-1.0312e+00
-9.2422e-01
-8.2110e-01
-7.3396e-01
-6.6112e-01
-5.9888e-01
-5.4457e-01
-4.9657e-01
-4.5384e-01
-4.1561e-01
-3.8127e-01
-3.5032e-01
-3.2236e-01
-2.9702e-01
-2.7401e-01
-2.5306e-01
-2.3395e-01
-2.1650e-01
-2.0052e-01
-1.8588e-01
-1.7244e-01
-1.6009e-01
-1.4872e-01
-1.3825e-01
-1.2860e-01
-1.1970e-01
-1.1147e-01
-1.0387e-01
-9.6830e-02
-9.0318e-02
-8.4283e-02
-7.7333e-02
-7.1324e-02
-8.9730e-02
-1.7561e-01
-1.5239e-01
-1.2164e-01
-9.9392e-02
-8.3444e-02
-7.1513e-02
-6.2160e-02
-5.4495e-02
-4.8069e-02
-4.2616e-02
-3.7948e-02
-3.3923e-02
-3.0432e-02
-2.7390e-02
-2.4727e-02
-2.2383e-02
-2.0316e-02
-1.8482e-02
-1.6853e-02
-1.5397e-02
-1.4096e-02
-1.2926e-02
-1.1875e-02
-1.0925e-02
-1.0066e-02
-9.2870e-03
-8.5800e-03
-7.9350e-03
-7.3470e-03
-6.8100e-03
-6.3180e-03
-5.8680e-03
-5.4540e-03
-4.9880e-03
-4.5790e-03
