-2.2000e+02
0.0000e+00
0.0000e+00
0.0000e+00
0.0000e+00
0.0000e+00
0.0000e+00
0.0000e+00
0.0000e+00
0.0000e+00
0.0000e+00
0.0000e+00
0.0000e+00
0.0000e+00
0.0000e+00
0.0000e+00
0.0000e+00
0.0000e+00
0.0000e+00
0.0000e+00
0.0000e+00
0.0000e+00
0.0000e+00
0.0000e+00
0.0000e+00
0.0000e+00
0.0000e+00
0.0000e+00
0.0000e+00
0.0000e+00
0.0000e+00
0.0000e+00
0.0000e+00
0.0000e+00
0.0000e+00
0.0000e+00
-1.2000e+02
-6.2463e+00
-3.8495e+00
-2.9562e+00
-2.5259e+00
-2.1886e+00
-1.8291e+00
-1.5103e+00
-1.2533e+00
-1.0473e+00
-8.8100e-01
-7.4554e-01
-6.3425e-01
-5.4210e-01
-4.6526e-01
-4.0081e-01
-3.4646e-01
-3.0042e-01
-2.6125e-01
-2.2782e-01
-1.9918e-01
-1.7458e-01
-1.5338e-01
-1.3507e-01
-1.1922e-01
-1.0546e-01
-9.3495e-02
-8.3070e-02
-7.3965e-02
-6.6000e-02
-5.8532e-02
-5.1201e-02
-4.6203e-02
-4.1725e-02
-3.7745e-02
-3.4210e-02
-2.0000e+01
-5.4352e+00
-5.4795e+00
-5.5195e+00
-5.2247e+00
-4.6200e+00
-3.9796e+00
-3.3951e+00
-2.8860e+00
-2.4514e+00
-2.0837e+00
-1.7739e+00
-1.5129e+00
-1.2930e+00
-1.1074e+00
-9.5045e-01
-8.1740e-01
-7.0438e-01
-6.0818e-01
-5.2612e-01
-4.5598e-01
-3.9591e-01
-3.4438e-01
-3.0009e-01
-2.6196e-01
-2.2908e-01
-2.0069e-01
-1.7613e-01
-1.5486e-01
-1.3640e-01
-1.1946e-01
-1.0333e-01
-9.1884e-02
-8.1840e-02
-7.3024e-02
-6.5276e-02
-1.5110e-01
-2.8001e-01
-4.0193e-01
-5.0246e-01
-5.6300e-01
-5.8119e-01
-5.6562e-01
-5.2882e-01
-4.8152e-01
-4.3096e-01
-3.8143e-01
-3.3515e-01
-2.9314e-01
-2.5565e-01
-2.2258e-01
-1.9362e-01
-1.6837e-01
-1.4643e-01
-1.2739e-01
-1.1089e-01
-9.6598e-02
-8.4224e-02
-7.3508e-02
-6.4226e-02
-5.6183e-02
-4.9209e-02
-4.3158e-02
-3.7905e-02
-3.3339e-02
-2.9368e-02
-2.5844e-02
-2.2527e-02
-1.9825e-02
-1.7581e-02
-1.5651e-02
-1.3967e-02
-4.5123e-02
-1.1763e-01
-1.9343e-01
-2.6471e-01
-3.1736e-01
-3.4452e-01
-3.4787e-01
-3.3383e-01
-3.0949e-01
-2.8041e-01
-2.5026e-01
-2.2116e-01
-1.9419e-01
-1.6981e-01
-1.4812e-01
-1.2901e-01
-1.1228e-01
-9.7690e-02
-8.5009e-02
-7.4005e-02
-6.4463e-02
-5.6196e-02
-4.9032e-02
-4.2826e-02
-3.7446e-02
-3.2782e-02
-2.8736e-02
-2.5222e-02
-2.2170e-02
-1.9516e-02
-1.7103e-02
-1.4930e-02
-1.3193e-02
-1.1673e-02
-1.0370e-02
-9.2420e-03
-9.1332e-01
-2.3537e+00
-2.9424e+00
-3.0292e+00
-2.9339e+00
-2.7704e+00
-2.5843e+00
-2.3943e+00
-2.2087e+00
-2.0320e+00
-1.8663e+00
-1.7123e+00
-1.5702e+00
-1.4398e+00
-1.3203e+00
-1.2112e+00
-1.1117e+00
-1.0210e+00
-9.3838e-01
-8.6315e-01
-7.9462e-01
-7.3219e-01
-6.7529e-01
-6.2340e-01
-5.7604e-01
-5.3280e-01
-4.9327e-01
-4.5712e-01
-4.2403e-01
-3.9371e-01
-3.6192e-01
-3.2718e-01
-3.0682e-01
-2.8710e-01
-2.6866e-01
-2.5154e-01
-3.9636e-01
-1.3889e+00
-2.0878e+00
-2.3873e+00
-2.4629e+00
-2.4212e+00
-2.3186e+00
-2.1860e+00
-2.0403e+00
-1.8918e+00
-1.7464e+00
-1.6074e+00
-1.4769e+00
-1.3554e+00
-1.2434e+00
-1.1404e+00
-1.0461e+00
-9.6006e-01
-8.8155e-01
-8.1001e-01
-7.4484e-01
-6.8549e-01
-6.3142e-01
-5.8214e-01
-5.3722e-01
-4.9624e-01
-4.5883e-01
-4.2465e-01
-3.9339e-01
-3.6479e-01
-3.3565e-01
-3.0310e-01
-2.8312e-01
-2.6457e-01
-2.4730e-01
-2.3128e-01
-3.1770e-01
-1.0410e+00
-1.3648e+00
-1.4257e+00
-1.3984e+00
-1.3374e+00
-1.2608e+00
-1.1770e+00
-1.0909e+00
-1.0058e+00
-9.2405e-01
-8.4694e-01
-7.7511e-01
-7.0880e-01
-6.4795e-01
-5.9233e-01
-5.4166e-01
-4.9556e-01
-4.5367e-01
-4.1563e-01
-3.8110e-01
-3.4975e-01
-3.2127e-01
-2.9540e-01
-2.7187e-01
-2.5047e-01
-2.3098e-01
-2.1322e-01
-1.9703e-01
-1.8224e-01
-1.6724e-01
-1.5101e-01
-1.4070e-01
-1.3105e-01
-1.2214e-01
-1.1394e-01
-2.2874e-01
-8.5201e-01
-1.1059e+00
-1.0590e+00
-9.4213e-01
-8.3155e-01
-7.3940e-01
-6.6263e-01
-5.9687e-01
-5.3931e-01
-4.8829e-01
-4.4275e-01
-4.0196e-01
-3.6533e-01
-3.3239e-01
-3.0274e-01
-2.7603e-01
-2.5194e-01
-2.3020e-01
-2.1056e-01
-1.9281e-01
-1.7674e-01
-1.6219e-01
-1.4900e-01
-1.3703e-01
-1.2615e-01
-1.1627e-01
-1.0727e-01
-9.9066e-02
-9.1587e-02
-8.4024e-02
-7.5692e-02
-7.0592e-02
-6.5804e-02
-6.1324e-02
-5.7176e-02
-8.9394e-02
-1.7851e-01
-1.5609e-01
-1.2460e-01
-1.0165e-01
-8.5331e-02
-7.3224e-02
-6.3678e-02
-5.5831e-02
-4.9235e-02
-4.3609e-02
-3.8767e-02
-3.4568e-02
-3.0910e-02
-2.7707e-02
-2.4893e-02
-2.2413e-02
-2.0222e-02
-1.8280e-02
-1.6555e-02
-1.5020e-02
-1.3650e-02
-1.2425e-02
-1.1330e-02
-1.0346e-02
-9.4610e-03
-8.6670e-03
-7.9480e-03
-7.3010e-03
-6.7150e-03
-6.1400e-03
-5.5190e-03
-5.1120e-03
-4.7390e-03
-4.3990e-03
-4.0850e-03
