2.69896523e+02
4.96939408e+01
5.02150485e+01
4.99184373e+01
5.00338006e+01
4.97603815e+01
4.95554712e+01
5.00764809e+01
4.98134281e+01
5.00666018e+01
5.04156401e+01
5.02783682e+01
4.96486045e+01
5.00053435e+01
5.00945766e+01
4.99827169e+01
4.99613195e+01
4.99059665e+01
5.01354034e+01
5.00763956e+01
4.97515720e+01
5.03590513e+01
5.01774623e+01
4.99484387e+01
4.99022038e+01
4.98423704e+01
5.01827397e+01
4.99892620e+01
5.01310982e+01
4.97398349e+01
4.96361959e+01
4.99044249e+01
4.97693086e+01
4.99415404e+01
4.99766922e+01
5.00867055e+01
5.02300177e+01
2.70100155e+02
1.49701944e+02
1.43701920e+02
1.39577914e+02
1.37071874e+02
1.34637485e+02
1.32064941e+02
1.30477261e+02
1.29201159e+02
1.27610328e+02
1.26897744e+02
1.25533354e+02
1.25353442e+02
1.24495350e+02
1.23830815e+02
1.23269503e+02
1.22768941e+02
1.22642307e+02
1.22371133e+02
1.22127374e+02
1.21753394e+02
1.21773455e+02
1.21775647e+02
1.21406843e+02
1.21025211e+02
1.21118998e+02
1.21078033e+02
1.20697357e+02
1.20766842e+02
1.20426170e+02
1.20434179e+02
1.20129856e+02
1.20709738e+02
1.20408161e+02
1.20119466e+02
1.20462070e+02
1.20396176e+02
2.69980992e+02
2.49638820e+02
2.44212864e+02
2.39033988e+02
2.33329628e+02
2.28115136e+02
2.23299568e+02
2.19108059e+02
2.15821330e+02
2.12501670e+02
2.10204513e+02
2.08163313e+02
2.06422613e+02
2.04770049e+02
2.03168665e+02
2.02399075e+02
2.01397515e+02
2.00393123e+02
1.99884103e+02
1.99616576e+02
1.98548651e+02
1.97897676e+02
1.97859026e+02
1.97664687e+02
1.97083953e+02
1.96568853e+02
1.96986789e+02
1.96447066e+02
1.95800512e+02
1.96171617e+02
1.96020104e+02
1.95821250e+02
1.96107941e+02
1.95520135e+02
1.95353598e+02
1.95580316e+02
1.95546564e+02
2.68651081e+02
2.68564932e+02
2.68364547e+02
2.67963112e+02
2.67684997e+02
2.66918992e+02
2.66261102e+02
2.65937558e+02
2.65465645e+02
2.65053648e+02
2.64748108e+02
2.64231028e+02
2.63791405e+02
2.63578877e+02
2.63603648e+02
2.63230966e+02
2.63188976e+02
2.63009744e+02
2.63027094e+02
2.62378715e+02
2.62505633e+02
2.62658519e+02
2.62477331e+02
2.62413832e+02
2.62457286e+02
2.62323951e+02
2.62186121e+02
2.62223080e+02
2.62132368e+02
2.61970369e+02
2.61826584e+02
2.62105289e+02
2.61935526e+02
2.61874891e+02
2.61901355e+02
2.62361639e+02
2.62191271e+02
2.68347504e+02
2.68466546e+02
2.68515976e+02
2.68318350e+02
2.67829572e+02
2.67851939e+02
2.67187780e+02
2.66474993e+02
2.66171372e+02
2.66479553e+02
2.65651402e+02
2.65765426e+02
2.65478768e+02
2.65383103e+02
2.65260893e+02
2.65079237e+02
2.65004144e+02
2.64865191e+02
2.64804161e+02
2.64970290e+02
2.64199804e+02
2.64611701e+02
2.64084423e+02
2.64422219e+02
2.64591441e+02
2.64523163e+02
2.64485067e+02
2.64023781e+02
2.64420799e+02
2.64600059e+02
2.64608182e+02
2.64462120e+02
2.64220134e+02
2.64190450e+02
2.64448913e+02
2.64309977e+02
2.64021874e+02
2.68740492e+02
2.68068535e+02
2.66975209e+02
2.64811540e+02
2.62850144e+02
2.60088951e+02
2.57416782e+02
2.55269204e+02
2.53175581e+02
2.51064603e+02
2.49500864e+02
2.47126611e+02
2.46033081e+02
2.44342019e+02
2.42770245e+02
2.41314633e+02
2.40318138e+02
2.39321740e+02
2.38311035e+02
2.37669639e+02
2.36336169e+02
2.35611479e+02
2.34867505e+02
2.34067272e+02
2.33217244e+02
2.32507972e+02
2.32238071e+02
2.31492193e+02
2.31072504e+02
2.30946712e+02
2.30499901e+02
2.29604099e+02
2.29841875e+02
2.29235371e+02
2.29088261e+02
2.28710307e+02
2.28635827e+02
2.69065149e+02
2.68689558e+02
2.67013482e+02
2.64380293e+02
2.62448571e+02
2.60216770e+02
2.57792162e+02
2.56303474e+02
2.53192704e+02
2.51986781e+02
2.50043817e+02
2.48622652e+02
2.46987140e+02
2.45818500e+02
2.44703288e+02
2.43358790e+02
2.42260246e+02
2.41151401e+02
2.40407803e+02
2.39732789e+02
2.38500817e+02
2.38071687e+02
2.37705070e+02
2.36768288e+02
2.36357694e+02
2.36161969e+02
2.35436213e+02
2.34572204e+02
2.34328725e+02
2.33962868e+02
2.33531698e+02
2.33233246e+02
2.33063217e+02
2.32727322e+02
2.32051677e+02
2.32146088e+02
2.32048929e+02
2.70689686e+02
2.70102883e+02
2.68832673e+02
2.67732752e+02
2.66032796e+02
2.64929912e+02
2.63291764e+02
2.62137632e+02
2.60872643e+02
2.59582899e+02
2.58687517e+02
2.57550438e+02
2.57089152e+02
2.56075949e+02
2.55611894e+02
2.54986042e+02
2.54088151e+02
2.53776728e+02
2.53621132e+02
2.52759532e+02
2.52657621e+02
2.52596039e+02
2.51453282e+02
2.51370094e+02
2.51263782e+02
2.51104790e+02
2.50597770e+02
2.50588255e+02
2.50061284e+02
2.49860598e+02
2.49876185e+02
2.49557037e+02
2.49268871e+02
2.49229071e+02
2.48813599e+02
2.48945431e+02
2.48517101e+02
2.70605502e+02
2.70548919e+02
2.70014812e+02
2.68539583e+02
2.67174251e+02
2.66465186e+02
2.65436887e+02
2.64368048e+02
2.63865939e+02
2.63128445e+02
2.62945945e+02
2.62003912e+02
2.61864798e+02
2.61397979e+02
2.61255628e+02
2.60999258e+02
2.60552869e+02
2.60197636e+02
2.60408907e+02
2.59650196e+02
2.59400079e+02
2.59396948e+02
2.58914731e+02
2.58873530e+02
2.58651537e+02
2.58722381e+02
2.58659700e+02
2.58337740e+02
2.58495880e+02
2.57738844e+02
2.57886947e+02
2.57813511e+02
2.57603246e+02
2.57845119e+02
2.57453497e+02
2.57564603e+02
2.57429979e+02
2.71144196e+02
2.70817325e+02
2.70668059e+02
2.70798261e+02
2.70130622e+02
2.70440145e+02
2.70270291e+02
2.70172384e+02
2.69917658e+02
2.69794934e+02
2.69772804e+02
2.69451220e+02
2.69940006e+02
2.69104468e+02
2.69746624e+02
2.69577808e+02
2.69676108e+02
2.69329887e+02
2.69717832e+02
2.69777715e+02
2.69558182e+02
2.69598112e+02
2.69066689e+02
2.69267543e+02
2.69418947e+02
2.68924794e+02
2.69338886e+02
2.69352016e+02
2.69001866e+02
2.69362632e+02
2.69092541e+02
2.68999830e+02
2.69417864e+02
2.69261997e+02
2.69163816e+02
2.69170668e+02
2.69556090e+02
