2.70000000e+02
5.00000000e+01
5.00000000e+01
5.00000000e+01
5.00000000e+01
5.00000000e+01
5.00000000e+01
5.00000000e+01
5.00000000e+01
5.00000000e+01
5.00000000e+01
5.00000000e+01
5.00000000e+01
5.00000000e+01
5.00000000e+01
5.00000000e+01
5.00000000e+01
5.00000000e+01
5.00000000e+01
5.00000000e+01
5.00000000e+01
5.00000000e+01
5.00000000e+01
5.00000000e+01
5.00000000e+01
5.00000000e+01
5.00000000e+01
5.00000000e+01
5.00000000e+01
5.00000000e+01
5.00000000e+01
5.00000000e+01
5.00000000e+01
5.00000000e+01
5.00000000e+01
5.00000000e+01
5.00000000e+01
2.70000000e+02
1.50000000e+02
1.43904710e+02
1.40109515e+02
1.37172623e+02
1.34657797e+02
1.32543537e+02
1.30726198e+02
1.29213390e+02
1.27952664e+02
1.26896025e+02
1.26005221e+02
1.25250212e+02
1.24607273e+02
1.24057479e+02
1.23585574e+02
1.23179147e+02
1.22828014e+02
1.22523765e+02
1.22259405e+02
1.22029093e+02
1.21827924e+02
1.21651767e+02
1.21497128e+02
1.21361044e+02
1.21240996e+02
1.21134837e+02
1.21040730e+02
1.20957106e+02
1.20882618e+02
1.20816107e+02
1.20758471e+02
1.20706478e+02
1.20659531e+02
1.20617071e+02
1.20578593e+02
1.20543652e+02
2.70000000e+02
2.50000000e+02
2.44443620e+02
2.38875536e+02
2.33273840e+02
2.27978220e+02
2.23294970e+02
2.19260065e+02
2.15814098e+02
2.12880204e+02
2.10384115e+02
2.08259379e+02
2.06448588e+02
2.04902993e+02
2.03581539e+02
2.02449760e+02
2.01478744e+02
2.00644214e+02
1.99925762e+02
1.99306194e+02
1.98771001e+02
1.98307913e+02
1.97906536e+02
1.97558049e+02
1.97254953e+02
1.96990867e+02
1.96760348e+02
1.96558752e+02
1.96382111e+02
1.96227029e+02
1.96090598e+02
1.95973375e+02
1.95869492e+02
1.95777246e+02
1.95695156e+02
1.95621944e+02
1.95556506e+02
2.68742544e+02
2.68660258e+02
2.68418481e+02
2.68038663e+02
2.67551317e+02
2.67001924e+02
2.66435401e+02
2.65886038e+02
2.65374715e+02
2.64911264e+02
2.64498279e+02
2.64134242e+02
2.63815572e+02
2.63537844e+02
2.63296464e+02
2.63087017e+02
2.62905437e+02
2.62748069e+02
2.62611678e+02
2.62493426e+02
2.62390842e+02
2.62301780e+02
2.62224387e+02
2.62157062e+02
2.62098424e+02
2.62047284e+02
2.62002621e+02
2.61963553e+02
2.61929323e+02
2.61899280e+02
2.61872864e+02
2.61849902e+02
2.61829745e+02
2.61811918e+02
2.61796090e+02
2.61781999e+02
2.61769424e+02
2.68337045e+02
2.68317898e+02
2.68226429e+02
2.68048591e+02
2.67793316e+02
2.67483270e+02
2.67146356e+02
2.66807266e+02
2.66483391e+02
2.66184651e+02
2.65915307e+02
2.65676022e+02
2.65465458e+02
2.65281299e+02
2.65120862e+02
2.64981428e+02
2.64860421e+02
2.64755481e+02
2.64664497e+02
2.64585602e+02
2.64517163e+02
2.64457757e+02
2.64406149e+02
2.64361272e+02
2.64322204e+02
2.64288152e+02
2.64258431e+02
2.64232451e+02
2.64209705e+02
2.64189759e+02
2.64172235e+02
2.64157083e+02
2.64143697e+02
2.64131882e+02
2.64121412e+02
2.64112105e+02
2.64103810e+02
2.71378438e+02
2.70927096e+02
2.69133255e+02
2.66595957e+02
2.63811191e+02
2.61005592e+02
2.58288012e+02
2.55710888e+02
2.53296550e+02
2.51051795e+02
2.48974779e+02
2.47058823e+02
2.45294724e+02
2.43672138e+02
2.42180414e+02
2.40809079e+02
2.39548119e+02
2.38388123e+02
2.37320356e+02
2.36336776e+02
2.35430018e+02
2.34593368e+02
2.33820716e+02
2.33106517e+02
2.32445743e+02
2.31833834e+02
2.31266658e+02
2.30740471e+02
2.30251875e+02
2.29797788e+02
2.29375413e+02
2.28996218e+02
2.28641071e+02
2.28308456e+02
2.27997003e+02
2.27705282e+02
2.27431925e+02
2.71385669e+02
2.71095469e+02
2.69754230e+02
2.67684485e+02
2.65315281e+02
2.62874058e+02
2.60477464e+02
2.58185724e+02
2.56027799e+02
2.54015507e+02
2.52150778e+02
2.50429738e+02
2.48845273e+02
2.47388635e+02
2.46050433e+02
2.44821237e+02
2.43691931e+02
2.42653908e+02
2.41699164e+02
2.40820329e+02
2.40010666e+02
2.39264042e+02
2.38574892e+02
2.37938175e+02
2.37349327e+02
2.36804225e+02
2.36299134e+02
2.35830679e+02
2.35395801e+02
2.34991730e+02
2.34615955e+02
2.34278044e+02
2.33962168e+02
2.33666351e+02
2.33389394e+02
2.33130042e+02
2.32887072e+02
2.71369247e+02
2.71103387e+02
2.70131883e+02
2.68825074e+02
2.67442443e+02
2.66078469e+02
2.64773052e+02
2.63544933e+02
2.62401830e+02
2.61345464e+02
2.60373848e+02
2.59482763e+02
2.58666812e+02
2.57920128e+02
2.57236813e+02
2.56611186e+02
2.56037930e+02
2.55512144e+02
2.55029366e+02
2.54585559e+02
2.54177086e+02
2.53800683e+02
2.53453417e+02
2.53132659e+02
2.52836050e+02
2.52561471e+02
2.52307015e+02
2.52070966e+02
2.51851779e+02
2.51648055e+02
2.51458531e+02
2.51286866e+02
2.51126664e+02
2.50977067e+02
2.50837180e+02
2.50706230e+02
2.50583542e+02
2.71193454e+02
2.70996442e+02
2.70198366e+02
2.69153199e+02
2.68152671e+02
2.67263450e+02
2.66480003e+02
2.65785627e+02
2.65165645e+02
2.64609130e+02
2.64107772e+02
2.63654829e+02
2.63244620e+02
2.62872257e+02
2.62533506e+02
2.62224680e+02
2.61942562e+02
2.61684340e+02
2.61447551e+02
2.61230036e+02
2.61029894e+02
2.60845450e+02
2.60675224e+02
2.60517904e+02
2.60372322e+02
2.60237439e+02
2.60112325e+02
2.59996147e+02
2.59888156e+02
2.59787678e+02
2.59694104e+02
2.59609291e+02
2.59529974e+02
2.59455786e+02
2.59386358e+02
2.59321327e+02
2.59260360e+02
2.70901800e+02
2.70811990e+02
2.70633516e+02
2.70477291e+02
2.70352412e+02
2.70250502e+02
2.70165120e+02
2.70092116e+02
2.70028848e+02
2.69973575e+02
2.69925011e+02
2.69882143e+02
2.69844151e+02
2.69810354e+02
2.69780188e+02
2.69753176e+02
2.69728914e+02
2.69707060e+02
2.69687320e+02
2.69669445e+02
2.69653217e+02
2.69638452e+02
2.69624987e+02
2.69612683e+02
2.69601417e+02
2.69591083e+02
2.69581586e+02
2.69572845e+02
2.69564787e+02
2.69557346e+02
2.69550467e+02
2.69544286e+02
2.69538537e+02
2.69533191e+02
2.69528213e+02
2.69523573e+02
2.69519243e+02
