-2.2000e+02
0.0000e+00
0.0000e+00
0.0000e+00
0.0000e+00
0.0000e+00
0.0000e+00
0.0000e+00
0.0000e+00
0.0000e+00
0.0000e+00
0.0000e+00
0.0000e+00
0.0000e+00
0.0000e+00
0.0000e+00
0.0000e+00
0.0000e+00
0.0000e+00
0.0000e+00
0.0000e+00
0.0000e+00
0.0000e+00
0.0000e+00
0.0000e+00
0.0000e+00
0.0000e+00
0.0000e+00
0.0000e+00
0.0000e+00
0.0000e+00
0.0000e+00
0.0000e+00
0.0000e+00
0.0000e+00
0.0000e+00
-1.2000e+02
-6.4007e+00
-3.8585e+00
-2.9504e+00
-2.5340e+00
-2.1980e+00
-1.8193e+00
-1.4988e+00
-1.2422e+00
-1.0371e+00
-8.7169e-01
-7.3713e-01
-6.2665e-01
-5.3524e-01
-4.5907e-01
-3.9521e-01
-3.4139e-01
-2.9583e-01
-2.5708e-01
-2.2401e-01
-1.9569e-01
-1.7136e-01
-1.5040e-01
-1.3229e-01
-1.1661e-01
-1.0143e-01
-8.8576e-02
-7.8943e-02
-7.0417e-02
-6.2898e-02
-5.6270e-02
-5.0417e-02
-4.5243e-02
-4.0663e-02
-3.6600e-02
-3.2992e-02
-2.0000e+01
-5.4937e+00
-5.4779e+00
-5.5050e+00
-5.2014e+00
-4.5968e+00
-3.9608e+00
-3.3798e+00
-2.8733e+00
-2.4406e+00
-2.0745e+00
-1.7658e+00
-1.5058e+00
-1.2866e+00
-1.1016e+00
-9.4516e-01
-8.1255e-01
-6.9992e-01
-6.0406e-01
-5.2230e-01
-4.5244e-01
-3.9262e-01
-3.4130e-01
-2.9721e-01
-2.5926e-01
-2.2358e-01
-1.9348e-01
-1.7023e-01
-1.5000e-01
-1.3239e-01
-1.1703e-01
-1.0363e-01
-9.1905e-02
-8.1639e-02
-7.2635e-02
-6.4726e-02
-1.0186e-01
-2.6470e-01
-3.9567e-01
-4.9680e-01
-5.5603e-01
-5.7310e-01
-5.5705e-01
-5.2030e-01
-4.7338e-01
-4.2337e-01
-3.7443e-01
-3.2878e-01
-2.8736e-01
-2.5044e-01
-2.1789e-01
-1.8941e-01
-1.6459e-01
-1.4304e-01
-1.2435e-01
-1.0817e-01
-9.4164e-02
-8.2043e-02
-7.1552e-02
-6.2470e-02
-5.4603e-02
-4.7514e-02
-4.1158e-02
-3.6030e-02
-3.1695e-02
-2.7952e-02
-2.4699e-02
-2.1858e-02
-1.9376e-02
-1.7201e-02
-1.5294e-02
-1.3619e-02
-1.9919e-02
-9.0941e-02
-1.7222e-01
-2.4433e-01
-2.9660e-01
-3.2405e-01
-3.2858e-01
-3.1623e-01
-2.9373e-01
-2.6644e-01
-2.3792e-01
-2.1029e-01
-1.8462e-01
-1.6139e-01
-1.4071e-01
-1.2248e-01
-1.0653e-01
-9.2630e-02
-8.0549e-02
-7.0071e-02
-6.0991e-02
-5.3127e-02
-4.6318e-02
-4.0421e-02
-3.5313e-02
-3.0567e-02
-2.6623e-02
-2.3328e-02
-2.0480e-02
-1.8034e-02
-1.5915e-02
-1.4071e-02
-1.2462e-02
-1.1053e-02
-9.8190e-03
-8.7360e-03
-7.9478e-01
-2.0831e+00
-2.6940e+00
-2.8307e+00
-2.7771e+00
-2.6444e+00
-2.4804e+00
-2.3065e+00
-2.1333e+00
-1.9663e+00
-1.8082e+00
-1.6605e+00
-1.5234e+00
-1.3969e+00
-1.2806e+00
-1.1739e+00
-1.0761e+00
-9.8668e-01
-9.0487e-01
-8.3008e-01
-7.6171e-01
-6.9920e-01
-6.4204e-01
-5.8976e-01
-5.4193e-01
-4.9029e-01
-4.4471e-01
-4.1085e-01
-3.7925e-01
-3.5007e-01
-3.2317e-01
-2.9839e-01
-2.7557e-01
-2.5456e-01
-2.3520e-01
-2.1738e-01
-4.7915e-01
-1.4924e+00
-2.1211e+00
-2.3517e+00
-2.3848e+00
-2.3206e+00
-2.2081e+00
-2.0728e+00
-1.9290e+00
-1.7849e+00
-1.6454e+00
-1.5132e+00
-1.3894e+00
-1.2746e+00
-1.1687e+00
-1.0714e+00
-9.8215e-01
-9.0044e-01
-8.2570e-01
-7.5738e-01
-6.9492e-01
-6.3782e-01
-5.8563e-01
-5.3789e-01
-4.9422e-01
-4.4732e-01
-4.0549e-01
-3.7452e-01
-3.4570e-01
-3.1907e-01
-2.9454e-01
-2.7194e-01
-2.5115e-01
-2.3199e-01
-2.1435e-01
-1.9810e-01
-1.1500e-01
-8.3862e-01
-1.2032e+00
-1.2997e+00
-1.2950e+00
-1.2472e+00
-1.1793e+00
-1.1020e+00
-1.0218e+00
-9.4259e-01
-8.6668e-01
-7.9529e-01
-7.2894e-01
-6.6772e-01
-6.1151e-01
-5.6005e-01
-5.1302e-01
-4.7007e-01
-4.3087e-01
-3.9509e-01
-3.6243e-01
-3.3260e-01
-3.0535e-01
-2.8045e-01
-2.5768e-01
-2.3325e-01
-2.1143e-01
-1.9507e-01
-1.8004e-01
-1.6623e-01
-1.5352e-01
-1.4181e-01
-1.3101e-01
-1.2106e-01
-1.1189e-01
-1.0343e-01
-9.9151e-02
-6.7421e-01
-9.5303e-01
-9.4086e-01
-8.5202e-01
-7.6133e-01
-6.8298e-01
-6.1599e-01
-5.5761e-01
-5.0598e-01
-4.5994e-01
-4.1867e-01
-3.8156e-01
-3.4811e-01
-3.1790e-01
-2.9057e-01
-2.6579e-01
-2.4331e-01
-2.2289e-01
-2.0430e-01
-1.8738e-01
-1.7195e-01
-1.5787e-01
-1.4501e-01
-1.3326e-01
-1.2065e-01
-1.0921e-01
-1.0085e-01
-9.3154e-02
-8.6059e-02
-7.9515e-02
-7.3479e-02
-6.7912e-02
-6.2779e-02
-5.8045e-02
-5.3679e-02
-8.1474e-02
-1.6351e-01
-1.4362e-01
-1.1522e-01
-9.4455e-02
-7.9592e-02
-6.8439e-02
-5.9558e-02
-5.2235e-02
-4.6077e-02
-4.0833e-02
-3.6327e-02
-3.2427e-02
-2.9032e-02
-2.6060e-02
-2.3449e-02
-2.1144e-02
-1.9103e-02
-1.7289e-02
-1.5673e-02
-1.4228e-02
-1.2934e-02
-1.1773e-02
-1.0728e-02
-9.7850e-03
-8.8020e-03
-7.9220e-03
-7.2710e-03
-6.6780e-03
-6.1380e-03
-5.6440e-03
-5.1920e-03
-4.7790e-03
-4.4010e-03
-4.0550e-03
-3.7370e-03
