-2.2000e+02
0.0000e+00
0.0000e+00
0.0000e+00
0.0000e+00
0.0000e+00
0.0000e+00
0.0000e+00
0.0000e+00
0.0000e+00
0.0000e+00
0.0000e+00
0.0000e+00
0.0000e+00
0.0000e+00
0.0000e+00
0.0000e+00
0.0000e+00
0.0000e+00
0.0000e+00
0.0000e+00
0.0000e+00
0.0000e+00
0.0000e+00
0.0000e+00
0.0000e+00
0.0000e+00
0.0000e+00
0.0000e+00
0.0000e+00
0.0000e+00
0.0000e+00
0.0000e+00
0.0000e+00
0.0000e+00
0.0000e+00
-1.2000e+02
-6.5721e+00
-3.8875e+00
-2.9717e+00
-2.5657e+00
-2.1991e+00
-1.8021e+00
-1.4763e+00
-1.2177e+00
-1.0119e+00
-8.4686e-01
-7.1310e-01
-6.0376e-01
-5.1366e-01
-4.3891e-01
-3.7651e-01
-3.2415e-01
-2.8000e-01
-2.4263e-01
-2.1087e-01
-1.8379e-01
-1.6062e-01
-1.4074e-01
-1.2364e-01
-1.0890e-01
-9.6146e-02
-8.5095e-02
-7.3556e-02
-6.5097e-02
-5.8284e-02
-5.2269e-02
-4.6966e-02
-4.2286e-02
-3.8150e-02
-3.4486e-02
-3.1234e-02
-2.0000e+01
-5.6033e+00
-5.4953e+00
-5.5086e+00
-5.1737e+00
-4.5445e+00
-3.8935e+00
-3.3035e+00
-2.7928e+00
-2.3596e+00
-1.9955e+00
-1.6903e+00
-1.4348e+00
-1.2205e+00
-1.0405e+00
-8.8906e-01
-7.6129e-01
-6.5325e-01
-5.6169e-01
-4.8394e-01
-4.1778e-01
-3.6136e-01
-3.1317e-01
-2.7192e-01
-2.3657e-01
-2.0621e-01
-1.8010e-01
-1.5401e-01
-1.3444e-01
-1.1860e-01
-1.0482e-01
-9.2818e-02
-8.2353e-02
-7.3213e-02
-6.5218e-02
-5.8214e-02
-1.0923e-01
-2.7530e-01
-4.0264e-01
-4.9816e-01
-5.5169e-01
-5.6368e-01
-5.4365e-01
-5.0424e-01
-4.5585e-01
-4.0530e-01
-3.5650e-01
-3.1143e-01
-2.7088e-01
-2.3499e-01
-2.0354e-01
-1.7618e-01
-1.5246e-01
-1.3196e-01
-1.1428e-01
-9.9028e-02
-8.5889e-02
-7.4568e-02
-6.4812e-02
-5.6403e-02
-4.9150e-02
-4.2890e-02
-3.7485e-02
-3.2462e-02
-2.8162e-02
-2.4702e-02
-2.1776e-02
-1.9252e-02
-1.7059e-02
-1.5146e-02
-1.3475e-02
-1.2011e-02
-3.0577e-02
-1.2046e-01
-2.1012e-01
-2.8435e-01
-3.3418e-01
-3.5630e-01
-3.5434e-01
-3.3578e-01
-3.0804e-01
-2.7663e-01
-2.4498e-01
-2.1500e-01
-1.8760e-01
-1.6310e-01
-1.4149e-01
-1.2259e-01
-1.0615e-01
-9.1919e-02
-7.9615e-02
-6.8993e-02
-5.9835e-02
-5.1938e-02
-4.5131e-02
-3.9262e-02
-3.4198e-02
-2.9830e-02
-2.6057e-02
-2.2447e-02
-1.9611e-02
-1.7180e-02
-1.5115e-02
-1.3347e-02
-1.1814e-02
-1.0480e-02
-9.3170e-03
-8.2970e-03
-1.7362e-01
-1.8333e+00
-2.3112e+00
-2.3557e+00
-2.2728e+00
-2.1478e+00
-2.0095e+00
-1.8686e+00
-1.7308e+00
-1.5991e+00
-1.4751e+00
-1.3595e+00
-1.2525e+00
-1.1539e+00
-1.0632e+00
-9.7992e-01
-9.0361e-01
-8.3370e-01
-7.6965e-01
-7.1097e-01
-6.5718e-01
-6.0785e-01
-5.6257e-01
-5.2099e-01
-4.8278e-01
-4.4763e-01
-4.1527e-01
-3.7143e-01
-3.4452e-01
-3.2200e-01
-3.0060e-01
-2.8056e-01
-2.6188e-01
-2.4449e-01
-2.2831e-01
-2.1326e-01
9.8240e-03
-8.8308e-01
-1.5634e+00
-1.8782e+00
-1.9842e+00
-1.9759e+00
-1.9066e+00
-1.8060e+00
-1.6912e+00
-1.5723e+00
-1.4551e+00
-1.3428e+00
-1.2372e+00
-1.1389e+00
-1.0481e+00
-9.6459e-01
-8.8799e-01
-8.1785e-01
-7.5369e-01
-6.9501e-01
-6.4134e-01
-5.9222e-01
-5.4726e-01
-5.0605e-01
-4.6827e-01
-4.3359e-01
-4.0174e-01
-3.6175e-01
-3.3288e-01
-3.1038e-01
-2.8937e-01
-2.6979e-01
-2.5160e-01
-2.3470e-01
-2.1900e-01
-2.0442e-01
-1.8761e-01
-8.5985e-01
-1.1839e+00
-1.2529e+00
-1.2310e+00
-1.1735e+00
-1.1004e+00
-1.0210e+00
-9.4066e-01
-8.6274e-01
-7.8918e-01
-7.2091e-01
-6.5823e-01
-6.0107e-01
-5.4917e-01
-5.0213e-01
-4.5955e-01
-4.2101e-01
-3.8610e-01
-3.5448e-01
-3.2578e-01
-2.9972e-01
-2.7602e-01
-2.5444e-01
-2.3477e-01
-2.1680e-01
-2.0038e-01
-1.8168e-01
-1.6686e-01
-1.5453e-01
-1.4340e-01
-1.3327e-01
-1.2397e-01
-1.1541e-01
-1.0750e-01
-1.0020e-01
-1.5452e-01
-7.7749e-01
-1.0501e+00
-1.0101e+00
-8.9325e-01
-7.8061e-01
-6.8633e-01
-6.0806e-01
-5.4194e-01
-4.8521e-01
-4.3602e-01
-3.9302e-01
-3.5523e-01
-3.2186e-01
-2.9227e-01
-2.6595e-01
-2.4247e-01
-2.2144e-01
-2.0258e-01
-1.8560e-01
-1.7028e-01
-1.5644e-01
-1.4389e-01
-1.3251e-01
-1.2215e-01
-1.1272e-01
-1.0411e-01
-9.4482e-02
-8.6899e-02
-8.0380e-02
-7.4502e-02
-6.9164e-02
-6.4286e-02
-5.9807e-02
-5.5683e-02
-5.1877e-02
-8.6771e-02
-1.8249e-01
-1.6212e-01
-1.2986e-01
-1.0559e-01
-8.8123e-02
-7.5027e-02
-6.4685e-02
-5.6253e-02
-4.9245e-02
-4.3340e-02
-3.8320e-02
-3.4020e-02
-3.0312e-02
-2.7099e-02
-2.4302e-02
-2.1856e-02
-1.9709e-02
-1.7816e-02
-1.6143e-02
-1.4658e-02
-1.3337e-02
-1.2158e-02
-1.1103e-02
-1.0155e-02
-9.3040e-03
-8.5350e-03
-7.7030e-03
-7.0220e-03
-6.4630e-03
-5.9660e-03
-5.5160e-03
-5.1080e-03
-4.7340e-03
-4.3930e-03
-4.0790e-03
