2.70276725e+02
5.02488230e+01
5.02635992e+01
5.01355365e+01
4.96738276e+01
4.99091779e+01
4.99268107e+01
4.98074489e+01
5.02427742e+01
4.99919208e+01
5.03006458e+01
4.98705720e+01
4.99863299e+01
5.01786622e+01
5.02395238e+01
5.01219638e+01
5.02375847e+01
4.98951604e+01
5.00510244e+01
4.97260435e+01
5.02145688e+01
4.98156735e+01
4.99194310e+01
5.00111759e+01
4.99767343e+01
4.98537911e+01
5.02710989e+01
4.97114297e+01
5.00301984e+01
4.95094821e+01
4.96599715e+01
4.96730065e+01
5.00219299e+01
5.00135254e+01
4.99443063e+01
4.97944430e+01
4.98347924e+01
2.69974597e+02
1.50193439e+02
1.43934213e+02
1.39642533e+02
1.36930070e+02
1.34236915e+02
1.32186642e+02
1.30514041e+02
1.28455747e+02
1.27294294e+02
1.26436017e+02
1.25735187e+02
1.24763989e+02
1.24006818e+02
1.23753048e+02
1.23085839e+02
1.22607700e+02
1.22741511e+02
1.21981075e+02
1.22005366e+02
1.21616919e+02
1.21684576e+02
1.21450246e+02
1.21395055e+02
1.21318244e+02
1.20907820e+02
1.21047843e+02
1.20973176e+02
1.20920388e+02
1.20911248e+02
1.20639379e+02
1.20721210e+02
1.20743217e+02
1.20547697e+02
1.20452080e+02
1.20695407e+02
1.20639222e+02
2.69808118e+02
2.50130428e+02
2.44501387e+02
2.38601157e+02
2.33162230e+02
2.27566408e+02
2.23217309e+02
2.18960132e+02
2.15896444e+02
2.12247526e+02
2.10272275e+02
2.08167130e+02
2.06492350e+02
2.04569486e+02
2.03519938e+02
2.02053766e+02
2.01554840e+02
2.00615024e+02
1.99854712e+02
1.99309144e+02
1.98588361e+02
1.98225707e+02
1.97907558e+02
1.97430621e+02
1.97125937e+02
1.96692174e+02
1.96473472e+02
1.96331454e+02
1.96270103e+02
1.96352823e+02
1.96138990e+02
1.95629859e+02
1.95944575e+02
1.96140869e+02
1.95482039e+02
1.95799678e+02
1.95690979e+02
2.68968863e+02
2.68516696e+02
2.68132454e+02
2.68423163e+02
2.67252469e+02
2.67171995e+02
2.66276809e+02
2.66110475e+02
2.65445235e+02
2.65033692e+02
2.64497244e+02
2.64285232e+02
2.63869223e+02
2.63834894e+02
2.63511011e+02
2.63660130e+02
2.63389208e+02
2.63217456e+02
2.63057277e+02
2.62598973e+02
2.62398710e+02
2.62369062e+02
2.62555286e+02
2.62818864e+02
2.62565458e+02
2.62184305e+02
2.62472883e+02
2.62221987e+02
2.62589651e+02
2.62158994e+02
2.62279201e+02
2.62278090e+02
2.61864827e+02
2.62408019e+02
2.61901894e+02
2.61931225e+02
2.61984942e+02
2.68564337e+02
2.68770632e+02
2.68577099e+02
2.68027267e+02
2.67772097e+02
2.67720115e+02
2.67321219e+02
2.66515227e+02
2.66294007e+02
2.66187943e+02
2.66178322e+02
2.66181519e+02
2.65483033e+02
2.65396885e+02
2.65197579e+02
2.64996170e+02
2.64749234e+02
2.64789953e+02
2.64991486e+02
2.64638777e+02
2.64562325e+02
2.65060985e+02
2.64974435e+02
2.64466164e+02
2.64369896e+02
2.64436936e+02
2.64446656e+02
2.64056263e+02
2.64284064e+02
2.64371717e+02
2.64326863e+02
2.64421133e+02
2.64093576e+02
2.64182463e+02
2.64323103e+02
2.64433836e+02
2.64361222e+02
2.69463226e+02
2.69493808e+02
2.67460504e+02
2.65706083e+02
2.62673637e+02
2.60463486e+02
2.57629630e+02
2.55357831e+02
2.53414391e+02
2.51347813e+02
2.49575270e+02
2.47722949e+02
2.45796695e+02
2.44484594e+02
2.43295788e+02
2.42015832e+02
2.40811833e+02
2.39412886e+02
2.38801182e+02
2.37758169e+02
2.37216434e+02
2.36390933e+02
2.35640696e+02
2.34945655e+02
2.34284674e+02
2.33717197e+02
2.32997188e+02
2.32475702e+02
2.32676940e+02
2.32250373e+02
2.31843218e+02
2.31436174e+02
2.30947277e+02
2.30678226e+02
2.29948670e+02
2.29833584e+02
2.29737229e+02
2.69981132e+02
2.69772620e+02
2.68594039e+02
2.66722486e+02
2.64454845e+02
2.62066169e+02
2.59585085e+02
2.57823135e+02
2.55790963e+02
2.54078136e+02
2.52481899e+02
2.50346830e+02
2.49721232e+02
2.47834657e+02
2.46899900e+02
2.45820721e+02
2.44828995e+02
2.43719248e+02
2.42988927e+02
2.42065935e+02
2.41384446e+02
2.40727670e+02
2.39844357e+02
2.39197977e+02
2.38764000e+02
2.38502796e+02
2.37654605e+02
2.37276031e+02
2.36667140e+02
2.36932071e+02
2.36372222e+02
2.35973041e+02
2.35755331e+02
2.35374161e+02
2.35291552e+02
2.34755327e+02
2.34498068e+02
2.70173664e+02
2.70309346e+02
2.69682764e+02
2.68194194e+02
2.66901040e+02
2.65529247e+02
2.64035592e+02
2.63394134e+02
2.62078160e+02
2.61211738e+02
2.60313620e+02
2.59699567e+02
2.58720624e+02
2.57967815e+02
2.57315446e+02
2.56859834e+02
2.56500859e+02
2.55462033e+02
2.55177315e+02
2.54973428e+02
2.54421086e+02
2.54512797e+02
2.54046701e+02
2.53381518e+02
2.53519477e+02
2.52767696e+02
2.52847791e+02
2.52503669e+02
2.52597846e+02
2.52366348e+02
2.52070384e+02
2.52074364e+02
2.52024348e+02
2.51868970e+02
2.51691322e+02
2.51518495e+02
2.51386356e+02
2.70541649e+02
2.70705436e+02
2.69881419e+02
2.68481658e+02
2.67757084e+02
2.66941101e+02
2.66013348e+02
2.65500361e+02
2.65244761e+02
2.64604714e+02
2.63878064e+02
2.63232534e+02
2.62697868e+02
2.62549125e+02
2.62697376e+02
2.61988312e+02
2.61932026e+02
2.61616147e+02
2.61454266e+02
2.61041224e+02
2.61126178e+02
2.60751242e+02
2.60672381e+02
2.60140852e+02
2.60308778e+02
2.60138320e+02
2.60248254e+02
2.59919144e+02
2.59528169e+02
2.59787833e+02
2.59600113e+02
2.59658253e+02
2.59512713e+02
2.59809777e+02
2.59386832e+02
2.59054478e+02
2.59364284e+02
2.70823149e+02
2.70947273e+02
2.70706936e+02
2.70251286e+02
2.70181621e+02
2.70500599e+02
2.70527543e+02
2.69920314e+02
2.70052391e+02
2.70002902e+02
2.69603629e+02
2.69922317e+02
2.70205460e+02
2.69571144e+02
2.70036763e+02
2.69603285e+02
2.69917171e+02
2.69653342e+02
2.69963599e+02
2.69539298e+02
2.69916368e+02
2.69733899e+02
2.69438907e+02
2.69849745e+02
2.69781943e+02
2.69462500e+02
2.69611406e+02
2.69561282e+02
2.69682635e+02
2.69412342e+02
2.69779300e+02
2.69832472e+02
2.69450661e+02
2.69703599e+02
2.69265959e+02
2.69572773e+02
2.69755436e+02
