2.70105055e+02
5.03332522e+01
5.04722964e+01
5.00126169e+01
4.98517304e+01
4.98025335e+01
5.01358305e+01
5.03078078e+01
5.00531446e+01
5.03098188e+01
4.99940472e+01
5.00023162e+01
5.01241959e+01
5.02329583e+01
5.00455410e+01
4.99677193e+01
4.99435151e+01
4.95092102e+01
5.01834212e+01
5.01890215e+01
5.01992490e+01
4.99801399e+01
4.97832314e+01
4.98243329e+01
4.98768230e+01
4.99379839e+01
4.99141372e+01
4.98284603e+01
5.00624755e+01
5.00967946e+01
4.97066174e+01
5.01404989e+01
4.99629963e+01
5.02369866e+01
4.99124704e+01
4.99580059e+01
5.00531220e+01
2.70239922e+02
1.49905213e+02
1.43762307e+02
1.40070905e+02
1.37043924e+02
1.34458565e+02
1.31949091e+02
1.30624321e+02
1.29306737e+02
1.27679074e+02
1.26683720e+02
1.26235679e+02
1.25377592e+02
1.24877128e+02
1.24004372e+02
1.23799914e+02
1.23390952e+02
1.23292192e+02
1.22972882e+02
1.22514541e+02
1.22102415e+02
1.22237679e+02
1.21597743e+02
1.22151421e+02
1.21764000e+02
1.21637627e+02
1.21660502e+02
1.21432161e+02
1.21849450e+02
1.21263370e+02
1.21331192e+02
1.20787370e+02
1.21026877e+02
1.20967048e+02
1.20910911e+02
1.20841531e+02
1.21283344e+02
2.70110363e+02
2.50272083e+02
2.44257220e+02
2.39090168e+02
2.33259895e+02
2.28150502e+02
2.23498300e+02
2.19791336e+02
2.16248399e+02
2.13794283e+02
2.11458157e+02
2.09619808e+02
2.07694141e+02
2.06081641e+02
2.05151334e+02
2.03986742e+02
2.03064829e+02
2.02105636e+02
2.01979564e+02
2.00935791e+02
2.00966575e+02
2.00252509e+02
2.00057234e+02
1.99574270e+02
1.99658991e+02
1.99197057e+02
1.99063800e+02
1.98634143e+02
1.98711154e+02
1.98836178e+02
1.98418649e+02
1.98137406e+02
1.97936441e+02
1.98302934e+02
1.98262100e+02
1.98093442e+02
1.98065534e+02
2.68894274e+02
2.68877735e+02
2.68300158e+02
2.67925949e+02
2.67357899e+02
2.66766508e+02
2.66388057e+02
2.66027631e+02
2.65471632e+02
2.64978953e+02
2.64654934e+02
2.64519295e+02
2.63629712e+02
2.63584776e+02
2.63465332e+02
2.63387049e+02
2.63023899e+02
2.62938719e+02
2.63193024e+02
2.62489919e+02
2.62694967e+02
2.62922737e+02
2.62775813e+02
2.62287363e+02
2.62794401e+02
2.62584969e+02
2.62626630e+02
2.62382479e+02
2.62536341e+02
2.62457148e+02
2.62366098e+02
2.62063999e+02
2.62103917e+02
2.61898671e+02
2.62360030e+02
2.62397831e+02
2.62411826e+02
2.68235393e+02
2.68243772e+02
2.68097580e+02
2.67922041e+02
2.67360478e+02
2.67678701e+02
2.66768422e+02
2.66765341e+02
2.66757250e+02
2.66248392e+02
2.65854048e+02
2.66029704e+02
2.65654231e+02
2.65129837e+02
2.65674138e+02
2.65342471e+02
2.64829647e+02
2.65025392e+02
2.64814365e+02
2.64599212e+02
2.64802564e+02
2.64720226e+02
2.64448729e+02
2.64937786e+02
2.64623269e+02
2.64794343e+02
2.64945992e+02
2.64423979e+02
2.64535311e+02
2.64611146e+02
2.64594174e+02
2.64341348e+02
2.64426108e+02
2.64552851e+02
2.64341450e+02
2.64206390e+02
2.64625116e+02
2.65476282e+02
2.65488813e+02
2.64206223e+02
2.62205232e+02
2.59740870e+02
2.57708794e+02
2.55495144e+02
2.52364748e+02
2.50539231e+02
2.48860180e+02
2.46961537e+02
2.45614956e+02
2.44499191e+02
2.42860285e+02
2.41602936e+02
2.40112847e+02
2.39418693e+02
2.38356445e+02
2.37694460e+02
2.36435594e+02
2.35507833e+02
2.35491917e+02
2.34296312e+02
2.33839678e+02
2.33116436e+02
2.32990321e+02
2.32348151e+02
2.31685372e+02
2.31863811e+02
2.30996119e+02
2.30874713e+02
2.30339015e+02
2.30056952e+02
2.29506082e+02
2.29729036e+02
2.29646058e+02
2.29234558e+02
2.66215466e+02
2.66085697e+02
2.64767594e+02
2.63327905e+02
2.60851455e+02
2.58403847e+02
2.57069861e+02
2.54646797e+02
2.52674253e+02
2.51105098e+02
2.49344079e+02
2.48072637e+02
2.46751678e+02
2.45595573e+02
2.44412605e+02
2.43122292e+02
2.41827801e+02
2.41611758e+02
2.40543452e+02
2.39685724e+02
2.39350734e+02
2.38455565e+02
2.38000780e+02
2.37549358e+02
2.36931233e+02
2.36366132e+02
2.36117259e+02
2.35823025e+02
2.35725520e+02
2.34990850e+02
2.34900438e+02
2.34434822e+02
2.33801496e+02
2.33797707e+02
2.33840648e+02
2.33238846e+02
2.33238736e+02
2.69046030e+02
2.68622586e+02
2.68469585e+02
2.67181743e+02
2.65550277e+02
2.64231888e+02
2.62941735e+02
2.62183276e+02
2.60956700e+02
2.59950658e+02
2.58738943e+02
2.58029228e+02
2.57302594e+02
2.56967658e+02
2.56477355e+02
2.55927448e+02
2.55307642e+02
2.54741564e+02
2.54367421e+02
2.54079866e+02
2.53623868e+02
2.53493152e+02
2.53058396e+02
2.52226964e+02
2.52594585e+02
2.52471885e+02
2.52440770e+02
2.51812622e+02
2.51719534e+02
2.51395772e+02
2.51267317e+02
2.51213060e+02
2.51177968e+02
2.50779820e+02
2.50933877e+02
2.50632600e+02
2.50622265e+02
2.70089933e+02
2.70043640e+02
2.69054174e+02
2.68127241e+02
2.67704897e+02
2.66396848e+02
2.65285737e+02
2.65134319e+02
2.64071840e+02
2.64157971e+02
2.63402202e+02
2.63258270e+02
2.62761559e+02
2.62697190e+02
2.61852805e+02
2.62320718e+02
2.61658102e+02
2.61558184e+02
2.61123932e+02
2.61145931e+02
2.60606477e+02
2.60633057e+02
2.60796289e+02
2.60329824e+02
2.60325332e+02
2.59998902e+02
2.59987976e+02
2.60088549e+02
2.59975617e+02
2.59490355e+02
2.59307024e+02
2.59483939e+02
2.59712014e+02
2.59384952e+02
2.59459731e+02
2.59554824e+02
2.59562577e+02
2.70860676e+02
2.70699609e+02
2.70621740e+02
2.70340706e+02
2.70428530e+02
2.70304602e+02
2.70166907e+02
2.70148688e+02
2.70199758e+02
2.69781726e+02
2.70013032e+02
2.70136242e+02
2.69855931e+02
2.69675929e+02
2.69820404e+02
2.69878383e+02
2.69513250e+02
2.69610879e+02
2.69346320e+02
2.69531530e+02
2.69718151e+02
2.69625700e+02
2.69714284e+02
2.69737774e+02
2.69424201e+02
2.69547730e+02
2.69616285e+02
2.69287574e+02
2.69761676e+02
2.69719024e+02
2.69581521e+02
2.69756068e+02
2.69606227e+02
2.69654138e+02
2.69274943e+02
2.69371940e+02
2.69346057e+02
