-2.2000e+02
0.0000e+00
0.0000e+00
0.0000e+00
0.0000e+00
0.0000e+00
0.0000e+00
0.0000e+00
0.0000e+00
0.0000e+00
0.0000e+00
0.0000e+00
0.0000e+00
0.0000e+00
0.0000e+00
0.0000e+00
0.0000e+00
0.0000e+00
0.0000e+00
0.0000e+00
0.0000e+00
0.0000e+00
0.0000e+00
0.0000e+00
0.0000e+00
0.0000e+00
0.0000e+00
0.0000e+00
0.0000e+00
0.0000e+00
0.0000e+00
0.0000e+00
0.0000e+00
0.0000e+00
0.0000e+00
0.0000e+00
-1.2000e+02
-6.4081e+00
-3.8572e+00
-2.9495e+00
-2.5327e+00
-2.1963e+00
-1.8173e+00
-1.4966e+00
-1.2398e+00
-1.0346e+00
-8.6916e-01
-7.3466e-01
-6.2433e-01
-5.3312e-01
-4.5721e-01
-3.9364e-01
-3.4014e-01
-2.9490e-01
-2.5649e-01
-2.2376e-01
-1.9578e-01
-1.7178e-01
-1.5114e-01
-1.3335e-01
-1.1796e-01
-1.0464e-01
-9.3062e-02
-8.2988e-02
-7.4200e-02
-6.6519e-02
-5.9790e-02
-5.3882e-02
-4.8686e-02
-4.4105e-02
-3.9318e-02
-3.5236e-02
-2.0000e+01
-5.4862e+00
-5.4756e+00
-5.5019e+00
-5.1934e+00
-4.5823e+00
-3.9405e+00
-3.3554e+00
-2.8464e+00
-2.4128e+00
-2.0469e+00
-1.7393e+00
-1.4809e+00
-1.2636e+00
-1.0806e+00
-9.2615e-01
-7.9555e-01
-6.8483e-01
-5.9077e-01
-5.1068e-01
-4.4235e-01
-3.8394e-01
-3.3390e-01
-2.9097e-01
-2.5407e-01
-2.2230e-01
-1.9490e-01
-1.7124e-01
-1.5077e-01
-1.3304e-01
-1.1766e-01
-1.0429e-01
-9.2651e-02
-8.2507e-02
-7.2453e-02
-6.3887e-02
-1.0393e-01
-2.6421e-01
-3.9074e-01
-4.8575e-01
-5.3867e-01
-5.5062e-01
-5.3129e-01
-4.9314e-01
-4.4631e-01
-3.9741e-01
-3.5020e-01
-3.0657e-01
-2.6728e-01
-2.3245e-01
-2.0189e-01
-1.7525e-01
-1.5211e-01
-1.3207e-01
-1.1473e-01
-9.9744e-02
-8.6798e-02
-7.5615e-02
-6.5950e-02
-5.7595e-02
-5.0369e-02
-4.4116e-02
-3.8700e-02
-3.4005e-02
-2.9933e-02
-2.6397e-02
-2.3324e-02
-2.0650e-02
-1.8320e-02
-1.6289e-02
-1.4401e-02
-1.2670e-02
-2.4663e-02
-1.0218e-01
-1.8521e-01
-2.5583e-01
-3.0431e-01
-3.2703e-01
-3.2716e-01
-3.1145e-01
-2.8679e-01
-2.5837e-01
-2.2948e-01
-2.0196e-01
-1.7672e-01
-1.5406e-01
-1.3403e-01
-1.1646e-01
-1.0115e-01
-8.7856e-02
-7.6334e-02
-6.6361e-02
-5.7739e-02
-5.0285e-02
-4.3840e-02
-3.8268e-02
-3.3449e-02
-2.9278e-02
-2.5666e-02
-2.2535e-02
-1.9821e-02
-1.7465e-02
-1.5417e-02
-1.3637e-02
-1.2086e-02
-1.0734e-02
-9.4350e-03
-8.3470e-03
-9.2968e-01
-2.3482e+00
-2.8630e+00
-2.9086e+00
-2.7987e+00
-2.6343e+00
-2.4537e+00
-2.2720e+00
-2.0963e+00
-1.9303e+00
-1.7756e+00
-1.6327e+00
-1.5016e+00
-1.3817e+00
-1.2724e+00
-1.1729e+00
-1.0824e+00
-1.0001e+00
-9.2526e-01
-8.5714e-01
-7.9510e-01
-7.3854e-01
-6.8692e-01
-6.3976e-01
-5.9660e-01
-5.5707e-01
-5.2080e-01
-4.8747e-01
-4.5682e-01
-4.2857e-01
-4.0250e-01
-3.7842e-01
-3.5615e-01
-3.3551e-01
-3.1036e-01
-2.8771e-01
-3.1435e-01
-1.2053e+00
-1.8968e+00
-2.2230e+00
-2.3256e+00
-2.3044e+00
-2.2167e+00
-2.0950e+00
-1.9581e+00
-1.8174e+00
-1.6795e+00
-1.5480e+00
-1.4249e+00
-1.3109e+00
-1.2061e+00
-1.1103e+00
-1.0230e+00
-9.4342e-01
-8.7108e-01
-8.0531e-01
-7.4548e-01
-6.9104e-01
-6.4144e-01
-5.9622e-01
-5.5493e-01
-5.1719e-01
-4.8264e-01
-4.5096e-01
-4.2189e-01
-3.9515e-01
-3.7054e-01
-3.4785e-01
-3.2690e-01
-3.0752e-01
-2.8451e-01
-2.6335e-01
-3.4420e-01
-1.0632e+00
-1.3969e+00
-1.4626e+00
-1.4341e+00
-1.3679e+00
-1.2846e+00
-1.1940e+00
-1.1020e+00
-1.0124e+00
-9.2751e-01
-8.4847e-01
-7.7575e-01
-7.0936e-01
-6.4907e-01
-5.9446e-01
-5.4511e-01
-5.0052e-01
-4.6025e-01
-4.2387e-01
-3.9096e-01
-3.6117e-01
-3.3416e-01
-3.0965e-01
-2.8736e-01
-2.6707e-01
-2.4856e-01
-2.3165e-01
-2.1618e-01
-2.0201e-01
-1.8899e-01
-1.7703e-01
-1.6602e-01
-1.5586e-01
-1.4436e-01
-1.3390e-01
-2.4812e-01
-8.8209e-01
-1.1535e+00
-1.1141e+00
-9.9608e-01
-8.8052e-01
-7.8211e-01
-6.9897e-01
-6.2744e-01
-5.6504e-01
-5.1013e-01
-4.6160e-01
-4.1857e-01
-3.8033e-01
-3.4628e-01
-3.1592e-01
-2.8879e-01
-2.6451e-01
-2.4274e-01
-2.2318e-01
-2.0557e-01
-1.8969e-01
-1.7534e-01
-1.6234e-01
-1.5055e-01
-1.3984e-01
-1.3008e-01
-1.2117e-01
-1.1303e-01
-1.0558e-01
-9.8744e-02
-9.2463e-02
-8.6682e-02
-8.1355e-02
-7.5333e-02
-7.0033e-02
-9.8474e-02
-1.9493e-01
-1.7306e-01
-1.3944e-01
-1.1440e-01
-9.6343e-02
-8.2764e-02
-7.1947e-02
-6.3024e-02
-5.5521e-02
-4.9138e-02
-4.3659e-02
-3.8930e-02
-3.4828e-02
-3.1253e-02
-2.8130e-02
-2.5389e-02
-2.2977e-02
-2.0849e-02
-1.8966e-02
-1.7295e-02
-1.5807e-02
-1.4482e-02
-1.3295e-02
-1.2231e-02
-1.1276e-02
-1.0416e-02
-9.6380e-03
-8.9350e-03
-8.2970e-03
-7.7180e-03
-7.1900e-03
-6.7090e-03
-6.2680e-03
-5.7840e-03
-5.3450e-03
