-2.2000e+02
0.0000e+00
0.0000e+00
0.0000e+00
0.0000e+00
0.0000e+00
0.0000e+00
0.0000e+00
0.0000e+00
0.0000e+00
0.0000e+00
0.0000e+00
0.0000e+00
0.0000e+00
0.0000e+00
0.0000e+00
0.0000e+00
0.0000e+00
0.0000e+00
0.0000e+00
0.0000e+00
0.0000e+00
0.0000e+00
0.0000e+00
0.0000e+00
0.0000e+00
0.0000e+00
0.0000e+00
0.0000e+00
0.0000e+00
0.0000e+00
0.0000e+00
0.0000e+00
0.0000e+00
0.0000e+00
0.0000e+00
-1.2000e+02
-6.4628e+00
-3.8624e+00
-2.9571e+00
-2.5402e+00
-2.1959e+00
-1.8127e+00
-1.4910e+00
-1.2341e+00
-1.0289e+00
-8.6354e-01
-7.2910e-01
-6.1879e-01
-5.2758e-01
-4.5165e-01
-3.8805e-01
-3.3451e-01
-2.8925e-01
-2.5082e-01
-2.1808e-01
-1.9010e-01
-1.6612e-01
-1.4551e-01
-1.2776e-01
-1.1065e-01
-9.6296e-02
-8.5573e-02
-7.6120e-02
-6.7831e-02
-6.0560e-02
-5.4176e-02
-4.8562e-02
-4.3618e-02
-3.9256e-02
-3.5402e-02
-3.1990e-02
-2.0000e+01
-5.5586e+00
-5.5071e+00
-5.5344e+00
-5.2193e+00
-4.6036e+00
-3.9598e+00
-3.3731e+00
-2.8627e+00
-2.4276e+00
-2.0601e+00
-1.7507e+00
-1.4905e+00
-1.2715e+00
-1.0868e+00
-9.3087e-01
-7.9883e-01
-6.8684e-01
-5.9164e-01
-5.1056e-01
-4.4137e-01
-3.8222e-01
-3.3157e-01
-2.8812e-01
-2.4732e-01
-2.1304e-01
-1.8679e-01
-1.6405e-01
-1.4432e-01
-1.2719e-01
-1.1229e-01
-9.9313e-02
-8.7994e-02
-7.8108e-02
-6.9463e-02
-6.1891e-02
-9.3770e-02
-2.5739e-01
-3.8656e-01
-4.8494e-01
-5.4142e-01
-5.5626e-01
-5.3880e-01
-5.0154e-01
-4.5484e-01
-4.0557e-01
-3.5770e-01
-3.1327e-01
-2.7313e-01
-2.3747e-01
-2.0613e-01
-1.7878e-01
-1.5501e-01
-1.3440e-01
-1.1658e-01
-1.0117e-01
-8.7868e-02
-7.6378e-02
-6.6453e-02
-5.7880e-02
-5.0169e-02
-4.3261e-02
-3.7724e-02
-3.3069e-02
-2.9069e-02
-2.5602e-02
-2.2590e-02
-1.9965e-02
-1.7677e-02
-1.5677e-02
-1.3927e-02
-1.2396e-02
-2.7259e-02
-1.1686e-01
-2.0844e-01
-2.8510e-01
-3.3670e-01
-3.5985e-01
-3.5850e-01
-3.4033e-01
-3.1281e-01
-2.8149e-01
-2.4982e-01
-2.1972e-01
-1.9214e-01
-1.6740e-01
-1.4552e-01
-1.2633e-01
-1.0961e-01
-9.5079e-02
-8.2491e-02
-7.1600e-02
-6.2184e-02
-5.4048e-02
-4.7018e-02
-4.0944e-02
-3.5354e-02
-3.0638e-02
-2.6716e-02
-2.3384e-02
-2.0534e-02
-1.8072e-02
-1.5936e-02
-1.4076e-02
-1.2455e-02
-1.1039e-02
-9.8020e-03
-8.7180e-03
-4.4294e-01
-1.7922e+00
-2.4815e+00
-2.6666e+00
-2.6389e+00
-2.5207e+00
-2.3657e+00
-2.1983e+00
-2.0304e+00
-1.8684e+00
-1.7155e+00
-1.5729e+00
-1.4413e+00
-1.3204e+00
-1.2099e+00
-1.1090e+00
-1.0172e+00
-9.3357e-01
-8.5752e-01
-7.8834e-01
-7.2540e-01
-6.6810e-01
-6.1591e-01
-5.6834e-01
-5.1757e-01
-4.7211e-01
-4.3791e-01
-4.0645e-01
-3.7759e-01
-3.5108e-01
-3.2671e-01
-3.0430e-01
-2.8366e-01
-2.6464e-01
-2.4710e-01
-2.3090e-01
-3.4086e-01
-1.4694e+00
-2.1198e+00
-2.3296e+00
-2.3392e+00
-2.2574e+00
-2.1337e+00
-1.9922e+00
-1.8456e+00
-1.7014e+00
-1.5634e+00
-1.4340e+00
-1.3140e+00
-1.2035e+00
-1.1023e+00
-1.0100e+00
-9.2589e-01
-8.4936e-01
-7.7978e-01
-7.1651e-01
-6.5897e-01
-6.0663e-01
-5.5897e-01
-5.1556e-01
-4.6899e-01
-4.2773e-01
-3.9668e-01
-3.6809e-01
-3.4183e-01
-3.1773e-01
-2.9558e-01
-2.7520e-01
-2.5645e-01
-2.3917e-01
-2.2324e-01
-2.0854e-01
-2.2782e-01
-9.3798e-01
-1.2728e+00
-1.3440e+00
-1.3202e+00
-1.2580e+00
-1.1790e+00
-1.0931e+00
-1.0062e+00
-9.2192e-01
-8.4217e-01
-7.6800e-01
-6.9977e-01
-6.3745e-01
-5.8078e-01
-5.2939e-01
-4.8288e-01
-4.4081e-01
-4.0277e-01
-3.6837e-01
-3.3725e-01
-3.0909e-01
-2.8357e-01
-2.6044e-01
-2.3581e-01
-2.1427e-01
-1.9807e-01
-1.8314e-01
-1.6947e-01
-1.5695e-01
-1.4549e-01
-1.3499e-01
-1.2536e-01
-1.1652e-01
-1.0840e-01
-1.0094e-01
-1.7065e-01
-7.7086e-01
-1.0311e+00
-9.9482e-01
-8.8659e-01
-7.8188e-01
-6.9344e-01
-6.1899e-01
-5.5497e-01
-4.9903e-01
-4.4971e-01
-4.0597e-01
-3.6705e-01
-3.3234e-01
-3.0133e-01
-2.7358e-01
-2.4871e-01
-2.2639e-01
-2.0633e-01
-1.8829e-01
-1.7204e-01
-1.5737e-01
-1.4414e-01
-1.3216e-01
-1.1949e-01
-1.0837e-01
-1.0011e-01
-9.2464e-02
-8.5454e-02
-7.9040e-02
-7.3178e-02
-6.7816e-02
-6.2905e-02
-5.8407e-02
-5.4281e-02
-5.0492e-02
-8.5784e-02
-1.7155e-01
-1.4918e-01
-1.1864e-01
-9.6520e-02
-8.0824e-02
-6.9115e-02
-5.9835e-02
-5.2209e-02
-4.5818e-02
-4.0392e-02
-3.5743e-02
-3.1736e-02
-2.8261e-02
-2.5237e-02
-2.2594e-02
-2.0277e-02
-1.8237e-02
-1.6439e-02
-1.4849e-02
-1.3438e-02
-1.2185e-02
-1.1068e-02
-1.0071e-02
-9.0500e-03
-8.1500e-03
-7.4770e-03
-6.8650e-03
-6.3120e-03
-5.8100e-03
-5.3540e-03
-4.9410e-03
-4.5660e-03
-4.2230e-03
-3.9110e-03
-3.6260e-03
