-2.2000e+02
0.0000e+00
0.0000e+00
0.0000e+00
0.0000e+00
0.0000e+00
0.0000e+00
0.0000e+00
0.0000e+00
0.0000e+00
0.0000e+00
0.0000e+00
0.0000e+00
0.0000e+00
0.0000e+00
0.0000e+00
0.0000e+00
0.0000e+00
0.0000e+00
0.0000e+00
0.0000e+00
0.0000e+00
0.0000e+00
0.0000e+00
0.0000e+00
0.0000e+00
0.0000e+00
0.0000e+00
0.0000e+00
0.0000e+00
0.0000e+00
0.0000e+00
0.0000e+00
0.0000e+00
0.0000e+00
0.0000e+00
-1.2000e+02
-6.2590e+00
-3.8459e+00
-2.9688e+00
-2.5252e+00
-2.1696e+00
-1.8196e+00
-1.5012e+00
-1.2437e+00
-1.0370e+00
-8.7013e-01
-7.3422e-01
-6.2266e-01
-5.3044e-01
-4.5372e-01
-3.8954e-01
-3.3561e-01
-2.9010e-01
-2.5153e-01
-2.1875e-01
-1.9080e-01
-1.6689e-01
-1.4638e-01
-1.2875e-01
-1.1355e-01
-1.0042e-01
-8.9045e-02
-7.9170e-02
-7.0578e-02
-6.3084e-02
-5.6042e-02
-4.9546e-02
-4.4440e-02
-4.0297e-02
-3.6597e-02
-3.3309e-02
-2.0000e+01
-5.5865e+00
-5.5475e+00
-5.5757e+00
-5.2501e+00
-4.6191e+00
-3.9606e+00
-3.3648e+00
-2.8489e+00
-2.4103e+00
-2.0408e+00
-1.7304e+00
-1.4699e+00
-1.2512e+00
-1.0671e+00
-9.1207e-01
-7.8113e-01
-6.7034e-01
-5.7641e-01
-4.9662e-01
-4.2873e-01
-3.7084e-01
-3.2141e-01
-2.7913e-01
-2.4290e-01
-2.1181e-01
-1.8509e-01
-1.6209e-01
-1.4226e-01
-1.2514e-01
-1.0949e-01
-9.5350e-02
-8.4040e-02
-7.4904e-02
-6.6916e-02
-5.9921e-02
-1.0072e-01
-2.5717e-01
-3.8006e-01
-4.7080e-01
-5.1789e-01
-5.2410e-01
-5.0067e-01
-4.6049e-01
-4.1345e-01
-3.6563e-01
-3.2027e-01
-2.7888e-01
-2.4196e-01
-2.0947e-01
-1.8115e-01
-1.5657e-01
-1.3534e-01
-1.1702e-01
-1.0125e-01
-8.7669e-02
-7.5986e-02
-6.5934e-02
-5.7284e-02
-4.9837e-02
-4.3422e-02
-3.7893e-02
-3.3124e-02
-2.9007e-02
-2.5450e-02
-2.2373e-02
-1.9637e-02
-1.7139e-02
-1.5029e-02
-1.3330e-02
-1.1877e-02
-1.0612e-02
-2.1575e-02
-9.3190e-02
-1.7138e-01
-2.3814e-01
-2.8297e-01
-3.0249e-01
-3.0045e-01
-2.8389e-01
-2.5955e-01
-2.3231e-01
-2.0513e-01
-1.7958e-01
-1.5637e-01
-1.3570e-01
-1.1754e-01
-1.0170e-01
-8.7965e-02
-7.6086e-02
-6.5836e-02
-5.7003e-02
-4.9396e-02
-4.2846e-02
-3.7208e-02
-3.2352e-02
-2.8170e-02
-2.4566e-02
-2.1456e-02
-1.8774e-02
-1.6455e-02
-1.4452e-02
-1.2634e-02
-1.1037e-02
-9.7040e-03
-8.5900e-03
-7.6360e-03
-6.8110e-03
-2.7503e-01
-1.4611e+00
-2.1199e+00
-2.3588e+00
-2.4069e+00
-2.3584e+00
-2.2594e+00
-2.1354e+00
-2.0007e+00
-1.8640e+00
-1.7305e+00
-1.6030e+00
-1.4829e+00
-1.3710e+00
-1.2674e+00
-1.1717e+00
-1.0836e+00
-1.0028e+00
-9.2851e-01
-8.6040e-01
-7.9791e-01
-7.4056e-01
-6.8791e-01
-6.3954e-01
-5.9507e-01
-5.5415e-01
-5.1647e-01
-4.8174e-01
-4.4970e-01
-4.2011e-01
-3.8927e-01
-3.5747e-01
-3.3253e-01
-3.1264e-01
-2.9395e-01
-2.7647e-01
-2.6631e-01
-1.3763e+00
-1.9828e+00
-2.1811e+00
-2.2060e+00
-2.1497e+00
-2.0530e+00
-1.9368e+00
-1.8126e+00
-1.6876e+00
-1.5658e+00
-1.4498e+00
-1.3408e+00
-1.2394e+00
-1.1454e+00
-1.0588e+00
-9.7921e-01
-9.0610e-01
-8.3903e-01
-7.7752e-01
-7.2111e-01
-6.6935e-01
-6.2183e-01
-5.7817e-01
-5.3804e-01
-5.0110e-01
-4.6709e-01
-4.3573e-01
-4.0679e-01
-3.8007e-01
-3.5205e-01
-3.2328e-01
-3.0094e-01
-2.8312e-01
-2.6623e-01
-2.5040e-01
-1.8279e-01
-7.6549e-01
-1.1514e+00
-1.2944e+00
-1.3167e+00
-1.2810e+00
-1.2175e+00
-1.1414e+00
-1.0611e+00
-9.8109e-01
-9.0416e-01
-8.3173e-01
-7.6445e-01
-7.0250e-01
-6.4576e-01
-5.9398e-01
-5.4681e-01
-5.0386e-01
-4.6477e-01
-4.2917e-01
-3.9672e-01
-3.6712e-01
-3.4010e-01
-3.1538e-01
-2.9276e-01
-2.7203e-01
-2.5300e-01
-2.3552e-01
-2.1945e-01
-2.0464e-01
-1.8968e-01
-1.7498e-01
-1.6244e-01
-1.5196e-01
-1.4239e-01
-1.3358e-01
-4.2486e-01
-1.2140e+00
-1.3414e+00
-1.1961e+00
-1.0315e+00
-8.9485e-01
-7.8589e-01
-6.9722e-01
-6.2294e-01
-5.5953e-01
-5.0473e-01
-4.5700e-01
-4.1512e-01
-3.7820e-01
-3.4548e-01
-3.1636e-01
-2.9034e-01
-2.6699e-01
-2.4598e-01
-2.2701e-01
-2.0982e-01
-1.9422e-01
-1.8002e-01
-1.6706e-01
-1.5521e-01
-1.4436e-01
-1.3440e-01
-1.2525e-01
-1.1682e-01
-1.0906e-01
-1.0162e-01
-9.4225e-02
-8.7351e-02
-8.1573e-02
-7.6403e-02
-7.1680e-02
-8.5679e-02
-1.7009e-01
-1.4954e-01
-1.1925e-01
-9.6677e-02
-8.0416e-02
-6.8326e-02
-5.8857e-02
-5.1157e-02
-4.4764e-02
-3.9389e-02
-3.4826e-02
-3.0926e-02
-2.7573e-02
-2.4674e-02
-2.2157e-02
-1.9961e-02
-1.8037e-02
-1.6344e-02
-1.4851e-02
-1.3527e-02
-1.2350e-02
-1.1302e-02
-1.0363e-02
-9.5210e-03
-8.7630e-03
-8.0800e-03
-7.4620e-03
-6.9030e-03
-6.3930e-03
-5.9110e-03
-5.4410e-03
-5.0130e-03
-4.6560e-03
-4.3390e-03
-4.0510e-03
