-2.2000e+02
0.0000e+00
0.0000e+00
0.0000e+00
0.0000e+00
0.0000e+00
0.0000e+00
0.0000e+00
0.0000e+00
0.0000e+00
0.0000e+00
0.0000e+00
0.0000e+00
0.0000e+00
0.0000e+00
0.0000e+00
0.0000e+00
0.0000e+00
0.0000e+00
0.0000e+00
0.0000e+00
0.0000e+00
0.0000e+00
0.0000e+00
0.0000e+00
0.0000e+00
0.0000e+00
0.0000e+00
0.0000e+00
0.0000e+00
0.0000e+00
0.0000e+00
0.0000e+00
0.0000e+00
0.0000e+00
0.0000e+00
-1.2000e+02
-6.2248e+00
-3.8238e+00
-2.9385e+00
-2.5053e+00
-2.1540e+00
-1.8108e+00
-1.4950e+00
-1.2391e+00
-1.0337e+00
-8.6773e-01
-7.3263e-01
-6.2171e-01
-5.3000e-01
-4.5366e-01
-3.8977e-01
-3.3602e-01
-2.9061e-01
-2.5210e-01
-2.1933e-01
-1.9135e-01
-1.6739e-01
-1.4682e-01
-1.2912e-01
-1.1384e-01
-1.0063e-01
-8.9184e-02
-7.9239e-02
-7.0583e-02
-6.3032e-02
-5.6431e-02
-5.0649e-02
-4.5573e-02
-4.0414e-02
-3.6044e-02
-3.2824e-02
-2.0000e+01
-5.4911e+00
-5.4584e+00
-5.4678e+00
-5.1539e+00
-4.5391e+00
-3.8941e+00
-3.3097e+00
-2.8035e+00
-2.3733e+00
-2.0107e+00
-1.7062e+00
-1.4507e+00
-1.2360e+00
-1.0553e+00
-9.0296e-01
-7.7421e-01
-6.6516e-01
-5.7260e-01
-4.9388e-01
-4.2680e-01
-3.6953e-01
-3.2055e-01
-2.7860e-01
-2.4260e-01
-2.1166e-01
-1.8503e-01
-1.6208e-01
-1.4227e-01
-1.2515e-01
-1.1032e-01
-9.7464e-02
-8.6299e-02
-7.5472e-02
-6.6276e-02
-5.9295e-02
-1.0915e-01
-2.7285e-01
-3.9534e-01
-4.8528e-01
-5.3278e-01
-5.3992e-01
-5.1707e-01
-4.7684e-01
-4.2920e-01
-3.8041e-01
-3.3389e-01
-2.9127e-01
-2.5313e-01
-2.1949e-01
-1.9009e-01
-1.6454e-01
-1.4241e-01
-1.2330e-01
-1.0681e-01
-9.2587e-02
-8.0333e-02
-6.9773e-02
-6.0671e-02
-5.2822e-02
-4.6052e-02
-4.0208e-02
-3.5160e-02
-3.0797e-02
-2.7022e-02
-2.3753e-02
-2.0919e-02
-1.8461e-02
-1.6324e-02
-1.4353e-02
-1.2577e-02
-1.1176e-02
-2.0079e-02
-9.1510e-02
-1.6926e-01
-2.3524e-01
-2.8069e-01
-3.0201e-01
-3.0204e-01
-2.8711e-01
-2.6380e-01
-2.3706e-01
-2.0999e-01
-1.8432e-01
-1.6085e-01
-1.3986e-01
-1.2135e-01
-1.0516e-01
-9.1083e-02
-7.8888e-02
-6.8344e-02
-5.9242e-02
-5.1389e-02
-4.4617e-02
-3.8777e-02
-3.3741e-02
-2.9396e-02
-2.5646e-02
-2.2407e-02
-1.9609e-02
-1.7188e-02
-1.5093e-02
-1.3277e-02
-1.1704e-02
-1.0336e-02
-9.0360e-03
-7.9550e-03
-7.0690e-03
-4.0816e-01
-1.4965e+00
-2.1943e+00
-2.4829e+00
-2.5582e+00
-2.5181e+00
-2.4155e+00
-2.2809e+00
-2.1322e+00
-1.9801e+00
-1.8312e+00
-1.6890e+00
-1.5554e+00
-1.4313e+00
-1.3168e+00
-1.2116e+00
-1.1153e+00
-1.0274e+00
-9.4719e-01
-8.7405e-01
-8.0737e-01
-7.4656e-01
-6.9108e-01
-6.4043e-01
-5.9414e-01
-5.5179e-01
-5.1302e-01
-4.7747e-01
-4.4484e-01
-4.1485e-01
-3.8727e-01
-3.6185e-01
-3.3842e-01
-3.1147e-01
-2.8670e-01
-2.6950e-01
-4.8018e-01
-1.6061e+00
-2.1995e+00
-2.3784e+00
-2.3777e+00
-2.2937e+00
-2.1706e+00
-2.0306e+00
-1.8858e+00
-1.7431e+00
-1.6065e+00
-1.4782e+00
-1.3589e+00
-1.2490e+00
-1.1482e+00
-1.0560e+00
-9.7198e-01
-8.9540e-01
-8.2566e-01
-7.6215e-01
-7.0430e-01
-6.5156e-01
-6.0346e-01
-5.5954e-01
-5.1939e-01
-4.8265e-01
-4.4900e-01
-4.1812e-01
-3.8977e-01
-3.6370e-01
-3.3970e-01
-3.1757e-01
-2.9715e-01
-2.7319e-01
-2.5163e-01
-2.3695e-01
-2.7644e-01
-9.5132e-01
-1.2847e+00
-1.3600e+00
-1.3347e+00
-1.2681e+00
-1.1848e+00
-1.0963e+00
-1.0084e+00
-9.2408e-01
-8.4513e-01
-7.7223e-01
-7.0553e-01
-6.4486e-01
-5.8986e-01
-5.4009e-01
-4.9511e-01
-4.5444e-01
-4.1767e-01
-3.8439e-01
-3.5424e-01
-3.2690e-01
-3.0206e-01
-2.7947e-01
-2.5889e-01
-2.4012e-01
-2.2298e-01
-2.0730e-01
-1.9293e-01
-1.7975e-01
-1.6764e-01
-1.5651e-01
-1.4625e-01
-1.3486e-01
-1.2456e-01
-1.1682e-01
-2.0208e-01
-7.6893e-01
-1.0072e+00
-9.6795e-01
-8.6119e-01
-7.5754e-01
-6.6971e-01
-5.9627e-01
-5.3379e-01
-4.7978e-01
-4.3262e-01
-3.9117e-01
-3.5458e-01
-3.2217e-01
-2.9337e-01
-2.6771e-01
-2.4478e-01
-2.2425e-01
-2.0581e-01
-1.8922e-01
-1.7425e-01
-1.6073e-01
-1.4847e-01
-1.3735e-01
-1.2724e-01
-1.1802e-01
-1.0961e-01
-1.0191e-01
-9.4870e-02
-8.8410e-02
-8.2475e-02
-7.7015e-02
-7.1986e-02
-6.6397e-02
-6.1451e-02
-5.7704e-02
-8.1017e-02
-1.6283e-01
-1.4378e-01
-1.1566e-01
-9.4734e-02
-7.9518e-02
-6.8050e-02
-5.8951e-02
-5.1460e-02
-4.5180e-02
-3.9852e-02
-3.5298e-02
-3.1379e-02
-2.7992e-02
-2.5051e-02
-2.2487e-02
-2.0245e-02
-1.8276e-02
-1.6542e-02
-1.5010e-02
-1.3653e-02
-1.2447e-02
-1.1373e-02
-1.0411e-02
-9.5520e-03
-8.7790e-03
-8.0840e-03
-7.4570e-03
-6.8890e-03
-6.3750e-03
-5.9080e-03
-5.4840e-03
-5.0960e-03
-4.6840e-03
-4.3050e-03
-4.0190e-03
