5.5021e-03
4.0060e-03
3.4074e-03
3.1510e-03
2.8362e-03
2.6706e-03
2.5464e-03
2.4473e-03
2.3652e-03
2.2955e-03
2.2353e-03
2.1824e-03
2.1355e-03
2.0934e-03
2.0553e-03
2.0206e-03
1.9889e-03
1.9598e-03
1.9328e-03
1.9079e-03
1.4195e-03
5.2493e-04
7.5179e-05
4.5211e-05
3.1032e-05
2.1346e-05
1.4871e-05
1.0111e-05
6.5279e-06
3.9092e-06
1.8152e-06
2.9366e-07
0.0000e+00
0.0000e+00
0.0000e+00
0.0000e+00
0.0000e+00
0.0000e+00
0.0000e+00
0.0000e+00
8.8566e-05
5.1025e-05
3.4608e-05
2.4886e-05
1.8059e-05
1.2551e-05
8.7757e-06
5.5052e-06
3.2604e-06
1.3511e-06
3.7293e-07
0.0000e+00
0.0000e+00
0.0000e+00
0.0000e+00
0.0000e+00
0.0000e+00
0.0000e+00
0.0000e+00
0.0000e+00
0.0000e+00
0.0000e+00
0.0000e+00
0.0000e+00
0.0000e+00
0.0000e+00
0.0000e+00
0.0000e+00
0.0000e+00
0.0000e+00
0.0000e+00
0.0000e+00
0.0000e+00
0.0000e+00
0.0000e+00
0.0000e+00
0.0000e+00
0.0000e+00
0.0000e+00
0.0000e+00
1.0592e-07
1.0582e-07
1.0553e-07
1.0496e-07
1.0400e-07
1.0261e-07
1.0073e-07
9.8357e-08
9.5474e-08
9.2086e-08
8.8200e-08
8.3830e-08
7.8994e-08
7.3716e-08
6.8025e-08
6.1953e-08
5.5536e-08
4.8813e-08
4.1823e-08
3.4605e-08
