5.4940e-03
3.9885e-03
3.3794e-03
3.1183e-03
2.7834e-03
2.6145e-03
2.4890e-03
2.3894e-03
2.3074e-03
2.2381e-03
2.1784e-03
2.1263e-03
2.0801e-03
2.0389e-03
2.0017e-03
1.9680e-03
1.9372e-03
1.9089e-03
1.8849e-03
1.8625e-03
1.4120e-03
5.1743e-04
6.9551e-05
4.4961e-05
3.0782e-05
2.1009e-05
1.4601e-05
9.7860e-06
6.2871e-06
3.6293e-06
1.6256e-06
2.2075e-07
0.0000e+00
0.0000e+00
0.0000e+00
0.0000e+00
0.0000e+00
0.0000e+00
0.0000e+00
0.0000e+00
8.8627e-05
5.1072e-05
3.4656e-05
2.4910e-05
1.8081e-05
1.2566e-05
8.7664e-06
5.4873e-06
3.2269e-06
1.3217e-06
3.3315e-07
0.0000e+00
0.0000e+00
0.0000e+00
0.0000e+00
0.0000e+00
0.0000e+00
0.0000e+00
0.0000e+00
0.0000e+00
0.0000e+00
0.0000e+00
0.0000e+00
0.0000e+00
0.0000e+00
0.0000e+00
0.0000e+00
0.0000e+00
0.0000e+00
0.0000e+00
0.0000e+00
0.0000e+00
0.0000e+00
0.0000e+00
0.0000e+00
0.0000e+00
0.0000e+00
0.0000e+00
0.0000e+00
0.0000e+00
1.1683e-07
1.1663e-07
1.1615e-07
1.1525e-07
1.1385e-07
1.1189e-07
1.0935e-07
1.0622e-07
1.0249e-07
9.8174e-08
9.3278e-08
8.7821e-08
8.1822e-08
7.5309e-08
6.8312e-08
6.0870e-08
5.3022e-08
4.4811e-08
3.6284e-08
2.7486e-08
