5.5273e-03
4.0314e-03
3.4338e-03
3.1751e-03
2.8696e-03
2.7031e-03
2.5780e-03
2.4782e-03
2.3956e-03
2.3256e-03
2.2651e-03
2.2120e-03
2.1649e-03
2.1226e-03
2.0844e-03
2.0496e-03
2.0177e-03
1.9884e-03
1.9613e-03
1.9362e-03
1.4428e-03
5.3592e-04
9.0983e-05
4.5603e-05
3.1341e-05
2.1652e-05
1.5078e-05
1.0308e-05
6.6462e-06
4.0198e-06
1.8713e-06
3.0618e-07
0.0000e+00
0.0000e+00
0.0000e+00
0.0000e+00
0.0000e+00
0.0000e+00
0.0000e+00
0.0000e+00
8.8766e-05
5.1194e-05
3.4791e-05
2.5023e-05
1.8203e-05
1.2686e-05
8.8664e-06
5.5833e-06
3.3028e-06
1.3781e-06
3.8441e-07
0.0000e+00
0.0000e+00
0.0000e+00
0.0000e+00
0.0000e+00
0.0000e+00
0.0000e+00
0.0000e+00
0.0000e+00
0.0000e+00
0.0000e+00
0.0000e+00
0.0000e+00
0.0000e+00
0.0000e+00
0.0000e+00
0.0000e+00
0.0000e+00
0.0000e+00
0.0000e+00
0.0000e+00
0.0000e+00
0.0000e+00
0.0000e+00
0.0000e+00
0.0000e+00
0.0000e+00
0.0000e+00
0.0000e+00
1.0608e-07
1.0595e-07
1.0564e-07
1.0504e-07
1.0406e-07
1.0264e-07
1.0075e-07
9.8363e-08
9.5475e-08
9.2085e-08
8.8200e-08
8.3834e-08
7.9005e-08
7.3738e-08
6.8063e-08
6.2015e-08
5.5631e-08
4.8951e-08
4.2017e-08
3.4870e-08
