5.4969e-03
3.9925e-03
3.3855e-03
3.1255e-03
2.7952e-03
2.6273e-03
2.5023e-03
2.4029e-03
2.3209e-03
2.2515e-03
2.1916e-03
2.1391e-03
2.0927e-03
2.0511e-03
2.0135e-03
1.9794e-03
1.9482e-03
1.9196e-03
1.8942e-03
1.8718e-03
1.4146e-03
5.1916e-04
6.9621e-05
4.5048e-05
3.0864e-05
2.1109e-05
1.4682e-05
9.8785e-06
6.3559e-06
3.7059e-06
1.6764e-06
2.3915e-07
0.0000e+00
0.0000e+00
0.0000e+00
0.0000e+00
0.0000e+00
0.0000e+00
0.0000e+00
0.0000e+00
8.8667e-05
5.1103e-05
3.4691e-05
2.4936e-05
1.8109e-05
1.2591e-05
8.7875e-06
5.5060e-06
3.2425e-06
1.3314e-06
3.4325e-07
0.0000e+00
0.0000e+00
0.0000e+00
0.0000e+00
0.0000e+00
0.0000e+00
0.0000e+00
0.0000e+00
0.0000e+00
0.0000e+00
0.0000e+00
0.0000e+00
0.0000e+00
0.0000e+00
0.0000e+00
0.0000e+00
0.0000e+00
0.0000e+00
0.0000e+00
0.0000e+00
0.0000e+00
0.0000e+00
0.0000e+00
0.0000e+00
0.0000e+00
0.0000e+00
0.0000e+00
0.0000e+00
0.0000e+00
1.1138e-07
1.1128e-07
1.1100e-07
1.1043e-07
1.0946e-07
1.0802e-07
1.0608e-07
1.0360e-07
1.0058e-07
9.7003e-08
9.2885e-08
8.8232e-08
8.3061e-08
7.7393e-08
7.1257e-08
6.4685e-08
5.7714e-08
5.0383e-08
4.2735e-08
3.4812e-08
