5.4944e-03
3.9891e-03
3.3822e-03
3.1230e-03
2.7927e-03
2.6257e-03
2.5014e-03
2.4026e-03
2.3210e-03
2.2520e-03
2.1925e-03
2.1404e-03
2.0941e-03
2.0527e-03
2.0153e-03
1.9813e-03
1.9503e-03
1.9217e-03
1.8961e-03
1.8738e-03
1.4123e-03
5.1772e-04
6.9610e-05
4.5030e-05
3.0850e-05
2.1092e-05
1.4669e-05
9.8634e-06
6.3432e-06
3.6919e-06
1.6643e-06
2.3219e-07
0.0000e+00
0.0000e+00
0.0000e+00
0.0000e+00
0.0000e+00
0.0000e+00
0.0000e+00
0.0000e+00
8.8668e-05
5.1107e-05
3.4689e-05
2.4936e-05
1.8102e-05
1.2580e-05
8.7769e-06
5.4913e-06
3.2306e-06
1.3258e-06
3.3399e-07
0.0000e+00
0.0000e+00
0.0000e+00
0.0000e+00
0.0000e+00
0.0000e+00
0.0000e+00
0.0000e+00
0.0000e+00
0.0000e+00
0.0000e+00
0.0000e+00
0.0000e+00
0.0000e+00
0.0000e+00
0.0000e+00
0.0000e+00
0.0000e+00
0.0000e+00
0.0000e+00
0.0000e+00
0.0000e+00
0.0000e+00
0.0000e+00
0.0000e+00
0.0000e+00
0.0000e+00
0.0000e+00
0.0000e+00
1.0573e-07
1.0561e-07
1.0531e-07
1.0471e-07
1.0374e-07
1.0233e-07
1.0045e-07
9.8075e-08
9.5201e-08
9.1830e-08
8.7970e-08
8.3637e-08
7.8849e-08
7.3632e-08
6.8015e-08
6.2032e-08
5.5720e-08
4.9118e-08
4.2265e-08
3.5203e-08
