5.5202e-03
4.0249e-03
3.4268e-03
3.1684e-03
2.8600e-03
2.6937e-03
2.5688e-03
2.4693e-03
2.3870e-03
2.3173e-03
2.2571e-03
2.2043e-03
2.1575e-03
2.1155e-03
2.0776e-03
2.0431e-03
2.0115e-03
1.9825e-03
1.9558e-03
1.9309e-03
1.4362e-03
5.3310e-04
8.6803e-05
4.5443e-05
3.1204e-05
2.1511e-05
1.4967e-05
1.0194e-05
6.5604e-06
3.9313e-06
1.8103e-06
2.8129e-07
0.0000e+00
0.0000e+00
0.0000e+00
0.0000e+00
0.0000e+00
0.0000e+00
0.0000e+00
0.0000e+00
8.8640e-05
5.1091e-05
3.4678e-05
2.4939e-05
1.8112e-05
1.2598e-05
8.7992e-06
5.5188e-06
3.2577e-06
1.3439e-06
3.5997e-07
0.0000e+00
0.0000e+00
0.0000e+00
0.0000e+00
0.0000e+00
0.0000e+00
0.0000e+00
0.0000e+00
0.0000e+00
0.0000e+00
0.0000e+00
0.0000e+00
0.0000e+00
0.0000e+00
0.0000e+00
0.0000e+00
0.0000e+00
0.0000e+00
0.0000e+00
0.0000e+00
0.0000e+00
0.0000e+00
0.0000e+00
0.0000e+00
0.0000e+00
0.0000e+00
0.0000e+00
0.0000e+00
0.0000e+00
1.1150e-07
1.1130e-07
1.1082e-07
1.0995e-07
1.0859e-07
1.0671e-07
1.0428e-07
1.0129e-07
9.7746e-08
9.3661e-08
8.9045e-08
8.3916e-08
7.8297e-08
7.2216e-08
6.5709e-08
5.8813e-08
5.1570e-08
4.4023e-08
3.6219e-08
2.8202e-08
