5.5141e-03
4.0091e-03
3.4029e-03
3.1414e-03
2.8170e-03
2.6483e-03
2.5225e-03
2.4224e-03
2.3398e-03
2.2699e-03
2.2095e-03
2.1567e-03
2.1098e-03
2.0677e-03
2.0297e-03
1.9952e-03
1.9636e-03
1.9345e-03
1.9077e-03
1.8848e-03
1.4305e-03
5.2640e-04
7.2578e-05
4.5376e-05
3.1136e-05
2.1387e-05
1.4894e-05
1.0092e-05
6.5095e-06
3.8624e-06
1.7829e-06
2.8388e-07
0.0000e+00
0.0000e+00
0.0000e+00
0.0000e+00
0.0000e+00
0.0000e+00
0.0000e+00
0.0000e+00
8.8856e-05
5.1264e-05
3.4865e-05
2.5074e-05
1.8259e-05
1.2744e-05
8.9074e-06
5.6273e-06
3.3280e-06
1.4054e-06
3.9280e-07
0.0000e+00
0.0000e+00
0.0000e+00
0.0000e+00
0.0000e+00
0.0000e+00
0.0000e+00
0.0000e+00
0.0000e+00
0.0000e+00
0.0000e+00
0.0000e+00
0.0000e+00
0.0000e+00
0.0000e+00
0.0000e+00
0.0000e+00
0.0000e+00
0.0000e+00
0.0000e+00
0.0000e+00
0.0000e+00
0.0000e+00
0.0000e+00
0.0000e+00
0.0000e+00
0.0000e+00
0.0000e+00
0.0000e+00
1.1132e-07
1.1118e-07
1.1082e-07
1.1012e-07
1.0899e-07
1.0736e-07
1.0521e-07
1.0252e-07
9.9279e-08
9.5492e-08
9.1172e-08
8.6334e-08
8.1000e-08
7.5198e-08
6.8961e-08
6.2327e-08
5.5334e-08
4.8027e-08
4.0448e-08
3.2642e-08
