5.4981e-03
3.9918e-03
3.3829e-03
3.1216e-03
2.7881e-03
2.6192e-03
2.4936e-03
2.3936e-03
2.3112e-03
2.2415e-03
2.1812e-03
2.1285e-03
2.0818e-03
2.0399e-03
2.0020e-03
1.9677e-03
1.9362e-03
1.9073e-03
1.8829e-03
1.8599e-03
1.4158e-03
5.1889e-04
6.9645e-05
4.5053e-05
3.0860e-05
2.1089e-05
1.4664e-05
9.8489e-06
6.3333e-06
3.6751e-06
1.6552e-06
2.3127e-07
0.0000e+00
0.0000e+00
0.0000e+00
0.0000e+00
0.0000e+00
0.0000e+00
0.0000e+00
0.0000e+00
8.8709e-05
5.1138e-05
3.4728e-05
2.4963e-05
1.8136e-05
1.2617e-05
8.8035e-06
5.5197e-06
3.2484e-06
1.3314e-06
3.4223e-07
0.0000e+00
0.0000e+00
0.0000e+00
0.0000e+00
0.0000e+00
0.0000e+00
0.0000e+00
0.0000e+00
0.0000e+00
0.0000e+00
0.0000e+00
0.0000e+00
0.0000e+00
0.0000e+00
0.0000e+00
0.0000e+00
0.0000e+00
0.0000e+00
0.0000e+00
0.0000e+00
0.0000e+00
0.0000e+00
0.0000e+00
0.0000e+00
0.0000e+00
0.0000e+00
0.0000e+00
0.0000e+00
0.0000e+00
1.1080e-07
1.1068e-07
1.1038e-07
1.0978e-07
1.0880e-07
1.0738e-07
1.0546e-07
1.0302e-07
1.0006e-07
9.6555e-08
9.2524e-08
8.7973e-08
8.2916e-08
7.7376e-08
7.1380e-08
6.4959e-08
5.8149e-08
5.0988e-08
4.3518e-08
3.5779e-08
