5.5079e-03
4.0022e-03
3.3957e-03
3.1351e-03
2.8088e-03
2.6407e-03
2.5155e-03
2.4160e-03
2.3339e-03
2.2645e-03
2.2046e-03
2.1522e-03
2.1058e-03
2.0642e-03
2.0268e-03
1.9927e-03
1.9616e-03
1.9330e-03
1.9067e-03
1.8843e-03
1.4247e-03
5.2343e-04
6.9868e-05
4.5292e-05
3.1072e-05
2.1322e-05
1.4852e-05
1.0055e-05
6.4912e-06
3.8488e-06
1.7821e-06
2.8867e-07
0.0000e+00
0.0000e+00
0.0000e+00
0.0000e+00
0.0000e+00
0.0000e+00
0.0000e+00
0.0000e+00
8.8859e-05
5.1261e-05
3.4865e-05
2.5069e-05
1.8259e-05
1.2747e-05
8.9095e-06
5.6346e-06
3.3348e-06
1.4173e-06
4.0093e-07
0.0000e+00
0.0000e+00
0.0000e+00
0.0000e+00
0.0000e+00
0.0000e+00
0.0000e+00
0.0000e+00
0.0000e+00
0.0000e+00
0.0000e+00
0.0000e+00
0.0000e+00
0.0000e+00
0.0000e+00
0.0000e+00
0.0000e+00
0.0000e+00
0.0000e+00
0.0000e+00
0.0000e+00
0.0000e+00
0.0000e+00
0.0000e+00
0.0000e+00
0.0000e+00
0.0000e+00
0.0000e+00
0.0000e+00
1.1357e-07
1.1345e-07
1.1313e-07
1.1252e-07
1.1152e-07
1.1006e-07
1.0811e-07
1.0564e-07
1.0262e-07
9.9054e-08
9.4946e-08
9.0303e-08
8.5141e-08
7.9479e-08
7.3345e-08
6.6772e-08
5.9794e-08
5.2453e-08
4.4788e-08
3.6845e-08
