5.4830e-03
3.9758e-03
3.3646e-03
3.1041e-03
2.7633e-03
2.5949e-03
2.4699e-03
2.3706e-03
2.2887e-03
2.2194e-03
2.1596e-03
2.1072e-03
2.0608e-03
2.0192e-03
1.9817e-03
1.9476e-03
1.9165e-03
1.8895e-03
1.8652e-03
1.8422e-03
1.4018e-03
5.1195e-04
6.9334e-05
4.4730e-05
3.0585e-05
2.0799e-05
1.4440e-05
9.6168e-06
6.1647e-06
3.5000e-06
1.5376e-06
1.8458e-07
0.0000e+00
0.0000e+00
0.0000e+00
0.0000e+00
0.0000e+00
0.0000e+00
0.0000e+00
0.0000e+00
8.8540e-05
5.0993e-05
3.4573e-05
2.4839e-05
1.8003e-05
1.2483e-05
8.6972e-06
5.4149e-06
3.1724e-06
1.2959e-06
2.9837e-07
0.0000e+00
0.0000e+00
0.0000e+00
0.0000e+00
0.0000e+00
0.0000e+00
0.0000e+00
0.0000e+00
0.0000e+00
0.0000e+00
0.0000e+00
0.0000e+00
0.0000e+00
0.0000e+00
0.0000e+00
0.0000e+00
0.0000e+00
0.0000e+00
0.0000e+00
0.0000e+00
0.0000e+00
0.0000e+00
0.0000e+00
0.0000e+00
0.0000e+00
0.0000e+00
0.0000e+00
0.0000e+00
0.0000e+00
1.2082e-07
1.2021e-07
1.1913e-07
1.1757e-07
1.1554e-07
1.1304e-07
1.1006e-07
1.0659e-07
1.0262e-07
9.8151e-08
9.3176e-08
8.7699e-08
8.1730e-08
7.5287e-08
6.8390e-08
6.1071e-08
5.3362e-08
4.5300e-08
3.6927e-08
2.8283e-08
