5.4994e-03
3.9941e-03
3.3863e-03
3.1255e-03
2.7943e-03
2.6257e-03
2.5001e-03
2.4002e-03
2.3179e-03
2.2482e-03
2.1881e-03
2.1355e-03
2.0888e-03
2.0471e-03
2.0094e-03
1.9751e-03
1.9438e-03
1.9150e-03
1.8899e-03
1.8673e-03
1.4170e-03
5.1987e-04
6.9674e-05
4.5091e-05
3.0896e-05
2.1134e-05
1.4700e-05
9.8910e-06
6.3648e-06
3.7114e-06
1.6806e-06
2.4186e-07
0.0000e+00
0.0000e+00
0.0000e+00
0.0000e+00
0.0000e+00
0.0000e+00
0.0000e+00
0.0000e+00
8.8710e-05
5.1139e-05
3.4730e-05
2.4966e-05
1.8141e-05
1.2623e-05
8.8107e-06
5.5287e-06
3.2571e-06
1.3368e-06
3.5009e-07
0.0000e+00
0.0000e+00
0.0000e+00
0.0000e+00
0.0000e+00
0.0000e+00
0.0000e+00
0.0000e+00
0.0000e+00
0.0000e+00
0.0000e+00
0.0000e+00
0.0000e+00
0.0000e+00
0.0000e+00
0.0000e+00
0.0000e+00
0.0000e+00
0.0000e+00
0.0000e+00
0.0000e+00
0.0000e+00
0.0000e+00
0.0000e+00
0.0000e+00
0.0000e+00
0.0000e+00
0.0000e+00
0.0000e+00
1.1037e-07
1.1026e-07
1.0995e-07
1.0935e-07
1.0836e-07
1.0692e-07
1.0499e-07
1.0254e-07
9.9556e-08
9.6046e-08
9.2010e-08
8.7460e-08
8.2411e-08
7.6888e-08
7.0918e-08
6.4533e-08
5.7770e-08
5.0667e-08
4.3267e-08
3.5610e-08
