5.5020e-03
3.9967e-03
3.3888e-03
3.1275e-03
2.7965e-03
2.6274e-03
2.5014e-03
2.4011e-03
2.3184e-03
2.2484e-03
2.1881e-03
2.1352e-03
2.0883e-03
2.0464e-03
2.0085e-03
1.9741e-03
1.9426e-03
1.9137e-03
1.8887e-03
1.8659e-03
1.4194e-03
5.2100e-04
6.9709e-05
4.5127e-05
3.0925e-05
2.1164e-05
1.4725e-05
9.9176e-06
6.3879e-06
3.7379e-06
1.7054e-06
2.5779e-07
0.0000e+00
0.0000e+00
0.0000e+00
0.0000e+00
0.0000e+00
0.0000e+00
0.0000e+00
0.0000e+00
8.8708e-05
5.1142e-05
3.4732e-05
2.4973e-05
1.8152e-05
1.2642e-05
8.8313e-06
5.5587e-06
3.2827e-06
1.3673e-06
3.7237e-07
0.0000e+00
0.0000e+00
0.0000e+00
0.0000e+00
0.0000e+00
0.0000e+00
0.0000e+00
0.0000e+00
0.0000e+00
0.0000e+00
0.0000e+00
0.0000e+00
0.0000e+00
0.0000e+00
0.0000e+00
0.0000e+00
0.0000e+00
0.0000e+00
0.0000e+00
0.0000e+00
0.0000e+00
0.0000e+00
0.0000e+00
0.0000e+00
0.0000e+00
0.0000e+00
0.0000e+00
0.0000e+00
0.0000e+00
1.1001e-07
1.0984e-07
1.0944e-07
1.0869e-07
1.0749e-07
1.0579e-07
1.0357e-07
1.0081e-07
9.7509e-08
9.3674e-08
8.9316e-08
8.4452e-08
7.9101e-08
7.3289e-08
6.7046e-08
6.0404e-08
5.3400e-08
4.6073e-08
3.8465e-08
3.0615e-08
