5.5078e-03
4.0049e-03
3.3998e-03
3.1392e-03
2.8148e-03
2.6466e-03
2.5211e-03
2.4211e-03
2.3387e-03
2.2689e-03
2.2086e-03
2.1558e-03
2.1090e-03
2.0671e-03
2.0292e-03
1.9948e-03
1.9634e-03
1.9345e-03
1.9078e-03
1.8850e-03
1.4248e-03
5.2454e-04
7.0684e-05
4.5256e-05
3.1041e-05
2.1299e-05
1.4825e-05
1.0028e-05
6.4620e-06
3.8176e-06
1.7533e-06
2.7273e-07
0.0000e+00
0.0000e+00
0.0000e+00
0.0000e+00
0.0000e+00
0.0000e+00
0.0000e+00
0.0000e+00
8.8745e-05
5.1172e-05
3.4768e-05
2.5000e-05
1.8184e-05
1.2675e-05
8.8566e-06
5.5829e-06
3.2992e-06
1.3820e-06
3.8104e-07
0.0000e+00
0.0000e+00
0.0000e+00
0.0000e+00
0.0000e+00
0.0000e+00
0.0000e+00
0.0000e+00
0.0000e+00
0.0000e+00
0.0000e+00
0.0000e+00
0.0000e+00
0.0000e+00
0.0000e+00
0.0000e+00
0.0000e+00
0.0000e+00
0.0000e+00
0.0000e+00
0.0000e+00
0.0000e+00
0.0000e+00
0.0000e+00
0.0000e+00
0.0000e+00
0.0000e+00
0.0000e+00
0.0000e+00
1.1687e-07
1.1669e-07
1.1622e-07
1.1535e-07
1.1398e-07
1.1207e-07
1.0959e-07
1.0652e-07
1.0287e-07
9.8638e-08
9.3843e-08
8.8497e-08
8.2620e-08
7.6239e-08
6.9386e-08
6.2095e-08
5.4409e-08
4.6368e-08
3.8019e-08
2.9407e-08
