5.4933e-03
3.9888e-03
3.3806e-03
3.1201e-03
2.7868e-03
2.6186e-03
2.4935e-03
2.3942e-03
2.3124e-03
2.2432e-03
2.1835e-03
2.1314e-03
2.0852e-03
2.0439e-03
2.0067e-03
1.9729e-03
1.9421e-03
1.9139e-03
1.8893e-03
1.8671e-03
1.4113e-03
5.1756e-04
6.9520e-05
4.4942e-05
3.0771e-05
2.1009e-05
1.4604e-05
9.7969e-06
6.2975e-06
3.6462e-06
1.6389e-06
2.2672e-07
0.0000e+00
0.0000e+00
0.0000e+00
0.0000e+00
0.0000e+00
0.0000e+00
0.0000e+00
0.0000e+00
8.8582e-05
5.1035e-05
3.4617e-05
2.4882e-05
1.8052e-05
1.2539e-05
8.7490e-06
5.4727e-06
3.2206e-06
1.3214e-06
3.3425e-07
0.0000e+00
0.0000e+00
0.0000e+00
0.0000e+00
0.0000e+00
0.0000e+00
0.0000e+00
0.0000e+00
0.0000e+00
0.0000e+00
0.0000e+00
0.0000e+00
0.0000e+00
0.0000e+00
0.0000e+00
0.0000e+00
0.0000e+00
0.0000e+00
0.0000e+00
0.0000e+00
0.0000e+00
0.0000e+00
0.0000e+00
0.0000e+00
0.0000e+00
0.0000e+00
0.0000e+00
0.0000e+00
0.0000e+00
1.1480e-07
1.1462e-07
1.1416e-07
1.1331e-07
1.1199e-07
1.1013e-07
1.0772e-07
1.0474e-07
1.0120e-07
9.7091e-08
9.2436e-08
8.7247e-08
8.1545e-08
7.5355e-08
6.8709e-08
6.1640e-08
5.4186e-08
4.6389e-08
3.8291e-08
2.9937e-08
