5.6154e-03
4.0620e-03
3.4560e-03
3.1954e-03
2.8841e-03
2.7167e-03
2.5912e-03
2.4911e-03
2.4083e-03
2.3381e-03
2.2775e-03
2.2242e-03
2.1770e-03
2.1346e-03
2.0962e-03
2.0613e-03
2.0293e-03
1.9999e-03
1.9728e-03
1.9476e-03
1.4670e-03
5.3702e-04
8.7222e-05
4.5748e-05
3.1454e-05
2.1729e-05
1.5149e-05
1.0360e-05
6.6969e-06
4.0610e-06
1.9140e-06
3.3568e-07
0.0000e+00
0.0000e+00
0.0000e+00
0.0000e+00
0.0000e+00
0.0000e+00
0.0000e+00
0.0000e+00
8.9075e-05
5.1440e-05
3.5066e-05
2.5222e-05
1.8427e-05
1.2915e-05
9.0334e-06
5.7546e-06
3.4142e-06
1.4940e-06
4.4338e-07
0.0000e+00
0.0000e+00
0.0000e+00
0.0000e+00
0.0000e+00
0.0000e+00
0.0000e+00
0.0000e+00
0.0000e+00
0.0000e+00
0.0000e+00
0.0000e+00
0.0000e+00
0.0000e+00
0.0000e+00
0.0000e+00
0.0000e+00
0.0000e+00
0.0000e+00
0.0000e+00
0.0000e+00
0.0000e+00
0.0000e+00
0.0000e+00
0.0000e+00
0.0000e+00
0.0000e+00
0.0000e+00
0.0000e+00
1.1825e-07
1.1811e-07
1.1777e-07
1.1713e-07
1.1611e-07
1.1463e-07
1.1265e-07
1.1013e-07
1.0707e-07
1.0344e-07
9.9246e-08
9.4489e-08
8.9183e-08
8.3344e-08
7.6998e-08
7.0178e-08
6.2921e-08
5.5267e-08
4.7262e-08
3.8950e-08
