5.5055e-03
3.9968e-03
3.3874e-03
3.1256e-03
2.7936e-03
2.6246e-03
2.4987e-03
2.3987e-03
2.3162e-03
2.2464e-03
2.1862e-03
2.1334e-03
2.0867e-03
2.0449e-03
2.0071e-03
1.9728e-03
1.9415e-03
1.9127e-03
1.8879e-03
1.8652e-03
1.4225e-03
5.2109e-04
6.9817e-05
4.5216e-05
3.0997e-05
2.1226e-05
1.4778e-05
9.9673e-06
6.4306e-06
3.7807e-06
1.7419e-06
2.7821e-07
0.0000e+00
0.0000e+00
0.0000e+00
0.0000e+00
0.0000e+00
0.0000e+00
0.0000e+00
0.0000e+00
8.8854e-05
5.1260e-05
3.4861e-05
2.5067e-05
1.8256e-05
1.2748e-05
8.9092e-06
5.6387e-06
3.3364e-06
1.4238e-06
4.0295e-07
0.0000e+00
0.0000e+00
0.0000e+00
0.0000e+00
0.0000e+00
0.0000e+00
0.0000e+00
0.0000e+00
0.0000e+00
0.0000e+00
0.0000e+00
0.0000e+00
0.0000e+00
0.0000e+00
0.0000e+00
0.0000e+00
0.0000e+00
0.0000e+00
0.0000e+00
0.0000e+00
0.0000e+00
0.0000e+00
0.0000e+00
0.0000e+00
0.0000e+00
0.0000e+00
0.0000e+00
0.0000e+00
0.0000e+00
1.1604e-07
1.1586e-07
1.1541e-07
1.1457e-07
1.1325e-07
1.1141e-07
1.0900e-07
1.0602e-07
1.0248e-07
9.8365e-08
9.3705e-08
8.8510e-08
8.2801e-08
7.6606e-08
6.9955e-08
6.2883e-08
5.5430e-08
4.7637e-08
3.9547e-08
3.1203e-08
