5.4983e-03
3.9927e-03
3.3846e-03
3.1237e-03
2.7917e-03
2.6230e-03
2.4975e-03
2.3976e-03
2.3153e-03
2.2455e-03
2.1854e-03
2.1328e-03
2.0861e-03
2.0443e-03
2.0066e-03
1.9724e-03
1.9411e-03
1.9124e-03
1.8876e-03
1.8649e-03
1.4159e-03
5.1928e-04
6.9648e-05
4.5063e-05
3.0871e-05
2.1106e-05
1.4678e-05
9.8684e-06
6.3491e-06
3.6956e-06
1.6727e-06
2.4151e-07
0.0000e+00
0.0000e+00
0.0000e+00
0.0000e+00
0.0000e+00
0.0000e+00
0.0000e+00
0.0000e+00
8.8684e-05
5.1121e-05
3.4708e-05
2.4952e-05
1.8128e-05
1.2614e-05
8.8062e-06
5.5295e-06
3.2590e-06
1.3395e-06
3.5453e-07
0.0000e+00
0.0000e+00
0.0000e+00
0.0000e+00
0.0000e+00
0.0000e+00
0.0000e+00
0.0000e+00
0.0000e+00
0.0000e+00
0.0000e+00
0.0000e+00
0.0000e+00
0.0000e+00
0.0000e+00
0.0000e+00
0.0000e+00
0.0000e+00
0.0000e+00
0.0000e+00
0.0000e+00
0.0000e+00
0.0000e+00
0.0000e+00
0.0000e+00
0.0000e+00
0.0000e+00
0.0000e+00
0.0000e+00
1.1481e-07
1.1462e-07
1.1414e-07
1.1327e-07
1.1193e-07
1.1005e-07
1.0763e-07
1.0464e-07
1.0109e-07
9.6994e-08
9.2355e-08
8.7193e-08
8.1529e-08
7.5389e-08
6.8806e-08
6.1814e-08
5.4453e-08
4.6764e-08
3.8791e-08
3.0579e-08
