5.5042e-03
3.9989e-03
3.3918e-03
3.1309e-03
2.8020e-03
2.6331e-03
2.5072e-03
2.4069e-03
2.3241e-03
2.2540e-03
2.1935e-03
2.1406e-03
2.0936e-03
2.0516e-03
2.0137e-03
1.9792e-03
1.9477e-03
1.9188e-03
1.8932e-03
1.8705e-03
1.4214e-03
5.2195e-04
6.9784e-05
4.5205e-05
3.0995e-05
2.1238e-05
1.4783e-05
9.9782e-06
6.4327e-06
3.7842e-06
1.7375e-06
2.7148e-07
0.0000e+00
0.0000e+00
0.0000e+00
0.0000e+00
0.0000e+00
0.0000e+00
0.0000e+00
0.0000e+00
8.8786e-05
5.1204e-05
3.4802e-05
2.5023e-05
1.8210e-05
1.2701e-05
8.8755e-06
5.6038e-06
3.3129e-06
1.3980e-06
3.8893e-07
0.0000e+00
0.0000e+00
0.0000e+00
0.0000e+00
0.0000e+00
0.0000e+00
0.0000e+00
0.0000e+00
0.0000e+00
0.0000e+00
0.0000e+00
0.0000e+00
0.0000e+00
0.0000e+00
0.0000e+00
0.0000e+00
0.0000e+00
0.0000e+00
0.0000e+00
0.0000e+00
0.0000e+00
0.0000e+00
0.0000e+00
0.0000e+00
0.0000e+00
0.0000e+00
0.0000e+00
0.0000e+00
0.0000e+00
1.1679e-07
1.1660e-07
1.1615e-07
1.1530e-07
1.1397e-07
1.1210e-07
1.0968e-07
1.0668e-07
1.0311e-07
9.8987e-08
9.4310e-08
8.9098e-08
8.3372e-08
7.7155e-08
7.0478e-08
6.3376e-08
5.5884e-08
4.8044e-08
3.9897e-08
3.1488e-08
