5.4907e-03
3.9807e-03
3.3675e-03
3.1051e-03
2.7629e-03
2.5935e-03
2.4679e-03
2.3684e-03
2.2865e-03
2.2172e-03
2.1576e-03
2.1054e-03
2.0592e-03
2.0179e-03
1.9807e-03
1.9469e-03
1.9160e-03
1.8894e-03
1.8652e-03
1.8425e-03
1.4089e-03
5.1408e-04
6.9477e-05
4.4851e-05
3.0676e-05
2.0874e-05
1.4495e-05
9.6627e-06
6.1967e-06
3.5262e-06
1.5529e-06
1.8893e-07
0.0000e+00
0.0000e+00
0.0000e+00
0.0000e+00
0.0000e+00
0.0000e+00
0.0000e+00
0.0000e+00
8.8628e-05
5.1072e-05
3.4650e-05
2.4902e-05
1.8062e-05
1.2534e-05
8.7345e-06
5.4434e-06
3.1900e-06
1.3032e-06
3.0244e-07
0.0000e+00
0.0000e+00
0.0000e+00
0.0000e+00
0.0000e+00
0.0000e+00
0.0000e+00
0.0000e+00
0.0000e+00
0.0000e+00
0.0000e+00
0.0000e+00
0.0000e+00
0.0000e+00
0.0000e+00
0.0000e+00
0.0000e+00
0.0000e+00
0.0000e+00
0.0000e+00
0.0000e+00
0.0000e+00
0.0000e+00
0.0000e+00
0.0000e+00
0.0000e+00
0.0000e+00
0.0000e+00
0.0000e+00
1.0534e-07
1.0522e-07
1.0491e-07
1.0431e-07
1.0333e-07
1.0191e-07
1.0001e-07
9.7608e-08
9.4702e-08
9.1291e-08
8.7384e-08
8.2996e-08
7.8146e-08
7.2859e-08
6.7162e-08
6.1090e-08
5.4679e-08
4.7965e-08
4.0990e-08
3.3792e-08
