5.5378e-03
4.0412e-03
3.4448e-03
3.1858e-03
2.8854e-03
2.7190e-03
2.5939e-03
2.4941e-03
2.4115e-03
2.3414e-03
2.2808e-03
2.2277e-03
2.1805e-03
2.1383e-03
2.1000e-03
2.0652e-03
2.0334e-03
2.0041e-03
1.9770e-03
1.9520e-03
1.4525e-03
5.4022e-04
9.7541e-05
4.5859e-05
3.1561e-05
2.1883e-05
1.5264e-05
1.0504e-05
6.7970e-06
4.1807e-06
1.9905e-06
3.9891e-07
0.0000e+00
0.0000e+00
0.0000e+00
0.0000e+00
0.0000e+00
0.0000e+00
0.0000e+00
0.0000e+00
8.8979e-05
5.1366e-05
3.4983e-05
2.5167e-05
1.8367e-05
1.2858e-05
9.0006e-06
5.7254e-06
3.4048e-06
1.4881e-06
4.4871e-07
0.0000e+00
0.0000e+00
0.0000e+00
0.0000e+00
0.0000e+00
0.0000e+00
0.0000e+00
0.0000e+00
0.0000e+00
0.0000e+00
0.0000e+00
0.0000e+00
0.0000e+00
0.0000e+00
0.0000e+00
0.0000e+00
0.0000e+00
0.0000e+00
0.0000e+00
0.0000e+00
0.0000e+00
0.0000e+00
0.0000e+00
0.0000e+00
0.0000e+00
0.0000e+00
0.0000e+00
0.0000e+00
0.0000e+00
1.1187e-07
1.1151e-07
1.1084e-07
1.0982e-07
1.0843e-07
1.0664e-07
1.0441e-07
1.0174e-07
9.8600e-08
9.4993e-08
9.0915e-08
8.6373e-08
8.1379e-08
7.5955e-08
7.0125e-08
6.3923e-08
5.7384e-08
5.0548e-08
4.3454e-08
3.6144e-08
