5.4944e-03
3.9867e-03
3.3768e-03
3.1159e-03
2.7803e-03
2.6119e-03
2.4868e-03
2.3874e-03
2.3055e-03
2.2362e-03
2.1764e-03
2.1241e-03
2.0777e-03
2.0363e-03
1.9988e-03
1.9648e-03
1.9337e-03
1.9052e-03
1.8813e-03
1.8586e-03
1.4123e-03
5.1669e-04
6.9571e-05
4.4972e-05
3.0792e-05
2.1017e-05
1.4612e-05
9.7984e-06
6.3022e-06
3.6474e-06
1.6441e-06
2.3246e-07
0.0000e+00
0.0000e+00
0.0000e+00
0.0000e+00
0.0000e+00
0.0000e+00
0.0000e+00
0.0000e+00
8.8671e-05
5.1108e-05
3.4694e-05
2.4939e-05
1.8112e-05
1.2598e-05
8.7915e-06
5.5150e-06
3.2478e-06
1.3313e-06
3.4830e-07
0.0000e+00
0.0000e+00
0.0000e+00
0.0000e+00
0.0000e+00
0.0000e+00
0.0000e+00
0.0000e+00
0.0000e+00
0.0000e+00
0.0000e+00
0.0000e+00
0.0000e+00
0.0000e+00
0.0000e+00
0.0000e+00
0.0000e+00
0.0000e+00
0.0000e+00
0.0000e+00
0.0000e+00
0.0000e+00
0.0000e+00
0.0000e+00
0.0000e+00
0.0000e+00
0.0000e+00
0.0000e+00
0.0000e+00
1.1471e-07
1.1453e-07
1.1407e-07
1.1322e-07
1.1188e-07
1.1001e-07
1.0758e-07
1.0456e-07
1.0098e-07
9.6819e-08
9.2103e-08
8.6846e-08
8.1069e-08
7.4799e-08
6.8065e-08
6.0905e-08
5.3357e-08
4.5462e-08
3.7263e-08
2.8805e-08
