5.4968e-03
3.9850e-03
3.3701e-03
3.1057e-03
2.7612e-03
2.5898e-03
2.4627e-03
2.3620e-03
2.2791e-03
2.2091e-03
2.1488e-03
2.0961e-03
2.0495e-03
2.0078e-03
1.9701e-03
1.9360e-03
1.9049e-03
1.8790e-03
1.8543e-03
1.8312e-03
1.4145e-03
5.1599e-04
6.9608e-05
4.4964e-05
3.0762e-05
2.0944e-05
1.4550e-05
9.7069e-06
6.2336e-06
3.5587e-06
1.5857e-06
2.1291e-07
0.0000e+00
0.0000e+00
0.0000e+00
0.0000e+00
0.0000e+00
0.0000e+00
0.0000e+00
0.0000e+00
8.8765e-05
5.1183e-05
3.4778e-05
2.4997e-05
1.8176e-05
1.2660e-05
8.8312e-06
5.5525e-06
3.2649e-06
1.3443e-06
3.4925e-07
0.0000e+00
0.0000e+00
0.0000e+00
0.0000e+00
0.0000e+00
0.0000e+00
0.0000e+00
0.0000e+00
0.0000e+00
0.0000e+00
0.0000e+00
0.0000e+00
0.0000e+00
0.0000e+00
0.0000e+00
0.0000e+00
0.0000e+00
0.0000e+00
0.0000e+00
0.0000e+00
0.0000e+00
0.0000e+00
0.0000e+00
0.0000e+00
0.0000e+00
0.0000e+00
0.0000e+00
0.0000e+00
0.0000e+00
1.0863e-07
1.0855e-07
1.0832e-07
1.0785e-07
1.0705e-07
1.0585e-07
1.0419e-07
1.0202e-07
9.9338e-08
9.6120e-08
9.2364e-08
8.8077e-08
8.3271e-08
7.7964e-08
7.2181e-08
6.5950e-08
5.9306e-08
5.2287e-08
4.4930e-08
3.7278e-08
