5.5185e-03
4.0256e-03
3.4294e-03
3.1718e-03
2.8658e-03
2.6997e-03
2.5750e-03
2.4754e-03
2.3931e-03
2.3232e-03
2.2628e-03
2.2098e-03
2.1628e-03
2.1207e-03
2.0826e-03
2.0479e-03
2.0162e-03
1.9870e-03
1.9601e-03
1.9351e-03
1.4347e-03
5.3337e-04
8.8303e-05
4.5418e-05
3.1189e-05
2.1509e-05
1.4964e-05
1.0199e-05
6.5622e-06
3.9372e-06
1.8115e-06
2.7919e-07
0.0000e+00
0.0000e+00
0.0000e+00
0.0000e+00
0.0000e+00
0.0000e+00
0.0000e+00
0.0000e+00
8.8565e-05
5.1031e-05
3.4612e-05
2.4892e-05
1.8060e-05
1.2546e-05
8.7633e-06
5.4832e-06
3.2362e-06
1.3369e-06
3.5015e-07
0.0000e+00
0.0000e+00
0.0000e+00
0.0000e+00
0.0000e+00
0.0000e+00
0.0000e+00
0.0000e+00
0.0000e+00
0.0000e+00
0.0000e+00
0.0000e+00
0.0000e+00
0.0000e+00
0.0000e+00
0.0000e+00
0.0000e+00
0.0000e+00
0.0000e+00
0.0000e+00
0.0000e+00
0.0000e+00
0.0000e+00
0.0000e+00
0.0000e+00
0.0000e+00
0.0000e+00
0.0000e+00
0.0000e+00
1.0739e-07
1.0721e-07
1.0677e-07
1.0594e-07
1.0464e-07
1.0280e-07
1.0042e-07
9.7473e-08
9.3969e-08
8.9914e-08
8.5321e-08
8.0208e-08
7.4600e-08
6.8524e-08
6.2014e-08
5.5110e-08
4.7853e-08
4.0287e-08
3.2457e-08
2.4407e-08
