5.5020e-03
3.9941e-03
3.3852e-03
3.1242e-03
2.7925e-03
2.6241e-03
2.4989e-03
2.3993e-03
2.3171e-03
2.2477e-03
2.1877e-03
2.1353e-03
2.0888e-03
2.0473e-03
2.0098e-03
1.9757e-03
1.9446e-03
1.9161e-03
1.8910e-03
1.8686e-03
1.4193e-03
5.1990e-04
6.9748e-05
4.5153e-05
3.0948e-05
2.1181e-05
1.4743e-05
9.9345e-06
6.4043e-06
3.7545e-06
1.7187e-06
2.6337e-07
0.0000e+00
0.0000e+00
0.0000e+00
0.0000e+00
0.0000e+00
0.0000e+00
0.0000e+00
0.0000e+00
8.8809e-05
5.1219e-05
3.4817e-05
2.5030e-05
1.8212e-05
1.2697e-05
8.8676e-06
5.5895e-06
3.3006e-06
1.3808e-06
3.7832e-07
0.0000e+00
0.0000e+00
0.0000e+00
0.0000e+00
0.0000e+00
0.0000e+00
0.0000e+00
0.0000e+00
0.0000e+00
0.0000e+00
0.0000e+00
0.0000e+00
0.0000e+00
0.0000e+00
0.0000e+00
0.0000e+00
0.0000e+00
0.0000e+00
0.0000e+00
0.0000e+00
0.0000e+00
0.0000e+00
0.0000e+00
0.0000e+00
0.0000e+00
0.0000e+00
0.0000e+00
0.0000e+00
0.0000e+00
1.1494e-07
1.1480e-07
1.1444e-07
1.1376e-07
1.1267e-07
1.1111e-07
1.0904e-07
1.0645e-07
1.0333e-07
9.9680e-08
9.5513e-08
9.0839e-08
8.5675e-08
8.0046e-08
7.3979e-08
6.7508e-08
6.0668e-08
5.3499e-08
4.6043e-08
3.8341e-08
