5.4981e-03
3.9912e-03
3.3810e-03
3.1184e-03
2.7816e-03
2.6111e-03
2.4842e-03
2.3833e-03
2.3002e-03
2.2298e-03
2.1692e-03
2.1161e-03
2.0690e-03
2.0269e-03
1.9889e-03
1.9543e-03
1.9226e-03
1.8947e-03
1.8701e-03
1.8467e-03
1.4158e-03
5.1863e-04
6.9634e-05
4.5031e-05
3.0832e-05
2.1046e-05
1.4626e-05
9.7993e-06
6.2938e-06
3.6261e-06
1.6196e-06
2.1622e-07
0.0000e+00
0.0000e+00
0.0000e+00
0.0000e+00
0.0000e+00
0.0000e+00
0.0000e+00
0.0000e+00
8.8708e-05
5.1137e-05
3.4726e-05
2.4961e-05
1.8133e-05
1.2612e-05
8.7975e-06
5.5110e-06
3.2390e-06
1.3251e-06
3.3221e-07
0.0000e+00
0.0000e+00
0.0000e+00
0.0000e+00
0.0000e+00
0.0000e+00
0.0000e+00
0.0000e+00
0.0000e+00
0.0000e+00
0.0000e+00
0.0000e+00
0.0000e+00
0.0000e+00
0.0000e+00
0.0000e+00
0.0000e+00
0.0000e+00
0.0000e+00
0.0000e+00
0.0000e+00
0.0000e+00
0.0000e+00
0.0000e+00
0.0000e+00
0.0000e+00
0.0000e+00
0.0000e+00
0.0000e+00
1.1100e-07
1.1089e-07
1.1058e-07
1.0997e-07
1.0897e-07
1.0752e-07
1.0555e-07
1.0306e-07
1.0003e-07
9.6452e-08
9.2333e-08
8.7684e-08
8.2520e-08
7.6864e-08
7.0745e-08
6.4194e-08
5.7248e-08
4.9947e-08
4.2332e-08
3.4448e-08
