5.5092e-03
4.0151e-03
3.4167e-03
3.1590e-03
2.8467e-03
2.6803e-03
2.5555e-03
2.4559e-03
2.3736e-03
2.3038e-03
2.2435e-03
2.1906e-03
2.1437e-03
2.1017e-03
2.0637e-03
2.0292e-03
1.9976e-03
1.9686e-03
1.9419e-03
1.9171e-03
1.4261e-03
5.2882e-04
8.0767e-05
4.5243e-05
3.1043e-05
2.1352e-05
1.4850e-05
1.0078e-05
6.4786e-06
3.8466e-06
1.7498e-06
2.5271e-07
0.0000e+00
0.0000e+00
0.0000e+00
0.0000e+00
0.0000e+00
0.0000e+00
0.0000e+00
0.0000e+00
8.8499e-05
5.0972e-05
3.4550e-05
2.4842e-05
1.8003e-05
1.2485e-05
8.7147e-06
5.4292e-06
3.1969e-06
1.3196e-06
3.2249e-07
0.0000e+00
0.0000e+00
0.0000e+00
0.0000e+00
0.0000e+00
0.0000e+00
0.0000e+00
0.0000e+00
0.0000e+00
0.0000e+00
0.0000e+00
0.0000e+00
0.0000e+00
0.0000e+00
0.0000e+00
0.0000e+00
0.0000e+00
0.0000e+00
0.0000e+00
0.0000e+00
0.0000e+00
0.0000e+00
0.0000e+00
0.0000e+00
0.0000e+00
0.0000e+00
0.0000e+00
0.0000e+00
0.0000e+00
1.0409e-07
1.0396e-07
1.0363e-07
1.0301e-07
1.0201e-07
1.0058e-07
9.8679e-08
9.6290e-08
9.3406e-08
9.0028e-08
8.6162e-08
8.1823e-08
7.7030e-08
7.1807e-08
6.6183e-08
6.0192e-08
5.3872e-08
4.7262e-08
4.0402e-08
3.3333e-08
