5.4976e-03
3.9962e-03
3.3953e-03
3.1400e-03
2.8217e-03
2.6577e-03
2.5354e-03
2.4379e-03
2.3574e-03
2.2892e-03
2.2304e-03
2.1790e-03
2.1334e-03
2.0925e-03
2.0557e-03
2.0222e-03
1.9916e-03
1.9636e-03
1.9377e-03
1.9137e-03
1.4152e-03
5.2078e-04
6.9744e-05
4.5212e-05
3.1032e-05
2.1326e-05
1.4864e-05
1.0096e-05
6.5242e-06
3.9016e-06
1.8140e-06
2.9454e-07
0.0000e+00
0.0000e+00
0.0000e+00
0.0000e+00
0.0000e+00
0.0000e+00
0.0000e+00
0.0000e+00
8.8752e-05
5.1171e-05
3.4766e-05
2.4993e-05
1.8172e-05
1.2657e-05
8.8437e-06
5.5652e-06
3.2925e-06
1.3715e-06
3.8131e-07
0.0000e+00
0.0000e+00
0.0000e+00
0.0000e+00
0.0000e+00
0.0000e+00
0.0000e+00
0.0000e+00
0.0000e+00
0.0000e+00
0.0000e+00
0.0000e+00
0.0000e+00
0.0000e+00
0.0000e+00
0.0000e+00
0.0000e+00
0.0000e+00
0.0000e+00
0.0000e+00
0.0000e+00
0.0000e+00
0.0000e+00
0.0000e+00
0.0000e+00
0.0000e+00
0.0000e+00
0.0000e+00
0.0000e+00
1.0976e-07
1.0963e-07
1.0933e-07
1.0877e-07
1.0786e-07
1.0654e-07
1.0477e-07
1.0252e-07
9.9767e-08
9.6516e-08
9.2762e-08
8.8511e-08
8.3777e-08
7.8578e-08
7.2939e-08
6.6891e-08
6.0467e-08
5.3705e-08
4.6645e-08
3.9326e-08
