5.4991e-03
3.9939e-03
3.3862e-03
3.1257e-03
2.7950e-03
2.6269e-03
2.5017e-03
2.4022e-03
2.3202e-03
2.2509e-03
2.1910e-03
2.1387e-03
2.0923e-03
2.0508e-03
2.0134e-03
1.9794e-03
1.9483e-03
1.9198e-03
1.8945e-03
1.8723e-03
1.4166e-03
5.1976e-04
6.9667e-05
4.5087e-05
3.0894e-05
2.1135e-05
1.4703e-05
9.8976e-06
6.3722e-06
3.7229e-06
1.6928e-06
2.5040e-07
0.0000e+00
0.0000e+00
0.0000e+00
0.0000e+00
0.0000e+00
0.0000e+00
0.0000e+00
0.0000e+00
8.8695e-05
5.1130e-05
3.4719e-05
2.4961e-05
1.8138e-05
1.2626e-05
8.8162e-06
5.5411e-06
3.2684e-06
1.3505e-06
3.6202e-07
0.0000e+00
0.0000e+00
0.0000e+00
0.0000e+00
0.0000e+00
0.0000e+00
0.0000e+00
0.0000e+00
0.0000e+00
0.0000e+00
0.0000e+00
0.0000e+00
0.0000e+00
0.0000e+00
0.0000e+00
0.0000e+00
0.0000e+00
0.0000e+00
0.0000e+00
0.0000e+00
0.0000e+00
0.0000e+00
0.0000e+00
0.0000e+00
0.0000e+00
0.0000e+00
0.0000e+00
0.0000e+00
0.0000e+00
1.1488e-07
1.1470e-07
1.1425e-07
1.1340e-07
1.1208e-07
1.1022e-07
1.0781e-07
1.0484e-07
1.0130e-07
9.7218e-08
9.2596e-08
8.7452e-08
8.1809e-08
7.5692e-08
6.9133e-08
6.2165e-08
5.4829e-08
4.7164e-08
3.9213e-08
3.1019e-08
