5.5886e-03
4.0377e-03
3.4296e-03
3.1701e-03
2.8480e-03
2.6807e-03
2.5557e-03
2.4562e-03
2.3740e-03
2.3043e-03
2.2441e-03
2.1913e-03
2.1445e-03
2.1026e-03
2.0646e-03
2.0301e-03
1.9986e-03
1.9696e-03
1.9429e-03
1.9186e-03
1.4427e-03
5.2653e-04
7.1698e-05
4.5144e-05
3.0937e-05
2.1192e-05
1.4720e-05
9.9134e-06
6.3538e-06
3.6979e-06
1.6458e-06
2.1030e-07
0.0000e+00
0.0000e+00
0.0000e+00
0.0000e+00
0.0000e+00
0.0000e+00
0.0000e+00
0.0000e+00
8.8600e-05
5.1051e-05
3.4635e-05
2.4894e-05
1.8055e-05
1.2526e-05
8.7283e-06
5.4316e-06
3.1820e-06
1.3032e-06
2.9743e-07
0.0000e+00
0.0000e+00
0.0000e+00
0.0000e+00
0.0000e+00
0.0000e+00
0.0000e+00
0.0000e+00
0.0000e+00
0.0000e+00
0.0000e+00
0.0000e+00
0.0000e+00
0.0000e+00
0.0000e+00
0.0000e+00
0.0000e+00
0.0000e+00
0.0000e+00
0.0000e+00
0.0000e+00
0.0000e+00
0.0000e+00
0.0000e+00
0.0000e+00
0.0000e+00
0.0000e+00
0.0000e+00
0.0000e+00
1.0937e-07
1.0930e-07
1.0905e-07
1.0853e-07
1.0761e-07
1.0624e-07
1.0435e-07
1.0192e-07
9.8936e-08
9.5395e-08
9.1299e-08
8.6656e-08
8.1484e-08
7.5804e-08
6.9645e-08
6.3040e-08
5.6028e-08
4.8650e-08
4.0950e-08
3.2972e-08
