5.5168e-03
4.0170e-03
3.4138e-03
3.1529e-03
2.8350e-03
2.6670e-03
2.5415e-03
2.4416e-03
2.3591e-03
2.2892e-03
2.2289e-03
2.1760e-03
2.1292e-03
2.0872e-03
2.0492e-03
2.0147e-03
1.9831e-03
1.9541e-03
1.9273e-03
1.9025e-03
1.4331e-03
5.2970e-04
7.9021e-05
4.5318e-05
3.1079e-05
2.1344e-05
1.4831e-05
1.0030e-05
6.4357e-06
3.7846e-06
1.7038e-06
2.3388e-07
0.0000e+00
0.0000e+00
0.0000e+00
0.0000e+00
0.0000e+00
0.0000e+00
0.0000e+00
0.0000e+00
8.8667e-05
5.1108e-05
3.4695e-05
2.4943e-05
1.8109e-05
1.2581e-05
8.7733e-06
5.4783e-06
3.2168e-06
1.3197e-06
3.1988e-07
0.0000e+00
0.0000e+00
0.0000e+00
0.0000e+00
0.0000e+00
0.0000e+00
0.0000e+00
0.0000e+00
0.0000e+00
0.0000e+00
0.0000e+00
0.0000e+00
0.0000e+00
0.0000e+00
0.0000e+00
0.0000e+00
0.0000e+00
0.0000e+00
0.0000e+00
0.0000e+00
0.0000e+00
0.0000e+00
0.0000e+00
0.0000e+00
0.0000e+00
0.0000e+00
0.0000e+00
0.0000e+00
0.0000e+00
1.0766e-07
1.0754e-07
1.0723e-07
1.0664e-07
1.0566e-07
1.0424e-07
1.0233e-07
9.9920e-08
9.6991e-08
9.3542e-08
8.9579e-08
8.5113e-08
8.0161e-08
7.4747e-08
6.8900e-08
6.2654e-08
5.6047e-08
4.9120e-08
4.1914e-08
3.4474e-08
