5.5222e-03
4.0270e-03
3.4294e-03
3.1711e-03
2.8641e-03
2.6977e-03
2.5728e-03
2.4730e-03
2.3905e-03
2.3205e-03
2.2600e-03
2.2069e-03
2.1598e-03
2.1175e-03
2.0794e-03
2.0446e-03
2.0128e-03
1.9835e-03
1.9565e-03
1.9315e-03
1.4381e-03
5.3401e-04
8.8353e-05
4.5495e-05
3.1249e-05
2.1559e-05
1.5004e-05
1.0232e-05
6.5879e-06
3.9586e-06
1.8259e-06
2.8485e-07
0.0000e+00
0.0000e+00
0.0000e+00
0.0000e+00
0.0000e+00
0.0000e+00
0.0000e+00
0.0000e+00
8.8680e-05
5.1122e-05
3.4712e-05
2.4963e-05
1.8135e-05
1.2616e-05
8.8119e-06
5.5261e-06
3.2620e-06
1.3465e-06
3.5916e-07
0.0000e+00
0.0000e+00
0.0000e+00
0.0000e+00
0.0000e+00
0.0000e+00
0.0000e+00
0.0000e+00
0.0000e+00
0.0000e+00
0.0000e+00
0.0000e+00
0.0000e+00
0.0000e+00
0.0000e+00
0.0000e+00
0.0000e+00
0.0000e+00
0.0000e+00
0.0000e+00
0.0000e+00
0.0000e+00
0.0000e+00
0.0000e+00
0.0000e+00
0.0000e+00
0.0000e+00
0.0000e+00
0.0000e+00
1.0950e-07
1.0936e-07
1.0899e-07
1.0829e-07
1.0717e-07
1.0557e-07
1.0346e-07
1.0081e-07
9.7624e-08
9.3905e-08
8.9663e-08
8.4912e-08
7.9673e-08
7.3976e-08
6.7853e-08
6.1341e-08
5.4483e-08
4.7320e-08
3.9898e-08
3.2261e-08
