5.5163e-03
4.0176e-03
3.4155e-03
3.1552e-03
2.8388e-03
2.6711e-03
2.5456e-03
2.4455e-03
2.3629e-03
2.2929e-03
2.2325e-03
2.1795e-03
2.1325e-03
2.0904e-03
2.0523e-03
2.0177e-03
1.9860e-03
1.9569e-03
1.9301e-03
1.9052e-03
1.4326e-03
5.2996e-04
8.0024e-05
4.5314e-05
3.1079e-05
2.1352e-05
1.4838e-05
1.0042e-05
6.4450e-06
3.7981e-06
1.7154e-06
2.4083e-07
0.0000e+00
0.0000e+00
0.0000e+00
0.0000e+00
0.0000e+00
0.0000e+00
0.0000e+00
0.0000e+00
8.8619e-05
5.1073e-05
3.4655e-05
2.4918e-05
1.8084e-05
1.2562e-05
8.7638e-06
5.4754e-06
3.2190e-06
1.3220e-06
3.2734e-07
0.0000e+00
0.0000e+00
0.0000e+00
0.0000e+00
0.0000e+00
0.0000e+00
0.0000e+00
0.0000e+00
0.0000e+00
0.0000e+00
0.0000e+00
0.0000e+00
0.0000e+00
0.0000e+00
0.0000e+00
0.0000e+00
0.0000e+00
0.0000e+00
0.0000e+00
0.0000e+00
0.0000e+00
0.0000e+00
0.0000e+00
0.0000e+00
0.0000e+00
0.0000e+00
0.0000e+00
0.0000e+00
0.0000e+00
1.0379e-07
1.0365e-07
1.0330e-07
1.0263e-07
1.0156e-07
1.0004e-07
9.8033e-08
9.5529e-08
9.2524e-08
8.9021e-08
8.5029e-08
8.0561e-08
7.5636e-08
7.0280e-08
6.4520e-08
5.8391e-08
5.1928e-08
4.5172e-08
3.8162e-08
3.0940e-08
