5.5053e-03
3.9990e-03
3.3917e-03
3.1310e-03
2.8028e-03
2.6347e-03
2.5096e-03
2.4100e-03
2.3280e-03
2.2585e-03
2.1986e-03
2.1461e-03
2.0996e-03
2.0580e-03
2.0204e-03
1.9863e-03
1.9551e-03
1.9265e-03
1.9003e-03
1.8781e-03
1.4224e-03
5.2202e-04
6.9802e-05
4.5221e-05
3.1011e-05
2.1258e-05
1.4804e-05
1.0006e-05
6.4597e-06
3.8196e-06
1.7698e-06
2.9020e-07
0.0000e+00
0.0000e+00
0.0000e+00
0.0000e+00
0.0000e+00
0.0000e+00
0.0000e+00
0.0000e+00
8.8790e-05
5.1211e-05
3.4807e-05
2.5031e-05
1.8219e-05
1.2715e-05
8.8909e-06
5.6264e-06
3.3337e-06
1.4270e-06
4.0919e-07
0.0000e+00
0.0000e+00
0.0000e+00
0.0000e+00
0.0000e+00
0.0000e+00
0.0000e+00
0.0000e+00
0.0000e+00
0.0000e+00
0.0000e+00
0.0000e+00
0.0000e+00
0.0000e+00
0.0000e+00
0.0000e+00
0.0000e+00
0.0000e+00
0.0000e+00
0.0000e+00
0.0000e+00
0.0000e+00
0.0000e+00
0.0000e+00
0.0000e+00
0.0000e+00
0.0000e+00
0.0000e+00
0.0000e+00
1.1759e-07
1.1736e-07
1.1680e-07
1.1578e-07
1.1422e-07
1.1207e-07
1.0931e-07
1.0594e-07
1.0196e-07
9.7407e-08
9.2284e-08
8.6615e-08
8.0427e-08
7.3751e-08
6.6622e-08
5.9077e-08
5.1160e-08
4.2912e-08
3.4380e-08
2.5607e-08
