5.5246e-03
4.0320e-03
3.4370e-03
3.1797e-03
2.8776e-03
2.7117e-03
2.5869e-03
2.4872e-03
2.4046e-03
2.3345e-03
2.2739e-03
2.2208e-03
2.1736e-03
2.1314e-03
2.0931e-03
2.0583e-03
2.0265e-03
1.9972e-03
1.9702e-03
1.9452e-03
1.4404e-03
5.3613e-04
9.2875e-05
4.5569e-05
3.1321e-05
2.1652e-05
1.5079e-05
1.0322e-05
6.6572e-06
4.0406e-06
1.8891e-06
3.1655e-07
0.0000e+00
0.0000e+00
0.0000e+00
0.0000e+00
0.0000e+00
0.0000e+00
0.0000e+00
0.0000e+00
8.8659e-05
5.1110e-05
3.4700e-05
2.4961e-05
1.8142e-05
1.2635e-05
8.8365e-06
5.5654e-06
3.2980e-06
1.3844e-06
3.9309e-07
0.0000e+00
0.0000e+00
0.0000e+00
0.0000e+00
0.0000e+00
0.0000e+00
0.0000e+00
0.0000e+00
0.0000e+00
0.0000e+00
0.0000e+00
0.0000e+00
0.0000e+00
0.0000e+00
0.0000e+00
0.0000e+00
0.0000e+00
0.0000e+00
0.0000e+00
0.0000e+00
0.0000e+00
0.0000e+00
0.0000e+00
0.0000e+00
0.0000e+00
0.0000e+00
0.0000e+00
0.0000e+00
0.0000e+00
1.0678e-07
1.0660e-07
1.0617e-07
1.0536e-07
1.0411e-07
1.0236e-07
1.0008e-07
9.7270e-08
9.3935e-08
9.0084e-08
8.5729e-08
8.0887e-08
7.5580e-08
6.9834e-08
6.3682e-08
5.7158e-08
5.0300e-08
4.3148e-08
3.5745e-08
2.8133e-08
