5.5234e-03
4.0339e-03
3.4404e-03
3.1830e-03
2.8820e-03
2.7156e-03
2.5902e-03
2.4900e-03
2.4070e-03
2.3366e-03
2.2757e-03
2.2223e-03
2.1749e-03
2.1324e-03
2.0939e-03
2.0589e-03
2.0269e-03
1.9974e-03
1.9702e-03
1.9449e-03
1.4392e-03
5.3693e-04
9.4871e-05
4.5520e-05
3.1280e-05
2.1619e-05
1.5047e-05
1.0290e-05
6.6245e-06
4.0034e-06
1.8494e-06
2.8868e-07
0.0000e+00
0.0000e+00
0.0000e+00
0.0000e+00
0.0000e+00
0.0000e+00
0.0000e+00
0.0000e+00
8.8555e-05
5.1023e-05
3.4605e-05
2.4889e-05
1.8056e-05
1.2540e-05
8.7618e-06
5.4774e-06
3.2348e-06
1.3396e-06
3.4830e-07
0.0000e+00
0.0000e+00
0.0000e+00
0.0000e+00
0.0000e+00
0.0000e+00
0.0000e+00
0.0000e+00
0.0000e+00
0.0000e+00
0.0000e+00
0.0000e+00
0.0000e+00
0.0000e+00
0.0000e+00
0.0000e+00
0.0000e+00
0.0000e+00
0.0000e+00
0.0000e+00
0.0000e+00
0.0000e+00
0.0000e+00
0.0000e+00
0.0000e+00
0.0000e+00
0.0000e+00
0.0000e+00
0.0000e+00
1.0256e-07
1.0245e-07
1.0214e-07
1.0154e-07
1.0055e-07
9.9131e-08
9.7233e-08
9.4844e-08
9.1956e-08
8.8572e-08
8.4700e-08
8.0355e-08
7.5557e-08
7.0332e-08
6.4711e-08
5.8729e-08
5.2425e-08
4.5840e-08
3.9016e-08
3.1994e-08
