5.4896e-03
3.9813e-03
3.3697e-03
3.1081e-03
2.7680e-03
2.5987e-03
2.4730e-03
2.3732e-03
2.2909e-03
2.2212e-03
2.1611e-03
2.1086e-03
2.0619e-03
2.0202e-03
1.9826e-03
1.9484e-03
1.9171e-03
1.8900e-03
1.8656e-03
1.8425e-03
1.4079e-03
5.1433e-04
6.9466e-05
4.4854e-05
3.0685e-05
2.0893e-05
1.4512e-05
9.6849e-06
6.2136e-06
3.5465e-06
1.5675e-06
1.9549e-07
0.0000e+00
0.0000e+00
0.0000e+00
0.0000e+00
0.0000e+00
0.0000e+00
0.0000e+00
0.0000e+00
8.8623e-05
5.1065e-05
3.4647e-05
2.4898e-05
1.8062e-05
1.2538e-05
8.7386e-06
5.4511e-06
3.1968e-06
1.3068e-06
3.0871e-07
0.0000e+00
0.0000e+00
0.0000e+00
0.0000e+00
0.0000e+00
0.0000e+00
0.0000e+00
0.0000e+00
0.0000e+00
0.0000e+00
0.0000e+00
0.0000e+00
0.0000e+00
0.0000e+00
0.0000e+00
0.0000e+00
0.0000e+00
0.0000e+00
0.0000e+00
0.0000e+00
0.0000e+00
0.0000e+00
0.0000e+00
0.0000e+00
0.0000e+00
0.0000e+00
0.0000e+00
0.0000e+00
0.0000e+00
1.1199e-07
1.1187e-07
1.1155e-07
1.1094e-07
1.0995e-07
1.0850e-07
1.0655e-07
1.0408e-07
1.0108e-07
9.7545e-08
9.3478e-08
8.8889e-08
8.3796e-08
7.8219e-08
7.2185e-08
6.5726e-08
5.8877e-08
5.1677e-08
4.4165e-08
3.6382e-08
