5.5258e-03
4.0234e-03
3.4192e-03
3.1565e-03
2.8379e-03
2.6681e-03
2.5410e-03
2.4398e-03
2.3563e-03
2.2855e-03
2.2245e-03
2.1710e-03
2.1235e-03
2.0811e-03
2.0427e-03
2.0078e-03
1.9760e-03
1.9467e-03
1.9197e-03
1.8954e-03
1.4414e-03
5.3258e-04
8.2296e-05
4.5591e-05
3.1319e-05
2.1584e-05
1.5042e-05
1.0246e-05
6.6210e-06
3.9799e-06
1.8668e-06
3.2305e-07
0.0000e+00
0.0000e+00
0.0000e+00
0.0000e+00
0.0000e+00
0.0000e+00
0.0000e+00
0.0000e+00
8.8973e-05
5.1356e-05
3.4977e-05
2.5157e-05
1.8364e-05
1.2862e-05
9.0001e-06
5.7317e-06
3.4025e-06
1.4900e-06
4.4164e-07
0.0000e+00
0.0000e+00
0.0000e+00
0.0000e+00
0.0000e+00
0.0000e+00
0.0000e+00
0.0000e+00
0.0000e+00
0.0000e+00
0.0000e+00
0.0000e+00
0.0000e+00
0.0000e+00
0.0000e+00
0.0000e+00
0.0000e+00
0.0000e+00
0.0000e+00
0.0000e+00
0.0000e+00
0.0000e+00
0.0000e+00
0.0000e+00
0.0000e+00
0.0000e+00
0.0000e+00
0.0000e+00
0.0000e+00
1.2158e-07
1.2108e-07
1.2018e-07
1.1885e-07
1.1708e-07
1.1486e-07
1.1219e-07
1.0905e-07
1.0543e-07
1.0132e-07
9.6729e-08
9.1648e-08
8.6088e-08
8.0065e-08
7.3600e-08
6.6721e-08
5.9459e-08
5.1852e-08
4.3938e-08
3.5759e-08
