5.5136e-03
4.0127e-03
3.4080e-03
3.1463e-03
2.8238e-03
2.6544e-03
2.5278e-03
2.4270e-03
2.3438e-03
2.2734e-03
2.2126e-03
2.1594e-03
2.1122e-03
2.0699e-03
2.0318e-03
1.9972e-03
1.9656e-03
1.9366e-03
1.9098e-03
1.8867e-03
1.4301e-03
5.2786e-04
7.5606e-05
4.5306e-05
3.1076e-05
2.1337e-05
1.4844e-05
1.0044e-05
6.4641e-06
3.8159e-06
1.7439e-06
2.6411e-07
0.0000e+00
0.0000e+00
0.0000e+00
0.0000e+00
0.0000e+00
0.0000e+00
0.0000e+00
0.0000e+00
8.8707e-05
5.1142e-05
3.4737e-05
2.4980e-05
1.8161e-05
1.2651e-05
8.8374e-06
5.5604e-06
3.2821e-06
1.3612e-06
3.6834e-07
0.0000e+00
0.0000e+00
0.0000e+00
0.0000e+00
0.0000e+00
0.0000e+00
0.0000e+00
0.0000e+00
0.0000e+00
0.0000e+00
0.0000e+00
0.0000e+00
0.0000e+00
0.0000e+00
0.0000e+00
0.0000e+00
0.0000e+00
0.0000e+00
0.0000e+00
0.0000e+00
0.0000e+00
0.0000e+00
0.0000e+00
0.0000e+00
0.0000e+00
0.0000e+00
0.0000e+00
0.0000e+00
0.0000e+00
1.1153e-07
1.1138e-07
1.1100e-07
1.1028e-07
1.0912e-07
1.0747e-07
1.0530e-07
1.0259e-07
9.9327e-08
9.5521e-08
9.1176e-08
8.6307e-08
8.0929e-08
7.5066e-08
6.8747e-08
6.2005e-08
5.4877e-08
4.7404e-08
3.9627e-08
3.1589e-08
