5.4994e-03
3.9948e-03
3.3881e-03
3.1280e-03
2.7987e-03
2.6306e-03
2.5054e-03
2.4058e-03
2.3235e-03
2.2539e-03
2.1939e-03
2.1413e-03
2.0947e-03
2.0530e-03
2.0154e-03
1.9813e-03
1.9500e-03
1.9214e-03
1.8958e-03
1.8735e-03
1.4169e-03
5.2018e-04
6.9677e-05
4.5103e-05
3.0911e-05
2.1157e-05
1.4720e-05
9.9169e-06
6.3845e-06
3.7355e-06
1.6975e-06
2.4869e-07
0.0000e+00
0.0000e+00
0.0000e+00
0.0000e+00
0.0000e+00
0.0000e+00
0.0000e+00
0.0000e+00
8.8702e-05
5.1132e-05
3.4723e-05
2.4961e-05
1.8136e-05
1.2620e-05
8.8101e-06
5.5296e-06
3.2597e-06
1.3392e-06
3.5399e-07
0.0000e+00
0.0000e+00
0.0000e+00
0.0000e+00
0.0000e+00
0.0000e+00
0.0000e+00
0.0000e+00
0.0000e+00
0.0000e+00
0.0000e+00
0.0000e+00
0.0000e+00
0.0000e+00
0.0000e+00
0.0000e+00
0.0000e+00
0.0000e+00
0.0000e+00
0.0000e+00
0.0000e+00
0.0000e+00
0.0000e+00
0.0000e+00
0.0000e+00
0.0000e+00
0.0000e+00
0.0000e+00
0.0000e+00
1.1066e-07
1.1054e-07
1.1024e-07
1.0964e-07
1.0864e-07
1.0720e-07
1.0525e-07
1.0277e-07
9.9759e-08
9.6205e-08
9.2116e-08
8.7501e-08
8.2376e-08
7.6766e-08
7.0696e-08
6.4201e-08
5.7317e-08
5.0083e-08
4.2542e-08
3.4735e-08
