5.4876e-03
3.9834e-03
3.3752e-03
3.1155e-03
2.7809e-03
2.6132e-03
2.4885e-03
2.3894e-03
2.3076e-03
2.2385e-03
2.1789e-03
2.1267e-03
2.0804e-03
2.0390e-03
2.0017e-03
1.9678e-03
1.9368e-03
1.9084e-03
1.8843e-03
1.8618e-03
1.4060e-03
5.1520e-04
6.9414e-05
4.4835e-05
3.0681e-05
2.0916e-05
1.4528e-05
9.7169e-06
6.2324e-06
3.5746e-06
1.5801e-06
1.9465e-07
0.0000e+00
0.0000e+00
0.0000e+00
0.0000e+00
0.0000e+00
0.0000e+00
0.0000e+00
0.0000e+00
8.8516e-05
5.0978e-05
3.4553e-05
2.4830e-05
1.7988e-05
1.2464e-05
8.6863e-06
5.3982e-06
3.1639e-06
1.2961e-06
2.9294e-07
0.0000e+00
0.0000e+00
0.0000e+00
0.0000e+00
0.0000e+00
0.0000e+00
0.0000e+00
0.0000e+00
0.0000e+00
0.0000e+00
0.0000e+00
0.0000e+00
0.0000e+00
0.0000e+00
0.0000e+00
0.0000e+00
0.0000e+00
0.0000e+00
0.0000e+00
0.0000e+00
0.0000e+00
0.0000e+00
0.0000e+00
0.0000e+00
0.0000e+00
0.0000e+00
0.0000e+00
0.0000e+00
0.0000e+00
1.0924e-07
1.0912e-07
1.0882e-07
1.0822e-07
1.0722e-07
1.0576e-07
1.0380e-07
1.0129e-07
9.8239e-08
9.4636e-08
9.0487e-08
8.5800e-08
8.0593e-08
7.4887e-08
6.8711e-08
6.2096e-08
5.5080e-08
4.7702e-08
4.0003e-08
3.2028e-08
