5.5107e-03
4.0040e-03
3.3964e-03
3.1343e-03
2.8056e-03
2.6358e-03
2.5091e-03
2.4082e-03
2.3250e-03
2.2545e-03
2.1937e-03
2.1405e-03
2.0933e-03
2.0511e-03
2.0129e-03
1.9783e-03
1.9466e-03
1.9176e-03
1.8920e-03
1.8691e-03
1.4274e-03
5.2423e-04
6.9931e-05
4.5343e-05
3.1108e-05
2.1345e-05
1.4869e-05
1.0060e-05
6.4969e-06
3.8479e-06
1.7871e-06
2.9714e-07
0.0000e+00
0.0000e+00
0.0000e+00
0.0000e+00
0.0000e+00
0.0000e+00
0.0000e+00
0.0000e+00
8.8935e-05
5.1323e-05
3.4937e-05
2.5122e-05
1.8324e-05
1.2821e-05
8.9656e-06
5.6987e-06
3.3777e-06
1.4670e-06
4.2647e-07
0.0000e+00
0.0000e+00
0.0000e+00
0.0000e+00
0.0000e+00
0.0000e+00
0.0000e+00
0.0000e+00
0.0000e+00
0.0000e+00
0.0000e+00
0.0000e+00
0.0000e+00
0.0000e+00
0.0000e+00
0.0000e+00
0.0000e+00
0.0000e+00
0.0000e+00
0.0000e+00
0.0000e+00
0.0000e+00
0.0000e+00
0.0000e+00
0.0000e+00
0.0000e+00
0.0000e+00
0.0000e+00
0.0000e+00
1.2581e-07
1.2562e-07
1.2517e-07
1.2431e-07
1.2296e-07
1.2106e-07
1.1857e-07
1.1546e-07
1.1174e-07
1.0741e-07
1.0247e-07
9.6935e-08
9.0815e-08
8.4137e-08
7.6927e-08
6.9220e-08
6.1052e-08
5.2465e-08
4.3502e-08
3.4211e-08
