5.4888e-03
3.9832e-03
3.3747e-03
3.1149e-03
2.7797e-03
2.6118e-03
2.4869e-03
2.3878e-03
2.3060e-03
2.2369e-03
2.1773e-03
2.1251e-03
2.0789e-03
2.0376e-03
2.0002e-03
1.9663e-03
1.9353e-03
1.9069e-03
1.8829e-03
1.8602e-03
1.4071e-03
5.1516e-04
6.9485e-05
4.4895e-05
3.0729e-05
2.0956e-05
1.4560e-05
9.7429e-06
6.2521e-06
3.5909e-06
1.5927e-06
2.0150e-07
0.0000e+00
0.0000e+00
0.0000e+00
0.0000e+00
0.0000e+00
0.0000e+00
0.0000e+00
0.0000e+00
8.8611e-05
5.1055e-05
3.4637e-05
2.4891e-05
1.8054e-05
1.2530e-05
8.7333e-06
5.4446e-06
3.1930e-06
1.3064e-06
3.0685e-07
0.0000e+00
0.0000e+00
0.0000e+00
0.0000e+00
0.0000e+00
0.0000e+00
0.0000e+00
0.0000e+00
0.0000e+00
0.0000e+00
0.0000e+00
0.0000e+00
0.0000e+00
0.0000e+00
0.0000e+00
0.0000e+00
0.0000e+00
0.0000e+00
0.0000e+00
0.0000e+00
0.0000e+00
0.0000e+00
0.0000e+00
0.0000e+00
0.0000e+00
0.0000e+00
0.0000e+00
0.0000e+00
0.0000e+00
1.1391e-07
1.1378e-07
1.1344e-07
1.1278e-07
1.1171e-07
1.1017e-07
1.0810e-07
1.0550e-07
1.0234e-07
9.8634e-08
9.4376e-08
8.9581e-08
8.4265e-08
7.8450e-08
7.2167e-08
6.5448e-08
5.8331e-08
5.0856e-08
4.3067e-08
3.5007e-08
