5.4926e-03
3.9874e-03
3.3790e-03
3.1187e-03
2.7851e-03
2.6172e-03
2.4923e-03
2.3932e-03
2.3114e-03
2.2423e-03
2.1827e-03
2.1305e-03
2.0842e-03
2.0428e-03
2.0055e-03
1.9716e-03
1.9406e-03
1.9121e-03
1.8876e-03
1.8651e-03
1.4107e-03
5.1695e-04
6.9526e-05
4.4942e-05
3.0770e-05
2.1004e-05
1.4598e-05
9.7883e-06
6.2890e-06
3.6346e-06
1.6284e-06
2.2077e-07
0.0000e+00
0.0000e+00
0.0000e+00
0.0000e+00
0.0000e+00
0.0000e+00
0.0000e+00
0.0000e+00
8.8598e-05
5.1049e-05
3.4630e-05
2.4892e-05
1.8059e-05
1.2543e-05
8.7498e-06
5.4704e-06
3.2166e-06
1.3185e-06
3.2875e-07
0.0000e+00
0.0000e+00
0.0000e+00
0.0000e+00
0.0000e+00
0.0000e+00
0.0000e+00
0.0000e+00
0.0000e+00
0.0000e+00
0.0000e+00
0.0000e+00
0.0000e+00
0.0000e+00
0.0000e+00
0.0000e+00
0.0000e+00
0.0000e+00
0.0000e+00
0.0000e+00
0.0000e+00
0.0000e+00
0.0000e+00
0.0000e+00
0.0000e+00
0.0000e+00
0.0000e+00
0.0000e+00
0.0000e+00
1.1504e-07
1.1481e-07
1.1428e-07
1.1332e-07
1.1187e-07
1.0986e-07
1.0726e-07
1.0409e-07
1.0032e-07
9.5983e-08
9.1076e-08
8.5618e-08
7.9633e-08
7.3147e-08
6.6194e-08
5.8811e-08
5.1038e-08
4.2919e-08
3.4499e-08
2.5825e-08
