5.5234e-03
4.0276e-03
3.4293e-03
3.1703e-03
2.8622e-03
2.6954e-03
2.5702e-03
2.4704e-03
2.3879e-03
2.3180e-03
2.2576e-03
2.2047e-03
2.1578e-03
2.1157e-03
2.0777e-03
2.0431e-03
2.0115e-03
1.9824e-03
1.9556e-03
1.9308e-03
1.4392e-03
5.3428e-04
8.8270e-05
4.5510e-05
3.1259e-05
2.1563e-05
1.5007e-05
1.0232e-05
6.5878e-06
3.9566e-06
1.8257e-06
2.8587e-07
0.0000e+00
0.0000e+00
0.0000e+00
0.0000e+00
0.0000e+00
0.0000e+00
0.0000e+00
0.0000e+00
8.8711e-05
5.1146e-05
3.4740e-05
2.4983e-05
1.8158e-05
1.2639e-05
8.8283e-06
5.5427e-06
3.2721e-06
1.3497e-06
3.6377e-07
0.0000e+00
0.0000e+00
0.0000e+00
0.0000e+00
0.0000e+00
0.0000e+00
0.0000e+00
0.0000e+00
0.0000e+00
0.0000e+00
0.0000e+00
0.0000e+00
0.0000e+00
0.0000e+00
0.0000e+00
0.0000e+00
0.0000e+00
0.0000e+00
0.0000e+00
0.0000e+00
0.0000e+00
0.0000e+00
0.0000e+00
0.0000e+00
0.0000e+00
0.0000e+00
0.0000e+00
0.0000e+00
0.0000e+00
1.1045e-07
1.1032e-07
1.0998e-07
1.0933e-07
1.0829e-07
1.0677e-07
1.0476e-07
1.0222e-07
9.9140e-08
9.5529e-08
9.1388e-08
8.6729e-08
8.1571e-08
7.5940e-08
6.9865e-08
6.3382e-08
5.6531e-08
4.9355e-08
4.1897e-08
3.4202e-08
