5.5226e-03
4.0278e-03
3.4307e-03
3.1726e-03
2.8665e-03
2.7003e-03
2.5754e-03
2.4757e-03
2.3932e-03
2.3232e-03
2.2627e-03
2.2097e-03
2.1626e-03
2.1204e-03
2.0822e-03
2.0475e-03
2.0157e-03
1.9865e-03
1.9596e-03
1.9346e-03
1.4385e-03
5.3435e-04
8.9110e-05
4.5517e-05
3.1271e-05
2.1585e-05
1.5027e-05
1.0258e-05
6.6091e-06
3.9827e-06
1.8451e-06
2.9473e-07
0.0000e+00
0.0000e+00
0.0000e+00
0.0000e+00
0.0000e+00
0.0000e+00
0.0000e+00
0.0000e+00
8.8716e-05
5.1147e-05
3.4745e-05
2.4984e-05
1.8164e-05
1.2649e-05
8.8364e-06
5.5540e-06
3.2815e-06
1.3567e-06
3.7190e-07
0.0000e+00
0.0000e+00
0.0000e+00
0.0000e+00
0.0000e+00
0.0000e+00
0.0000e+00
0.0000e+00
0.0000e+00
0.0000e+00
0.0000e+00
0.0000e+00
0.0000e+00
0.0000e+00
0.0000e+00
0.0000e+00
0.0000e+00
0.0000e+00
0.0000e+00
0.0000e+00
0.0000e+00
0.0000e+00
0.0000e+00
0.0000e+00
0.0000e+00
0.0000e+00
0.0000e+00
0.0000e+00
0.0000e+00
1.1248e-07
1.1237e-07
1.1207e-07
1.1147e-07
1.1049e-07
1.0905e-07
1.0711e-07
1.0465e-07
1.0164e-07
9.8090e-08
9.3991e-08
8.9355e-08
8.4195e-08
7.8532e-08
7.2395e-08
6.5815e-08
5.8830e-08
5.1480e-08
4.3808e-08
3.5859e-08
