5.5209e-03
4.0266e-03
3.4306e-03
3.1734e-03
2.8685e-03
2.7028e-03
2.5782e-03
2.4787e-03
2.3963e-03
2.3264e-03
2.2659e-03
2.2129e-03
2.1658e-03
2.1236e-03
2.0854e-03
2.0506e-03
2.0188e-03
1.9895e-03
1.9624e-03
1.9373e-03
1.4370e-03
5.3384e-04
8.9041e-05
4.5537e-05
3.1292e-05
2.1611e-05
1.5050e-05
1.0286e-05
6.6314e-06
4.0082e-06
1.8645e-06
3.0368e-07
0.0000e+00
0.0000e+00
0.0000e+00
0.0000e+00
0.0000e+00
0.0000e+00
0.0000e+00
0.0000e+00
8.8740e-05
5.1167e-05
3.4765e-05
2.5000e-05
1.8181e-05
1.2666e-05
8.8503e-06
5.5692e-06
3.2934e-06
1.3701e-06
3.8054e-07
0.0000e+00
0.0000e+00
0.0000e+00
0.0000e+00
0.0000e+00
0.0000e+00
0.0000e+00
0.0000e+00
0.0000e+00
0.0000e+00
0.0000e+00
0.0000e+00
0.0000e+00
0.0000e+00
0.0000e+00
0.0000e+00
0.0000e+00
0.0000e+00
0.0000e+00
0.0000e+00
0.0000e+00
0.0000e+00
0.0000e+00
0.0000e+00
0.0000e+00
0.0000e+00
0.0000e+00
0.0000e+00
0.0000e+00
1.1075e-07
1.1063e-07
1.1032e-07
1.0972e-07
1.0872e-07
1.0727e-07
1.0531e-07
1.0282e-07
9.9783e-08
9.6197e-08
9.2062e-08
8.7387e-08
8.2189e-08
7.6488e-08
7.0315e-08
6.3703e-08
5.6691e-08
4.9320e-08
4.1635e-08
3.3680e-08
