5.5212e-03
4.0265e-03
3.4293e-03
3.1714e-03
2.8649e-03
2.6987e-03
2.5739e-03
2.4742e-03
2.3916e-03
2.3216e-03
2.2610e-03
2.2078e-03
2.1606e-03
2.1183e-03
2.0801e-03
2.0452e-03
2.0134e-03
1.9841e-03
1.9570e-03
1.9319e-03
1.4373e-03
5.3381e-04
8.8313e-05
4.5518e-05
3.1274e-05
2.1587e-05
1.5031e-05
1.0262e-05
6.6149e-06
3.9891e-06
1.8543e-06
3.0272e-07
0.0000e+00
0.0000e+00
0.0000e+00
0.0000e+00
0.0000e+00
0.0000e+00
0.0000e+00
0.0000e+00
8.8758e-05
5.1179e-05
3.4780e-05
2.5009e-05
1.8194e-05
1.2684e-05
8.8630e-06
5.5863e-06
3.3040e-06
1.3850e-06
3.8770e-07
0.0000e+00
0.0000e+00
0.0000e+00
0.0000e+00
0.0000e+00
0.0000e+00
0.0000e+00
0.0000e+00
0.0000e+00
0.0000e+00
0.0000e+00
0.0000e+00
0.0000e+00
0.0000e+00
0.0000e+00
0.0000e+00
0.0000e+00
0.0000e+00
0.0000e+00
0.0000e+00
0.0000e+00
0.0000e+00
0.0000e+00
0.0000e+00
0.0000e+00
0.0000e+00
0.0000e+00
0.0000e+00
0.0000e+00
1.2092e-07
1.1994e-07
1.1837e-07
1.1628e-07
1.1375e-07
1.1080e-07
1.0743e-07
1.0365e-07
9.9423e-08
9.4752e-08
8.9627e-08
8.4051e-08
7.8033e-08
7.1592e-08
6.4754e-08
5.7552e-08
5.0022e-08
4.2204e-08
3.4143e-08
2.5879e-08
