5.5144e-03
4.0215e-03
3.4246e-03
3.1668e-03
2.8582e-03
2.6919e-03
2.5669e-03
2.4672e-03
2.3847e-03
2.3148e-03
2.2543e-03
2.2014e-03
2.1544e-03
2.1122e-03
2.0742e-03
2.0396e-03
2.0079e-03
1.9788e-03
1.9520e-03
1.9271e-03
1.4309e-03
5.3158e-04
8.5430e-05
4.5330e-05
3.1112e-05
2.1424e-05
1.4897e-05
1.0125e-05
6.5052e-06
3.8735e-06
1.7630e-06
2.5523e-07
0.0000e+00
0.0000e+00
0.0000e+00
0.0000e+00
0.0000e+00
0.0000e+00
0.0000e+00
0.0000e+00
8.8543e-05
5.1006e-05
3.4589e-05
2.4867e-05
1.8032e-05
1.2512e-05
8.7306e-06
5.4429e-06
3.2029e-06
1.3208e-06
3.2358e-07
0.0000e+00
0.0000e+00
0.0000e+00
0.0000e+00
0.0000e+00
0.0000e+00
0.0000e+00
0.0000e+00
0.0000e+00
0.0000e+00
0.0000e+00
0.0000e+00
0.0000e+00
0.0000e+00
0.0000e+00
0.0000e+00
0.0000e+00
0.0000e+00
0.0000e+00
0.0000e+00
0.0000e+00
0.0000e+00
0.0000e+00
0.0000e+00
0.0000e+00
0.0000e+00
0.0000e+00
0.0000e+00
0.0000e+00
1.0923e-07
1.0911e-07
1.0881e-07
1.0822e-07
1.0724e-07
1.0582e-07
1.0390e-07
1.0145e-07
9.8470e-08
9.4946e-08
9.0879e-08
8.6279e-08
8.1159e-08
7.5541e-08
6.9452e-08
6.2925e-08
5.5997e-08
4.8708e-08
4.1102e-08
3.3223e-08
