5.4910e-03
3.9847e-03
3.3757e-03
3.1153e-03
2.7797e-03
2.6113e-03
2.4861e-03
2.3866e-03
2.3047e-03
2.2353e-03
2.1755e-03
2.1232e-03
2.0769e-03
2.0354e-03
1.9980e-03
1.9640e-03
1.9329e-03
1.9044e-03
1.8806e-03
1.8578e-03
1.4091e-03
5.1580e-04
6.9523e-05
4.4928e-05
3.0753e-05
2.0976e-05
1.4574e-05
9.7545e-06
6.2612e-06
3.5993e-06
1.6014e-06
2.0835e-07
0.0000e+00
0.0000e+00
0.0000e+00
0.0000e+00
0.0000e+00
0.0000e+00
0.0000e+00
0.0000e+00
8.8616e-05
5.1066e-05
3.4644e-05
2.4902e-05
1.8066e-05
1.2546e-05
8.7488e-06
5.4652e-06
3.2092e-06
1.3131e-06
3.1950e-07
0.0000e+00
0.0000e+00
0.0000e+00
0.0000e+00
0.0000e+00
0.0000e+00
0.0000e+00
0.0000e+00
0.0000e+00
0.0000e+00
0.0000e+00
0.0000e+00
0.0000e+00
0.0000e+00
0.0000e+00
0.0000e+00
0.0000e+00
0.0000e+00
0.0000e+00
0.0000e+00
0.0000e+00
0.0000e+00
0.0000e+00
0.0000e+00
0.0000e+00
0.0000e+00
0.0000e+00
0.0000e+00
0.0000e+00
1.0873e-07
1.0856e-07
1.0814e-07
1.0736e-07
1.0614e-07
1.0442e-07
1.0218e-07
9.9400e-08
9.6088e-08
9.2251e-08
8.7900e-08
8.3052e-08
7.7729e-08
7.1958e-08
6.5769e-08
5.9198e-08
5.2283e-08
4.5064e-08
3.7583e-08
2.9882e-08
