5.5001e-03
3.9922e-03
3.3830e-03
3.1221e-03
2.7895e-03
2.6213e-03
2.4961e-03
2.3966e-03
2.3146e-03
2.2451e-03
2.1851e-03
2.1326e-03
2.0860e-03
2.0443e-03
2.0067e-03
1.9725e-03
1.9412e-03
1.9126e-03
1.8878e-03
1.8651e-03
1.4176e-03
5.1906e-04
6.9702e-05
4.5105e-05
3.0906e-05
2.1138e-05
1.4709e-05
9.9014e-06
6.3815e-06
3.7331e-06
1.7088e-06
2.6406e-07
0.0000e+00
0.0000e+00
0.0000e+00
0.0000e+00
0.0000e+00
0.0000e+00
0.0000e+00
0.0000e+00
8.8751e-05
5.1178e-05
3.4769e-05
2.4999e-05
1.8181e-05
1.2673e-05
8.8538e-06
5.5849e-06
3.3006e-06
1.3900e-06
3.8529e-07
0.0000e+00
0.0000e+00
0.0000e+00
0.0000e+00
0.0000e+00
0.0000e+00
0.0000e+00
0.0000e+00
0.0000e+00
0.0000e+00
0.0000e+00
0.0000e+00
0.0000e+00
0.0000e+00
0.0000e+00
0.0000e+00
0.0000e+00
0.0000e+00
0.0000e+00
0.0000e+00
0.0000e+00
0.0000e+00
0.0000e+00
0.0000e+00
0.0000e+00
0.0000e+00
0.0000e+00
0.0000e+00
0.0000e+00
1.1191e-07
1.1172e-07
1.1126e-07
1.1042e-07
1.0909e-07
1.0724e-07
1.0484e-07
1.0187e-07
9.8336e-08
9.4257e-08
8.9644e-08
8.4516e-08
7.8895e-08
7.2808e-08
6.6288e-08
5.9369e-08
5.2088e-08
4.4486e-08
3.6603e-08
2.8481e-08
