5.5215e-03
4.0291e-03
3.4342e-03
3.1773e-03
2.8747e-03
2.7095e-03
2.5852e-03
2.4860e-03
2.4038e-03
2.3341e-03
2.2739e-03
2.2210e-03
2.1741e-03
2.1321e-03
2.0940e-03
2.0594e-03
2.0277e-03
1.9986e-03
1.9717e-03
1.9468e-03
1.4375e-03
5.3490e-04
9.1172e-05
4.5502e-05
3.1266e-05
2.1599e-05
1.5038e-05
1.0282e-05
6.6268e-06
4.0100e-06
1.8648e-06
3.0322e-07
0.0000e+00
0.0000e+00
0.0000e+00
0.0000e+00
0.0000e+00
0.0000e+00
0.0000e+00
0.0000e+00
8.8615e-05
5.1072e-05
3.4659e-05
2.4928e-05
1.8103e-05
1.2593e-05
8.8016e-06
5.5259e-06
3.2690e-06
1.3529e-06
3.7363e-07
0.0000e+00
0.0000e+00
0.0000e+00
0.0000e+00
0.0000e+00
0.0000e+00
0.0000e+00
0.0000e+00
0.0000e+00
0.0000e+00
0.0000e+00
0.0000e+00
0.0000e+00
0.0000e+00
0.0000e+00
0.0000e+00
0.0000e+00
0.0000e+00
0.0000e+00
0.0000e+00
0.0000e+00
0.0000e+00
0.0000e+00
0.0000e+00
0.0000e+00
0.0000e+00
0.0000e+00
0.0000e+00
0.0000e+00
1.1117e-07
1.1100e-07
1.1055e-07
1.0970e-07
1.0835e-07
1.0646e-07
1.0399e-07
1.0094e-07
9.7315e-08
9.3122e-08
8.8374e-08
8.3090e-08
7.7293e-08
7.1013e-08
6.4286e-08
5.7150e-08
4.9647e-08
4.1825e-08
3.3728e-08
2.5403e-08
