5.5156e-03
4.0192e-03
3.4206e-03
3.1626e-03
2.8518e-03
2.6854e-03
2.5604e-03
2.4606e-03
2.3781e-03
2.3080e-03
2.2474e-03
2.1942e-03
2.1470e-03
2.1047e-03
2.0664e-03
2.0315e-03
1.9996e-03
1.9703e-03
1.9432e-03
1.9181e-03
1.4320e-03
5.3063e-04
8.3067e-05
4.5399e-05
3.1166e-05
2.1462e-05
1.4930e-05
1.0150e-05
6.5279e-06
3.8917e-06
1.7808e-06
2.6708e-07
0.0000e+00
0.0000e+00
0.0000e+00
0.0000e+00
0.0000e+00
0.0000e+00
0.0000e+00
0.0000e+00
8.8686e-05
5.1123e-05
3.4714e-05
2.4958e-05
1.8130e-05
1.2609e-05
8.8007e-06
5.5129e-06
3.2483e-06
1.3377e-06
3.4709e-07
0.0000e+00
0.0000e+00
0.0000e+00
0.0000e+00
0.0000e+00
0.0000e+00
0.0000e+00
0.0000e+00
0.0000e+00
0.0000e+00
0.0000e+00
0.0000e+00
0.0000e+00
0.0000e+00
0.0000e+00
0.0000e+00
0.0000e+00
0.0000e+00
0.0000e+00
0.0000e+00
0.0000e+00
0.0000e+00
0.0000e+00
0.0000e+00
0.0000e+00
0.0000e+00
0.0000e+00
0.0000e+00
0.0000e+00
1.0943e-07
1.0930e-07
1.0899e-07
1.0838e-07
1.0739e-07
1.0596e-07
1.0403e-07
1.0159e-07
9.8622e-08
9.5126e-08
9.1102e-08
8.6561e-08
8.1520e-08
7.5999e-08
7.0029e-08
6.3641e-08
5.6874e-08
4.9768e-08
4.2366e-08
3.4710e-08
