5.5388e-03
4.0117e-03
3.3828e-03
3.1032e-03
2.7388e-03
2.5502e-03
2.4080e-03
2.2940e-03
2.1992e-03
2.1186e-03
2.0487e-03
1.9871e-03
1.9321e-03
1.8983e-03
1.8451e-03
1.8054e-03
1.7690e-03
1.7353e-03
1.7038e-03
1.6744e-03
1.4547e-03
5.2757e-04
6.9186e-05
4.4149e-05
2.9676e-05
1.9524e-05
1.3135e-05
8.0481e-06
4.7944e-06
2.2869e-06
4.0490e-07
0.0000e+00
0.0000e+00
0.0000e+00
0.0000e+00
0.0000e+00
0.0000e+00
0.0000e+00
0.0000e+00
0.0000e+00
8.8714e-05
5.1079e-05
3.4553e-05
2.4667e-05
1.7658e-05
1.1953e-05
8.0881e-06
4.6540e-06
2.4722e-06
9.1291e-07
0.0000e+00
0.0000e+00
0.0000e+00
0.0000e+00
0.0000e+00
0.0000e+00
0.0000e+00
0.0000e+00
0.0000e+00
0.0000e+00
0.0000e+00
0.0000e+00
0.0000e+00
0.0000e+00
0.0000e+00
0.0000e+00
0.0000e+00
0.0000e+00
0.0000e+00
0.0000e+00
0.0000e+00
0.0000e+00
0.0000e+00
0.0000e+00
0.0000e+00
0.0000e+00
0.0000e+00
0.0000e+00
0.0000e+00
0.0000e+00
1.1327e-07
1.1314e-07
1.1281e-07
1.1215e-07
1.1107e-07
1.0951e-07
1.0742e-07
1.0477e-07
1.0153e-07
9.7707e-08
9.3292e-08
8.8292e-08
8.2721e-08
7.6603e-08
6.9967e-08
6.2850e-08
5.5293e-08
4.7341e-08
3.9043e-08
3.0448e-08
