5.5004e-03
3.9953e-03
3.3885e-03
3.1286e-03
2.8001e-03
2.6325e-03
2.5076e-03
2.4082e-03
2.3262e-03
2.2568e-03
2.1968e-03
2.1444e-03
2.0979e-03
2.0562e-03
2.0187e-03
1.9845e-03
1.9534e-03
1.9248e-03
1.8988e-03
1.8767e-03
1.4179e-03
5.2039e-04
6.9699e-05
4.5126e-05
3.0933e-05
2.1183e-05
1.4744e-05
9.9463e-06
6.4110e-06
3.7675e-06
1.7245e-06
2.6290e-07
0.0000e+00
0.0000e+00
0.0000e+00
0.0000e+00
0.0000e+00
0.0000e+00
0.0000e+00
0.0000e+00
8.8722e-05
5.1149e-05
3.4741e-05
2.4976e-05
1.8153e-05
1.2639e-05
8.8272e-06
5.5501e-06
3.2771e-06
1.3578e-06
3.6842e-07
0.0000e+00
0.0000e+00
0.0000e+00
0.0000e+00
0.0000e+00
0.0000e+00
0.0000e+00
0.0000e+00
0.0000e+00
0.0000e+00
0.0000e+00
0.0000e+00
0.0000e+00
0.0000e+00
0.0000e+00
0.0000e+00
0.0000e+00
0.0000e+00
0.0000e+00
0.0000e+00
0.0000e+00
0.0000e+00
0.0000e+00
0.0000e+00
0.0000e+00
0.0000e+00
0.0000e+00
0.0000e+00
0.0000e+00
1.1052e-07
1.1043e-07
1.1015e-07
1.0959e-07
1.0863e-07
1.0722e-07
1.0531e-07
1.0286e-07
9.9881e-08
9.6358e-08
9.2300e-08
8.7720e-08
8.2633e-08
7.7064e-08
7.1042e-08
6.4598e-08
5.7769e-08
5.0595e-08
4.3116e-08
3.5375e-08
