5.5088e-03
4.0064e-03
3.4019e-03
3.1417e-03
2.8188e-03
2.6508e-03
2.5254e-03
2.4256e-03
2.3432e-03
2.2735e-03
2.2133e-03
2.1606e-03
2.1139e-03
2.0720e-03
2.0342e-03
1.9999e-03
1.9685e-03
1.9397e-03
1.9131e-03
1.8898e-03
1.4256e-03
5.2516e-04
7.1973e-05
4.5293e-05
3.1078e-05
2.1346e-05
1.4868e-05
1.0079e-05
6.5055e-06
3.8682e-06
1.7912e-06
2.8903e-07
0.0000e+00
0.0000e+00
0.0000e+00
0.0000e+00
0.0000e+00
0.0000e+00
0.0000e+00
0.0000e+00
8.8769e-05
5.1189e-05
3.4788e-05
2.5015e-05
1.8200e-05
1.2690e-05
8.8711e-06
5.5970e-06
3.3130e-06
1.3956e-06
3.9179e-07
0.0000e+00
0.0000e+00
0.0000e+00
0.0000e+00
0.0000e+00
0.0000e+00
0.0000e+00
0.0000e+00
0.0000e+00
0.0000e+00
0.0000e+00
0.0000e+00
0.0000e+00
0.0000e+00
0.0000e+00
0.0000e+00
0.0000e+00
0.0000e+00
0.0000e+00
0.0000e+00
0.0000e+00
0.0000e+00
0.0000e+00
0.0000e+00
0.0000e+00
0.0000e+00
0.0000e+00
0.0000e+00
0.0000e+00
1.1065e-07
1.1054e-07
1.1023e-07
1.0962e-07
1.0863e-07
1.0718e-07
1.0523e-07
1.0276e-07
9.9752e-08
9.6206e-08
9.2126e-08
8.7523e-08
8.2414e-08
7.6822e-08
7.0774e-08
6.4304e-08
5.7447e-08
5.0244e-08
4.2736e-08
3.4965e-08
