5.4952e-03
3.9874e-03
3.3775e-03
3.1166e-03
2.7814e-03
2.6130e-03
2.4878e-03
2.3884e-03
2.3063e-03
2.2368e-03
2.1769e-03
2.1244e-03
2.0779e-03
2.0362e-03
1.9986e-03
1.9645e-03
1.9332e-03
1.9046e-03
1.8806e-03
1.8577e-03
1.4130e-03
5.1699e-04
6.9588e-05
4.4988e-05
3.0805e-05
2.1030e-05
1.4622e-05
9.8078e-06
6.3083e-06
3.6532e-06
1.6471e-06
2.3309e-07
0.0000e+00
0.0000e+00
0.0000e+00
0.0000e+00
0.0000e+00
0.0000e+00
0.0000e+00
0.0000e+00
8.8668e-05
5.1108e-05
3.4691e-05
2.4939e-05
1.8110e-05
1.2594e-05
8.7897e-06
5.5122e-06
3.2466e-06
1.3313e-06
3.4766e-07
0.0000e+00
0.0000e+00
0.0000e+00
0.0000e+00
0.0000e+00
0.0000e+00
0.0000e+00
0.0000e+00
0.0000e+00
0.0000e+00
0.0000e+00
0.0000e+00
0.0000e+00
0.0000e+00
0.0000e+00
0.0000e+00
0.0000e+00
0.0000e+00
0.0000e+00
0.0000e+00
0.0000e+00
0.0000e+00
0.0000e+00
0.0000e+00
0.0000e+00
0.0000e+00
0.0000e+00
0.0000e+00
0.0000e+00
1.1259e-07
1.1239e-07
1.1190e-07
1.1101e-07
1.0963e-07
1.0772e-07
1.0524e-07
1.0220e-07
9.8597e-08
9.4447e-08
8.9764e-08
8.4566e-08
7.8880e-08
7.2732e-08
6.6156e-08
5.9190e-08
5.1872e-08
4.4246e-08
3.6353e-08
2.8237e-08
