5.5136e-03
4.0183e-03
3.4195e-03
3.1612e-03
2.8495e-03
2.6830e-03
2.5581e-03
2.4585e-03
2.3761e-03
2.3062e-03
2.2459e-03
2.1929e-03
2.1460e-03
2.1039e-03
2.0658e-03
2.0312e-03
1.9996e-03
1.9705e-03
1.9436e-03
1.9187e-03
1.4302e-03
5.3024e-04
8.2431e-05
4.5337e-05
3.1122e-05
2.1428e-05
1.4912e-05
1.0140e-05
6.5291e-06
3.9001e-06
1.7944e-06
2.7786e-07
0.0000e+00
0.0000e+00
0.0000e+00
0.0000e+00
0.0000e+00
0.0000e+00
0.0000e+00
0.0000e+00
8.8587e-05
5.1046e-05
3.4632e-05
2.4905e-05
1.8079e-05
1.2569e-05
8.7815e-06
5.5055e-06
3.2515e-06
1.3422e-06
3.5912e-07
0.0000e+00
0.0000e+00
0.0000e+00
0.0000e+00
0.0000e+00
0.0000e+00
0.0000e+00
0.0000e+00
0.0000e+00
0.0000e+00
0.0000e+00
0.0000e+00
0.0000e+00
0.0000e+00
0.0000e+00
0.0000e+00
0.0000e+00
0.0000e+00
0.0000e+00
0.0000e+00
0.0000e+00
0.0000e+00
0.0000e+00
0.0000e+00
0.0000e+00
0.0000e+00
0.0000e+00
0.0000e+00
0.0000e+00
1.1130e-07
1.1112e-07
1.1066e-07
1.0982e-07
1.0852e-07
1.0669e-07
1.0431e-07
1.0138e-07
9.7901e-08
9.3868e-08
8.9299e-08
8.4208e-08
7.8616e-08
7.2549e-08
6.6040e-08
5.9125e-08
5.1843e-08
4.4236e-08
3.6349e-08
2.8225e-08
