5.4864e-03
3.9814e-03
3.3719e-03
3.1113e-03
2.7736e-03
2.6050e-03
2.4799e-03
2.3805e-03
2.2987e-03
2.2295e-03
2.1700e-03
2.1179e-03
2.0718e-03
2.0306e-03
1.9935e-03
1.9597e-03
1.9290e-03
1.9011e-03
1.8775e-03
1.8549e-03
1.4049e-03
5.1433e-04
6.9375e-05
4.4785e-05
3.0632e-05
2.0855e-05
1.4478e-05
9.6592e-06
6.1905e-06
3.5288e-06
1.5532e-06
1.8858e-07
0.0000e+00
0.0000e+00
0.0000e+00
0.0000e+00
0.0000e+00
0.0000e+00
0.0000e+00
0.0000e+00
8.8470e-05
5.0947e-05
3.4516e-05
2.4807e-05
1.7965e-05
1.2447e-05
8.6760e-06
5.3954e-06
3.1630e-06
1.2940e-06
2.9661e-07
0.0000e+00
0.0000e+00
0.0000e+00
0.0000e+00
0.0000e+00
0.0000e+00
0.0000e+00
0.0000e+00
0.0000e+00
0.0000e+00
0.0000e+00
0.0000e+00
0.0000e+00
0.0000e+00
0.0000e+00
0.0000e+00
0.0000e+00
0.0000e+00
0.0000e+00
0.0000e+00
0.0000e+00
0.0000e+00
0.0000e+00
0.0000e+00
0.0000e+00
0.0000e+00
0.0000e+00
0.0000e+00
0.0000e+00
1.1291e-07
1.1269e-07
1.1216e-07
1.1119e-07
1.0969e-07
1.0761e-07
1.0493e-07
1.0166e-07
9.7787e-08
9.3341e-08
8.8335e-08
8.2790e-08
7.6730e-08
7.0185e-08
6.3190e-08
5.5782e-08
4.8002e-08
3.9894e-08
3.1502e-08
2.2871e-08
