5.5075e-03
4.0111e-03
3.4112e-03
3.1530e-03
2.8374e-03
2.6708e-03
2.5461e-03
2.4467e-03
2.3645e-03
2.2949e-03
2.2348e-03
2.1821e-03
2.1354e-03
2.0935e-03
2.0556e-03
2.0211e-03
1.9896e-03
1.9606e-03
1.9339e-03
1.9091e-03
1.4244e-03
5.2713e-04
7.7478e-05
4.5255e-05
3.1055e-05
2.1354e-05
1.4863e-05
1.0088e-05
6.4974e-06
3.8659e-06
1.7742e-06
2.7051e-07
0.0000e+00
0.0000e+00
0.0000e+00
0.0000e+00
0.0000e+00
0.0000e+00
0.0000e+00
0.0000e+00
8.8603e-05
5.1054e-05
3.4642e-05
2.4907e-05
1.8082e-05
1.2569e-05
8.7789e-06
5.4998e-06
3.2461e-06
1.3395e-06
3.5285e-07
0.0000e+00
0.0000e+00
0.0000e+00
0.0000e+00
0.0000e+00
0.0000e+00
0.0000e+00
0.0000e+00
0.0000e+00
0.0000e+00
0.0000e+00
0.0000e+00
0.0000e+00
0.0000e+00
0.0000e+00
0.0000e+00
0.0000e+00
0.0000e+00
0.0000e+00
0.0000e+00
0.0000e+00
0.0000e+00
0.0000e+00
0.0000e+00
0.0000e+00
0.0000e+00
0.0000e+00
0.0000e+00
0.0000e+00
1.1127e-07
1.1116e-07
1.1086e-07
1.1025e-07
1.0926e-07
1.0780e-07
1.0582e-07
1.0332e-07
1.0025e-07
9.6635e-08
9.2460e-08
8.7738e-08
8.2482e-08
7.6715e-08
7.0462e-08
6.3757e-08
5.6637e-08
4.9142e-08
4.1314e-08
3.3200e-08
