5.5230e-03
4.0287e-03
3.4335e-03
3.1765e-03
2.8731e-03
2.7074e-03
2.5827e-03
2.4831e-03
2.4006e-03
2.3306e-03
2.2700e-03
2.2169e-03
2.1697e-03
2.1274e-03
2.0891e-03
2.0543e-03
2.0225e-03
1.9932e-03
1.9661e-03
1.9411e-03
1.4389e-03
5.3477e-04
9.0756e-05
4.5635e-05
3.1392e-05
2.1729e-05
1.5162e-05
1.0415e-05
6.7455e-06
4.1381e-06
1.9722e-06
3.8736e-07
0.0000e+00
0.0000e+00
0.0000e+00
0.0000e+00
0.0000e+00
0.0000e+00
0.0000e+00
0.0000e+00
8.8776e-05
5.1205e-05
3.4805e-05
2.5043e-05
1.8237e-05
1.2740e-05
8.9255e-06
5.6643e-06
3.3748e-06
1.4697e-06
4.4523e-07
0.0000e+00
0.0000e+00
0.0000e+00
0.0000e+00
0.0000e+00
0.0000e+00
0.0000e+00
0.0000e+00
0.0000e+00
0.0000e+00
0.0000e+00
0.0000e+00
0.0000e+00
0.0000e+00
0.0000e+00
0.0000e+00
0.0000e+00
0.0000e+00
0.0000e+00
0.0000e+00
0.0000e+00
0.0000e+00
0.0000e+00
0.0000e+00
0.0000e+00
0.0000e+00
0.0000e+00
0.0000e+00
0.0000e+00
1.1098e-07
1.1078e-07
1.1030e-07
1.0943e-07
1.0809e-07
1.0623e-07
1.0383e-07
1.0088e-07
9.7408e-08
9.3408e-08
8.8900e-08
8.3902e-08
7.8439e-08
7.2539e-08
6.6236e-08
5.9567e-08
5.2572e-08
4.5294e-08
3.7775e-08
3.0059e-08
