5.5338e-03
4.0385e-03
3.4420e-03
3.1830e-03
2.8811e-03
2.7143e-03
2.5888e-03
2.4886e-03
2.4056e-03
2.3351e-03
2.2742e-03
2.2208e-03
2.1733e-03
2.1307e-03
2.0922e-03
2.0571e-03
2.0250e-03
1.9954e-03
1.9681e-03
1.9428e-03
1.4489e-03
5.3897e-04
9.5784e-05
4.5612e-05
3.1310e-05
2.1598e-05
1.4995e-05
1.0205e-05
6.5405e-06
3.9011e-06
1.7706e-06
2.5460e-07
0.0000e+00
0.0000e+00
0.0000e+00
0.0000e+00
0.0000e+00
0.0000e+00
0.0000e+00
0.0000e+00
8.8758e-05
5.1185e-05
3.4771e-05
2.4995e-05
1.8156e-05
1.2621e-05
8.7953e-06
5.4977e-06
3.2276e-06
1.3245e-06
3.2948e-07
0.0000e+00
0.0000e+00
0.0000e+00
0.0000e+00
0.0000e+00
0.0000e+00
0.0000e+00
0.0000e+00
0.0000e+00
0.0000e+00
0.0000e+00
0.0000e+00
0.0000e+00
0.0000e+00
0.0000e+00
0.0000e+00
0.0000e+00
0.0000e+00
0.0000e+00
0.0000e+00
0.0000e+00
0.0000e+00
0.0000e+00
0.0000e+00
0.0000e+00
0.0000e+00
0.0000e+00
0.0000e+00
0.0000e+00
1.0958e-07
1.0939e-07
1.0893e-07
1.0810e-07
1.0681e-07
1.0501e-07
1.0269e-07
9.9832e-08
9.6444e-08
9.2535e-08
8.8118e-08
8.3212e-08
7.7842e-08
7.2035e-08
6.5828e-08
5.9258e-08
5.2366e-08
4.5195e-08
3.7788e-08
3.0190e-08
