5.5185e-03
4.0137e-03
3.4081e-03
3.1463e-03
2.8240e-03
2.6551e-03
2.5290e-03
2.4287e-03
2.3459e-03
2.2758e-03
2.2153e-03
2.1623e-03
2.1152e-03
2.0730e-03
2.0349e-03
2.0002e-03
1.9684e-03
1.9392e-03
1.9122e-03
1.8887e-03
1.4347e-03
5.2839e-04
7.5659e-05
4.5485e-05
3.1230e-05
2.1486e-05
1.4973e-05
1.0175e-05
6.5735e-06
3.9303e-06
1.8338e-06
3.0830e-07
0.0000e+00
0.0000e+00
0.0000e+00
0.0000e+00
0.0000e+00
0.0000e+00
0.0000e+00
0.0000e+00
8.8954e-05
5.1341e-05
3.4953e-05
2.5138e-05
1.8336e-05
1.2826e-05
8.9701e-06
5.6947e-06
3.3758e-06
1.4574e-06
4.2271e-07
0.0000e+00
0.0000e+00
0.0000e+00
0.0000e+00
0.0000e+00
0.0000e+00
0.0000e+00
0.0000e+00
0.0000e+00
0.0000e+00
0.0000e+00
0.0000e+00
0.0000e+00
0.0000e+00
0.0000e+00
0.0000e+00
0.0000e+00
0.0000e+00
0.0000e+00
0.0000e+00
0.0000e+00
0.0000e+00
0.0000e+00
0.0000e+00
0.0000e+00
0.0000e+00
0.0000e+00
0.0000e+00
0.0000e+00
1.1325e-07
1.1313e-07
1.1281e-07
1.1221e-07
1.1122e-07
1.0979e-07
1.0786e-07
1.0542e-07
1.0245e-07
9.8948e-08
9.4914e-08
9.0361e-08
8.5305e-08
7.9768e-08
7.3778e-08
6.7369e-08
6.0577e-08
5.3442e-08
4.6007e-08
3.8315e-08
