5.5130e-03
4.0174e-03
3.4177e-03
3.1590e-03
2.8459e-03
2.6791e-03
2.5542e-03
2.4546e-03
2.3724e-03
2.3027e-03
2.2425e-03
2.1898e-03
2.1430e-03
2.1011e-03
2.0633e-03
2.0289e-03
1.9974e-03
1.9685e-03
1.9418e-03
1.9171e-03
1.4296e-03
5.2981e-04
8.1341e-05
4.5268e-05
3.1050e-05
2.1342e-05
1.4831e-05
1.0047e-05
6.4481e-06
3.8092e-06
1.7208e-06
2.4036e-07
0.0000e+00
0.0000e+00
0.0000e+00
0.0000e+00
0.0000e+00
0.0000e+00
0.0000e+00
0.0000e+00
8.8521e-05
5.0994e-05
3.4570e-05
2.4856e-05
1.8016e-05
1.2495e-05
8.7170e-06
5.4299e-06
3.1918e-06
1.3135e-06
3.1613e-07
0.0000e+00
0.0000e+00
0.0000e+00
0.0000e+00
0.0000e+00
0.0000e+00
0.0000e+00
0.0000e+00
0.0000e+00
0.0000e+00
0.0000e+00
0.0000e+00
0.0000e+00
0.0000e+00
0.0000e+00
0.0000e+00
0.0000e+00
0.0000e+00
0.0000e+00
0.0000e+00
0.0000e+00
0.0000e+00
0.0000e+00
0.0000e+00
0.0000e+00
0.0000e+00
0.0000e+00
0.0000e+00
0.0000e+00
1.0353e-07
1.0339e-07
1.0302e-07
1.0231e-07
1.0118e-07
9.9580e-08
9.7474e-08
9.4856e-08
9.1725e-08
8.8090e-08
8.3961e-08
7.9357e-08
7.4297e-08
6.8808e-08
6.2922e-08
5.6672e-08
5.0097e-08
4.3237e-08
3.6131e-08
2.8823e-08
