5.5178e-03
4.0226e-03
3.4205e-03
3.1574e-03
2.8373e-03
2.6655e-03
2.5366e-03
2.4339e-03
2.3492e-03
2.2774e-03
2.2156e-03
2.1615e-03
2.1135e-03
2.0706e-03
2.0319e-03
1.9967e-03
1.9645e-03
1.9350e-03
1.9078e-03
1.8845e-03
1.4341e-03
5.3208e-04
8.3046e-05
4.5350e-05
3.1112e-05
2.1386e-05
1.4872e-05
1.0074e-05
6.4763e-06
3.8251e-06
1.7392e-06
2.5430e-07
0.0000e+00
0.0000e+00
0.0000e+00
0.0000e+00
0.0000e+00
0.0000e+00
0.0000e+00
0.0000e+00
8.8615e-05
5.1066e-05
3.4659e-05
2.4925e-05
1.8102e-05
1.2590e-05
8.7951e-06
5.5129e-06
3.2510e-06
1.3381e-06
3.4722e-07
0.0000e+00
0.0000e+00
0.0000e+00
0.0000e+00
0.0000e+00
0.0000e+00
0.0000e+00
0.0000e+00
0.0000e+00
0.0000e+00
0.0000e+00
0.0000e+00
0.0000e+00
0.0000e+00
0.0000e+00
0.0000e+00
0.0000e+00
0.0000e+00
0.0000e+00
0.0000e+00
0.0000e+00
0.0000e+00
0.0000e+00
0.0000e+00
0.0000e+00
0.0000e+00
0.0000e+00
0.0000e+00
0.0000e+00
1.1021e-07
1.1011e-07
1.0983e-07
1.0926e-07
1.0829e-07
1.0686e-07
1.0493e-07
1.0246e-07
9.9438e-08
9.5867e-08
9.1745e-08
8.7083e-08
8.1895e-08
7.6204e-08
7.0037e-08
6.3427e-08
5.6412e-08
4.9031e-08
4.1328e-08
3.3346e-08
