5.5044e-03
3.9988e-03
3.3917e-03
3.1310e-03
2.8028e-03
2.6347e-03
2.5095e-03
2.4101e-03
2.3281e-03
2.2588e-03
2.1990e-03
2.1467e-03
2.1004e-03
2.0589e-03
2.0216e-03
1.9876e-03
1.9566e-03
1.9281e-03
1.9020e-03
1.8801e-03
1.4215e-03
5.2191e-04
6.9780e-05
4.5201e-05
3.0992e-05
2.1239e-05
1.4785e-05
9.9850e-06
6.4396e-06
3.7961e-06
1.7482e-06
2.7744e-07
0.0000e+00
0.0000e+00
0.0000e+00
0.0000e+00
0.0000e+00
0.0000e+00
0.0000e+00
0.0000e+00
8.8760e-05
5.1187e-05
3.4779e-05
2.5011e-05
1.8195e-05
1.2688e-05
8.8681e-06
5.5995e-06
3.3127e-06
1.4016e-06
3.9325e-07
0.0000e+00
0.0000e+00
0.0000e+00
0.0000e+00
0.0000e+00
0.0000e+00
0.0000e+00
0.0000e+00
0.0000e+00
0.0000e+00
0.0000e+00
0.0000e+00
0.0000e+00
0.0000e+00
0.0000e+00
0.0000e+00
0.0000e+00
0.0000e+00
0.0000e+00
0.0000e+00
0.0000e+00
0.0000e+00
0.0000e+00
0.0000e+00
0.0000e+00
0.0000e+00
0.0000e+00
0.0000e+00
0.0000e+00
1.1222e-07
1.1203e-07
1.1158e-07
1.1073e-07
1.0941e-07
1.0758e-07
1.0520e-07
1.0228e-07
9.8825e-08
9.4843e-08
9.0351e-08
8.5366e-08
7.9911e-08
7.4014e-08
6.7705e-08
6.1019e-08
5.3994e-08
4.6669e-08
3.9086e-08
3.1287e-08
