5.5044e-03
3.9987e-03
3.3916e-03
3.1310e-03
2.8028e-03
2.6348e-03
2.5097e-03
2.4103e-03
2.3282e-03
2.2587e-03
2.1988e-03
2.1463e-03
2.0998e-03
2.0581e-03
2.0204e-03
1.9862e-03
1.9550e-03
1.9262e-03
1.9001e-03
1.8778e-03
1.4216e-03
5.2190e-04
6.9790e-05
4.5212e-05
3.1002e-05
2.1249e-05
1.4795e-05
9.9943e-06
6.4470e-06
3.8029e-06
1.7524e-06
2.7845e-07
0.0000e+00
0.0000e+00
0.0000e+00
0.0000e+00
0.0000e+00
0.0000e+00
0.0000e+00
0.0000e+00
8.8797e-05
5.1213e-05
3.4812e-05
2.5030e-05
1.8218e-05
1.2711e-05
8.8828e-06
5.6123e-06
3.3197e-06
1.4063e-06
3.9464e-07
0.0000e+00
0.0000e+00
0.0000e+00
0.0000e+00
0.0000e+00
0.0000e+00
0.0000e+00
0.0000e+00
0.0000e+00
0.0000e+00
0.0000e+00
0.0000e+00
0.0000e+00
0.0000e+00
0.0000e+00
0.0000e+00
0.0000e+00
0.0000e+00
0.0000e+00
0.0000e+00
0.0000e+00
0.0000e+00
0.0000e+00
0.0000e+00
0.0000e+00
0.0000e+00
0.0000e+00
0.0000e+00
0.0000e+00
1.1894e-07
1.1878e-07
1.1833e-07
1.1749e-07
1.1614e-07
1.1423e-07
1.1174e-07
1.0864e-07
1.0495e-07
1.0066e-07
9.5793e-08
9.0357e-08
8.4376e-08
7.7879e-08
7.0895e-08
6.3464e-08
5.5625e-08
4.7423e-08
3.8902e-08
3.0110e-08
