5.4982e-03
3.9916e-03
3.3830e-03
3.1223e-03
2.7900e-03
2.6219e-03
2.4969e-03
2.3975e-03
2.3156e-03
2.2464e-03
2.1866e-03
2.1343e-03
2.0879e-03
2.0464e-03
2.0089e-03
1.9748e-03
1.9436e-03
1.9150e-03
1.8901e-03
1.8675e-03
1.4158e-03
5.1880e-04
6.9648e-05
4.5055e-05
3.0860e-05
2.1089e-05
1.4660e-05
9.8439e-06
6.3250e-06
3.6665e-06
1.6466e-06
2.2672e-07
0.0000e+00
0.0000e+00
0.0000e+00
0.0000e+00
0.0000e+00
0.0000e+00
0.0000e+00
0.0000e+00
8.8686e-05
5.1125e-05
3.4708e-05
2.4952e-05
1.8121e-05
1.2602e-05
8.7922e-06
5.5090e-06
3.2400e-06
1.3268e-06
3.3787e-07
0.0000e+00
0.0000e+00
0.0000e+00
0.0000e+00
0.0000e+00
0.0000e+00
0.0000e+00
0.0000e+00
0.0000e+00
0.0000e+00
0.0000e+00
0.0000e+00
0.0000e+00
0.0000e+00
0.0000e+00
0.0000e+00
0.0000e+00
0.0000e+00
0.0000e+00
0.0000e+00
0.0000e+00
0.0000e+00
0.0000e+00
0.0000e+00
0.0000e+00
0.0000e+00
0.0000e+00
0.0000e+00
0.0000e+00
1.1125e-07
1.1106e-07
1.1057e-07
1.0969e-07
1.0832e-07
1.0641e-07
1.0394e-07
1.0091e-07
9.7316e-08
9.3175e-08
8.8499e-08
8.3307e-08
7.7623e-08
7.1478e-08
6.4905e-08
5.7943e-08
5.0634e-08
4.3019e-08
3.5145e-08
2.7056e-08
