5.5122e-03
4.0193e-03
3.4220e-03
3.1643e-03
2.8545e-03
2.6882e-03
2.5634e-03
2.4638e-03
2.3815e-03
2.3117e-03
2.2514e-03
2.1986e-03
2.1518e-03
2.1098e-03
2.0719e-03
2.0375e-03
2.0060e-03
1.9770e-03
1.9503e-03
1.9256e-03
1.4289e-03
5.3065e-04
8.3914e-05
4.5286e-05
3.1076e-05
2.1386e-05
1.4869e-05
1.0096e-05
6.4869e-06
3.8565e-06
1.7572e-06
2.5816e-07
0.0000e+00
0.0000e+00
0.0000e+00
0.0000e+00
0.0000e+00
0.0000e+00
0.0000e+00
0.0000e+00
8.8525e-05
5.0991e-05
3.4575e-05
2.4857e-05
1.8026e-05
1.2513e-05
8.7334e-06
5.4546e-06
3.2126e-06
1.3239e-06
3.3473e-07
0.0000e+00
0.0000e+00
0.0000e+00
0.0000e+00
0.0000e+00
0.0000e+00
0.0000e+00
0.0000e+00
0.0000e+00
0.0000e+00
0.0000e+00
0.0000e+00
0.0000e+00
0.0000e+00
0.0000e+00
0.0000e+00
0.0000e+00
0.0000e+00
0.0000e+00
0.0000e+00
0.0000e+00
0.0000e+00
0.0000e+00
0.0000e+00
0.0000e+00
0.0000e+00
0.0000e+00
0.0000e+00
0.0000e+00
1.1305e-07
1.1238e-07
1.1121e-07
1.0956e-07
1.0746e-07
1.0493e-07
1.0200e-07
9.8659e-08
9.4902e-08
9.0726e-08
8.6128e-08
8.1110e-08
7.5681e-08
6.9856e-08
6.3657e-08
5.7111e-08
5.0252e-08
4.3114e-08
3.5737e-08
2.8158e-08
