5.5077e-03
4.0022e-03
3.3950e-03
3.1335e-03
2.8052e-03
2.6361e-03
2.5101e-03
2.4098e-03
2.3272e-03
2.2572e-03
2.1969e-03
2.1441e-03
2.0973e-03
2.0554e-03
2.0176e-03
1.9833e-03
1.9519e-03
1.9231e-03
1.8972e-03
1.8748e-03
1.4246e-03
5.2340e-04
6.9836e-05
4.5258e-05
3.1038e-05
2.1284e-05
1.4820e-05
1.0019e-05
6.4656e-06
3.8212e-06
1.7666e-06
2.8588e-07
0.0000e+00
0.0000e+00
0.0000e+00
0.0000e+00
0.0000e+00
0.0000e+00
0.0000e+00
0.0000e+00
8.8809e-05
5.1224e-05
3.4825e-05
2.5042e-05
1.8232e-05
1.2726e-05
8.8970e-06
5.6282e-06
3.3326e-06
1.4208e-06
4.0376e-07
0.0000e+00
0.0000e+00
0.0000e+00
0.0000e+00
0.0000e+00
0.0000e+00
0.0000e+00
0.0000e+00
0.0000e+00
0.0000e+00
0.0000e+00
0.0000e+00
0.0000e+00
0.0000e+00
0.0000e+00
0.0000e+00
0.0000e+00
0.0000e+00
0.0000e+00
0.0000e+00
0.0000e+00
0.0000e+00
0.0000e+00
0.0000e+00
0.0000e+00
0.0000e+00
0.0000e+00
0.0000e+00
0.0000e+00
1.1052e-07
1.1039e-07
1.1005e-07
1.0939e-07
1.0834e-07
1.0683e-07
1.0482e-07
1.0230e-07
9.9251e-08
9.5679e-08
9.1589e-08
8.6992e-08
8.1904e-08
7.6346e-08
7.0344e-08
6.3928e-08
5.7133e-08
4.9995e-08
4.2554e-08
3.4849e-08
