5.4976e-03
3.9896e-03
3.3797e-03
3.1185e-03
2.7839e-03
2.6153e-03
2.4898e-03
2.3902e-03
2.3080e-03
2.2384e-03
2.1785e-03
2.1260e-03
2.0795e-03
2.0378e-03
2.0003e-03
1.9662e-03
1.9351e-03
1.9065e-03
1.8825e-03
1.8597e-03
1.4153e-03
5.1793e-04
6.9646e-05
4.5045e-05
3.0853e-05
2.1078e-05
1.4660e-05
9.8453e-06
6.3360e-06
3.6802e-06
1.6645e-06
2.3889e-07
0.0000e+00
0.0000e+00
0.0000e+00
0.0000e+00
0.0000e+00
0.0000e+00
0.0000e+00
0.0000e+00
8.8738e-05
5.1161e-05
3.4752e-05
2.4980e-05
1.8155e-05
1.2637e-05
8.8191e-06
5.5375e-06
3.2620e-06
1.3386e-06
3.5272e-07
0.0000e+00
0.0000e+00
0.0000e+00
0.0000e+00
0.0000e+00
0.0000e+00
0.0000e+00
0.0000e+00
0.0000e+00
0.0000e+00
0.0000e+00
0.0000e+00
0.0000e+00
0.0000e+00
0.0000e+00
0.0000e+00
0.0000e+00
0.0000e+00
0.0000e+00
0.0000e+00
0.0000e+00
0.0000e+00
0.0000e+00
0.0000e+00
0.0000e+00
0.0000e+00
0.0000e+00
0.0000e+00
0.0000e+00
1.1078e-07
1.1066e-07
1.1035e-07
1.0974e-07
1.0873e-07
1.0727e-07
1.0531e-07
1.0282e-07
9.9794e-08
9.6227e-08
9.2124e-08
8.7495e-08
8.2357e-08
7.6733e-08
7.0649e-08
6.4139e-08
5.7239e-08
4.9986e-08
4.2423e-08
3.4590e-08
