5.5202e-03
4.0245e-03
3.4261e-03
3.1675e-03
2.8584e-03
2.6917e-03
2.5665e-03
2.4665e-03
2.3838e-03
2.3136e-03
2.2529e-03
2.1997e-03
2.1525e-03
2.1101e-03
2.0719e-03
2.0370e-03
2.0051e-03
1.9758e-03
1.9488e-03
1.9237e-03
1.4363e-03
5.3294e-04
8.6389e-05
4.5443e-05
3.1202e-05
2.1504e-05
1.4960e-05
1.0183e-05
6.5496e-06
3.9155e-06
1.7948e-06
2.7120e-07
0.0000e+00
0.0000e+00
0.0000e+00
0.0000e+00
0.0000e+00
0.0000e+00
0.0000e+00
0.0000e+00
8.8658e-05
5.1103e-05
3.4691e-05
2.4946e-05
1.8116e-05
1.2595e-05
8.7933e-06
5.5054e-06
3.2454e-06
1.3380e-06
3.4683e-07
0.0000e+00
0.0000e+00
0.0000e+00
0.0000e+00
0.0000e+00
0.0000e+00
0.0000e+00
0.0000e+00
0.0000e+00
0.0000e+00
0.0000e+00
0.0000e+00
0.0000e+00
0.0000e+00
0.0000e+00
0.0000e+00
0.0000e+00
0.0000e+00
0.0000e+00
0.0000e+00
0.0000e+00
0.0000e+00
0.0000e+00
0.0000e+00
0.0000e+00
0.0000e+00
0.0000e+00
0.0000e+00
0.0000e+00
1.0580e-07
1.0568e-07
1.0537e-07
1.0477e-07
1.0378e-07
1.0234e-07
1.0041e-07
9.7973e-08
9.5016e-08
9.1537e-08
8.7544e-08
8.3048e-08
7.8069e-08
7.2630e-08
6.6762e-08
6.0500e-08
5.3882e-08
4.6949e-08
3.9743e-08
3.2306e-08
