5.5195e-03
4.0242e-03
3.4261e-03
3.1678e-03
2.8594e-03
2.6931e-03
2.5685e-03
2.4691e-03
2.3869e-03
2.3172e-03
2.2571e-03
2.2043e-03
2.1575e-03
2.1155e-03
2.0776e-03
2.0431e-03
2.0116e-03
1.9826e-03
1.9558e-03
1.9311e-03
1.4356e-03
5.3280e-04
8.6367e-05
4.5430e-05
3.1194e-05
2.1500e-05
1.4958e-05
1.0185e-05
6.5524e-06
3.9218e-06
1.7998e-06
2.7318e-07
0.0000e+00
0.0000e+00
0.0000e+00
0.0000e+00
0.0000e+00
0.0000e+00
0.0000e+00
0.0000e+00
8.8641e-05
5.1089e-05
3.4676e-05
2.4935e-05
1.8104e-05
1.2583e-05
8.7854e-06
5.4982e-06
3.2414e-06
1.3371e-06
3.4611e-07
0.0000e+00
0.0000e+00
0.0000e+00
0.0000e+00
0.0000e+00
0.0000e+00
0.0000e+00
0.0000e+00
0.0000e+00
0.0000e+00
0.0000e+00
0.0000e+00
0.0000e+00
0.0000e+00
0.0000e+00
0.0000e+00
0.0000e+00
0.0000e+00
0.0000e+00
0.0000e+00
0.0000e+00
0.0000e+00
0.0000e+00
0.0000e+00
0.0000e+00
0.0000e+00
0.0000e+00
0.0000e+00
0.0000e+00
1.0570e-07
1.0562e-07
1.0536e-07
1.0483e-07
1.0391e-07
1.0255e-07
1.0069e-07
9.8324e-08
9.5436e-08
9.2027e-08
8.8104e-08
8.3679e-08
7.8773e-08
7.3409e-08
6.7619e-08
6.1436e-08
5.4899e-08
4.8049e-08
4.0928e-08
3.3579e-08
