5.5083e-03
4.0015e-03
3.3935e-03
3.1318e-03
2.8028e-03
2.6339e-03
2.5081e-03
2.4082e-03
2.3259e-03
2.2562e-03
2.1962e-03
2.1436e-03
2.0970e-03
2.0553e-03
2.0176e-03
1.9834e-03
1.9521e-03
1.9234e-03
1.8975e-03
1.8752e-03
1.4251e-03
5.2310e-04
6.9862e-05
4.5274e-05
3.1049e-05
2.1288e-05
1.4823e-05
1.0018e-05
6.4641e-06
3.8170e-06
1.7630e-06
2.8426e-07
0.0000e+00
0.0000e+00
0.0000e+00
0.0000e+00
0.0000e+00
0.0000e+00
0.0000e+00
0.0000e+00
8.8843e-05
5.1254e-05
3.4854e-05
2.5065e-05
1.8254e-05
1.2746e-05
8.9106e-06
5.6399e-06
3.3386e-06
1.4254e-06
4.0474e-07
0.0000e+00
0.0000e+00
0.0000e+00
0.0000e+00
0.0000e+00
0.0000e+00
0.0000e+00
0.0000e+00
0.0000e+00
0.0000e+00
0.0000e+00
0.0000e+00
0.0000e+00
0.0000e+00
0.0000e+00
0.0000e+00
0.0000e+00
0.0000e+00
0.0000e+00
0.0000e+00
0.0000e+00
0.0000e+00
0.0000e+00
0.0000e+00
0.0000e+00
0.0000e+00
0.0000e+00
0.0000e+00
0.0000e+00
1.1152e-07
1.1135e-07
1.1093e-07
1.1015e-07
1.0894e-07
1.0723e-07
1.0499e-07
1.0222e-07
9.8908e-08
9.5064e-08
9.0699e-08
8.5829e-08
8.0474e-08
7.4659e-08
6.8415e-08
6.1776e-08
5.4779e-08
4.7464e-08
3.9871e-08
3.2043e-08
