5.5923e-03
4.0370e-03
3.4231e-03
3.1588e-03
2.8261e-03
2.6548e-03
2.5272e-03
2.4259e-03
2.3425e-03
2.2719e-03
2.2110e-03
2.1578e-03
2.1105e-03
2.0683e-03
2.0301e-03
1.9954e-03
1.9637e-03
1.9345e-03
1.9093e-03
1.8862e-03
1.4460e-03
5.2626e-04
6.9730e-05
4.5124e-05
3.0891e-05
2.1095e-05
1.4633e-05
9.7904e-06
6.2589e-06
3.5779e-06
1.5649e-06
1.8209e-07
0.0000e+00
0.0000e+00
0.0000e+00
0.0000e+00
0.0000e+00
0.0000e+00
0.0000e+00
0.0000e+00
8.8638e-05
5.1090e-05
3.4671e-05
2.4926e-05
1.8088e-05
1.2560e-05
8.7500e-06
5.4542e-06
3.1897e-06
1.2987e-06
2.9406e-07
0.0000e+00
0.0000e+00
0.0000e+00
0.0000e+00
0.0000e+00
0.0000e+00
0.0000e+00
0.0000e+00
0.0000e+00
0.0000e+00
0.0000e+00
0.0000e+00
0.0000e+00
0.0000e+00
0.0000e+00
0.0000e+00
0.0000e+00
0.0000e+00
0.0000e+00
0.0000e+00
0.0000e+00
0.0000e+00
0.0000e+00
0.0000e+00
0.0000e+00
0.0000e+00
0.0000e+00
0.0000e+00
0.0000e+00
1.0747e-07
1.0728e-07
1.0683e-07
1.0599e-07
1.0468e-07
1.0285e-07
1.0046e-07
9.7524e-08
9.4029e-08
8.9989e-08
8.5419e-08
8.0335e-08
7.4760e-08
6.8723e-08
6.2256e-08
5.5396e-08
4.8182e-08
4.0658e-08
3.2867e-08
2.4853e-08
