5.5040e-03
4.0043e-03
3.4021e-03
3.1440e-03
2.8246e-03
2.6585e-03
2.5345e-03
2.4357e-03
2.3542e-03
2.2852e-03
2.2255e-03
2.1733e-03
2.1270e-03
2.0855e-03
2.0480e-03
2.0139e-03
1.9827e-03
1.9540e-03
1.9276e-03
1.9031e-03
1.4212e-03
5.2423e-04
7.2080e-05
4.5172e-05
3.0965e-05
2.1232e-05
1.4751e-05
9.9535e-06
6.3842e-06
3.7355e-06
1.6728e-06
2.2173e-07
0.0000e+00
0.0000e+00
0.0000e+00
0.0000e+00
0.0000e+00
0.0000e+00
0.0000e+00
0.0000e+00
8.8630e-05
5.1075e-05
3.4657e-05
2.4909e-05
1.8070e-05
1.2540e-05
8.7387e-06
5.4430e-06
3.1914e-06
1.3084e-06
3.0571e-07
0.0000e+00
0.0000e+00
0.0000e+00
0.0000e+00
0.0000e+00
0.0000e+00
0.0000e+00
0.0000e+00
0.0000e+00
0.0000e+00
0.0000e+00
0.0000e+00
0.0000e+00
0.0000e+00
0.0000e+00
0.0000e+00
0.0000e+00
0.0000e+00
0.0000e+00
0.0000e+00
0.0000e+00
0.0000e+00
0.0000e+00
0.0000e+00
0.0000e+00
0.0000e+00
0.0000e+00
0.0000e+00
0.0000e+00
1.0835e-07
1.0826e-07
1.0800e-07
1.0744e-07
1.0651e-07
1.0512e-07
1.0323e-07
1.0081e-07
9.7858e-08
9.4365e-08
9.0337e-08
8.5785e-08
8.0725e-08
7.5183e-08
6.9186e-08
6.2770e-08
5.5972e-08
4.8834e-08
4.1398e-08
3.3709e-08
