5.4916e-03
3.9852e-03
3.3750e-03
3.1135e-03
2.7759e-03
2.6067e-03
2.4810e-03
2.3811e-03
2.2988e-03
2.2291e-03
2.1691e-03
2.1165e-03
2.0700e-03
2.0283e-03
1.9907e-03
1.9565e-03
1.9253e-03
1.8974e-03
1.8733e-03
1.8503e-03
1.4098e-03
5.1601e-04
6.9496e-05
4.4896e-05
3.0722e-05
2.0939e-05
1.4544e-05
9.7205e-06
6.2350e-06
3.5688e-06
1.5776e-06
1.9596e-07
0.0000e+00
0.0000e+00
0.0000e+00
0.0000e+00
0.0000e+00
0.0000e+00
0.0000e+00
0.0000e+00
8.8604e-05
5.1051e-05
3.4631e-05
2.4889e-05
1.8051e-05
1.2527e-05
8.7314e-06
5.4423e-06
3.1910e-06
1.3050e-06
3.0438e-07
0.0000e+00
0.0000e+00
0.0000e+00
0.0000e+00
0.0000e+00
0.0000e+00
0.0000e+00
0.0000e+00
0.0000e+00
0.0000e+00
0.0000e+00
0.0000e+00
0.0000e+00
0.0000e+00
0.0000e+00
0.0000e+00
0.0000e+00
0.0000e+00
0.0000e+00
0.0000e+00
0.0000e+00
0.0000e+00
0.0000e+00
0.0000e+00
0.0000e+00
0.0000e+00
0.0000e+00
0.0000e+00
0.0000e+00
1.0986e-07
1.0975e-07
1.0944e-07
1.0884e-07
1.0785e-07
1.0640e-07
1.0444e-07
1.0196e-07
9.8926e-08
9.5352e-08
9.1235e-08
8.6585e-08
8.1419e-08
7.5759e-08
6.9631e-08
6.3067e-08
5.6106e-08
4.8785e-08
4.1147e-08
3.3234e-08
