5.4968e-03
3.9890e-03
3.3792e-03
3.1181e-03
2.7832e-03
2.6145e-03
2.4891e-03
2.3893e-03
2.3070e-03
2.2374e-03
2.1773e-03
2.1247e-03
2.0781e-03
2.0363e-03
1.9987e-03
1.9644e-03
1.9332e-03
1.9045e-03
1.8805e-03
1.8576e-03
1.4146e-03
5.1769e-04
6.9626e-05
4.5026e-05
3.0837e-05
2.1062e-05
1.4647e-05
9.8334e-06
6.3281e-06
3.6732e-06
1.6625e-06
2.4091e-07
0.0000e+00
0.0000e+00
0.0000e+00
0.0000e+00
0.0000e+00
0.0000e+00
0.0000e+00
0.0000e+00
8.8706e-05
5.1138e-05
3.4727e-05
2.4964e-05
1.8141e-05
1.2627e-05
8.8147e-06
5.5391e-06
3.2651e-06
1.3474e-06
3.5871e-07
0.0000e+00
0.0000e+00
0.0000e+00
0.0000e+00
0.0000e+00
0.0000e+00
0.0000e+00
0.0000e+00
0.0000e+00
0.0000e+00
0.0000e+00
0.0000e+00
0.0000e+00
0.0000e+00
0.0000e+00
0.0000e+00
0.0000e+00
0.0000e+00
0.0000e+00
0.0000e+00
0.0000e+00
0.0000e+00
0.0000e+00
0.0000e+00
0.0000e+00
0.0000e+00
0.0000e+00
0.0000e+00
0.0000e+00
1.1363e-07
1.1344e-07
1.1299e-07
1.1215e-07
1.1083e-07
1.0899e-07
1.0658e-07
1.0362e-07
1.0009e-07
9.6001e-08
9.1375e-08
8.6225e-08
8.0573e-08
7.4446e-08
6.7877e-08
6.0900e-08
5.3555e-08
4.5883e-08
3.7925e-08
2.9727e-08
