5.5038e-03
3.9961e-03
3.3878e-03
3.1271e-03
2.7972e-03
2.6294e-03
2.5045e-03
2.4052e-03
2.3233e-03
2.2539e-03
2.1941e-03
2.1417e-03
2.0952e-03
2.0536e-03
2.0160e-03
1.9818e-03
1.9506e-03
1.9219e-03
1.8961e-03
1.8737e-03
1.4210e-03
5.2077e-04
6.9783e-05
4.5192e-05
3.0984e-05
2.1224e-05
1.4779e-05
9.9775e-06
6.4399e-06
3.7976e-06
1.7558e-06
2.8516e-07
0.0000e+00
0.0000e+00
0.0000e+00
0.0000e+00
0.0000e+00
0.0000e+00
0.0000e+00
0.0000e+00
8.8801e-05
5.1219e-05
3.4815e-05
2.5035e-05
1.8223e-05
1.2717e-05
8.8904e-06
5.6247e-06
3.3310e-06
1.4236e-06
4.0627e-07
0.0000e+00
0.0000e+00
0.0000e+00
0.0000e+00
0.0000e+00
0.0000e+00
0.0000e+00
0.0000e+00
0.0000e+00
0.0000e+00
0.0000e+00
0.0000e+00
0.0000e+00
0.0000e+00
0.0000e+00
0.0000e+00
0.0000e+00
0.0000e+00
0.0000e+00
0.0000e+00
0.0000e+00
0.0000e+00
0.0000e+00
0.0000e+00
0.0000e+00
0.0000e+00
0.0000e+00
0.0000e+00
0.0000e+00
1.1725e-07
1.1701e-07
1.1644e-07
1.1540e-07
1.1383e-07
1.1167e-07
1.0891e-07
1.0554e-07
1.0158e-07
9.7036e-08
9.1936e-08
8.6298e-08
8.0149e-08
7.3519e-08
6.6444e-08
5.8961e-08
5.1113e-08
4.2943e-08
3.4494e-08
2.5812e-08
