5.5079e-03
4.0016e-03
3.3951e-03
3.1349e-03
2.8093e-03
2.6419e-03
2.5173e-03
2.4183e-03
2.3367e-03
2.2676e-03
2.2080e-03
2.1559e-03
2.1097e-03
2.0683e-03
2.0309e-03
1.9970e-03
1.9660e-03
1.9375e-03
1.9112e-03
1.8884e-03
1.4248e-03
5.2317e-04
6.9875e-05
4.5295e-05
3.1072e-05
2.1320e-05
1.4846e-05
1.0045e-05
6.4786e-06
3.8330e-06
1.7655e-06
2.7791e-07
0.0000e+00
0.0000e+00
0.0000e+00
0.0000e+00
0.0000e+00
0.0000e+00
0.0000e+00
0.0000e+00
8.8862e-05
5.1266e-05
3.4867e-05
2.5070e-05
1.8255e-05
1.2738e-05
8.8987e-06
5.6181e-06
3.3196e-06
1.3972e-06
3.8755e-07
0.0000e+00
0.0000e+00
0.0000e+00
0.0000e+00
0.0000e+00
0.0000e+00
0.0000e+00
0.0000e+00
0.0000e+00
0.0000e+00
0.0000e+00
0.0000e+00
0.0000e+00
0.0000e+00
0.0000e+00
0.0000e+00
0.0000e+00
0.0000e+00
0.0000e+00
0.0000e+00
0.0000e+00
0.0000e+00
0.0000e+00
0.0000e+00
0.0000e+00
0.0000e+00
0.0000e+00
0.0000e+00
0.0000e+00
1.0939e-07
1.0927e-07
1.0896e-07
1.0836e-07
1.0738e-07
1.0596e-07
1.0405e-07
1.0163e-07
9.8700e-08
9.5250e-08
9.1288e-08
8.6827e-08
8.1884e-08
7.6484e-08
7.0654e-08
6.4428e-08
5.7844e-08
5.0940e-08
4.3758e-08
3.6339e-08
