5.5096e-03
4.0148e-03
3.4156e-03
3.1574e-03
2.8444e-03
2.6781e-03
2.5536e-03
2.4544e-03
2.3724e-03
2.3028e-03
2.2428e-03
2.1902e-03
2.1435e-03
2.1017e-03
2.0639e-03
2.0295e-03
1.9980e-03
1.9692e-03
1.9425e-03
1.9178e-03
1.4265e-03
5.2869e-04
8.0072e-05
4.5201e-05
3.0997e-05
2.1294e-05
1.4793e-05
1.0011e-05
6.4198e-06
3.7805e-06
1.6963e-06
2.2554e-07
0.0000e+00
0.0000e+00
0.0000e+00
0.0000e+00
0.0000e+00
0.0000e+00
0.0000e+00
0.0000e+00
8.8479e-05
5.0954e-05
3.4528e-05
2.4821e-05
1.7975e-05
1.2448e-05
8.6782e-06
5.3844e-06
3.1584e-06
1.2996e-06
2.9294e-07
0.0000e+00
0.0000e+00
0.0000e+00
0.0000e+00
0.0000e+00
0.0000e+00
0.0000e+00
0.0000e+00
0.0000e+00
0.0000e+00
0.0000e+00
0.0000e+00
0.0000e+00
0.0000e+00
0.0000e+00
0.0000e+00
0.0000e+00
0.0000e+00
0.0000e+00
0.0000e+00
0.0000e+00
0.0000e+00
0.0000e+00
0.0000e+00
0.0000e+00
0.0000e+00
0.0000e+00
0.0000e+00
0.0000e+00
1.0633e-07
1.0622e-07
1.0591e-07
1.0529e-07
1.0429e-07
1.0283e-07
1.0087e-07
9.8394e-08
9.5390e-08
9.1857e-08
8.7802e-08
8.3235e-08
7.8177e-08
7.2650e-08
6.6685e-08
6.0318e-08
5.3588e-08
4.6535e-08
3.9203e-08
3.1636e-08
