5.5336e-03
4.0439e-03
3.4514e-03
3.1934e-03
2.8967e-03
2.7300e-03
2.6043e-03
2.5037e-03
2.4205e-03
2.3498e-03
2.2887e-03
2.2351e-03
2.1876e-03
2.1449e-03
2.1064e-03
2.0713e-03
2.0391e-03
2.0096e-03
1.9823e-03
1.9571e-03
1.4487e-03
5.4128e-04
1.0144e-04
4.5756e-05
3.1483e-05
2.1831e-05
1.5216e-05
1.0466e-05
6.7596e-06
4.1464e-06
1.9553e-06
3.6181e-07
0.0000e+00
0.0000e+00
0.0000e+00
0.0000e+00
0.0000e+00
0.0000e+00
0.0000e+00
0.0000e+00
8.8742e-05
5.1175e-05
3.4776e-05
2.5018e-05
1.8205e-05
1.2697e-05
8.8845e-06
5.6082e-06
3.3285e-06
1.4085e-06
4.0711e-07
0.0000e+00
0.0000e+00
0.0000e+00
0.0000e+00
0.0000e+00
0.0000e+00
0.0000e+00
0.0000e+00
0.0000e+00
0.0000e+00
0.0000e+00
0.0000e+00
0.0000e+00
0.0000e+00
0.0000e+00
0.0000e+00
0.0000e+00
0.0000e+00
0.0000e+00
0.0000e+00
0.0000e+00
0.0000e+00
0.0000e+00
0.0000e+00
0.0000e+00
0.0000e+00
0.0000e+00
0.0000e+00
0.0000e+00
1.0754e-07
1.0742e-07
1.0711e-07
1.0651e-07
1.0553e-07
1.0411e-07
1.0220e-07
9.9788e-08
9.6854e-08
9.3399e-08
8.9430e-08
8.4956e-08
7.9996e-08
7.4573e-08
6.8717e-08
6.2461e-08
5.5845e-08
4.8909e-08
4.1695e-08
3.4248e-08
