5.5229e-03
4.0280e-03
3.4305e-03
3.1720e-03
2.8651e-03
2.6984e-03
2.5731e-03
2.4730e-03
2.3902e-03
2.3200e-03
2.2592e-03
2.2059e-03
2.1586e-03
2.1162e-03
2.0778e-03
2.0429e-03
2.0109e-03
1.9815e-03
1.9543e-03
1.9291e-03
1.4387e-03
5.3442e-04
8.8993e-05
4.5501e-05
3.1254e-05
2.1564e-05
1.5007e-05
1.0235e-05
6.5888e-06
3.9589e-06
1.8257e-06
2.8470e-07
0.0000e+00
0.0000e+00
0.0000e+00
0.0000e+00
0.0000e+00
0.0000e+00
0.0000e+00
0.0000e+00
8.8672e-05
5.1116e-05
3.4707e-05
2.4960e-05
1.8133e-05
1.2614e-05
8.8113e-06
5.5261e-06
3.2623e-06
1.3467e-06
3.5945e-07
0.0000e+00
0.0000e+00
0.0000e+00
0.0000e+00
0.0000e+00
0.0000e+00
0.0000e+00
0.0000e+00
0.0000e+00
4.0108e-09
0.0000e+00
0.0000e+00
0.0000e+00
0.0000e+00
0.0000e+00
0.0000e+00
0.0000e+00
0.0000e+00
0.0000e+00
0.0000e+00
0.0000e+00
0.0000e+00
0.0000e+00
0.0000e+00
0.0000e+00
0.0000e+00
0.0000e+00
0.0000e+00
0.0000e+00
1.0831e-07
1.0583e-07
1.0558e-07
1.0527e-07
1.0458e-07
1.0343e-07
1.0175e-07
9.9522e-08
9.6741e-08
9.3408e-08
8.9532e-08
8.5129e-08
8.0220e-08
7.4832e-08
6.8997e-08
6.2750e-08
5.6132e-08
4.9182e-08
4.1946e-08
3.4466e-08
