5.4870e-03
3.9803e-03
3.3685e-03
3.1062e-03
2.7639e-03
2.5936e-03
2.4671e-03
2.3667e-03
2.2841e-03
2.2142e-03
2.1540e-03
2.1014e-03
2.0547e-03
2.0130e-03
1.9754e-03
1.9412e-03
1.9100e-03
1.8837e-03
1.8590e-03
1.8359e-03
1.4055e-03
5.1387e-04
6.9382e-05
4.4771e-05
3.0609e-05
2.0810e-05
1.4438e-05
9.6025e-06
6.1439e-06
3.4671e-06
1.5034e-06
1.6276e-07
0.0000e+00
0.0000e+00
0.0000e+00
0.0000e+00
0.0000e+00
0.0000e+00
0.0000e+00
0.0000e+00
8.8525e-05
5.0986e-05
3.4559e-05
2.4833e-05
1.7988e-05
1.2459e-05
8.6758e-06
5.3814e-06
3.1445e-06
1.2826e-06
2.7186e-07
0.0000e+00
0.0000e+00
0.0000e+00
0.0000e+00
0.0000e+00
0.0000e+00
0.0000e+00
0.0000e+00
0.0000e+00
0.0000e+00
0.0000e+00
0.0000e+00
0.0000e+00
0.0000e+00
0.0000e+00
0.0000e+00
0.0000e+00
0.0000e+00
0.0000e+00
0.0000e+00
0.0000e+00
0.0000e+00
0.0000e+00
0.0000e+00
0.0000e+00
0.0000e+00
0.0000e+00
0.0000e+00
0.0000e+00
1.0862e-07
1.0851e-07
1.0821e-07
1.0761e-07
1.0663e-07
1.0518e-07
1.0323e-07
1.0075e-07
9.7741e-08
9.4189e-08
9.0105e-08
8.5498e-08
8.0387e-08
7.4794e-08
6.8747e-08
6.2280e-08
5.5428e-08
4.8231e-08
4.0731e-08
3.2969e-08
