5.5248e-03
4.0314e-03
3.4355e-03
3.1774e-03
2.8734e-03
2.7069e-03
2.5816e-03
2.4815e-03
2.3987e-03
2.3284e-03
2.2677e-03
2.2144e-03
2.1672e-03
2.1248e-03
2.0865e-03
2.0517e-03
2.0198e-03
1.9905e-03
1.9634e-03
1.9384e-03
1.4406e-03
5.3588e-04
9.1952e-05
4.5563e-05
3.1312e-05
2.1633e-05
1.5062e-05
1.0297e-05
6.6360e-06
4.0117e-06
1.8631e-06
3.0072e-07
0.0000e+00
0.0000e+00
0.0000e+00
0.0000e+00
0.0000e+00
0.0000e+00
0.0000e+00
0.0000e+00
8.8695e-05
5.1134e-05
3.4728e-05
2.4976e-05
1.8153e-05
1.2637e-05
8.8316e-06
5.5492e-06
3.2811e-06
1.3565e-06
3.7357e-07
0.0000e+00
0.0000e+00
0.0000e+00
0.0000e+00
0.0000e+00
0.0000e+00
0.0000e+00
0.0000e+00
0.0000e+00
0.0000e+00
0.0000e+00
0.0000e+00
0.0000e+00
0.0000e+00
0.0000e+00
0.0000e+00
0.0000e+00
0.0000e+00
0.0000e+00
0.0000e+00
0.0000e+00
0.0000e+00
0.0000e+00
0.0000e+00
0.0000e+00
0.0000e+00
0.0000e+00
0.0000e+00
0.0000e+00
1.1125e-07
1.1110e-07
1.1071e-07
1.0998e-07
1.0881e-07
1.0715e-07
1.0496e-07
1.0223e-07
9.8949e-08
9.5126e-08
9.0771e-08
8.5899e-08
8.0533e-08
7.4699e-08
6.8433e-08
6.1772e-08
5.4758e-08
4.7434e-08
3.9846e-08
3.2038e-08
