5.4971e-03
3.9916e-03
3.3833e-03
3.1227e-03
2.7904e-03
2.6221e-03
2.4970e-03
2.3975e-03
2.3156e-03
2.2463e-03
2.1866e-03
2.1344e-03
2.0881e-03
2.0467e-03
2.0093e-03
1.9754e-03
1.9444e-03
1.9159e-03
1.8910e-03
1.8687e-03
1.4148e-03
5.1878e-04
6.9623e-05
4.5039e-05
3.0852e-05
2.1088e-05
1.4665e-05
9.8564e-06
6.3413e-06
3.6892e-06
1.6691e-06
2.4022e-07
0.0000e+00
0.0000e+00
0.0000e+00
0.0000e+00
0.0000e+00
0.0000e+00
0.0000e+00
0.0000e+00
8.8677e-05
5.1113e-05
3.4702e-05
2.4946e-05
1.8121e-05
1.2608e-05
8.8010e-06
5.5248e-06
3.2552e-06
1.3361e-06
3.5266e-07
0.0000e+00
0.0000e+00
0.0000e+00
0.0000e+00
0.0000e+00
0.0000e+00
0.0000e+00
0.0000e+00
0.0000e+00
0.0000e+00
0.0000e+00
0.0000e+00
0.0000e+00
0.0000e+00
0.0000e+00
0.0000e+00
0.0000e+00
0.0000e+00
0.0000e+00
0.0000e+00
0.0000e+00
0.0000e+00
0.0000e+00
0.0000e+00
0.0000e+00
0.0000e+00
0.0000e+00
0.0000e+00
0.0000e+00
1.1552e-07
1.1532e-07
1.1486e-07
1.1401e-07
1.1268e-07
1.1082e-07
1.0840e-07
1.0542e-07
1.0186e-07
9.7739e-08
9.3062e-08
8.7846e-08
8.2109e-08
7.5878e-08
6.9183e-08
6.2057e-08
5.4541e-08
4.6675e-08
3.8503e-08
3.0068e-08
