5.4982e-03
3.9919e-03
3.3834e-03
3.1227e-03
2.7905e-03
2.6223e-03
2.4971e-03
2.3977e-03
2.3158e-03
2.2465e-03
2.1867e-03
2.1344e-03
2.0881e-03
2.0466e-03
2.0092e-03
1.9753e-03
1.9443e-03
1.9158e-03
1.8909e-03
1.8686e-03
1.4158e-03
5.1892e-04
6.9649e-05
4.5061e-05
3.0872e-05
2.1108e-05
1.4684e-05
9.8770e-06
6.3592e-06
3.7088e-06
1.6837e-06
2.4599e-07
0.0000e+00
0.0000e+00
0.0000e+00
0.0000e+00
0.0000e+00
0.0000e+00
0.0000e+00
0.0000e+00
8.8714e-05
5.1141e-05
3.4733e-05
2.4967e-05
1.8143e-05
1.2626e-05
8.8135e-06
5.5338e-06
3.2619e-06
1.3400e-06
3.5546e-07
0.0000e+00
0.0000e+00
0.0000e+00
0.0000e+00
0.0000e+00
0.0000e+00
0.0000e+00
0.0000e+00
0.0000e+00
0.0000e+00
0.0000e+00
0.0000e+00
0.0000e+00
0.0000e+00
0.0000e+00
0.0000e+00
0.0000e+00
0.0000e+00
0.0000e+00
0.0000e+00
0.0000e+00
0.0000e+00
0.0000e+00
0.0000e+00
0.0000e+00
0.0000e+00
0.0000e+00
0.0000e+00
0.0000e+00
1.1258e-07
1.1247e-07
1.1217e-07
1.1157e-07
1.1058e-07
1.0913e-07
1.0718e-07
1.0470e-07
1.0168e-07
9.8110e-08
9.4002e-08
8.9361e-08
8.4205e-08
7.8553e-08
7.2432e-08
6.5875e-08
5.8916e-08
5.1594e-08
4.3950e-08
3.6025e-08
