5.5178e-03
4.0215e-03
3.4234e-03
3.1656e-03
2.8567e-03
2.6907e-03
2.5662e-03
2.4667e-03
2.3845e-03
2.3147e-03
2.2543e-03
2.2014e-03
2.1544e-03
2.1122e-03
2.0740e-03
2.0393e-03
2.0075e-03
1.9783e-03
1.9512e-03
1.9262e-03
1.4340e-03
5.3165e-04
8.4768e-05
4.5443e-05
3.1206e-05
2.1509e-05
1.4968e-05
1.0192e-05
6.5603e-06
3.9287e-06
1.8068e-06
2.7787e-07
0.0000e+00
0.0000e+00
0.0000e+00
0.0000e+00
0.0000e+00
0.0000e+00
0.0000e+00
0.0000e+00
8.8692e-05
5.1131e-05
3.4719e-05
2.4966e-05
1.8137e-05
1.2616e-05
8.8090e-06
5.5220e-06
3.2571e-06
1.3432e-06
3.5471e-07
0.0000e+00
0.0000e+00
0.0000e+00
0.0000e+00
0.0000e+00
0.0000e+00
0.0000e+00
0.0000e+00
0.0000e+00
0.0000e+00
0.0000e+00
0.0000e+00
0.0000e+00
0.0000e+00
0.0000e+00
0.0000e+00
0.0000e+00
0.0000e+00
0.0000e+00
0.0000e+00
0.0000e+00
0.0000e+00
0.0000e+00
0.0000e+00
0.0000e+00
0.0000e+00
0.0000e+00
0.0000e+00
0.0000e+00
1.0967e-07
1.0951e-07
1.0911e-07
1.0837e-07
1.0719e-07
1.0551e-07
1.0329e-07
1.0052e-07
9.7199e-08
9.3325e-08
8.8908e-08
8.3967e-08
7.8525e-08
7.2611e-08
6.6261e-08
5.9513e-08
5.2412e-08
4.5003e-08
3.7331e-08
2.9443e-08
