5.4995e-03
3.9945e-03
3.3872e-03
3.1267e-03
2.7965e-03
2.6282e-03
2.5027e-03
2.4030e-03
2.3207e-03
2.2510e-03
2.1908e-03
2.1381e-03
2.0914e-03
2.0495e-03
2.0118e-03
1.9774e-03
1.9460e-03
1.9172e-03
1.8918e-03
1.8692e-03
1.4171e-03
5.2004e-04
6.9672e-05
4.5093e-05
3.0899e-05
2.1141e-05
1.4705e-05
9.8990e-06
6.3697e-06
3.7178e-06
1.6836e-06
2.4176e-07
0.0000e+00
0.0000e+00
0.0000e+00
0.0000e+00
0.0000e+00
0.0000e+00
0.0000e+00
0.0000e+00
8.8684e-05
5.1121e-05
3.4706e-05
2.4951e-05
1.8122e-05
1.2602e-05
8.7970e-06
5.5139e-06
3.2485e-06
1.3343e-06
3.4606e-07
0.0000e+00
0.0000e+00
0.0000e+00
0.0000e+00
0.0000e+00
0.0000e+00
0.0000e+00
0.0000e+00
0.0000e+00
0.0000e+00
0.0000e+00
0.0000e+00
0.0000e+00
0.0000e+00
0.0000e+00
0.0000e+00
0.0000e+00
0.0000e+00
0.0000e+00
0.0000e+00
0.0000e+00
0.0000e+00
0.0000e+00
0.0000e+00
0.0000e+00
0.0000e+00
0.0000e+00
0.0000e+00
0.0000e+00
1.0544e-07
1.0532e-07
1.0502e-07
1.0442e-07
1.0345e-07
1.0204e-07
1.0016e-07
9.7790e-08
9.4919e-08
9.1554e-08
8.7702e-08
8.3378e-08
7.8603e-08
7.3399e-08
6.7798e-08
6.1832e-08
5.5537e-08
4.8953e-08
4.2118e-08
3.5072e-08
