5.4968e-03
3.9866e-03
3.3729e-03
3.1089e-03
2.7663e-03
2.5951e-03
2.4680e-03
2.3672e-03
2.2842e-03
2.2141e-03
2.1538e-03
2.1010e-03
2.0543e-03
2.0126e-03
1.9749e-03
1.9408e-03
1.9096e-03
1.8834e-03
1.8588e-03
1.8358e-03
1.4145e-03
5.1663e-04
6.9594e-05
4.4962e-05
3.0764e-05
2.0955e-05
1.4556e-05
9.7184e-06
6.2400e-06
3.5678e-06
1.5896e-06
2.1274e-07
0.0000e+00
0.0000e+00
0.0000e+00
0.0000e+00
0.0000e+00
0.0000e+00
0.0000e+00
0.0000e+00
8.8704e-05
5.1139e-05
3.4725e-05
2.4963e-05
1.8138e-05
1.2622e-05
8.8065e-06
5.5289e-06
3.2516e-06
1.3317e-06
3.4405e-07
0.0000e+00
0.0000e+00
0.0000e+00
0.0000e+00
0.0000e+00
0.0000e+00
0.0000e+00
0.0000e+00
0.0000e+00
0.0000e+00
0.0000e+00
0.0000e+00
0.0000e+00
0.0000e+00
0.0000e+00
0.0000e+00
0.0000e+00
0.0000e+00
0.0000e+00
0.0000e+00
0.0000e+00
0.0000e+00
0.0000e+00
0.0000e+00
0.0000e+00
0.0000e+00
0.0000e+00
0.0000e+00
0.0000e+00
1.1693e-07
1.1670e-07
1.1614e-07
1.1512e-07
1.1356e-07
1.1141e-07
1.0866e-07
1.0530e-07
1.0135e-07
9.6820e-08
9.1727e-08
8.6096e-08
7.9951e-08
7.3323e-08
6.6247e-08
5.8759e-08
5.0902e-08
4.2716e-08
3.4247e-08
2.5539e-08
