5.5114e-03
4.0169e-03
3.4207e-03
3.1646e-03
2.8566e-03
2.6915e-03
2.5674e-03
2.4683e-03
2.3862e-03
2.3165e-03
2.2562e-03
2.2033e-03
2.1563e-03
2.1142e-03
2.0761e-03
2.0415e-03
2.0098e-03
1.9806e-03
1.9538e-03
1.9289e-03
1.4281e-03
5.2966e-04
8.3145e-05
4.5417e-05
3.1213e-05
2.1549e-05
1.5032e-05
1.0287e-05
6.6609e-06
4.0558e-06
1.9223e-06
3.4314e-07
0.0000e+00
0.0000e+00
0.0000e+00
0.0000e+00
0.0000e+00
0.0000e+00
0.0000e+00
0.0000e+00
8.8650e-05
5.1099e-05
3.4691e-05
2.4955e-05
1.8142e-05
1.2646e-05
8.8571e-06
5.5993e-06
3.3333e-06
1.4313e-06
4.2584e-07
0.0000e+00
0.0000e+00
0.0000e+00
0.0000e+00
0.0000e+00
0.0000e+00
0.0000e+00
0.0000e+00
0.0000e+00
0.0000e+00
0.0000e+00
0.0000e+00
0.0000e+00
0.0000e+00
0.0000e+00
0.0000e+00
0.0000e+00
0.0000e+00
0.0000e+00
0.0000e+00
0.0000e+00
0.0000e+00
0.0000e+00
0.0000e+00
0.0000e+00
0.0000e+00
0.0000e+00
0.0000e+00
0.0000e+00
1.1165e-07
1.1145e-07
1.1097e-07
1.1009e-07
1.0873e-07
1.0684e-07
1.0441e-07
1.0143e-07
9.7901e-08
9.3840e-08
8.9261e-08
8.4183e-08
7.8629e-08
7.2628e-08
6.6212e-08
5.9418e-08
5.2285e-08
4.4855e-08
3.7171e-08
2.9275e-08
