5.4959e-03
3.9885e-03
3.3790e-03
3.1183e-03
2.7840e-03
2.6156e-03
2.4903e-03
2.3907e-03
2.3086e-03
2.2390e-03
2.1789e-03
2.1264e-03
2.0797e-03
2.0380e-03
2.0003e-03
1.9660e-03
1.9347e-03
1.9060e-03
1.8818e-03
1.8589e-03
1.4136e-03
5.1745e-04
6.9612e-05
4.5015e-05
3.0831e-05
2.1059e-05
1.4645e-05
9.8328e-06
6.3267e-06
3.6718e-06
1.6582e-06
2.3582e-07
0.0000e+00
0.0000e+00
0.0000e+00
0.0000e+00
0.0000e+00
0.0000e+00
0.0000e+00
0.0000e+00
8.8713e-05
5.1139e-05
3.4730e-05
2.4962e-05
1.8137e-05
1.2619e-05
8.8055e-06
5.5244e-06
3.2531e-06
1.3341e-06
3.4818e-07
0.0000e+00
0.0000e+00
0.0000e+00
0.0000e+00
0.0000e+00
0.0000e+00
0.0000e+00
0.0000e+00
0.0000e+00
0.0000e+00
0.0000e+00
0.0000e+00
0.0000e+00
0.0000e+00
0.0000e+00
0.0000e+00
0.0000e+00
0.0000e+00
0.0000e+00
0.0000e+00
0.0000e+00
0.0000e+00
0.0000e+00
0.0000e+00
0.0000e+00
0.0000e+00
0.0000e+00
0.0000e+00
0.0000e+00
1.1297e-07
1.1285e-07
1.1254e-07
1.1193e-07
1.1094e-07
1.0948e-07
1.0753e-07
1.0505e-07
1.0204e-07
9.8486e-08
9.4394e-08
8.9776e-08
8.4647e-08
7.9028e-08
7.2947e-08
6.6435e-08
5.9527e-08
5.2261e-08
4.4679e-08
3.6821e-08
