5.4954e-03
3.9913e-03
3.3842e-03
3.1242e-03
2.7934e-03
2.6255e-03
2.5005e-03
2.4011e-03
2.3191e-03
2.2497e-03
2.1898e-03
2.1373e-03
2.0908e-03
2.0492e-03
2.0116e-03
1.9774e-03
1.9461e-03
1.9174e-03
1.8921e-03
1.8696e-03
1.4132e-03
5.1863e-04
6.9585e-05
4.5012e-05
3.0833e-05
2.1078e-05
1.4657e-05
9.8524e-06
6.3357e-06
3.6846e-06
1.6605e-06
2.3164e-07
0.0000e+00
0.0000e+00
0.0000e+00
0.0000e+00
0.0000e+00
0.0000e+00
0.0000e+00
0.0000e+00
8.8635e-05
5.1077e-05
3.4662e-05
2.4915e-05
1.8084e-05
1.2566e-05
8.7678e-06
5.4852e-06
3.2278e-06
1.3251e-06
3.3418e-07
0.0000e+00
0.0000e+00
0.0000e+00
0.0000e+00
0.0000e+00
0.0000e+00
0.0000e+00
0.0000e+00
0.0000e+00
0.0000e+00
0.0000e+00
0.0000e+00
0.0000e+00
0.0000e+00
0.0000e+00
0.0000e+00
0.0000e+00
0.0000e+00
0.0000e+00
0.0000e+00
0.0000e+00
0.0000e+00
0.0000e+00
0.0000e+00
0.0000e+00
0.0000e+00
0.0000e+00
0.0000e+00
0.0000e+00
1.1223e-07
1.1208e-07
1.1173e-07
1.1107e-07
1.1001e-07
1.0849e-07
1.0646e-07
1.0390e-07
1.0081e-07
9.7175e-08
9.3004e-08
8.8306e-08
8.3100e-08
7.7407e-08
7.1255e-08
6.4677e-08
5.7710e-08
5.0392e-08
4.2765e-08
3.4871e-08
