5.4932e-03
3.9878e-03
3.3790e-03
3.1183e-03
2.7838e-03
2.6154e-03
2.4902e-03
2.3908e-03
2.3090e-03
2.2397e-03
2.1801e-03
2.1280e-03
2.0818e-03
2.0405e-03
2.0033e-03
1.9695e-03
1.9387e-03
1.9105e-03
1.8863e-03
1.8639e-03
1.4112e-03
5.1713e-04
6.9536e-05
4.4949e-05
3.0774e-05
2.1004e-05
1.4598e-05
9.7838e-06
6.2843e-06
3.6265e-06
1.6199e-06
2.1468e-07
0.0000e+00
0.0000e+00
0.0000e+00
0.0000e+00
0.0000e+00
0.0000e+00
0.0000e+00
0.0000e+00
8.8627e-05
5.1069e-05
3.4653e-05
2.4905e-05
1.8073e-05
1.2552e-05
8.7531e-06
5.4676e-06
3.2117e-06
1.3157e-06
3.2071e-07
0.0000e+00
0.0000e+00
0.0000e+00
0.0000e+00
0.0000e+00
0.0000e+00
0.0000e+00
0.0000e+00
0.0000e+00
0.0000e+00
0.0000e+00
0.0000e+00
0.0000e+00
0.0000e+00
0.0000e+00
0.0000e+00
0.0000e+00
0.0000e+00
0.0000e+00
0.0000e+00
0.0000e+00
0.0000e+00
0.0000e+00
0.0000e+00
0.0000e+00
0.0000e+00
0.0000e+00
0.0000e+00
0.0000e+00
1.1206e-07
1.1194e-07
1.1164e-07
1.1103e-07
1.1004e-07
1.0858e-07
1.0662e-07
1.0413e-07
1.0110e-07
9.7519e-08
9.3391e-08
8.8727e-08
8.3541e-08
7.7854e-08
7.1694e-08
6.5093e-08
5.8086e-08
5.0712e-08
4.3013e-08
3.5031e-08
