5.5200e-03
4.0192e-03
3.4169e-03
3.1566e-03
2.8407e-03
2.6729e-03
2.5473e-03
2.4473e-03
2.3647e-03
2.2947e-03
2.2343e-03
2.1813e-03
2.1343e-03
2.0922e-03
2.0542e-03
2.0196e-03
1.9879e-03
1.9588e-03
1.9320e-03
1.9072e-03
1.4360e-03
5.3069e-04
8.0906e-05
4.5494e-05
3.1246e-05
2.1529e-05
1.5001e-05
1.0219e-05
6.6001e-06
3.9682e-06
1.8568e-06
3.1611e-07
0.0000e+00
0.0000e+00
0.0000e+00
0.0000e+00
0.0000e+00
0.0000e+00
0.0000e+00
0.0000e+00
8.8808e-05
5.1232e-05
3.4831e-05
2.5058e-05
1.8249e-05
1.2745e-05
8.9184e-06
5.6511e-06
3.3535e-06
1.4430e-06
4.2054e-07
0.0000e+00
0.0000e+00
0.0000e+00
0.0000e+00
0.0000e+00
0.0000e+00
0.0000e+00
0.0000e+00
0.0000e+00
0.0000e+00
0.0000e+00
0.0000e+00
0.0000e+00
0.0000e+00
0.0000e+00
0.0000e+00
0.0000e+00
0.0000e+00
0.0000e+00
0.0000e+00
0.0000e+00
0.0000e+00
0.0000e+00
0.0000e+00
0.0000e+00
0.0000e+00
0.0000e+00
0.0000e+00
0.0000e+00
1.0569e-07
1.0555e-07
1.0520e-07
1.0451e-07
1.0341e-07
1.0184e-07
9.9774e-08
9.7196e-08
9.4108e-08
9.0518e-08
8.6439e-08
8.1885e-08
7.6877e-08
7.1440e-08
6.5600e-08
5.9392e-08
5.2849e-08
4.6009e-08
3.8912e-08
3.1597e-08
