5.4893e-03
3.9843e-03
3.3751e-03
3.1144e-03
2.7780e-03
2.6093e-03
2.4839e-03
2.3843e-03
2.3021e-03
2.2327e-03
2.1727e-03
2.1203e-03
2.0739e-03
2.0323e-03
1.9948e-03
1.9607e-03
1.9296e-03
1.9013e-03
1.8774e-03
1.8545e-03
1.4076e-03
5.1557e-04
6.9439e-05
4.4850e-05
3.0688e-05
2.0913e-05
1.4524e-05
9.7061e-06
6.2244e-06
3.5628e-06
1.5747e-06
1.9578e-07
0.0000e+00
0.0000e+00
0.0000e+00
0.0000e+00
0.0000e+00
0.0000e+00
0.0000e+00
0.0000e+00
8.8518e-05
5.0986e-05
3.4557e-05
2.4839e-05
1.7997e-05
1.2477e-05
8.6984e-06
5.4147e-06
3.1760e-06
1.3002e-06
3.0182e-07
0.0000e+00
0.0000e+00
0.0000e+00
0.0000e+00
0.0000e+00
0.0000e+00
0.0000e+00
0.0000e+00
0.0000e+00
0.0000e+00
0.0000e+00
0.0000e+00
0.0000e+00
0.0000e+00
0.0000e+00
0.0000e+00
0.0000e+00
0.0000e+00
0.0000e+00
0.0000e+00
0.0000e+00
0.0000e+00
0.0000e+00
0.0000e+00
0.0000e+00
0.0000e+00
0.0000e+00
0.0000e+00
0.0000e+00
1.1006e-07
1.0986e-07
1.0939e-07
1.0851e-07
1.0714e-07
1.0524e-07
1.0278e-07
9.9764e-08
9.6190e-08
9.2072e-08
8.7424e-08
8.2267e-08
7.6624e-08
7.0525e-08
6.4003e-08
5.7094e-08
4.9840e-08
4.2283e-08
3.4464e-08
2.6429e-08
