5.4943e-03
3.9868e-03
3.3770e-03
3.1161e-03
2.7806e-03
2.6120e-03
2.4866e-03
2.3870e-03
2.3048e-03
2.2353e-03
2.1753e-03
2.1227e-03
2.0762e-03
2.0345e-03
1.9969e-03
1.9628e-03
1.9316e-03
1.9031e-03
1.8792e-03
1.8563e-03
1.4122e-03
5.1672e-04
6.9565e-05
4.4967e-05
3.0787e-05
2.1012e-05
1.4608e-05
9.7943e-06
6.2994e-06
3.6450e-06
1.6444e-06
2.3475e-07
0.0000e+00
0.0000e+00
0.0000e+00
0.0000e+00
0.0000e+00
0.0000e+00
0.0000e+00
0.0000e+00
8.8649e-05
5.1093e-05
3.4678e-05
2.4929e-05
1.8104e-05
1.2593e-05
8.7906e-06
5.5187e-06
3.2520e-06
1.3377e-06
3.5384e-07
0.0000e+00
0.0000e+00
0.0000e+00
0.0000e+00
0.0000e+00
0.0000e+00
0.0000e+00
0.0000e+00
0.0000e+00
7.9130e-09
0.0000e+00
0.0000e+00
0.0000e+00
0.0000e+00
0.0000e+00
0.0000e+00
0.0000e+00
0.0000e+00
0.0000e+00
0.0000e+00
0.0000e+00
0.0000e+00
0.0000e+00
0.0000e+00
0.0000e+00
0.0000e+00
0.0000e+00
0.0000e+00
0.0000e+00
1.1873e-07
1.1492e-07
1.1392e-07
1.1363e-07
1.1286e-07
1.1151e-07
1.0951e-07
1.0685e-07
1.0352e-07
9.9541e-08
9.4925e-08
8.9693e-08
8.3871e-08
7.7487e-08
7.0575e-08
6.3169e-08
5.5311e-08
4.7041e-08
3.8404e-08
2.9445e-08
