5.4967e-03
3.9881e-03
3.3762e-03
3.1133e-03
2.7742e-03
2.6041e-03
2.4778e-03
2.3776e-03
2.2951e-03
2.2253e-03
2.1652e-03
2.1126e-03
2.0661e-03
2.0244e-03
1.9868e-03
1.9527e-03
1.9216e-03
1.8941e-03
1.8699e-03
1.8470e-03
1.4144e-03
5.1729e-04
6.9599e-05
4.4982e-05
3.0788e-05
2.0992e-05
1.4584e-05
9.7532e-06
6.2603e-06
3.5902e-06
1.5948e-06
2.0562e-07
0.0000e+00
0.0000e+00
0.0000e+00
0.0000e+00
0.0000e+00
0.0000e+00
0.0000e+00
0.0000e+00
8.8698e-05
5.1130e-05
3.4716e-05
2.4953e-05
1.8121e-05
1.2596e-05
8.7832e-06
5.4938e-06
3.2249e-06
1.3180e-06
3.2183e-07
0.0000e+00
0.0000e+00
0.0000e+00
0.0000e+00
0.0000e+00
0.0000e+00
0.0000e+00
0.0000e+00
0.0000e+00
0.0000e+00
0.0000e+00
0.0000e+00
0.0000e+00
0.0000e+00
0.0000e+00
0.0000e+00
0.0000e+00
0.0000e+00
0.0000e+00
0.0000e+00
0.0000e+00
0.0000e+00
0.0000e+00
0.0000e+00
0.0000e+00
0.0000e+00
0.0000e+00
0.0000e+00
0.0000e+00
1.0869e-07
1.0858e-07
1.0827e-07
1.0767e-07
1.0669e-07
1.0526e-07
1.0335e-07
1.0093e-07
9.7990e-08
9.4532e-08
9.0561e-08
8.6089e-08
8.1132e-08
7.5713e-08
6.9861e-08
6.3608e-08
5.6990e-08
5.0046e-08
4.2816e-08
3.5342e-08
