2.70000000e+02
5.00000000e+01
5.00000000e+01
5.00000000e+01
5.00000000e+01
5.00000000e+01
5.00000000e+01
5.00000000e+01
5.00000000e+01
5.00000000e+01
5.00000000e+01
5.00000000e+01
5.00000000e+01
5.00000000e+01
5.00000000e+01
5.00000000e+01
5.00000000e+01
5.00000000e+01
5.00000000e+01
5.00000000e+01
5.00000000e+01
5.00000000e+01
5.00000000e+01
5.00000000e+01
5.00000000e+01
5.00000000e+01
5.00000000e+01
5.00000000e+01
5.00000000e+01
5.00000000e+01
5.00000000e+01
5.00000000e+01
5.00000000e+01
5.00000000e+01
5.00000000e+01
5.00000000e+01
5.00000000e+01
2.70000000e+02
1.50000000e+02
1.43643706e+02
1.39792820e+02
1.36836888e+02
1.34307898e+02
1.32114274e+02
1.30291740e+02
1.28789137e+02
1.27543456e+02
1.26503544e+02
1.25629677e+02
1.24891022e+02
1.24263423e+02
1.23727742e+02
1.23268643e+02
1.22873718e+02
1.22532837e+02
1.22237667e+02
1.21981308e+02
1.21758011e+02
1.21562966e+02
1.21392129e+02
1.21242086e+02
1.21109948e+02
1.20993260e+02
1.20889932e+02
1.20798181e+02
1.20716480e+02
1.20643521e+02
1.20578183e+02
1.20519497e+02
1.20466634e+02
1.20418874e+02
1.20375598e+02
1.20336269e+02
1.20301279e+02
2.70000000e+02
2.50000000e+02
2.44480146e+02
2.38981263e+02
2.33450987e+02
2.28228161e+02
2.23617042e+02
2.19648381e+02
2.16265050e+02
2.13390999e+02
2.10951306e+02
2.08878774e+02
2.07115535e+02
2.05612680e+02
2.04329227e+02
2.03230936e+02
2.02289219e+02
2.01480173e+02
2.00783779e+02
2.00183232e+02
1.99664388e+02
1.99215318e+02
1.98825936e+02
1.98487694e+02
1.98193337e+02
1.97936691e+02
1.97712499e+02
1.97516270e+02
1.97344167e+02
1.97192909e+02
1.97059679e+02
1.96942065e+02
1.96837993e+02
1.96745681e+02
1.96663594e+02
1.96590412e+02
1.96526359e+02
2.68756681e+02
2.68659395e+02
2.68401591e+02
2.68013574e+02
2.67523976e+02
2.66974421e+02
2.66407279e+02
2.65855887e+02
2.65341012e+02
2.64872815e+02
2.64454344e+02
2.64084483e+02
2.63759943e+02
2.63476490e+02
2.63229644e+02
2.63015054e+02
2.62828683e+02
2.62666887e+02
2.62526426e+02
2.62404451e+02
2.62298473e+02
2.62206330e+02
2.62126147e+02
2.62056300e+02
2.61995389e+02
2.61942203e+02
2.61895700e+02
2.61854979e+02
2.61819263e+02
2.61787884e+02
2.61760264e+02
2.61735906e+02
2.61714380e+02
2.61695315e+02
2.61678392e+02
2.61663334e+02
2.61650014e+02
2.68408154e+02
2.68378838e+02
2.68261150e+02
2.68051942e+02
2.67764309e+02
2.67422672e+02
2.67055749e+02
2.66688698e+02
2.66339068e+02
2.66016772e+02
2.65726019e+02
2.65467403e+02
2.65239482e+02
2.65039812e+02
2.64865559e+02
2.64713851e+02
2.64581958e+02
2.64467376e+02
2.64367857e+02
2.64281412e+02
2.64206295e+02
2.64140983e+02
2.64084153e+02
2.64034658e+02
2.63991506e+02
2.63953839e+02
2.63920917e+02
2.63892101e+02
2.63866839e+02
2.63844658e+02
2.63825145e+02
2.63807948e+02
2.63792761e+02
2.63779320e+02
2.63767399e+02
2.63756800e+02
2.63747472e+02
2.71783899e+02
2.71417743e+02
2.69960999e+02
2.67808259e+02
2.65376089e+02
2.62878005e+02
2.60426219e+02
2.58079763e+02
2.55868053e+02
2.53803390e+02
2.51887842e+02
2.50117490e+02
2.48485078e+02
2.46981649e+02
2.45597559e+02
2.44323089e+02
2.43148818e+02
2.42065830e+02
2.41065825e+02
2.40141162e+02
2.39284862e+02
2.38490590e+02
2.37752619e+02
2.37065786e+02
2.36425448e+02
2.35827433e+02
2.35267998e+02
2.34743785e+02
2.34251780e+02
2.33789279e+02
2.33353856e+02
2.32943327e+02
2.32555731e+02
2.32189301e+02
2.31842442e+02
2.31513717e+02
2.31209791e+02
2.71754755e+02
2.71321856e+02
2.69766076e+02
2.67620970e+02
2.65301805e+02
2.62986145e+02
2.60754769e+02
2.58644992e+02
2.56672684e+02
2.54842071e+02
2.53150589e+02
2.51591840e+02
2.50157439e+02
2.48838152e+02
2.47624581e+02
2.46507579e+02
2.45478478e+02
2.44529206e+02
2.43652340e+02
2.42841107e+02
2.42089366e+02
2.41391571e+02
2.40742728e+02
2.40138350e+02
2.39574411e+02
2.39047300e+02
2.38553780e+02
2.38090949e+02
2.37656206e+02
2.37247215e+02
2.36861880e+02
2.36498316e+02
2.36154827e+02
2.35829885e+02
2.35522109e+02
2.35230256e+02
2.34960860e+02
2.71535409e+02
2.71266043e+02
2.70316340e+02
2.69034185e+02
2.67681083e+02
2.66355977e+02
2.65097756e+02
2.63921669e+02
2.62832495e+02
2.61829673e+02
2.60909608e+02
2.60067088e+02
2.59296185e+02
2.58590803e+02
2.57944997e+02
2.57353155e+02
2.56810078e+02
2.56311011e+02
2.55851645e+02
2.55428097e+02
2.55036876e+02
2.54674859e+02
2.54339248e+02
2.54027547e+02
2.53737521e+02
2.53467179e+02
2.53214737e+02
2.52978604e+02
2.52757354e+02
2.52549713e+02
2.52354535e+02
2.52170797e+02
2.51997576e+02
2.51834045e+02
2.51679458e+02
2.51533141e+02
2.51397772e+02
2.71288594e+02
2.71093520e+02
2.70322350e+02
2.69300975e+02
2.68314887e+02
2.67435339e+02
2.66659507e+02
2.65971274e+02
2.65356374e+02
2.64804082e+02
2.64306113e+02
2.63855745e+02
2.63447342e+02
2.63076080e+02
2.62737789e+02
2.62428837e+02
2.62146048e+02
2.61886636e+02
2.61648156e+02
2.61428450e+02
2.61225619e+02
2.61037982e+02
2.60864052e+02
2.60702511e+02
2.60552189e+02
2.60412046e+02
2.60281156e+02
2.60158693e+02
2.60043922e+02
2.59936182e+02
2.59834885e+02
2.59739501e+02
2.59649557e+02
2.59564625e+02
2.59484320e+02
2.59408298e+02
2.59337997e+02
2.70904302e+02
2.70820732e+02
2.70654412e+02
2.70508339e+02
2.70391505e+02
2.70296203e+02
2.70216333e+02
2.70147989e+02
2.70088767e+02
2.70037031e+02
2.69991562e+02
2.69951406e+02
2.69915790e+02
2.69884080e+02
2.69855747e+02
2.69830346e+02
2.69807500e+02
2.69786887e+02
2.69768235e+02
2.69751306e+02
2.69735898e+02
2.69721835e+02
2.69708965e+02
2.69697156e+02
2.69686292e+02
2.69676273e+02
2.69667011e+02
2.69658428e+02
2.69650457e+02
2.69643038e+02
2.69636118e+02
2.69629651e+02
2.69623595e+02
2.69617913e+02
2.69612574e+02
2.69607548e+02
2.69602915e+02
