2.70000000e+02
5.00000000e+01
5.00000000e+01
5.00000000e+01
5.00000000e+01
5.00000000e+01
5.00000000e+01
5.00000000e+01
5.00000000e+01
5.00000000e+01
5.00000000e+01
5.00000000e+01
5.00000000e+01
5.00000000e+01
5.00000000e+01
5.00000000e+01
5.00000000e+01
5.00000000e+01
5.00000000e+01
5.00000000e+01
5.00000000e+01
5.00000000e+01
5.00000000e+01
5.00000000e+01
5.00000000e+01
5.00000000e+01
5.00000000e+01
5.00000000e+01
5.00000000e+01
5.00000000e+01
5.00000000e+01
5.00000000e+01
5.00000000e+01
5.00000000e+01
5.00000000e+01
5.00000000e+01
5.00000000e+01
2.70000000e+02
1.50000000e+02
1.43943107e+02
1.40167896e+02
1.37256142e+02
1.34760500e+02
1.32668781e+02
1.30869014e+02
1.29372742e+02
1.28128507e+02
1.27088278e+02
1.26213614e+02
1.25474282e+02
1.24846405e+02
1.24310952e+02
1.23852608e+02
1.23458933e+02
1.23119746e+02
1.22826651e+02
1.22572688e+02
1.22352051e+02
1.22159880e+02
1.21992086e+02
1.21845219e+02
1.21716360e+02
1.21603028e+02
1.21503115e+02
1.21414818e+02
1.21336601e+02
1.21267145e+02
1.21207525e+02
1.21154003e+02
1.21105918e+02
1.21062639e+02
1.21023602e+02
1.20988315e+02
1.20956346e+02
2.70000000e+02
2.50000000e+02
2.44490758e+02
2.39019043e+02
2.33547123e+02
2.28382304e+02
2.23823217e+02
2.19906217e+02
2.16571647e+02
2.13742166e+02
2.11343172e+02
2.09308044e+02
2.07579382e+02
2.06108611e+02
2.04854981e+02
2.03784425e+02
2.02868488e+02
2.02083386e+02
2.01409203e+02
2.00829235e+02
2.00329436e+02
1.99897975e+02
1.99524861e+02
1.99201644e+02
1.98921162e+02
1.98677334e+02
1.98464987e+02
1.98279716e+02
1.98117767e+02
1.97975929e+02
1.97855522e+02
1.97749163e+02
1.97655045e+02
1.97571595e+02
1.97497452e+02
1.97431442e+02
1.97372550e+02
2.68675894e+02
2.68578499e+02
2.68329874e+02
2.67964598e+02
2.67513579e+02
2.67017717e+02
2.66515472e+02
2.66035102e+02
2.65592849e+02
2.65195496e+02
2.64843913e+02
2.64535804e+02
2.64267407e+02
2.64034466e+02
2.63832741e+02
2.63658260e+02
2.63507426e+02
2.63377045e+02
2.63264317e+02
2.63166803e+02
2.63082392e+02
2.63009264e+02
2.62945849e+02
2.62890797e+02
2.62842948e+02
2.62801308e+02
2.62765020e+02
2.62733350e+02
2.62705666e+02
2.62681428e+02
2.62660581e+02
2.62642372e+02
2.62626330e+02
2.62612139e+02
2.62599553e+02
2.62588365e+02
2.62578398e+02
2.68350256e+02
2.68320758e+02
2.68207514e+02
2.68011290e+02
2.67747334e+02
2.67440284e+02
2.67116817e+02
2.66798746e+02
2.66500278e+02
2.66228659e+02
2.65986275e+02
2.65772652e+02
2.65585846e+02
2.65423292e+02
2.65282268e+02
2.65160137e+02
2.65054469e+02
2.64963079e+02
2.64884033e+02
2.64815644e+02
2.64756441e+02
2.64705152e+02
2.64660682e+02
2.64622085e+02
2.64588548e+02
2.64559371e+02
2.64533954e+02
2.64511781e+02
2.64492409e+02
2.64475457e+02
2.64460930e+02
2.64448175e+02
2.64436958e+02
2.64427052e+02
2.64418274e+02
2.64410478e+02
2.64403539e+02
2.72447286e+02
2.71912158e+02
2.70238815e+02
2.67922617e+02
2.65363439e+02
2.62757371e+02
2.60210673e+02
2.57781276e+02
2.55497822e+02
2.53372073e+02
2.51405638e+02
2.49594096e+02
2.47929644e+02
2.46402755e+02
2.45003215e+02
2.43720749e+02
2.42545396e+02
2.41467725e+02
2.40478942e+02
2.39570938e+02
2.38736290e+02
2.37968240e+02
2.37260663e+02
2.36608017e+02
2.36005301e+02
2.35448006e+02
2.34932071e+02
2.34453837e+02
2.34010008e+02
2.33597617e+02
2.33227913e+02
2.32882565e+02
2.32559647e+02
2.32257457e+02
2.31974404e+02
2.31709035e+02
2.31460028e+02
2.72321274e+02
2.71864508e+02
2.70339208e+02
2.68194126e+02
2.65827761e+02
2.63430817e+02
2.61099751e+02
2.58884222e+02
2.56807480e+02
2.54878249e+02
2.53096723e+02
2.51458038e+02
2.49954502e+02
2.48577004e+02
2.47315912e+02
2.46161613e+02
2.45104841e+02
2.44136861e+02
2.43249558e+02
2.42435469e+02
2.41687782e+02
2.41000310e+02
2.40367454e+02
2.39784159e+02
2.39245869e+02
2.38748484e+02
2.38288312e+02
2.37862034e+02
2.37466662e+02
2.37099507e+02
2.36770783e+02
2.36463654e+02
2.36176508e+02
2.35907900e+02
2.35656427e+02
2.35420786e+02
2.35199781e+02
2.71824188e+02
2.71491492e+02
2.70454699e+02
2.69084545e+02
2.67649161e+02
2.66247898e+02
2.64920357e+02
2.63682957e+02
2.62540873e+02
2.61493703e+02
2.60537842e+02
2.59667849e+02
2.58877379e+02
2.58159796e+02
2.57508550e+02
2.56917393e+02
2.56380494e+02
2.55892489e+02
2.55448495e+02
2.55044092e+02
2.54675302e+02
2.54338552e+02
2.54030645e+02
2.53748720e+02
2.53490221e+02
2.53252863e+02
2.53034609e+02
2.52833635e+02
2.52648312e+02
2.52477185e+02
2.52323608e+02
2.52181199e+02
2.52049041e+02
2.51926176e+02
2.51811778e+02
2.51705122e+02
2.51605561e+02
2.71443201e+02
2.71205685e+02
2.70363738e+02
2.69272227e+02
2.68224169e+02
2.67290750e+02
2.66469092e+02
2.65743386e+02
2.65098888e+02
2.64524207e+02
2.64010457e+02
2.63550307e+02
2.63137500e+02
2.62766600e+02
2.62432851e+02
2.62132077e+02
2.61860606e+02
2.61615203e+02
2.61393017e+02
2.61191535e+02
2.61008538e+02
2.60842065e+02
2.60690385e+02
2.60551962e+02
2.60425440e+02
2.60309613e+02
2.60203413e+02
2.60105891e+02
2.60016202e+02
2.59933593e+02
2.59859510e+02
2.59790849e+02
2.59727323e+02
2.59668449e+02
2.59613787e+02
2.59562953e+02
2.59515609e+02
2.70917166e+02
2.70824547e+02
2.70646965e+02
2.70492454e+02
2.70369066e+02
2.70268450e+02
2.70184303e+02
2.70112558e+02
2.70050599e+02
2.69996689e+02
2.69949541e+02
2.69908136e+02
2.69871648e+02
2.69839392e+02
2.69810794e+02
2.69785371e+02
2.69762713e+02
2.69742470e+02
2.69724339e+02
2.69708065e+02
2.69693423e+02
2.69680221e+02
2.69668292e+02
2.69657490e+02
2.69647689e+02
2.69638778e+02
2.69630660e+02
2.69623251e+02
2.69616475e+02
2.69610267e+02
2.69604719e+02
2.69599619e+02
2.69594920e+02
2.69590580e+02
2.69586564e+02
2.69582840e+02
2.69579383e+02
