2.70000e+02 2.70000e+02 2.70000e+02 2.68744e+02 2.68377e+02 2.72556e+02 2.72413e+02 2.71836e+02 2.71439e+02 2.70918e+02
2.70000e+02 2.70000e+02 2.70000e+02 2.68744e+02 2.68377e+02 2.72556e+02 2.72413e+02 2.71836e+02 2.71439e+02 2.70918e+02
5.00000e+01 1.50000e+02 2.50000e+02 2.68664e+02 2.68356e+02 2.71696e+02 2.72075e+02 2.71509e+02 2.71207e+02 2.70832e+02
5.00000e+01 1.43543e+02 2.44474e+02 2.68437e+02 2.68260e+02 2.69401e+02 2.70757e+02 2.70543e+02 2.70416e+02 2.70668e+02
5.00000e+01 1.39681e+02 2.38934e+02 2.68086e+02 2.68082e+02 2.66636e+02 2.68760e+02 2.69277e+02 2.69395e+02 2.70524e+02
5.00000e+01 1.36728e+02 2.33346e+02 2.67639e+02 2.67832e+02 2.63829e+02 2.66461e+02 2.67946e+02 2.68417e+02 2.70410e+02
5.00000e+01 1.34183e+02 2.28058e+02 2.67137e+02 2.67532e+02 2.61120e+02 2.64079e+02 2.66636e+02 2.67546e+02 2.70317e+02
5.00000e+01 1.31978e+02 2.23373e+02 2.66617e+02 2.67208e+02 2.58561e+02 2.61729e+02 2.65380e+02 2.66777e+02 2.70239e+02
5.00000e+01 1.30154e+02 2.19326e+02 2.66112e+02 2.66882e+02 2.56166e+02 2.59476e+02 2.64194e+02 2.66092e+02 2.70171e+02
5.00000e+01 1.28649e+02 2.15864e+02 2.65640e+02 2.66571e+02 2.53941e+02 2.57348e+02 2.63087e+02 2.65479e+02 2.70113e+02
5.00000e+01 1.27400e+02 2.12914e+02 2.65210e+02 2.66284e+02 2.51882e+02 2.55359e+02 2.62061e+02 2.64927e+02 2.70061e+02
5.00000e+01 1.26354e+02 2.10403e+02 2.64826e+02 2.66024e+02 2.49982e+02 2.53514e+02 2.61115e+02 2.64428e+02 2.70016e+02
5.00000e+01 1.25474e+02 2.08265e+02 2.64487e+02 2.65793e+02 2.48232e+02 2.51807e+02 2.60244e+02 2.63976e+02 2.69976e+02
5.00000e+01 1.24727e+02 2.06442e+02 2.64189e+02 2.65590e+02 2.46622e+02 2.50234e+02 2.59446e+02 2.63566e+02 2.69940e+02
5.00000e+01 1.24092e+02 2.04885e+02 2.63929e+02 2.65411e+02 2.45140e+02 2.48786e+02 2.58713e+02 2.63192e+02 2.69908e+02
5.00000e+01 1.23548e+02 2.03553e+02 2.63702e+02 2.65255e+02 2.43778e+02 2.47455e+02 2.58042e+02 2.62851e+02 2.69880e+02
5.00000e+01 1.23080e+02 2.02412e+02 2.63505e+02 2.65120e+02 2.42525e+02 2.46230e+02 2.57426e+02 2.62540e+02 2.69854e+02
5.00000e+01 1.22677e+02 2.01432e+02 2.63333e+02 2.65001e+02 2.41371e+02 2.45104e+02 2.56861e+02 2.62255e+02 2.69831e+02
5.00000e+01 1.22329e+02 2.00588e+02 2.63184e+02 2.64899e+02 2.40308e+02 2.44067e+02 2.56342e+02 2.61994e+02 2.69810e+02
5.00000e+01 1.22026e+02 1.99861e+02 2.63055e+02 2.64809e+02 2.39328e+02 2.43113e+02 2.55865e+02 2.61754e+02 2.69790e+02
5.00000e+01 1.21762e+02 1.99233e+02 2.62943e+02 2.64732e+02 2.38423e+02 2.42233e+02 2.55426e+02 2.61534e+02 2.69773e+02
5.00000e+01 1.21532e+02 1.98690e+02 2.62845e+02 2.64664e+02 2.37587e+02 2.41422e+02 2.55022e+02 2.61330e+02 2.69757e+02
5.00000e+01 1.21331e+02 1.98219e+02 2.62760e+02 2.64605e+02 2.36814e+02 2.40673e+02 2.54649e+02 2.61143e+02 2.69743e+02
5.00000e+01 1.21154e+02 1.97810e+02 2.62685e+02 2.64554e+02 2.36099e+02 2.39980e+02 2.54304e+02 2.60969e+02 2.69730e+02
5.00000e+01 1.20999e+02 1.97454e+02 2.62621e+02 2.64509e+02 2.35435e+02 2.39339e+02 2.53985e+02 2.60809e+02 2.69718e+02
5.00000e+01 1.20862e+02 1.97144e+02 2.62564e+02 2.64470e+02 2.34819e+02 2.38745e+02 2.53690e+02 2.60660e+02 2.69707e+02
5.00000e+01 1.20741e+02 1.96873e+02 2.62515e+02 2.64436e+02 2.34247e+02 2.38193e+02 2.53417e+02 2.60523e+02 2.69697e+02
5.00000e+01 1.20633e+02 1.96636e+02 2.62471e+02 2.64406e+02 2.33714e+02 2.37681e+02 2.53163e+02 2.60394e+02 2.69687e+02
5.00000e+01 1.20538e+02 1.96428e+02 2.62433e+02 2.64380e+02 2.33219e+02 2.37205e+02 2.52927e+02 2.60275e+02 2.69679e+02
5.00000e+01 1.20453e+02 1.96246e+02 2.62400e+02 2.64357e+02 2.32756e+02 2.36761e+02 2.52708e+02 2.60164e+02 2.69671e+02
5.00000e+01 1.20377e+02 1.96086e+02 2.62371e+02 2.64337e+02 2.32324e+02 2.36348e+02 2.52503e+02 2.60061e+02 2.69663e+02
5.00000e+01 1.20309e+02 1.95944e+02 2.62345e+02 2.64319e+02 2.31921e+02 2.35962e+02 2.52313e+02 2.59965e+02 2.69656e+02
5.00000e+01 1.20248e+02 1.95819e+02 2.62322e+02 2.64304e+02 2.31544e+02 2.35602e+02 2.52135e+02 2.59875e+02 2.69650e+02
5.00000e+01 1.20194e+02 1.95710e+02 2.62302e+02 2.64290e+02 2.31196e+02 2.35270e+02 2.51971e+02 2.59791e+02 2.69644e+02
5.00000e+01 1.20146e+02 1.95615e+02 2.62284e+02 2.64278e+02 2.30875e+02 2.34965e+02 2.51820e+02 2.59715e+02 2.69639e+02
5.00000e+01 1.20103e+02 1.95530e+02 2.62268e+02 2.64267e+02 2.30573e+02 2.34677e+02 2.51678e+02 2.59642e+02 2.69634e+02
5.00000e+01 1.20063e+02 1.95453e+02 2.62254e+02 2.64257e+02 2.30289e+02 2.34407e+02 2.51545e+02 2.59575e+02 2.69629e+02
5.00000e+01 1.20028e+02 1.95385e+02 2.62242e+02 2.64249e+02 2.30021e+02 2.34153e+02 2.51420e+02 2.59511e+02 2.69625e+02
