2.70000e+02 2.70000e+02 2.70000e+02 2.68777e+02 2.68357e+02 2.75407e+02 2.74913e+02 2.72844e+02 2.71943e+02 2.70971e+02
2.70000e+02 2.70000e+02 2.70000e+02 2.68777e+02 2.68357e+02 2.75407e+02 2.74913e+02 2.72844e+02 2.71943e+02 2.70971e+02
5.00000e+01 1.50000e+02 2.50000e+02 2.68695e+02 2.68338e+02 2.74510e+02 2.74172e+02 2.72484e+02 2.71688e+02 2.70869e+02
5.00000e+01 1.43697e+02 2.44524e+02 2.68457e+02 2.68250e+02 2.72342e+02 2.72291e+02 2.71418e+02 2.70826e+02 2.70672e+02
5.00000e+01 1.39851e+02 2.38991e+02 2.68087e+02 2.68078e+02 2.69505e+02 2.69783e+02 2.69991e+02 2.69697e+02 2.70497e+02
5.00000e+01 1.36897e+02 2.33404e+02 2.67614e+02 2.67833e+02 2.66468e+02 2.67077e+02 2.68475e+02 2.68600e+02 2.70355e+02
5.00000e+01 1.34362e+02 2.28107e+02 2.67082e+02 2.67536e+02 2.63445e+02 2.64374e+02 2.66978e+02 2.67610e+02 2.70238e+02
5.00000e+01 1.32156e+02 2.23412e+02 2.66535e+02 2.67212e+02 2.60539e+02 2.61771e+02 2.65546e+02 2.66728e+02 2.70140e+02
5.00000e+01 1.30312e+02 2.19358e+02 2.66003e+02 2.66887e+02 2.57800e+02 2.59313e+02 2.64200e+02 2.65939e+02 2.70055e+02
5.00000e+01 1.28786e+02 2.15891e+02 2.65508e+02 2.66575e+02 2.55247e+02 2.57019e+02 2.62949e+02 2.65230e+02 2.69980e+02
5.00000e+01 1.27517e+02 2.12938e+02 2.65059e+02 2.66287e+02 2.52884e+02 2.54895e+02 2.61796e+02 2.64592e+02 2.69915e+02
5.00000e+01 1.26453e+02 2.10426e+02 2.64658e+02 2.66027e+02 2.50707e+02 2.52938e+02 2.60737e+02 2.64015e+02 2.69857e+02
5.00000e+01 1.25556e+02 2.08287e+02 2.64304e+02 2.65796e+02 2.48708e+02 2.51140e+02 2.59769e+02 2.63494e+02 2.69806e+02
5.00000e+01 1.24796e+02 2.06464e+02 2.63993e+02 2.65592e+02 2.46875e+02 2.49491e+02 2.58885e+02 2.63022e+02 2.69761e+02
5.00000e+01 1.24148e+02 2.04908e+02 2.63722e+02 2.65413e+02 2.45194e+02 2.47980e+02 2.58079e+02 2.62594e+02 2.69721e+02
5.00000e+01 1.23594e+02 2.03576e+02 2.63486e+02 2.65256e+02 2.43655e+02 2.46596e+02 2.57344e+02 2.62206e+02 2.69685e+02
5.00000e+01 1.23118e+02 2.02435e+02 2.63280e+02 2.65120e+02 2.42243e+02 2.45328e+02 2.56673e+02 2.61854e+02 2.69652e+02
5.00000e+01 1.22707e+02 2.01455e+02 2.63102e+02 2.65002e+02 2.40949e+02 2.44165e+02 2.56061e+02 2.61534e+02 2.69623e+02
5.00000e+01 1.22352e+02 2.00611e+02 2.62947e+02 2.64899e+02 2.39762e+02 2.43098e+02 2.55501e+02 2.61241e+02 2.69597e+02
5.00000e+01 1.22043e+02 1.99884e+02 2.62812e+02 2.64810e+02 2.38670e+02 2.42119e+02 2.54989e+02 2.60975e+02 2.69574e+02
5.00000e+01 1.21775e+02 1.99256e+02 2.62695e+02 2.64732e+02 2.37667e+02 2.41218e+02 2.54521e+02 2.60731e+02 2.69552e+02
5.00000e+01 1.21541e+02 1.98713e+02 2.62593e+02 2.64664e+02 2.36743e+02 2.40389e+02 2.54091e+02 2.60508e+02 2.69533e+02
5.00000e+01 1.21336e+02 1.98242e+02 2.62504e+02 2.64605e+02 2.35891e+02 2.39625e+02 2.53697e+02 2.60304e+02 2.69515e+02
5.00000e+01 1.21156e+02 1.97833e+02 2.62427e+02 2.64554e+02 2.35105e+02 2.38920e+02 2.53334e+02 2.60116e+02 2.69499e+02
5.00000e+01 1.20998e+02 1.97477e+02 2.62359e+02 2.64509e+02 2.34379e+02 2.38268e+02 2.53000e+02 2.59943e+02 2.69485e+02
5.00000e+01 1.20859e+02 1.97167e+02 2.62300e+02 2.64470e+02 2.33707e+02 2.37666e+02 2.52693e+02 2.59784e+02 2.69472e+02
5.00000e+01 1.20736e+02 1.96896e+02 2.62249e+02 2.64436e+02 2.33084e+02 2.37108e+02 2.52409e+02 2.59637e+02 2.69459e+02
5.00000e+01 1.20627e+02 1.96659e+02 2.62204e+02 2.64406e+02 2.32507e+02 2.36590e+02 2.52146e+02 2.59502e+02 2.69448e+02
5.00000e+01 1.20530e+02 1.96451e+02 2.62164e+02 2.64380e+02 2.31970e+02 2.36109e+02 2.51903e+02 2.59376e+02 2.69438e+02
5.00000e+01 1.20444e+02 1.96269e+02 2.62130e+02 2.64357e+02 2.31471e+02 2.35662e+02 2.51677e+02 2.59260e+02 2.69429e+02
5.00000e+01 1.20368e+02 1.96109e+02 2.62099e+02 2.64337e+02 2.31007e+02 2.35246e+02 2.51468e+02 2.59153e+02 2.69420e+02
5.00000e+01 1.20299e+02 1.95968e+02 2.62072e+02 2.64319e+02 2.30574e+02 2.34859e+02 2.51274e+02 2.59053e+02 2.69412e+02
5.00000e+01 1.20238e+02 1.95843e+02 2.62048e+02 2.64303e+02 2.30170e+02 2.34497e+02 2.51093e+02 2.58959e+02 2.69404e+02
5.00000e+01 1.20182e+02 1.95733e+02 2.62027e+02 2.64290e+02 2.29793e+02 2.34159e+02 2.50925e+02 2.58873e+02 2.69398e+02
5.00000e+01 1.20133e+02 1.95635e+02 2.62009e+02 2.64277e+02 2.29440e+02 2.33843e+02 2.50767e+02 2.58792e+02 2.69391e+02
5.00000e+01 1.20089e+02 1.95549e+02 2.61992e+02 2.64267e+02 2.29116e+02 2.33553e+02 2.50623e+02 2.58718e+02 2.69385e+02
5.00000e+01 1.20049e+02 1.95474e+02 2.61978e+02 2.64257e+02 2.28818e+02 2.33287e+02 2.50490e+02 2.58649e+02 2.69380e+02
5.00000e+01 1.20013e+02 1.95407e+02 2.61965e+02 2.64249e+02 2.28537e+02 2.33035e+02 2.50365e+02 2.58585e+02 2.69375e+02
