2.70000e+02 2.70000e+02 2.70000e+02 2.68752e+02 2.68346e+02 2.67438e+02 2.68077e+02 2.70165e+02 2.70666e+02 2.70861e+02
2.70000e+02 2.70000e+02 2.70000e+02 2.68752e+02 2.68346e+02 2.67438e+02 2.68077e+02 2.70165e+02 2.70666e+02 2.70861e+02
5.00000e+01 1.50000e+02 2.50000e+02 2.68670e+02 2.68327e+02 2.66992e+02 2.67877e+02 2.69906e+02 2.70476e+02 2.70779e+02
5.00000e+01 1.43404e+02 2.44410e+02 2.68432e+02 2.68237e+02 2.65155e+02 2.66760e+02 2.68986e+02 2.69713e+02 2.70617e+02
5.00000e+01 1.39502e+02 2.38839e+02 2.68063e+02 2.68063e+02 2.62694e+02 2.64981e+02 2.67758e+02 2.68702e+02 2.70475e+02
5.00000e+01 1.36515e+02 2.33214e+02 2.67590e+02 2.67815e+02 2.60102e+02 2.62926e+02 2.66467e+02 2.67725e+02 2.70361e+02
5.00000e+01 1.33905e+02 2.27898e+02 2.67055e+02 2.67513e+02 2.57569e+02 2.60804e+02 2.65200e+02 2.66853e+02 2.70268e+02
5.00000e+01 1.31670e+02 2.23194e+02 2.66500e+02 2.67183e+02 2.55173e+02 2.58722e+02 2.63991e+02 2.66085e+02 2.70190e+02
5.00000e+01 1.29834e+02 2.19133e+02 2.65957e+02 2.66849e+02 2.52940e+02 2.56735e+02 2.62859e+02 2.65405e+02 2.70124e+02
5.00000e+01 1.28323e+02 2.15662e+02 2.65447e+02 2.66526e+02 2.50880e+02 2.54870e+02 2.61810e+02 2.64801e+02 2.70066e+02
5.00000e+01 1.27071e+02 2.12706e+02 2.64982e+02 2.66227e+02 2.48988e+02 2.53139e+02 2.60847e+02 2.64263e+02 2.70016e+02
5.00000e+01 1.26027e+02 2.10192e+02 2.64564e+02 2.65954e+02 2.47257e+02 2.51543e+02 2.59966e+02 2.63782e+02 2.69973e+02
5.00000e+01 1.25149e+02 2.08052e+02 2.64194e+02 2.65711e+02 2.45676e+02 2.50079e+02 2.59165e+02 2.63351e+02 2.69935e+02
5.00000e+01 1.24408e+02 2.06228e+02 2.63868e+02 2.65495e+02 2.44232e+02 2.48739e+02 2.58438e+02 2.62965e+02 2.69901e+02
5.00000e+01 1.23778e+02 2.04672e+02 2.63583e+02 2.65306e+02 2.42915e+02 2.47514e+02 2.57778e+02 2.62618e+02 2.69871e+02
5.00000e+01 1.23240e+02 2.03341e+02 2.63334e+02 2.65140e+02 2.41713e+02 2.46396e+02 2.57180e+02 2.62306e+02 2.69845e+02
5.00000e+01 1.22780e+02 2.02202e+02 2.63117e+02 2.64996e+02 2.40615e+02 2.45376e+02 2.56638e+02 2.62025e+02 2.69821e+02
5.00000e+01 1.22385e+02 2.01224e+02 2.62929e+02 2.64870e+02 2.39612e+02 2.44444e+02 2.56146e+02 2.61772e+02 2.69800e+02
5.00000e+01 1.22044e+02 2.00383e+02 2.62765e+02 2.64760e+02 2.38694e+02 2.43592e+02 2.55700e+02 2.61543e+02 2.69782e+02
5.00000e+01 1.21750e+02 1.99659e+02 2.62622e+02 2.64665e+02 2.37854e+02 2.42813e+02 2.55294e+02 2.61335e+02 2.69765e+02
5.00000e+01 1.21494e+02 1.99035e+02 2.62499e+02 2.64582e+02 2.37083e+02 2.42100e+02 2.54926e+02 2.61148e+02 2.69750e+02
5.00000e+01 1.21273e+02 1.98496e+02 2.62391e+02 2.64510e+02 2.36376e+02 2.41447e+02 2.54590e+02 2.60977e+02 2.69737e+02
5.00000e+01 1.21080e+02 1.98029e+02 2.62298e+02 2.64447e+02 2.35725e+02 2.40847e+02 2.54284e+02 2.60822e+02 2.69725e+02
5.00000e+01 1.20911e+02 1.97625e+02 2.62216e+02 2.64393e+02 2.35127e+02 2.40296e+02 2.54004e+02 2.60681e+02 2.69714e+02
5.00000e+01 1.20764e+02 1.97274e+02 2.62145e+02 2.64345e+02 2.34575e+02 2.39789e+02 2.53748e+02 2.60552e+02 2.69704e+02
5.00000e+01 1.20635e+02 1.96970e+02 2.62083e+02 2.64304e+02 2.34066e+02 2.39322e+02 2.53514e+02 2.60435e+02 2.69695e+02
5.00000e+01 1.20521e+02 1.96705e+02 2.62030e+02 2.64268e+02 2.33595e+02 2.38892e+02 2.53299e+02 2.60327e+02 2.69687e+02
5.00000e+01 1.20424e+02 1.96478e+02 2.61983e+02 2.64237e+02 2.33168e+02 2.38502e+02 2.53106e+02 2.60231e+02 2.69680e+02
5.00000e+01 1.20338e+02 1.96282e+02 2.61943e+02 2.64210e+02 2.32776e+02 2.38144e+02 2.52930e+02 2.60142e+02 2.69673e+02
5.00000e+01 1.20262e+02 1.96109e+02 2.61907e+02 2.64186e+02 2.32411e+02 2.37811e+02 2.52766e+02 2.60061e+02 2.69667e+02
5.00000e+01 1.20194e+02 1.95958e+02 2.61876e+02 2.64166e+02 2.32071e+02 2.37502e+02 2.52616e+02 2.59986e+02 2.69661e+02
5.00000e+01 1.20134e+02 1.95824e+02 2.61849e+02 2.64147e+02 2.31755e+02 2.37215e+02 2.52476e+02 2.59917e+02 2.69656e+02
5.00000e+01 1.20081e+02 1.95707e+02 2.61825e+02 2.64131e+02 2.31460e+02 2.36947e+02 2.52347e+02 2.59853e+02 2.69652e+02
5.00000e+01 1.20033e+02 1.95603e+02 2.61804e+02 2.64117e+02 2.31185e+02 2.36698e+02 2.52227e+02 2.59794e+02 2.69647e+02
5.00000e+01 1.19990e+02 1.95511e+02 2.61786e+02 2.64105e+02 2.30928e+02 2.36465e+02 2.52116e+02 2.59739e+02 2.69643e+02
5.00000e+01 1.19951e+02 1.95430e+02 2.61769e+02 2.64094e+02 2.30687e+02 2.36248e+02 2.52012e+02 2.59688e+02 2.69640e+02
5.00000e+01 1.19916e+02 1.95358e+02 2.61754e+02 2.64084e+02 2.30461e+02 2.36044e+02 2.51915e+02 2.59640e+02 2.69636e+02
5.00000e+01 1.19885e+02 1.95294e+02 2.61741e+02 2.64075e+02 2.30250e+02 2.35853e+02 2.51826e+02 2.59596e+02 2.69633e+02
