2.70000e+02 2.70000e+02 2.70000e+02 2.68756e+02 2.68408e+02 2.68757e+02 2.69191e+02 2.71085e+02 2.71259e+02 2.70890e+02
2.70000e+02 2.70000e+02 2.70000e+02 2.68756e+02 2.68408e+02 2.68757e+02 2.69191e+02 2.71085e+02 2.71259e+02 2.70890e+02
5.00000e+01 1.50000e+02 2.50000e+02 2.68657e+02 2.68378e+02 2.68296e+02 2.69050e+02 2.70715e+02 2.70993e+02 2.70803e+02
5.00000e+01 1.43483e+02 2.44440e+02 2.68395e+02 2.68258e+02 2.66153e+02 2.67866e+02 2.69720e+02 2.70166e+02 2.70637e+02
5.00000e+01 1.39605e+02 2.38926e+02 2.68000e+02 2.68044e+02 2.63491e+02 2.65947e+02 2.68438e+02 2.69122e+02 2.70493e+02
5.00000e+01 1.36641e+02 2.33377e+02 2.67501e+02 2.67750e+02 2.60791e+02 2.63717e+02 2.67099e+02 2.68130e+02 2.70378e+02
5.00000e+01 1.34088e+02 2.28143e+02 2.66941e+02 2.67401e+02 2.58204e+02 2.61413e+02 2.65783e+02 2.67252e+02 2.70284e+02
5.00000e+01 1.31889e+02 2.23525e+02 2.66362e+02 2.67026e+02 2.55777e+02 2.59154e+02 2.64527e+02 2.66478e+02 2.70205e+02
5.00000e+01 1.30078e+02 2.19552e+02 2.65798e+02 2.66651e+02 2.53522e+02 2.57000e+02 2.63345e+02 2.65791e+02 2.70138e+02
5.00000e+01 1.28590e+02 2.16168e+02 2.65272e+02 2.66293e+02 2.51439e+02 2.54980e+02 2.62246e+02 2.65177e+02 2.70079e+02
5.00000e+01 1.27359e+02 2.13295e+02 2.64792e+02 2.65962e+02 2.49523e+02 2.53104e+02 2.61232e+02 2.64624e+02 2.70028e+02
5.00000e+01 1.26332e+02 2.10858e+02 2.64364e+02 2.65664e+02 2.47762e+02 2.51371e+02 2.60299e+02 2.64124e+02 2.69983e+02
5.00000e+01 1.25470e+02 2.08789e+02 2.63986e+02 2.65399e+02 2.46148e+02 2.49777e+02 2.59443e+02 2.63672e+02 2.69942e+02
5.00000e+01 1.24742e+02 2.07031e+02 2.63654e+02 2.65166e+02 2.44667e+02 2.48314e+02 2.58660e+02 2.63260e+02 2.69907e+02
5.00000e+01 1.24123e+02 2.05533e+02 2.63363e+02 2.64961e+02 2.43309e+02 2.46971e+02 2.57943e+02 2.62886e+02 2.69875e+02
5.00000e+01 1.23595e+02 2.04255e+02 2.63111e+02 2.64782e+02 2.42064e+02 2.45741e+02 2.57287e+02 2.62545e+02 2.69846e+02
5.00000e+01 1.23142e+02 2.03162e+02 2.62891e+02 2.64627e+02 2.40920e+02 2.44612e+02 2.56686e+02 2.62233e+02 2.69820e+02
5.00000e+01 1.22752e+02 2.02225e+02 2.62701e+02 2.64492e+02 2.39870e+02 2.43576e+02 2.56136e+02 2.61948e+02 2.69797e+02
5.00000e+01 1.22416e+02 2.01420e+02 2.62535e+02 2.64374e+02 2.38904e+02 2.42625e+02 2.55631e+02 2.61686e+02 2.69776e+02
5.00000e+01 1.22124e+02 2.00727e+02 2.62391e+02 2.64272e+02 2.38015e+02 2.41751e+02 2.55168e+02 2.61446e+02 2.69757e+02
5.00000e+01 1.21871e+02 2.00130e+02 2.62266e+02 2.64184e+02 2.37196e+02 2.40947e+02 2.54742e+02 2.61226e+02 2.69739e+02
5.00000e+01 1.21650e+02 1.99614e+02 2.62158e+02 2.64107e+02 2.36441e+02 2.40206e+02 2.54351e+02 2.61023e+02 2.69724e+02
5.00000e+01 1.21457e+02 1.99167e+02 2.62063e+02 2.64039e+02 2.35744e+02 2.39524e+02 2.53990e+02 2.60836e+02 2.69709e+02
5.00000e+01 1.21288e+02 1.98780e+02 2.61981e+02 2.63981e+02 2.35099e+02 2.38894e+02 2.53658e+02 2.60664e+02 2.69696e+02
5.00000e+01 1.21139e+02 1.98443e+02 2.61909e+02 2.63930e+02 2.34503e+02 2.38313e+02 2.53352e+02 2.60505e+02 2.69684e+02
5.00000e+01 1.21008e+02 1.98150e+02 2.61846e+02 2.63886e+02 2.33951e+02 2.37775e+02 2.53069e+02 2.60358e+02 2.69673e+02
5.00000e+01 1.20893e+02 1.97894e+02 2.61791e+02 2.63847e+02 2.33439e+02 2.37277e+02 2.52807e+02 2.60223e+02 2.69663e+02
5.00000e+01 1.20790e+02 1.97670e+02 2.61743e+02 2.63813e+02 2.32964e+02 2.36816e+02 2.52565e+02 2.60097e+02 2.69654e+02
5.00000e+01 1.20699e+02 1.97474e+02 2.61701e+02 2.63783e+02 2.32523e+02 2.36388e+02 2.52341e+02 2.59980e+02 2.69645e+02
5.00000e+01 1.20619e+02 1.97303e+02 2.61664e+02 2.63757e+02 2.32114e+02 2.35991e+02 2.52133e+02 2.59872e+02 2.69638e+02
5.00000e+01 1.20549e+02 1.97156e+02 2.61632e+02 2.63734e+02 2.31746e+02 2.35634e+02 2.51946e+02 2.59775e+02 2.69631e+02
5.00000e+01 1.20487e+02 1.97026e+02 2.61604e+02 2.63714e+02 2.31402e+02 2.35301e+02 2.51772e+02 2.59685e+02 2.69624e+02
5.00000e+01 1.20430e+02 1.96912e+02 2.61580e+02 2.63697e+02 2.31081e+02 2.34991e+02 2.51610e+02 2.59601e+02 2.69618e+02
5.00000e+01 1.20380e+02 1.96810e+02 2.61558e+02 2.63681e+02 2.30780e+02 2.34702e+02 2.51459e+02 2.59522e+02 2.69613e+02
5.00000e+01 1.20334e+02 1.96719e+02 2.61538e+02 2.63668e+02 2.30499e+02 2.34431e+02 2.51318e+02 2.59449e+02 2.69607e+02
5.00000e+01 1.20293e+02 1.96638e+02 2.61521e+02 2.63655e+02 2.30235e+02 2.34177e+02 2.51186e+02 2.59380e+02 2.69602e+02
5.00000e+01 1.20255e+02 1.96566e+02 2.61506e+02 2.63644e+02 2.29989e+02 2.33940e+02 2.51063e+02 2.59317e+02 2.69598e+02
5.00000e+01 1.20221e+02 1.96501e+02 2.61492e+02 2.63635e+02 2.29757e+02 2.33718e+02 2.50948e+02 2.59257e+02 2.69594e+02
