2.70000e+02 2.70000e+02 2.70000e+02 2.68715e+02 2.68318e+02 2.66532e+02 2.67105e+02 2.69546e+02 2.70308e+02 2.70843e+02
2.70000e+02 2.70000e+02 2.70000e+02 2.68715e+02 2.68318e+02 2.66532e+02 2.67105e+02 2.69546e+02 2.70308e+02 2.70843e+02
5.00000e+01 1.50000e+02 2.50000e+02 2.68634e+02 2.68299e+02 2.66384e+02 2.66981e+02 2.69324e+02 2.70133e+02 2.70744e+02
5.00000e+01 1.43837e+02 2.44376e+02 2.68395e+02 2.68211e+02 2.64924e+02 2.65719e+02 2.68362e+02 2.69316e+02 2.70542e+02
5.00000e+01 1.40021e+02 2.38782e+02 2.68020e+02 2.68038e+02 2.62745e+02 2.63787e+02 2.67050e+02 2.68225e+02 2.70363e+02
5.00000e+01 1.37068e+02 2.33152e+02 2.67538e+02 2.67789e+02 2.60325e+02 2.61617e+02 2.65668e+02 2.67177e+02 2.70221e+02
5.00000e+01 1.34547e+02 2.27838e+02 2.66994e+02 2.67484e+02 2.57873e+02 2.59404e+02 2.64316e+02 2.66251e+02 2.70105e+02
5.00000e+01 1.32418e+02 2.23143e+02 2.66432e+02 2.67152e+02 2.55491e+02 2.57247e+02 2.63035e+02 2.65441e+02 2.70009e+02
5.00000e+01 1.30602e+02 2.19102e+02 2.65885e+02 2.66817e+02 2.53228e+02 2.55192e+02 2.61839e+02 2.64729e+02 2.69927e+02
5.00000e+01 1.29096e+02 2.15653e+02 2.65376e+02 2.66496e+02 2.51105e+02 2.53263e+02 2.60735e+02 2.64097e+02 2.69857e+02
5.00000e+01 1.27844e+02 2.12719e+02 2.64914e+02 2.66199e+02 2.49131e+02 2.51469e+02 2.59721e+02 2.63534e+02 2.69795e+02
5.00000e+01 1.26797e+02 2.10226e+02 2.64502e+02 2.65931e+02 2.47304e+02 2.49810e+02 2.58793e+02 2.63031e+02 2.69742e+02
5.00000e+01 1.25916e+02 2.08106e+02 2.64139e+02 2.65693e+02 2.45620e+02 2.48281e+02 2.57947e+02 2.62579e+02 2.69694e+02
5.00000e+01 1.25171e+02 2.06301e+02 2.63821e+02 2.65483e+02 2.44070e+02 2.46875e+02 2.57176e+02 2.62172e+02 2.69653e+02
5.00000e+01 1.24538e+02 2.04763e+02 2.63544e+02 2.65300e+02 2.42646e+02 2.45585e+02 2.56474e+02 2.61805e+02 2.69616e+02
5.00000e+01 1.23997e+02 2.03449e+02 2.63303e+02 2.65140e+02 2.41338e+02 2.44401e+02 2.55834e+02 2.61473e+02 2.69583e+02
5.00000e+01 1.23535e+02 2.02325e+02 2.63094e+02 2.65002e+02 2.40138e+02 2.43315e+02 2.55251e+02 2.61172e+02 2.69554e+02
5.00000e+01 1.23137e+02 2.01363e+02 2.62913e+02 2.64881e+02 2.39036e+02 2.42319e+02 2.54718e+02 2.60899e+02 2.69528e+02
5.00000e+01 1.22794e+02 2.00536e+02 2.62757e+02 2.64777e+02 2.38024e+02 2.41404e+02 2.54232e+02 2.60650e+02 2.69505e+02
5.00000e+01 1.22498e+02 1.99826e+02 2.62621e+02 2.64687e+02 2.37093e+02 2.40564e+02 2.53788e+02 2.60423e+02 2.69484e+02
5.00000e+01 1.22241e+02 1.99215e+02 2.62504e+02 2.64608e+02 2.36238e+02 2.39792e+02 2.53381e+02 2.60216e+02 2.69465e+02
5.00000e+01 1.22018e+02 1.98687e+02 2.62402e+02 2.64541e+02 2.35450e+02 2.39081e+02 2.53008e+02 2.60027e+02 2.69448e+02
5.00000e+01 1.21823e+02 1.98232e+02 2.62314e+02 2.64482e+02 2.34725e+02 2.38426e+02 2.52666e+02 2.59853e+02 2.69432e+02
5.00000e+01 1.21653e+02 1.97838e+02 2.62237e+02 2.64431e+02 2.34056e+02 2.37823e+02 2.52352e+02 2.59694e+02 2.69418e+02
5.00000e+01 1.21504e+02 1.97496e+02 2.62170e+02 2.64386e+02 2.33439e+02 2.37266e+02 2.52062e+02 2.59547e+02 2.69405e+02
5.00000e+01 1.21374e+02 1.97199e+02 2.62113e+02 2.64348e+02 2.32868e+02 2.36752e+02 2.51796e+02 2.59413e+02 2.69394e+02
5.00000e+01 1.21259e+02 1.96942e+02 2.62062e+02 2.64314e+02 2.32341e+02 2.36277e+02 2.51551e+02 2.59289e+02 2.69383e+02
5.00000e+01 1.21158e+02 1.96717e+02 2.62018e+02 2.64285e+02 2.31853e+02 2.35837e+02 2.51324e+02 2.59175e+02 2.69373e+02
5.00000e+01 1.21068e+02 1.96521e+02 2.61980e+02 2.64260e+02 2.31401e+02 2.35430e+02 2.51115e+02 2.59069e+02 2.69364e+02
5.00000e+01 1.20990e+02 1.96351e+02 2.61947e+02 2.64238e+02 2.30986e+02 2.35056e+02 2.50923e+02 2.58972e+02 2.69356e+02
5.00000e+01 1.20922e+02 1.96206e+02 2.61918e+02 2.64219e+02 2.30611e+02 2.34718e+02 2.50749e+02 2.58885e+02 2.69349e+02
5.00000e+01 1.20861e+02 1.96078e+02 2.61893e+02 2.64202e+02 2.30262e+02 2.34404e+02 2.50588e+02 2.58804e+02 2.69342e+02
5.00000e+01 1.20806e+02 1.95965e+02 2.61870e+02 2.64187e+02 2.29936e+02 2.34110e+02 2.50438e+02 2.58728e+02 2.69336e+02
5.00000e+01 1.20758e+02 1.95865e+02 2.61851e+02 2.64174e+02 2.29633e+02 2.33837e+02 2.50299e+02 2.58658e+02 2.69330e+02
5.00000e+01 1.20714e+02 1.95776e+02 2.61834e+02 2.64163e+02 2.29350e+02 2.33582e+02 2.50170e+02 2.58593e+02 2.69325e+02
5.00000e+01 1.20674e+02 1.95697e+02 2.61818e+02 2.64153e+02 2.29085e+02 2.33344e+02 2.50049e+02 2.58532e+02 2.69320e+02
5.00000e+01 1.20638e+02 1.95627e+02 2.61805e+02 2.64144e+02 2.28838e+02 2.33121e+02 2.49936e+02 2.58475e+02 2.69315e+02
5.00000e+01 1.20606e+02 1.95565e+02 2.61793e+02 2.64136e+02 2.28608e+02 2.32913e+02 2.49831e+02 2.58423e+02 2.69311e+02
