2.70000e+02 2.70000e+02 2.70000e+02 2.68734e+02 2.68332e+02 2.69202e+02 2.69440e+02 2.70367e+02 2.70654e+02 2.70861e+02
2.70000e+02 2.70000e+02 2.70000e+02 2.68734e+02 2.68332e+02 2.69202e+02 2.69440e+02 2.70367e+02 2.70654e+02 2.70861e+02
5.00000e+01 1.50000e+02 2.50000e+02 2.68654e+02 2.68314e+02 2.68891e+02 2.69166e+02 2.70198e+02 2.70523e+02 2.70784e+02
5.00000e+01 1.43711e+02 2.44414e+02 2.68413e+02 2.68223e+02 2.67323e+02 2.67765e+02 2.69337e+02 2.69816e+02 2.70622e+02
5.00000e+01 1.39826e+02 2.38842e+02 2.68034e+02 2.68046e+02 2.65081e+02 2.65742e+02 2.68131e+02 2.68842e+02 2.70478e+02
5.00000e+01 1.36830e+02 2.33210e+02 2.67547e+02 2.67791e+02 2.62625e+02 2.63530e+02 2.66841e+02 2.67888e+02 2.70363e+02
5.00000e+01 1.34264e+02 2.27870e+02 2.66995e+02 2.67480e+02 2.60158e+02 2.61313e+02 2.65566e+02 2.67031e+02 2.70269e+02
5.00000e+01 1.32035e+02 2.23136e+02 2.66423e+02 2.67140e+02 2.57776e+02 2.59173e+02 2.64348e+02 2.66272e+02 2.70190e+02
5.00000e+01 1.30182e+02 2.19048e+02 2.65866e+02 2.66797e+02 2.55523e+02 2.57149e+02 2.63205e+02 2.65596e+02 2.70122e+02
5.00000e+01 1.28653e+02 2.15552e+02 2.65345e+02 2.66468e+02 2.53418e+02 2.55257e+02 2.62146e+02 2.64992e+02 2.70064e+02
5.00000e+01 1.27386e+02 2.12576e+02 2.64872e+02 2.66163e+02 2.51466e+02 2.53501e+02 2.61170e+02 2.64451e+02 2.70013e+02
5.00000e+01 1.26327e+02 2.10046e+02 2.64449e+02 2.65888e+02 2.49663e+02 2.51879e+02 2.60277e+02 2.63964e+02 2.69968e+02
5.00000e+01 1.25438e+02 2.07895e+02 2.64075e+02 2.65642e+02 2.48003e+02 2.50386e+02 2.59461e+02 2.63525e+02 2.69928e+02
5.00000e+01 1.24687e+02 2.06064e+02 2.63748e+02 2.65425e+02 2.46476e+02 2.49013e+02 2.58716e+02 2.63129e+02 2.69894e+02
5.00000e+01 1.24049e+02 2.04504e+02 2.63461e+02 2.65236e+02 2.45073e+02 2.47752e+02 2.58037e+02 2.62771e+02 2.69863e+02
5.00000e+01 1.23506e+02 2.03171e+02 2.63212e+02 2.65070e+02 2.43783e+02 2.46594e+02 2.57418e+02 2.62446e+02 2.69835e+02
5.00000e+01 1.23040e+02 2.02032e+02 2.62996e+02 2.64926e+02 2.42598e+02 2.45530e+02 2.56853e+02 2.62152e+02 2.69810e+02
5.00000e+01 1.22640e+02 2.01056e+02 2.62808e+02 2.64800e+02 2.41508e+02 2.44552e+02 2.56338e+02 2.61884e+02 2.69788e+02
5.00000e+01 1.22296e+02 2.00218e+02 2.62645e+02 2.64692e+02 2.40504e+02 2.43652e+02 2.55866e+02 2.61641e+02 2.69769e+02
5.00000e+01 1.21998e+02 1.99498e+02 2.62503e+02 2.64597e+02 2.39579e+02 2.42823e+02 2.55435e+02 2.61418e+02 2.69751e+02
5.00000e+01 1.21740e+02 1.98877e+02 2.62381e+02 2.64515e+02 2.38727e+02 2.42059e+02 2.55039e+02 2.61215e+02 2.69735e+02
5.00000e+01 1.21516e+02 1.98342e+02 2.62274e+02 2.64444e+02 2.37940e+02 2.41353e+02 2.54676e+02 2.61029e+02 2.69720e+02
5.00000e+01 1.21320e+02 1.97879e+02 2.62182e+02 2.64382e+02 2.37212e+02 2.40702e+02 2.54343e+02 2.60858e+02 2.69707e+02
5.00000e+01 1.21149e+02 1.97478e+02 2.62101e+02 2.64328e+02 2.36539e+02 2.40099e+02 2.54036e+02 2.60701e+02 2.69695e+02
5.00000e+01 1.21000e+02 1.97131e+02 2.62031e+02 2.64282e+02 2.35915e+02 2.39541e+02 2.53753e+02 2.60557e+02 2.69684e+02
5.00000e+01 1.20868e+02 1.96829e+02 2.61970e+02 2.64241e+02 2.35337e+02 2.39024e+02 2.53492e+02 2.60424e+02 2.69674e+02
5.00000e+01 1.20753e+02 1.96566e+02 2.61917e+02 2.64205e+02 2.34800e+02 2.38543e+02 2.53251e+02 2.60302e+02 2.69665e+02
5.00000e+01 1.20651e+02 1.96337e+02 2.61870e+02 2.64174e+02 2.34301e+02 2.38097e+02 2.53028e+02 2.60189e+02 2.69657e+02
5.00000e+01 1.20560e+02 1.96137e+02 2.61830e+02 2.64147e+02 2.33837e+02 2.37682e+02 2.52821e+02 2.60084e+02 2.69649e+02
5.00000e+01 1.20482e+02 1.95965e+02 2.61794e+02 2.64124e+02 2.33415e+02 2.37305e+02 2.52634e+02 2.59989e+02 2.69642e+02
5.00000e+01 1.20413e+02 1.95815e+02 2.61764e+02 2.64103e+02 2.33025e+02 2.36956e+02 2.52461e+02 2.59902e+02 2.69636e+02
5.00000e+01 1.20351e+02 1.95683e+02 2.61737e+02 2.64085e+02 2.32659e+02 2.36629e+02 2.52299e+02 2.59820e+02 2.69630e+02
5.00000e+01 1.20296e+02 1.95566e+02 2.61713e+02 2.64070e+02 2.32316e+02 2.36323e+02 2.52149e+02 2.59744e+02 2.69624e+02
5.00000e+01 1.20246e+02 1.95463e+02 2.61692e+02 2.64056e+02 2.31996e+02 2.36036e+02 2.52008e+02 2.59673e+02 2.69619e+02
5.00000e+01 1.20201e+02 1.95372e+02 2.61674e+02 2.64043e+02 2.31695e+02 2.35767e+02 2.51877e+02 2.59607e+02 2.69615e+02
5.00000e+01 1.20160e+02 1.95290e+02 2.61657e+02 2.64033e+02 2.31412e+02 2.35514e+02 2.51754e+02 2.59545e+02 2.69610e+02
5.00000e+01 1.20124e+02 1.95218e+02 2.61643e+02 2.64023e+02 2.31147e+02 2.35277e+02 2.51639e+02 2.59487e+02 2.69606e+02
5.00000e+01 1.20090e+02 1.95153e+02 2.61630e+02 2.64014e+02 2.30897e+02 2.35054e+02 2.51531e+02 2.59433e+02 2.69602e+02
