2.70000e+02 2.70000e+02 2.70000e+02 2.68754e+02 2.68346e+02 2.76048e+02 2.75527e+02 2.73355e+02 2.72264e+02 2.70974e+02
2.70000e+02 2.70000e+02 2.70000e+02 2.68754e+02 2.68346e+02 2.76048e+02 2.75527e+02 2.73355e+02 2.72264e+02 2.70974e+02
5.00000e+01 1.50000e+02 2.50000e+02 2.68638e+02 2.68312e+02 2.75377e+02 2.75016e+02 2.72955e+02 2.71974e+02 2.70880e+02
5.00000e+01 1.43999e+02 2.44521e+02 2.68395e+02 2.68213e+02 2.73527e+02 2.73464e+02 2.71854e+02 2.71078e+02 2.70700e+02
5.00000e+01 1.40222e+02 2.38980e+02 2.68032e+02 2.68040e+02 2.71022e+02 2.71277e+02 2.70432e+02 2.69945e+02 2.70543e+02
5.00000e+01 1.37303e+02 2.33406e+02 2.67579e+02 2.67801e+02 2.68283e+02 2.68848e+02 2.68951e+02 2.68864e+02 2.70416e+02
5.00000e+01 1.34797e+02 2.28131e+02 2.67076e+02 2.67516e+02 2.65516e+02 2.66374e+02 2.67505e+02 2.67902e+02 2.70312e+02
5.00000e+01 1.32711e+02 2.23466e+02 2.66564e+02 2.67212e+02 2.62828e+02 2.63959e+02 2.66131e+02 2.67054e+02 2.70225e+02
5.00000e+01 1.30908e+02 2.19450e+02 2.66074e+02 2.66909e+02 2.60271e+02 2.61654e+02 2.64843e+02 2.66301e+02 2.70149e+02
5.00000e+01 1.29403e+02 2.16026e+02 2.65620e+02 2.66622e+02 2.57871e+02 2.59482e+02 2.63647e+02 2.65629e+02 2.70084e+02
5.00000e+01 1.28148e+02 2.13116e+02 2.65212e+02 2.66360e+02 2.55632e+02 2.57455e+02 2.62543e+02 2.65024e+02 2.70026e+02
5.00000e+01 1.27097e+02 2.10644e+02 2.64851e+02 2.66125e+02 2.53555e+02 2.55571e+02 2.61527e+02 2.64478e+02 2.69975e+02
5.00000e+01 1.26211e+02 2.08543e+02 2.64533e+02 2.65917e+02 2.51632e+02 2.53827e+02 2.60594e+02 2.63983e+02 2.69930e+02
5.00000e+01 1.25460e+02 2.06756e+02 2.64256e+02 2.65734e+02 2.49856e+02 2.52214e+02 2.59739e+02 2.63535e+02 2.69890e+02
5.00000e+01 1.24821e+02 2.05233e+02 2.64015e+02 2.65575e+02 2.48215e+02 2.50726e+02 2.58956e+02 2.63127e+02 2.69854e+02
5.00000e+01 1.24275e+02 2.03932e+02 2.63806e+02 2.65437e+02 2.46700e+02 2.49352e+02 2.58237e+02 2.62755e+02 2.69821e+02
5.00000e+01 1.23806e+02 2.02819e+02 2.63624e+02 2.65316e+02 2.45302e+02 2.48085e+02 2.57578e+02 2.62416e+02 2.69792e+02
5.00000e+01 1.23402e+02 2.01866e+02 2.63467e+02 2.65212e+02 2.44010e+02 2.46914e+02 2.56972e+02 2.62106e+02 2.69766e+02
5.00000e+01 1.23052e+02 2.01047e+02 2.63331e+02 2.65122e+02 2.42815e+02 2.45833e+02 2.56416e+02 2.61821e+02 2.69742e+02
5.00000e+01 1.22749e+02 2.00342e+02 2.63214e+02 2.65044e+02 2.41710e+02 2.44833e+02 2.55903e+02 2.61560e+02 2.69721e+02
5.00000e+01 1.22485e+02 1.99734e+02 2.63111e+02 2.64976e+02 2.40687e+02 2.43907e+02 2.55431e+02 2.61320e+02 2.69701e+02
5.00000e+01 1.22255e+02 1.99209e+02 2.63023e+02 2.64917e+02 2.39739e+02 2.43050e+02 2.54995e+02 2.61099e+02 2.69683e+02
5.00000e+01 1.22053e+02 1.98754e+02 2.62946e+02 2.64866e+02 2.38859e+02 2.42255e+02 2.54593e+02 2.60894e+02 2.69666e+02
5.00000e+01 1.21876e+02 1.98360e+02 2.62879e+02 2.64822e+02 2.38042e+02 2.41516e+02 2.54220e+02 2.60706e+02 2.69651e+02
5.00000e+01 1.21720e+02 1.98018e+02 2.62821e+02 2.64783e+02 2.37282e+02 2.40830e+02 2.53875e+02 2.60531e+02 2.69638e+02
5.00000e+01 1.21583e+02 1.97719e+02 2.62770e+02 2.64749e+02 2.36575e+02 2.40192e+02 2.53555e+02 2.60369e+02 2.69625e+02
5.00000e+01 1.21461e+02 1.97459e+02 2.62725e+02 2.64720e+02 2.35917e+02 2.39598e+02 2.53258e+02 2.60218e+02 2.69613e+02
5.00000e+01 1.21353e+02 1.97231e+02 2.62686e+02 2.64694e+02 2.35302e+02 2.39044e+02 2.52981e+02 2.60078e+02 2.69602e+02
5.00000e+01 1.21257e+02 1.97031e+02 2.62652e+02 2.64672e+02 2.34729e+02 2.38527e+02 2.52724e+02 2.59948e+02 2.69592e+02
5.00000e+01 1.21171e+02 1.96856e+02 2.62622e+02 2.64652e+02 2.34193e+02 2.38043e+02 2.52484e+02 2.59827e+02 2.69583e+02
5.00000e+01 1.21094e+02 1.96701e+02 2.62596e+02 2.64634e+02 2.33691e+02 2.37592e+02 2.52260e+02 2.59714e+02 2.69574e+02
5.00000e+01 1.21025e+02 1.96565e+02 2.62573e+02 2.64619e+02 2.33222e+02 2.37169e+02 2.52050e+02 2.59608e+02 2.69566e+02
5.00000e+01 1.20963e+02 1.96445e+02 2.62552e+02 2.64606e+02 2.32782e+02 2.36772e+02 2.51855e+02 2.59509e+02 2.69559e+02
5.00000e+01 1.20907e+02 1.96338e+02 2.62534e+02 2.64594e+02 2.32369e+02 2.36401e+02 2.51671e+02 2.59417e+02 2.69552e+02
5.00000e+01 1.20857e+02 1.96243e+02 2.62518e+02 2.64583e+02 2.31982e+02 2.36052e+02 2.51500e+02 2.59330e+02 2.69545e+02
5.00000e+01 1.20811e+02 1.96158e+02 2.62504e+02 2.64574e+02 2.31618e+02 2.35724e+02 2.51339e+02 2.59249e+02 2.69539e+02
5.00000e+01 1.20770e+02 1.96083e+02 2.62491e+02 2.64565e+02 2.31282e+02 2.35421e+02 2.51190e+02 2.59174e+02 2.69534e+02
5.00000e+01 1.20733e+02 1.96017e+02 2.62480e+02 2.64558e+02 2.30972e+02 2.35142e+02 2.51053e+02 2.59105e+02 2.69528e+02
