2.70000e+02 2.70000e+02 2.70000e+02 2.68733e+02 2.68333e+02 2.70586e+02 2.70584e+02 2.70558e+02 2.70652e+02 2.70871e+02
2.70000e+02 2.70000e+02 2.70000e+02 2.68733e+02 2.68333e+02 2.70586e+02 2.70584e+02 2.70558e+02 2.70652e+02 2.70871e+02
5.00000e+01 1.50000e+02 2.50000e+02 2.68652e+02 2.68314e+02 2.70083e+02 2.70201e+02 2.70338e+02 2.70489e+02 2.70785e+02
5.00000e+01 1.43566e+02 2.44438e+02 2.68413e+02 2.68224e+02 2.68349e+02 2.68789e+02 2.69396e+02 2.69717e+02 2.70612e+02
5.00000e+01 1.39706e+02 2.38882e+02 2.68042e+02 2.68049e+02 2.65993e+02 2.66786e+02 2.68118e+02 2.68679e+02 2.70462e+02
5.00000e+01 1.36745e+02 2.33281e+02 2.67567e+02 2.67800e+02 2.63464e+02 2.64581e+02 2.66774e+02 2.67677e+02 2.70343e+02
5.00000e+01 1.34201e+02 2.27983e+02 2.67031e+02 2.67497e+02 2.60951e+02 2.62355e+02 2.65460e+02 2.66783e+02 2.70246e+02
5.00000e+01 1.31996e+02 2.23294e+02 2.66476e+02 2.67167e+02 2.58536e+02 2.60193e+02 2.64210e+02 2.65995e+02 2.70165e+02
5.00000e+01 1.30172e+02 2.19248e+02 2.65937e+02 2.66834e+02 2.56255e+02 2.58134e+02 2.63036e+02 2.65294e+02 2.70096e+02
5.00000e+01 1.28668e+02 2.15791e+02 2.65432e+02 2.66515e+02 2.54121e+02 2.56198e+02 2.61944e+02 2.64666e+02 2.70036e+02
5.00000e+01 1.27422e+02 2.12849e+02 2.64973e+02 2.66218e+02 2.52136e+02 2.54392e+02 2.60933e+02 2.64100e+02 2.69984e+02
5.00000e+01 1.26381e+02 2.10347e+02 2.64562e+02 2.65951e+02 2.50296e+02 2.52714e+02 2.60001e+02 2.63587e+02 2.69938e+02
5.00000e+01 1.25506e+02 2.08220e+02 2.64199e+02 2.65712e+02 2.48595e+02 2.51161e+02 2.59142e+02 2.63120e+02 2.69897e+02
5.00000e+01 1.24766e+02 2.06408e+02 2.63881e+02 2.65501e+02 2.47024e+02 2.49725e+02 2.58353e+02 2.62695e+02 2.69860e+02
5.00000e+01 1.24137e+02 2.04863e+02 2.63602e+02 2.65316e+02 2.45573e+02 2.48399e+02 2.57626e+02 2.62305e+02 2.69828e+02
5.00000e+01 1.23600e+02 2.03543e+02 2.63360e+02 2.65154e+02 2.44235e+02 2.47176e+02 2.56957e+02 2.61949e+02 2.69798e+02
5.00000e+01 1.23140e+02 2.02412e+02 2.63149e+02 2.65014e+02 2.43000e+02 2.46047e+02 2.56341e+02 2.61621e+02 2.69772e+02
5.00000e+01 1.22744e+02 2.01443e+02 2.62966e+02 2.64892e+02 2.41859e+02 2.45004e+02 2.55774e+02 2.61319e+02 2.69749e+02
5.00000e+01 1.22402e+02 2.00610e+02 2.62807e+02 2.64785e+02 2.40806e+02 2.44041e+02 2.55250e+02 2.61042e+02 2.69727e+02
5.00000e+01 1.22105e+02 1.99893e+02 2.62669e+02 2.64693e+02 2.39832e+02 2.43151e+02 2.54767e+02 2.60785e+02 2.69708e+02
5.00000e+01 1.21848e+02 1.99275e+02 2.62549e+02 2.64613e+02 2.38931e+02 2.42327e+02 2.54320e+02 2.60548e+02 2.69690e+02
5.00000e+01 1.21624e+02 1.98740e+02 2.62445e+02 2.64543e+02 2.38098e+02 2.41565e+02 2.53907e+02 2.60329e+02 2.69674e+02
5.00000e+01 1.21428e+02 1.98278e+02 2.62355e+02 2.64483e+02 2.37325e+02 2.40859e+02 2.53524e+02 2.60126e+02 2.69659e+02
5.00000e+01 1.21256e+02 1.97877e+02 2.62276e+02 2.64430e+02 2.36610e+02 2.40204e+02 2.53169e+02 2.59937e+02 2.69645e+02
5.00000e+01 1.21105e+02 1.97528e+02 2.62207e+02 2.64384e+02 2.35946e+02 2.39597e+02 2.52840e+02 2.59762e+02 2.69633e+02
5.00000e+01 1.20973e+02 1.97225e+02 2.62148e+02 2.64344e+02 2.35329e+02 2.39033e+02 2.52534e+02 2.59600e+02 2.69621e+02
5.00000e+01 1.20856e+02 1.96961e+02 2.62095e+02 2.64309e+02 2.34756e+02 2.38509e+02 2.52250e+02 2.59449e+02 2.69611e+02
5.00000e+01 1.20752e+02 1.96730e+02 2.62050e+02 2.64279e+02 2.34224e+02 2.38022e+02 2.51986e+02 2.59308e+02 2.69601e+02
5.00000e+01 1.20660e+02 1.96528e+02 2.62010e+02 2.64252e+02 2.33728e+02 2.37568e+02 2.51740e+02 2.59177e+02 2.69592e+02
5.00000e+01 1.20578e+02 1.96351e+02 2.61975e+02 2.64229e+02 2.33267e+02 2.37146e+02 2.51511e+02 2.59055e+02 2.69584e+02
5.00000e+01 1.20507e+02 1.96198e+02 2.61944e+02 2.64209e+02 2.32845e+02 2.36760e+02 2.51301e+02 2.58943e+02 2.69576e+02
5.00000e+01 1.20444e+02 1.96064e+02 2.61917e+02 2.64191e+02 2.32457e+02 2.36405e+02 2.51108e+02 2.58840e+02 2.69569e+02
5.00000e+01 1.20387e+02 1.95946e+02 2.61894e+02 2.64175e+02 2.32094e+02 2.36073e+02 2.50928e+02 2.58744e+02 2.69563e+02
5.00000e+01 1.20336e+02 1.95841e+02 2.61873e+02 2.64161e+02 2.31755e+02 2.35762e+02 2.50759e+02 2.58653e+02 2.69557e+02
5.00000e+01 1.20289e+02 1.95748e+02 2.61855e+02 2.64149e+02 2.31436e+02 2.35470e+02 2.50601e+02 2.58569e+02 2.69551e+02
5.00000e+01 1.20248e+02 1.95665e+02 2.61838e+02 2.64138e+02 2.31138e+02 2.35197e+02 2.50453e+02 2.58489e+02 2.69546e+02
5.00000e+01 1.20210e+02 1.95591e+02 2.61824e+02 2.64129e+02 2.30859e+02 2.34942e+02 2.50314e+02 2.58415e+02 2.69541e+02
5.00000e+01 1.20176e+02 1.95525e+02 2.61811e+02 2.64120e+02 2.30598e+02 2.34702e+02 2.50184e+02 2.58345e+02 2.69537e+02
