2.70000000e+02
5.00000000e+01
5.00000000e+01
5.00000000e+01
5.00000000e+01
5.00000000e+01
5.00000000e+01
5.00000000e+01
5.00000000e+01
5.00000000e+01
5.00000000e+01
5.00000000e+01
5.00000000e+01
5.00000000e+01
5.00000000e+01
5.00000000e+01
5.00000000e+01
5.00000000e+01
5.00000000e+01
5.00000000e+01
5.00000000e+01
5.00000000e+01
5.00000000e+01
5.00000000e+01
5.00000000e+01
5.00000000e+01
5.00000000e+01
5.00000000e+01
5.00000000e+01
5.00000000e+01
5.00000000e+01
5.00000000e+01
5.00000000e+01
5.00000000e+01
5.00000000e+01
5.00000000e+01
5.00000000e+01
2.70000000e+02
1.50000000e+02
1.43595552e+02
1.39749273e+02
1.36812364e+02
1.34297540e+02
1.32117401e+02
1.30313804e+02
1.28829672e+02
1.27601030e+02
1.26576404e+02
1.25715975e+02
1.24988934e+02
1.24371224e+02
1.23843844e+02
1.23391621e+02
1.23002315e+02
1.22665961e+02
1.22374384e+02
1.22120829e+02
1.21899681e+02
1.21706248e+02
1.21536591e+02
1.21387388e+02
1.21255828e+02
1.21139524e+02
1.21036446e+02
1.20944856e+02
1.20863269e+02
1.20790411e+02
1.20725185e+02
1.20666647e+02
1.20613981e+02
1.20566483e+02
1.20525033e+02
1.20487276e+02
1.20452849e+02
2.70000000e+02
2.50000000e+02
2.44513981e+02
2.39076236e+02
2.33636474e+02
2.28515900e+02
2.24007648e+02
2.20137177e+02
2.16845322e+02
2.14055086e+02
2.11691225e+02
2.09686627e+02
2.07983752e+02
2.06534166e+02
2.05297431e+02
2.04239894e+02
2.03333550e+02
2.02555067e+02
2.01884971e+02
2.01306960e+02
2.00807360e+02
2.00374666e+02
1.99999176e+02
1.99672687e+02
1.99388248e+02
1.99139956e+02
1.98922790e+02
1.98732467e+02
1.98565331e+02
1.98418255e+02
1.98288561e+02
1.98173950e+02
1.98072449e+02
1.97982358e+02
1.97904759e+02
1.97835295e+02
1.97772993e+02
2.68767957e+02
2.68658825e+02
2.68381918e+02
2.67976424e+02
2.67474729e+02
2.66918739e+02
2.66349595e+02
2.65799269e+02
2.65287384e+02
2.64823267e+02
2.64409399e+02
2.64044287e+02
2.63724396e+02
2.63445340e+02
2.63202546e+02
2.62991615e+02
2.62808497e+02
2.62649548e+02
2.62511548e+02
2.62391674e+02
2.62287470e+02
2.62196806e+02
2.62117841e+02
2.62048985e+02
2.61988869e+02
2.61936311e+02
2.61890295e+02
2.61849944e+02
2.61814503e+02
2.61783321e+02
2.61755838e+02
2.61731569e+02
2.61710097e+02
2.61691062e+02
2.61674439e+02
2.61659738e+02
2.61646629e+02
2.68415813e+02
2.68381380e+02
2.68251613e+02
2.68029260e+02
2.67731122e+02
2.67382729e+02
2.67012384e+02
2.66644411e+02
2.66295548e+02
2.65975070e+02
2.65686727e+02
2.65430798e+02
2.65205631e+02
2.65008642e+02
2.64836914e+02
2.64687521e+02
2.64557709e+02
2.64444964e+02
2.64347043e+02
2.64261970e+02
2.64188014e+02
2.64123672e+02
2.64067642e+02
2.64018797e+02
2.63976164e+02
2.63938906e+02
2.63906298e+02
2.63877718e+02
2.63852629e+02
2.63830567e+02
2.63811133e+02
2.63793983e+02
2.63778820e+02
2.63765387e+02
2.63753708e+02
2.63743319e+02
2.63734073e+02
2.74231745e+02
2.73415564e+02
2.71101001e+02
2.68192051e+02
2.65194297e+02
2.62288270e+02
2.59542020e+02
2.56978790e+02
2.54603266e+02
2.52411182e+02
2.50393617e+02
2.48539409e+02
2.46836533e+02
2.45272897e+02
2.43836794e+02
2.42517146e+02
2.41303630e+02
2.40186728e+02
2.39157726e+02
2.38208689e+02
2.37332412e+02
2.36522375e+02
2.35772685e+02
2.35078018e+02
2.34433573e+02
2.33835013e+02
2.33278424e+02
2.32760274e+02
2.32277367e+02
2.31826815e+02
2.31406003e+02
2.31012562e+02
2.30644344e+02
2.30299395e+02
2.29987862e+02
2.29694243e+02
2.29417803e+02
2.73782776e+02
2.73483398e+02
2.72249440e+02
2.70301880e+02
2.68024349e+02
2.65645090e+02
2.63288397e+02
2.61020751e+02
2.58876319e+02
2.56870618e+02
2.55007972e+02
2.53286055e+02
2.51698744e+02
2.50237917e+02
2.48894569e+02
2.47659503e+02
2.46523730e+02
2.45478708e+02
2.44516461e+02
2.43629622e+02
2.42811449e+02
2.42055796e+02
2.41357090e+02
2.40710283e+02
2.40110812e+02
2.39554557e+02
2.39037796e+02
2.38557169e+02
2.38109640e+02
2.37692466e+02
2.37303164e+02
2.36939488e+02
2.36599403e+02
2.36281059e+02
2.35993176e+02
2.35722539e+02
2.35467904e+02
2.72324446e+02
2.72104784e+02
2.71158498e+02
2.69873303e+02
2.68514205e+02
2.67171490e+02
2.65881445e+02
2.64661565e+02
2.63520460e+02
2.62461134e+02
2.61482757e+02
2.60582089e+02
2.59754539e+02
2.58994877e+02
2.58297693e+02
2.57657675e+02
2.57069772e+02
2.56529274e+02
2.56031846e+02
2.55573531e+02
2.55150742e+02
2.54760236e+02
2.54399089e+02
2.54064667e+02
2.53754601e+02
2.53466758e+02
2.53199218e+02
2.52950253e+02
2.52718303e+02
2.52501961e+02
2.52299956e+02
2.52111139e+02
2.51934467e+02
2.51768997e+02
2.51618971e+02
2.51477898e+02
2.51345131e+02
2.71666266e+02
2.71502802e+02
2.70726081e+02
2.69676719e+02
2.68658539e+02
2.67747139e+02
2.66940055e+02
2.66221022e+02
2.65575849e+02
2.64993996e+02
2.64467372e+02
2.63989427e+02
2.63554659e+02
2.63158341e+02
2.62796364e+02
2.62465129e+02
2.62161476e+02
2.61882615e+02
2.61626084e+02
2.61389704e+02
2.61171542e+02
2.60969883e+02
2.60783200e+02
2.60610133e+02
2.60449468e+02
2.60300116e+02
2.60161106e+02
2.60031561e+02
2.59910697e+02
2.59797804e+02
2.59692242e+02
2.59593433e+02
2.59500854e+02
2.59414029e+02
2.59335232e+02
2.59261013e+02
2.59191054e+02
2.70925504e+02
2.70841345e+02
2.70672153e+02
2.70524645e+02
2.70406945e+02
2.70310857e+02
2.70230125e+02
2.70160831e+02
2.70100591e+02
2.70047789e+02
2.70001224e+02
2.69959957e+02
2.69923234e+02
2.69890434e+02
2.69861039e+02
2.69834615e+02
2.69810791e+02
2.69789253e+02
2.69769731e+02
2.69751992e+02
2.69735835e+02
2.69721086e+02
2.69707592e+02
2.69695222e+02
2.69683858e+02
2.69673399e+02
2.69663756e+02
2.69654849e+02
2.69646609e+02
2.69638972e+02
2.69631885e+02
2.69625297e+02
2.69619166e+02
2.69613451e+02
2.69608283e+02
2.69603449e+02
2.69598919e+02
