2.70000e+02 2.70000e+02 2.70000e+02 2.68656e+02 2.68283e+02 2.71131e+02 2.71167e+02 2.71193e+02 2.71098e+02 2.70906e+02
2.70000e+02 2.70000e+02 2.70000e+02 2.68656e+02 2.68283e+02 2.71131e+02 2.71167e+02 2.71193e+02 2.71098e+02 2.70906e+02
5.00000e+01 1.50000e+02 2.50000e+02 2.68576e+02 2.68264e+02 2.70759e+02 2.70845e+02 2.70968e+02 2.70929e+02 2.70815e+02
5.00000e+01 1.43553e+02 2.44423e+02 2.68346e+02 2.68177e+02 2.69191e+02 2.69458e+02 2.70035e+02 2.70155e+02 2.70625e+02
5.00000e+01 1.39686e+02 2.38861e+02 2.67996e+02 2.68013e+02 2.66951e+02 2.67453e+02 2.68750e+02 2.69100e+02 2.70456e+02
5.00000e+01 1.36719e+02 2.33255e+02 2.67557e+02 2.67783e+02 2.64476e+02 2.65229e+02 2.67387e+02 2.68072e+02 2.70319e+02
5.00000e+01 1.34160e+02 2.27956e+02 2.67071e+02 2.67509e+02 2.61968e+02 2.62971e+02 2.66051e+02 2.67155e+02 2.70208e+02
5.00000e+01 1.31944e+02 2.23270e+02 2.66575e+02 2.67215e+02 2.59526e+02 2.60769e+02 2.64782e+02 2.66349e+02 2.70114e+02
5.00000e+01 1.30110e+02 2.19231e+02 2.66099e+02 2.66922e+02 2.57197e+02 2.58669e+02 2.63596e+02 2.65638e+02 2.70034e+02
5.00000e+01 1.28598e+02 2.15784e+02 2.65658e+02 2.66644e+02 2.55006e+02 2.56692e+02 2.62499e+02 2.65008e+02 2.69965e+02
5.00000e+01 1.27345e+02 2.12855e+02 2.65260e+02 2.66389e+02 2.52961e+02 2.54847e+02 2.61492e+02 2.64447e+02 2.69905e+02
5.00000e+01 1.26298e+02 2.10369e+02 2.64907e+02 2.66160e+02 2.51062e+02 2.53136e+02 2.60569e+02 2.63946e+02 2.69853e+02
5.00000e+01 1.25418e+02 2.08258e+02 2.64597e+02 2.65957e+02 2.49304e+02 2.51554e+02 2.59728e+02 2.63496e+02 2.69806e+02
5.00000e+01 1.24675e+02 2.06463e+02 2.64326e+02 2.65779e+02 2.47681e+02 2.50095e+02 2.58960e+02 2.63092e+02 2.69766e+02
5.00000e+01 1.24043e+02 2.04935e+02 2.64090e+02 2.65624e+02 2.46183e+02 2.48750e+02 2.58260e+02 2.62728e+02 2.69729e+02
5.00000e+01 1.23503e+02 2.03631e+02 2.63885e+02 2.65488e+02 2.44803e+02 2.47512e+02 2.57622e+02 2.62399e+02 2.69697e+02
5.00000e+01 1.23041e+02 2.02516e+02 2.63707e+02 2.65371e+02 2.43531e+02 2.46371e+02 2.57040e+02 2.62101e+02 2.69668e+02
5.00000e+01 1.22644e+02 2.01562e+02 2.63553e+02 2.65269e+02 2.42358e+02 2.45321e+02 2.56509e+02 2.61831e+02 2.69642e+02
5.00000e+01 1.22301e+02 2.00743e+02 2.63420e+02 2.65180e+02 2.41276e+02 2.44352e+02 2.56023e+02 2.61586e+02 2.69619e+02
5.00000e+01 1.22005e+02 2.00039e+02 2.63304e+02 2.65104e+02 2.40277e+02 2.43459e+02 2.55579e+02 2.61363e+02 2.69598e+02
5.00000e+01 1.21747e+02 1.99432e+02 2.63204e+02 2.65037e+02 2.39354e+02 2.42634e+02 2.55172e+02 2.61160e+02 2.69579e+02
5.00000e+01 1.21523e+02 1.98909e+02 2.63117e+02 2.64980e+02 2.38500e+02 2.41872e+02 2.54798e+02 2.60974e+02 2.69562e+02
5.00000e+01 1.21328e+02 1.98456e+02 2.63041e+02 2.64930e+02 2.37710e+02 2.41167e+02 2.54455e+02 2.60803e+02 2.69547e+02
5.00000e+01 1.21156e+02 1.98064e+02 2.62976e+02 2.64886e+02 2.36978e+02 2.40513e+02 2.54139e+02 2.60647e+02 2.69533e+02
5.00000e+01 1.21006e+02 1.97723e+02 2.62919e+02 2.64848e+02 2.36299e+02 2.39908e+02 2.53848e+02 2.60504e+02 2.69520e+02
5.00000e+01 1.20874e+02 1.97427e+02 2.62869e+02 2.64815e+02 2.35669e+02 2.39345e+02 2.53579e+02 2.60372e+02 2.69509e+02
5.00000e+01 1.20757e+02 1.97170e+02 2.62825e+02 2.64786e+02 2.35082e+02 2.38823e+02 2.53331e+02 2.60251e+02 2.69498e+02
5.00000e+01 1.20654e+02 1.96944e+02 2.62787e+02 2.64761e+02 2.34537e+02 2.38337e+02 2.53102e+02 2.60138e+02 2.69488e+02
5.00000e+01 1.20563e+02 1.96748e+02 2.62754e+02 2.64739e+02 2.34029e+02 2.37884e+02 2.52889e+02 2.60035e+02 2.69479e+02
5.00000e+01 1.20482e+02 1.96575e+02 2.62725e+02 2.64720e+02 2.33555e+02 2.37462e+02 2.52692e+02 2.59939e+02 2.69471e+02
5.00000e+01 1.20409e+02 1.96424e+02 2.62699e+02 2.64703e+02 2.33113e+02 2.37069e+02 2.52509e+02 2.59850e+02 2.69463e+02
5.00000e+01 1.20345e+02 1.96291e+02 2.62677e+02 2.64688e+02 2.32700e+02 2.36701e+02 2.52339e+02 2.59768e+02 2.69456e+02
5.00000e+01 1.20288e+02 1.96176e+02 2.62657e+02 2.64675e+02 2.32325e+02 2.36367e+02 2.52183e+02 2.59693e+02 2.69450e+02
5.00000e+01 1.20238e+02 1.96075e+02 2.62640e+02 2.64664e+02 2.31975e+02 2.36056e+02 2.52040e+02 2.59623e+02 2.69444e+02
5.00000e+01 1.20192e+02 1.95985e+02 2.62625e+02 2.64654e+02 2.31647e+02 2.35764e+02 2.51906e+02 2.59559e+02 2.69439e+02
5.00000e+01 1.20151e+02 1.95905e+02 2.62611e+02 2.64645e+02 2.31339e+02 2.35489e+02 2.51780e+02 2.59498e+02 2.69434e+02
5.00000e+01 1.20114e+02 1.95834e+02 2.62599e+02 2.64637e+02 2.31048e+02 2.35231e+02 2.51663e+02 2.59442e+02 2.69429e+02
5.00000e+01 1.20080e+02 1.95770e+02 2.62589e+02 2.64630e+02 2.30775e+02 2.34988e+02 2.51553e+02 2.59389e+02 2.69424e+02
