2.70000000e+02
5.00000000e+01
5.00000000e+01
5.00000000e+01
5.00000000e+01
5.00000000e+01
5.00000000e+01
5.00000000e+01
5.00000000e+01
5.00000000e+01
5.00000000e+01
5.00000000e+01
5.00000000e+01
5.00000000e+01
5.00000000e+01
5.00000000e+01
5.00000000e+01
5.00000000e+01
5.00000000e+01
5.00000000e+01
5.00000000e+01
5.00000000e+01
5.00000000e+01
5.00000000e+01
5.00000000e+01
5.00000000e+01
5.00000000e+01
5.00000000e+01
5.00000000e+01
5.00000000e+01
5.00000000e+01
5.00000000e+01
5.00000000e+01
5.00000000e+01
5.00000000e+01
5.00000000e+01
5.00000000e+01
2.70000000e+02
1.50000000e+02
1.43550144e+02
1.39678197e+02
1.36715013e+02
1.34160424e+02
1.31950723e+02
1.30127360e+02
1.28627287e+02
1.27385494e+02
1.26350116e+02
1.25481070e+02
1.24747316e+02
1.24124568e+02
1.23593607e+02
1.23139054e+02
1.22748476e+02
1.22411736e+02
1.22120506e+02
1.21867895e+02
1.21648172e+02
1.21456546e+02
1.21288990e+02
1.21142112e+02
1.21013040e+02
1.20899336e+02
1.20798927e+02
1.20710042e+02
1.20631168e+02
1.20561006e+02
1.20499459e+02
1.20445220e+02
1.20396396e+02
1.20352382e+02
1.20312621e+02
1.20276623e+02
1.20243959e+02
2.70000000e+02
2.50000000e+02
2.44469423e+02
2.38983655e+02
2.33475538e+02
2.28279802e+02
2.23694891e+02
2.19749530e+02
2.16387608e+02
2.13533643e+02
2.11112934e+02
2.09058361e+02
2.07312063e+02
2.05825117e+02
2.04556518e+02
2.03472022e+02
2.02543050e+02
2.01745728e+02
2.01060083e+02
2.00469363e+02
1.99959493e+02
1.99518610e+02
1.99136703e+02
1.98805295e+02
1.98517199e+02
1.98266311e+02
1.98047431e+02
1.97856128e+02
1.97688617e+02
1.97541660e+02
1.97414350e+02
1.97303636e+02
1.97205565e+02
1.97118531e+02
1.97041136e+02
1.96972172e+02
1.96910590e+02
2.68733516e+02
2.68630464e+02
2.68364525e+02
2.67971026e+02
2.67481313e+02
2.66937159e+02
2.66379658e+02
2.65840537e+02
2.65339162e+02
2.64884688e+02
2.64479534e+02
2.64122216e+02
2.63809262e+02
2.63536368e+02
2.63299054e+02
2.63093009e+02
2.62914262e+02
2.62759244e+02
2.62624793e+02
2.62508139e+02
2.62406870e+02
2.62318891e+02
2.62242392e+02
2.62175809e+02
2.62117794e+02
2.62067184e+02
2.62022976e+02
2.61984309e+02
2.61950438e+02
2.61920723e+02
2.61894782e+02
2.61872243e+02
2.61852416e+02
2.61834875e+02
2.61819309e+02
2.61805463e+02
2.61793120e+02
2.68330013e+02
2.68305855e+02
2.68203433e+02
2.68017382e+02
2.67760147e+02
2.67453642e+02
2.67123508e+02
2.66792485e+02
2.66476689e+02
2.66185377e+02
2.65922563e+02
2.65688896e+02
2.65483111e+02
2.65302991e+02
2.65145951e+02
2.65009365e+02
2.64890737e+02
2.64787777e+02
2.64698438e+02
2.64620906e+02
2.64553595e+02
2.64495123e+02
2.64444290e+02
2.64400060e+02
2.64361536e+02
2.64327945e+02
2.64298618e+02
2.64272982e+02
2.64250541e+02
2.64230866e+02
2.64213781e+02
2.64198856e+02
2.64185724e+02
2.64174131e+02
2.64163861e+02
2.64154738e+02
2.64146614e+02
2.70565988e+02
2.70086930e+02
2.68306815e+02
2.65855701e+02
2.63217830e+02
2.60600002e+02
2.58093474e+02
2.55737360e+02
2.53546039e+02
2.51521075e+02
2.49657142e+02
2.47945367e+02
2.46375259e+02
2.44935807e+02
2.43616111e+02
2.42405735e+02
2.41294890e+02
2.40274519e+02
2.39336318e+02
2.38472720e+02
2.37676865e+02
2.36942545e+02
2.36264159e+02
2.35636657e+02
2.35055490e+02
2.34516558e+02
2.34016171e+02
2.33551001e+02
2.33118047e+02
2.32714602e+02
2.32344726e+02
2.32004869e+02
2.31685883e+02
2.31386464e+02
2.31105224e+02
2.30840848e+02
2.30592120e+02
2.70701784e+02
2.70398204e+02
2.69080882e+02
2.67094967e+02
2.64858083e+02
2.62579583e+02
2.60361410e+02
2.58253408e+02
2.56278681e+02
2.54445493e+02
2.52753472e+02
2.51197333e+02
2.49769180e+02
2.48459909e+02
2.47260066e+02
2.46160345e+02
2.45151880e+02
2.44226387e+02
2.43376227e+02
2.42594421e+02
2.41874629e+02
2.41211113e+02
2.40598695e+02
2.40032712e+02
2.39508964e+02
2.39023674e+02
2.38573442e+02
2.38155207e+02
2.37766214e+02
2.37403978e+02
2.37071937e+02
2.36767190e+02
2.36481408e+02
2.36213290e+02
2.35961570e+02
2.35725049e+02
2.35502623e+02
2.71162561e+02
2.70855527e+02
2.69901461e+02
2.68638994e+02
2.67308205e+02
2.65998402e+02
2.64747165e+02
2.63571805e+02
2.62479831e+02
2.61472889e+02
2.60548933e+02
2.59703743e+02
2.58931968e+02
2.58227802e+02
2.57585400e+02
2.56999127e+02
2.56463689e+02
2.55974203e+02
2.55526208e+02
2.55115665e+02
2.54738934e+02
2.54392742e+02
2.54074158e+02
2.53780557e+02
2.53509588e+02
2.53259148e+02
2.53027356e+02
2.52812523e+02
2.52613139e+02
2.52427847e+02
2.52258649e+02
2.52103683e+02
2.51958511e+02
2.51822494e+02
2.51694953e+02
2.51575253e+02
2.51462810e+02
2.71124156e+02
2.70902198e+02
2.70118521e+02
2.69099260e+02
2.68116968e+02
2.67238182e+02
2.66459746e+02
2.65766655e+02
2.65146003e+02
2.64588077e+02
2.64085253e+02
2.63631211e+02
2.63220531e+02
2.62848481e+02
2.62510890e+02
2.62204072e+02
2.61924763e+02
2.61670071e+02
2.61437436e+02
2.61224590e+02
2.61029521e+02
2.60850448e+02
2.60685787e+02
2.60534135e+02
2.60394242e+02
2.60264995e+02
2.60145405e+02
2.60034587e+02
2.59931750e+02
2.59836187e+02
2.59748933e+02
2.59669288e+02
2.59594568e+02
2.59524463e+02
2.59458683e+02
2.59396925e+02
2.59338895e+02
2.70893304e+02
2.70807157e+02
2.70640946e+02
2.70494973e+02
2.70377421e+02
2.70280755e+02
2.70199132e+02
2.70128896e+02
2.70067793e+02
2.70014260e+02
2.69967114e+02
2.69925418e+02
2.69888409e+02
2.69855451e+02
2.69826014e+02
2.69799645e+02
2.69775960e+02
2.69754630e+02
2.69735374e+02
2.69717946e+02
2.69702137e+02
2.69687763e+02
2.69674665e+02
2.69662705e+02
2.69651760e+02
2.69641725e+02
2.69632506e+02
2.69624021e+02
2.69616197e+02
2.69608970e+02
2.69602384e+02
2.69596398e+02
2.69590824e+02
2.69585626e+02
2.69580773e+02
2.69576237e+02
2.69571992e+02
