2.70000e+02 2.70000e+02 2.70000e+02 2.68763e+02 2.68412e+02 2.73975e+02 2.73600e+02 2.72345e+02 2.71680e+02 2.70979e+02
2.70000e+02 2.70000e+02 2.70000e+02 2.68763e+02 2.68412e+02 2.73975e+02 2.73600e+02 2.72345e+02 2.71680e+02 2.70979e+02
5.00000e+01 1.50000e+02 2.50000e+02 2.68653e+02 2.68377e+02 2.73038e+02 2.73194e+02 2.72082e+02 2.71484e+02 2.70883e+02
5.00000e+01 1.43571e+02 2.44515e+02 2.68377e+02 2.68248e+02 2.70627e+02 2.71775e+02 2.71093e+02 2.70670e+02 2.70682e+02
5.00000e+01 1.39722e+02 2.39076e+02 2.67973e+02 2.68027e+02 2.67624e+02 2.69647e+02 2.69757e+02 2.69603e+02 2.70502e+02
5.00000e+01 1.36783e+02 2.33635e+02 2.67476e+02 2.67731e+02 2.64535e+02 2.67220e+02 2.68340e+02 2.68585e+02 2.70356e+02
5.00000e+01 1.34260e+02 2.28515e+02 2.66925e+02 2.67386e+02 2.61547e+02 2.64720e+02 2.66941e+02 2.67686e+02 2.70235e+02
5.00000e+01 1.32073e+02 2.24007e+02 2.66362e+02 2.67020e+02 2.58729e+02 2.62267e+02 2.65601e+02 2.66896e+02 2.70133e+02
5.00000e+01 1.30264e+02 2.20138e+02 2.65819e+02 2.66657e+02 2.56104e+02 2.59923e+02 2.64339e+02 2.66197e+02 2.70045e+02
5.00000e+01 1.28776e+02 2.16847e+02 2.65314e+02 2.66313e+02 2.53678e+02 2.57718e+02 2.63163e+02 2.65573e+02 2.69969e+02
5.00000e+01 1.27543e+02 2.14057e+02 2.64856e+02 2.65997e+02 2.51444e+02 2.55665e+02 2.62076e+02 2.65013e+02 2.69902e+02
5.00000e+01 1.26514e+02 2.11693e+02 2.64448e+02 2.65713e+02 2.49393e+02 2.53765e+02 2.61076e+02 2.64509e+02 2.69842e+02
5.00000e+01 1.25649e+02 2.09687e+02 2.64088e+02 2.65461e+02 2.47513e+02 2.52016e+02 2.60159e+02 2.64052e+02 2.69790e+02
5.00000e+01 1.24918e+02 2.07983e+02 2.63772e+02 2.65239e+02 2.45792e+02 2.50409e+02 2.59319e+02 2.63639e+02 2.69743e+02
5.00000e+01 1.24296e+02 2.06532e+02 2.63497e+02 2.65045e+02 2.44216e+02 2.48934e+02 2.58551e+02 2.63264e+02 2.69701e+02
5.00000e+01 1.23765e+02 2.05294e+02 2.63257e+02 2.64875e+02 2.42773e+02 2.47583e+02 2.57849e+02 2.62923e+02 2.69663e+02
5.00000e+01 1.23310e+02 2.04234e+02 2.63049e+02 2.64728e+02 2.41452e+02 2.46345e+02 2.57206e+02 2.62612e+02 2.69629e+02
5.00000e+01 1.22918e+02 2.03325e+02 2.62868e+02 2.64600e+02 2.40240e+02 2.45209e+02 2.56618e+02 2.62329e+02 2.69599e+02
5.00000e+01 1.22579e+02 2.02544e+02 2.62711e+02 2.64488e+02 2.39129e+02 2.44169e+02 2.56079e+02 2.62069e+02 2.69572e+02
5.00000e+01 1.22284e+02 2.01872e+02 2.62574e+02 2.64391e+02 2.38110e+02 2.43213e+02 2.55585e+02 2.61831e+02 2.69547e+02
5.00000e+01 1.22029e+02 2.01291e+02 2.62456e+02 2.64307e+02 2.37173e+02 2.42336e+02 2.55131e+02 2.61613e+02 2.69524e+02
5.00000e+01 1.21806e+02 2.00789e+02 2.62352e+02 2.64234e+02 2.36311e+02 2.41530e+02 2.54715e+02 2.61413e+02 2.69504e+02
5.00000e+01 1.21610e+02 2.00354e+02 2.62262e+02 2.64170e+02 2.35518e+02 2.40788e+02 2.54331e+02 2.61228e+02 2.69485e+02
5.00000e+01 1.21439e+02 1.99976e+02 2.62184e+02 2.64115e+02 2.34787e+02 2.40105e+02 2.53978e+02 2.61059e+02 2.69468e+02
5.00000e+01 1.21289e+02 1.99648e+02 2.62116e+02 2.64066e+02 2.34113e+02 2.39476e+02 2.53653e+02 2.60902e+02 2.69452e+02
5.00000e+01 1.21156e+02 1.99361e+02 2.62056e+02 2.64024e+02 2.33490e+02 2.38895e+02 2.53353e+02 2.60757e+02 2.69438e+02
5.00000e+01 1.21039e+02 1.99111e+02 2.62004e+02 2.63987e+02 2.32915e+02 2.38358e+02 2.53075e+02 2.60623e+02 2.69425e+02
5.00000e+01 1.20935e+02 1.98892e+02 2.61958e+02 2.63955e+02 2.32382e+02 2.37862e+02 2.52819e+02 2.60499e+02 2.69413e+02
5.00000e+01 1.20843e+02 1.98701e+02 2.61918e+02 2.63926e+02 2.31890e+02 2.37403e+02 2.52581e+02 2.60384e+02 2.69402e+02
5.00000e+01 1.20761e+02 1.98532e+02 2.61882e+02 2.63901e+02 2.31433e+02 2.36978e+02 2.52361e+02 2.60278e+02 2.69391e+02
5.00000e+01 1.20690e+02 1.98387e+02 2.61852e+02 2.63880e+02 2.31022e+02 2.36594e+02 2.52161e+02 2.60181e+02 2.69382e+02
5.00000e+01 1.20626e+02 1.98259e+02 2.61825e+02 2.63861e+02 2.30641e+02 2.36240e+02 2.51976e+02 2.60091e+02 2.69374e+02
5.00000e+01 1.20569e+02 1.98146e+02 2.61801e+02 2.63844e+02 2.30285e+02 2.35909e+02 2.51804e+02 2.60008e+02 2.69366e+02
5.00000e+01 1.20518e+02 1.98046e+02 2.61780e+02 2.63829e+02 2.29954e+02 2.35601e+02 2.51644e+02 2.59930e+02 2.69358e+02
5.00000e+01 1.20472e+02 1.97957e+02 2.61762e+02 2.63816e+02 2.29644e+02 2.35314e+02 2.51495e+02 2.59857e+02 2.69352e+02
5.00000e+01 1.20430e+02 1.97877e+02 2.61745e+02 2.63804e+02 2.29355e+02 2.35045e+02 2.51356e+02 2.59789e+02 2.69345e+02
5.00000e+01 1.20392e+02 1.97806e+02 2.61730e+02 2.63794e+02 2.29084e+02 2.34795e+02 2.51225e+02 2.59726e+02 2.69339e+02
5.00000e+01 1.20357e+02 1.97743e+02 2.61717e+02 2.63784e+02 2.28832e+02 2.34561e+02 2.51104e+02 2.59666e+02 2.69334e+02
