2.70000000e+02
5.00000000e+01
5.00000000e+01
5.00000000e+01
5.00000000e+01
5.00000000e+01
5.00000000e+01
5.00000000e+01
5.00000000e+01
5.00000000e+01
5.00000000e+01
5.00000000e+01
5.00000000e+01
5.00000000e+01
5.00000000e+01
5.00000000e+01
5.00000000e+01
5.00000000e+01
5.00000000e+01
5.00000000e+01
5.00000000e+01
5.00000000e+01
5.00000000e+01
5.00000000e+01
5.00000000e+01
5.00000000e+01
5.00000000e+01
5.00000000e+01
5.00000000e+01
5.00000000e+01
5.00000000e+01
5.00000000e+01
5.00000000e+01
5.00000000e+01
5.00000000e+01
5.00000000e+01
5.00000000e+01
2.70000000e+02
1.50000000e+02
1.43864368e+02
1.40087142e+02
1.37179597e+02
1.34691640e+02
1.32587749e+02
1.30789814e+02
1.29298528e+02
1.28059214e+02
1.27023252e+02
1.26152083e+02
1.25415506e+02
1.24789727e+02
1.24255808e+02
1.23798523e+02
1.23405513e+02
1.23066660e+02
1.22773624e+02
1.22519488e+02
1.22298482e+02
1.22105773e+02
1.21937297e+02
1.21789624e+02
1.21659851e+02
1.21545512e+02
1.21444511e+02
1.21355060e+02
1.21275630e+02
1.21204915e+02
1.21141791e+02
1.21086259e+02
1.21037133e+02
1.20992728e+02
1.20952535e+02
1.20916076e+02
1.20882927e+02
2.70000000e+02
2.50000000e+02
2.44458006e+02
2.38992903e+02
2.33537563e+02
2.28392208e+02
2.23849296e+02
2.19941731e+02
2.16610754e+02
2.13780706e+02
2.11378260e+02
2.09337779e+02
2.07602625e+02
2.06124792e+02
2.04863941e+02
2.03786291e+02
2.02863569e+02
2.02072099e+02
2.01392022e+02
2.00806646e+02
2.00301917e+02
1.99865975e+02
1.99488793e+02
1.99161876e+02
1.98878019e+02
1.98631099e+02
1.98415904e+02
1.98227993e+02
1.98063578e+02
1.97919423e+02
1.97792761e+02
1.97682933e+02
1.97587307e+02
1.97502383e+02
1.97426798e+02
1.97359372e+02
1.97299083e+02
2.68685025e+02
2.68586755e+02
2.68335229e+02
2.67965066e+02
2.67506656e+02
2.67000262e+02
2.66484610e+02
2.65988910e+02
2.65530495e+02
2.65117063e+02
2.64750133e+02
2.64427788e+02
2.64146451e+02
2.63901910e+02
2.63689889e+02
2.63506336e+02
2.63347545e+02
2.63210211e+02
2.63091417e+02
2.62988620e+02
2.62899610e+02
2.62822474e+02
2.62755565e+02
2.62697462e+02
2.62646943e+02
2.62602959e+02
2.62564608e+02
2.62531114e+02
2.62501814e+02
2.62476135e+02
2.62453587e+02
2.62433891e+02
2.62416772e+02
2.62401682e+02
2.62388296e+02
2.62376381e+02
2.62365747e+02
2.68357051e+02
2.68327254e+02
2.68212428e+02
2.68013103e+02
2.67744306e+02
2.67430287e+02
2.67097765e+02
2.66769107e+02
2.66459262e+02
2.66176161e+02
2.65922697e+02
2.65698718e+02
2.65502448e+02
2.65331379e+02
2.65182778e+02
2.65053961e+02
2.64942423e+02
2.64845899e+02
2.64762376e+02
2.64690086e+02
2.64627488e+02
2.64573244e+02
2.64526198e+02
2.64485354e+02
2.64449852e+02
2.64418954e+02
2.64392024e+02
2.64368517e+02
2.64347963e+02
2.64329960e+02
2.64314163e+02
2.64300421e+02
2.64288418e+02
2.64277845e+02
2.64268485e+02
2.64260164e+02
2.64252745e+02
2.70133963e+02
2.69861934e+02
2.68506382e+02
2.66429847e+02
2.64053406e+02
2.61598734e+02
2.59183282e+02
2.56868953e+02
2.54685931e+02
2.52646765e+02
2.50753773e+02
2.49003340e+02
2.47388561e+02
2.45900868e+02
2.44531029e+02
2.43269745e+02
2.42108009e+02
2.41037300e+02
2.40049682e+02
2.39137845e+02
2.38295100e+02
2.37515356e+02
2.36793090e+02
2.36123298e+02
2.35501455e+02
2.34923472e+02
2.34385651e+02
2.33884651e+02
2.33417447e+02
2.32981303e+02
2.32573738e+02
2.32199015e+02
2.31854518e+02
2.31530876e+02
2.31226522e+02
2.30940064e+02
2.30670240e+02
2.70268029e+02
2.69930319e+02
2.68458283e+02
2.66362791e+02
2.64070108e+02
2.61768137e+02
2.59544326e+02
2.57439766e+02
2.55471519e+02
2.53644268e+02
2.51955724e+02
2.50399692e+02
2.48967970e+02
2.47651507e+02
2.46441104e+02
2.45327814e+02
2.44303175e+02
2.43359312e+02
2.42488988e+02
2.41685592e+02
2.40943124e+02
2.40256150e+02
2.39619763e+02
2.39029535e+02
2.38481469e+02
2.37971961e+02
2.37497760e+02
2.37055927e+02
2.36643806e+02
2.36258995e+02
2.35899317e+02
2.35569053e+02
2.35265310e+02
2.34979513e+02
2.34710550e+02
2.34457309e+02
2.34218726e+02
2.70823235e+02
2.70561069e+02
2.69543232e+02
2.68164822e+02
2.66716073e+02
2.65305172e+02
2.63973545e+02
2.62736499e+02
2.61597437e+02
2.60554293e+02
2.59602113e+02
2.58734478e+02
2.57944411e+02
2.57224919e+02
2.56569309e+02
2.55971344e+02
2.55425315e+02
2.54926050e+02
2.54468898e+02
2.54049694e+02
2.53664719e+02
2.53310654e+02
2.52984540e+02
2.52683737e+02
2.52405890e+02
2.52148894e+02
2.51910867e+02
2.51690122e+02
2.51485147e+02
2.51294584e+02
2.51117210e+02
2.50954229e+02
2.50804294e+02
2.50664229e+02
2.50533172e+02
2.50410368e+02
2.50295159e+02
2.70913074e+02
2.70717389e+02
2.69871174e+02
2.68737668e+02
2.67640956e+02
2.66664673e+02
2.65808008e+02
2.65053764e+02
2.64385341e+02
2.63789815e+02
2.63257140e+02
2.62779170e+02
2.62349096e+02
2.61961132e+02
2.61610314e+02
2.61292359e+02
2.61003557e+02
2.60740684e+02
2.60500928e+02
2.60281834e+02
2.60081249e+02
2.59897282e+02
2.59728269e+02
2.59572739e+02
2.59429391e+02
2.59297070e+02
2.59174751e+02
2.59061518e+02
2.58956556e+02
2.58859134e+02
2.58768596e+02
2.58685521e+02
2.58609013e+02
2.58537605e+02
2.58470912e+02
2.58408539e+02
2.58350132e+02
2.70883112e+02
2.70782547e+02
2.70580164e+02
2.70401885e+02
2.70258934e+02
2.70142290e+02
2.70044787e+02
2.69961698e+02
2.69889983e+02
2.69827601e+02
2.69773026e+02
2.69725060e+02
2.69682728e+02
2.69645229e+02
2.69611895e+02
2.69582166e+02
2.69555569e+02
2.69531703e+02
2.69510226e+02
2.69490846e+02
2.69473313e+02
2.69457409e+02
2.69442950e+02
2.69429773e+02
2.69417737e+02
2.69406722e+02
2.69396618e+02
2.69387334e+02
2.69378786e+02
2.69370902e+02
2.69363618e+02
2.69356966e+02
2.69350880e+02
2.69345229e+02
2.69339971e+02
2.69335071e+02
2.69330498e+02
