2.70000000e+02
5.00000000e+01
5.00000000e+01
5.00000000e+01
5.00000000e+01
5.00000000e+01
5.00000000e+01
5.00000000e+01
5.00000000e+01
5.00000000e+01
5.00000000e+01
5.00000000e+01
5.00000000e+01
5.00000000e+01
5.00000000e+01
5.00000000e+01
5.00000000e+01
5.00000000e+01
5.00000000e+01
5.00000000e+01
5.00000000e+01
5.00000000e+01
5.00000000e+01
5.00000000e+01
5.00000000e+01
5.00000000e+01
5.00000000e+01
5.00000000e+01
5.00000000e+01
5.00000000e+01
5.00000000e+01
5.00000000e+01
5.00000000e+01
5.00000000e+01
5.00000000e+01
5.00000000e+01
5.00000000e+01
2.70000000e+02
1.50000000e+02
1.43929048e+02
1.40106544e+02
1.37143394e+02
1.34616860e+02
1.32509687e+02
1.30698372e+02
1.29193183e+02
1.27941725e+02
1.26895338e+02
1.26015180e+02
1.25270756e+02
1.24638016e+02
1.24097816e+02
1.23634770e+02
1.23236404e+02
1.22892518e+02
1.22594718e+02
1.22336055e+02
1.22110740e+02
1.21913932e+02
1.21741568e+02
1.21590219e+02
1.21456987e+02
1.21339411e+02
1.21235401e+02
1.21143170e+02
1.21061193e+02
1.20988162e+02
1.20922953e+02
1.20865686e+02
1.20815071e+02
1.20769334e+02
1.20727992e+02
1.20690563e+02
1.20656619e+02
2.70000000e+02
2.50000000e+02
2.44435488e+02
2.38870244e+02
2.33286279e+02
2.28038783e+02
2.23429262e+02
2.19484321e+02
2.16136201e+02
2.13301944e+02
2.10903318e+02
2.08871377e+02
2.07147237e+02
2.05681385e+02
2.04432491e+02
2.03366146e+02
2.02453710e+02
2.01671312e+02
2.00999026e+02
2.00420172e+02
1.99920764e+02
1.99489037e+02
1.99115082e+02
1.98790527e+02
1.98508287e+02
1.98262358e+02
1.98047637e+02
1.97859784e+02
1.97695101e+02
1.97550430e+02
1.97423074e+02
1.97312582e+02
1.97216339e+02
1.97130723e+02
1.97054403e+02
1.96986231e+02
1.96925218e+02
2.68674584e+02
2.68576008e+02
2.68324960e+02
2.67954969e+02
2.67498801e+02
2.66999529e+02
2.66496497e+02
2.66017723e+02
2.65578722e+02
2.65185537e+02
2.64838473e+02
2.64534856e+02
2.64270700e+02
2.64041628e+02
2.63843346e+02
2.63671871e+02
2.63523620e+02
2.63395425e+02
2.63284519e+02
2.63188500e+02
2.63105296e+02
2.63033118e+02
2.62970432e+02
2.62915918e+02
2.62868444e+02
2.62827039e+02
2.62790869e+02
2.62759221e+02
2.62731481e+02
2.62707121e+02
2.62685692e+02
2.62666961e+02
2.62650682e+02
2.62636303e+02
2.62623526e+02
2.62612137e+02
2.62601960e+02
2.68340013e+02
2.68310686e+02
2.68198552e+02
2.68003266e+02
2.67740243e+02
2.67434951e+02
2.67114502e+02
2.66800607e+02
2.66507074e+02
2.66240712e+02
2.66003560e+02
2.65794909e+02
2.65612684e+02
2.65454255e+02
2.65316882e+02
2.65197944e+02
2.65095035e+02
2.65006007e+02
2.64928965e+02
2.64862259e+02
2.64804457e+02
2.64754323e+02
2.64710793e+02
2.64672949e+02
2.64640004e+02
2.64611284e+02
2.64586209e+02
2.64564279e+02
2.64545069e+02
2.64528210e+02
2.64513389e+02
2.64500491e+02
2.64489223e+02
2.64479277e+02
2.64470457e+02
2.64462606e+02
2.64455597e+02
2.73306558e+02
2.72818233e+02
2.71083114e+02
2.68622053e+02
2.65892147e+02
2.63116168e+02
2.60407648e+02
2.57824494e+02
2.55393635e+02
2.53125384e+02
2.51020591e+02
2.49074615e+02
2.47279761e+02
2.45626782e+02
2.44105805e+02
2.42706894e+02
2.41420395e+02
2.40237127e+02
2.39148491e+02
2.38146508e+02
2.37223830e+02
2.36373718e+02
2.35590015e+02
2.34867106e+02
2.34199879e+02
2.33583682e+02
2.33014282e+02
2.32487829e+02
2.32000818e+02
2.31550058e+02
2.31132640e+02
2.30751906e+02
2.30405136e+02
2.30083228e+02
2.29783990e+02
2.29505620e+02
2.29246524e+02
2.73200160e+02
2.72737764e+02
2.71091621e+02
2.68780191e+02
2.66248279e+02
2.63698732e+02
2.61227822e+02
2.58882039e+02
2.56681649e+02
2.54633348e+02
2.52736184e+02
2.50984769e+02
2.49371292e+02
2.47886765e+02
2.46521807e+02
2.45267114e+02
2.44113734e+02
2.43053227e+02
2.42077731e+02
2.41179992e+02
2.40353351e+02
2.39591726e+02
2.38889573e+02
2.38241844e+02
2.37643955e+02
2.37091734e+02
2.36581393e+02
2.36109487e+02
2.35672882e+02
2.35268725e+02
2.34894415e+02
2.34553366e+02
2.34242606e+02
2.33953992e+02
2.33685588e+02
2.33435812e+02
2.33203265e+02
2.72566153e+02
2.72133840e+02
2.71027368e+02
2.69590119e+02
2.68088646e+02
2.66624806e+02
2.65238217e+02
2.63944039e+02
2.62745998e+02
2.61642639e+02
2.60629781e+02
2.59701785e+02
2.58852373e+02
2.58075146e+02
2.57363883e+02
2.56712712e+02
2.56116186e+02
2.55569311e+02
2.55067548e+02
2.54606783e+02
2.54183303e+02
2.53793760e+02
2.53435136e+02
2.53104711e+02
2.52800033e+02
2.52518889e+02
2.52259279e+02
2.52019393e+02
2.51797595e+02
2.51592396e+02
2.51402449e+02
2.51229704e+02
2.51072262e+02
2.50925780e+02
2.50789549e+02
2.50662832e+02
2.50544924e+02
2.71893700e+02
2.71573059e+02
2.70651087e+02
2.69510287e+02
2.68441986e+02
2.67506402e+02
2.66690790e+02
2.65973157e+02
2.65335397e+02
2.64764540e+02
2.64251118e+02
2.63787740e+02
2.63368355e+02
2.62987873e+02
2.62641945e+02
2.62326822e+02
2.62039250e+02
2.61776391e+02
2.61535760e+02
2.61315172e+02
2.61112698e+02
2.60926633e+02
2.60755460e+02
2.60597829e+02
2.60452534e+02
2.60318493e+02
2.60194737e+02
2.60080392e+02
2.59974669e+02
2.59876856e+02
2.59786306e+02
2.59703967e+02
2.59628979e+02
2.59559140e+02
2.59494138e+02
2.59433651e+02
2.59377360e+02
2.71010379e+02
2.70881925e+02
2.70652283e+02
2.70447344e+02
2.70281538e+02
2.70145498e+02
2.70031192e+02
2.69933234e+02
2.69848110e+02
2.69773506e+02
2.69707729e+02
2.69649460e+02
2.69597636e+02
2.69551380e+02
2.69509963e+02
2.69472770e+02
2.69439280e+02
2.69409049e+02
2.69381696e+02
2.69356895e+02
2.69334361e+02
2.69313850e+02
2.69295147e+02
2.69278065e+02
2.69262440e+02
2.69248128e+02
2.69235001e+02
2.69222946e+02
2.69211863e+02
2.69201663e+02
2.69192267e+02
2.69183706e+02
2.69175964e+02
2.69168799e+02
2.69162159e+02
2.69156003e+02
2.69150292e+02
