2.70000e+02 2.70000e+02 2.70000e+02 2.68767e+02 2.68356e+02 2.70424e+02 2.70529e+02 2.70868e+02 2.70916e+02 2.70883e+02
2.70000e+02 2.70000e+02 2.70000e+02 2.68767e+02 2.68356e+02 2.70424e+02 2.70529e+02 2.70868e+02 2.70916e+02 2.70883e+02
5.00000e+01 1.50000e+02 2.50000e+02 2.68685e+02 2.68337e+02 2.69916e+02 2.70251e+02 2.70643e+02 2.70746e+02 2.70783e+02
5.00000e+01 1.43494e+02 2.44444e+02 2.68447e+02 2.68246e+02 2.68097e+02 2.69035e+02 2.69700e+02 2.69956e+02 2.70573e+02
5.00000e+01 1.39619e+02 2.38893e+02 2.68075e+02 2.68071e+02 2.65628e+02 2.67162e+02 2.68409e+02 2.68879e+02 2.70384e+02
5.00000e+01 1.36651e+02 2.33295e+02 2.67599e+02 2.67821e+02 2.62990e+02 2.65012e+02 2.67041e+02 2.67828e+02 2.70231e+02
5.00000e+01 1.34082e+02 2.28001e+02 2.67059e+02 2.67517e+02 2.60381e+02 2.62790e+02 2.65695e+02 2.66885e+02 2.70104e+02
5.00000e+01 1.31860e+02 2.23314e+02 2.66498e+02 2.67183e+02 2.57884e+02 2.60602e+02 2.64408e+02 2.66052e+02 2.69997e+02
5.00000e+01 1.30027e+02 2.19266e+02 2.65949e+02 2.66845e+02 2.55532e+02 2.58504e+02 2.63200e+02 2.65313e+02 2.69905e+02
5.00000e+01 1.28517e+02 2.15803e+02 2.65433e+02 2.66518e+02 2.53338e+02 2.56522e+02 2.62077e+02 2.64654e+02 2.69825e+02
5.00000e+01 1.27263e+02 2.12852e+02 2.64961e+02 2.66214e+02 2.51302e+02 2.54669e+02 2.61041e+02 2.64064e+02 2.69755e+02
5.00000e+01 1.26215e+02 2.10340e+02 2.64536e+02 2.65937e+02 2.49421e+02 2.52949e+02 2.60090e+02 2.63535e+02 2.69694e+02
5.00000e+01 1.25332e+02 2.08199e+02 2.64160e+02 2.65689e+02 2.47686e+02 2.51359e+02 2.59221e+02 2.63059e+02 2.69639e+02
5.00000e+01 1.24585e+02 2.06373e+02 2.63828e+02 2.65470e+02 2.46090e+02 2.49895e+02 2.58427e+02 2.62630e+02 2.69591e+02
5.00000e+01 1.23949e+02 2.04812e+02 2.63537e+02 2.65277e+02 2.44622e+02 2.48548e+02 2.57704e+02 2.62244e+02 2.69548e+02
5.00000e+01 1.23405e+02 2.03476e+02 2.63283e+02 2.65107e+02 2.43273e+02 2.47310e+02 2.57045e+02 2.61895e+02 2.69510e+02
5.00000e+01 1.22938e+02 2.02329e+02 2.63061e+02 2.64959e+02 2.42033e+02 2.46174e+02 2.56445e+02 2.61579e+02 2.69475e+02
5.00000e+01 1.22535e+02 2.01344e+02 2.62868e+02 2.64830e+02 2.40894e+02 2.45132e+02 2.55898e+02 2.61293e+02 2.69445e+02
5.00000e+01 1.22188e+02 2.00496e+02 2.62699e+02 2.64718e+02 2.39848e+02 2.44175e+02 2.55399e+02 2.61034e+02 2.69417e+02
5.00000e+01 1.21886e+02 1.99764e+02 2.62553e+02 2.64620e+02 2.38886e+02 2.43296e+02 2.54945e+02 2.60799e+02 2.69392e+02
5.00000e+01 1.21624e+02 1.99132e+02 2.62426e+02 2.64534e+02 2.38001e+02 2.42489e+02 2.54529e+02 2.60585e+02 2.69370e+02
5.00000e+01 1.21395e+02 1.98585e+02 2.62314e+02 2.64460e+02 2.37187e+02 2.41748e+02 2.54150e+02 2.60391e+02 2.69350e+02
5.00000e+01 1.21195e+02 1.98110e+02 2.62218e+02 2.64395e+02 2.36438e+02 2.41066e+02 2.53803e+02 2.60213e+02 2.69331e+02
5.00000e+01 1.21020e+02 1.97698e+02 2.62133e+02 2.64339e+02 2.35749e+02 2.40439e+02 2.53486e+02 2.60052e+02 2.69315e+02
5.00000e+01 1.20867e+02 1.97339e+02 2.62059e+02 2.64289e+02 2.35113e+02 2.39862e+02 2.53195e+02 2.59904e+02 2.69300e+02
5.00000e+01 1.20732e+02 1.97027e+02 2.61995e+02 2.64246e+02 2.34526e+02 2.39330e+02 2.52929e+02 2.59769e+02 2.69286e+02
5.00000e+01 1.20612e+02 1.96754e+02 2.61939e+02 2.64209e+02 2.33985e+02 2.38840e+02 2.52684e+02 2.59645e+02 2.69273e+02
5.00000e+01 1.20507e+02 1.96516e+02 2.61889e+02 2.64176e+02 2.33485e+02 2.38387e+02 2.52459e+02 2.59531e+02 2.69262e+02
5.00000e+01 1.20414e+02 1.96307e+02 2.61846e+02 2.64147e+02 2.33023e+02 2.37970e+02 2.52253e+02 2.59427e+02 2.69252e+02
5.00000e+01 1.20334e+02 1.96129e+02 2.61809e+02 2.64122e+02 2.32607e+02 2.37594e+02 2.52067e+02 2.59334e+02 2.69242e+02
5.00000e+01 1.20263e+02 1.95973e+02 2.61776e+02 2.64100e+02 2.32224e+02 2.37248e+02 2.51897e+02 2.59249e+02 2.69234e+02
5.00000e+01 1.20199e+02 1.95835e+02 2.61747e+02 2.64081e+02 2.31868e+02 2.36928e+02 2.51740e+02 2.59170e+02 2.69226e+02
5.00000e+01 1.20142e+02 1.95713e+02 2.61722e+02 2.64064e+02 2.31537e+02 2.36630e+02 2.51595e+02 2.59097e+02 2.69219e+02
5.00000e+01 1.20091e+02 1.95605e+02 2.61700e+02 2.64049e+02 2.31230e+02 2.36353e+02 2.51460e+02 2.59030e+02 2.69212e+02
5.00000e+01 1.20045e+02 1.95509e+02 2.61680e+02 2.64036e+02 2.30944e+02 2.36096e+02 2.51335e+02 2.58968e+02 2.69206e+02
5.00000e+01 1.20004e+02 1.95424e+02 2.61662e+02 2.64024e+02 2.30677e+02 2.35856e+02 2.51220e+02 2.58910e+02 2.69201e+02
5.00000e+01 1.19966e+02 1.95348e+02 2.61647e+02 2.64014e+02 2.30429e+02 2.35633e+02 2.51112e+02 2.58856e+02 2.69195e+02
5.00000e+01 1.19933e+02 1.95280e+02 2.61633e+02 2.64004e+02 2.30198e+02 2.35426e+02 2.51012e+02 2.58807e+02 2.69191e+02
