2.70000e+02 2.70000e+02 2.70000e+02 2.68748e+02 2.68342e+02 2.70889e+02 2.70980e+02 2.71239e+02 2.71154e+02 2.70895e+02
2.70000e+02 2.70000e+02 2.70000e+02 2.68748e+02 2.68342e+02 2.70889e+02 2.70980e+02 2.71239e+02 2.71154e+02 2.70895e+02
5.00000e+01 1.50000e+02 2.50000e+02 2.68648e+02 2.68319e+02 2.70468e+02 2.70743e+02 2.70971e+02 2.70957e+02 2.70807e+02
5.00000e+01 1.43672e+02 2.44465e+02 2.68386e+02 2.68219e+02 2.68795e+02 2.69594e+02 2.69989e+02 2.70145e+02 2.70634e+02
5.00000e+01 1.39809e+02 2.38954e+02 2.67993e+02 2.68035e+02 2.66470e+02 2.67785e+02 2.68684e+02 2.69072e+02 2.70482e+02
5.00000e+01 1.36839e+02 2.33407e+02 2.67498e+02 2.67775e+02 2.63944e+02 2.65688e+02 2.67327e+02 2.68043e+02 2.70362e+02
5.00000e+01 1.34302e+02 2.28168e+02 2.66943e+02 2.67463e+02 2.61411e+02 2.63504e+02 2.66007e+02 2.67133e+02 2.70265e+02
5.00000e+01 1.32106e+02 2.23544e+02 2.66373e+02 2.67125e+02 2.58957e+02 2.61339e+02 2.64756e+02 2.66339e+02 2.70183e+02
5.00000e+01 1.30282e+02 2.19567e+02 2.65821e+02 2.66785e+02 2.56622e+02 2.59249e+02 2.63586e+02 2.65640e+02 2.70114e+02
5.00000e+01 1.28780e+02 2.16178e+02 2.65307e+02 2.66461e+02 2.54421e+02 2.57264e+02 2.62501e+02 2.65020e+02 2.70054e+02
5.00000e+01 1.27536e+02 2.13301e+02 2.64840e+02 2.66161e+02 2.52363e+02 2.55397e+02 2.61500e+02 2.64468e+02 2.70002e+02
5.00000e+01 1.26499e+02 2.10861e+02 2.64425e+02 2.65891e+02 2.50444e+02 2.53653e+02 2.60581e+02 2.63972e+02 2.69957e+02
5.00000e+01 1.25628e+02 2.08791e+02 2.64058e+02 2.65650e+02 2.48662e+02 2.52032e+02 2.59737e+02 2.63527e+02 2.69917e+02
5.00000e+01 1.24892e+02 2.07031e+02 2.63737e+02 2.65439e+02 2.47010e+02 2.50529e+02 2.58964e+02 2.63124e+02 2.69881e+02
5.00000e+01 1.24267e+02 2.05533e+02 2.63457e+02 2.65253e+02 2.45479e+02 2.49138e+02 2.58256e+02 2.62760e+02 2.69849e+02
5.00000e+01 1.23734e+02 2.04255e+02 2.63214e+02 2.65092e+02 2.44063e+02 2.47851e+02 2.57607e+02 2.62430e+02 2.69821e+02
5.00000e+01 1.23277e+02 2.03163e+02 2.63003e+02 2.64952e+02 2.42753e+02 2.46663e+02 2.57013e+02 2.62129e+02 2.69796e+02
5.00000e+01 1.22884e+02 2.02227e+02 2.62820e+02 2.64830e+02 2.41541e+02 2.45565e+02 2.56467e+02 2.61854e+02 2.69773e+02
5.00000e+01 1.22545e+02 2.01424e+02 2.62662e+02 2.64724e+02 2.40420e+02 2.44551e+02 2.55966e+02 2.61604e+02 2.69753e+02
5.00000e+01 1.22251e+02 2.00733e+02 2.62524e+02 2.64633e+02 2.39383e+02 2.43613e+02 2.55505e+02 2.61374e+02 2.69734e+02
5.00000e+01 1.21996e+02 2.00138e+02 2.62405e+02 2.64553e+02 2.38422e+02 2.42746e+02 2.55081e+02 2.61164e+02 2.69717e+02
5.00000e+01 1.21774e+02 1.99624e+02 2.62302e+02 2.64484e+02 2.37532e+02 2.41943e+02 2.54691e+02 2.60970e+02 2.69702e+02
5.00000e+01 1.21580e+02 1.99180e+02 2.62212e+02 2.64424e+02 2.36707e+02 2.41200e+02 2.54330e+02 2.60792e+02 2.69688e+02
5.00000e+01 1.21410e+02 1.98795e+02 2.62133e+02 2.64372e+02 2.35942e+02 2.40512e+02 2.53997e+02 2.60627e+02 2.69675e+02
5.00000e+01 1.21261e+02 1.98461e+02 2.62065e+02 2.64327e+02 2.35232e+02 2.39873e+02 2.53689e+02 2.60476e+02 2.69664e+02
5.00000e+01 1.21129e+02 1.98170e+02 2.62006e+02 2.64287e+02 2.34572e+02 2.39280e+02 2.53404e+02 2.60335e+02 2.69653e+02
5.00000e+01 1.21013e+02 1.97916e+02 2.61954e+02 2.64253e+02 2.33959e+02 2.38729e+02 2.53139e+02 2.60205e+02 2.69643e+02
5.00000e+01 1.20910e+02 1.97695e+02 2.61909e+02 2.64223e+02 2.33388e+02 2.38217e+02 2.52894e+02 2.60084e+02 2.69634e+02
5.00000e+01 1.20819e+02 1.97501e+02 2.61869e+02 2.64196e+02 2.32857e+02 2.37741e+02 2.52666e+02 2.59972e+02 2.69626e+02
5.00000e+01 1.20738e+02 1.97332e+02 2.61835e+02 2.64173e+02 2.32362e+02 2.37297e+02 2.52454e+02 2.59868e+02 2.69619e+02
5.00000e+01 1.20666e+02 1.97182e+02 2.61804e+02 2.64153e+02 2.31900e+02 2.36883e+02 2.52257e+02 2.59771e+02 2.69611e+02
5.00000e+01 1.20602e+02 1.97052e+02 2.61777e+02 2.64135e+02 2.31473e+02 2.36501e+02 2.52075e+02 2.59682e+02 2.69605e+02
5.00000e+01 1.20546e+02 1.96940e+02 2.61754e+02 2.64120e+02 2.31085e+02 2.36154e+02 2.51908e+02 2.59600e+02 2.69599e+02
5.00000e+01 1.20495e+02 1.96840e+02 2.61734e+02 2.64106e+02 2.30722e+02 2.35829e+02 2.51753e+02 2.59523e+02 2.69594e+02
5.00000e+01 1.20449e+02 1.96751e+02 2.61716e+02 2.64094e+02 2.30381e+02 2.35524e+02 2.51608e+02 2.59452e+02 2.69589e+02
5.00000e+01 1.20408e+02 1.96672e+02 2.61700e+02 2.64084e+02 2.30061e+02 2.35238e+02 2.51472e+02 2.59385e+02 2.69584e+02
5.00000e+01 1.20370e+02 1.96601e+02 2.61685e+02 2.64074e+02 2.29761e+02 2.34969e+02 2.51345e+02 2.59322e+02 2.69579e+02
5.00000e+01 1.20336e+02 1.96538e+02 2.61672e+02 2.64066e+02 2.29478e+02 2.34717e+02 2.51225e+02 2.59263e+02 2.69575e+02
