2.70000000e+02
5.00000000e+01
5.00000000e+01
5.00000000e+01
5.00000000e+01
5.00000000e+01
5.00000000e+01
5.00000000e+01
5.00000000e+01
5.00000000e+01
5.00000000e+01
5.00000000e+01
5.00000000e+01
5.00000000e+01
5.00000000e+01
5.00000000e+01
5.00000000e+01
5.00000000e+01
5.00000000e+01
5.00000000e+01
5.00000000e+01
5.00000000e+01
5.00000000e+01
5.00000000e+01
5.00000000e+01
5.00000000e+01
5.00000000e+01
5.00000000e+01
5.00000000e+01
5.00000000e+01
5.00000000e+01
5.00000000e+01
5.00000000e+01
5.00000000e+01
5.00000000e+01
5.00000000e+01
5.00000000e+01
2.70000000e+02
1.50000000e+02
1.43509441e+02
1.39628855e+02
1.36652023e+02
1.34073793e+02
1.31843227e+02
1.30001501e+02
1.28483045e+02
1.27222845e+02
1.26169315e+02
1.25282647e+02
1.24532019e+02
1.23893299e+02
1.23347364e+02
1.22878883e+02
1.22475441e+02
1.22126892e+02
1.21824880e+02
1.21562477e+02
1.21333905e+02
1.21134321e+02
1.20959644e+02
1.20806427e+02
1.20671742e+02
1.20553100e+02
1.20449168e+02
1.20359234e+02
1.20279144e+02
1.20207750e+02
1.20144000e+02
1.20086974e+02
1.20035869e+02
1.19989985e+02
1.19948713e+02
1.19911521e+02
1.19877944e+02
2.70000000e+02
2.50000000e+02
2.44437980e+02
2.38875934e+02
2.33259537e+02
2.27944888e+02
2.23239678e+02
2.19177097e+02
2.15704059e+02
2.12746574e+02
2.10230503e+02
2.08088753e+02
2.06263190e+02
2.04704448e+02
2.03371001e+02
2.02228054e+02
2.01246481e+02
2.00401883e+02
1.99673789e+02
1.99044993e+02
1.98500997e+02
1.98029557e+02
1.97620311e+02
1.97264469e+02
1.96954560e+02
1.96684220e+02
1.96449683e+02
1.96248585e+02
1.96071598e+02
1.95915609e+02
1.95777921e+02
1.95656198e+02
1.95548421e+02
1.95452840e+02
1.95367937e+02
1.95292395e+02
1.95225072e+02
2.68739585e+02
2.68657696e+02
2.68419935e+02
2.68049535e+02
2.67575839e+02
2.67040686e+02
2.66486068e+02
2.65944934e+02
2.65437988e+02
2.64975594e+02
2.64561123e+02
2.64193796e+02
2.63870632e+02
2.63587661e+02
2.63340618e+02
2.63125327e+02
2.62937892e+02
2.62774782e+02
2.62632845e+02
2.62509303e+02
2.62401724e+02
2.62307988e+02
2.62226254e+02
2.62154925e+02
2.62092617e+02
2.62038135e+02
2.61990579e+02
2.61949482e+02
2.61913578e+02
2.61882006e+02
2.61854161e+02
2.61829555e+02
2.61807776e+02
2.61788469e+02
2.61771328e+02
2.61756087e+02
2.61742514e+02
2.68332974e+02
2.68314569e+02
2.68226392e+02
2.68055128e+02
2.67809564e+02
2.67510505e+02
2.67183696e+02
2.66852493e+02
2.66533845e+02
2.66237829e+02
2.65969160e+02
2.65729017e+02
2.65516515e+02
2.65329698e+02
2.65166152e+02
2.65023358e+02
2.64898880e+02
2.64790464e+02
2.64696070e+02
2.64613885e+02
2.64542310e+02
2.64479946e+02
2.64425573e+02
2.64378132e+02
2.64336704e+02
2.64300492e+02
2.64268993e+02
2.64241728e+02
2.64217820e+02
2.64196839e+02
2.64178364e+02
2.64162056e+02
2.64147633e+02
2.64134859e+02
2.64123525e+02
2.64113456e+02
2.64104496e+02
2.69901774e+02
2.69512157e+02
2.67881906e+02
2.65545352e+02
2.62952609e+02
2.60316094e+02
2.57743751e+02
2.55291718e+02
2.52988033e+02
2.50844083e+02
2.48861193e+02
2.47034788e+02
2.45357007e+02
2.43818326e+02
2.42408562e+02
2.41117481e+02
2.39935160e+02
2.38852197e+02
2.37859812e+02
2.36949892e+02
2.36114994e+02
2.35348320e+02
2.34643688e+02
2.33995487e+02
2.33398631e+02
2.32848516e+02
2.32345022e+02
2.31891312e+02
2.31470470e+02
2.31079919e+02
2.30717175e+02
2.30379943e+02
2.30066131e+02
2.29773833e+02
2.29501311e+02
2.29246983e+02
2.29009404e+02
2.70164879e+02
2.69905348e+02
2.68667743e+02
2.66740508e+02
2.64521646e+02
2.62224252e+02
2.59959558e+02
2.57786640e+02
2.55736273e+02
2.53822582e+02
2.52049464e+02
2.50414615e+02
2.48912129e+02
2.47534145e+02
2.46271910e+02
2.45116435e+02
2.44058894e+02
2.43090861e+02
2.42204432e+02
2.41392287e+02
2.40647695e+02
2.39964511e+02
2.39337139e+02
2.38760501e+02
2.38229997e+02
2.37741463e+02
2.37294610e+02
2.36892191e+02
2.36519385e+02
2.36173686e+02
2.35852870e+02
2.35554880e+02
2.35277834e+02
2.35020014e+02
2.34779854e+02
2.34555927e+02
2.34346931e+02
2.70974068e+02
2.70700210e+02
2.69770452e+02
2.68526671e+02
2.67214424e+02
2.65922746e+02
2.64687690e+02
2.63525666e+02
2.62444030e+02
2.61444740e+02
2.60526287e+02
2.59685065e+02
2.58916317e+02
2.58214764e+02
2.57575000e+02
2.56991739e+02
2.56459955e+02
2.55974954e+02
2.55532401e+02
2.55128330e+02
2.54759131e+02
2.54421527e+02
2.54112553e+02
2.53829532e+02
2.53570047e+02
2.53331915e+02
2.53114796e+02
2.52919496e+02
2.52739246e+02
2.52572813e+02
2.52418987e+02
2.52276665e+02
2.52144852e+02
2.52022647e+02
2.51909237e+02
2.51803884e+02
2.51705917e+02
2.71039954e+02
2.70837787e+02
2.70071642e+02
2.69071531e+02
2.68113636e+02
2.67262762e+02
2.66513828e+02
2.65850537e+02
2.65259157e+02
2.64729420e+02
2.64253369e+02
2.63824540e+02
2.63437508e+02
2.63087631e+02
2.62770884e+02
2.62483748e+02
2.62223131e+02
2.61986304e+02
2.61770851e+02
2.61574628e+02
2.61395728e+02
2.61232451e+02
2.61083277e+02
2.60946851e+02
2.60821956e+02
2.60707502e+02
2.60603293e+02
2.60509708e+02
2.60423371e+02
2.60343724e+02
2.60270207e+02
2.60202286e+02
2.60139469e+02
2.60081312e+02
2.60027414e+02
2.59977410e+02
2.59930972e+02
2.70889609e+02
2.70803693e+02
2.70633723e+02
2.70484207e+02
2.70364367e+02
2.70266389e+02
2.70184067e+02
2.70113515e+02
2.70052339e+02
2.69998890e+02
2.69951932e+02
2.69910497e+02
2.69873802e+02
2.69841203e+02
2.69812162e+02
2.69786224e+02
2.69763004e+02
2.69742172e+02
2.69723445e+02
2.69706577e+02
2.69691356e+02
2.69677597e+02
2.69665139e+02
2.69653841e+02
2.69643579e+02
2.69634243e+02
2.69625794e+02
2.69618248e+02
2.69611338e+02
2.69605002e+02
2.69599185e+02
2.69593836e+02
2.69588912e+02
2.69584372e+02
2.69580181e+02
2.69576308e+02
2.69572724e+02
