2.70000e+02 2.70000e+02 2.70000e+02 2.68649e+02 2.68285e+02 2.65918e+02 2.66587e+02 2.69443e+02 2.70277e+02 2.70832e+02
2.70000e+02 2.70000e+02 2.70000e+02 2.68649e+02 2.68285e+02 2.65918e+02 2.66587e+02 2.69443e+02 2.70277e+02 2.70832e+02
5.00000e+01 1.50000e+02 2.50000e+02 2.68569e+02 2.68266e+02 2.65839e+02 2.66514e+02 2.69238e+02 2.70120e+02 2.70749e+02
5.00000e+01 1.43769e+02 2.44344e+02 2.68336e+02 2.68178e+02 2.64560e+02 2.65352e+02 2.68330e+02 2.69360e+02 2.70578e+02
5.00000e+01 1.39943e+02 2.38733e+02 2.67977e+02 2.68007e+02 2.62572e+02 2.63527e+02 2.67095e+02 2.68335e+02 2.70430e+02
5.00000e+01 1.36984e+02 2.33087e+02 2.67520e+02 2.67766e+02 2.60314e+02 2.61462e+02 2.65793e+02 2.67345e+02 2.70312e+02
5.00000e+01 1.34463e+02 2.27764e+02 2.67010e+02 2.67475e+02 2.57996e+02 2.59353e+02 2.64519e+02 2.66465e+02 2.70215e+02
5.00000e+01 1.32320e+02 2.23071e+02 2.66489e+02 2.67162e+02 2.55724e+02 2.57293e+02 2.63308e+02 2.65691e+02 2.70135e+02
5.00000e+01 1.30506e+02 2.19038e+02 2.65987e+02 2.66849e+02 2.53555e+02 2.55331e+02 2.62177e+02 2.65010e+02 2.70067e+02
5.00000e+01 1.29006e+02 2.15602e+02 2.65523e+02 2.66553e+02 2.51512e+02 2.53488e+02 2.61132e+02 2.64406e+02 2.70009e+02
5.00000e+01 1.27761e+02 2.12685e+02 2.65104e+02 2.66281e+02 2.49608e+02 2.51772e+02 2.60172e+02 2.63867e+02 2.69958e+02
5.00000e+01 1.26723e+02 2.10212e+02 2.64733e+02 2.66037e+02 2.47842e+02 2.50184e+02 2.59295e+02 2.63386e+02 2.69913e+02
5.00000e+01 1.25850e+02 2.08113e+02 2.64407e+02 2.65821e+02 2.46211e+02 2.48719e+02 2.58496e+02 2.62956e+02 2.69874e+02
5.00000e+01 1.25114e+02 2.06331e+02 2.64122e+02 2.65632e+02 2.44708e+02 2.47371e+02 2.57769e+02 2.62569e+02 2.69840e+02
5.00000e+01 1.24489e+02 2.04814e+02 2.63876e+02 2.65467e+02 2.43325e+02 2.46131e+02 2.57108e+02 2.62221e+02 2.69810e+02
5.00000e+01 1.23957e+02 2.03522e+02 2.63662e+02 2.65324e+02 2.42052e+02 2.44992e+02 2.56507e+02 2.61908e+02 2.69783e+02
5.00000e+01 1.23503e+02 2.02420e+02 2.63477e+02 2.65200e+02 2.40881e+02 2.43945e+02 2.55959e+02 2.61625e+02 2.69759e+02
5.00000e+01 1.23113e+02 2.01477e+02 2.63317e+02 2.65093e+02 2.39803e+02 2.42982e+02 2.55461e+02 2.61368e+02 2.69738e+02
5.00000e+01 1.22777e+02 2.00669e+02 2.63179e+02 2.65001e+02 2.38811e+02 2.42096e+02 2.55006e+02 2.61136e+02 2.69719e+02
5.00000e+01 1.22488e+02 1.99977e+02 2.63059e+02 2.64920e+02 2.37896e+02 2.41280e+02 2.54590e+02 2.60924e+02 2.69702e+02
5.00000e+01 1.22237e+02 1.99381e+02 2.62956e+02 2.64851e+02 2.37051e+02 2.40528e+02 2.54210e+02 2.60731e+02 2.69687e+02
5.00000e+01 1.22020e+02 1.98869e+02 2.62867e+02 2.64791e+02 2.36272e+02 2.39833e+02 2.53861e+02 2.60556e+02 2.69673e+02
5.00000e+01 1.21831e+02 1.98427e+02 2.62790e+02 2.64739e+02 2.35551e+02 2.39191e+02 2.53541e+02 2.60395e+02 2.69660e+02
5.00000e+01 1.21666e+02 1.98046e+02 2.62723e+02 2.64694e+02 2.34883e+02 2.38597e+02 2.53248e+02 2.60247e+02 2.69649e+02
5.00000e+01 1.21521e+02 1.97716e+02 2.62665e+02 2.64656e+02 2.34265e+02 2.38047e+02 2.52977e+02 2.60112e+02 2.69639e+02
5.00000e+01 1.21395e+02 1.97429e+02 2.62614e+02 2.64622e+02 2.33691e+02 2.37536e+02 2.52727e+02 2.59987e+02 2.69629e+02
5.00000e+01 1.21284e+02 1.97181e+02 2.62571e+02 2.64592e+02 2.33158e+02 2.37062e+02 2.52497e+02 2.59873e+02 2.69621e+02
5.00000e+01 1.21186e+02 1.96965e+02 2.62533e+02 2.64567e+02 2.32662e+02 2.36621e+02 2.52284e+02 2.59767e+02 2.69613e+02
5.00000e+01 1.21099e+02 1.96777e+02 2.62499e+02 2.64545e+02 2.32200e+02 2.36211e+02 2.52087e+02 2.59669e+02 2.69605e+02
5.00000e+01 1.21022e+02 1.96612e+02 2.62470e+02 2.64525e+02 2.31770e+02 2.35828e+02 2.51904e+02 2.59578e+02 2.69599e+02
5.00000e+01 1.20954e+02 1.96469e+02 2.62445e+02 2.64508e+02 2.31368e+02 2.35471e+02 2.51734e+02 2.59495e+02 2.69593e+02
5.00000e+01 1.20894e+02 1.96343e+02 2.62423e+02 2.64494e+02 2.30993e+02 2.35138e+02 2.51576e+02 2.59417e+02 2.69587e+02
5.00000e+01 1.20839e+02 1.96232e+02 2.62403e+02 2.64481e+02 2.30642e+02 2.34826e+02 2.51429e+02 2.59344e+02 2.69582e+02
5.00000e+01 1.20791e+02 1.96134e+02 2.62386e+02 2.64469e+02 2.30314e+02 2.34535e+02 2.51292e+02 2.59277e+02 2.69577e+02
5.00000e+01 1.20747e+02 1.96048e+02 2.62371e+02 2.64459e+02 2.30006e+02 2.34262e+02 2.51164e+02 2.59214e+02 2.69573e+02
5.00000e+01 1.20708e+02 1.95972e+02 2.62358e+02 2.64450e+02 2.29718e+02 2.34005e+02 2.51044e+02 2.59156e+02 2.69568e+02
5.00000e+01 1.20673e+02 1.95906e+02 2.62346e+02 2.64442e+02 2.29453e+02 2.33770e+02 2.50934e+02 2.59102e+02 2.69565e+02
5.00000e+01 1.20642e+02 1.95848e+02 2.62336e+02 2.64436e+02 2.29210e+02 2.33555e+02 2.50833e+02 2.59052e+02 2.69561e+02
