2.70000e+02 2.70000e+02 2.70000e+02 2.68657e+02 2.68283e+02 2.71188e+02 2.71119e+02 2.70752e+02 2.70741e+02 2.70850e+02
2.70000e+02 2.70000e+02 2.70000e+02 2.68657e+02 2.68283e+02 2.71188e+02 2.71119e+02 2.70752e+02 2.70741e+02 2.70850e+02
5.00000e+01 1.50000e+02 2.50000e+02 2.68601e+02 2.68276e+02 2.70718e+02 2.70690e+02 2.70623e+02 2.70635e+02 2.70750e+02
5.00000e+01 1.43878e+02 2.44414e+02 2.68375e+02 2.68195e+02 2.69021e+02 2.69121e+02 2.69713e+02 2.69840e+02 2.70513e+02
5.00000e+01 1.40065e+02 2.38836e+02 2.68015e+02 2.68029e+02 2.66639e+02 2.66924e+02 2.68399e+02 2.68743e+02 2.70292e+02
5.00000e+01 1.37112e+02 2.33222e+02 2.67555e+02 2.67788e+02 2.64022e+02 2.64528e+02 2.66977e+02 2.67684e+02 2.70107e+02
5.00000e+01 1.34588e+02 2.27919e+02 2.67040e+02 2.67498e+02 2.61382e+02 2.62121e+02 2.65568e+02 2.66739e+02 2.69951e+02
5.00000e+01 1.32453e+02 2.23233e+02 2.66512e+02 2.67184e+02 2.58818e+02 2.59791e+02 2.64219e+02 2.65904e+02 2.69818e+02
5.00000e+01 1.30628e+02 2.19199e+02 2.66001e+02 2.66869e+02 2.56381e+02 2.57580e+02 2.62953e+02 2.65162e+02 2.69702e+02
5.00000e+01 1.29111e+02 2.15756e+02 2.65528e+02 2.66569e+02 2.54092e+02 2.55506e+02 2.61776e+02 2.64498e+02 2.69601e+02
5.00000e+01 1.27849e+02 2.12829e+02 2.65100e+02 2.66294e+02 2.51959e+02 2.53574e+02 2.60690e+02 2.63901e+02 2.69510e+02
5.00000e+01 1.26792e+02 2.10341e+02 2.64720e+02 2.66046e+02 2.49979e+02 2.51784e+02 2.59693e+02 2.63363e+02 2.69430e+02
5.00000e+01 1.25902e+02 2.08226e+02 2.64385e+02 2.65826e+02 2.48148e+02 2.50129e+02 2.58779e+02 2.62877e+02 2.69358e+02
5.00000e+01 1.25148e+02 2.06425e+02 2.64092e+02 2.65633e+02 2.46457e+02 2.48602e+02 2.57943e+02 2.62437e+02 2.69293e+02
5.00000e+01 1.24506e+02 2.04890e+02 2.63837e+02 2.65465e+02 2.44896e+02 2.47194e+02 2.57179e+02 2.62038e+02 2.69235e+02
5.00000e+01 1.23957e+02 2.03578e+02 2.63616e+02 2.65318e+02 2.43457e+02 2.45896e+02 2.56481e+02 2.61676e+02 2.69183e+02
5.00000e+01 1.23486e+02 2.02455e+02 2.63424e+02 2.65190e+02 2.42129e+02 2.44700e+02 2.55842e+02 2.61347e+02 2.69136e+02
5.00000e+01 1.23081e+02 2.01493e+02 2.63257e+02 2.65079e+02 2.40904e+02 2.43597e+02 2.55257e+02 2.61047e+02 2.69093e+02
5.00000e+01 1.22730e+02 2.00666e+02 2.63113e+02 2.64983e+02 2.39772e+02 2.42579e+02 2.54722e+02 2.60773e+02 2.69054e+02
5.00000e+01 1.22427e+02 1.99954e+02 2.62988e+02 2.64900e+02 2.38727e+02 2.41639e+02 2.54230e+02 2.60523e+02 2.69018e+02
5.00000e+01 1.22163e+02 1.99341e+02 2.62880e+02 2.64828e+02 2.37761e+02 2.40770e+02 2.53779e+02 2.60294e+02 2.68986e+02
5.00000e+01 1.21932e+02 1.98811e+02 2.62785e+02 2.64765e+02 2.36866e+02 2.39967e+02 2.53364e+02 2.60084e+02 2.68956e+02
5.00000e+01 1.21731e+02 1.98352e+02 2.62704e+02 2.64711e+02 2.36037e+02 2.39222e+02 2.52982e+02 2.59890e+02 2.68929e+02
5.00000e+01 1.21555e+02 1.97955e+02 2.62633e+02 2.64663e+02 2.35269e+02 2.38532e+02 2.52630e+02 2.59713e+02 2.68904e+02
5.00000e+01 1.21400e+02 1.97609e+02 2.62571e+02 2.64622e+02 2.34555e+02 2.37892e+02 2.52305e+02 2.59549e+02 2.68881e+02
5.00000e+01 1.21263e+02 1.97309e+02 2.62517e+02 2.64586e+02 2.33892e+02 2.37297e+02 2.52004e+02 2.59398e+02 2.68860e+02
5.00000e+01 1.21143e+02 1.97047e+02 2.62470e+02 2.64555e+02 2.33276e+02 2.36744e+02 2.51726e+02 2.59258e+02 2.68840e+02
5.00000e+01 1.21036e+02 1.96818e+02 2.62429e+02 2.64528e+02 2.32702e+02 2.36230e+02 2.51469e+02 2.59129e+02 2.68822e+02
5.00000e+01 1.20941e+02 1.96618e+02 2.62393e+02 2.64504e+02 2.32168e+02 2.35750e+02 2.51229e+02 2.59009e+02 2.68805e+02
5.00000e+01 1.20856e+02 1.96442e+02 2.62361e+02 2.64483e+02 2.31669e+02 2.35303e+02 2.51007e+02 2.58898e+02 2.68790e+02
5.00000e+01 1.20781e+02 1.96287e+02 2.62333e+02 2.64464e+02 2.31204e+02 2.34886e+02 2.50801e+02 2.58795e+02 2.68776e+02
5.00000e+01 1.20713e+02 1.96151e+02 2.62309e+02 2.64448e+02 2.30769e+02 2.34496e+02 2.50609e+02 2.58699e+02 2.68762e+02
5.00000e+01 1.20653e+02 1.96031e+02 2.62287e+02 2.64434e+02 2.30362e+02 2.34132e+02 2.50430e+02 2.58610e+02 2.68750e+02
5.00000e+01 1.20600e+02 1.95927e+02 2.62268e+02 2.64422e+02 2.29995e+02 2.33803e+02 2.50269e+02 2.58530e+02 2.68739e+02
5.00000e+01 1.20552e+02 1.95835e+02 2.62252e+02 2.64411e+02 2.29650e+02 2.33494e+02 2.50118e+02 2.58455e+02 2.68728e+02
5.00000e+01 1.20509e+02 1.95753e+02 2.62237e+02 2.64401e+02 2.29325e+02 2.33203e+02 2.49976e+02 2.58384e+02 2.68718e+02
5.00000e+01 1.20469e+02 1.95680e+02 2.62224e+02 2.64392e+02 2.29020e+02 2.32929e+02 2.49843e+02 2.58318e+02 2.68709e+02
5.00000e+01 1.20434e+02 1.95614e+02 2.62212e+02 2.64385e+02 2.28733e+02 2.32672e+02 2.49719e+02 2.58256e+02 2.68700e+02
