2.70000e+02 2.70000e+02 2.70000e+02 2.68753e+02 2.68347e+02 2.68447e+02 2.68829e+02 2.70387e+02 2.70747e+02 2.70865e+02
2.70000e+02 2.70000e+02 2.70000e+02 2.68753e+02 2.68347e+02 2.68447e+02 2.68829e+02 2.70387e+02 2.70747e+02 2.70865e+02
5.00000e+01 1.50000e+02 2.50000e+02 2.68671e+02 2.68328e+02 2.68246e+02 2.68681e+02 2.70121e+02 2.70549e+02 2.70779e+02
5.00000e+01 1.43487e+02 2.44413e+02 2.68432e+02 2.68237e+02 2.66886e+02 2.67574e+02 2.69162e+02 2.69750e+02 2.70610e+02
5.00000e+01 1.39613e+02 2.38842e+02 2.68056e+02 2.68061e+02 2.64848e+02 2.65832e+02 2.67891e+02 2.68700e+02 2.70463e+02
5.00000e+01 1.36646e+02 2.33220e+02 2.67574e+02 2.67807e+02 2.62561e+02 2.63830e+02 2.66566e+02 2.67694e+02 2.70347e+02
5.00000e+01 1.34089e+02 2.27905e+02 2.67026e+02 2.67498e+02 2.60236e+02 2.61765e+02 2.65277e+02 2.66804e+02 2.70253e+02
5.00000e+01 1.31884e+02 2.23204e+02 2.66457e+02 2.67159e+02 2.57978e+02 2.59738e+02 2.64056e+02 2.66025e+02 2.70174e+02
5.00000e+01 1.30066e+02 2.19149e+02 2.65899e+02 2.66815e+02 2.55839e+02 2.57801e+02 2.62918e+02 2.65340e+02 2.70108e+02
5.00000e+01 1.28572e+02 2.15686e+02 2.65377e+02 2.66484e+02 2.53840e+02 2.55982e+02 2.61867e+02 2.64733e+02 2.70051e+02
5.00000e+01 1.27335e+02 2.12740e+02 2.64899e+02 2.66176e+02 2.51988e+02 2.54291e+02 2.60903e+02 2.64192e+02 2.70001e+02
5.00000e+01 1.26303e+02 2.10237e+02 2.64471e+02 2.65897e+02 2.50282e+02 2.52729e+02 2.60023e+02 2.63709e+02 2.69958e+02
5.00000e+01 1.25437e+02 2.08108e+02 2.64092e+02 2.65647e+02 2.48716e+02 2.51293e+02 2.59222e+02 2.63275e+02 2.69920e+02
5.00000e+01 1.24706e+02 2.06296e+02 2.63759e+02 2.65426e+02 2.47281e+02 2.49977e+02 2.58493e+02 2.62886e+02 2.69886e+02
5.00000e+01 1.24085e+02 2.04751e+02 2.63467e+02 2.65232e+02 2.45968e+02 2.48772e+02 2.57831e+02 2.62535e+02 2.69856e+02
5.00000e+01 1.23556e+02 2.03431e+02 2.63213e+02 2.65062e+02 2.44768e+02 2.47671e+02 2.57230e+02 2.62219e+02 2.69830e+02
5.00000e+01 1.23103e+02 2.02302e+02 2.62992e+02 2.64914e+02 2.43670e+02 2.46663e+02 2.56684e+02 2.61933e+02 2.69806e+02
5.00000e+01 1.22714e+02 2.01334e+02 2.62800e+02 2.64786e+02 2.42666e+02 2.45742e+02 2.56187e+02 2.61673e+02 2.69785e+02
5.00000e+01 1.22379e+02 2.00503e+02 2.62633e+02 2.64674e+02 2.41747e+02 2.44900e+02 2.55735e+02 2.61438e+02 2.69767e+02
5.00000e+01 1.22090e+02 1.99788e+02 2.62488e+02 2.64577e+02 2.40905e+02 2.44129e+02 2.55323e+02 2.61225e+02 2.69750e+02
5.00000e+01 1.21839e+02 1.99172e+02 2.62362e+02 2.64492e+02 2.40134e+02 2.43422e+02 2.54947e+02 2.61030e+02 2.69735e+02
5.00000e+01 1.21621e+02 1.98640e+02 2.62253e+02 2.64419e+02 2.39426e+02 2.42774e+02 2.54604e+02 2.60853e+02 2.69721e+02
5.00000e+01 1.21431e+02 1.98180e+02 2.62158e+02 2.64355e+02 2.38777e+02 2.42180e+02 2.54290e+02 2.60691e+02 2.69709e+02
5.00000e+01 1.21266e+02 1.97782e+02 2.62076e+02 2.64300e+02 2.38180e+02 2.41634e+02 2.54003e+02 2.60543e+02 2.69697e+02
5.00000e+01 1.21121e+02 1.97437e+02 2.62004e+02 2.64252e+02 2.37630e+02 2.41131e+02 2.53740e+02 2.60408e+02 2.69687e+02
5.00000e+01 1.20995e+02 1.97137e+02 2.61941e+02 2.64210e+02 2.37124e+02 2.40668e+02 2.53499e+02 2.60284e+02 2.69678e+02
5.00000e+01 1.20883e+02 1.96877e+02 2.61887e+02 2.64173e+02 2.36657e+02 2.40242e+02 2.53277e+02 2.60170e+02 2.69670e+02
5.00000e+01 1.20788e+02 1.96655e+02 2.61840e+02 2.64142e+02 2.36240e+02 2.39861e+02 2.53078e+02 2.60068e+02 2.69662e+02
5.00000e+01 1.20704e+02 1.96461e+02 2.61799e+02 2.64114e+02 2.35853e+02 2.39508e+02 2.52895e+02 2.59974e+02 2.69656e+02
5.00000e+01 1.20629e+02 1.96291e+02 2.61763e+02 2.64090e+02 2.35494e+02 2.39180e+02 2.52726e+02 2.59888e+02 2.69649e+02
5.00000e+01 1.20563e+02 1.96142e+02 2.61732e+02 2.64069e+02 2.35160e+02 2.38875e+02 2.52570e+02 2.59808e+02 2.69644e+02
5.00000e+01 1.20504e+02 1.96010e+02 2.61704e+02 2.64051e+02 2.34849e+02 2.38592e+02 2.52425e+02 2.59733e+02 2.69638e+02
5.00000e+01 1.20451e+02 1.95894e+02 2.61680e+02 2.64035e+02 2.34560e+02 2.38328e+02 2.52291e+02 2.59665e+02 2.69633e+02
5.00000e+01 1.20404e+02 1.95792e+02 2.61658e+02 2.64020e+02 2.34290e+02 2.38083e+02 2.52166e+02 2.59601e+02 2.69629e+02
5.00000e+01 1.20361e+02 1.95702e+02 2.61639e+02 2.64008e+02 2.34039e+02 2.37853e+02 2.52050e+02 2.59541e+02 2.69625e+02
5.00000e+01 1.20323e+02 1.95622e+02 2.61623e+02 2.63997e+02 2.33804e+02 2.37639e+02 2.51942e+02 2.59486e+02 2.69621e+02
5.00000e+01 1.20289e+02 1.95551e+02 2.61608e+02 2.63987e+02 2.33584e+02 2.37439e+02 2.51841e+02 2.59435e+02 2.69617e+02
5.00000e+01 1.20258e+02 1.95488e+02 2.61595e+02 2.63978e+02 2.33378e+02 2.37252e+02 2.51747e+02 2.59387e+02 2.69614e+02
