2.70000e+02 2.70000e+02 2.70000e+02 2.68698e+02 2.68311e+02 2.69599e+02 2.69813e+02 2.70497e+02 2.70708e+02 2.70865e+02
2.70000e+02 2.70000e+02 2.70000e+02 2.68698e+02 2.68311e+02 2.69599e+02 2.69813e+02 2.70497e+02 2.70708e+02 2.70865e+02
5.00000e+01 1.50000e+02 2.50000e+02 2.68621e+02 2.68294e+02 2.69260e+02 2.69589e+02 2.70314e+02 2.70569e+02 2.70783e+02
5.00000e+01 1.43684e+02 2.44392e+02 2.68386e+02 2.68206e+02 2.67656e+02 2.68364e+02 2.69423e+02 2.69836e+02 2.70617e+02
5.00000e+01 1.39848e+02 2.38786e+02 2.68018e+02 2.68033e+02 2.65363e+02 2.66462e+02 2.68195e+02 2.68836e+02 2.70471e+02
5.00000e+01 1.36888e+02 2.33133e+02 2.67547e+02 2.67787e+02 2.62843e+02 2.64293e+02 2.66888e+02 2.67862e+02 2.70354e+02
5.00000e+01 1.34369e+02 2.27801e+02 2.67019e+02 2.67488e+02 2.60304e+02 2.62067e+02 2.65599e+02 2.66990e+02 2.70258e+02
5.00000e+01 1.32200e+02 2.23098e+02 2.66475e+02 2.67165e+02 2.57847e+02 2.59887e+02 2.64367e+02 2.66218e+02 2.70178e+02
5.00000e+01 1.30381e+02 2.19054e+02 2.65950e+02 2.66840e+02 2.55517e+02 2.57804e+02 2.63209e+02 2.65532e+02 2.70110e+02
5.00000e+01 1.28878e+02 2.15606e+02 2.65462e+02 2.66531e+02 2.53335e+02 2.55845e+02 2.62132e+02 2.64919e+02 2.70051e+02
5.00000e+01 1.27630e+02 2.12678e+02 2.65021e+02 2.66246e+02 2.51305e+02 2.54018e+02 2.61138e+02 2.64369e+02 2.69999e+02
5.00000e+01 1.26588e+02 2.10192e+02 2.64628e+02 2.65990e+02 2.49426e+02 2.52325e+02 2.60226e+02 2.63874e+02 2.69953e+02
5.00000e+01 1.25711e+02 2.08081e+02 2.64282e+02 2.65763e+02 2.47692e+02 2.50762e+02 2.59391e+02 2.63428e+02 2.69913e+02
5.00000e+01 1.24970e+02 2.06286e+02 2.63980e+02 2.65563e+02 2.46094e+02 2.49322e+02 2.58628e+02 2.63025e+02 2.69878e+02
5.00000e+01 1.24341e+02 2.04757e+02 2.63717e+02 2.65388e+02 2.44622e+02 2.47997e+02 2.57932e+02 2.62661e+02 2.69846e+02
5.00000e+01 1.23803e+02 2.03452e+02 2.63489e+02 2.65237e+02 2.43269e+02 2.46779e+02 2.57296e+02 2.62330e+02 2.69818e+02
5.00000e+01 1.23343e+02 2.02336e+02 2.63291e+02 2.65105e+02 2.42022e+02 2.45659e+02 2.56715e+02 2.62031e+02 2.69793e+02
5.00000e+01 1.22948e+02 2.01381e+02 2.63120e+02 2.64991e+02 2.40875e+02 2.44628e+02 2.56184e+02 2.61758e+02 2.69771e+02
5.00000e+01 1.22607e+02 2.00561e+02 2.62971e+02 2.64892e+02 2.39819e+02 2.43680e+02 2.55699e+02 2.61510e+02 2.69751e+02
5.00000e+01 1.22312e+02 1.99857e+02 2.62843e+02 2.64806e+02 2.38845e+02 2.42808e+02 2.55255e+02 2.61284e+02 2.69733e+02
5.00000e+01 1.22057e+02 1.99250e+02 2.62732e+02 2.64732e+02 2.37946e+02 2.42003e+02 2.54847e+02 2.61077e+02 2.69716e+02
5.00000e+01 1.21834e+02 1.98727e+02 2.62635e+02 2.64667e+02 2.37117e+02 2.41262e+02 2.54474e+02 2.60888e+02 2.69702e+02
5.00000e+01 1.21640e+02 1.98275e+02 2.62552e+02 2.64611e+02 2.36351e+02 2.40577e+02 2.54130e+02 2.60714e+02 2.69688e+02
5.00000e+01 1.21471e+02 1.97884e+02 2.62479e+02 2.64563e+02 2.35643e+02 2.39945e+02 2.53815e+02 2.60555e+02 2.69676e+02
5.00000e+01 1.21322e+02 1.97545e+02 2.62416e+02 2.64521e+02 2.34988e+02 2.39360e+02 2.53524e+02 2.60409e+02 2.69665e+02
5.00000e+01 1.21192e+02 1.97251e+02 2.62361e+02 2.64484e+02 2.34381e+02 2.38819e+02 2.53256e+02 2.60275e+02 2.69655e+02
5.00000e+01 1.21077e+02 1.96995e+02 2.62314e+02 2.64453e+02 2.33819e+02 2.38318e+02 2.53009e+02 2.60151e+02 2.69646e+02
5.00000e+01 1.20976e+02 1.96772e+02 2.62272e+02 2.64425e+02 2.33298e+02 2.37854e+02 2.52781e+02 2.60037e+02 2.69637e+02
5.00000e+01 1.20886e+02 1.96577e+02 2.62236e+02 2.64401e+02 2.32814e+02 2.37423e+02 2.52570e+02 2.59931e+02 2.69629e+02
5.00000e+01 1.20806e+02 1.96406e+02 2.62204e+02 2.64379e+02 2.32364e+02 2.37024e+02 2.52375e+02 2.59834e+02 2.69622e+02
5.00000e+01 1.20736e+02 1.96257e+02 2.62176e+02 2.64361e+02 2.31947e+02 2.36652e+02 2.52194e+02 2.59744e+02 2.69616e+02
5.00000e+01 1.20673e+02 1.96127e+02 2.62151e+02 2.64345e+02 2.31562e+02 2.36310e+02 2.52027e+02 2.59661e+02 2.69610e+02
5.00000e+01 1.20619e+02 1.96015e+02 2.62130e+02 2.64331e+02 2.31213e+02 2.36000e+02 2.51876e+02 2.59586e+02 2.69604e+02
5.00000e+01 1.20570e+02 1.95916e+02 2.62112e+02 2.64318e+02 2.30887e+02 2.35711e+02 2.51736e+02 2.59516e+02 2.69599e+02
5.00000e+01 1.20525e+02 1.95828e+02 2.62095e+02 2.64307e+02 2.30583e+02 2.35442e+02 2.51605e+02 2.59451e+02 2.69595e+02
5.00000e+01 1.20486e+02 1.95750e+02 2.62081e+02 2.64298e+02 2.30299e+02 2.35189e+02 2.51484e+02 2.59390e+02 2.69590e+02
5.00000e+01 1.20449e+02 1.95680e+02 2.62068e+02 2.64289e+02 2.30034e+02 2.34954e+02 2.51370e+02 2.59334e+02 2.69586e+02
5.00000e+01 1.20417e+02 1.95618e+02 2.62056e+02 2.64282e+02 2.29785e+02 2.34733e+02 2.51264e+02 2.59281e+02 2.69583e+02
