2.70000000e+02
5.00000000e+01
5.00000000e+01
5.00000000e+01
5.00000000e+01
5.00000000e+01
5.00000000e+01
5.00000000e+01
5.00000000e+01
5.00000000e+01
5.00000000e+01
5.00000000e+01
5.00000000e+01
5.00000000e+01
5.00000000e+01
5.00000000e+01
5.00000000e+01
5.00000000e+01
5.00000000e+01
5.00000000e+01
5.00000000e+01
5.00000000e+01
5.00000000e+01
5.00000000e+01
5.00000000e+01
5.00000000e+01
5.00000000e+01
5.00000000e+01
5.00000000e+01
5.00000000e+01
5.00000000e+01
5.00000000e+01
5.00000000e+01
5.00000000e+01
5.00000000e+01
5.00000000e+01
5.00000000e+01
2.70000000e+02
1.50000000e+02
1.43441147e+02
1.39544635e+02
1.36557104e+02
1.33959485e+02
1.31726337e+02
1.29888715e+02
1.28376314e+02
1.27122919e+02
1.26076466e+02
1.25196929e+02
1.24453379e+02
1.23821630e+02
1.23282527e+02
1.22820719e+02
1.22423773e+02
1.22081526e+02
1.21785609e+02
1.21529080e+02
1.21306147e+02
1.21111955e+02
1.20942418e+02
1.20794079e+02
1.20664008e+02
1.20549714e+02
1.20449070e+02
1.20361659e+02
1.20285356e+02
1.20217426e+02
1.20156882e+02
1.20102819e+02
1.20054448e+02
1.20011082e+02
1.19972123e+02
1.19937051e+02
1.19905414e+02
2.70000000e+02
2.50000000e+02
2.44399187e+02
2.38818781e+02
2.33180442e+02
2.27848724e+02
2.23131006e+02
2.19059357e+02
2.15580313e+02
2.12619375e+02
2.10101945e+02
2.07960572e+02
2.06136840e+02
2.04581154e+02
2.03251790e+02
2.02113778e+02
2.01137833e+02
2.00299407e+02
1.99577897e+02
1.98955972e+02
1.98419022e+02
1.97954708e+02
1.97552580e+02
1.97203776e+02
1.96900761e+02
1.96637122e+02
1.96407388e+02
1.96209818e+02
1.96039320e+02
1.95889420e+02
1.95757431e+02
1.95641030e+02
1.95538207e+02
1.95447228e+02
1.95366588e+02
1.95294988e+02
1.95231300e+02
2.68720817e+02
2.68639383e+02
2.68399946e+02
2.68025610e+02
2.67545673e+02
2.67002614e+02
2.66439492e+02
2.65890210e+02
2.65376070e+02
2.64907718e+02
2.64488586e+02
2.64117819e+02
2.63792303e+02
2.63507904e+02
2.63260198e+02
2.63044862e+02
2.62857872e+02
2.62695582e+02
2.62554747e+02
2.62432511e+02
2.62326378e+02
2.62234175e+02
2.62154019e+02
2.62084279e+02
2.62023546e+02
2.61970605e+02
2.61924405e+02
2.61884287e+02
2.61849650e+02
2.61819396e+02
2.61792822e+02
2.61769413e+02
2.61748751e+02
2.61730480e+02
2.61714296e+02
2.61699936e+02
2.61687174e+02
2.68325500e+02
2.68306726e+02
2.68216039e+02
2.68040176e+02
2.67788174e+02
2.67481404e+02
2.67146413e+02
2.66807313e+02
2.66481550e+02
2.66179446e+02
2.65905778e+02
2.65661674e+02
2.65446146e+02
2.65257110e+02
2.65092025e+02
2.64948252e+02
2.64823249e+02
2.64714670e+02
2.64620396e+02
2.64538549e+02
2.64467475e+02
2.64405731e+02
2.64352061e+02
2.64305375e+02
2.64264732e+02
2.64229315e+02
2.64198422e+02
2.64171741e+02
2.64148563e+02
2.64128304e+02
2.64110545e+02
2.64094926e+02
2.64081155e+02
2.64068988e+02
2.64058221e+02
2.64048675e+02
2.64040198e+02
2.67733527e+02
2.67425474e+02
2.65763236e+02
2.63373430e+02
2.60765312e+02
2.58161692e+02
2.55661091e+02
2.53306317e+02
2.51114149e+02
2.49087851e+02
2.47223353e+02
2.45512690e+02
2.43945978e+02
2.42512566e+02
2.41201716e+02
2.40003001e+02
2.38906534e+02
2.37903079e+02
2.36984108e+02
2.36141803e+02
2.35369037e+02
2.34659338e+02
2.34006849e+02
2.33406276e+02
2.32852845e+02
2.32342248e+02
2.31870608e+02
2.31441495e+02
2.31050583e+02
2.30687266e+02
2.30349245e+02
2.30034412e+02
2.29740859e+02
2.29466855e+02
2.29210833e+02
2.28971369e+02
2.28747171e+02
2.68286003e+02
2.68132043e+02
2.67047439e+02
2.65258469e+02
2.63157031e+02
2.60964216e+02
2.58796914e+02
2.56716635e+02
2.54754895e+02
2.52925867e+02
2.51233328e+02
2.49674871e+02
2.48244535e+02
2.46934470e+02
2.45735977e+02
2.44640153e+02
2.43638282e+02
2.42722066e+02
2.41883740e+02
2.41116127e+02
2.40412651e+02
2.39767321e+02
2.39174702e+02
2.38629879e+02
2.38128414e+02
2.37666307e+02
2.37239956e+02
2.36852401e+02
2.36499690e+02
2.36172215e+02
2.35867829e+02
2.35584618e+02
2.35320834e+02
2.35074883e+02
2.34845316e+02
2.34630819e+02
2.34430195e+02
2.70083662e+02
2.69862921e+02
2.68970961e+02
2.67768575e+02
2.66499968e+02
2.65248847e+02
2.64049098e+02
2.62917502e+02
2.61862656e+02
2.60887703e+02
2.59992009e+02
2.59172528e+02
2.58424816e+02
2.57743726e+02
2.57123879e+02
2.56559945e+02
2.56046824e+02
2.55579735e+02
2.55154260e+02
2.54766360e+02
2.54412368e+02
2.54088968e+02
2.53793171e+02
2.53522293e+02
2.53273924e+02
2.53045903e+02
2.52836291e+02
2.52645977e+02
2.52472684e+02
2.52312559e+02
2.52164440e+02
2.52027227e+02
2.51899934e+02
2.51781687e+02
2.51671702e+02
2.51569276e+02
2.51473776e+02
2.70573478e+02
2.70408273e+02
2.69663993e+02
2.68666946e+02
2.67703707e+02
2.66844747e+02
2.66086810e+02
2.65414283e+02
2.64813956e+02
2.64275996e+02
2.63792756e+02
2.63357948e+02
2.62966197e+02
2.62612809e+02
2.62293647e+02
2.62005041e+02
2.61743735e+02
2.61506837e+02
2.61291776e+02
2.61096270e+02
2.60918291e+02
2.60756038e+02
2.60607911e+02
2.60472487e+02
2.60348499e+02
2.60234820e+02
2.60130447e+02
2.60035777e+02
2.59949463e+02
2.59869740e+02
2.59796101e+02
2.59727988e+02
2.59664890e+02
2.59606349e+02
2.59551957e+02
2.59501354e+02
2.59454214e+02
2.70855242e+02
2.70773021e+02
2.70607072e+02
2.70461720e+02
2.70345682e+02
2.70251054e+02
2.70171631e+02
2.70103609e+02
2.70044667e+02
2.69993215e+02
2.69948069e+02
2.69908295e+02
2.69873139e+02
2.69841973e+02
2.69814270e+02
2.69789585e+02
2.69767537e+02
2.69747799e+02
2.69730092e+02
2.69714173e+02
2.69699831e+02
2.69686885e+02
2.69675175e+02
2.69664562e+02
2.69654927e+02
2.69646162e+02
2.69638175e+02
2.69630975e+02
2.69624465e+02
2.69618494e+02
2.69613010e+02
2.69607964e+02
2.69603313e+02
2.69599018e+02
2.69595045e+02
2.69591365e+02
2.69587951e+02
