2.70000e+02 2.70000e+02 2.70000e+02 2.68762e+02 2.68349e+02 2.71905e+02 2.71792e+02 2.71385e+02 2.71158e+02 2.70902e+02
2.70000e+02 2.70000e+02 2.70000e+02 2.68762e+02 2.68349e+02 2.71905e+02 2.71792e+02 2.71385e+02 2.71158e+02 2.70902e+02
5.00000e+01 1.50000e+02 2.50000e+02 2.68650e+02 2.68321e+02 2.71368e+02 2.71495e+02 2.71108e+02 2.70956e+02 2.70815e+02
5.00000e+01 1.43527e+02 2.44497e+02 2.68368e+02 2.68211e+02 2.69486e+02 2.70229e+02 2.70160e+02 2.70171e+02 2.70645e+02
5.00000e+01 1.39663e+02 2.39047e+02 2.67957e+02 2.68015e+02 2.66930e+02 2.68287e+02 2.68900e+02 2.69142e+02 2.70496e+02
5.00000e+01 1.36712e+02 2.33591e+02 2.67451e+02 2.67747e+02 2.64195e+02 2.66065e+02 2.67575e+02 2.68151e+02 2.70377e+02
5.00000e+01 1.34169e+02 2.28456e+02 2.66891e+02 2.67429e+02 2.61489e+02 2.63775e+02 2.66271e+02 2.67267e+02 2.70280e+02
5.00000e+01 1.31973e+02 2.23937e+02 2.66318e+02 2.67089e+02 2.58903e+02 2.61526e+02 2.65022e+02 2.66486e+02 2.70198e+02
5.00000e+01 1.30162e+02 2.20056e+02 2.65766e+02 2.66749e+02 2.56472e+02 2.59374e+02 2.63845e+02 2.65791e+02 2.70128e+02
5.00000e+01 1.28675e+02 2.16755e+02 2.65252e+02 2.66424e+02 2.54209e+02 2.57348e+02 2.62747e+02 2.65169e+02 2.70068e+02
5.00000e+01 1.27445e+02 2.13958e+02 2.64786e+02 2.66125e+02 2.52117e+02 2.55457e+02 2.61731e+02 2.64608e+02 2.70014e+02
5.00000e+01 1.26419e+02 2.11588e+02 2.64371e+02 2.65855e+02 2.50188e+02 2.53706e+02 2.60794e+02 2.64102e+02 2.69968e+02
5.00000e+01 1.25559e+02 2.09579e+02 2.64005e+02 2.65615e+02 2.48414e+02 2.52091e+02 2.59933e+02 2.63644e+02 2.69926e+02
5.00000e+01 1.24833e+02 2.07872e+02 2.63685e+02 2.65404e+02 2.46784e+02 2.50604e+02 2.59144e+02 2.63228e+02 2.69890e+02
5.00000e+01 1.24217e+02 2.06420e+02 2.63405e+02 2.65219e+02 2.45289e+02 2.49238e+02 2.58421e+02 2.62849e+02 2.69857e+02
5.00000e+01 1.23691e+02 2.05181e+02 2.63162e+02 2.65057e+02 2.43916e+02 2.47984e+02 2.57758e+02 2.62503e+02 2.69827e+02
5.00000e+01 1.23241e+02 2.04122e+02 2.62951e+02 2.64917e+02 2.42655e+02 2.46832e+02 2.57149e+02 2.62187e+02 2.69801e+02
5.00000e+01 1.22854e+02 2.03215e+02 2.62768e+02 2.64795e+02 2.41497e+02 2.45774e+02 2.56591e+02 2.61898e+02 2.69778e+02
5.00000e+01 1.22521e+02 2.02436e+02 2.62609e+02 2.64690e+02 2.40432e+02 2.44802e+02 2.56078e+02 2.61632e+02 2.69756e+02
5.00000e+01 1.22232e+02 2.01766e+02 2.62471e+02 2.64598e+02 2.39453e+02 2.43907e+02 2.55607e+02 2.61387e+02 2.69737e+02
5.00000e+01 1.21981e+02 2.01189e+02 2.62351e+02 2.64518e+02 2.38550e+02 2.43084e+02 2.55172e+02 2.61162e+02 2.69719e+02
5.00000e+01 1.21763e+02 2.00690e+02 2.62248e+02 2.64449e+02 2.37717e+02 2.42324e+02 2.54771e+02 2.60954e+02 2.69703e+02
5.00000e+01 1.21572e+02 2.00259e+02 2.62157e+02 2.64389e+02 2.36948e+02 2.41624e+02 2.54401e+02 2.60761e+02 2.69689e+02
5.00000e+01 1.21405e+02 1.99885e+02 2.62079e+02 2.64336e+02 2.36237e+02 2.40976e+02 2.54058e+02 2.60583e+02 2.69675e+02
5.00000e+01 1.21259e+02 1.99560e+02 2.62010e+02 2.64291e+02 2.35579e+02 2.40377e+02 2.53741e+02 2.60417e+02 2.69663e+02
5.00000e+01 1.21130e+02 1.99278e+02 2.61951e+02 2.64251e+02 2.34969e+02 2.39821e+02 2.53446e+02 2.60263e+02 2.69652e+02
5.00000e+01 1.21016e+02 1.99032e+02 2.61899e+02 2.64217e+02 2.34403e+02 2.39306e+02 2.53173e+02 2.60120e+02 2.69642e+02
5.00000e+01 1.20916e+02 1.98817e+02 2.61853e+02 2.64187e+02 2.33876e+02 2.38828e+02 2.52918e+02 2.59987e+02 2.69632e+02
5.00000e+01 1.20827e+02 1.98629e+02 2.61813e+02 2.64160e+02 2.33387e+02 2.38382e+02 2.52681e+02 2.59862e+02 2.69623e+02
5.00000e+01 1.20748e+02 1.98464e+02 2.61779e+02 2.64137e+02 2.32931e+02 2.37968e+02 2.52461e+02 2.59746e+02 2.69615e+02
5.00000e+01 1.20677e+02 1.98319e+02 2.61748e+02 2.64117e+02 2.32505e+02 2.37582e+02 2.52255e+02 2.59637e+02 2.69608e+02
5.00000e+01 1.20614e+02 1.98192e+02 2.61721e+02 2.64099e+02 2.32108e+02 2.37221e+02 2.52062e+02 2.59536e+02 2.69601e+02
5.00000e+01 1.20558e+02 1.98080e+02 2.61697e+02 2.64083e+02 2.31737e+02 2.36884e+02 2.51882e+02 2.59441e+02 2.69594e+02
5.00000e+01 1.20508e+02 1.97983e+02 2.61676e+02 2.64069e+02 2.31397e+02 2.36576e+02 2.51718e+02 2.59353e+02 2.69588e+02
5.00000e+01 1.20464e+02 1.97897e+02 2.61658e+02 2.64057e+02 2.31082e+02 2.36290e+02 2.51565e+02 2.59272e+02 2.69583e+02
5.00000e+01 1.20424e+02 1.97821e+02 2.61642e+02 2.64047e+02 2.30786e+02 2.36022e+02 2.51421e+02 2.59196e+02 2.69578e+02
5.00000e+01 1.20388e+02 1.97753e+02 2.61628e+02 2.64037e+02 2.30508e+02 2.35769e+02 2.51286e+02 2.59124e+02 2.69573e+02
5.00000e+01 1.20355e+02 1.97693e+02 2.61615e+02 2.64029e+02 2.30246e+02 2.35532e+02 2.51159e+02 2.59057e+02 2.69568e+02
