2.70000e+02 2.70000e+02 2.70000e+02 2.68696e+02 2.68305e+02 2.70139e+02 2.70269e+02 2.70764e+02 2.70861e+02 2.70881e+02
2.70000e+02 2.70000e+02 2.70000e+02 2.68696e+02 2.68305e+02 2.70139e+02 2.70269e+02 2.70764e+02 2.70861e+02 2.70881e+02
5.00000e+01 1.50000e+02 2.50000e+02 2.68584e+02 2.68279e+02 2.69799e+02 2.69901e+02 2.70513e+02 2.70676e+02 2.70798e+02
5.00000e+01 1.43512e+02 2.44430e+02 2.68304e+02 2.68169e+02 2.68194e+02 2.68290e+02 2.69568e+02 2.69907e+02 2.70631e+02
5.00000e+01 1.39591e+02 2.38896e+02 2.67895e+02 2.67974e+02 2.65820e+02 2.65989e+02 2.68276e+02 2.68881e+02 2.70485e+02
5.00000e+01 1.36577e+02 2.33317e+02 2.67391e+02 2.67708e+02 2.63154e+02 2.63476e+02 2.66901e+02 2.67885e+02 2.70367e+02
5.00000e+01 1.33987e+02 2.28068e+02 2.66837e+02 2.67395e+02 2.60432e+02 2.60957e+02 2.65541e+02 2.66991e+02 2.70270e+02
5.00000e+01 1.31756e+02 2.23457e+02 2.66277e+02 2.67062e+02 2.57771e+02 2.58529e+02 2.64239e+02 2.66199e+02 2.70188e+02
5.00000e+01 1.29919e+02 2.19511e+02 2.65742e+02 2.66732e+02 2.55234e+02 2.56233e+02 2.63016e+02 2.65493e+02 2.70118e+02
5.00000e+01 1.28412e+02 2.16167e+02 2.65251e+02 2.66421e+02 2.52850e+02 2.54089e+02 2.61877e+02 2.64859e+02 2.70056e+02
5.00000e+01 1.27166e+02 2.13343e+02 2.64810e+02 2.66137e+02 2.50631e+02 2.52101e+02 2.60824e+02 2.64288e+02 2.70003e+02
5.00000e+01 1.26129e+02 2.10961e+02 2.64420e+02 2.65884e+02 2.48579e+02 2.50269e+02 2.59856e+02 2.63771e+02 2.69955e+02
5.00000e+01 1.25261e+02 2.08950e+02 2.64080e+02 2.65661e+02 2.46687e+02 2.48584e+02 2.58968e+02 2.63303e+02 2.69913e+02
5.00000e+01 1.24529e+02 2.07248e+02 2.63783e+02 2.65466e+02 2.44949e+02 2.47039e+02 2.58153e+02 2.62877e+02 2.69875e+02
5.00000e+01 1.23910e+02 2.05806e+02 2.63526e+02 2.65296e+02 2.43354e+02 2.45622e+02 2.57407e+02 2.62489e+02 2.69842e+02
5.00000e+01 1.23382e+02 2.04580e+02 2.63304e+02 2.65149e+02 2.41891e+02 2.44323e+02 2.56724e+02 2.62135e+02 2.69812e+02
5.00000e+01 1.22931e+02 2.03537e+02 2.63112e+02 2.65022e+02 2.40549e+02 2.43133e+02 2.56097e+02 2.61810e+02 2.69785e+02
5.00000e+01 1.22544e+02 2.02646e+02 2.62946e+02 2.64912e+02 2.39319e+02 2.42041e+02 2.55522e+02 2.61513e+02 2.69761e+02
5.00000e+01 1.22211e+02 2.01884e+02 2.62803e+02 2.64817e+02 2.38189e+02 2.41040e+02 2.54994e+02 2.61240e+02 2.69739e+02
5.00000e+01 1.21924e+02 2.01230e+02 2.62679e+02 2.64734e+02 2.37153e+02 2.40120e+02 2.54509e+02 2.60989e+02 2.69719e+02
5.00000e+01 1.21674e+02 2.00668e+02 2.62571e+02 2.64663e+02 2.36199e+02 2.39274e+02 2.54062e+02 2.60757e+02 2.69701e+02
5.00000e+01 1.21457e+02 2.00185e+02 2.62479e+02 2.64601e+02 2.35323e+02 2.38495e+02 2.53650e+02 2.60543e+02 2.69684e+02
5.00000e+01 1.21268e+02 1.99767e+02 2.62398e+02 2.64548e+02 2.34515e+02 2.37777e+02 2.53270e+02 2.60346e+02 2.69669e+02
5.00000e+01 1.21103e+02 1.99406e+02 2.62328e+02 2.64501e+02 2.33770e+02 2.37115e+02 2.52919e+02 2.60163e+02 2.69655e+02
5.00000e+01 1.20958e+02 1.99093e+02 2.62267e+02 2.64461e+02 2.33083e+02 2.36504e+02 2.52594e+02 2.59994e+02 2.69643e+02
5.00000e+01 1.20831e+02 1.98821e+02 2.62214e+02 2.64426e+02 2.32447e+02 2.35938e+02 2.52293e+02 2.59836e+02 2.69631e+02
5.00000e+01 1.20718e+02 1.98585e+02 2.62168e+02 2.64396e+02 2.31859e+02 2.35414e+02 2.52013e+02 2.59690e+02 2.69621e+02
5.00000e+01 1.20621e+02 1.98382e+02 2.62128e+02 2.64369e+02 2.31328e+02 2.34941e+02 2.51762e+02 2.59558e+02 2.69611e+02
5.00000e+01 1.20535e+02 1.98205e+02 2.62094e+02 2.64346e+02 2.30834e+02 2.34502e+02 2.51527e+02 2.59435e+02 2.69602e+02
5.00000e+01 1.20459e+02 1.98050e+02 2.62063e+02 2.64326e+02 2.30375e+02 2.34092e+02 2.51308e+02 2.59320e+02 2.69594e+02
5.00000e+01 1.20390e+02 1.97913e+02 2.62037e+02 2.64309e+02 2.29947e+02 2.33710e+02 2.51103e+02 2.59212e+02 2.69587e+02
5.00000e+01 1.20329e+02 1.97792e+02 2.62013e+02 2.64293e+02 2.29548e+02 2.33354e+02 2.50912e+02 2.59111e+02 2.69580e+02
5.00000e+01 1.20274e+02 1.97686e+02 2.61993e+02 2.64279e+02 2.29176e+02 2.33021e+02 2.50734e+02 2.59017e+02 2.69573e+02
5.00000e+01 1.20224e+02 1.97591e+02 2.61974e+02 2.64267e+02 2.28829e+02 2.32710e+02 2.50567e+02 2.58928e+02 2.69567e+02
5.00000e+01 1.20179e+02 1.97507e+02 2.61958e+02 2.64257e+02 2.28504e+02 2.32419e+02 2.50410e+02 2.58845e+02 2.69561e+02
5.00000e+01 1.20139e+02 1.97433e+02 2.61943e+02 2.64247e+02 2.28200e+02 2.32147e+02 2.50264e+02 2.58767e+02 2.69556e+02
5.00000e+01 1.20102e+02 1.97366e+02 2.61931e+02 2.64239e+02 2.27915e+02 2.31893e+02 2.50126e+02 2.58694e+02 2.69551e+02
5.00000e+01 1.20069e+02 1.97307e+02 2.61919e+02 2.64231e+02 2.27649e+02 2.31654e+02 2.49997e+02 2.58625e+02 2.69546e+02
