2.70000e+02 2.70000e+02 2.70000e+02 2.68633e+02 2.68335e+02 2.71809e+02 2.71730e+02 2.71594e+02 2.71416e+02 2.70916e+02
2.70000e+02 2.70000e+02 2.70000e+02 2.68633e+02 2.68335e+02 2.71809e+02 2.71730e+02 2.71594e+02 2.71416e+02 2.70916e+02
5.00000e+01 1.50000e+02 2.50000e+02 2.68573e+02 2.68316e+02 2.71013e+02 2.71556e+02 2.71405e+02 2.71145e+02 2.70858e+02
5.00000e+01 1.43711e+02 2.44431e+02 2.68386e+02 2.68230e+02 2.68655e+02 2.70615e+02 2.70637e+02 2.70225e+02 2.70739e+02
5.00000e+01 1.39926e+02 2.38824e+02 2.68080e+02 2.68065e+02 2.65822e+02 2.68989e+02 2.69537e+02 2.69139e+02 2.70637e+02
5.00000e+01 1.37019e+02 2.33149e+02 2.67679e+02 2.67828e+02 2.62975e+02 2.66992e+02 2.68337e+02 2.68162e+02 2.70556e+02
5.00000e+01 1.34533e+02 2.27749e+02 2.67217e+02 2.67538e+02 2.60252e+02 2.64842e+02 2.67130e+02 2.67325e+02 2.70492e+02
5.00000e+01 1.32404e+02 2.22933e+02 2.66733e+02 2.67223e+02 2.57698e+02 2.62669e+02 2.65954e+02 2.66604e+02 2.70438e+02
5.00000e+01 1.30596e+02 2.18746e+02 2.66258e+02 2.66905e+02 2.55323e+02 2.60550e+02 2.64828e+02 2.65973e+02 2.70392e+02
5.00000e+01 1.29093e+02 2.15137e+02 2.65810e+02 2.66599e+02 2.53126e+02 2.58525e+02 2.63763e+02 2.65412e+02 2.70353e+02
5.00000e+01 1.27838e+02 2.12039e+02 2.65400e+02 2.66315e+02 2.51100e+02 2.56617e+02 2.62764e+02 2.64909e+02 2.70318e+02
5.00000e+01 1.26782e+02 2.09382e+02 2.65031e+02 2.66058e+02 2.49235e+02 2.54835e+02 2.61833e+02 2.64455e+02 2.70288e+02
5.00000e+01 1.25889e+02 2.07103e+02 2.64704e+02 2.65828e+02 2.47522e+02 2.53179e+02 2.60970e+02 2.64043e+02 2.70262e+02
5.00000e+01 1.25130e+02 2.05148e+02 2.64415e+02 2.65624e+02 2.45947e+02 2.51647e+02 2.60172e+02 2.63669e+02 2.70238e+02
5.00000e+01 1.24481e+02 2.03468e+02 2.64162e+02 2.65445e+02 2.44501e+02 2.50233e+02 2.59436e+02 2.63327e+02 2.70217e+02
5.00000e+01 1.23924e+02 2.02022e+02 2.63940e+02 2.65288e+02 2.43171e+02 2.48930e+02 2.58758e+02 2.63015e+02 2.70198e+02
5.00000e+01 1.23444e+02 2.00778e+02 2.63747e+02 2.65151e+02 2.41949e+02 2.47730e+02 2.58134e+02 2.62730e+02 2.70181e+02
5.00000e+01 1.23029e+02 1.99704e+02 2.63579e+02 2.65032e+02 2.40825e+02 2.46625e+02 2.57560e+02 2.62468e+02 2.70165e+02
5.00000e+01 1.22670e+02 1.98777e+02 2.63433e+02 2.64928e+02 2.39790e+02 2.45608e+02 2.57031e+02 2.62227e+02 2.70151e+02
5.00000e+01 1.22358e+02 1.97975e+02 2.63306e+02 2.64837e+02 2.38836e+02 2.44672e+02 2.56545e+02 2.62005e+02 2.70139e+02
5.00000e+01 1.22087e+02 1.97280e+02 2.63195e+02 2.64758e+02 2.37957e+02 2.43810e+02 2.56096e+02 2.61801e+02 2.70127e+02
5.00000e+01 1.21849e+02 1.96678e+02 2.63098e+02 2.64689e+02 2.37145e+02 2.43015e+02 2.55683e+02 2.61613e+02 2.70117e+02
5.00000e+01 1.21642e+02 1.96156e+02 2.63014e+02 2.64630e+02 2.36394e+02 2.42281e+02 2.55302e+02 2.61440e+02 2.70107e+02
5.00000e+01 1.21460e+02 1.95701e+02 2.62941e+02 2.64578e+02 2.35700e+02 2.41604e+02 2.54951e+02 2.61279e+02 2.70098e+02
5.00000e+01 1.21300e+02 1.95305e+02 2.62877e+02 2.64532e+02 2.35057e+02 2.40979e+02 2.54626e+02 2.61130e+02 2.70090e+02
5.00000e+01 1.21160e+02 1.94961e+02 2.62821e+02 2.64492e+02 2.34462e+02 2.40400e+02 2.54326e+02 2.60992e+02 2.70083e+02
5.00000e+01 1.21035e+02 1.94659e+02 2.62773e+02 2.64458e+02 2.33909e+02 2.39864e+02 2.54048e+02 2.60865e+02 2.70076e+02
5.00000e+01 1.20925e+02 1.94396e+02 2.62730e+02 2.64428e+02 2.33396e+02 2.39368e+02 2.53790e+02 2.60746e+02 2.70070e+02
5.00000e+01 1.20828e+02 1.94166e+02 2.62693e+02 2.64401e+02 2.32919e+02 2.38907e+02 2.53552e+02 2.60636e+02 2.70064e+02
5.00000e+01 1.20742e+02 1.93964e+02 2.62660e+02 2.64378e+02 2.32475e+02 2.38480e+02 2.53330e+02 2.60533e+02 2.70059e+02
5.00000e+01 1.20665e+02 1.93786e+02 2.62631e+02 2.64357e+02 2.32062e+02 2.38082e+02 2.53124e+02 2.60437e+02 2.70054e+02
5.00000e+01 1.20596e+02 1.93630e+02 2.62606e+02 2.64339e+02 2.31676e+02 2.37713e+02 2.52933e+02 2.60348e+02 2.70050e+02
5.00000e+01 1.20536e+02 1.93495e+02 2.62584e+02 2.64324e+02 2.31328e+02 2.37377e+02 2.52759e+02 2.60268e+02 2.70046e+02
5.00000e+01 1.20483e+02 1.93377e+02 2.62565e+02 2.64310e+02 2.31004e+02 2.37068e+02 2.52599e+02 2.60193e+02 2.70042e+02
5.00000e+01 1.20435e+02 1.93272e+02 2.62548e+02 2.64298e+02 2.30701e+02 2.36778e+02 2.52448e+02 2.60122e+02 2.70038e+02
5.00000e+01 1.20391e+02 1.93178e+02 2.62533e+02 2.64287e+02 2.30417e+02 2.36507e+02 2.52308e+02 2.60056e+02 2.70035e+02
5.00000e+01 1.20352e+02 1.93095e+02 2.62519e+02 2.64278e+02 2.30150e+02 2.36254e+02 2.52177e+02 2.59995e+02 2.70032e+02
5.00000e+01 1.20317e+02 1.93021e+02 2.62507e+02 2.64269e+02 2.29899e+02 2.36016e+02 2.52054e+02 2.59936e+02 2.70029e+02
