2.70000e+02 2.70000e+02 2.70000e+02 2.68731e+02 2.68397e+02 2.67480e+02 2.68002e+02 2.70260e+02 2.70756e+02 2.70866e+02
2.70000e+02 2.70000e+02 2.70000e+02 2.68731e+02 2.68397e+02 2.67480e+02 2.68002e+02 2.70260e+02 2.70756e+02 2.70866e+02
5.00000e+01 1.50000e+02 2.50000e+02 2.68629e+02 2.68364e+02 2.67288e+02 2.67824e+02 2.69971e+02 2.70540e+02 2.70780e+02
5.00000e+01 1.43496e+02 2.44427e+02 2.68366e+02 2.68239e+02 2.65868e+02 2.66518e+02 2.69024e+02 2.69750e+02 2.70612e+02
5.00000e+01 1.39627e+02 2.38910e+02 2.67973e+02 2.68022e+02 2.63740e+02 2.64549e+02 2.67766e+02 2.68724e+02 2.70466e+02
5.00000e+01 1.36664e+02 2.33363e+02 2.67480e+02 2.67726e+02 2.61349e+02 2.62350e+02 2.66446e+02 2.67742e+02 2.70350e+02
5.00000e+01 1.34112e+02 2.28133e+02 2.66928e+02 2.67377e+02 2.58908e+02 2.60121e+02 2.65154e+02 2.66872e+02 2.70256e+02
5.00000e+01 1.31910e+02 2.23521e+02 2.66361e+02 2.67005e+02 2.56522e+02 2.57956e+02 2.63927e+02 2.66109e+02 2.70177e+02
5.00000e+01 1.30095e+02 2.19553e+02 2.65811e+02 2.66634e+02 2.54247e+02 2.55901e+02 2.62782e+02 2.65435e+02 2.70110e+02
5.00000e+01 1.28603e+02 2.16173e+02 2.65298e+02 2.66282e+02 2.52109e+02 2.53976e+02 2.61725e+02 2.64838e+02 2.70052e+02
5.00000e+01 1.27368e+02 2.13304e+02 2.64833e+02 2.65959e+02 2.50119e+02 2.52189e+02 2.60755e+02 2.64306e+02 2.70001e+02
5.00000e+01 1.26338e+02 2.10870e+02 2.64418e+02 2.65668e+02 2.48278e+02 2.50539e+02 2.59870e+02 2.63831e+02 2.69957e+02
5.00000e+01 1.25475e+02 2.08805e+02 2.64053e+02 2.65410e+02 2.46581e+02 2.49022e+02 2.59063e+02 2.63405e+02 2.69918e+02
5.00000e+01 1.24745e+02 2.07050e+02 2.63732e+02 2.65183e+02 2.45022e+02 2.47629e+02 2.58330e+02 2.63022e+02 2.69884e+02
5.00000e+01 1.24127e+02 2.05556e+02 2.63453e+02 2.64985e+02 2.43591e+02 2.46353e+02 2.57664e+02 2.62678e+02 2.69854e+02
5.00000e+01 1.23600e+02 2.04281e+02 2.63211e+02 2.64812e+02 2.42278e+02 2.45183e+02 2.57058e+02 2.62368e+02 2.69827e+02
5.00000e+01 1.23149e+02 2.03192e+02 2.63000e+02 2.64662e+02 2.41074e+02 2.44112e+02 2.56508e+02 2.62088e+02 2.69803e+02
5.00000e+01 1.22761e+02 2.02259e+02 2.62818e+02 2.64532e+02 2.39970e+02 2.43130e+02 2.56007e+02 2.61834e+02 2.69782e+02
5.00000e+01 1.22428e+02 2.01459e+02 2.62660e+02 2.64419e+02 2.38958e+02 2.42230e+02 2.55551e+02 2.61604e+02 2.69763e+02
5.00000e+01 1.22139e+02 2.00771e+02 2.62523e+02 2.64321e+02 2.38028e+02 2.41405e+02 2.55135e+02 2.61395e+02 2.69745e+02
5.00000e+01 1.21889e+02 2.00179e+02 2.62404e+02 2.64236e+02 2.37175e+02 2.40647e+02 2.54756e+02 2.61206e+02 2.69730e+02
5.00000e+01 1.21672e+02 1.99669e+02 2.62301e+02 2.64163e+02 2.36392e+02 2.39952e+02 2.54409e+02 2.61033e+02 2.69716e+02
5.00000e+01 1.21483e+02 1.99228e+02 2.62212e+02 2.64099e+02 2.35671e+02 2.39313e+02 2.54093e+02 2.60875e+02 2.69704e+02
5.00000e+01 1.21318e+02 1.98846e+02 2.62134e+02 2.64044e+02 2.35008e+02 2.38725e+02 2.53803e+02 2.60731e+02 2.69692e+02
5.00000e+01 1.21174e+02 1.98515e+02 2.62067e+02 2.63996e+02 2.34398e+02 2.38184e+02 2.53537e+02 2.60600e+02 2.69682e+02
5.00000e+01 1.21047e+02 1.98228e+02 2.62008e+02 2.63954e+02 2.33836e+02 2.37685e+02 2.53293e+02 2.60479e+02 2.69673e+02
5.00000e+01 1.20936e+02 1.97978e+02 2.61957e+02 2.63917e+02 2.33318e+02 2.37226e+02 2.53069e+02 2.60369e+02 2.69664e+02
5.00000e+01 1.20837e+02 1.97760e+02 2.61913e+02 2.63885e+02 2.32840e+02 2.36802e+02 2.52864e+02 2.60268e+02 2.69656e+02
5.00000e+01 1.20751e+02 1.97571e+02 2.61874e+02 2.63858e+02 2.32398e+02 2.36412e+02 2.52674e+02 2.60175e+02 2.69649e+02
5.00000e+01 1.20674e+02 1.97405e+02 2.61840e+02 2.63833e+02 2.31991e+02 2.36051e+02 2.52500e+02 2.60089e+02 2.69643e+02
5.00000e+01 1.20607e+02 1.97260e+02 2.61810e+02 2.63812e+02 2.31618e+02 2.35721e+02 2.52341e+02 2.60012e+02 2.69637e+02
5.00000e+01 1.20548e+02 1.97137e+02 2.61785e+02 2.63794e+02 2.31285e+02 2.35426e+02 2.52198e+02 2.59941e+02 2.69632e+02
5.00000e+01 1.20496e+02 1.97028e+02 2.61762e+02 2.63778e+02 2.30975e+02 2.35151e+02 2.52066e+02 2.59876e+02 2.69627e+02
5.00000e+01 1.20449e+02 1.96932e+02 2.61743e+02 2.63764e+02 2.30687e+02 2.34896e+02 2.51944e+02 2.59817e+02 2.69622e+02
5.00000e+01 1.20408e+02 1.96847e+02 2.61725e+02 2.63752e+02 2.30420e+02 2.34659e+02 2.51831e+02 2.59761e+02 2.69618e+02
5.00000e+01 1.20370e+02 1.96771e+02 2.61710e+02 2.63741e+02 2.30171e+02 2.34439e+02 2.51726e+02 2.59710e+02 2.69615e+02
5.00000e+01 1.20336e+02 1.96704e+02 2.61696e+02 2.63731e+02 2.29939e+02 2.34234e+02 2.51629e+02 2.59663e+02 2.69611e+02
5.00000e+01 1.20305e+02 1.96644e+02 2.61684e+02 2.63722e+02 2.29724e+02 2.34043e+02 2.51539e+02 2.59619e+02 2.69608e+02
