2.70000e+02 2.70000e+02 2.70000e+02 2.68705e+02 2.68354e+02 2.66198e+02 2.66865e+02 2.69487e+02 2.70265e+02 2.70832e+02
2.70000e+02 2.70000e+02 2.70000e+02 2.68705e+02 2.68354e+02 2.66198e+02 2.66865e+02 2.69487e+02 2.70265e+02 2.70832e+02
5.00000e+01 1.50000e+02 2.50000e+02 2.68596e+02 2.68323e+02 2.66024e+02 2.66875e+02 2.69299e+02 2.70111e+02 2.70745e+02
5.00000e+01 1.43428e+02 2.44397e+02 2.68321e+02 2.68203e+02 2.64191e+02 2.65992e+02 2.68439e+02 2.69333e+02 2.70562e+02
5.00000e+01 1.39540e+02 2.38901e+02 2.67918e+02 2.67993e+02 2.61879e+02 2.64428e+02 2.67255e+02 2.68283e+02 2.70400e+02
5.00000e+01 1.36569e+02 2.33393e+02 2.67420e+02 2.67708e+02 2.59524e+02 2.62550e+02 2.66003e+02 2.67273e+02 2.70270e+02
5.00000e+01 1.34003e+02 2.28219e+02 2.66868e+02 2.67374e+02 2.57251e+02 2.60566e+02 2.64772e+02 2.66380e+02 2.70165e+02
5.00000e+01 1.31804e+02 2.23675e+02 2.66304e+02 2.67018e+02 2.55103e+02 2.58590e+02 2.63598e+02 2.65599e+02 2.70077e+02
5.00000e+01 1.30002e+02 2.19781e+02 2.65761e+02 2.66664e+02 2.53094e+02 2.56683e+02 2.62498e+02 2.64913e+02 2.70002e+02
5.00000e+01 1.28525e+02 2.16478e+02 2.65257e+02 2.66328e+02 2.51225e+02 2.54877e+02 2.61477e+02 2.64305e+02 2.69937e+02
5.00000e+01 1.27308e+02 2.13685e+02 2.64801e+02 2.66020e+02 2.49494e+02 2.53186e+02 2.60536e+02 2.63763e+02 2.69881e+02
5.00000e+01 1.26296e+02 2.11325e+02 2.64395e+02 2.65743e+02 2.47895e+02 2.51614e+02 2.59673e+02 2.63278e+02 2.69831e+02
5.00000e+01 1.25449e+02 2.09330e+02 2.64039e+02 2.65498e+02 2.46420e+02 2.50159e+02 2.58884e+02 2.62841e+02 2.69788e+02
5.00000e+01 1.24736e+02 2.07639e+02 2.63727e+02 2.65283e+02 2.45060e+02 2.48816e+02 2.58163e+02 2.62448e+02 2.69750e+02
5.00000e+01 1.24132e+02 2.06205e+02 2.63457e+02 2.65096e+02 2.43808e+02 2.47579e+02 2.57505e+02 2.62093e+02 2.69716e+02
5.00000e+01 1.23619e+02 2.04984e+02 2.63222e+02 2.64932e+02 2.42654e+02 2.46440e+02 2.56904e+02 2.61771e+02 2.69685e+02
5.00000e+01 1.23180e+02 2.03944e+02 2.63018e+02 2.64791e+02 2.41591e+02 2.45392e+02 2.56355e+02 2.61479e+02 2.69658e+02
5.00000e+01 1.22803e+02 2.03054e+02 2.62842e+02 2.64668e+02 2.40611e+02 2.44427e+02 2.55853e+02 2.61213e+02 2.69634e+02
5.00000e+01 1.22479e+02 2.02293e+02 2.62689e+02 2.64562e+02 2.39707e+02 2.43539e+02 2.55393e+02 2.60971e+02 2.69612e+02
5.00000e+01 1.22199e+02 2.01640e+02 2.62557e+02 2.64470e+02 2.38874e+02 2.42721e+02 2.54972e+02 2.60749e+02 2.69592e+02
5.00000e+01 1.21956e+02 2.01078e+02 2.62443e+02 2.64391e+02 2.38104e+02 2.41967e+02 2.54586e+02 2.60547e+02 2.69575e+02
5.00000e+01 1.21745e+02 2.00594e+02 2.62344e+02 2.64322e+02 2.37393e+02 2.41272e+02 2.54231e+02 2.60361e+02 2.69558e+02
5.00000e+01 1.21562e+02 2.00177e+02 2.62258e+02 2.64262e+02 2.36736e+02 2.40631e+02 2.53906e+02 2.60191e+02 2.69544e+02
5.00000e+01 1.21401e+02 1.99815e+02 2.62184e+02 2.64210e+02 2.36128e+02 2.40039e+02 2.53606e+02 2.60034e+02 2.69530e+02
5.00000e+01 1.21260e+02 1.99502e+02 2.62119e+02 2.64165e+02 2.35565e+02 2.39492e+02 2.53330e+02 2.59890e+02 2.69518e+02
5.00000e+01 1.21137e+02 1.99230e+02 2.62062e+02 2.64126e+02 2.35044e+02 2.38986e+02 2.53075e+02 2.59758e+02 2.69507e+02
5.00000e+01 1.21028e+02 1.98994e+02 2.62013e+02 2.64091e+02 2.34562e+02 2.38517e+02 2.52841e+02 2.59636e+02 2.69497e+02
5.00000e+01 1.20932e+02 1.98787e+02 2.61970e+02 2.64061e+02 2.34114e+02 2.38084e+02 2.52624e+02 2.59523e+02 2.69488e+02
5.00000e+01 1.20847e+02 1.98607e+02 2.61933e+02 2.64035e+02 2.33699e+02 2.37682e+02 2.52424e+02 2.59419e+02 2.69479e+02
5.00000e+01 1.20773e+02 1.98453e+02 2.61900e+02 2.64013e+02 2.33327e+02 2.37320e+02 2.52242e+02 2.59324e+02 2.69471e+02
5.00000e+01 1.20708e+02 1.98319e+02 2.61872e+02 2.63993e+02 2.32983e+02 2.36987e+02 2.52075e+02 2.59238e+02 2.69464e+02
5.00000e+01 1.20650e+02 1.98200e+02 2.61848e+02 2.63976e+02 2.32661e+02 2.36677e+02 2.51920e+02 2.59157e+02 2.69458e+02
5.00000e+01 1.20597e+02 1.98095e+02 2.61826e+02 2.63961e+02 2.32360e+02 2.36388e+02 2.51777e+02 2.59083e+02 2.69452e+02
5.00000e+01 1.20550e+02 1.98003e+02 2.61807e+02 2.63948e+02 2.32080e+02 2.36118e+02 2.51644e+02 2.59014e+02 2.69447e+02
5.00000e+01 1.20508e+02 1.97920e+02 2.61790e+02 2.63936e+02 2.31818e+02 2.35866e+02 2.51520e+02 2.58949e+02 2.69441e+02
5.00000e+01 1.20470e+02 1.97847e+02 2.61774e+02 2.63925e+02 2.31573e+02 2.35631e+02 2.51404e+02 2.58889e+02 2.69437e+02
5.00000e+01 1.20435e+02 1.97782e+02 2.61761e+02 2.63916e+02 2.31345e+02 2.35412e+02 2.51297e+02 2.58834e+02 2.69432e+02
5.00000e+01 1.20404e+02 1.97724e+02 2.61749e+02 2.63908e+02 2.31132e+02 2.35208e+02 2.51197e+02 2.58782e+02 2.69428e+02
