2.70000000e+02
5.00000000e+01
5.00000000e+01
5.00000000e+01
5.00000000e+01
5.00000000e+01
5.00000000e+01
5.00000000e+01
5.00000000e+01
5.00000000e+01
5.00000000e+01
5.00000000e+01
5.00000000e+01
5.00000000e+01
5.00000000e+01
5.00000000e+01
5.00000000e+01
5.00000000e+01
5.00000000e+01
5.00000000e+01
5.00000000e+01
5.00000000e+01
5.00000000e+01
5.00000000e+01
5.00000000e+01
5.00000000e+01
5.00000000e+01
5.00000000e+01
5.00000000e+01
5.00000000e+01
5.00000000e+01
5.00000000e+01
5.00000000e+01
5.00000000e+01
5.00000000e+01
5.00000000e+01
5.00000000e+01
2.70000000e+02
1.50000000e+02
1.43768514e+02
1.39943373e+02
1.36983748e+02
1.34462716e+02
1.32320269e+02
1.30506242e+02
1.29006062e+02
1.27761424e+02
1.26722529e+02
1.25850205e+02
1.25113837e+02
1.24489316e+02
1.23957448e+02
1.23502800e+02
1.23112841e+02
1.22777316e+02
1.22487776e+02
1.22237216e+02
1.22019802e+02
1.21830649e+02
1.21665657e+02
1.21521367e+02
1.21394859e+02
1.21283654e+02
1.21185650e+02
1.21099054e+02
1.21022339e+02
1.20954196e+02
1.20893509e+02
1.20839317e+02
1.20790796e+02
1.20747238e+02
1.20708029e+02
1.20673348e+02
1.20642474e+02
2.70000000e+02
2.50000000e+02
2.44344103e+02
2.38733281e+02
2.33087077e+02
2.27764346e+02
2.23071304e+02
2.19037611e+02
2.15601748e+02
2.12685187e+02
2.10211713e+02
2.08113124e+02
2.06330595e+02
2.04814282e+02
2.03522302e+02
2.02419583e+02
2.01476779e+02
2.00669321e+02
1.99976608e+02
1.99381336e+02
1.98868946e+02
1.98427159e+02
1.98045607e+02
1.97715513e+02
1.97429441e+02
1.97181077e+02
1.96965055e+02
1.96776807e+02
1.96612440e+02
1.96468635e+02
1.96342555e+02
1.96231775e+02
1.96134222e+02
1.96048117e+02
1.95971937e+02
1.95905596e+02
1.95847570e+02
2.68649097e+02
2.68568827e+02
2.68336462e+02
2.67976564e+02
2.67520024e+02
2.67010270e+02
2.66488955e+02
2.65987054e+02
2.65522767e+02
2.65104147e+02
2.64732805e+02
2.64406800e+02
2.64122478e+02
2.63875544e+02
2.63661634e+02
2.63476617e+02
2.63316721e+02
2.63178576e+02
2.63059218e+02
2.62956058e+02
2.62866847e+02
2.62789644e+02
2.62722772e+02
2.62664789e+02
2.62614456e+02
2.62570707e+02
2.62532627e+02
2.62499432e+02
2.62470448e+02
2.62445097e+02
2.62422881e+02
2.62403377e+02
2.62386217e+02
2.62371088e+02
2.62357719e+02
2.62345984e+02
2.62335743e+02
2.68285071e+02
2.68266458e+02
2.68177743e+02
2.68007361e+02
2.67765584e+02
2.67474901e+02
2.67161861e+02
2.66849301e+02
2.66552821e+02
2.66280958e+02
2.66037075e+02
2.65821357e+02
2.65632271e+02
2.65467487e+02
2.65324409e+02
2.65200461e+02
2.65093228e+02
2.65000520e+02
2.64920386e+02
2.64851113e+02
2.64791206e+02
2.64739368e+02
2.64694477e+02
2.64655566e+02
2.64621802e+02
2.64592470e+02
2.64566954e+02
2.64544725e+02
2.64525329e+02
2.64508378e+02
2.64493536e+02
2.64480517e+02
2.64469074e+02
2.64458994e+02
2.64450097e+02
2.64442337e+02
2.64435520e+02
2.65917914e+02
2.65838937e+02
2.64560397e+02
2.62571967e+02
2.60313768e+02
2.57995593e+02
2.55724321e+02
2.53554611e+02
2.51512382e+02
2.49607886e+02
2.47842264e+02
2.46211429e+02
2.44708438e+02
2.43324949e+02
2.42052099e+02
2.40881032e+02
2.39803202e+02
2.38810551e+02
2.37895584e+02
2.37051407e+02
2.36271716e+02
2.35550775e+02
2.34883387e+02
2.34264848e+02
2.33690904e+02
2.33157719e+02
2.32661825e+02
2.32200093e+02
2.31769693e+02
2.31368067e+02
2.30992901e+02
2.30642098e+02
2.30313755e+02
2.30006144e+02
2.29717695e+02
2.29452554e+02
2.29209607e+02
2.66587004e+02
2.66514493e+02
2.65352283e+02
2.63527166e+02
2.61462190e+02
2.59352701e+02
2.57293471e+02
2.55331444e+02
2.53488350e+02
2.51772435e+02
2.50184075e+02
2.48719073e+02
2.47370731e+02
2.46131141e+02
2.44991978e+02
2.43944977e+02
2.42982212e+02
2.42096243e+02
2.41280183e+02
2.40527722e+02
2.39833111e+02
2.39191139e+02
2.38597094e+02
2.38046723e+02
2.37536191e+02
2.37062043e+02
2.36621162e+02
2.36210740e+02
2.35828239e+02
2.35471371e+02
2.35138065e+02
2.34826444e+02
2.34534811e+02
2.34261624e+02
2.34005479e+02
2.33770376e+02
2.33554998e+02
2.69442655e+02
2.69238375e+02
2.68329757e+02
2.67094571e+02
2.65793332e+02
2.64518808e+02
2.63308116e+02
2.62177189e+02
2.61131744e+02
2.60172088e+02
2.59295220e+02
2.58496218e+02
2.57769224e+02
2.57108075e+02
2.56506694e+02
2.55959310e+02
2.55460572e+02
2.55005592e+02
2.54589953e+02
2.54209686e+02
2.53861245e+02
2.53541463e+02
2.53247522e+02
2.52976913e+02
2.52727401e+02
2.52496997e+02
2.52283927e+02
2.52086607e+02
2.51903622e+02
2.51733707e+02
2.51575726e+02
2.51428661e+02
2.51291595e+02
2.51163703e+02
2.51044242e+02
2.50934310e+02
2.50832967e+02
2.70276647e+02
2.70120337e+02
2.69359824e+02
2.68334900e+02
2.67345108e+02
2.66464602e+02
2.65691418e+02
2.65009895e+02
2.64405549e+02
2.63867279e+02
2.63386388e+02
2.62955701e+02
2.62569118e+02
2.62221371e+02
2.61907885e+02
2.61624676e+02
2.61368272e+02
2.61135640e+02
2.60924133e+02
2.60731437e+02
2.60555527e+02
2.60394627e+02
2.60247178e+02
2.60111808e+02
2.59987309e+02
2.59872614e+02
2.59766778e+02
2.59668965e+02
2.59578431e+02
2.59494513e+02
2.59416620e+02
2.59344224e+02
2.59276852e+02
2.59214079e+02
2.59155523e+02
2.59101691e+02
2.59051906e+02
2.70832309e+02
2.70748523e+02
2.70578417e+02
2.70429879e+02
2.70311574e+02
2.70215471e+02
2.70135381e+02
2.70067285e+02
2.70008651e+02
2.69957776e+02
2.69913388e+02
2.69874482e+02
2.69840246e+02
2.69810006e+02
2.69783206e+02
2.69759376e+02
2.69738119e+02
2.69719102e+02
2.69702037e+02
2.69686681e+02
2.69672825e+02
2.69660289e+02
2.69648920e+02
2.69638582e+02
2.69629161e+02
2.69620556e+02
2.69612678e+02
2.69605452e+02
2.69598809e+02
2.69592692e+02
2.69587049e+02
2.69581833e+02
2.69577004e+02
2.69572527e+02
2.69568369e+02
2.69564555e+02
2.69561052e+02
