2.70000000e+02
5.00000000e+01
5.00000000e+01
5.00000000e+01
5.00000000e+01
5.00000000e+01
5.00000000e+01
5.00000000e+01
5.00000000e+01
5.00000000e+01
5.00000000e+01
5.00000000e+01
5.00000000e+01
5.00000000e+01
5.00000000e+01
5.00000000e+01
5.00000000e+01
5.00000000e+01
5.00000000e+01
5.00000000e+01
5.00000000e+01
5.00000000e+01
5.00000000e+01
5.00000000e+01
5.00000000e+01
5.00000000e+01
5.00000000e+01
5.00000000e+01
5.00000000e+01
5.00000000e+01
5.00000000e+01
5.00000000e+01
5.00000000e+01
5.00000000e+01
5.00000000e+01
5.00000000e+01
5.00000000e+01
2.70000000e+02
1.50000000e+02
1.43367112e+02
1.39443311e+02
1.36454114e+02
1.33830452e+02
1.31602555e+02
1.29781865e+02
1.28291344e+02
1.27062309e+02
1.26041123e+02
1.25186645e+02
1.24467160e+02
1.23857955e+02
1.23339558e+02
1.22896455e+02
1.22516167e+02
1.22188568e+02
1.21905379e+02
1.21659785e+02
1.21446143e+02
1.21259756e+02
1.21096695e+02
1.20953659e+02
1.20831153e+02
1.20722616e+02
1.20626280e+02
1.20540645e+02
1.20464378e+02
1.20396316e+02
1.20335452e+02
1.20280915e+02
1.20231950e+02
1.20187899e+02
1.20148194e+02
1.20112339e+02
1.20079899e+02
2.70000000e+02
2.50000000e+02
2.44495052e+02
2.39012788e+02
2.33499837e+02
2.28310465e+02
2.23743903e+02
2.19827038e+02
2.16502018e+02
2.13690499e+02
2.11315086e+02
2.09306529e+02
2.07605400e+02
2.06161685e+02
2.04933669e+02
2.03886687e+02
2.02991957e+02
2.02225567e+02
2.01567612e+02
2.01001493e+02
2.00513331e+02
2.00091495e+02
1.99726210e+02
1.99409245e+02
1.99139322e+02
1.98903440e+02
1.98696953e+02
1.98515851e+02
1.98356705e+02
1.98216578e+02
1.98092960e+02
1.97983693e+02
1.97886927e+02
1.97801064e+02
1.97724729e+02
1.97656733e+02
1.97596049e+02
2.68861611e+02
2.68750285e+02
2.68450629e+02
2.67997574e+02
2.67430016e+02
2.66798648e+02
2.66151640e+02
2.65525612e+02
2.64942936e+02
2.64414356e+02
2.63942868e+02
2.63526910e+02
2.63162544e+02
2.62844811e+02
2.62568507e+02
2.62328610e+02
2.62120479e+02
2.61939942e+02
2.61783307e+02
2.61647337e+02
2.61529222e+02
2.61426522e+02
2.61337133e+02
2.61259240e+02
2.61191956e+02
2.61133427e+02
2.61082236e+02
2.61037324e+02
2.60997839e+02
2.60963061e+02
2.60932373e+02
2.60905249e+02
2.60881232e+02
2.60859929e+02
2.60841000e+02
2.60824150e+02
2.60809124e+02
2.68304116e+02
2.68291229e+02
2.68217996e+02
2.68063038e+02
2.67831338e+02
2.67541727e+02
2.67219178e+02
2.66887562e+02
2.66565198e+02
2.66263706e+02
2.65989045e+02
2.65743202e+02
2.65525720e+02
2.65334804e+02
2.65168042e+02
2.65022829e+02
2.64896611e+02
2.64787009e+02
2.64691865e+02
2.64609264e+02
2.64537521e+02
2.64475167e+02
2.64420927e+02
2.64373698e+02
2.64333198e+02
2.64297679e+02
2.64266639e+02
2.64239467e+02
2.64215625e+02
2.64194662e+02
2.64176195e+02
2.64159897e+02
2.64145489e+02
2.64132730e+02
2.64121410e+02
2.64111349e+02
2.64102392e+02
2.71984198e+02
2.71218663e+02
2.69136766e+02
2.66678352e+02
2.64215799e+02
2.61853461e+02
2.59623130e+02
2.57534578e+02
2.55589145e+02
2.53783467e+02
2.52111479e+02
2.50565681e+02
2.49137923e+02
2.47819900e+02
2.46603455e+02
2.45480761e+02
2.44444426e+02
2.43487539e+02
2.42603688e+02
2.41786957e+02
2.41031905e+02
2.40333540e+02
2.39687292e+02
2.39088977e+02
2.38548226e+02
2.38045598e+02
2.37578490e+02
2.37144312e+02
2.36740617e+02
2.36365133e+02
2.36015765e+02
2.35690580e+02
2.35387798e+02
2.35105778e+02
2.34843008e+02
2.34598096e+02
2.34369754e+02
2.71895970e+02
2.71688850e+02
2.70720826e+02
2.69129902e+02
2.67216353e+02
2.65178087e+02
2.63132210e+02
2.61145456e+02
2.59254257e+02
2.57476560e+02
2.55819033e+02
2.54281597e+02
2.52860274e+02
2.51548973e+02
2.50340593e+02
2.49227693e+02
2.48202897e+02
2.47259119e+02
2.46389684e+02
2.45588387e+02
2.44849505e+02
2.44167788e+02
2.43538440e+02
2.42957084e+02
2.42431783e+02
2.41945268e+02
2.41494168e+02
2.41075658e+02
2.40687186e+02
2.40326422e+02
2.39991235e+02
2.39679671e+02
2.39389942e+02
2.39120405e+02
2.38869553e+02
2.38635999e+02
2.38418469e+02
2.71661901e+02
2.71359354e+02
2.70333740e+02
2.68988636e+02
2.67596620e+02
2.66244515e+02
2.64961864e+02
2.63761081e+02
2.62647395e+02
2.61621318e+02
2.60680155e+02
2.59819264e+02
2.59033007e+02
2.58315378e+02
2.57660410e+02
2.57062401e+02
2.56516036e+02
2.56016438e+02
2.55559172e+02
2.55140233e+02
2.54756017e+02
2.54403289e+02
2.54079143e+02
2.53780974e+02
2.53513059e+02
2.53265419e+02
2.53036488e+02
2.52824728e+02
2.52628713e+02
2.52447147e+02
2.52278855e+02
2.52122771e+02
2.51977923e+02
2.51843428e+02
2.51718478e+02
2.51602338e+02
2.51494332e+02
2.71342794e+02
2.71078776e+02
2.70147382e+02
2.69016850e+02
2.67982162e+02
2.67085532e+02
2.66306752e+02
2.65622632e+02
2.65016420e+02
2.64476144e+02
2.63992678e+02
2.63558680e+02
2.63168046e+02
2.62815600e+02
2.62496906e+02
2.62208135e+02
2.61945968e+02
2.61707518e+02
2.61490265e+02
2.61292002e+02
2.61110794e+02
2.60944936e+02
2.60792923e+02
2.60653423e+02
2.60528502e+02
2.60413255e+02
2.60306796e+02
2.60208431e+02
2.60117490e+02
2.60033354e+02
2.59955456e+02
2.59883283e+02
2.59816370e+02
2.59754294e+02
2.59696669e+02
2.59643146e+02
2.59593404e+02
2.70961511e+02
2.70837766e+02
2.70580023e+02
2.70346654e+02
2.70157630e+02
2.70002484e+02
2.69871768e+02
2.69759515e+02
2.69661986e+02
2.69576593e+02
2.69501396e+02
2.69434875e+02
2.69375798e+02
2.69323152e+02
2.69276090e+02
2.69233898e+02
2.69195971e+02
2.69161792e+02
2.69130920e+02
2.69102973e+02
2.69077622e+02
2.69054582e+02
2.69033604e+02
2.69014472e+02
2.68997458e+02
2.68981830e+02
2.68967467e+02
2.68954256e+02
2.68942095e+02
2.68930888e+02
2.68920551e+02
2.68911007e+02
2.68902187e+02
2.68894030e+02
2.68886480e+02
2.68879485e+02
2.68873001e+02
