2.70000e+02 2.70000e+02 2.70000e+02 2.68689e+02 2.68304e+02 2.69788e+02 2.70042e+02 2.70875e+02 2.71003e+02 2.70895e+02
2.70000e+02 2.70000e+02 2.70000e+02 2.68689e+02 2.68304e+02 2.69788e+02 2.70042e+02 2.70875e+02 2.71003e+02 2.70895e+02
5.00000e+01 1.50000e+02 2.50000e+02 2.68608e+02 2.68285e+02 2.69130e+02 2.69862e+02 2.70611e+02 2.70776e+02 2.70798e+02
5.00000e+01 1.43724e+02 2.44405e+02 2.68374e+02 2.68197e+02 2.66892e+02 2.68801e+02 2.69641e+02 2.69883e+02 2.70602e+02
5.00000e+01 1.39874e+02 2.38803e+02 2.68013e+02 2.68028e+02 2.64156e+02 2.67032e+02 2.68338e+02 2.68724e+02 2.70428e+02
5.00000e+01 1.36901e+02 2.33149e+02 2.67554e+02 2.67788e+02 2.61368e+02 2.64905e+02 2.66970e+02 2.67620e+02 2.70288e+02
5.00000e+01 1.34370e+02 2.27811e+02 2.67042e+02 2.67498e+02 2.58669e+02 2.62640e+02 2.65629e+02 2.66647e+02 2.70173e+02
5.00000e+01 1.32187e+02 2.23100e+02 2.66518e+02 2.67187e+02 2.56113e+02 2.60368e+02 2.64349e+02 2.65797e+02 2.70078e+02
5.00000e+01 1.30355e+02 2.19048e+02 2.66013e+02 2.66875e+02 2.53719e+02 2.58160e+02 2.63142e+02 2.65047e+02 2.69996e+02
5.00000e+01 1.28841e+02 2.15594e+02 2.65546e+02 2.66580e+02 2.51492e+02 2.56059e+02 2.62017e+02 2.64381e+02 2.69925e+02
5.00000e+01 1.27584e+02 2.12661e+02 2.65124e+02 2.66308e+02 2.49430e+02 2.54083e+02 2.60973e+02 2.63784e+02 2.69863e+02
5.00000e+01 1.26532e+02 2.10173e+02 2.64750e+02 2.66065e+02 2.47528e+02 2.52242e+02 2.60010e+02 2.63247e+02 2.69809e+02
5.00000e+01 1.25647e+02 2.08060e+02 2.64421e+02 2.65849e+02 2.45777e+02 2.50535e+02 2.59125e+02 2.62762e+02 2.69761e+02
5.00000e+01 1.24899e+02 2.06263e+02 2.64134e+02 2.65660e+02 2.44166e+02 2.48959e+02 2.58313e+02 2.62324e+02 2.69718e+02
5.00000e+01 1.24262e+02 2.04734e+02 2.63885e+02 2.65495e+02 2.42686e+02 2.47508e+02 2.57569e+02 2.61927e+02 2.69680e+02
5.00000e+01 1.23718e+02 2.03428e+02 2.63668e+02 2.65351e+02 2.41326e+02 2.46173e+02 2.56888e+02 2.61566e+02 2.69646e+02
5.00000e+01 1.23252e+02 2.02313e+02 2.63481e+02 2.65226e+02 2.40077e+02 2.44946e+02 2.56266e+02 2.61238e+02 2.69616e+02
5.00000e+01 1.22851e+02 2.01357e+02 2.63318e+02 2.65118e+02 2.38928e+02 2.43819e+02 2.55696e+02 2.60940e+02 2.69588e+02
5.00000e+01 1.22504e+02 2.00537e+02 2.63177e+02 2.65025e+02 2.37873e+02 2.42784e+02 2.55175e+02 2.60668e+02 2.69564e+02
5.00000e+01 1.22205e+02 1.99831e+02 2.63056e+02 2.64944e+02 2.36901e+02 2.41832e+02 2.54698e+02 2.60419e+02 2.69542e+02
5.00000e+01 1.21944e+02 1.99224e+02 2.62950e+02 2.64873e+02 2.36007e+02 2.40958e+02 2.54260e+02 2.60192e+02 2.69522e+02
5.00000e+01 1.21717e+02 1.98700e+02 2.62858e+02 2.64812e+02 2.35183e+02 2.40154e+02 2.53860e+02 2.59984e+02 2.69503e+02
5.00000e+01 1.21519e+02 1.98246e+02 2.62779e+02 2.64760e+02 2.34423e+02 2.39413e+02 2.53492e+02 2.59794e+02 2.69487e+02
5.00000e+01 1.21346e+02 1.97854e+02 2.62710e+02 2.64714e+02 2.33721e+02 2.38731e+02 2.53154e+02 2.59619e+02 2.69472e+02
5.00000e+01 1.21194e+02 1.97513e+02 2.62650e+02 2.64674e+02 2.33073e+02 2.38102e+02 2.52844e+02 2.59459e+02 2.69458e+02
5.00000e+01 1.21060e+02 1.97217e+02 2.62598e+02 2.64639e+02 2.32473e+02 2.37522e+02 2.52558e+02 2.59311e+02 2.69446e+02
5.00000e+01 1.20943e+02 1.96959e+02 2.62552e+02 2.64609e+02 2.31918e+02 2.36986e+02 2.52295e+02 2.59175e+02 2.69435e+02
5.00000e+01 1.20838e+02 1.96734e+02 2.62512e+02 2.64582e+02 2.31404e+02 2.36490e+02 2.52052e+02 2.59050e+02 2.69424e+02
5.00000e+01 1.20746e+02 1.96537e+02 2.62477e+02 2.64559e+02 2.30927e+02 2.36031e+02 2.51828e+02 2.58935e+02 2.69415e+02
5.00000e+01 1.20664e+02 1.96365e+02 2.62447e+02 2.64539e+02 2.30484e+02 2.35606e+02 2.51621e+02 2.58828e+02 2.69406e+02
5.00000e+01 1.20591e+02 1.96213e+02 2.62420e+02 2.64521e+02 2.30072e+02 2.35211e+02 2.51430e+02 2.58730e+02 2.69398e+02
5.00000e+01 1.20526e+02 1.96080e+02 2.62397e+02 2.64506e+02 2.29689e+02 2.34845e+02 2.51252e+02 2.58638e+02 2.69391e+02
5.00000e+01 1.20469e+02 1.95964e+02 2.62376e+02 2.64492e+02 2.29337e+02 2.34508e+02 2.51089e+02 2.58554e+02 2.69384e+02
5.00000e+01 1.20418e+02 1.95864e+02 2.62358e+02 2.64480e+02 2.29018e+02 2.34204e+02 2.50941e+02 2.58478e+02 2.69378e+02
5.00000e+01 1.20373e+02 1.95775e+02 2.62342e+02 2.64470e+02 2.28719e+02 2.33919e+02 2.50804e+02 2.58407e+02 2.69372e+02
5.00000e+01 1.20332e+02 1.95696e+02 2.62328e+02 2.64461e+02 2.28439e+02 2.33653e+02 2.50676e+02 2.58341e+02 2.69367e+02
5.00000e+01 1.20295e+02 1.95625e+02 2.62316e+02 2.64452e+02 2.28177e+02 2.33405e+02 2.50557e+02 2.58279e+02 2.69362e+02
5.00000e+01 1.20261e+02 1.95562e+02 2.62305e+02 2.64445e+02 2.27931e+02 2.33172e+02 2.50445e+02 2.58222e+02 2.69358e+02
