2.70000000e+02
5.00000000e+01
5.00000000e+01
5.00000000e+01
5.00000000e+01
5.00000000e+01
5.00000000e+01
5.00000000e+01
5.00000000e+01
5.00000000e+01
5.00000000e+01
5.00000000e+01
5.00000000e+01
5.00000000e+01
5.00000000e+01
5.00000000e+01
5.00000000e+01
5.00000000e+01
5.00000000e+01
5.00000000e+01
5.00000000e+01
5.00000000e+01
5.00000000e+01
5.00000000e+01
5.00000000e+01
5.00000000e+01
5.00000000e+01
5.00000000e+01
5.00000000e+01
5.00000000e+01
5.00000000e+01
5.00000000e+01
5.00000000e+01
5.00000000e+01
5.00000000e+01
5.00000000e+01
5.00000000e+01
2.70000000e+02
1.50000000e+02
1.43487075e+02
1.39612712e+02
1.36646218e+02
1.34089059e+02
1.31883626e+02
1.30066454e+02
1.28571950e+02
1.27334729e+02
1.26303001e+02
1.25436875e+02
1.24705510e+02
1.24084801e+02
1.23555669e+02
1.23102841e+02
1.22713964e+02
1.22378955e+02
1.22089519e+02
1.21838789e+02
1.21621042e+02
1.21431490e+02
1.21266105e+02
1.21121485e+02
1.20994750e+02
1.20883453e+02
1.20788364e+02
1.20704078e+02
1.20629274e+02
1.20562786e+02
1.20503585e+02
1.20450772e+02
1.20403566e+02
1.20361288e+02
1.20323348e+02
1.20289233e+02
1.20258494e+02
2.70000000e+02
2.50000000e+02
2.44412666e+02
2.38842150e+02
2.33219794e+02
2.27904779e+02
2.23204038e+02
2.19149264e+02
2.15686210e+02
2.12740166e+02
2.10236531e+02
2.08107891e+02
2.06295866e+02
2.04750898e+02
2.03431301e+02
2.02302149e+02
2.01334204e+02
2.00502975e+02
1.99787916e+02
1.99171758e+02
1.98639955e+02
1.98180226e+02
1.97782183e+02
1.97437018e+02
1.97137247e+02
1.96876504e+02
1.96655046e+02
1.96461069e+02
1.96290945e+02
1.96141529e+02
1.96010102e+02
1.95894320e+02
1.95792158e+02
1.95701868e+02
1.95621937e+02
1.95551056e+02
1.95488090e+02
2.68753115e+02
2.68671486e+02
2.68431908e+02
2.68056403e+02
2.67573750e+02
2.67026092e+02
2.66456534e+02
2.65899402e+02
2.65376596e+02
2.64899309e+02
2.64471385e+02
2.64092249e+02
2.63758945e+02
2.63467417e+02
2.63213261e+02
2.62992140e+02
2.62799992e+02
2.62633125e+02
2.62488244e+02
2.62362440e+02
2.62253168e+02
2.62158208e+02
2.62075634e+02
2.62003777e+02
2.61941192e+02
2.61886633e+02
2.61839606e+02
2.61798741e+02
2.61762999e+02
2.61731635e+02
2.61704057e+02
2.61679770e+02
2.61658347e+02
2.61639423e+02
2.61622680e+02
2.61607844e+02
2.61594676e+02
2.68346779e+02
2.68327834e+02
2.68237064e+02
2.68060696e+02
2.67807331e+02
2.67498043e+02
2.67159298e+02
2.66815380e+02
2.66484081e+02
2.66176099e+02
2.65896521e+02
2.65646704e+02
2.65425799e+02
2.65231801e+02
2.65062200e+02
2.64914357e+02
2.64785715e+02
2.64673897e+02
2.64576756e+02
2.64492376e+02
2.64419071e+02
2.64355365e+02
2.64299974e+02
2.64251780e+02
2.64209816e+02
2.64173244e+02
2.64141882e+02
2.64114430e+02
2.64090454e+02
2.64069448e+02
2.64050999e+02
2.64034765e+02
2.64020457e+02
2.64007828e+02
2.63996663e+02
2.63986777e+02
2.63978009e+02
2.68447239e+02
2.68246201e+02
2.66886141e+02
2.64847913e+02
2.62561070e+02
2.60236176e+02
2.57978493e+02
2.55838864e+02
2.53839707e+02
2.51987990e+02
2.50282159e+02
2.48716086e+02
2.47281333e+02
2.45968460e+02
2.44767789e+02
2.43669843e+02
2.42665596e+02
2.41746604e+02
2.40905059e+02
2.40133806e+02
2.39426319e+02
2.38776676e+02
2.38179518e+02
2.37629999e+02
2.37123750e+02
2.36656828e+02
2.36239598e+02
2.35852949e+02
2.35493851e+02
2.35160021e+02
2.34849391e+02
2.34560084e+02
2.34290387e+02
2.34038732e+02
2.33803691e+02
2.33583955e+02
2.33378331e+02
2.68828925e+02
2.68680699e+02
2.67573512e+02
2.65831506e+02
2.63830013e+02
2.61764722e+02
2.59737545e+02
2.57801280e+02
2.55982088e+02
2.54290776e+02
2.52729041e+02
2.51293293e+02
2.49977022e+02
2.48772267e+02
2.47670514e+02
2.46663241e+02
2.45742227e+02
2.44899728e+02
2.44128555e+02
2.43422105e+02
2.42774352e+02
2.42179826e+02
2.41633573e+02
2.41131119e+02
2.40668430e+02
2.40241868e+02
2.39860965e+02
2.39507919e+02
2.39180076e+02
2.38875433e+02
2.38592113e+02
2.38328377e+02
2.38082635e+02
2.37853435e+02
2.37639452e+02
2.37439480e+02
2.37252418e+02
2.70387358e+02
2.70120829e+02
2.69162015e+02
2.67890734e+02
2.66566130e+02
2.65276878e+02
2.64056248e+02
2.62917935e+02
2.61866909e+02
2.60903031e+02
2.60022992e+02
2.59221693e+02
2.58493202e+02
2.57831345e+02
2.57230070e+02
2.56683643e+02
2.56186743e+02
2.55734504e+02
2.55322508e+02
2.54946770e+02
2.54603707e+02
2.54290106e+02
2.54003085e+02
2.53740068e+02
2.53498743e+02
2.53277044e+02
2.53078455e+02
2.52895398e+02
2.52726356e+02
2.52569974e+02
2.52425083e+02
2.52290662e+02
2.52165802e+02
2.52049691e+02
2.51941594e+02
2.51840848e+02
2.51746854e+02
2.70746638e+02
2.70549103e+02
2.69750498e+02
2.68699728e+02
2.67693751e+02
2.66803873e+02
2.66025215e+02
2.65339972e+02
2.64732787e+02
2.64192034e+02
2.63708660e+02
2.63275323e+02
2.62885894e+02
2.62535166e+02
2.62218666e+02
2.61932524e+02
2.61673374e+02
2.61438277e+02
2.61224657e+02
2.61030251e+02
2.60853064e+02
2.60691332e+02
2.60543497e+02
2.60408173e+02
2.60284130e+02
2.60170272e+02
2.60068382e+02
2.59974466e+02
2.59887764e+02
2.59807600e+02
2.59733377e+02
2.59664563e+02
2.59600683e+02
2.59541310e+02
2.59486063e+02
2.59434595e+02
2.59386595e+02
2.70865162e+02
2.70779135e+02
2.70609527e+02
2.70462688e+02
2.70346542e+02
2.70252629e+02
2.70174460e+02
2.70107998e+02
2.70050767e+02
2.70001072e+02
2.69957653e+02
2.69919532e+02
2.69885924e+02
2.69856188e+02
2.69829792e+02
2.69806293e+02
2.69785314e+02
2.69766538e+02
2.69749691e+02
2.69734543e+02
2.69720890e+02
2.69708560e+02
2.69697401e+02
2.69687284e+02
2.69678092e+02
2.69669726e+02
2.69662307e+02
2.69655518e+02
2.69649294e+02
2.69643576e+02
2.69638314e+02
2.69633465e+02
2.69628989e+02
2.69624851e+02
2.69621021e+02
2.69617470e+02
2.69614173e+02
