2.70000000e+02
5.00000000e+01
5.00000000e+01
5.00000000e+01
5.00000000e+01
5.00000000e+01
5.00000000e+01
5.00000000e+01
5.00000000e+01
5.00000000e+01
5.00000000e+01
5.00000000e+01
5.00000000e+01
5.00000000e+01
5.00000000e+01
5.00000000e+01
5.00000000e+01
5.00000000e+01
5.00000000e+01
5.00000000e+01
5.00000000e+01
5.00000000e+01
5.00000000e+01
5.00000000e+01
5.00000000e+01
5.00000000e+01
5.00000000e+01
5.00000000e+01
5.00000000e+01
5.00000000e+01
5.00000000e+01
5.00000000e+01
5.00000000e+01
5.00000000e+01
5.00000000e+01
5.00000000e+01
5.00000000e+01
2.70000000e+02
1.50000000e+02
1.43524047e+02
1.39658764e+02
1.36701669e+02
1.34158293e+02
1.31960478e+02
1.30146775e+02
1.28654530e+02
1.27418840e+02
1.26388013e+02
1.25522173e+02
1.24790487e+02
1.24168866e+02
1.23638266e+02
1.23183459e+02
1.22792146e+02
1.22454298e+02
1.22161680e+02
1.21907478e+02
1.21686023e+02
1.21492576e+02
1.21323153e+02
1.21174394e+02
1.21043455e+02
1.20927921e+02
1.20825734e+02
1.20735137e+02
1.20654625e+02
1.20584077e+02
1.20521982e+02
1.20466149e+02
1.20415885e+02
1.20370551e+02
1.20329579e+02
1.20292474e+02
1.20258802e+02
2.70000000e+02
2.50000000e+02
2.44457705e+02
2.38953106e+02
2.33417116e+02
2.28193924e+02
2.23585022e+02
2.19619140e+02
2.16239512e+02
2.13370004e+02
2.10935398e+02
2.08868195e+02
2.07110269e+02
2.05612511e+02
2.04333791e+02
2.03239777e+02
2.02301827e+02
2.01496025e+02
2.00802362e+02
2.00204064e+02
1.99687032e+02
1.99239391e+02
1.98851109e+02
1.98513699e+02
1.98219960e+02
1.97963772e+02
1.97739925e+02
1.97543973e+02
1.97372118e+02
1.97223238e+02
1.97093783e+02
1.96979170e+02
1.96877516e+02
1.96787183e+02
1.96706755e+02
1.96635003e+02
1.96570863e+02
2.68765290e+02
2.68664611e+02
2.68402629e+02
2.68010017e+02
2.67515891e+02
2.66961859e+02
2.66390232e+02
2.65834378e+02
2.65315141e+02
2.64842780e+02
2.64420420e+02
2.64046982e+02
2.63719182e+02
2.63432771e+02
2.63183239e+02
2.62966205e+02
2.62777605e+02
2.62613767e+02
2.62471429e+02
2.62347725e+02
2.62240153e+02
2.62146539e+02
2.62064997e+02
2.61993900e+02
2.61931839e+02
2.61877600e+02
2.61830135e+02
2.61788540e+02
2.61752035e+02
2.61720129e+02
2.61692384e+02
2.61667991e+02
2.61646419e+02
2.61627283e+02
2.61610268e+02
2.61595107e+02
2.61581572e+02
2.68402025e+02
2.68371878e+02
2.68254278e+02
2.68046096e+02
2.67760385e+02
2.67421098e+02
2.67056406e+02
2.66691157e+02
2.66342820e+02
2.66021373e+02
2.65731130e+02
2.65472785e+02
2.65244969e+02
2.65045283e+02
2.64870926e+02
2.64719046e+02
2.64586925e+02
2.64472070e+02
2.64372242e+02
2.64285461e+02
2.64209989e+02
2.64144310e+02
2.64087108e+02
2.64037242e+02
2.63993725e+02
2.63955705e+02
2.63922446e+02
2.63893312e+02
2.63867756e+02
2.63845519e+02
2.63826083e+02
2.63808994e+02
2.63793908e+02
2.63780543e+02
2.63768670e+02
2.63758100e+02
2.63748671e+02
2.70178153e+02
2.69619122e+02
2.67526134e+02
2.64824782e+02
2.62020313e+02
2.59294394e+02
2.56716118e+02
2.54309861e+02
2.52081361e+02
2.50027215e+02
2.48139238e+02
2.46406901e+02
2.44818738e+02
2.43363149e+02
2.42028873e+02
2.40805241e+02
2.39682317e+02
2.38650942e+02
2.37702746e+02
2.36830119e+02
2.36026169e+02
2.35284669e+02
2.34600003e+02
2.33967110e+02
2.33381434e+02
2.32838867e+02
2.32335708e+02
2.31868621e+02
2.31434592e+02
2.31039069e+02
2.30676868e+02
2.30337662e+02
2.30020196e+02
2.29722990e+02
2.29444613e+02
2.29183731e+02
2.28939108e+02
2.70328776e+02
2.70110565e+02
2.68915069e+02
2.67007736e+02
2.64793648e+02
2.62497936e+02
2.60238349e+02
2.58075649e+02
2.56039837e+02
2.54143462e+02
2.52388780e+02
2.50772065e+02
2.49286292e+02
2.47922792e+02
2.46672272e+02
2.45525427e+02
2.44473291e+02
2.43507433e+02
2.42620043e+02
2.41803963e+02
2.41052676e+02
2.40360278e+02
2.39721436e+02
2.39131340e+02
2.38585659e+02
2.38080491e+02
2.37612323e+02
2.37177988e+02
2.36774634e+02
2.36406083e+02
2.36069313e+02
2.35754496e+02
2.35460063e+02
2.35184584e+02
2.34926694e+02
2.34685123e+02
2.34458703e+02
2.70758337e+02
2.70546124e+02
2.69627034e+02
2.68379016e+02
2.67057302e+02
2.65751190e+02
2.64498356e+02
2.63317338e+02
2.62216984e+02
2.61199920e+02
2.60264688e+02
2.59407392e+02
2.58622858e+02
2.57905387e+02
2.57249218e+02
2.56648798e+02
2.56098920e+02
2.55594792e+02
2.55132052e+02
2.54706759e+02
2.54315368e+02
2.53954699e+02
2.53621906e+02
2.53314440e+02
2.53030020e+02
2.52766600e+02
2.52522349e+02
2.52295619e+02
2.52084930e+02
2.51891774e+02
2.51714561e+02
2.51549281e+02
2.51394891e+02
2.51250479e+02
2.51115265e+02
2.50988559e+02
2.50869741e+02
2.70852688e+02
2.70691463e+02
2.69932377e+02
2.68913446e+02
2.67929055e+02
2.67050059e+02
2.66273053e+02
2.65582297e+02
2.64964298e+02
2.64408906e+02
2.63908155e+02
2.63455470e+02
2.63045263e+02
2.62672712e+02
2.62333624e+02
2.62024344e+02
2.61741675e+02
2.61482822e+02
2.61245331e+02
2.61027050e+02
2.60826083e+02
2.60640757e+02
2.60469596e+02
2.60311289e+02
2.60164673e+02
2.60028711e+02
2.59902478e+02
2.59785144e+02
2.59675967e+02
2.59575754e+02
2.59483663e+02
2.59397623e+02
2.59317146e+02
2.59241792e+02
2.59171167e+02
2.59104924e+02
2.59042747e+02
2.70875740e+02
2.70791228e+02
2.70620833e+02
2.70472184e+02
2.70353703e+02
2.70257086e+02
2.70175984e+02
2.70106465e+02
2.70046138e+02
2.69993370e+02
2.69946940e+02
2.69905892e+02
2.69869453e+02
2.69836986e+02
2.69807960e+02
2.69781929e+02
2.69758515e+02
2.69737395e+02
2.69718295e+02
2.69700977e+02
2.69685238e+02
2.69670902e+02
2.69657815e+02
2.69645844e+02
2.69634872e+02
2.69624798e+02
2.69615532e+02
2.69606995e+02
2.69599117e+02
2.69591944e+02
2.69585403e+02
2.69579333e+02
2.69573690e+02
2.69568438e+02
2.69563542e+02
2.69558973e+02
2.69554706e+02
