2.70000000e+02
5.00000000e+01
5.00000000e+01
5.00000000e+01
5.00000000e+01
5.00000000e+01
5.00000000e+01
5.00000000e+01
5.00000000e+01
5.00000000e+01
5.00000000e+01
5.00000000e+01
5.00000000e+01
5.00000000e+01
5.00000000e+01
5.00000000e+01
5.00000000e+01
5.00000000e+01
5.00000000e+01
5.00000000e+01
5.00000000e+01
5.00000000e+01
5.00000000e+01
5.00000000e+01
5.00000000e+01
5.00000000e+01
5.00000000e+01
5.00000000e+01
5.00000000e+01
5.00000000e+01
5.00000000e+01
5.00000000e+01
5.00000000e+01
5.00000000e+01
5.00000000e+01
5.00000000e+01
5.00000000e+01
2.70000000e+02
1.50000000e+02
1.43750972e+02
1.39931774e+02
1.36986129e+02
1.34471529e+02
1.32310471e+02
1.30486553e+02
1.28975394e+02
1.27718263e+02
1.26665720e+02
1.25779023e+02
1.25027966e+02
1.24388793e+02
1.23842605e+02
1.23374196e+02
1.22971209e+02
1.22623507e+02
1.22322716e+02
1.22061872e+02
1.21835149e+02
1.21637651e+02
1.21465250e+02
1.21314448e+02
1.21182275e+02
1.21066201e+02
1.20965564e+02
1.20877921e+02
1.20800117e+02
1.20730995e+02
1.20669495e+02
1.20614684e+02
1.20565751e+02
1.20521988e+02
1.20482781e+02
1.20447594e+02
1.20415959e+02
2.70000000e+02
2.50000000e+02
2.44408619e+02
2.38843025e+02
2.33240970e+02
2.27943810e+02
2.23257175e+02
2.19214411e+02
2.15758426e+02
2.12814111e+02
2.10307743e+02
2.08173029e+02
2.06352632e+02
2.04797869e+02
2.03467750e+02
2.02327877e+02
2.01349394e+02
2.00508075e+02
1.99783547e+02
1.99158638e+02
1.98618845e+02
1.98151892e+02
1.97747370e+02
1.97396431e+02
1.97091542e+02
1.96826281e+02
1.96598102e+02
1.96401199e+02
1.96228522e+02
1.96076877e+02
1.95943505e+02
1.95826026e+02
1.95722385e+02
1.95630809e+02
1.95549763e+02
1.95477920e+02
1.95414130e+02
2.68741370e+02
2.68659866e+02
2.68418490e+02
2.68038518e+02
2.67548675e+02
2.66992577e+02
2.66414865e+02
2.65850799e+02
2.65322605e+02
2.64841372e+02
2.64410659e+02
2.64029592e+02
2.63694968e+02
2.63402548e+02
2.63147801e+02
2.62926300e+02
2.62733923e+02
2.62566936e+02
2.62422013e+02
2.62296226e+02
2.62187012e+02
2.62092141e+02
2.62009677e+02
2.61937942e+02
2.61875488e+02
2.61821062e+02
2.61773810e+02
2.61733001e+02
2.61697420e+02
2.61666238e+02
2.61638840e+02
2.61614721e+02
2.61593455e+02
2.61574673e+02
2.61558060e+02
2.61543342e+02
2.61530282e+02
2.68339144e+02
2.68320317e+02
2.68228894e+02
2.68050448e+02
2.67793224e+02
2.67478825e+02
2.67134688e+02
2.66785878e+02
2.66450587e+02
2.66139587e+02
2.65857843e+02
2.65606524e+02
2.65384606e+02
2.65189942e+02
2.65019916e+02
2.64871818e+02
2.64743037e+02
2.64631164e+02
2.64534025e+02
2.64449689e+02
2.64376456e+02
2.64312841e+02
2.64257552e+02
2.64209468e+02
2.64167616e+02
2.64131158e+02
2.64099663e+02
2.64072307e+02
2.64048438e+02
2.64027559e+02
2.64009239e+02
2.63993129e+02
2.63978936e+02
2.63966411e+02
2.63955340e+02
2.63945540e+02
2.63936851e+02
2.68727469e+02
2.68430945e+02
2.66800005e+02
2.64409132e+02
2.61747604e+02
2.59049184e+02
2.56433868e+02
2.53962566e+02
2.51663010e+02
2.49544208e+02
2.47604230e+02
2.45835007e+02
2.44225328e+02
2.42762663e+02
2.41434245e+02
2.40227696e+02
2.39131365e+02
2.38134489e+02
2.37227252e+02
2.36400773e+02
2.35647063e+02
2.34958959e+02
2.34330058e+02
2.33754634e+02
2.33227578e+02
2.32744323e+02
2.32306368e+02
2.31909334e+02
2.31543519e+02
2.31206072e+02
2.30894556e+02
2.30606779e+02
2.30340756e+02
2.30094690e+02
2.29866947e+02
2.29656043e+02
2.29460631e+02
2.68966873e+02
2.68756071e+02
2.67407420e+02
2.65316611e+02
2.62948026e+02
2.60533747e+02
2.58189114e+02
2.55971126e+02
2.53905494e+02
2.52000835e+02
2.50255881e+02
2.48663767e+02
2.47214704e+02
2.45897632e+02
2.44701210e+02
2.43614399e+02
2.42626780e+02
2.41728712e+02
2.40911388e+02
2.40166829e+02
2.39487854e+02
2.38868018e+02
2.38301553e+02
2.37783301e+02
2.37308656e+02
2.36873501e+02
2.36479430e+02
2.36122138e+02
2.35792928e+02
2.35489267e+02
2.35208958e+02
2.34950022e+02
2.34710670e+02
2.34489278e+02
2.34284375e+02
2.34094626e+02
2.33918814e+02
2.69885601e+02
2.69744018e+02
2.68900270e+02
2.67714350e+02
2.66435515e+02
2.65154938e+02
2.63914560e+02
2.62736795e+02
2.61633348e+02
2.60609291e+02
2.59665185e+02
2.58798701e+02
2.58005812e+02
2.57281610e+02
2.56620830e+02
2.56018192e+02
2.55468592e+02
2.54967219e+02
2.54509611e+02
2.54091670e+02
2.53709664e+02
2.53360211e+02
2.53040256e+02
2.52747048e+02
2.52478110e+02
2.52231213e+02
2.52007426e+02
2.51804344e+02
2.51617090e+02
2.51444271e+02
2.51284617e+02
2.51137004e+02
2.51000429e+02
2.50873988e+02
2.50756866e+02
2.50648321e+02
2.50547675e+02
2.70320927e+02
2.70201822e+02
2.69492140e+02
2.68515115e+02
2.67564331e+02
2.66707996e+02
2.65942180e+02
2.65252544e+02
2.64627473e+02
2.64058979e+02
2.63541180e+02
2.63069260e+02
2.62639009e+02
2.62246637e+02
2.61888682e+02
2.61561982e+02
2.61263648e+02
2.60991045e+02
2.60741780e+02
2.60513684e+02
2.60304795e+02
2.60113340e+02
2.59937719e+02
2.59776492e+02
2.59628357e+02
2.59492145e+02
2.59368533e+02
2.59256268e+02
2.59152604e+02
2.59056805e+02
2.58968194e+02
2.58886168e+02
2.58810190e+02
2.58739775e+02
2.58674484e+02
2.58613917e+02
2.58557710e+02
2.70838756e+02
2.70748119e+02
2.70556581e+02
2.70387603e+02
2.70252628e+02
2.70142447e+02
2.70049852e+02
2.69970281e+02
2.69900980e+02
2.69840154e+02
2.69786493e+02
2.69738973e+02
2.69696762e+02
2.69659168e+02
2.69625609e+02
2.69595585e+02
2.69568671e+02
2.69544496e+02
2.69522742e+02
2.69503129e+02
2.69485415e+02
2.69469391e+02
2.69454869e+02
2.69441689e+02
2.69429708e+02
2.69418801e+02
2.69408998e+02
2.69400166e+02
2.69392071e+02
2.69384646e+02
2.69377826e+02
2.69371555e+02
2.69365784e+02
2.69360466e+02
2.69355562e+02
2.69351037e+02
2.69346857e+02
