2.70000e+02 2.70000e+02 2.70000e+02 2.68734e+02 2.68330e+02 2.70566e+02 2.70702e+02 2.71163e+02 2.71124e+02 2.70893e+02
2.70000e+02 2.70000e+02 2.70000e+02 2.68734e+02 2.68330e+02 2.70566e+02 2.70702e+02 2.71163e+02 2.71124e+02 2.70893e+02
5.00000e+01 1.50000e+02 2.50000e+02 2.68630e+02 2.68306e+02 2.70087e+02 2.70398e+02 2.70856e+02 2.70902e+02 2.70807e+02
5.00000e+01 1.43550e+02 2.44469e+02 2.68365e+02 2.68203e+02 2.68307e+02 2.69081e+02 2.69901e+02 2.70119e+02 2.70641e+02
5.00000e+01 1.39678e+02 2.38984e+02 2.67971e+02 2.68017e+02 2.65856e+02 2.67095e+02 2.68639e+02 2.69099e+02 2.70495e+02
5.00000e+01 1.36715e+02 2.33476e+02 2.67481e+02 2.67760e+02 2.63218e+02 2.64858e+02 2.67308e+02 2.68117e+02 2.70377e+02
5.00000e+01 1.34160e+02 2.28280e+02 2.66937e+02 2.67454e+02 2.60600e+02 2.62580e+02 2.65998e+02 2.67238e+02 2.70281e+02
5.00000e+01 1.31951e+02 2.23695e+02 2.66380e+02 2.67124e+02 2.58093e+02 2.60361e+02 2.64747e+02 2.66460e+02 2.70199e+02
5.00000e+01 1.30127e+02 2.19750e+02 2.65841e+02 2.66792e+02 2.55737e+02 2.58253e+02 2.63572e+02 2.65767e+02 2.70129e+02
5.00000e+01 1.28627e+02 2.16388e+02 2.65339e+02 2.66477e+02 2.53546e+02 2.56279e+02 2.62480e+02 2.65146e+02 2.70068e+02
5.00000e+01 1.27385e+02 2.13534e+02 2.64885e+02 2.66185e+02 2.51521e+02 2.54445e+02 2.61473e+02 2.64588e+02 2.70014e+02
5.00000e+01 1.26350e+02 2.11113e+02 2.64480e+02 2.65923e+02 2.49657e+02 2.52753e+02 2.60549e+02 2.64085e+02 2.69967e+02
5.00000e+01 1.25481e+02 2.09058e+02 2.64122e+02 2.65689e+02 2.47945e+02 2.51197e+02 2.59704e+02 2.63631e+02 2.69925e+02
5.00000e+01 1.24747e+02 2.07312e+02 2.63809e+02 2.65483e+02 2.46375e+02 2.49769e+02 2.58932e+02 2.63221e+02 2.69888e+02
5.00000e+01 1.24125e+02 2.05825e+02 2.63536e+02 2.65303e+02 2.44936e+02 2.48460e+02 2.58228e+02 2.62848e+02 2.69855e+02
5.00000e+01 1.23594e+02 2.04557e+02 2.63299e+02 2.65146e+02 2.43616e+02 2.47260e+02 2.57585e+02 2.62511e+02 2.69826e+02
5.00000e+01 1.23139e+02 2.03472e+02 2.63093e+02 2.65009e+02 2.42406e+02 2.46160e+02 2.56999e+02 2.62204e+02 2.69800e+02
5.00000e+01 1.22748e+02 2.02543e+02 2.62914e+02 2.64891e+02 2.41295e+02 2.45152e+02 2.56464e+02 2.61925e+02 2.69776e+02
5.00000e+01 1.22412e+02 2.01746e+02 2.62759e+02 2.64788e+02 2.40275e+02 2.44226e+02 2.55974e+02 2.61670e+02 2.69755e+02
5.00000e+01 1.22121e+02 2.01060e+02 2.62625e+02 2.64698e+02 2.39336e+02 2.43376e+02 2.55526e+02 2.61437e+02 2.69735e+02
5.00000e+01 1.21868e+02 2.00469e+02 2.62508e+02 2.64621e+02 2.38473e+02 2.42594e+02 2.55116e+02 2.61225e+02 2.69718e+02
5.00000e+01 1.21648e+02 1.99959e+02 2.62407e+02 2.64554e+02 2.37677e+02 2.41875e+02 2.54739e+02 2.61030e+02 2.69702e+02
5.00000e+01 1.21457e+02 1.99519e+02 2.62319e+02 2.64495e+02 2.36943e+02 2.41211e+02 2.54393e+02 2.60850e+02 2.69688e+02
5.00000e+01 1.21289e+02 1.99137e+02 2.62242e+02 2.64444e+02 2.36264e+02 2.40599e+02 2.54074e+02 2.60686e+02 2.69675e+02
5.00000e+01 1.21142e+02 1.98805e+02 2.62176e+02 2.64400e+02 2.35637e+02 2.40033e+02 2.53781e+02 2.60534e+02 2.69663e+02
5.00000e+01 1.21013e+02 1.98517e+02 2.62118e+02 2.64362e+02 2.35055e+02 2.39509e+02 2.53510e+02 2.60394e+02 2.69652e+02
5.00000e+01 1.20899e+02 1.98266e+02 2.62067e+02 2.64328e+02 2.34517e+02 2.39024e+02 2.53259e+02 2.60265e+02 2.69642e+02
5.00000e+01 1.20799e+02 1.98047e+02 2.62023e+02 2.64299e+02 2.34016e+02 2.38573e+02 2.53027e+02 2.60145e+02 2.69633e+02
5.00000e+01 1.20710e+02 1.97856e+02 2.61984e+02 2.64273e+02 2.33551e+02 2.38155e+02 2.52813e+02 2.60035e+02 2.69624e+02
5.00000e+01 1.20631e+02 1.97689e+02 2.61950e+02 2.64251e+02 2.33118e+02 2.37766e+02 2.52613e+02 2.59932e+02 2.69616e+02
5.00000e+01 1.20561e+02 1.97542e+02 2.61921e+02 2.64231e+02 2.32715e+02 2.37404e+02 2.52428e+02 2.59836e+02 2.69609e+02
5.00000e+01 1.20499e+02 1.97414e+02 2.61895e+02 2.64214e+02 2.32345e+02 2.37072e+02 2.52259e+02 2.59749e+02 2.69602e+02
5.00000e+01 1.20445e+02 1.97304e+02 2.61872e+02 2.64199e+02 2.32005e+02 2.36767e+02 2.52104e+02 2.59669e+02 2.69596e+02
5.00000e+01 1.20396e+02 1.97206e+02 2.61852e+02 2.64186e+02 2.31686e+02 2.36481e+02 2.51959e+02 2.59595e+02 2.69591e+02
5.00000e+01 1.20352e+02 1.97119e+02 2.61835e+02 2.64174e+02 2.31386e+02 2.36213e+02 2.51822e+02 2.59524e+02 2.69586e+02
5.00000e+01 1.20313e+02 1.97041e+02 2.61819e+02 2.64164e+02 2.31105e+02 2.35962e+02 2.51695e+02 2.59459e+02 2.69581e+02
5.00000e+01 1.20277e+02 1.96972e+02 2.61805e+02 2.64155e+02 2.30841e+02 2.35725e+02 2.51575e+02 2.59397e+02 2.69576e+02
5.00000e+01 1.20244e+02 1.96911e+02 2.61793e+02 2.64147e+02 2.30592e+02 2.35503e+02 2.51463e+02 2.59339e+02 2.69572e+02
