2.70000e+02 2.70000e+02 2.70000e+02 2.68729e+02 2.68385e+02 2.70373e+02 2.70406e+02 2.70483e+02 2.70619e+02 2.70868e+02
2.70000e+02 2.70000e+02 2.70000e+02 2.68729e+02 2.68385e+02 2.70373e+02 2.70406e+02 2.70483e+02 2.70619e+02 2.70868e+02
5.00000e+01 1.50000e+02 2.50000e+02 2.68631e+02 2.68355e+02 2.70008e+02 2.70088e+02 2.70307e+02 2.70484e+02 2.70788e+02
5.00000e+01 1.43528e+02 2.44456e+02 2.68376e+02 2.68240e+02 2.68485e+02 2.68724e+02 2.69437e+02 2.69775e+02 2.70623e+02
5.00000e+01 1.39654e+02 2.38952e+02 2.67998e+02 2.68038e+02 2.66296e+02 2.66737e+02 2.68220e+02 2.68799e+02 2.70479e+02
5.00000e+01 1.36688e+02 2.33417e+02 2.67525e+02 2.67762e+02 2.63856e+02 2.64519e+02 2.66917e+02 2.67844e+02 2.70363e+02
5.00000e+01 1.34130e+02 2.28194e+02 2.66998e+02 2.67437e+02 2.61362e+02 2.62257e+02 2.65627e+02 2.66985e+02 2.70268e+02
5.00000e+01 1.31919e+02 2.23585e+02 2.66457e+02 2.67090e+02 2.58915e+02 2.60041e+02 2.64388e+02 2.66221e+02 2.70188e+02
5.00000e+01 1.30095e+02 2.19620e+02 2.65934e+02 2.66743e+02 2.56568e+02 2.57921e+02 2.63218e+02 2.65537e+02 2.70119e+02
5.00000e+01 1.28595e+02 2.16242e+02 2.65447e+02 2.66415e+02 2.54350e+02 2.55919e+02 2.62126e+02 2.64921e+02 2.70059e+02
5.00000e+01 1.27353e+02 2.13375e+02 2.65006e+02 2.66113e+02 2.52273e+02 2.54046e+02 2.61112e+02 2.64365e+02 2.70007e+02
5.00000e+01 1.26316e+02 2.10945e+02 2.64614e+02 2.65842e+02 2.50339e+02 2.52304e+02 2.60175e+02 2.63860e+02 2.69960e+02
5.00000e+01 1.25446e+02 2.08882e+02 2.64267e+02 2.65601e+02 2.48545e+02 2.50690e+02 2.59311e+02 2.63401e+02 2.69919e+02
5.00000e+01 1.24711e+02 2.07129e+02 2.63964e+02 2.65390e+02 2.46887e+02 2.49198e+02 2.58517e+02 2.62982e+02 2.69883e+02
5.00000e+01 1.24086e+02 2.05636e+02 2.63700e+02 2.65205e+02 2.45356e+02 2.47821e+02 2.57787e+02 2.62600e+02 2.69850e+02
5.00000e+01 1.23553e+02 2.04363e+02 2.63470e+02 2.65044e+02 2.43943e+02 2.46551e+02 2.57115e+02 2.62250e+02 2.69821e+02
5.00000e+01 1.23096e+02 2.03274e+02 2.63271e+02 2.64904e+02 2.42640e+02 2.45380e+02 2.56497e+02 2.61929e+02 2.69794e+02
5.00000e+01 1.22703e+02 2.02342e+02 2.63098e+02 2.64782e+02 2.41438e+02 2.44301e+02 2.55928e+02 2.61634e+02 2.69771e+02
5.00000e+01 1.22364e+02 2.01541e+02 2.62948e+02 2.64676e+02 2.40330e+02 2.43305e+02 2.55404e+02 2.61363e+02 2.69749e+02
5.00000e+01 1.22070e+02 2.00853e+02 2.62818e+02 2.64585e+02 2.39307e+02 2.42385e+02 2.54921e+02 2.61113e+02 2.69730e+02
5.00000e+01 1.21815e+02 2.00259e+02 2.62705e+02 2.64505e+02 2.38362e+02 2.41536e+02 2.54475e+02 2.60883e+02 2.69712e+02
5.00000e+01 1.21593e+02 1.99747e+02 2.62607e+02 2.64436e+02 2.37488e+02 2.40751e+02 2.54063e+02 2.60670e+02 2.69696e+02
5.00000e+01 1.21399e+02 1.99303e+02 2.62522e+02 2.64376e+02 2.36680e+02 2.40024e+02 2.53682e+02 2.60473e+02 2.69681e+02
5.00000e+01 1.21228e+02 1.98919e+02 2.62448e+02 2.64324e+02 2.35931e+02 2.39351e+02 2.53330e+02 2.60290e+02 2.69667e+02
5.00000e+01 1.21079e+02 1.98585e+02 2.62384e+02 2.64279e+02 2.35237e+02 2.38727e+02 2.53002e+02 2.60121e+02 2.69655e+02
5.00000e+01 1.20947e+02 1.98295e+02 2.62327e+02 2.64239e+02 2.34594e+02 2.38148e+02 2.52699e+02 2.59963e+02 2.69644e+02
5.00000e+01 1.20831e+02 1.98042e+02 2.62278e+02 2.64204e+02 2.33995e+02 2.37609e+02 2.52417e+02 2.59817e+02 2.69633e+02
5.00000e+01 1.20728e+02 1.97820e+02 2.62235e+02 2.64174e+02 2.33439e+02 2.37108e+02 2.52154e+02 2.59681e+02 2.69623e+02
5.00000e+01 1.20637e+02 1.97627e+02 2.62198e+02 2.64148e+02 2.32921e+02 2.36642e+02 2.51910e+02 2.59554e+02 2.69614e+02
5.00000e+01 1.20556e+02 1.97457e+02 2.62165e+02 2.64125e+02 2.32439e+02 2.36207e+02 2.51682e+02 2.59435e+02 2.69606e+02
5.00000e+01 1.20483e+02 1.97308e+02 2.62136e+02 2.64104e+02 2.31989e+02 2.35802e+02 2.51470e+02 2.59324e+02 2.69599e+02
5.00000e+01 1.20418e+02 1.97176e+02 2.62110e+02 2.64086e+02 2.31569e+02 2.35423e+02 2.51271e+02 2.59221e+02 2.69591e+02
5.00000e+01 1.20360e+02 1.97060e+02 2.62088e+02 2.64070e+02 2.31176e+02 2.35069e+02 2.51086e+02 2.59124e+02 2.69585e+02
5.00000e+01 1.20308e+02 1.96958e+02 2.62068e+02 2.64056e+02 2.30809e+02 2.34737e+02 2.50912e+02 2.59033e+02 2.69579e+02
5.00000e+01 1.20261e+02 1.96867e+02 2.62050e+02 2.64044e+02 2.30465e+02 2.34427e+02 2.50749e+02 2.58948e+02 2.69573e+02
5.00000e+01 1.20220e+02 1.96788e+02 2.62035e+02 2.64033e+02 2.30153e+02 2.34145e+02 2.50601e+02 2.58870e+02 2.69568e+02
5.00000e+01 1.20183e+02 1.96718e+02 2.62021e+02 2.64024e+02 2.29863e+02 2.33884e+02 2.50462e+02 2.58797e+02 2.69563e+02
5.00000e+01 1.20149e+02 1.96656e+02 2.62009e+02 2.64015e+02 2.29590e+02 2.33637e+02 2.50332e+02 2.58729e+02 2.69558e+02
