2.70000e+02 2.70000e+02 2.70000e+02 2.68660e+02 2.68285e+02 2.70380e+02 2.70536e+02 2.71088e+02 2.71093e+02 2.70893e+02
2.70000e+02 2.70000e+02 2.70000e+02 2.68660e+02 2.68285e+02 2.70380e+02 2.70536e+02 2.71088e+02 2.71093e+02 2.70893e+02
5.00000e+01 1.50000e+02 2.50000e+02 2.68584e+02 2.68269e+02 2.70123e+02 2.70260e+02 2.70833e+02 2.70901e+02 2.70792e+02
5.00000e+01 1.43853e+02 2.44401e+02 2.68353e+02 2.68182e+02 2.68672e+02 2.68820e+02 2.69841e+02 2.70070e+02 2.70591e+02
5.00000e+01 1.40046e+02 2.38815e+02 2.67994e+02 2.68015e+02 2.66497e+02 2.66728e+02 2.68493e+02 2.68956e+02 2.70414e+02
5.00000e+01 1.37102e+02 2.33196e+02 2.67539e+02 2.67777e+02 2.64043e+02 2.64420e+02 2.67070e+02 2.67878e+02 2.70273e+02
5.00000e+01 1.34588e+02 2.27892e+02 2.67033e+02 2.67491e+02 2.61527e+02 2.62088e+02 2.65676e+02 2.66916e+02 2.70158e+02
5.00000e+01 1.32470e+02 2.23211e+02 2.66517e+02 2.67183e+02 2.59061e+02 2.59824e+02 2.64353e+02 2.66070e+02 2.70061e+02
5.00000e+01 1.30661e+02 2.19187e+02 2.66020e+02 2.66877e+02 2.56701e+02 2.57673e+02 2.63119e+02 2.65323e+02 2.69979e+02
5.00000e+01 1.29159e+02 2.15758e+02 2.65560e+02 2.66586e+02 2.54476e+02 2.55655e+02 2.61977e+02 2.64659e+02 2.69908e+02
5.00000e+01 1.27910e+02 2.12845e+02 2.65147e+02 2.66320e+02 2.52396e+02 2.53775e+02 2.60929e+02 2.64066e+02 2.69846e+02
5.00000e+01 1.26866e+02 2.10374e+02 2.64779e+02 2.66081e+02 2.50463e+02 2.52032e+02 2.59969e+02 2.63534e+02 2.69792e+02
5.00000e+01 1.25988e+02 2.08276e+02 2.64457e+02 2.65870e+02 2.48673e+02 2.50423e+02 2.59092e+02 2.63056e+02 2.69744e+02
5.00000e+01 1.25245e+02 2.06493e+02 2.64176e+02 2.65684e+02 2.47019e+02 2.48940e+02 2.58292e+02 2.62626e+02 2.69702e+02
5.00000e+01 1.24613e+02 2.04974e+02 2.63931e+02 2.65523e+02 2.45494e+02 2.47573e+02 2.57562e+02 2.62237e+02 2.69664e+02
5.00000e+01 1.24074e+02 2.03679e+02 2.63719e+02 2.65382e+02 2.44087e+02 2.46315e+02 2.56896e+02 2.61885e+02 2.69631e+02
5.00000e+01 1.23612e+02 2.02573e+02 2.63536e+02 2.65260e+02 2.42792e+02 2.45158e+02 2.56288e+02 2.61565e+02 2.69601e+02
5.00000e+01 1.23215e+02 2.01626e+02 2.63377e+02 2.65155e+02 2.41598e+02 2.44092e+02 2.55732e+02 2.61275e+02 2.69574e+02
5.00000e+01 1.22872e+02 2.00813e+02 2.63239e+02 2.65063e+02 2.40497e+02 2.43110e+02 2.55224e+02 2.61010e+02 2.69550e+02
5.00000e+01 1.22575e+02 2.00115e+02 2.63120e+02 2.64984e+02 2.39483e+02 2.42206e+02 2.54758e+02 2.60769e+02 2.69529e+02
5.00000e+01 1.22318e+02 1.99513e+02 2.63017e+02 2.64916e+02 2.38547e+02 2.41373e+02 2.54331e+02 2.60549e+02 2.69509e+02
5.00000e+01 1.22094e+02 1.98995e+02 2.62928e+02 2.64856e+02 2.37684e+02 2.40604e+02 2.53939e+02 2.60347e+02 2.69491e+02
5.00000e+01 1.21898e+02 1.98547e+02 2.62850e+02 2.64805e+02 2.36887e+02 2.39894e+02 2.53579e+02 2.60163e+02 2.69475e+02
5.00000e+01 1.21727e+02 1.98159e+02 2.62783e+02 2.64760e+02 2.36151e+02 2.39239e+02 2.53248e+02 2.59993e+02 2.69461e+02
5.00000e+01 1.21577e+02 1.97822e+02 2.62725e+02 2.64721e+02 2.35470e+02 2.38634e+02 2.52943e+02 2.59837e+02 2.69447e+02
5.00000e+01 1.21445e+02 1.97530e+02 2.62674e+02 2.64687e+02 2.34841e+02 2.38074e+02 2.52663e+02 2.59694e+02 2.69435e+02
5.00000e+01 1.21328e+02 1.97275e+02 2.62629e+02 2.64658e+02 2.34259e+02 2.37556e+02 2.52404e+02 2.59562e+02 2.69424e+02
5.00000e+01 1.21225e+02 1.97053e+02 2.62590e+02 2.64632e+02 2.33720e+02 2.37076e+02 2.52165e+02 2.59441e+02 2.69414e+02
5.00000e+01 1.21134e+02 1.96859e+02 2.62556e+02 2.64609e+02 2.33220e+02 2.36632e+02 2.51944e+02 2.59329e+02 2.69405e+02
5.00000e+01 1.21053e+02 1.96689e+02 2.62527e+02 2.64590e+02 2.32758e+02 2.36221e+02 2.51740e+02 2.59225e+02 2.69396e+02
5.00000e+01 1.20981e+02 1.96540e+02 2.62501e+02 2.64573e+02 2.32329e+02 2.35840e+02 2.51551e+02 2.59129e+02 2.69388e+02
5.00000e+01 1.20917e+02 1.96409e+02 2.62478e+02 2.64557e+02 2.31931e+02 2.35486e+02 2.51377e+02 2.59041e+02 2.69381e+02
5.00000e+01 1.20860e+02 1.96293e+02 2.62458e+02 2.64544e+02 2.31562e+02 2.35158e+02 2.51215e+02 2.58959e+02 2.69374e+02
5.00000e+01 1.20810e+02 1.96194e+02 2.62440e+02 2.64533e+02 2.31234e+02 2.34866e+02 2.51070e+02 2.58886e+02 2.69369e+02
5.00000e+01 1.20765e+02 1.96107e+02 2.62425e+02 2.64522e+02 2.30928e+02 2.34595e+02 2.50935e+02 2.58817e+02 2.69363e+02
5.00000e+01 1.20725e+02 1.96029e+02 2.62411e+02 2.64513e+02 2.30643e+02 2.34341e+02 2.50810e+02 2.58754e+02 2.69358e+02
5.00000e+01 1.20688e+02 1.95959e+02 2.62399e+02 2.64505e+02 2.30377e+02 2.34104e+02 2.50694e+02 2.58695e+02 2.69353e+02
5.00000e+01 1.20655e+02 1.95897e+02 2.62388e+02 2.64498e+02 2.30129e+02 2.33884e+02 2.50586e+02 2.58641e+02 2.69349e+02
