2.70000e+02 2.70000e+02 2.70000e+02 2.68723e+02 2.68324e+02 2.75619e+02 2.74969e+02 2.72606e+02 2.71724e+02 2.70940e+02
2.70000e+02 2.70000e+02 2.70000e+02 2.68723e+02 2.68324e+02 2.75619e+02 2.74969e+02 2.72606e+02 2.71724e+02 2.70940e+02
5.00000e+01 1.50000e+02 2.50000e+02 2.68642e+02 2.68305e+02 2.74453e+02 2.74545e+02 2.72364e+02 2.71548e+02 2.70856e+02
5.00000e+01 1.43632e+02 2.44484e+02 2.68406e+02 2.68216e+02 2.71955e+02 2.73164e+02 2.71437e+02 2.70800e+02 2.70690e+02
5.00000e+01 1.39794e+02 2.38935e+02 2.68043e+02 2.68046e+02 2.69055e+02 2.71117e+02 2.70175e+02 2.69801e+02 2.70545e+02
5.00000e+01 1.36850e+02 2.33337e+02 2.67583e+02 2.67805e+02 2.66158e+02 2.68772e+02 2.68830e+02 2.68828e+02 2.70428e+02
5.00000e+01 1.34333e+02 2.28040e+02 2.67068e+02 2.67515e+02 2.63387e+02 2.66347e+02 2.67492e+02 2.67952e+02 2.70333e+02
5.00000e+01 1.32149e+02 2.23356e+02 2.66541e+02 2.67202e+02 2.60780e+02 2.63958e+02 2.66203e+02 2.67170e+02 2.70252e+02
5.00000e+01 1.30331e+02 2.19320e+02 2.66031e+02 2.66889e+02 2.58350e+02 2.61668e+02 2.64983e+02 2.66470e+02 2.70182e+02
5.00000e+01 1.28829e+02 2.15876e+02 2.65557e+02 2.66590e+02 2.56093e+02 2.59506e+02 2.63839e+02 2.65838e+02 2.70121e+02
5.00000e+01 1.27582e+02 2.12949e+02 2.65129e+02 2.66315e+02 2.54005e+02 2.57486e+02 2.62777e+02 2.65265e+02 2.70067e+02
5.00000e+01 1.26539e+02 2.10463e+02 2.64747e+02 2.66068e+02 2.52075e+02 2.55608e+02 2.61794e+02 2.64745e+02 2.70020e+02
5.00000e+01 1.25661e+02 2.08351e+02 2.64411e+02 2.65848e+02 2.50293e+02 2.53869e+02 2.60888e+02 2.64271e+02 2.69978e+02
5.00000e+01 1.24917e+02 2.06554e+02 2.64116e+02 2.65654e+02 2.48649e+02 2.52262e+02 2.60055e+02 2.63840e+02 2.69940e+02
5.00000e+01 1.24284e+02 2.05022e+02 2.63859e+02 2.65484e+02 2.47131e+02 2.50779e+02 2.59288e+02 2.63445e+02 2.69906e+02
5.00000e+01 1.23743e+02 2.03714e+02 2.63636e+02 2.65336e+02 2.45729e+02 2.49410e+02 2.58583e+02 2.63084e+02 2.69876e+02
5.00000e+01 1.23278e+02 2.02594e+02 2.63441e+02 2.65207e+02 2.44433e+02 2.48147e+02 2.57935e+02 2.62753e+02 2.69849e+02
5.00000e+01 1.22877e+02 2.01634e+02 2.63272e+02 2.65096e+02 2.43234e+02 2.46980e+02 2.57339e+02 2.62449e+02 2.69824e+02
5.00000e+01 1.22530e+02 2.00808e+02 2.63126e+02 2.64998e+02 2.42124e+02 2.45902e+02 2.56789e+02 2.62169e+02 2.69802e+02
5.00000e+01 1.22229e+02 2.00097e+02 2.62999e+02 2.64914e+02 2.41096e+02 2.44905e+02 2.56283e+02 2.61912e+02 2.69781e+02
5.00000e+01 1.21966e+02 1.99483e+02 2.62888e+02 2.64840e+02 2.40142e+02 2.43982e+02 2.55815e+02 2.61675e+02 2.69763e+02
5.00000e+01 1.21736e+02 1.98952e+02 2.62791e+02 2.64776e+02 2.39257e+02 2.43127e+02 2.55383e+02 2.61456e+02 2.69746e+02
5.00000e+01 1.21535e+02 1.98491e+02 2.62708e+02 2.64721e+02 2.38434e+02 2.42334e+02 2.54983e+02 2.61254e+02 2.69730e+02
5.00000e+01 1.21358e+02 1.98091e+02 2.62634e+02 2.64672e+02 2.37668e+02 2.41598e+02 2.54613e+02 2.61067e+02 2.69716e+02
5.00000e+01 1.21202e+02 1.97743e+02 2.62570e+02 2.64630e+02 2.36955e+02 2.40913e+02 2.54270e+02 2.60893e+02 2.69703e+02
5.00000e+01 1.21065e+02 1.97439e+02 2.62515e+02 2.64593e+02 2.36291e+02 2.40277e+02 2.53951e+02 2.60732e+02 2.69691e+02
5.00000e+01 1.20942e+02 1.97173e+02 2.62466e+02 2.64560e+02 2.35671e+02 2.39684e+02 2.53656e+02 2.60583e+02 2.69680e+02
5.00000e+01 1.20834e+02 1.96940e+02 2.62423e+02 2.64532e+02 2.35093e+02 2.39132e+02 2.53381e+02 2.60444e+02 2.69669e+02
5.00000e+01 1.20737e+02 1.96736e+02 2.62385e+02 2.64507e+02 2.34552e+02 2.38616e+02 2.53124e+02 2.60315e+02 2.69660e+02
5.00000e+01 1.20650e+02 1.96556e+02 2.62352e+02 2.64485e+02 2.34047e+02 2.38135e+02 2.52886e+02 2.60194e+02 2.69651e+02
5.00000e+01 1.20573e+02 1.96397e+02 2.62322e+02 2.64465e+02 2.33574e+02 2.37686e+02 2.52663e+02 2.60082e+02 2.69643e+02
5.00000e+01 1.20503e+02 1.96257e+02 2.62296e+02 2.64448e+02 2.33131e+02 2.37265e+02 2.52456e+02 2.59978e+02 2.69635e+02
5.00000e+01 1.20440e+02 1.96133e+02 2.62273e+02 2.64433e+02 2.32716e+02 2.36872e+02 2.52262e+02 2.59880e+02 2.69628e+02
5.00000e+01 1.20384e+02 1.96022e+02 2.62253e+02 2.64420e+02 2.32327e+02 2.36503e+02 2.52081e+02 2.59788e+02 2.69622e+02
5.00000e+01 1.20332e+02 1.95924e+02 2.62235e+02 2.64408e+02 2.31962e+02 2.36158e+02 2.51911e+02 2.59703e+02 2.69616e+02
5.00000e+01 1.20286e+02 1.95836e+02 2.62219e+02 2.64397e+02 2.31620e+02 2.35834e+02 2.51752e+02 2.59623e+02 2.69610e+02
5.00000e+01 1.20244e+02 1.95759e+02 2.62204e+02 2.64388e+02 2.31304e+02 2.35535e+02 2.51606e+02 2.59549e+02 2.69605e+02
5.00000e+01 1.20207e+02 1.95691e+02 2.62192e+02 2.64379e+02 2.31012e+02 2.35260e+02 2.51471e+02 2.59481e+02 2.69600e+02
