2.70000000e+02
5.00000000e+01
5.00000000e+01
5.00000000e+01
5.00000000e+01
5.00000000e+01
5.00000000e+01
5.00000000e+01
5.00000000e+01
5.00000000e+01
5.00000000e+01
5.00000000e+01
5.00000000e+01
5.00000000e+01
5.00000000e+01
5.00000000e+01
5.00000000e+01
5.00000000e+01
5.00000000e+01
5.00000000e+01
5.00000000e+01
5.00000000e+01
5.00000000e+01
5.00000000e+01
5.00000000e+01
5.00000000e+01
5.00000000e+01
5.00000000e+01
5.00000000e+01
5.00000000e+01
5.00000000e+01
5.00000000e+01
5.00000000e+01
5.00000000e+01
5.00000000e+01
5.00000000e+01
5.00000000e+01
2.70000000e+02
1.50000000e+02
1.43920319e+02
1.40118922e+02
1.37176324e+02
1.34658694e+02
1.32547061e+02
1.30733967e+02
1.29227128e+02
1.27973800e+02
1.26925559e+02
1.26043778e+02
1.25298106e+02
1.24664572e+02
1.24124059e+02
1.23661174e+02
1.23263410e+02
1.22920520e+02
1.22624058e+02
1.22367017e+02
1.22143553e+02
1.21948777e+02
1.21778575e+02
1.21629477e+02
1.21498548e+02
1.21383297e+02
1.21281604e+02
1.21191661e+02
1.21112525e+02
1.21043767e+02
1.20982179e+02
1.20926980e+02
1.20877422e+02
1.20832842e+02
1.20792658e+02
1.20756364e+02
1.20723516e+02
2.70000000e+02
2.50000000e+02
2.44423620e+02
2.38851144e+02
2.33248270e+02
2.27955083e+02
2.23278657e+02
2.19255354e+02
2.15825373e+02
2.12911013e+02
2.10437045e+02
2.08336078e+02
2.06549872e+02
2.05028996e+02
2.03731858e+02
2.02623595e+02
2.01675017e+02
2.00861669e+02
2.00163038e+02
1.99561890e+02
1.99043721e+02
1.98596296e+02
1.98209282e+02
1.97873931e+02
1.97582827e+02
1.97329676e+02
1.97109123e+02
1.96916609e+02
1.96749278e+02
1.96605232e+02
1.96478362e+02
1.96366405e+02
1.96267406e+02
1.96179685e+02
1.96101798e+02
1.96032498e+02
1.95970709e+02
2.68676782e+02
2.68597049e+02
2.68367810e+02
2.68014093e+02
2.67567006e+02
2.67069285e+02
2.66561347e+02
2.66073032e+02
2.65621784e+02
2.65215216e+02
2.64854717e+02
2.64538277e+02
2.64262271e+02
2.64022487e+02
2.63814673e+02
2.63634815e+02
2.63479256e+02
2.63344738e+02
2.63228394e+02
2.63127722e+02
2.63040555e+02
2.62965017e+02
2.62899493e+02
2.62842592e+02
2.62793119e+02
2.62750046e+02
2.62712492e+02
2.62679700e+02
2.62651089e+02
2.62626339e+02
2.62604697e+02
2.62585650e+02
2.62568834e+02
2.62553953e+02
2.62540758e+02
2.62529031e+02
2.62518590e+02
2.68352685e+02
2.68328105e+02
2.68223609e+02
2.68032894e+02
2.67769699e+02
2.67459368e+02
2.67129872e+02
2.66804209e+02
2.66497495e+02
2.66217609e+02
2.65967328e+02
2.65746391e+02
2.65552948e+02
2.65384455e+02
2.65238166e+02
2.65111402e+02
2.65001673e+02
2.64906734e+02
2.64824594e+02
2.64753508e+02
2.64691954e+02
2.64638617e+02
2.64592358e+02
2.64552196e+02
2.64517287e+02
2.64486905e+02
2.64460427e+02
2.64437316e+02
2.64417206e+02
2.64399778e+02
2.64384519e+02
2.64371111e+02
2.64359289e+02
2.64348836e+02
2.64339573e+02
2.64331349e+02
2.64324030e+02
2.70667082e+02
2.70292949e+02
2.68643652e+02
2.66290001e+02
2.63702037e+02
2.61095649e+02
2.58573924e+02
2.56185362e+02
2.53949644e+02
2.51872012e+02
2.49949979e+02
2.48176894e+02
2.46544017e+02
2.45041732e+02
2.43660248e+02
2.42390000e+02
2.41221873e+02
2.40147316e+02
2.39158390e+02
2.38247779e+02
2.37408769e+02
2.36635224e+02
2.35921546e+02
2.35262634e+02
2.34653847e+02
2.34090963e+02
2.33570142e+02
2.33087890e+02
2.32644916e+02
2.32244456e+02
2.31870447e+02
2.31521724e+02
2.31196626e+02
2.30893480e+02
2.30610700e+02
2.30346802e+02
2.30100407e+02
2.70757921e+02
2.70455599e+02
2.69049125e+02
2.66977125e+02
2.64671993e+02
2.62337987e+02
2.60072145e+02
2.57920871e+02
2.55904126e+02
2.54028344e+02
2.52292482e+02
2.50691278e+02
2.49217231e+02
2.47861807e+02
2.46616172e+02
2.45471620e+02
2.44419819e+02
2.43452938e+02
2.42563702e+02
2.41745411e+02
2.40991922e+02
2.40297626e+02
2.39657412e+02
2.39066631e+02
2.38521056e+02
2.38016848e+02
2.37550517e+02
2.37118894e+02
2.36722428e+02
2.36364170e+02
2.36029680e+02
2.35717863e+02
2.35427289e+02
2.35156454e+02
2.34903910e+02
2.34668306e+02
2.34448390e+02
2.71018920e+02
2.70760080e+02
2.69781856e+02
2.68463188e+02
2.67071423e+02
2.65705404e+02
2.64405911e+02
2.63190622e+02
2.62065598e+02
2.61031027e+02
2.60083743e+02
2.59218701e+02
2.58429964e+02
2.57711318e+02
2.57056641e+02
2.56460101e+02
2.55916267e+02
2.55420140e+02
2.54967170e+02
2.54553230e+02
2.54174596e+02
2.53827915e+02
2.53510171e+02
2.53218654e+02
2.52950926e+02
2.52704801e+02
2.52478309e+02
2.52269681e+02
2.52078592e+02
2.51905811e+02
2.51745972e+02
2.51597889e+02
2.51460507e+02
2.51332934e+02
2.51214379e+02
2.51104130e+02
2.51001536e+02
2.71003135e+02
2.70812690e+02
2.70010517e+02
2.68945423e+02
2.67916881e+02
2.66998503e+02
2.66188046e+02
2.65469956e+02
2.64829808e+02
2.64256623e+02
2.63741952e+02
2.63278896e+02
2.62861594e+02
2.62484966e+02
2.62144566e+02
2.61836486e+02
2.61557277e+02
2.61303891e+02
2.61073632e+02
2.60864112e+02
2.60673214e+02
2.60499060e+02
2.60339978e+02
2.60194484e+02
2.60061256e+02
2.59939114e+02
2.59827006e+02
2.59723990e+02
2.59629858e+02
2.59544973e+02
2.59466520e+02
2.59393948e+02
2.59326753e+02
2.59264477e+02
2.59206707e+02
2.59153070e+02
2.59103233e+02
2.70886541e+02
2.70798337e+02
2.70624514e+02
2.70473010e+02
2.70352091e+02
2.70253537e+02
2.70171104e+02
2.70100764e+02
2.70039942e+02
2.69986937e+02
2.69940489e+02
2.69899608e+02
2.69863491e+02
2.69831476e+02
2.69803010e+02
2.69777627e+02
2.69754933e+02
2.69734592e+02
2.69716317e+02
2.69699861e+02
2.69685011e+02
2.69671582e+02
2.69659414e+02
2.69648369e+02
2.69638325e+02
2.69629175e+02
2.69620826e+02
2.69613196e+02
2.69606262e+02
2.69600042e+02
2.69594315e+02
2.69589039e+02
2.69584172e+02
2.69579675e+02
2.69575516e+02
2.69571666e+02
2.69568097e+02
