2.70000e+02 2.70000e+02 2.70000e+02 2.68761e+02 2.68352e+02 2.70728e+02 2.70786e+02 2.70958e+02 2.70948e+02 2.70879e+02
2.70000e+02 2.70000e+02 2.70000e+02 2.68761e+02 2.68352e+02 2.70728e+02 2.70786e+02 2.70958e+02 2.70948e+02 2.70879e+02
5.00000e+01 1.50000e+02 2.50000e+02 2.68680e+02 2.68333e+02 2.70239e+02 2.70468e+02 2.70717e+02 2.70770e+02 2.70794e+02
5.00000e+01 1.43528e+02 2.44445e+02 2.68441e+02 2.68243e+02 2.68437e+02 2.69124e+02 2.69766e+02 2.69989e+02 2.70622e+02
5.00000e+01 1.39666e+02 2.38897e+02 2.68068e+02 2.68067e+02 2.65994e+02 2.67140e+02 2.68483e+02 2.68947e+02 2.70471e+02
5.00000e+01 1.36711e+02 2.33304e+02 2.67588e+02 2.67815e+02 2.63383e+02 2.64920e+02 2.67132e+02 2.67941e+02 2.70350e+02
5.00000e+01 1.34166e+02 2.28015e+02 2.67045e+02 2.67508e+02 2.60800e+02 2.62660e+02 2.65807e+02 2.67044e+02 2.70251e+02
5.00000e+01 1.31965e+02 2.23335e+02 2.66479e+02 2.67172e+02 2.58327e+02 2.60457e+02 2.64544e+02 2.66252e+02 2.70168e+02
5.00000e+01 1.30146e+02 2.19294e+02 2.65924e+02 2.66830e+02 2.55999e+02 2.58358e+02 2.63359e+02 2.65548e+02 2.70097e+02
5.00000e+01 1.28648e+02 2.15839e+02 2.65403e+02 2.66500e+02 2.53828e+02 2.56387e+02 2.62257e+02 2.64919e+02 2.70035e+02
5.00000e+01 1.27405e+02 2.12896e+02 2.64926e+02 2.66193e+02 2.51816e+02 2.54552e+02 2.61241e+02 2.64353e+02 2.69980e+02
5.00000e+01 1.26367e+02 2.10392e+02 2.64498e+02 2.65913e+02 2.49958e+02 2.52854e+02 2.60307e+02 2.63843e+02 2.69932e+02
5.00000e+01 1.25494e+02 2.08260e+02 2.64118e+02 2.65663e+02 2.48247e+02 2.51286e+02 2.59452e+02 2.63381e+02 2.69889e+02
5.00000e+01 1.24756e+02 2.06443e+02 2.63783e+02 2.65441e+02 2.46672e+02 2.49844e+02 2.58669e+02 2.62963e+02 2.69851e+02
5.00000e+01 1.24127e+02 2.04891e+02 2.63490e+02 2.65246e+02 2.45223e+02 2.48517e+02 2.57953e+02 2.62584e+02 2.69818e+02
5.00000e+01 1.23590e+02 2.03563e+02 2.63234e+02 2.65075e+02 2.43892e+02 2.47297e+02 2.57298e+02 2.62239e+02 2.69787e+02
5.00000e+01 1.23130e+02 2.02425e+02 2.63010e+02 2.64926e+02 2.42667e+02 2.46176e+02 2.56700e+02 2.61925e+02 2.69760e+02
5.00000e+01 1.22733e+02 2.01447e+02 2.62816e+02 2.64796e+02 2.41541e+02 2.45145e+02 2.56152e+02 2.61638e+02 2.69735e+02
5.00000e+01 1.22390e+02 2.00606e+02 2.62647e+02 2.64683e+02 2.40504e+02 2.44197e+02 2.55649e+02 2.61376e+02 2.69713e+02
5.00000e+01 1.22093e+02 1.99881e+02 2.62499e+02 2.64584e+02 2.39548e+02 2.43324e+02 2.55189e+02 2.61136e+02 2.69693e+02
5.00000e+01 1.21834e+02 1.99255e+02 2.62371e+02 2.64498e+02 2.38667e+02 2.42519e+02 2.54766e+02 2.60916e+02 2.69675e+02
5.00000e+01 1.21609e+02 1.98714e+02 2.62260e+02 2.64423e+02 2.37853e+02 2.41776e+02 2.54377e+02 2.60715e+02 2.69658e+02
5.00000e+01 1.21412e+02 1.98244e+02 2.62162e+02 2.64358e+02 2.37102e+02 2.41091e+02 2.54019e+02 2.60529e+02 2.69643e+02
5.00000e+01 1.21239e+02 1.97837e+02 2.62078e+02 2.64301e+02 2.36406e+02 2.40457e+02 2.53690e+02 2.60358e+02 2.69629e+02
5.00000e+01 1.21088e+02 1.97482e+02 2.62004e+02 2.64252e+02 2.35762e+02 2.39870e+02 2.53385e+02 2.60201e+02 2.69617e+02
5.00000e+01 1.20954e+02 1.97173e+02 2.61939e+02 2.64209e+02 2.35166e+02 2.39327e+02 2.53104e+02 2.60056e+02 2.69605e+02
5.00000e+01 1.20836e+02 1.96904e+02 2.61882e+02 2.64171e+02 2.34612e+02 2.38823e+02 2.52844e+02 2.59921e+02 2.69595e+02
5.00000e+01 1.20732e+02 1.96668e+02 2.61833e+02 2.64138e+02 2.34097e+02 2.38354e+02 2.52603e+02 2.59797e+02 2.69585e+02
5.00000e+01 1.20639e+02 1.96462e+02 2.61789e+02 2.64108e+02 2.33618e+02 2.37919e+02 2.52380e+02 2.59681e+02 2.69576e+02
5.00000e+01 1.20558e+02 1.96283e+02 2.61751e+02 2.64083e+02 2.33179e+02 2.37520e+02 2.52176e+02 2.59576e+02 2.69568e+02
5.00000e+01 1.20487e+02 1.96127e+02 2.61718e+02 2.64061e+02 2.32776e+02 2.37154e+02 2.51990e+02 2.59480e+02 2.69560e+02
5.00000e+01 1.20423e+02 1.95990e+02 2.61689e+02 2.64042e+02 2.32399e+02 2.36812e+02 2.51815e+02 2.59391e+02 2.69553e+02
5.00000e+01 1.20366e+02 1.95868e+02 2.61664e+02 2.64025e+02 2.32046e+02 2.36491e+02 2.51652e+02 2.59307e+02 2.69547e+02
5.00000e+01 1.20314e+02 1.95760e+02 2.61641e+02 2.64009e+02 2.31714e+02 2.36190e+02 2.51500e+02 2.59228e+02 2.69541e+02
5.00000e+01 1.20268e+02 1.95665e+02 2.61621e+02 2.63996e+02 2.31403e+02 2.35908e+02 2.51357e+02 2.59154e+02 2.69535e+02
5.00000e+01 1.20225e+02 1.95579e+02 2.61603e+02 2.63984e+02 2.31111e+02 2.35644e+02 2.51223e+02 2.59085e+02 2.69530e+02
5.00000e+01 1.20187e+02 1.95503e+02 2.61587e+02 2.63974e+02 2.30837e+02 2.35395e+02 2.51098e+02 2.59020e+02 2.69525e+02
5.00000e+01 1.20153e+02 1.95435e+02 2.61573e+02 2.63964e+02 2.30578e+02 2.35161e+02 2.50980e+02 2.58959e+02 2.69521e+02
