2.70000e+02 2.70000e+02 2.70000e+02 2.68730e+02 2.68346e+02 2.73555e+02 2.73258e+02 2.72002e+02 2.71465e+02 2.70918e+02
2.70000e+02 2.70000e+02 2.70000e+02 2.68730e+02 2.68346e+02 2.73555e+02 2.73258e+02 2.72002e+02 2.71465e+02 2.70918e+02
5.00000e+01 1.50000e+02 2.50000e+02 2.68624e+02 2.68319e+02 2.73078e+02 2.72982e+02 2.71729e+02 2.71264e+02 2.70832e+02
5.00000e+01 1.43593e+02 2.44496e+02 2.68359e+02 2.68212e+02 2.71275e+02 2.71718e+02 2.70758e+02 2.70466e+02 2.70662e+02
5.00000e+01 1.39744e+02 2.39041e+02 2.67975e+02 2.68024e+02 2.68816e+02 2.69785e+02 2.69464e+02 2.69413e+02 2.70514e+02
5.00000e+01 1.36804e+02 2.33574e+02 2.67502e+02 2.67768e+02 2.66182e+02 2.67584e+02 2.68106e+02 2.68401e+02 2.70396e+02
5.00000e+01 1.34290e+02 2.28427e+02 2.66980e+02 2.67466e+02 2.63575e+02 2.65327e+02 2.66777e+02 2.67502e+02 2.70300e+02
5.00000e+01 1.32112e+02 2.23898e+02 2.66450e+02 2.67144e+02 2.61080e+02 2.63118e+02 2.65514e+02 2.66711e+02 2.70220e+02
5.00000e+01 1.30313e+02 2.20013e+02 2.65941e+02 2.66824e+02 2.58733e+02 2.61012e+02 2.64332e+02 2.66012e+02 2.70151e+02
5.00000e+01 1.28834e+02 2.16713e+02 2.65470e+02 2.66521e+02 2.56547e+02 2.59034e+02 2.63240e+02 2.65393e+02 2.70092e+02
5.00000e+01 1.27611e+02 2.13921e+02 2.65045e+02 2.66244e+02 2.54522e+02 2.57193e+02 2.62238e+02 2.64840e+02 2.70040e+02
5.00000e+01 1.26593e+02 2.11560e+02 2.64669e+02 2.65995e+02 2.52654e+02 2.55489e+02 2.61322e+02 2.64346e+02 2.69995e+02
5.00000e+01 1.25741e+02 2.09563e+02 2.64338e+02 2.65774e+02 2.50933e+02 2.53919e+02 2.60488e+02 2.63903e+02 2.69955e+02
5.00000e+01 1.25022e+02 2.07869e+02 2.64049e+02 2.65581e+02 2.49350e+02 2.52474e+02 2.59728e+02 2.63506e+02 2.69920e+02
5.00000e+01 1.24413e+02 2.06431e+02 2.63798e+02 2.65412e+02 2.47894e+02 2.51146e+02 2.59038e+02 2.63148e+02 2.69889e+02
5.00000e+01 1.23895e+02 2.05208e+02 2.63580e+02 2.65266e+02 2.46555e+02 2.49926e+02 2.58410e+02 2.62826e+02 2.69862e+02
5.00000e+01 1.23451e+02 2.04164e+02 2.63391e+02 2.65139e+02 2.45322e+02 2.48805e+02 2.57839e+02 2.62534e+02 2.69837e+02
5.00000e+01 1.23071e+02 2.03272e+02 2.63228e+02 2.65029e+02 2.44187e+02 2.47773e+02 2.57319e+02 2.62271e+02 2.69815e+02
5.00000e+01 1.22743e+02 2.02508e+02 2.63087e+02 2.64933e+02 2.43140e+02 2.46824e+02 2.56844e+02 2.62032e+02 2.69795e+02
5.00000e+01 1.22460e+02 2.01852e+02 2.62965e+02 2.64851e+02 2.42174e+02 2.45949e+02 2.56411e+02 2.61815e+02 2.69778e+02
5.00000e+01 1.22214e+02 2.01288e+02 2.62859e+02 2.64779e+02 2.41282e+02 2.45142e+02 2.56015e+02 2.61618e+02 2.69762e+02
5.00000e+01 1.22001e+02 2.00802e+02 2.62767e+02 2.64717e+02 2.40456e+02 2.44396e+02 2.55651e+02 2.61438e+02 2.69747e+02
5.00000e+01 1.21815e+02 2.00382e+02 2.62687e+02 2.64663e+02 2.39691e+02 2.43707e+02 2.55318e+02 2.61273e+02 2.69734e+02
5.00000e+01 1.21652e+02 2.00018e+02 2.62618e+02 2.64616e+02 2.38982e+02 2.43068e+02 2.55012e+02 2.61123e+02 2.69722e+02
5.00000e+01 1.21509e+02 1.99703e+02 2.62558e+02 2.64576e+02 2.38323e+02 2.42476e+02 2.54731e+02 2.60985e+02 2.69711e+02
5.00000e+01 1.21383e+02 1.99430e+02 2.62505e+02 2.64540e+02 2.37710e+02 2.41926e+02 2.54471e+02 2.60858e+02 2.69701e+02
5.00000e+01 1.21273e+02 1.99191e+02 2.62460e+02 2.64510e+02 2.37140e+02 2.41415e+02 2.54231e+02 2.60741e+02 2.69692e+02
5.00000e+01 1.21175e+02 1.98983e+02 2.62420e+02 2.64483e+02 2.36608e+02 2.40939e+02 2.54010e+02 2.60634e+02 2.69684e+02
5.00000e+01 1.21088e+02 1.98802e+02 2.62385e+02 2.64459e+02 2.36112e+02 2.40495e+02 2.53804e+02 2.60535e+02 2.69676e+02
5.00000e+01 1.21011e+02 1.98643e+02 2.62354e+02 2.64439e+02 2.35648e+02 2.40081e+02 2.53614e+02 2.60443e+02 2.69669e+02
5.00000e+01 1.20942e+02 1.98503e+02 2.62327e+02 2.64421e+02 2.35215e+02 2.39694e+02 2.53437e+02 2.60358e+02 2.69663e+02
5.00000e+01 1.20881e+02 1.98380e+02 2.62304e+02 2.64405e+02 2.34808e+02 2.39331e+02 2.53273e+02 2.60279e+02 2.69657e+02
5.00000e+01 1.20826e+02 1.98272e+02 2.62283e+02 2.64391e+02 2.34427e+02 2.38992e+02 2.53119e+02 2.60206e+02 2.69651e+02
5.00000e+01 1.20776e+02 1.98176e+02 2.62265e+02 2.64378e+02 2.34070e+02 2.38674e+02 2.52976e+02 2.60138e+02 2.69646e+02
5.00000e+01 1.20732e+02 1.98092e+02 2.62249e+02 2.64368e+02 2.33734e+02 2.38376e+02 2.52843e+02 2.60074e+02 2.69641e+02
5.00000e+01 1.20692e+02 1.98017e+02 2.62234e+02 2.64358e+02 2.33418e+02 2.38095e+02 2.52718e+02 2.60015e+02 2.69637e+02
5.00000e+01 1.20655e+02 1.97950e+02 2.62221e+02 2.64349e+02 2.33121e+02 2.37831e+02 2.52601e+02 2.59960e+02 2.69633e+02
5.00000e+01 1.20623e+02 1.97891e+02 2.62210e+02 2.64342e+02 2.32848e+02 2.37590e+02 2.52494e+02 2.59909e+02 2.69629e+02
