2.70000e+02 2.70000e+02 2.70000e+02 2.68735e+02 2.68342e+02 2.70298e+02 2.70514e+02 2.71012e+02 2.71119e+02 2.70920e+02
2.70000e+02 2.70000e+02 2.70000e+02 2.68735e+02 2.68342e+02 2.70298e+02 2.70514e+02 2.71012e+02 2.71119e+02 2.70920e+02
5.00000e+01 1.50000e+02 2.50000e+02 2.68651e+02 2.68321e+02 2.69736e+02 2.70361e+02 2.70779e+02 2.70801e+02 2.70788e+02
5.00000e+01 1.43537e+02 2.44416e+02 2.68413e+02 2.68230e+02 2.67660e+02 2.69440e+02 2.69903e+02 2.69745e+02 2.70525e+02
5.00000e+01 1.39674e+02 2.38852e+02 2.68045e+02 2.68055e+02 2.64957e+02 2.67820e+02 2.68669e+02 2.68466e+02 2.70290e+02
5.00000e+01 1.36709e+02 2.33243e+02 2.67575e+02 2.67805e+02 2.62139e+02 2.65825e+02 2.67334e+02 2.67294e+02 2.70102e+02
5.00000e+01 1.34156e+02 2.27941e+02 2.67045e+02 2.67503e+02 2.59397e+02 2.63677e+02 2.65999e+02 2.66282e+02 2.69949e+02
5.00000e+01 1.31944e+02 2.23251e+02 2.66495e+02 2.67173e+02 2.56806e+02 2.61508e+02 2.64706e+02 2.65408e+02 2.69822e+02
5.00000e+01 1.30113e+02 2.19204e+02 2.65958e+02 2.66839e+02 2.54391e+02 2.59392e+02 2.63475e+02 2.64643e+02 2.69714e+02
5.00000e+01 1.28604e+02 2.15746e+02 2.65455e+02 2.66518e+02 2.52157e+02 2.57373e+02 2.62317e+02 2.63966e+02 2.69620e+02
5.00000e+01 1.27351e+02 2.12802e+02 2.64996e+02 2.66220e+02 2.50101e+02 2.55472e+02 2.61237e+02 2.63362e+02 2.69538e+02
5.00000e+01 1.26304e+02 2.10297e+02 2.64585e+02 2.65950e+02 2.48215e+02 2.53699e+02 2.60237e+02 2.62820e+02 2.69467e+02
5.00000e+01 1.25423e+02 2.08166e+02 2.64221e+02 2.65708e+02 2.46486e+02 2.52057e+02 2.59314e+02 2.62332e+02 2.69404e+02
5.00000e+01 1.24677e+02 2.06350e+02 2.63900e+02 2.65495e+02 2.44903e+02 2.50541e+02 2.58465e+02 2.61891e+02 2.69348e+02
5.00000e+01 1.24043e+02 2.04799e+02 2.63620e+02 2.65307e+02 2.43454e+02 2.49146e+02 2.57686e+02 2.61490e+02 2.69298e+02
5.00000e+01 1.23500e+02 2.03472e+02 2.63375e+02 2.65143e+02 2.42127e+02 2.47864e+02 2.56970e+02 2.61126e+02 2.69254e+02
5.00000e+01 1.23035e+02 2.02335e+02 2.63162e+02 2.64999e+02 2.40911e+02 2.46687e+02 2.56314e+02 2.60793e+02 2.69214e+02
5.00000e+01 1.22634e+02 2.01359e+02 2.62976e+02 2.64874e+02 2.39796e+02 2.45607e+02 2.55713e+02 2.60489e+02 2.69178e+02
5.00000e+01 1.22288e+02 2.00519e+02 2.62814e+02 2.64766e+02 2.38773e+02 2.44615e+02 2.55161e+02 2.60211e+02 2.69146e+02
5.00000e+01 1.21988e+02 1.99794e+02 2.62674e+02 2.64671e+02 2.37834e+02 2.43704e+02 2.54654e+02 2.59955e+02 2.69117e+02
5.00000e+01 1.21727e+02 1.99169e+02 2.62552e+02 2.64589e+02 2.36970e+02 2.42867e+02 2.54188e+02 2.59720e+02 2.69091e+02
5.00000e+01 1.21500e+02 1.98628e+02 2.62445e+02 2.64517e+02 2.36174e+02 2.42097e+02 2.53759e+02 2.59503e+02 2.69067e+02
5.00000e+01 1.21301e+02 1.98159e+02 2.62352e+02 2.64454e+02 2.35441e+02 2.41388e+02 2.53364e+02 2.59303e+02 2.69045e+02
5.00000e+01 1.21128e+02 1.97752e+02 2.62272e+02 2.64400e+02 2.34764e+02 2.40735e+02 2.53000e+02 2.59119e+02 2.69025e+02
5.00000e+01 1.20975e+02 1.97398e+02 2.62201e+02 2.64352e+02 2.34139e+02 2.40132e+02 2.52664e+02 2.58947e+02 2.69007e+02
5.00000e+01 1.20841e+02 1.97090e+02 2.62140e+02 2.64311e+02 2.33560e+02 2.39575e+02 2.52354e+02 2.58789e+02 2.68991e+02
5.00000e+01 1.20722e+02 1.96821e+02 2.62086e+02 2.64275e+02 2.33024e+02 2.39060e+02 2.52067e+02 2.58642e+02 2.68976e+02
5.00000e+01 1.20619e+02 1.96589e+02 2.62039e+02 2.64243e+02 2.32536e+02 2.38590e+02 2.51803e+02 2.58506e+02 2.68962e+02
5.00000e+01 1.20529e+02 1.96388e+02 2.61998e+02 2.64216e+02 2.32089e+02 2.38160e+02 2.51562e+02 2.58381e+02 2.68949e+02
5.00000e+01 1.20449e+02 1.96211e+02 2.61963e+02 2.64192e+02 2.31671e+02 2.37760e+02 2.51337e+02 2.58265e+02 2.68938e+02
5.00000e+01 1.20377e+02 1.96055e+02 2.61931e+02 2.64171e+02 2.31281e+02 2.37387e+02 2.51129e+02 2.58157e+02 2.68927e+02
5.00000e+01 1.20312e+02 1.95918e+02 2.61904e+02 2.64152e+02 2.30918e+02 2.37040e+02 2.50935e+02 2.58056e+02 2.68917e+02
5.00000e+01 1.20255e+02 1.95796e+02 2.61879e+02 2.64136e+02 2.30578e+02 2.36717e+02 2.50754e+02 2.57962e+02 2.68908e+02
5.00000e+01 1.20203e+02 1.95688e+02 2.61858e+02 2.64121e+02 2.30261e+02 2.36415e+02 2.50585e+02 2.57873e+02 2.68899e+02
5.00000e+01 1.20156e+02 1.95593e+02 2.61838e+02 2.64109e+02 2.29964e+02 2.36133e+02 2.50427e+02 2.57791e+02 2.68891e+02
5.00000e+01 1.20114e+02 1.95508e+02 2.61821e+02 2.64097e+02 2.29686e+02 2.35869e+02 2.50280e+02 2.57713e+02 2.68884e+02
5.00000e+01 1.20076e+02 1.95432e+02 2.61806e+02 2.64087e+02 2.29426e+02 2.35622e+02 2.50141e+02 2.57640e+02 2.68877e+02
5.00000e+01 1.20042e+02 1.95364e+02 2.61793e+02 2.64078e+02 2.29182e+02 2.35391e+02 2.50012e+02 2.57572e+02 2.68870e+02
