2.70000000e+02
5.00000000e+01
5.00000000e+01
5.00000000e+01
5.00000000e+01
5.00000000e+01
5.00000000e+01
5.00000000e+01
5.00000000e+01
5.00000000e+01
5.00000000e+01
5.00000000e+01
5.00000000e+01
5.00000000e+01
5.00000000e+01
5.00000000e+01
5.00000000e+01
5.00000000e+01
5.00000000e+01
5.00000000e+01
5.00000000e+01
5.00000000e+01
5.00000000e+01
5.00000000e+01
5.00000000e+01
5.00000000e+01
5.00000000e+01
5.00000000e+01
5.00000000e+01
5.00000000e+01
5.00000000e+01
5.00000000e+01
5.00000000e+01
5.00000000e+01
5.00000000e+01
5.00000000e+01
5.00000000e+01
2.70000000e+02
1.50000000e+02
1.43444992e+02
1.39567217e+02
1.36599157e+02
1.34030772e+02
1.31819559e+02
1.30000494e+02
1.28504656e+02
1.27266140e+02
1.26233034e+02
1.25365426e+02
1.24632484e+02
1.24010115e+02
1.23479257e+02
1.23024643e+02
1.22633925e+02
1.22297019e+02
1.22005629e+02
1.21752883e+02
1.21533055e+02
1.21341351e+02
1.21173740e+02
1.21026819e+02
1.20897706e+02
1.20783956e+02
1.20683484e+02
1.20594512e+02
1.20515519e+02
1.20445201e+02
1.20382440e+02
1.20326274e+02
1.20275873e+02
1.20230524e+02
1.20189609e+02
1.20152594e+02
1.20119017e+02
2.70000000e+02
2.50000000e+02
2.44392864e+02
2.38821592e+02
2.33206674e+02
2.27904942e+02
2.23218169e+02
2.19175411e+02
2.15721967e+02
2.12783219e+02
2.10284890e+02
2.08159962e+02
2.06350440e+02
2.04807092e+02
2.03488496e+02
2.02359921e+02
2.01392268e+02
2.00561141e+02
1.99846053e+02
1.99229768e+02
1.98697752e+02
1.98237728e+02
1.97839300e+02
1.97493651e+02
1.97193286e+02
1.96931828e+02
1.96703840e+02
1.96504679e+02
1.96330376e+02
1.96177537e+02
1.96043250e+02
1.95925020e+02
1.95820704e+02
1.95728460e+02
1.95646704e+02
1.95574073e+02
1.95509390e+02
2.68708886e+02
2.68627957e+02
2.68390725e+02
2.68022425e+02
2.67552834e+02
2.67023075e+02
2.66474330e+02
2.65939102e+02
2.65437932e+02
2.64981167e+02
2.64572211e+02
2.64210311e+02
2.63892500e+02
2.63614799e+02
2.63372927e+02
2.63162685e+02
2.62980153e+02
2.62821773e+02
2.62684373e+02
2.62565157e+02
2.62461677e+02
2.62371805e+02
2.62293693e+02
2.62225741e+02
2.62166567e+02
2.62114978e+02
2.62069945e+02
2.62030581e+02
2.61996122e+02
2.61965907e+02
2.61939369e+02
2.61916018e+02
2.61895432e+02
2.61877247e+02
2.61861150e+02
2.61846868e+02
2.61834169e+02
2.68313312e+02
2.68295385e+02
2.68207599e+02
2.68037250e+02
2.67793717e+02
2.67497679e+02
2.67174422e+02
2.66846942e+02
2.66532000e+02
2.66239618e+02
2.65974511e+02
2.65737871e+02
2.65528822e+02
2.65345409e+02
2.65185207e+02
2.65045684e+02
2.64924389e+02
2.64819050e+02
2.64727613e+02
2.64648253e+02
2.64579361e+02
2.64519530e+02
2.64467537e+02
2.64422319e+02
2.64382957e+02
2.64348656e+02
2.64318730e+02
2.64292587e+02
2.64269717e+02
2.64249679e+02
2.64232094e+02
2.64216634e+02
2.64203017e+02
2.64191001e+02
2.64180375e+02
2.64170958e+02
2.64162593e+02
2.67331349e+02
2.67148215e+02
2.65784378e+02
2.63783205e+02
2.61570149e+02
2.59330551e+02
2.57151660e+02
2.55075668e+02
2.53122348e+02
2.51298898e+02
2.49605203e+02
2.48036973e+02
2.46587645e+02
2.45249539e+02
2.44014564e+02
2.42874648e+02
2.41821998e+02
2.40849243e+02
2.39949507e+02
2.39116444e+02
2.38344231e+02
2.37627556e+02
2.36961587e+02
2.36341942e+02
2.35764651e+02
2.35226122e+02
2.34723107e+02
2.34252668e+02
2.33812148e+02
2.33399144e+02
2.33011478e+02
2.32647177e+02
2.32304454e+02
2.31981683e+02
2.31677389e+02
2.31390228e+02
2.31118976e+02
2.67810979e+02
2.67659105e+02
2.66483686e+02
2.64710807e+02
2.62727676e+02
2.60708334e+02
2.58736204e+02
2.56852993e+02
2.55079203e+02
2.53423054e+02
2.51885384e+02
2.50462708e+02
2.49149139e+02
2.47937596e+02
2.46820543e+02
2.45790441e+02
2.44840016e+02
2.43962402e+02
2.43151218e+02
2.42400587e+02
2.41705140e+02
2.41059989e+02
2.40460704e+02
2.39903275e+02
2.39384080e+02
2.38899846e+02
2.38447621e+02
2.38024739e+02
2.37628791e+02
2.37257602e+02
2.36909204e+02
2.36581815e+02
2.36273822e+02
2.35983761e+02
2.35710300e+02
2.35452231e+02
2.35208453e+02
2.69916490e+02
2.69702075e+02
2.68821593e+02
2.67624441e+02
2.66362780e+02
2.65128419e+02
2.63957012e+02
2.62863041e+02
2.61851532e+02
2.60922266e+02
2.60071938e+02
2.59295572e+02
2.58587432e+02
2.57941587e+02
2.57352249e+02
2.56813954e+02
2.56321654e+02
2.55870749e+02
2.55457085e+02
2.55076933e+02
2.54726959e+02
2.54404190e+02
2.54105977e+02
2.53829961e+02
2.53574043e+02
2.53336353e+02
2.53115225e+02
2.52909171e+02
2.52716864e+02
2.52537116e+02
2.52368864e+02
2.52211152e+02
2.52063123e+02
2.51924006e+02
2.51793104e+02
2.51669790e+02
2.51553495e+02
2.70502504e+02
2.70341400e+02
2.69608465e+02
2.68621741e+02
2.67667031e+02
2.66816816e+02
2.66069490e+02
2.65409849e+02
2.64824213e+02
2.64301939e+02
2.63834550e+02
2.63415051e+02
2.63037524e+02
2.62696894e+02
2.62388780e+02
2.62109377e+02
2.61855381e+02
2.61623913e+02
2.61412463e+02
2.61218840e+02
2.61041128e+02
2.60877650e+02
2.60726935e+02
2.60587690e+02
2.60458778e+02
2.60339198e+02
2.60228062e+02
2.60124587e+02
2.60028078e+02
2.59937917e+02
2.59853552e+02
2.59774493e+02
2.59700300e+02
2.59630579e+02
2.59564976e+02
2.59503172e+02
2.59444881e+02
2.70850492e+02
2.70769645e+02
2.70605677e+02
2.70462044e+02
2.70347727e+02
2.70254980e+02
2.70177630e+02
2.70111810e+02
2.70055114e+02
2.70005878e+02
2.69962854e+02
2.69925066e+02
2.69891729e+02
2.69862199e+02
2.69835943e+02
2.69812515e+02
2.69791539e+02
2.69772696e+02
2.69755717e+02
2.69740370e+02
2.69726458e+02
2.69713811e+02
2.69702282e+02
2.69691745e+02
2.69682088e+02
2.69673218e+02
2.69665050e+02
2.69657513e+02
2.69650541e+02
2.69644078e+02
2.69638077e+02
2.69632493e+02
2.69627287e+02
2.69622426e+02
2.69617878e+02
2.69613618e+02
2.69609621e+02
