2.70000e+02 2.70000e+02 2.70000e+02 2.68677e+02 2.68353e+02 2.70667e+02 2.70758e+02 2.71019e+02 2.71003e+02 2.70887e+02
2.70000e+02 2.70000e+02 2.70000e+02 2.68677e+02 2.68353e+02 2.70667e+02 2.70758e+02 2.71019e+02 2.71003e+02 2.70887e+02
5.00000e+01 1.50000e+02 2.50000e+02 2.68597e+02 2.68328e+02 2.70293e+02 2.70456e+02 2.70760e+02 2.70813e+02 2.70798e+02
5.00000e+01 1.43920e+02 2.44424e+02 2.68368e+02 2.68224e+02 2.68644e+02 2.69049e+02 2.69782e+02 2.70011e+02 2.70625e+02
5.00000e+01 1.40119e+02 2.38851e+02 2.68014e+02 2.68033e+02 2.66290e+02 2.66977e+02 2.68463e+02 2.68945e+02 2.70473e+02
5.00000e+01 1.37176e+02 2.33248e+02 2.67567e+02 2.67770e+02 2.63702e+02 2.64672e+02 2.67071e+02 2.67917e+02 2.70352e+02
5.00000e+01 1.34659e+02 2.27955e+02 2.67069e+02 2.67459e+02 2.61096e+02 2.62338e+02 2.65705e+02 2.66999e+02 2.70254e+02
5.00000e+01 1.32547e+02 2.23279e+02 2.66561e+02 2.67130e+02 2.58574e+02 2.60072e+02 2.64406e+02 2.66188e+02 2.70171e+02
5.00000e+01 1.30734e+02 2.19255e+02 2.66073e+02 2.66804e+02 2.56185e+02 2.57921e+02 2.63191e+02 2.65470e+02 2.70101e+02
5.00000e+01 1.29227e+02 2.15825e+02 2.65622e+02 2.66497e+02 2.53950e+02 2.55904e+02 2.62066e+02 2.64830e+02 2.70040e+02
5.00000e+01 1.27974e+02 2.12911e+02 2.65215e+02 2.66218e+02 2.51872e+02 2.54028e+02 2.61031e+02 2.64257e+02 2.69987e+02
5.00000e+01 1.26926e+02 2.10437e+02 2.64855e+02 2.65967e+02 2.49950e+02 2.52292e+02 2.60084e+02 2.63742e+02 2.69940e+02
5.00000e+01 1.26044e+02 2.08336e+02 2.64538e+02 2.65746e+02 2.48177e+02 2.50691e+02 2.59219e+02 2.63279e+02 2.69900e+02
5.00000e+01 1.25298e+02 2.06550e+02 2.64262e+02 2.65553e+02 2.46544e+02 2.49217e+02 2.58430e+02 2.62862e+02 2.69863e+02
5.00000e+01 1.24665e+02 2.05029e+02 2.64022e+02 2.65384e+02 2.45042e+02 2.47862e+02 2.57711e+02 2.62485e+02 2.69831e+02
5.00000e+01 1.24124e+02 2.03732e+02 2.63815e+02 2.65238e+02 2.43660e+02 2.46616e+02 2.57057e+02 2.62145e+02 2.69803e+02
5.00000e+01 1.23661e+02 2.02624e+02 2.63635e+02 2.65111e+02 2.42390e+02 2.45472e+02 2.56460e+02 2.61836e+02 2.69778e+02
5.00000e+01 1.23263e+02 2.01675e+02 2.63479e+02 2.65002e+02 2.41222e+02 2.44420e+02 2.55916e+02 2.61557e+02 2.69755e+02
5.00000e+01 1.22921e+02 2.00862e+02 2.63345e+02 2.64907e+02 2.40147e+02 2.43453e+02 2.55420e+02 2.61304e+02 2.69735e+02
5.00000e+01 1.22624e+02 2.00163e+02 2.63228e+02 2.64825e+02 2.39158e+02 2.42564e+02 2.54967e+02 2.61074e+02 2.69716e+02
5.00000e+01 1.22367e+02 1.99562e+02 2.63128e+02 2.64754e+02 2.38248e+02 2.41745e+02 2.54553e+02 2.60864e+02 2.69700e+02
5.00000e+01 1.22144e+02 1.99044e+02 2.63041e+02 2.64692e+02 2.37409e+02 2.40992e+02 2.54175e+02 2.60673e+02 2.69685e+02
5.00000e+01 1.21949e+02 1.98596e+02 2.62965e+02 2.64639e+02 2.36635e+02 2.40298e+02 2.53828e+02 2.60499e+02 2.69672e+02
5.00000e+01 1.21779e+02 1.98209e+02 2.62899e+02 2.64592e+02 2.35922e+02 2.39657e+02 2.53510e+02 2.60340e+02 2.69659e+02
5.00000e+01 1.21629e+02 1.97874e+02 2.62843e+02 2.64552e+02 2.35263e+02 2.39067e+02 2.53219e+02 2.60194e+02 2.69648e+02
5.00000e+01 1.21499e+02 1.97583e+02 2.62793e+02 2.64517e+02 2.34654e+02 2.38521e+02 2.52951e+02 2.60061e+02 2.69638e+02
5.00000e+01 1.21383e+02 1.97330e+02 2.62750e+02 2.64487e+02 2.34091e+02 2.38017e+02 2.52705e+02 2.59939e+02 2.69629e+02
5.00000e+01 1.21282e+02 1.97109e+02 2.62712e+02 2.64460e+02 2.33570e+02 2.37551e+02 2.52478e+02 2.59827e+02 2.69621e+02
5.00000e+01 1.21192e+02 1.96917e+02 2.62680e+02 2.64437e+02 2.33088e+02 2.37119e+02 2.52270e+02 2.59724e+02 2.69613e+02
5.00000e+01 1.21113e+02 1.96749e+02 2.62651e+02 2.64417e+02 2.32645e+02 2.36722e+02 2.52079e+02 2.59630e+02 2.69606e+02
5.00000e+01 1.21044e+02 1.96605e+02 2.62626e+02 2.64400e+02 2.32244e+02 2.36364e+02 2.51906e+02 2.59545e+02 2.69600e+02
5.00000e+01 1.20982e+02 1.96478e+02 2.62605e+02 2.64385e+02 2.31870e+02 2.36030e+02 2.51746e+02 2.59467e+02 2.69594e+02
5.00000e+01 1.20927e+02 1.96366e+02 2.62586e+02 2.64371e+02 2.31522e+02 2.35718e+02 2.51598e+02 2.59394e+02 2.69589e+02
5.00000e+01 1.20877e+02 1.96267e+02 2.62569e+02 2.64359e+02 2.31197e+02 2.35427e+02 2.51461e+02 2.59327e+02 2.69584e+02
5.00000e+01 1.20833e+02 1.96180e+02 2.62554e+02 2.64349e+02 2.30893e+02 2.35156e+02 2.51333e+02 2.59264e+02 2.69580e+02
5.00000e+01 1.20793e+02 1.96102e+02 2.62541e+02 2.64340e+02 2.30611e+02 2.34904e+02 2.51214e+02 2.59207e+02 2.69576e+02
5.00000e+01 1.20756e+02 1.96032e+02 2.62529e+02 2.64331e+02 2.30347e+02 2.34668e+02 2.51104e+02 2.59153e+02 2.69572e+02
5.00000e+01 1.20724e+02 1.95971e+02 2.62519e+02 2.64324e+02 2.30100e+02 2.34448e+02 2.51002e+02 2.59103e+02 2.69568e+02
