2.70000e+02 2.70000e+02 2.70000e+02 2.68711e+02 2.68319e+02 2.66239e+02 2.66842e+02 2.69572e+02 2.70354e+02 2.70839e+02
2.70000e+02 2.70000e+02 2.70000e+02 2.68711e+02 2.68319e+02 2.66239e+02 2.66842e+02 2.69572e+02 2.70354e+02 2.70839e+02
5.00000e+01 1.50000e+02 2.50000e+02 2.68630e+02 2.68301e+02 2.66189e+02 2.66779e+02 2.69376e+02 2.70205e+02 2.70752e+02
5.00000e+01 1.43470e+02 2.44372e+02 2.68389e+02 2.68209e+02 2.65018e+02 2.65642e+02 2.68464e+02 2.69433e+02 2.70560e+02
5.00000e+01 1.39595e+02 2.38788e+02 2.68012e+02 2.68032e+02 2.63180e+02 2.63874e+02 2.67207e+02 2.68377e+02 2.70391e+02
5.00000e+01 1.36622e+02 2.33156e+02 2.67529e+02 2.67778e+02 2.61081e+02 2.61886e+02 2.65881e+02 2.67353e+02 2.70255e+02
5.00000e+01 1.34056e+02 2.27837e+02 2.66982e+02 2.67469e+02 2.58914e+02 2.59858e+02 2.64587e+02 2.66445e+02 2.70144e+02
5.00000e+01 1.31843e+02 2.23134e+02 2.66415e+02 2.67131e+02 2.56777e+02 2.57879e+02 2.63364e+02 2.65650e+02 2.70052e+02
5.00000e+01 1.30020e+02 2.19078e+02 2.65861e+02 2.66789e+02 2.54723e+02 2.55992e+02 2.62227e+02 2.64952e+02 2.69973e+02
5.00000e+01 1.28519e+02 2.15614e+02 2.65342e+02 2.66460e+02 2.52780e+02 2.54217e+02 2.61180e+02 2.64336e+02 2.69906e+02
5.00000e+01 1.27277e+02 2.12666e+02 2.64868e+02 2.66155e+02 2.50961e+02 2.52563e+02 2.60222e+02 2.63790e+02 2.69847e+02
5.00000e+01 1.26239e+02 2.10160e+02 2.64444e+02 2.65878e+02 2.49268e+02 2.51031e+02 2.59349e+02 2.63303e+02 2.69796e+02
5.00000e+01 1.25368e+02 2.08029e+02 2.64069e+02 2.65631e+02 2.47700e+02 2.49616e+02 2.58554e+02 2.62867e+02 2.69751e+02
5.00000e+01 1.24632e+02 2.06214e+02 2.63739e+02 2.65412e+02 2.46252e+02 2.48313e+02 2.57832e+02 2.62477e+02 2.69711e+02
5.00000e+01 1.24007e+02 2.04666e+02 2.63451e+02 2.65220e+02 2.44916e+02 2.47114e+02 2.57176e+02 2.62126e+02 2.69676e+02
5.00000e+01 1.23473e+02 2.03343e+02 2.63200e+02 2.65053e+02 2.43687e+02 2.46012e+02 2.56580e+02 2.61811e+02 2.69645e+02
5.00000e+01 1.23017e+02 2.02211e+02 2.62981e+02 2.64907e+02 2.42554e+02 2.44999e+02 2.56037e+02 2.61526e+02 2.69617e+02
5.00000e+01 1.22624e+02 2.01240e+02 2.62792e+02 2.64780e+02 2.41512e+02 2.44067e+02 2.55543e+02 2.61268e+02 2.69592e+02
5.00000e+01 1.22286e+02 2.00406e+02 2.62627e+02 2.64669e+02 2.40552e+02 2.43211e+02 2.55092e+02 2.61034e+02 2.69570e+02
5.00000e+01 1.21993e+02 1.99689e+02 2.62484e+02 2.64574e+02 2.39667e+02 2.42422e+02 2.54681e+02 2.60822e+02 2.69551e+02
5.00000e+01 1.21739e+02 1.99070e+02 2.62359e+02 2.64490e+02 2.38851e+02 2.41695e+02 2.54305e+02 2.60629e+02 2.69533e+02
5.00000e+01 1.21519e+02 1.98536e+02 2.62252e+02 2.64418e+02 2.38098e+02 2.41024e+02 2.53961e+02 2.60453e+02 2.69517e+02
5.00000e+01 1.21326e+02 1.98074e+02 2.62158e+02 2.64355e+02 2.37403e+02 2.40405e+02 2.53646e+02 2.60293e+02 2.69502e+02
5.00000e+01 1.21158e+02 1.97673e+02 2.62076e+02 2.64300e+02 2.36760e+02 2.39833e+02 2.53356e+02 2.60146e+02 2.69489e+02
5.00000e+01 1.21011e+02 1.97326e+02 2.62005e+02 2.64253e+02 2.36166e+02 2.39304e+02 2.53090e+02 2.60011e+02 2.69477e+02
5.00000e+01 1.20882e+02 1.97024e+02 2.61943e+02 2.64211e+02 2.35615e+02 2.38815e+02 2.52845e+02 2.59888e+02 2.69466e+02
5.00000e+01 1.20768e+02 1.96762e+02 2.61890e+02 2.64175e+02 2.35104e+02 2.38360e+02 2.52619e+02 2.59774e+02 2.69456e+02
5.00000e+01 1.20668e+02 1.96533e+02 2.61842e+02 2.64144e+02 2.34630e+02 2.37939e+02 2.52411e+02 2.59670e+02 2.69447e+02
5.00000e+01 1.20580e+02 1.96333e+02 2.61801e+02 2.64116e+02 2.34190e+02 2.37548e+02 2.52218e+02 2.59573e+02 2.69438e+02
5.00000e+01 1.20501e+02 1.96158e+02 2.61765e+02 2.64092e+02 2.33780e+02 2.37184e+02 2.52040e+02 2.59484e+02 2.69431e+02
5.00000e+01 1.20432e+02 1.96005e+02 2.61734e+02 2.64071e+02 2.33399e+02 2.36845e+02 2.51875e+02 2.59402e+02 2.69424e+02
5.00000e+01 1.20370e+02 1.95870e+02 2.61706e+02 2.64053e+02 2.33044e+02 2.36530e+02 2.51722e+02 2.59326e+02 2.69417e+02
5.00000e+01 1.20315e+02 1.95752e+02 2.61682e+02 2.64036e+02 2.32713e+02 2.36236e+02 2.51580e+02 2.59255e+02 2.69411e+02
5.00000e+01 1.20267e+02 1.95650e+02 2.61660e+02 2.64022e+02 2.32414e+02 2.35970e+02 2.51451e+02 2.59191e+02 2.69406e+02
5.00000e+01 1.20224e+02 1.95561e+02 2.61642e+02 2.64010e+02 2.32137e+02 2.35724e+02 2.51332e+02 2.59132e+02 2.69401e+02
5.00000e+01 1.20185e+02 1.95481e+02 2.61625e+02 2.63999e+02 2.31877e+02 2.35493e+02 2.51221e+02 2.59077e+02 2.69396e+02
5.00000e+01 1.20150e+02 1.95410e+02 2.61611e+02 2.63989e+02 2.31633e+02 2.35277e+02 2.51117e+02 2.59025e+02 2.69392e+02
5.00000e+01 1.20119e+02 1.95347e+02 2.61598e+02 2.63981e+02 2.31405e+02 2.35073e+02 2.51020e+02 2.58977e+02 2.69388e+02
