2.70000000e+02
5.00000000e+01
5.00000000e+01
5.00000000e+01
5.00000000e+01
5.00000000e+01
5.00000000e+01
5.00000000e+01
5.00000000e+01
5.00000000e+01
5.00000000e+01
5.00000000e+01
5.00000000e+01
5.00000000e+01
5.00000000e+01
5.00000000e+01
5.00000000e+01
5.00000000e+01
5.00000000e+01
5.00000000e+01
5.00000000e+01
5.00000000e+01
5.00000000e+01
5.00000000e+01
5.00000000e+01
5.00000000e+01
5.00000000e+01
5.00000000e+01
5.00000000e+01
5.00000000e+01
5.00000000e+01
5.00000000e+01
5.00000000e+01
5.00000000e+01
5.00000000e+01
5.00000000e+01
5.00000000e+01
2.70000000e+02
1.50000000e+02
1.43600536e+02
1.39728891e+02
1.36767164e+02
1.34213111e+02
1.31996500e+02
1.30161356e+02
1.28646978e+02
1.27388925e+02
1.26335686e+02
1.25447511e+02
1.24693693e+02
1.24050274e+02
1.23498340e+02
1.23022783e+02
1.22611409e+02
1.22254274e+02
1.21943207e+02
1.21671442e+02
1.21433339e+02
1.21224168e+02
1.21039947e+02
1.20877305e+02
1.20733375e+02
1.20605717e+02
1.20492239e+02
1.20391150e+02
1.20300906e+02
1.20220179e+02
1.20147817e+02
1.20083971e+02
1.20027397e+02
1.19976091e+02
1.19929552e+02
1.19887285e+02
1.19848844e+02
2.70000000e+02
2.50000000e+02
2.44558865e+02
2.39090491e+02
2.33580661e+02
2.28363152e+02
2.23742687e+02
2.19752803e+02
2.16339880e+02
2.13430276e+02
2.10950845e+02
2.08835810e+02
2.07028457e+02
2.05480807e+02
2.04152608e+02
2.03010196e+02
2.02025423e+02
2.01174716e+02
2.00438298e+02
1.99799535e+02
1.99244394e+02
1.98761013e+02
1.98339334e+02
1.97970809e+02
1.97648157e+02
1.97365164e+02
1.97116514e+02
1.96897651e+02
1.96704663e+02
1.96534188e+02
1.96383330e+02
1.96251585e+02
1.96136130e+02
1.96033041e+02
1.95940841e+02
1.95858235e+02
1.95784094e+02
2.68885614e+02
2.68787223e+02
2.68522679e+02
2.68117510e+02
2.67597467e+02
2.67002955e+02
2.66377967e+02
2.65759566e+02
2.65172804e+02
2.64631584e+02
2.64141722e+02
2.63703898e+02
2.63315842e+02
2.62973785e+02
2.62673347e+02
2.62410051e+02
2.62179602e+02
2.61978033e+02
2.61801754e+02
2.61647564e+02
2.61512637e+02
2.61394491e+02
2.61290956e+02
2.61200142e+02
2.61120402e+02
2.61050306e+02
2.60988612e+02
2.60934243e+02
2.60886264e+02
2.60843863e+02
2.60806335e+02
2.60773255e+02
2.60744234e+02
2.60718532e+02
2.60695634e+02
2.60675168e+02
2.60656831e+02
2.68478232e+02
2.68451526e+02
2.68338371e+02
2.68129792e+02
2.67835469e+02
2.67477370e+02
2.67083848e+02
2.66681773e+02
2.66291480e+02
2.65925711e+02
2.65590978e+02
2.65289503e+02
2.65020867e+02
2.64783189e+02
2.64573882e+02
2.64390113e+02
2.64229067e+02
2.64088080e+02
2.63964712e+02
2.63856767e+02
2.63762292e+02
2.63679565e+02
2.63607075e+02
2.63543501e+02
2.63487695e+02
2.63438653e+02
2.63395506e+02
2.63357497e+02
2.63323971e+02
2.63294358e+02
2.63268162e+02
2.63245193e+02
2.63224927e+02
2.63206966e+02
2.63190996e+02
2.63176741e+02
2.63163983e+02
2.75124864e+02
2.73995432e+02
2.71415836e+02
2.68440448e+02
2.65492164e+02
2.62681398e+02
2.60037815e+02
2.57567645e+02
2.55269758e+02
2.53139027e+02
2.51167734e+02
2.49346678e+02
2.47665964e+02
2.46115541e+02
2.44685548e+02
2.43366533e+02
2.42149571e+02
2.41026332e+02
2.39989097e+02
2.39030755e+02
2.38144779e+02
2.37325194e+02
2.36566540e+02
2.35863834e+02
2.35212531e+02
2.34608484e+02
2.34047914e+02
2.33527370e+02
2.33043703e+02
2.32594037e+02
2.32175744e+02
2.31790649e+02
2.31438122e+02
2.31109568e+02
2.30802769e+02
2.30516079e+02
2.30248037e+02
2.74586960e+02
2.74233831e+02
2.72930431e+02
2.70945070e+02
2.68647375e+02
2.66250458e+02
2.63870974e+02
2.61572419e+02
2.59388435e+02
2.57335182e+02
2.55418217e+02
2.53636721e+02
2.51986145e+02
2.50459868e+02
2.49050242e+02
2.47749236e+02
2.46548836e+02
2.45441284e+02
2.44419211e+02
2.43475710e+02
2.42604363e+02
2.41799241e+02
2.41054894e+02
2.40366327e+02
2.39728966e+02
2.39138635e+02
2.38591519e+02
2.38084138e+02
2.37613315e+02
2.37176149e+02
2.36769992e+02
2.36397730e+02
2.36056042e+02
2.35737822e+02
2.35441105e+02
2.35164188e+02
2.34905578e+02
2.73189663e+02
2.72886043e+02
2.71930958e+02
2.70615081e+02
2.69194525e+02
2.67777314e+02
2.66409784e+02
2.65112716e+02
2.63895106e+02
2.62759653e+02
2.61705374e+02
2.60729180e+02
2.59826867e+02
2.58993713e+02
2.58224851e+02
2.57515476e+02
2.56860973e+02
2.56256983e+02
2.55699430e+02
2.55184535e+02
2.54708810e+02
2.54269046e+02
2.53862301e+02
2.53485879e+02
2.53137317e+02
2.52814360e+02
2.52514950e+02
2.52237205e+02
2.51979406e+02
2.51739983e+02
2.51517498e+02
2.51313978e+02
2.51127715e+02
2.50953781e+02
2.50791331e+02
2.50639590e+02
2.50497807e+02
2.72366427e+02
2.72045645e+02
2.71072795e+02
2.69866352e+02
2.68729418e+02
2.67726449e+02
2.66846280e+02
2.66066423e+02
2.65368442e+02
2.64738953e+02
2.64168061e+02
2.63648156e+02
2.63173178e+02
2.62738156e+02
2.62338921e+02
2.61971916e+02
2.61634058e+02
2.61322650e+02
2.61035311e+02
2.60769921e+02
2.60524587e+02
2.60297608e+02
2.60087450e+02
2.59892727e+02
2.59712182e+02
2.59544673e+02
2.59389162e+02
2.59244702e+02
2.59110430e+02
2.58985556e+02
2.58869360e+02
2.58763157e+02
2.58666005e+02
2.58575043e+02
2.58489894e+02
2.58410206e+02
2.58335629e+02
2.70980819e+02
2.70881967e+02
2.70686241e+02
2.70510650e+02
2.70368611e+02
2.70252307e+02
2.70154670e+02
2.70070965e+02
2.69998198e+02
2.69934319e+02
2.69877832e+02
2.69827591e+02
2.69782694e+02
2.69742412e+02
2.69706146e+02
2.69673399e+02
2.69643749e+02
2.69616839e+02
2.69592364e+02
2.69570058e+02
2.69549693e+02
2.69531068e+02
2.69514007e+02
2.69498358e+02
2.69483982e+02
2.69470760e+02
2.69458584e+02
2.69447359e+02
2.69436998e+02
2.69427426e+02
2.69418574e+02
2.69410509e+02
2.69403168e+02
2.69396337e+02
2.69389976e+02
2.69384052e+02
2.69378532e+02
