2.70000e+02 2.70000e+02 2.70000e+02 2.68718e+02 2.68381e+02 2.69358e+02 2.69583e+02 2.70535e+02 2.70766e+02 2.70869e+02
2.70000e+02 2.70000e+02 2.70000e+02 2.68718e+02 2.68381e+02 2.69358e+02 2.69583e+02 2.70535e+02 2.70766e+02 2.70869e+02
5.00000e+01 1.50000e+02 2.50000e+02 2.68624e+02 2.68354e+02 2.68915e+02 2.69242e+02 2.70308e+02 2.70595e+02 2.70784e+02
5.00000e+01 1.43537e+02 2.44441e+02 2.68367e+02 2.68237e+02 2.67123e+02 2.67773e+02 2.69370e+02 2.69824e+02 2.70612e+02
5.00000e+01 1.39675e+02 2.38934e+02 2.67981e+02 2.68028e+02 2.64641e+02 2.65653e+02 2.68097e+02 2.68793e+02 2.70463e+02
5.00000e+01 1.36718e+02 2.33400e+02 2.67496e+02 2.67743e+02 2.61974e+02 2.63323e+02 2.66753e+02 2.67798e+02 2.70344e+02
5.00000e+01 1.34177e+02 2.28181e+02 2.66954e+02 2.67406e+02 2.59336e+02 2.60984e+02 2.65433e+02 2.66912e+02 2.70248e+02
5.00000e+01 1.31982e+02 2.23577e+02 2.66398e+02 2.67047e+02 2.56815e+02 2.58727e+02 2.64175e+02 2.66130e+02 2.70167e+02
5.00000e+01 1.30169e+02 2.19617e+02 2.65859e+02 2.66688e+02 2.54449e+02 2.56593e+02 2.62996e+02 2.65437e+02 2.70098e+02
5.00000e+01 1.28678e+02 2.16244e+02 2.65358e+02 2.66348e+02 2.52251e+02 2.54601e+02 2.61902e+02 2.64818e+02 2.70038e+02
5.00000e+01 1.27444e+02 2.13381e+02 2.64903e+02 2.66035e+02 2.50221e+02 2.52755e+02 2.60896e+02 2.64263e+02 2.69986e+02
5.00000e+01 1.26415e+02 2.10954e+02 2.64497e+02 2.65754e+02 2.48352e+02 2.51054e+02 2.59974e+02 2.63764e+02 2.69940e+02
5.00000e+01 1.25551e+02 2.08894e+02 2.64139e+02 2.65504e+02 2.46637e+02 2.49490e+02 2.59132e+02 2.63314e+02 2.69899e+02
5.00000e+01 1.24822e+02 2.07143e+02 2.63826e+02 2.65284e+02 2.45064e+02 2.48056e+02 2.58364e+02 2.62908e+02 2.69864e+02
5.00000e+01 1.24203e+02 2.05652e+02 2.63553e+02 2.65092e+02 2.43622e+02 2.46742e+02 2.57664e+02 2.62541e+02 2.69832e+02
5.00000e+01 1.23676e+02 2.04381e+02 2.63316e+02 2.64924e+02 2.42302e+02 2.45539e+02 2.57027e+02 2.62208e+02 2.69804e+02
5.00000e+01 1.23224e+02 2.03294e+02 2.63109e+02 2.64779e+02 2.41092e+02 2.44437e+02 2.56446e+02 2.61907e+02 2.69778e+02
5.00000e+01 1.22836e+02 2.02363e+02 2.62931e+02 2.64653e+02 2.39983e+02 2.43427e+02 2.55917e+02 2.61634e+02 2.69756e+02
5.00000e+01 1.22502e+02 2.01564e+02 2.62776e+02 2.64543e+02 2.38966e+02 2.42501e+02 2.55434e+02 2.61385e+02 2.69736e+02
5.00000e+01 1.22212e+02 2.00878e+02 2.62641e+02 2.64448e+02 2.38032e+02 2.41651e+02 2.54993e+02 2.61158e+02 2.69717e+02
5.00000e+01 1.21962e+02 2.00286e+02 2.62525e+02 2.64365e+02 2.37175e+02 2.40872e+02 2.54590e+02 2.60952e+02 2.69701e+02
5.00000e+01 1.21744e+02 1.99775e+02 2.62424e+02 2.64294e+02 2.36386e+02 2.40155e+02 2.54222e+02 2.60764e+02 2.69686e+02
5.00000e+01 1.21553e+02 1.99334e+02 2.62336e+02 2.64232e+02 2.35661e+02 2.39496e+02 2.53885e+02 2.60592e+02 2.69673e+02
5.00000e+01 1.21387e+02 1.98952e+02 2.62259e+02 2.64178e+02 2.34993e+02 2.38889e+02 2.53576e+02 2.60434e+02 2.69660e+02
5.00000e+01 1.21242e+02 1.98620e+02 2.62193e+02 2.64131e+02 2.34377e+02 2.38331e+02 2.53292e+02 2.60290e+02 2.69649e+02
5.00000e+01 1.21114e+02 1.98332e+02 2.62135e+02 2.64090e+02 2.33809e+02 2.37815e+02 2.53031e+02 2.60158e+02 2.69639e+02
5.00000e+01 1.21003e+02 1.98085e+02 2.62085e+02 2.64054e+02 2.33291e+02 2.37346e+02 2.52796e+02 2.60039e+02 2.69630e+02
5.00000e+01 1.20907e+02 1.97872e+02 2.62042e+02 2.64024e+02 2.32819e+02 2.36918e+02 2.52581e+02 2.59930e+02 2.69622e+02
5.00000e+01 1.20822e+02 1.97685e+02 2.62004e+02 2.63997e+02 2.32381e+02 2.36522e+02 2.52383e+02 2.59830e+02 2.69615e+02
5.00000e+01 1.20745e+02 1.97521e+02 2.61971e+02 2.63974e+02 2.31975e+02 2.36153e+02 2.52200e+02 2.59738e+02 2.69608e+02
5.00000e+01 1.20678e+02 1.97377e+02 2.61942e+02 2.63953e+02 2.31597e+02 2.35812e+02 2.52031e+02 2.59652e+02 2.69601e+02
5.00000e+01 1.20617e+02 1.97249e+02 2.61916e+02 2.63935e+02 2.31246e+02 2.35494e+02 2.51874e+02 2.59573e+02 2.69596e+02
5.00000e+01 1.20563e+02 1.97137e+02 2.61893e+02 2.63919e+02 2.30919e+02 2.35198e+02 2.51728e+02 2.59500e+02 2.69590e+02
5.00000e+01 1.20514e+02 1.97038e+02 2.61873e+02 2.63905e+02 2.30615e+02 2.34923e+02 2.51593e+02 2.59432e+02 2.69585e+02
5.00000e+01 1.20471e+02 1.96950e+02 2.61856e+02 2.63892e+02 2.30331e+02 2.34667e+02 2.51468e+02 2.59369e+02 2.69581e+02
5.00000e+01 1.20431e+02 1.96872e+02 2.61840e+02 2.63881e+02 2.30067e+02 2.34428e+02 2.51351e+02 2.59311e+02 2.69577e+02
5.00000e+01 1.20396e+02 1.96802e+02 2.61826e+02 2.63872e+02 2.29820e+02 2.34204e+02 2.51243e+02 2.59257e+02 2.69573e+02
5.00000e+01 1.20364e+02 1.96740e+02 2.61814e+02 2.63863e+02 2.29589e+02 2.33996e+02 2.51142e+02 2.59206e+02 2.69569e+02
