2.70000e+02 2.70000e+02 2.70000e+02 2.68662e+02 2.68284e+02 2.69342e+02 2.69642e+02 2.70745e+02 2.70930e+02 2.70877e+02
2.70000e+02 2.70000e+02 2.70000e+02 2.68662e+02 2.68284e+02 2.69342e+02 2.69642e+02 2.70745e+02 2.70930e+02 2.70877e+02
5.00000e+01 1.50000e+02 2.50000e+02 2.68580e+02 2.68265e+02 2.69073e+02 2.69447e+02 2.70500e+02 2.70748e+02 2.70792e+02
5.00000e+01 1.43382e+02 2.44399e+02 2.68346e+02 2.68177e+02 2.67572e+02 2.68230e+02 2.69581e+02 2.69986e+02 2.70625e+02
5.00000e+01 1.39480e+02 2.38821e+02 2.67989e+02 2.68009e+02 2.65368e+02 2.66331e+02 2.68350e+02 2.68979e+02 2.70480e+02
5.00000e+01 1.36498e+02 2.33189e+02 2.67539e+02 2.67774e+02 2.62913e+02 2.64160e+02 2.67051e+02 2.68010e+02 2.70365e+02
5.00000e+01 1.33895e+02 2.27870e+02 2.67039e+02 2.67493e+02 2.60413e+02 2.61923e+02 2.65773e+02 2.67148e+02 2.70270e+02
5.00000e+01 1.31670e+02 2.23170e+02 2.66528e+02 2.67190e+02 2.57968e+02 2.59725e+02 2.64553e+02 2.66387e+02 2.70191e+02
5.00000e+01 1.29843e+02 2.19118e+02 2.66035e+02 2.66887e+02 2.55630e+02 2.57617e+02 2.63406e+02 2.65713e+02 2.70124e+02
5.00000e+01 1.28340e+02 2.15661e+02 2.65577e+02 2.66599e+02 2.53423e+02 2.55627e+02 2.62340e+02 2.65112e+02 2.70065e+02
5.00000e+01 1.27097e+02 2.12724e+02 2.65163e+02 2.66334e+02 2.51358e+02 2.53766e+02 2.61357e+02 2.64574e+02 2.70013e+02
5.00000e+01 1.26059e+02 2.10231e+02 2.64794e+02 2.66095e+02 2.49439e+02 2.52037e+02 2.60453e+02 2.64091e+02 2.69968e+02
5.00000e+01 1.25187e+02 2.08114e+02 2.64470e+02 2.65883e+02 2.47662e+02 2.50438e+02 2.59626e+02 2.63655e+02 2.69928e+02
5.00000e+01 1.24449e+02 2.06314e+02 2.64186e+02 2.65697e+02 2.46021e+02 2.48963e+02 2.58869e+02 2.63262e+02 2.69893e+02
5.00000e+01 1.23823e+02 2.04781e+02 2.63939e+02 2.65535e+02 2.44508e+02 2.47605e+02 2.58178e+02 2.62907e+02 2.69862e+02
5.00000e+01 1.23289e+02 2.03473e+02 2.63724e+02 2.65393e+02 2.43114e+02 2.46355e+02 2.57546e+02 2.62585e+02 2.69833e+02
5.00000e+01 1.22831e+02 2.02354e+02 2.63538e+02 2.65270e+02 2.41831e+02 2.45206e+02 2.56969e+02 2.62292e+02 2.69808e+02
5.00000e+01 1.22437e+02 2.01397e+02 2.63377e+02 2.65163e+02 2.40650e+02 2.44149e+02 2.56441e+02 2.62025e+02 2.69786e+02
5.00000e+01 1.22097e+02 2.00574e+02 2.63237e+02 2.65070e+02 2.39562e+02 2.43177e+02 2.55958e+02 2.61783e+02 2.69765e+02
5.00000e+01 1.21803e+02 1.99867e+02 2.63116e+02 2.64990e+02 2.38561e+02 2.42282e+02 2.55515e+02 2.61561e+02 2.69747e+02
5.00000e+01 1.21548e+02 1.99258e+02 2.63010e+02 2.64920e+02 2.37639e+02 2.41458e+02 2.55109e+02 2.61358e+02 2.69731e+02
5.00000e+01 1.21326e+02 1.98732e+02 2.62919e+02 2.64859e+02 2.36788e+02 2.40699e+02 2.54736e+02 2.61172e+02 2.69716e+02
5.00000e+01 1.21132e+02 1.98277e+02 2.62840e+02 2.64807e+02 2.36004e+02 2.39999e+02 2.54393e+02 2.61002e+02 2.69702e+02
5.00000e+01 1.20962e+02 1.97883e+02 2.62771e+02 2.64761e+02 2.35279e+02 2.39353e+02 2.54078e+02 2.60845e+02 2.69690e+02
5.00000e+01 1.20813e+02 1.97541e+02 2.62711e+02 2.64721e+02 2.34610e+02 2.38756e+02 2.53787e+02 2.60701e+02 2.69678e+02
5.00000e+01 1.20683e+02 1.97244e+02 2.62658e+02 2.64686e+02 2.33991e+02 2.38204e+02 2.53519e+02 2.60568e+02 2.69668e+02
5.00000e+01 1.20567e+02 1.96985e+02 2.62612e+02 2.64656e+02 2.33417e+02 2.37693e+02 2.53272e+02 2.60446e+02 2.69658e+02
5.00000e+01 1.20465e+02 1.96759e+02 2.62572e+02 2.64630e+02 2.32886e+02 2.37220e+02 2.53043e+02 2.60332e+02 2.69650e+02
5.00000e+01 1.20377e+02 1.96565e+02 2.62538e+02 2.64607e+02 2.32406e+02 2.36792e+02 2.52836e+02 2.60230e+02 2.69642e+02
5.00000e+01 1.20299e+02 1.96396e+02 2.62508e+02 2.64587e+02 2.31962e+02 2.36397e+02 2.52645e+02 2.60135e+02 2.69635e+02
5.00000e+01 1.20229e+02 1.96247e+02 2.62481e+02 2.64570e+02 2.31548e+02 2.36028e+02 2.52468e+02 2.60047e+02 2.69628e+02
5.00000e+01 1.20167e+02 1.96115e+02 2.62458e+02 2.64554e+02 2.31163e+02 2.35685e+02 2.52303e+02 2.59966e+02 2.69622e+02
5.00000e+01 1.20111e+02 1.95999e+02 2.62438e+02 2.64541e+02 2.30803e+02 2.35365e+02 2.52149e+02 2.59890e+02 2.69617e+02
5.00000e+01 1.20061e+02 1.95896e+02 2.62420e+02 2.64529e+02 2.30467e+02 2.35066e+02 2.52006e+02 2.59819e+02 2.69611e+02
5.00000e+01 1.20016e+02 1.95805e+02 2.62403e+02 2.64518e+02 2.30154e+02 2.34787e+02 2.51873e+02 2.59753e+02 2.69607e+02
5.00000e+01 1.19976e+02 1.95724e+02 2.62389e+02 2.64509e+02 2.29861e+02 2.34526e+02 2.51749e+02 2.59691e+02 2.69602e+02
5.00000e+01 1.19939e+02 1.95652e+02 2.62376e+02 2.64500e+02 2.29587e+02 2.34282e+02 2.51633e+02 2.59634e+02 2.69598e+02
5.00000e+01 1.19906e+02 1.95588e+02 2.62365e+02 2.64493e+02 2.29330e+02 2.34054e+02 2.51524e+02 2.59580e+02 2.69594e+02
