2.70000e+02 2.70000e+02 2.70000e+02 2.68721e+02 2.68323e+02 2.68562e+02 2.68916e+02 2.70478e+02 2.70811e+02 2.70876e+02
2.70000e+02 2.70000e+02 2.70000e+02 2.68721e+02 2.68323e+02 2.68562e+02 2.68916e+02 2.70478e+02 2.70811e+02 2.70876e+02
5.00000e+01 1.50000e+02 2.50000e+02 2.68645e+02 2.68307e+02 2.68287e+02 2.68655e+02 2.70193e+02 2.70599e+02 2.70788e+02
5.00000e+01 1.43641e+02 2.44387e+02 2.68406e+02 2.68218e+02 2.66740e+02 2.67215e+02 2.69212e+02 2.69792e+02 2.70614e+02
5.00000e+01 1.39782e+02 2.38778e+02 2.68028e+02 2.68042e+02 2.64476e+02 2.65123e+02 2.67903e+02 2.68746e+02 2.70462e+02
5.00000e+01 1.36805e+02 2.33114e+02 2.67540e+02 2.67787e+02 2.61972e+02 2.62828e+02 2.66528e+02 2.67749e+02 2.70340e+02
5.00000e+01 1.34272e+02 2.27765e+02 2.66988e+02 2.67476e+02 2.59445e+02 2.60525e+02 2.65182e+02 2.66867e+02 2.70242e+02
5.00000e+01 1.32085e+02 2.23044e+02 2.66417e+02 2.67137e+02 2.56998e+02 2.58302e+02 2.63904e+02 2.66092e+02 2.70159e+02
5.00000e+01 1.30259e+02 2.18980e+02 2.65862e+02 2.66795e+02 2.54680e+02 2.56201e+02 2.62711e+02 2.65408e+02 2.70089e+02
5.00000e+01 1.28751e+02 2.15512e+02 2.65345e+02 2.66467e+02 2.52512e+02 2.54240e+02 2.61606e+02 2.64798e+02 2.70028e+02
5.00000e+01 1.27499e+02 2.12564e+02 2.64874e+02 2.66164e+02 2.50500e+02 2.52421e+02 2.60591e+02 2.64252e+02 2.69975e+02
5.00000e+01 1.26454e+02 2.10059e+02 2.64455e+02 2.65891e+02 2.48641e+02 2.50744e+02 2.59661e+02 2.63761e+02 2.69929e+02
5.00000e+01 1.25575e+02 2.07929e+02 2.64085e+02 2.65647e+02 2.46930e+02 2.49201e+02 2.58813e+02 2.63319e+02 2.69888e+02
5.00000e+01 1.24833e+02 2.06117e+02 2.63761e+02 2.65433e+02 2.45357e+02 2.47784e+02 2.58038e+02 2.62920e+02 2.69852e+02
5.00000e+01 1.24201e+02 2.04571e+02 2.63478e+02 2.65245e+02 2.43912e+02 2.46485e+02 2.57332e+02 2.62558e+02 2.69820e+02
5.00000e+01 1.23663e+02 2.03252e+02 2.63233e+02 2.65082e+02 2.42586e+02 2.45292e+02 2.56688e+02 2.62231e+02 2.69792e+02
5.00000e+01 1.23202e+02 2.02123e+02 2.63020e+02 2.64940e+02 2.41368e+02 2.44198e+02 2.56101e+02 2.61933e+02 2.69766e+02
5.00000e+01 1.22806e+02 2.01156e+02 2.62835e+02 2.64817e+02 2.40249e+02 2.43193e+02 2.55564e+02 2.61662e+02 2.69743e+02
5.00000e+01 1.22464e+02 2.00326e+02 2.62675e+02 2.64710e+02 2.39220e+02 2.42270e+02 2.55073e+02 2.61415e+02 2.69723e+02
5.00000e+01 1.22169e+02 1.99612e+02 2.62537e+02 2.64618e+02 2.38274e+02 2.41420e+02 2.54623e+02 2.61189e+02 2.69705e+02
5.00000e+01 1.21913e+02 1.98998e+02 2.62417e+02 2.64538e+02 2.37402e+02 2.40638e+02 2.54211e+02 2.60983e+02 2.69688e+02
5.00000e+01 1.21690e+02 1.98468e+02 2.62313e+02 2.64468e+02 2.36598e+02 2.39917e+02 2.53832e+02 2.60793e+02 2.69673e+02
5.00000e+01 1.21497e+02 1.98010e+02 2.62223e+02 2.64408e+02 2.35856e+02 2.39251e+02 2.53484e+02 2.60619e+02 2.69659e+02
5.00000e+01 1.21327e+02 1.97614e+02 2.62145e+02 2.64356e+02 2.35170e+02 2.38636e+02 2.53164e+02 2.60459e+02 2.69647e+02
5.00000e+01 1.21179e+02 1.97270e+02 2.62077e+02 2.64311e+02 2.34536e+02 2.38067e+02 2.52868e+02 2.60312e+02 2.69635e+02
5.00000e+01 1.21049e+02 1.96972e+02 2.62018e+02 2.64271e+02 2.33948e+02 2.37540e+02 2.52595e+02 2.60176e+02 2.69625e+02
5.00000e+01 1.20934e+02 1.96713e+02 2.61967e+02 2.64237e+02 2.33403e+02 2.37051e+02 2.52343e+02 2.60050e+02 2.69616e+02
5.00000e+01 1.20833e+02 1.96487e+02 2.61922e+02 2.64207e+02 2.32897e+02 2.36597e+02 2.52109e+02 2.59934e+02 2.69607e+02
5.00000e+01 1.20744e+02 1.96290e+02 2.61883e+02 2.64181e+02 2.32426e+02 2.36174e+02 2.51893e+02 2.59826e+02 2.69599e+02
5.00000e+01 1.20665e+02 1.96118e+02 2.61849e+02 2.64158e+02 2.31988e+02 2.35781e+02 2.51692e+02 2.59726e+02 2.69591e+02
5.00000e+01 1.20594e+02 1.95967e+02 2.61819e+02 2.64138e+02 2.31580e+02 2.35415e+02 2.51505e+02 2.59633e+02 2.69585e+02
5.00000e+01 1.20531e+02 1.95835e+02 2.61792e+02 2.64121e+02 2.31199e+02 2.35073e+02 2.51331e+02 2.59547e+02 2.69578e+02
5.00000e+01 1.20477e+02 1.95722e+02 2.61770e+02 2.64106e+02 2.30857e+02 2.34766e+02 2.51174e+02 2.59469e+02 2.69573e+02
5.00000e+01 1.20429e+02 1.95623e+02 2.61750e+02 2.64093e+02 2.30536e+02 2.34478e+02 2.51028e+02 2.59396e+02 2.69568e+02
5.00000e+01 1.20385e+02 1.95534e+02 2.61732e+02 2.64081e+02 2.30235e+02 2.34208e+02 2.50891e+02 2.59328e+02 2.69563e+02
5.00000e+01 1.20345e+02 1.95456e+02 2.61717e+02 2.64071e+02 2.29952e+02 2.33954e+02 2.50763e+02 2.59264e+02 2.69558e+02
5.00000e+01 1.20309e+02 1.95386e+02 2.61703e+02 2.64062e+02 2.29686e+02 2.33715e+02 2.50643e+02 2.59205e+02 2.69554e+02
5.00000e+01 1.20277e+02 1.95323e+02 2.61691e+02 2.64053e+02 2.29436e+02 2.33491e+02 2.50530e+02 2.59149e+02 2.69550e+02
