2.70000e+02 2.70000e+02 2.70000e+02 2.68657e+02 2.68321e+02 2.70105e+02 2.70282e+02 2.71014e+02 2.71057e+02 2.70890e+02
2.70000e+02 2.70000e+02 2.70000e+02 2.68657e+02 2.68321e+02 2.70105e+02 2.70282e+02 2.71014e+02 2.71057e+02 2.70890e+02
5.00000e+01 1.50000e+02 2.50000e+02 2.68577e+02 2.68299e+02 2.69681e+02 2.69915e+02 2.70670e+02 2.70808e+02 2.70797e+02
5.00000e+01 1.43876e+02 2.44414e+02 2.68350e+02 2.68203e+02 2.67932e+02 2.68372e+02 2.69622e+02 2.69947e+02 2.70619e+02
5.00000e+01 1.40069e+02 2.38833e+02 2.67999e+02 2.68023e+02 2.65444e+02 2.66145e+02 2.68249e+02 2.68840e+02 2.70465e+02
5.00000e+01 1.37122e+02 2.33220e+02 2.67557e+02 2.67773e+02 2.62715e+02 2.63690e+02 2.66815e+02 2.67782e+02 2.70343e+02
5.00000e+01 1.34602e+02 2.27920e+02 2.67066e+02 2.67477e+02 2.59970e+02 2.61216e+02 2.65412e+02 2.66844e+02 2.70243e+02
5.00000e+01 1.32478e+02 2.23241e+02 2.66566e+02 2.67162e+02 2.57317e+02 2.58822e+02 2.64079e+02 2.66017e+02 2.70160e+02
5.00000e+01 1.30660e+02 2.19217e+02 2.66086e+02 2.66850e+02 2.54805e+02 2.56553e+02 2.62831e+02 2.65285e+02 2.70089e+02
5.00000e+01 1.29150e+02 2.15788e+02 2.65644e+02 2.66556e+02 2.52456e+02 2.54429e+02 2.61673e+02 2.64632e+02 2.70027e+02
5.00000e+01 1.27894e+02 2.12875e+02 2.65245e+02 2.66288e+02 2.50273e+02 2.52456e+02 2.60604e+02 2.64044e+02 2.69974e+02
5.00000e+01 1.26844e+02 2.10403e+02 2.64892e+02 2.66048e+02 2.48256e+02 2.50632e+02 2.59622e+02 2.63514e+02 2.69926e+02
5.00000e+01 1.25959e+02 2.08305e+02 2.64582e+02 2.65837e+02 2.46396e+02 2.48951e+02 2.58722e+02 2.63035e+02 2.69884e+02
5.00000e+01 1.25211e+02 2.06521e+02 2.64312e+02 2.65651e+02 2.44685e+02 2.47405e+02 2.57898e+02 2.62600e+02 2.69847e+02
5.00000e+01 1.24575e+02 2.05002e+02 2.64078e+02 2.65490e+02 2.43112e+02 2.45984e+02 2.57143e+02 2.62204e+02 2.69814e+02
5.00000e+01 1.24032e+02 2.03706e+02 2.63875e+02 2.65350e+02 2.41667e+02 2.44680e+02 2.56451e+02 2.61843e+02 2.69785e+02
5.00000e+01 1.23566e+02 2.02599e+02 2.63699e+02 2.65228e+02 2.40339e+02 2.43482e+02 2.55818e+02 2.61514e+02 2.69758e+02
5.00000e+01 1.23166e+02 2.01651e+02 2.63547e+02 2.65123e+02 2.39119e+02 2.42381e+02 2.55237e+02 2.61212e+02 2.69734e+02
5.00000e+01 1.22820e+02 2.00838e+02 2.63415e+02 2.65032e+02 2.37997e+02 2.41369e+02 2.54704e+02 2.60935e+02 2.69713e+02
5.00000e+01 1.22521e+02 2.00139e+02 2.63301e+02 2.64953e+02 2.36964e+02 2.40438e+02 2.54213e+02 2.60681e+02 2.69693e+02
5.00000e+01 1.22261e+02 1.99538e+02 2.63203e+02 2.64885e+02 2.36014e+02 2.39581e+02 2.53763e+02 2.60448e+02 2.69676e+02
5.00000e+01 1.22035e+02 1.99019e+02 2.63117e+02 2.64826e+02 2.35138e+02 2.38792e+02 2.53347e+02 2.60233e+02 2.69660e+02
5.00000e+01 1.21838e+02 1.98571e+02 2.63043e+02 2.64775e+02 2.34331e+02 2.38063e+02 2.52964e+02 2.60034e+02 2.69645e+02
5.00000e+01 1.21666e+02 1.98183e+02 2.62979e+02 2.64730e+02 2.33585e+02 2.37391e+02 2.52611e+02 2.59851e+02 2.69632e+02
5.00000e+01 1.21514e+02 1.97846e+02 2.62923e+02 2.64691e+02 2.32896e+02 2.36769e+02 2.52285e+02 2.59681e+02 2.69620e+02
5.00000e+01 1.21381e+02 1.97554e+02 2.62874e+02 2.64658e+02 2.32258e+02 2.36194e+02 2.51983e+02 2.59524e+02 2.69609e+02
5.00000e+01 1.21263e+02 1.97299e+02 2.62832e+02 2.64629e+02 2.31668e+02 2.35662e+02 2.51703e+02 2.59379e+02 2.69598e+02
5.00000e+01 1.21160e+02 1.97077e+02 2.62795e+02 2.64603e+02 2.31121e+02 2.35168e+02 2.51444e+02 2.59244e+02 2.69589e+02
5.00000e+01 1.21068e+02 1.96883e+02 2.62763e+02 2.64581e+02 2.30613e+02 2.34710e+02 2.51203e+02 2.59119e+02 2.69580e+02
5.00000e+01 1.20986e+02 1.96714e+02 2.62734e+02 2.64561e+02 2.30146e+02 2.34289e+02 2.50982e+02 2.59003e+02 2.69572e+02
5.00000e+01 1.20916e+02 1.96569e+02 2.62710e+02 2.64544e+02 2.29721e+02 2.33906e+02 2.50781e+02 2.58898e+02 2.69565e+02
5.00000e+01 1.20853e+02 1.96441e+02 2.62689e+02 2.64530e+02 2.29326e+02 2.33549e+02 2.50593e+02 2.58800e+02 2.69559e+02
5.00000e+01 1.20796e+02 1.96328e+02 2.62670e+02 2.64517e+02 2.28956e+02 2.33215e+02 2.50418e+02 2.58708e+02 2.69552e+02
5.00000e+01 1.20744e+02 1.96228e+02 2.62653e+02 2.64505e+02 2.28611e+02 2.32903e+02 2.50254e+02 2.58622e+02 2.69547e+02
5.00000e+01 1.20698e+02 1.96138e+02 2.62638e+02 2.64495e+02 2.28288e+02 2.32612e+02 2.50101e+02 2.58542e+02 2.69541e+02
5.00000e+01 1.20656e+02 1.96059e+02 2.62625e+02 2.64486e+02 2.27986e+02 2.32339e+02 2.49958e+02 2.58467e+02 2.69536e+02
5.00000e+01 1.20618e+02 1.95988e+02 2.62614e+02 2.64478e+02 2.27704e+02 2.32084e+02 2.49824e+02 2.58397e+02 2.69532e+02
5.00000e+01 1.20584e+02 1.95925e+02 2.62603e+02 2.64471e+02 2.27439e+02 2.31844e+02 2.49699e+02 2.58332e+02 2.69527e+02
