2.70000000e+02
5.00000000e+01
5.00000000e+01
5.00000000e+01
5.00000000e+01
5.00000000e+01
5.00000000e+01
5.00000000e+01
5.00000000e+01
5.00000000e+01
5.00000000e+01
5.00000000e+01
5.00000000e+01
5.00000000e+01
5.00000000e+01
5.00000000e+01
5.00000000e+01
5.00000000e+01
5.00000000e+01
5.00000000e+01
5.00000000e+01
5.00000000e+01
5.00000000e+01
5.00000000e+01
5.00000000e+01
5.00000000e+01
5.00000000e+01
5.00000000e+01
5.00000000e+01
5.00000000e+01
5.00000000e+01
5.00000000e+01
5.00000000e+01
5.00000000e+01
5.00000000e+01
5.00000000e+01
5.00000000e+01
2.70000000e+02
1.50000000e+02
1.43877541e+02
1.40064776e+02
1.37112455e+02
1.34587663e+02
1.32453053e+02
1.30627628e+02
1.29111432e+02
1.27849337e+02
1.26792484e+02
1.25902154e+02
1.25148001e+02
1.24506091e+02
1.23957356e+02
1.23486443e+02
1.23080878e+02
1.22730442e+02
1.22426703e+02
1.22162662e+02
1.21932480e+02
1.21731261e+02
1.21554886e+02
1.21399876e+02
1.21263285e+02
1.21142609e+02
1.21035716e+02
1.20940787e+02
1.20856263e+02
1.20780811e+02
1.20713283e+02
1.20652693e+02
1.20600012e+02
1.20552229e+02
1.20508862e+02
1.20469437e+02
1.20433520e+02
2.70000000e+02
2.50000000e+02
2.44414299e+02
2.38835737e+02
2.33222410e+02
2.27919025e+02
2.23232938e+02
2.19198669e+02
2.15756444e+02
2.12828951e+02
2.10341169e+02
2.08225893e+02
2.06425089e+02
2.04889527e+02
2.03577799e+02
2.02455198e+02
2.01492657e+02
2.00665816e+02
1.99954228e+02
1.99340704e+02
1.98810760e+02
1.98352171e+02
1.97954597e+02
1.97609277e+02
1.97308774e+02
1.97046767e+02
1.96817872e+02
1.96617500e+02
1.96441733e+02
1.96287221e+02
1.96151098e+02
1.96030907e+02
1.95927493e+02
1.95835449e+02
1.95753351e+02
1.95679955e+02
1.95614186e+02
2.68657112e+02
2.68601105e+02
2.68375095e+02
2.68015133e+02
2.67555315e+02
2.67040072e+02
2.66511582e+02
2.66001343e+02
2.65528078e+02
2.65100269e+02
2.64719819e+02
2.64384977e+02
2.64092203e+02
2.63837261e+02
2.63615817e+02
2.63423746e+02
2.63257267e+02
2.63112995e+02
2.62987944e+02
2.62879502e+02
2.62785397e+02
2.62703660e+02
2.62632592e+02
2.62570727e+02
2.62516803e+02
2.62469733e+02
2.62428582e+02
2.62392547e+02
2.62360936e+02
2.62333154e+02
2.62308691e+02
2.62287107e+02
2.62268298e+02
2.62251740e+02
2.62237036e+02
2.62223924e+02
2.62212197e+02
2.68283490e+02
2.68275505e+02
2.68195217e+02
2.68028698e+02
2.67788476e+02
2.67497890e+02
2.67183711e+02
2.66868934e+02
2.66569408e+02
2.66293947e+02
2.66046156e+02
2.65826398e+02
2.65633264e+02
2.65464508e+02
2.65317587e+02
2.65189955e+02
2.65079218e+02
2.64983192e+02
2.64899932e+02
2.64827721e+02
2.64765060e+02
2.64710646e+02
2.64663348e+02
2.64622193e+02
2.64586338e+02
2.64555059e+02
2.64527731e+02
2.64503818e+02
2.64482857e+02
2.64464451e+02
2.64448258e+02
2.64433984e+02
2.64421616e+02
2.64410652e+02
2.64400939e+02
2.64392295e+02
2.64384577e+02
2.71188455e+02
2.70718024e+02
2.69021380e+02
2.66638609e+02
2.64022475e+02
2.61381785e+02
2.58818211e+02
2.56381240e+02
2.54092462e+02
2.51958884e+02
2.49979324e+02
2.48148003e+02
2.46456728e+02
2.44896195e+02
2.43456776e+02
2.42128978e+02
2.40903703e+02
2.39772397e+02
2.38727107e+02
2.37760506e+02
2.36865879e+02
2.36037094e+02
2.35268572e+02
2.34555238e+02
2.33892485e+02
2.33276131e+02
2.32702381e+02
2.32167788e+02
2.31669222e+02
2.31203837e+02
2.30769045e+02
2.30362489e+02
2.29995088e+02
2.29649887e+02
2.29325288e+02
2.29019994e+02
2.28732715e+02
2.71119444e+02
2.70689994e+02
2.69120597e+02
2.66924315e+02
2.64528153e+02
2.62121063e+02
2.59791114e+02
2.57580129e+02
2.55506042e+02
2.53574450e+02
2.51783901e+02
2.50128895e+02
2.48601770e+02
2.47193868e+02
2.45896247e+02
2.44700114e+02
2.43597064e+02
2.42579210e+02
2.41639244e+02
2.40770447e+02
2.39966675e+02
2.39222333e+02
2.38532335e+02
2.37892069e+02
2.37297351e+02
2.36744391e+02
2.36229751e+02
2.35750314e+02
2.35303253e+02
2.34885999e+02
2.34496218e+02
2.34131786e+02
2.33802963e+02
2.33493704e+02
2.33202803e+02
2.32929179e+02
2.32671704e+02
2.70752409e+02
2.70622826e+02
2.69713468e+02
2.68398711e+02
2.66977499e+02
2.65568031e+02
2.64219458e+02
2.62952915e+02
2.61776163e+02
2.60690376e+02
2.59692981e+02
2.58779273e+02
2.57943477e+02
2.57179417e+02
2.56480926e+02
2.55842087e+02
2.55257360e+02
2.54721637e+02
2.54230261e+02
2.53779012e+02
2.53364087e+02
2.52982065e+02
2.52629877e+02
2.52304771e+02
2.52004277e+02
2.51726183e+02
2.51468502e+02
2.51229451e+02
2.51007424e+02
2.50800978e+02
2.50608812e+02
2.50429750e+02
2.50268742e+02
2.50117746e+02
2.49976157e+02
2.49843341e+02
2.49718674e+02
2.70741451e+02
2.70634936e+02
2.69839578e+02
2.68743355e+02
2.67684007e+02
2.66739211e+02
2.65904347e+02
2.65162278e+02
2.64498156e+02
2.63901119e+02
2.63362899e+02
2.62876724e+02
2.62436793e+02
2.62038039e+02
2.61676001e+02
2.61346742e+02
2.61046783e+02
2.60773047e+02
2.60522817e+02
2.60293688e+02
2.60083535e+02
2.59890473e+02
2.59712835e+02
2.59549138e+02
2.59398066e+02
2.59258447e+02
2.59129234e+02
2.59009495e+02
2.58898395e+02
2.58795184e+02
2.58699191e+02
2.58609811e+02
2.58529896e+02
2.58454842e+02
2.58384305e+02
2.58318115e+02
2.58256008e+02
2.70849898e+02
2.70750130e+02
2.70513179e+02
2.70291668e+02
2.70106826e+02
2.69951437e+02
2.69818334e+02
2.69702472e+02
2.69600503e+02
2.69510155e+02
2.69429713e+02
2.69357813e+02
2.69293330e+02
2.69235324e+02
2.69182996e+02
2.69135668e+02
2.69092753e+02
2.69053749e+02
2.69018218e+02
2.68985782e+02
2.68956109e+02
2.68928911e+02
2.68903935e+02
2.68880958e+02
2.68859784e+02
2.68840241e+02
2.68822174e+02
2.68805448e+02
2.68789942e+02
2.68775547e+02
2.68762166e+02
2.68749714e+02
2.68738626e+02
2.68728144e+02
2.68718313e+02
2.68709098e+02
2.68700457e+02
