2.70000e+02 2.70000e+02 2.70000e+02 2.68690e+02 2.68319e+02 2.70913e+02 2.70945e+02 2.71140e+02 2.71104e+02 2.70904e+02
2.70000e+02 2.70000e+02 2.70000e+02 2.68690e+02 2.68319e+02 2.70913e+02 2.70945e+02 2.71140e+02 2.71104e+02 2.70904e+02
5.00000e+01 1.50000e+02 2.50000e+02 2.68610e+02 2.68300e+02 2.70582e+02 2.70541e+02 2.70847e+02 2.70854e+02 2.70797e+02
5.00000e+01 1.43866e+02 2.44427e+02 2.68379e+02 2.68211e+02 2.69164e+02 2.69029e+02 2.69827e+02 2.69926e+02 2.70585e+02
5.00000e+01 1.40056e+02 2.38849e+02 2.68022e+02 2.68039e+02 2.67042e+02 2.66926e+02 2.68480e+02 2.68757e+02 2.70398e+02
5.00000e+01 1.37111e+02 2.33234e+02 2.67568e+02 2.67796e+02 2.64640e+02 2.64631e+02 2.67093e+02 2.67676e+02 2.70248e+02
5.00000e+01 1.34596e+02 2.27930e+02 2.67061e+02 2.67503e+02 2.62184e+02 2.62325e+02 2.65766e+02 2.66749e+02 2.70128e+02
5.00000e+01 1.32476e+02 2.23246e+02 2.66541e+02 2.67188e+02 2.59785e+02 2.60093e+02 2.64530e+02 2.65960e+02 2.70028e+02
5.00000e+01 1.30664e+02 2.19217e+02 2.66041e+02 2.66873e+02 2.57497e+02 2.57974e+02 2.63395e+02 2.65282e+02 2.69944e+02
5.00000e+01 1.29162e+02 2.15783e+02 2.65578e+02 2.66574e+02 2.55342e+02 2.55982e+02 2.62358e+02 2.64693e+02 2.69872e+02
5.00000e+01 1.27914e+02 2.12866e+02 2.65160e+02 2.66300e+02 2.53326e+02 2.54123e+02 2.61416e+02 2.64177e+02 2.69810e+02
5.00000e+01 1.26871e+02 2.10391e+02 2.64790e+02 2.66055e+02 2.51447e+02 2.52393e+02 2.60560e+02 2.63722e+02 2.69756e+02
5.00000e+01 1.25994e+02 2.08290e+02 2.64464e+02 2.65837e+02 2.49699e+02 2.50787e+02 2.59784e+02 2.63320e+02 2.69709e+02
5.00000e+01 1.25252e+02 2.06504e+02 2.64180e+02 2.65647e+02 2.48074e+02 2.49296e+02 2.59079e+02 2.62961e+02 2.69667e+02
5.00000e+01 1.24623e+02 2.04984e+02 2.63933e+02 2.65480e+02 2.46564e+02 2.47912e+02 2.58438e+02 2.62642e+02 2.69630e+02
5.00000e+01 1.24086e+02 2.03688e+02 2.63719e+02 2.65336e+02 2.45160e+02 2.46628e+02 2.57855e+02 2.62355e+02 2.69598e+02
5.00000e+01 1.23626e+02 2.02581e+02 2.63534e+02 2.65211e+02 2.43854e+02 2.45434e+02 2.57324e+02 2.62097e+02 2.69569e+02
5.00000e+01 1.23230e+02 2.01633e+02 2.63374e+02 2.65103e+02 2.42639e+02 2.44325e+02 2.56838e+02 2.61865e+02 2.69543e+02
5.00000e+01 1.22889e+02 2.00821e+02 2.63236e+02 2.65009e+02 2.41506e+02 2.43292e+02 2.56393e+02 2.61654e+02 2.69520e+02
5.00000e+01 1.22594e+02 2.00124e+02 2.63116e+02 2.64928e+02 2.40449e+02 2.42330e+02 2.55985e+02 2.61463e+02 2.69499e+02
5.00000e+01 1.22338e+02 1.99524e+02 2.63013e+02 2.64858e+02 2.39462e+02 2.41432e+02 2.55609e+02 2.61289e+02 2.69480e+02
5.00000e+01 1.22114e+02 1.99007e+02 2.62923e+02 2.64797e+02 2.38540e+02 2.40594e+02 2.55263e+02 2.61130e+02 2.69462e+02
5.00000e+01 1.21920e+02 1.98560e+02 2.62845e+02 2.64745e+02 2.37678e+02 2.39811e+02 2.54943e+02 2.60984e+02 2.69447e+02
5.00000e+01 1.21749e+02 1.98173e+02 2.62778e+02 2.64699e+02 2.36870e+02 2.39078e+02 2.54647e+02 2.60850e+02 2.69433e+02
5.00000e+01 1.21598e+02 1.97838e+02 2.62719e+02 2.64659e+02 2.36114e+02 2.38391e+02 2.54372e+02 2.60726e+02 2.69419e+02
5.00000e+01 1.21466e+02 1.97546e+02 2.62668e+02 2.64625e+02 2.35404e+02 2.37748e+02 2.54117e+02 2.60612e+02 2.69407e+02
5.00000e+01 1.21349e+02 1.97293e+02 2.62624e+02 2.64595e+02 2.34739e+02 2.37145e+02 2.53880e+02 2.60507e+02 2.69396e+02
5.00000e+01 1.21245e+02 1.97071e+02 2.62585e+02 2.64569e+02 2.34113e+02 2.36579e+02 2.53659e+02 2.60409e+02 2.69386e+02
5.00000e+01 1.21153e+02 1.96878e+02 2.62551e+02 2.64546e+02 2.33526e+02 2.36047e+02 2.53453e+02 2.60318e+02 2.69377e+02
5.00000e+01 1.21070e+02 1.96708e+02 2.62521e+02 2.64526e+02 2.32973e+02 2.35547e+02 2.53260e+02 2.60234e+02 2.69368e+02
5.00000e+01 1.20996e+02 1.96558e+02 2.62495e+02 2.64508e+02 2.32454e+02 2.35077e+02 2.53080e+02 2.60155e+02 2.69360e+02
5.00000e+01 1.20930e+02 1.96427e+02 2.62472e+02 2.64493e+02 2.31965e+02 2.34634e+02 2.52912e+02 2.60082e+02 2.69352e+02
5.00000e+01 1.20871e+02 1.96311e+02 2.62452e+02 2.64479e+02 2.31504e+02 2.34218e+02 2.52754e+02 2.60013e+02 2.69345e+02
5.00000e+01 1.20817e+02 1.96208e+02 2.62434e+02 2.64467e+02 2.31070e+02 2.33825e+02 2.52605e+02 2.59949e+02 2.69339e+02
5.00000e+01 1.20768e+02 1.96116e+02 2.62418e+02 2.64456e+02 2.30661e+02 2.33456e+02 2.52466e+02 2.59889e+02 2.69333e+02
5.00000e+01 1.20724e+02 1.96035e+02 2.62404e+02 2.64447e+02 2.30275e+02 2.33107e+02 2.52336e+02 2.59833e+02 2.69327e+02
5.00000e+01 1.20683e+02 1.95962e+02 2.62391e+02 2.64438e+02 2.29912e+02 2.32778e+02 2.52213e+02 2.59780e+02 2.69322e+02
5.00000e+01 1.20647e+02 1.95898e+02 2.62380e+02 2.64431e+02 2.29575e+02 2.32475e+02 2.52099e+02 2.59731e+02 2.69317e+02
