2.70000000e+02
5.00000000e+01
5.00000000e+01
5.00000000e+01
5.00000000e+01
5.00000000e+01
5.00000000e+01
5.00000000e+01
5.00000000e+01
5.00000000e+01
5.00000000e+01
5.00000000e+01
5.00000000e+01
5.00000000e+01
5.00000000e+01
5.00000000e+01
5.00000000e+01
5.00000000e+01
5.00000000e+01
5.00000000e+01
5.00000000e+01
5.00000000e+01
5.00000000e+01
5.00000000e+01
5.00000000e+01
5.00000000e+01
5.00000000e+01
5.00000000e+01
5.00000000e+01
5.00000000e+01
5.00000000e+01
5.00000000e+01
5.00000000e+01
5.00000000e+01
5.00000000e+01
5.00000000e+01
5.00000000e+01
2.70000000e+02
1.50000000e+02
1.43843759e+02
1.40023670e+02
1.37066631e+02
1.34540681e+02
1.32398383e+02
1.30573285e+02
1.29060188e+02
1.27802281e+02
1.26750241e+02
1.25865119e+02
1.25116424e+02
1.24480121e+02
1.23937063e+02
1.23471843e+02
1.23071942e+02
1.22727109e+02
1.22428884e+02
1.22170251e+02
1.21945355e+02
1.21749288e+02
1.21577922e+02
1.21427773e+02
1.21295888e+02
1.21179761e+02
1.21077257e+02
1.20986554e+02
1.20906096e+02
1.20834547e+02
1.20772393e+02
1.20717046e+02
1.20667229e+02
1.20622325e+02
1.20581761e+02
1.20545035e+02
1.20511707e+02
2.70000000e+02
2.50000000e+02
2.44405303e+02
2.38817872e+02
2.33193211e+02
2.27881050e+02
2.23189536e+02
2.19152092e+02
2.15708708e+02
2.12781875e+02
2.10296216e+02
2.08184179e+02
2.06387436e+02
2.04856526e+02
2.03549863e+02
2.02432604e+02
2.01475577e+02
2.00654345e+02
1.99948402e+02
1.99340516e+02
1.98816169e+02
1.98363111e+02
1.97970983e+02
1.97631008e+02
1.97335738e+02
1.97078841e+02
1.96854926e+02
1.96659399e+02
1.96488335e+02
1.96338381e+02
1.96209635e+02
1.96096855e+02
1.95996995e+02
1.95908391e+02
1.95829606e+02
1.95759402e+02
1.95696706e+02
2.68661654e+02
2.68579870e+02
2.68344689e+02
2.67981445e+02
2.67522131e+02
2.67010510e+02
2.66487902e+02
2.65984860e+02
2.65519319e+02
2.65099216e+02
2.64726144e+02
2.64398188e+02
2.64111748e+02
2.63862580e+02
2.63646374e+02
2.63459039e+02
2.63296840e+02
2.63156438e+02
2.63034890e+02
2.62929622e+02
2.62838401e+02
2.62759292e+02
2.62690623e+02
2.62630956e+02
2.62579050e+02
2.62533838e+02
2.62494404e+02
2.62459957e+02
2.62429821e+02
2.62403411e+02
2.62380534e+02
2.62360611e+02
2.62343055e+02
2.62327516e+02
2.62313725e+02
2.62301457e+02
2.62290517e+02
2.68286374e+02
2.68267331e+02
2.68178191e+02
2.68007727e+02
2.67766641e+02
2.67477515e+02
2.67166552e+02
2.66856135e+02
2.66561548e+02
2.66291176e+02
2.66048347e+02
2.65833274e+02
2.65644476e+02
2.65479686e+02
2.65336365e+02
2.65211991e+02
2.65104194e+02
2.65010823e+02
2.64929959e+02
2.64859916e+02
2.64799219e+02
2.64746588e+02
2.64700915e+02
2.64661242e+02
2.64626745e+02
2.64596713e+02
2.64570533e+02
2.64547680e+02
2.64527700e+02
2.64510204e+02
2.64495124e+02
2.64481914e+02
2.64470290e+02
2.64460023e+02
2.64450924e+02
2.64442839e+02
2.64435640e+02
2.69739728e+02
2.69389243e+02
2.67774214e+02
2.65455832e+02
2.62903521e+02
2.60331232e+02
2.57840415e+02
2.55478759e+02
2.53266372e+02
2.51209400e+02
2.49306239e+02
2.47550942e+02
2.45935238e+02
2.44449764e+02
2.43084797e+02
2.41830718e+02
2.40678274e+02
2.39618733e+02
2.38643958e+02
2.37746439e+02
2.36919291e+02
2.36156226e+02
2.35451526e+02
2.34800005e+02
2.34196963e+02
2.33638148e+02
2.33119714e+02
2.32638187e+02
2.32190423e+02
2.31773582e+02
2.31394752e+02
2.31043577e+02
2.30714530e+02
2.30406068e+02
2.30116690e+02
2.29844993e+02
2.29589687e+02
2.69901851e+02
2.69606977e+02
2.68207343e+02
2.66158986e+02
2.63885069e+02
2.61581740e+02
2.59343009e+02
2.57214686e+02
2.55217498e+02
2.53358951e+02
2.51638882e+02
2.50052636e+02
2.48593059e+02
2.47251762e+02
2.46019904e+02
2.44888675e+02
2.43849585e+02
2.42894621e+02
2.42016330e+02
2.41207845e+02
2.40462883e+02
2.39775720e+02
2.39141163e+02
2.38554508e+02
2.38011501e+02
2.37508300e+02
2.37041433e+02
2.36607767e+02
2.36204471e+02
2.35828987e+02
2.35488067e+02
2.35171776e+02
2.34875271e+02
2.34597260e+02
2.34336424e+02
2.34091506e+02
2.33861343e+02
2.70534101e+02
2.70322366e+02
2.69386129e+02
2.68108032e+02
2.66755620e+02
2.65425468e+02
2.64156650e+02
2.62966300e+02
2.61860927e+02
2.60841481e+02
2.59905515e+02
2.59048576e+02
2.58265188e+02
2.57549485e+02
2.56895609e+02
2.56297938e+02
2.55751210e+02
2.55250576e+02
2.54791619e+02
2.54370338e+02
2.53983129e+02
2.53626753e+02
2.53298306e+02
2.52995184e+02
2.52715054e+02
2.52455824e+02
2.52215619e+02
2.51992756e+02
2.51785723e+02
2.51593160e+02
2.51418083e+02
2.51256022e+02
2.51104497e+02
2.50962619e+02
2.50829614e+02
2.50704799e+02
2.50587564e+02
2.70724448e+02
2.70565816e+02
2.69797310e+02
2.68759801e+02
2.67753452e+02
2.66853110e+02
2.66057444e+02
2.65351366e+02
2.64720849e+02
2.64155220e+02
2.63646190e+02
2.63186955e+02
2.62771729e+02
2.62395509e+02
2.62053934e+02
2.61743192e+02
2.61459939e+02
2.61201243e+02
2.60964528e+02
2.60747528e+02
2.60548244e+02
2.60364915e+02
2.60195983e+02
2.60040067e+02
2.59895942e+02
2.59762519e+02
2.59638827e+02
2.59523999e+02
2.59417259e+02
2.59317912e+02
2.59227540e+02
2.59143828e+02
2.59065498e+02
2.58992116e+02
2.58923286e+02
2.58858656e+02
2.58797911e+02
2.70869669e+02
2.70785525e+02
2.70615443e+02
2.70466498e+02
2.70347306e+02
2.70249967e+02
2.70168405e+02
2.70098680e+02
2.70038309e+02
2.69985635e+02
2.69939421e+02
2.69898692e+02
2.69862655e+02
2.69830657e+02
2.69802149e+02
2.69776672e+02
2.69753835e+02
2.69733306e+02
2.69714802e+02
2.69698079e+02
2.69682927e+02
2.69669166e+02
2.69656638e+02
2.69645208e+02
2.69634756e+02
2.69625180e+02
2.69616388e+02
2.69608300e+02
2.69600848e+02
2.69593968e+02
2.69587755e+02
2.69582035e+02
2.69576719e+02
2.69571771e+02
2.69567157e+02
2.69562850e+02
2.69558823e+02
