2.70000000e+02
5.00000000e+01
5.00000000e+01
5.00000000e+01
5.00000000e+01
5.00000000e+01
5.00000000e+01
5.00000000e+01
5.00000000e+01
5.00000000e+01
5.00000000e+01
5.00000000e+01
5.00000000e+01
5.00000000e+01
5.00000000e+01
5.00000000e+01
5.00000000e+01
5.00000000e+01
5.00000000e+01
5.00000000e+01
5.00000000e+01
5.00000000e+01
5.00000000e+01
5.00000000e+01
5.00000000e+01
5.00000000e+01
5.00000000e+01
5.00000000e+01
5.00000000e+01
5.00000000e+01
5.00000000e+01
5.00000000e+01
5.00000000e+01
5.00000000e+01
5.00000000e+01
5.00000000e+01
5.00000000e+01
2.70000000e+02
1.50000000e+02
1.43489194e+02
1.39610935e+02
1.36645989e+02
1.34080827e+02
1.31867911e+02
1.30046477e+02
1.28548739e+02
1.27308900e+02
1.26274952e+02
1.25406850e+02
1.24673649e+02
1.24051169e+02
1.23520285e+02
1.23065694e+02
1.22675025e+02
1.22338189e+02
1.22046888e+02
1.21794255e+02
1.21574572e+02
1.21383056e+02
1.21215684e+02
1.21069061e+02
1.20940315e+02
1.20827790e+02
1.20730537e+02
1.20644113e+02
1.20567230e+02
1.20498715e+02
1.20437534e+02
1.20382787e+02
1.20333693e+02
1.20289575e+02
1.20249842e+02
1.20213981e+02
1.20181546e+02
2.70000000e+02
2.50000000e+02
2.44465141e+02
2.38968024e+02
2.33442705e+02
2.28230362e+02
2.23629431e+02
2.19668148e+02
2.16290790e+02
2.13422055e+02
2.10987345e+02
2.08919620e+02
2.07161076e+02
2.05662819e+02
2.04383852e+02
2.03289915e+02
2.02352396e+02
2.01547380e+02
2.00854844e+02
2.00257984e+02
1.99742668e+02
1.99296981e+02
1.98910856e+02
1.98575766e+02
1.98284477e+02
1.98032408e+02
1.97816425e+02
1.97627039e+02
1.97460716e+02
1.97314403e+02
1.97185470e+02
1.97071652e+02
1.96970998e+02
1.96881821e+02
1.96802667e+02
1.96732274e+02
1.96669551e+02
2.68738985e+02
2.68639043e+02
2.68378337e+02
2.67990587e+02
2.67506567e+02
2.66967597e+02
2.66414466e+02
2.65878767e+02
2.65379899e+02
2.64927160e+02
2.64523131e+02
2.64166480e+02
2.63853857e+02
2.63581053e+02
2.63343657e+02
2.63137414e+02
2.62958392e+02
2.62803050e+02
2.62668251e+02
2.62551241e+02
2.62449619e+02
2.62361302e+02
2.62284484e+02
2.62217608e+02
2.62159326e+02
2.62108610e+02
2.62064850e+02
2.62026715e+02
2.61993286e+02
2.61963900e+02
2.61938018e+02
2.61915182e+02
2.61894999e+02
2.61877131e+02
2.61861286e+02
2.61847209e+02
2.61834680e+02
2.68383296e+02
2.68353644e+02
2.68236716e+02
2.68030992e+02
2.67750985e+02
2.67420930e+02
2.67068253e+02
2.66716643e+02
2.66382484e+02
2.66074957e+02
2.65797885e+02
2.65551702e+02
2.65334941e+02
2.65145202e+02
2.64979735e+02
2.64835768e+02
2.64710674e+02
2.64602052e+02
2.64507752e+02
2.64425875e+02
2.64354756e+02
2.64292948e+02
2.64239193e+02
2.64192401e+02
2.64151632e+02
2.64116243e+02
2.64085656e+02
2.64058949e+02
2.64035572e+02
2.64015045e+02
2.63996980e+02
2.63981051e+02
2.63966983e+02
2.63954535e+02
2.63943504e+02
2.63933711e+02
2.63925000e+02
2.70660115e+02
2.70246700e+02
2.68591874e+02
2.66244849e+02
2.63674671e+02
2.61096820e+02
2.58611105e+02
2.56262969e+02
2.54071395e+02
2.52041309e+02
2.50169827e+02
2.48449810e+02
2.46871928e+02
2.45425899e+02
2.44101229e+02
2.42887662e+02
2.41775434e+02
2.40755413e+02
2.39819163e+02
2.38958956e+02
2.38167758e+02
2.37439193e+02
2.36767501e+02
2.36147486e+02
2.35574470e+02
2.35047783e+02
2.34569639e+02
2.34125024e+02
2.33711281e+02
2.33325866e+02
2.32966465e+02
2.32630985e+02
2.32317531e+02
2.32024385e+02
2.31749987e+02
2.31492920e+02
2.31251890e+02
2.70794760e+02
2.70443867e+02
2.68996237e+02
2.66908323e+02
2.64608045e+02
2.62293425e+02
2.60055882e+02
2.57938069e+02
2.55958923e+02
2.54124388e+02
2.52432854e+02
2.50878399e+02
2.49452805e+02
2.48146801e+02
2.46950836e+02
2.45855536e+02
2.44851975e+02
2.43931811e+02
2.43087350e+02
2.42311560e+02
2.41598049e+02
2.40941035e+02
2.40335301e+02
2.39776148e+02
2.39259352e+02
2.38784447e+02
2.38353360e+02
2.37952313e+02
2.37579028e+02
2.37231248e+02
2.36906902e+02
2.36604109e+02
2.36321168e+02
2.36056533e+02
2.35808800e+02
2.35576693e+02
2.35359049e+02
2.71356275e+02
2.71027152e+02
2.70029775e+02
2.68722435e+02
2.67358456e+02
2.66029314e+02
2.64769999e+02
2.63594494e+02
2.62507525e+02
2.61508657e+02
2.60594392e+02
2.59759546e+02
2.58998155e+02
2.58304042e+02
2.57671156e+02
2.57093759e+02
2.56566528e+02
2.56084586e+02
2.55643508e+02
2.55239304e+02
2.54868387e+02
2.54527545e+02
2.54213900e+02
2.53924881e+02
2.53658187e+02
2.53413353e+02
2.53191280e+02
2.52985133e+02
2.52793516e+02
2.52615198e+02
2.52449074e+02
2.52294149e+02
2.52149522e+02
2.52014375e+02
2.51887968e+02
2.51769631e+02
2.51658751e+02
2.71295605e+02
2.71035156e+02
2.70166045e+02
2.69065547e+02
2.68025975e+02
2.67111199e+02
2.66311695e+02
2.65607283e+02
2.64981547e+02
2.64422413e+02
2.63920661e+02
2.63468912e+02
2.63061052e+02
2.62691910e+02
2.62357051e+02
2.62052640e+02
2.61775343e+02
2.61522251e+02
2.61290817e+02
2.61078804e+02
2.60884244e+02
2.60705400e+02
2.60540737e+02
2.60388897e+02
2.60248670e+02
2.60119849e+02
2.60002977e+02
2.59894326e+02
2.59793196e+02
2.59698979e+02
2.59611115e+02
2.59529095e+02
2.59452456e+02
2.59380777e+02
2.59313675e+02
2.59250803e+02
2.59191845e+02
2.70902355e+02
2.70814257e+02
2.70643885e+02
2.70495151e+02
2.70376552e+02
2.70280082e+02
2.70199388e+02
2.70130487e+02
2.70070921e+02
2.70019002e+02
2.69973474e+02
2.69933356e+02
2.69897861e+02
2.69866341e+02
2.69838260e+02
2.69813165e+02
2.69790675e+02
2.69770463e+02
2.69752252e+02
2.69735802e+02
2.69720908e+02
2.69707391e+02
2.69695096e+02
2.69683890e+02
2.69673655e+02
2.69664348e+02
2.69655986e+02
2.69648283e+02
2.69641178e+02
2.69634614e+02
2.69628540e+02
2.69622913e+02
2.69617692e+02
2.69612840e+02
2.69608327e+02
2.69604122e+02
2.69600202e+02
