2.70000e+02 2.70000e+02 2.70000e+02 2.68661e+02 2.68286e+02 2.70379e+02 2.70536e+02 2.70989e+02 2.71008e+02 2.70886e+02
2.70000e+02 2.70000e+02 2.70000e+02 2.68661e+02 2.68286e+02 2.70379e+02 2.70536e+02 2.70989e+02 2.71008e+02 2.70886e+02
5.00000e+01 1.50000e+02 2.50000e+02 2.68580e+02 2.68267e+02 2.69992e+02 2.70284e+02 2.70742e+02 2.70826e+02 2.70802e+02
5.00000e+01 1.43543e+02 2.44414e+02 2.68350e+02 2.68180e+02 2.68305e+02 2.69031e+02 2.69806e+02 2.70055e+02 2.70634e+02
5.00000e+01 1.39688e+02 2.38844e+02 2.67999e+02 2.68015e+02 2.65877e+02 2.67065e+02 2.68545e+02 2.69028e+02 2.70488e+02
5.00000e+01 1.36729e+02 2.33229e+02 2.67559e+02 2.67785e+02 2.63195e+02 2.64799e+02 2.67212e+02 2.68036e+02 2.70371e+02
5.00000e+01 1.34184e+02 2.27926e+02 2.67072e+02 2.67510e+02 2.60486e+02 2.62456e+02 2.65896e+02 2.67150e+02 2.70275e+02
5.00000e+01 1.31978e+02 2.23241e+02 2.66576e+02 2.67215e+02 2.57859e+02 2.60151e+02 2.64636e+02 2.66366e+02 2.70194e+02
5.00000e+01 1.30151e+02 2.19206e+02 2.66099e+02 2.66922e+02 2.55369e+02 2.57945e+02 2.63449e+02 2.65671e+02 2.70125e+02
5.00000e+01 1.28644e+02 2.15765e+02 2.65660e+02 2.66645e+02 2.53039e+02 2.55867e+02 2.62343e+02 2.65049e+02 2.70065e+02
5.00000e+01 1.27394e+02 2.12843e+02 2.65263e+02 2.66391e+02 2.50877e+02 2.53931e+02 2.61322e+02 2.64491e+02 2.70012e+02
5.00000e+01 1.26349e+02 2.10363e+02 2.64912e+02 2.66163e+02 2.48881e+02 2.52138e+02 2.60383e+02 2.63989e+02 2.69966e+02
5.00000e+01 1.25470e+02 2.08259e+02 2.64603e+02 2.65961e+02 2.47045e+02 2.50487e+02 2.59523e+02 2.63536e+02 2.69925e+02
5.00000e+01 1.24727e+02 2.06470e+02 2.64334e+02 2.65784e+02 2.45360e+02 2.48970e+02 2.58738e+02 2.63128e+02 2.69889e+02
5.00000e+01 1.24096e+02 2.04947e+02 2.64099e+02 2.65629e+02 2.43815e+02 2.47578e+02 2.58021e+02 2.62758e+02 2.69856e+02
5.00000e+01 1.23557e+02 2.03647e+02 2.63896e+02 2.65495e+02 2.42400e+02 2.46304e+02 2.57367e+02 2.62423e+02 2.69828e+02
5.00000e+01 1.23095e+02 2.02537e+02 2.63720e+02 2.65378e+02 2.41104e+02 2.45137e+02 2.56771e+02 2.62120e+02 2.69802e+02
5.00000e+01 1.22698e+02 2.01586e+02 2.63567e+02 2.65277e+02 2.39916e+02 2.44069e+02 2.56228e+02 2.61844e+02 2.69779e+02
5.00000e+01 1.22356e+02 2.00770e+02 2.63435e+02 2.65190e+02 2.38828e+02 2.43090e+02 2.55732e+02 2.61593e+02 2.69758e+02
5.00000e+01 1.22060e+02 2.00068e+02 2.63320e+02 2.65114e+02 2.37829e+02 2.42193e+02 2.55280e+02 2.61365e+02 2.69740e+02
5.00000e+01 1.21803e+02 1.99464e+02 2.63221e+02 2.65048e+02 2.36913e+02 2.41371e+02 2.54866e+02 2.61157e+02 2.69723e+02
5.00000e+01 1.21579e+02 1.98943e+02 2.63135e+02 2.64991e+02 2.36071e+02 2.40616e+02 2.54487e+02 2.60967e+02 2.69708e+02
5.00000e+01 1.21384e+02 1.98492e+02 2.63060e+02 2.64941e+02 2.35297e+02 2.39923e+02 2.54141e+02 2.60794e+02 2.69694e+02
5.00000e+01 1.21214e+02 1.98101e+02 2.62995e+02 2.64898e+02 2.34585e+02 2.39285e+02 2.53823e+02 2.60635e+02 2.69682e+02
5.00000e+01 1.21064e+02 1.97763e+02 2.62938e+02 2.64861e+02 2.33929e+02 2.38699e+02 2.53532e+02 2.60489e+02 2.69671e+02
5.00000e+01 1.20933e+02 1.97468e+02 2.62889e+02 2.64828e+02 2.33324e+02 2.38158e+02 2.53264e+02 2.60355e+02 2.69660e+02
5.00000e+01 1.20817e+02 1.97212e+02 2.62846e+02 2.64800e+02 2.32766e+02 2.37660e+02 2.53018e+02 2.60233e+02 2.69651e+02
5.00000e+01 1.20716e+02 1.96989e+02 2.62809e+02 2.64775e+02 2.32250e+02 2.37200e+02 2.52792e+02 2.60120e+02 2.69643e+02
5.00000e+01 1.20625e+02 1.96793e+02 2.62776e+02 2.64753e+02 2.31773e+02 2.36774e+02 2.52583e+02 2.60016e+02 2.69635e+02
5.00000e+01 1.20548e+02 1.96626e+02 2.62747e+02 2.64735e+02 2.31343e+02 2.36391e+02 2.52394e+02 2.59922e+02 2.69628e+02
5.00000e+01 1.20479e+02 1.96480e+02 2.62723e+02 2.64718e+02 2.30947e+02 2.36039e+02 2.52222e+02 2.59836e+02 2.69621e+02
5.00000e+01 1.20417e+02 1.96352e+02 2.62701e+02 2.64704e+02 2.30579e+02 2.35712e+02 2.52062e+02 2.59756e+02 2.69615e+02
5.00000e+01 1.20362e+02 1.96238e+02 2.62682e+02 2.64691e+02 2.30236e+02 2.35407e+02 2.51913e+02 2.59682e+02 2.69610e+02
5.00000e+01 1.20312e+02 1.96137e+02 2.62665e+02 2.64680e+02 2.29917e+02 2.35123e+02 2.51775e+02 2.59614e+02 2.69605e+02
5.00000e+01 1.20268e+02 1.96048e+02 2.62650e+02 2.64670e+02 2.29618e+02 2.34859e+02 2.51647e+02 2.59550e+02 2.69600e+02
5.00000e+01 1.20228e+02 1.95969e+02 2.62637e+02 2.64662e+02 2.29340e+02 2.34612e+02 2.51528e+02 2.59491e+02 2.69596e+02
5.00000e+01 1.20192e+02 1.95898e+02 2.62625e+02 2.64654e+02 2.29080e+02 2.34382e+02 2.51417e+02 2.59436e+02 2.69592e+02
5.00000e+01 1.20159e+02 1.95835e+02 2.62615e+02 2.64647e+02 2.28837e+02 2.34166e+02 2.51313e+02 2.59384e+02 2.69588e+02
