2.70000e+02 2.70000e+02 2.70000e+02 2.68666e+02 2.68289e+02 2.72798e+02 2.72602e+02 2.71815e+02 2.71411e+02 2.70922e+02
2.70000e+02 2.70000e+02 2.70000e+02 2.68666e+02 2.68289e+02 2.72798e+02 2.72602e+02 2.71815e+02 2.71411e+02 2.70922e+02
5.00000e+01 1.50000e+02 2.50000e+02 2.68585e+02 2.68270e+02 2.72286e+02 2.72249e+02 2.71539e+02 2.71206e+02 2.70822e+02
5.00000e+01 1.43908e+02 2.44443e+02 2.68354e+02 2.68183e+02 2.70505e+02 2.70853e+02 2.70525e+02 2.70364e+02 2.70621e+02
5.00000e+01 1.40108e+02 2.38874e+02 2.68000e+02 2.68017e+02 2.68013e+02 2.68758e+02 2.69151e+02 2.69237e+02 2.70442e+02
5.00000e+01 1.37168e+02 2.33271e+02 2.67555e+02 2.67784e+02 2.65279e+02 2.66380e+02 2.67690e+02 2.68139e+02 2.70299e+02
5.00000e+01 1.34651e+02 2.27978e+02 2.67062e+02 2.67505e+02 2.62520e+02 2.63936e+02 2.66247e+02 2.67150e+02 2.70181e+02
5.00000e+01 1.32534e+02 2.23302e+02 2.66561e+02 2.67208e+02 2.59845e+02 2.61539e+02 2.64866e+02 2.66272e+02 2.70081e+02
5.00000e+01 1.30717e+02 2.19281e+02 2.66080e+02 2.66911e+02 2.57307e+02 2.59248e+02 2.63566e+02 2.65488e+02 2.69996e+02
5.00000e+01 1.29206e+02 2.15852e+02 2.65637e+02 2.66631e+02 2.54927e+02 2.57091e+02 2.62355e+02 2.64785e+02 2.69922e+02
5.00000e+01 1.27948e+02 2.12940e+02 2.65238e+02 2.66375e+02 2.52712e+02 2.55080e+02 2.61235e+02 2.64152e+02 2.69857e+02
5.00000e+01 1.26894e+02 2.10467e+02 2.64884e+02 2.66145e+02 2.50663e+02 2.53215e+02 2.60204e+02 2.63578e+02 2.69800e+02
5.00000e+01 1.26007e+02 2.08367e+02 2.64574e+02 2.65942e+02 2.48771e+02 2.51493e+02 2.59256e+02 2.63058e+02 2.69749e+02
5.00000e+01 1.25255e+02 2.06580e+02 2.64303e+02 2.65764e+02 2.47028e+02 2.49906e+02 2.58386e+02 2.62586e+02 2.69704e+02
5.00000e+01 1.24616e+02 2.05059e+02 2.64067e+02 2.65609e+02 2.45424e+02 2.48445e+02 2.57589e+02 2.62155e+02 2.69664e+02
5.00000e+01 1.24069e+02 2.03760e+02 2.63863e+02 2.65474e+02 2.43947e+02 2.47101e+02 2.56857e+02 2.61761e+02 2.69627e+02
5.00000e+01 1.23599e+02 2.02649e+02 2.63686e+02 2.65357e+02 2.42588e+02 2.45864e+02 2.56186e+02 2.61402e+02 2.69595e+02
5.00000e+01 1.23195e+02 2.01697e+02 2.63533e+02 2.65256e+02 2.41337e+02 2.44726e+02 2.55570e+02 2.61072e+02 2.69566e+02
5.00000e+01 1.22846e+02 2.00879e+02 2.63400e+02 2.65168e+02 2.40184e+02 2.43678e+02 2.55003e+02 2.60769e+02 2.69539e+02
5.00000e+01 1.22543e+02 2.00176e+02 2.63285e+02 2.65092e+02 2.39120e+02 2.42711e+02 2.54481e+02 2.60491e+02 2.69515e+02
5.00000e+01 1.22280e+02 1.99570e+02 2.63186e+02 2.65025e+02 2.38138e+02 2.41819e+02 2.54000e+02 2.60234e+02 2.69494e+02
5.00000e+01 1.22050e+02 1.99046e+02 2.63099e+02 2.64968e+02 2.37230e+02 2.40995e+02 2.53556e+02 2.59997e+02 2.69474e+02
5.00000e+01 1.21850e+02 1.98593e+02 2.63024e+02 2.64918e+02 2.36390e+02 2.40233e+02 2.53146e+02 2.59779e+02 2.69456e+02
5.00000e+01 1.21673e+02 1.98201e+02 2.62959e+02 2.64875e+02 2.35612e+02 2.39526e+02 2.52767e+02 2.59576e+02 2.69439e+02
5.00000e+01 1.21519e+02 1.97860e+02 2.62902e+02 2.64837e+02 2.34890e+02 2.38872e+02 2.52415e+02 2.59389e+02 2.69424e+02
5.00000e+01 1.21382e+02 1.97563e+02 2.62852e+02 2.64805e+02 2.34219e+02 2.38263e+02 2.52089e+02 2.59214e+02 2.69410e+02
5.00000e+01 1.21261e+02 1.97304e+02 2.62809e+02 2.64776e+02 2.33595e+02 2.37698e+02 2.51786e+02 2.59053e+02 2.69397e+02
5.00000e+01 1.21154e+02 1.97077e+02 2.62771e+02 2.64751e+02 2.33014e+02 2.37172e+02 2.51504e+02 2.58902e+02 2.69385e+02
5.00000e+01 1.21059e+02 1.96879e+02 2.62738e+02 2.64729e+02 2.32473e+02 2.36681e+02 2.51242e+02 2.58762e+02 2.69374e+02
5.00000e+01 1.20974e+02 1.96705e+02 2.62709e+02 2.64710e+02 2.31967e+02 2.36223e+02 2.50998e+02 2.58631e+02 2.69364e+02
5.00000e+01 1.20898e+02 1.96552e+02 2.62683e+02 2.64693e+02 2.31494e+02 2.35795e+02 2.50770e+02 2.58509e+02 2.69355e+02
5.00000e+01 1.20830e+02 1.96417e+02 2.62661e+02 2.64678e+02 2.31052e+02 2.35395e+02 2.50556e+02 2.58395e+02 2.69346e+02
5.00000e+01 1.20769e+02 1.96297e+02 2.62641e+02 2.64665e+02 2.30638e+02 2.35020e+02 2.50357e+02 2.58288e+02 2.69338e+02
5.00000e+01 1.20714e+02 1.96192e+02 2.62623e+02 2.64653e+02 2.30249e+02 2.34668e+02 2.50170e+02 2.58188e+02 2.69331e+02
5.00000e+01 1.20665e+02 1.96098e+02 2.62608e+02 2.64643e+02 2.29884e+02 2.34339e+02 2.49995e+02 2.58095e+02 2.69323e+02
5.00000e+01 1.20619e+02 1.96014e+02 2.62594e+02 2.64634e+02 2.29541e+02 2.34029e+02 2.49831e+02 2.58007e+02 2.69317e+02
5.00000e+01 1.20579e+02 1.95940e+02 2.62581e+02 2.64626e+02 2.29218e+02 2.33737e+02 2.49677e+02 2.57924e+02 2.69311e+02
5.00000e+01 1.20543e+02 1.95875e+02 2.62570e+02 2.64619e+02 2.28927e+02 2.33474e+02 2.49537e+02 2.57849e+02 2.69305e+02
