2.70000e+02 2.70000e+02 2.70000e+02 2.68636e+02 2.68270e+02 2.66168e+02 2.66784e+02 2.69563e+02 2.70353e+02 2.70840e+02
2.70000e+02 2.70000e+02 2.70000e+02 2.68636e+02 2.68270e+02 2.66168e+02 2.66784e+02 2.69563e+02 2.70353e+02 2.70840e+02
5.00000e+01 1.50000e+02 2.50000e+02 2.68553e+02 2.68250e+02 2.65963e+02 2.66603e+02 2.69334e+02 2.70181e+02 2.70753e+02
5.00000e+01 1.43786e+02 2.44359e+02 2.68322e+02 2.68162e+02 2.64478e+02 2.65275e+02 2.68402e+02 2.69406e+02 2.70582e+02
5.00000e+01 1.39967e+02 2.38771e+02 2.67971e+02 2.67998e+02 2.62272e+02 2.63277e+02 2.67136e+02 2.68374e+02 2.70433e+02
5.00000e+01 1.37014e+02 2.33153e+02 2.67530e+02 2.67767e+02 2.59820e+02 2.61054e+02 2.65795e+02 2.67378e+02 2.70315e+02
5.00000e+01 1.34496e+02 2.27852e+02 2.67042e+02 2.67491e+02 2.57344e+02 2.58812e+02 2.64478e+02 2.66490e+02 2.70219e+02
5.00000e+01 1.32351e+02 2.23173e+02 2.66546e+02 2.67197e+02 2.54948e+02 2.56645e+02 2.63227e+02 2.65709e+02 2.70140e+02
5.00000e+01 1.30534e+02 2.19149e+02 2.66072e+02 2.66905e+02 2.52684e+02 2.54601e+02 2.62059e+02 2.65019e+02 2.70071e+02
5.00000e+01 1.29032e+02 2.15720e+02 2.65634e+02 2.66629e+02 2.50575e+02 2.52697e+02 2.60983e+02 2.64407e+02 2.70013e+02
5.00000e+01 1.27784e+02 2.12809e+02 2.65241e+02 2.66376e+02 2.48626e+02 2.50940e+02 2.59998e+02 2.63862e+02 2.69962e+02
5.00000e+01 1.26743e+02 2.10340e+02 2.64893e+02 2.66150e+02 2.46836e+02 2.49327e+02 2.59102e+02 2.63375e+02 2.69918e+02
5.00000e+01 1.25869e+02 2.08246e+02 2.64588e+02 2.65951e+02 2.45197e+02 2.47853e+02 2.58289e+02 2.62940e+02 2.69879e+02
5.00000e+01 1.25131e+02 2.06468e+02 2.64323e+02 2.65777e+02 2.43701e+02 2.46508e+02 2.57552e+02 2.62550e+02 2.69845e+02
5.00000e+01 1.24505e+02 2.04955e+02 2.64093e+02 2.65625e+02 2.42337e+02 2.45283e+02 2.56886e+02 2.62201e+02 2.69815e+02
5.00000e+01 1.23972e+02 2.03667e+02 2.63894e+02 2.65493e+02 2.41095e+02 2.44168e+02 2.56284e+02 2.61888e+02 2.69788e+02
5.00000e+01 1.23517e+02 2.02568e+02 2.63722e+02 2.65379e+02 2.39964e+02 2.43153e+02 2.55740e+02 2.61607e+02 2.69765e+02
5.00000e+01 1.23127e+02 2.01629e+02 2.63573e+02 2.65281e+02 2.38934e+02 2.42230e+02 2.55248e+02 2.61353e+02 2.69744e+02
5.00000e+01 1.22792e+02 2.00825e+02 2.63445e+02 2.65196e+02 2.37995e+02 2.41389e+02 2.54803e+02 2.61125e+02 2.69725e+02
5.00000e+01 1.22504e+02 2.00136e+02 2.63335e+02 2.65123e+02 2.37140e+02 2.40623e+02 2.54400e+02 2.60919e+02 2.69709e+02
5.00000e+01 1.22254e+02 1.99544e+02 2.63239e+02 2.65059e+02 2.36359e+02 2.39925e+02 2.54035e+02 2.60734e+02 2.69694e+02
5.00000e+01 1.22038e+02 1.99035e+02 2.63156e+02 2.65004e+02 2.35647e+02 2.39288e+02 2.53704e+02 2.60566e+02 2.69681e+02
5.00000e+01 1.21851e+02 1.98597e+02 2.63085e+02 2.64957e+02 2.34997e+02 2.38706e+02 2.53403e+02 2.60414e+02 2.69669e+02
5.00000e+01 1.21688e+02 1.98219e+02 2.63023e+02 2.64916e+02 2.34402e+02 2.38174e+02 2.53129e+02 2.60276e+02 2.69658e+02
5.00000e+01 1.21546e+02 1.97892e+02 2.62970e+02 2.64881e+02 2.33858e+02 2.37688e+02 2.52881e+02 2.60151e+02 2.69649e+02
5.00000e+01 1.21422e+02 1.97609e+02 2.62924e+02 2.64850e+02 2.33359e+02 2.37242e+02 2.52654e+02 2.60037e+02 2.69640e+02
5.00000e+01 1.21314e+02 1.97364e+02 2.62883e+02 2.64823e+02 2.32901e+02 2.36834e+02 2.52447e+02 2.59933e+02 2.69632e+02
5.00000e+01 1.21219e+02 1.97152e+02 2.62848e+02 2.64800e+02 2.32482e+02 2.36459e+02 2.52258e+02 2.59839e+02 2.69625e+02
5.00000e+01 1.21137e+02 1.96971e+02 2.62819e+02 2.64781e+02 2.32107e+02 2.36124e+02 2.52090e+02 2.59755e+02 2.69619e+02
5.00000e+01 1.21066e+02 1.96815e+02 2.62793e+02 2.64763e+02 2.31764e+02 2.35819e+02 2.51936e+02 2.59678e+02 2.69613e+02
5.00000e+01 1.21002e+02 1.96678e+02 2.62770e+02 2.64748e+02 2.31448e+02 2.35536e+02 2.51796e+02 2.59608e+02 2.69608e+02
5.00000e+01 1.20946e+02 1.96558e+02 2.62751e+02 2.64735e+02 2.31155e+02 2.35275e+02 2.51666e+02 2.59544e+02 2.69603e+02
5.00000e+01 1.20896e+02 1.96453e+02 2.62733e+02 2.64724e+02 2.30884e+02 2.35033e+02 2.51548e+02 2.59486e+02 2.69599e+02
5.00000e+01 1.20852e+02 1.96360e+02 2.62718e+02 2.64714e+02 2.30633e+02 2.34809e+02 2.51438e+02 2.59432e+02 2.69595e+02
5.00000e+01 1.20812e+02 1.96278e+02 2.62705e+02 2.64705e+02 2.30400e+02 2.34601e+02 2.51337e+02 2.59382e+02 2.69591e+02
5.00000e+01 1.20776e+02 1.96206e+02 2.62693e+02 2.64697e+02 2.30183e+02 2.34408e+02 2.51244e+02 2.59336e+02 2.69588e+02
5.00000e+01 1.20744e+02 1.96142e+02 2.62682e+02 2.64690e+02 2.29982e+02 2.34229e+02 2.51157e+02 2.59294e+02 2.69585e+02
5.00000e+01 1.20716e+02 1.96085e+02 2.62673e+02 2.64684e+02 2.29795e+02 2.34062e+02 2.51078e+02 2.59255e+02 2.69582e+02
