2.70000000e+02
5.00000000e+01
5.00000000e+01
5.00000000e+01
5.00000000e+01
5.00000000e+01
5.00000000e+01
5.00000000e+01
5.00000000e+01
5.00000000e+01
5.00000000e+01
5.00000000e+01
5.00000000e+01
5.00000000e+01
5.00000000e+01
5.00000000e+01
5.00000000e+01
5.00000000e+01
5.00000000e+01
5.00000000e+01
5.00000000e+01
5.00000000e+01
5.00000000e+01
5.00000000e+01
5.00000000e+01
5.00000000e+01
5.00000000e+01
5.00000000e+01
5.00000000e+01
5.00000000e+01
5.00000000e+01
5.00000000e+01
5.00000000e+01
5.00000000e+01
5.00000000e+01
5.00000000e+01
5.00000000e+01
2.70000000e+02
1.50000000e+02
1.43876147e+02
1.40068508e+02
1.37121620e+02
1.34602098e+02
1.32477598e+02
1.30659700e+02
1.29150130e+02
1.27894366e+02
1.26843673e+02
1.25959359e+02
1.25211076e+02
1.24574874e+02
1.24031663e+02
1.23566073e+02
1.23165614e+02
1.22820058e+02
1.22520971e+02
1.22261353e+02
1.22035369e+02
1.21838131e+02
1.21665530e+02
1.21514096e+02
1.21380894e+02
1.21263432e+02
1.21159588e+02
1.21067552e+02
1.20986453e+02
1.20915891e+02
1.20852538e+02
1.20795615e+02
1.20744369e+02
1.20698135e+02
1.20656329e+02
1.20618444e+02
1.20584038e+02
2.70000000e+02
2.50000000e+02
2.44413611e+02
2.38833069e+02
2.33220048e+02
2.27920299e+02
2.23241204e+02
2.19217190e+02
2.15787837e+02
2.12875081e+02
2.10403250e+02
2.08304583e+02
2.06520576e+02
2.05001627e+02
2.03706052e+02
2.02598944e+02
2.01651106e+02
2.00838099e+02
2.00139446e+02
1.99537950e+02
1.99019150e+02
1.98570854e+02
1.98182768e+02
1.97846182e+02
1.97553712e+02
1.97299092e+02
1.97076991e+02
1.96882873e+02
1.96714124e+02
1.96569181e+02
1.96441206e+02
1.96327983e+02
1.96227603e+02
1.96138420e+02
1.96059014e+02
1.95988161e+02
1.95924801e+02
2.68656762e+02
2.68577210e+02
2.68349718e+02
2.67999352e+02
2.67557315e+02
2.67066258e+02
2.66566180e+02
2.66086322e+02
2.65643561e+02
2.65245103e+02
2.64892101e+02
2.64582434e+02
2.64312450e+02
2.64077954e+02
2.63874743e+02
2.63698860e+02
2.63546714e+02
2.63415110e+02
2.63301242e+02
2.63202665e+02
2.63117262e+02
2.63043204e+02
2.62978914e+02
2.62923038e+02
2.62874410e+02
2.62832031e+02
2.62795039e+02
2.62762699e+02
2.62734468e+02
2.62710091e+02
2.62688749e+02
2.62669928e+02
2.62653272e+02
2.62638495e+02
2.62625356e+02
2.62613647e+02
2.62603190e+02
2.68320840e+02
2.68299058e+02
2.68202523e+02
2.68023034e+02
2.67773191e+02
2.67477194e+02
2.67162094e+02
2.66850241e+02
2.66556356e+02
2.66288124e+02
2.66048266e+02
2.65836546e+02
2.65651189e+02
2.65489745e+02
2.65349573e+02
2.65228095e+02
2.65122922e+02
2.65031900e+02
2.64953120e+02
2.64884911e+02
2.64825818e+02
2.64774582e+02
2.64730113e+02
2.64691477e+02
2.64657865e+02
2.64628585e+02
2.64603041e+02
2.64580721e+02
2.64561301e+02
2.64544496e+02
2.64529757e+02
2.64516786e+02
2.64505325e+02
2.64495168e+02
2.64486145e+02
2.64478111e+02
2.64470943e+02
2.70105356e+02
2.69681256e+02
2.67931992e+02
2.65444499e+02
2.62714761e+02
2.59969828e+02
2.57316746e+02
2.54805299e+02
2.52455727e+02
2.50273474e+02
2.48255960e+02
2.46396205e+02
2.44684953e+02
2.43111945e+02
2.41666671e+02
2.40338824e+02
2.39118554e+02
2.37996612e+02
2.36964414e+02
2.36014058e+02
2.35138310e+02
2.34330579e+02
2.33584873e+02
2.32895756e+02
2.32258303e+02
2.31668054e+02
2.31120972e+02
2.30613402e+02
2.30145714e+02
2.29721400e+02
2.29325578e+02
2.28956124e+02
2.28610994e+02
2.28288309e+02
2.27986358e+02
2.27703582e+02
2.27438557e+02
2.70282215e+02
2.69915426e+02
2.68371796e+02
2.66145069e+02
2.63690079e+02
2.61216429e+02
2.58822085e+02
2.56553130e+02
2.54429067e+02
2.52455823e+02
2.50631734e+02
2.48950816e+02
2.47404779e+02
2.45984282e+02
2.44679688e+02
2.43481529e+02
2.42380761e+02
2.41368909e+02
2.40438127e+02
2.39581211e+02
2.38791583e+02
2.38063263e+02
2.37390828e+02
2.36769364e+02
2.36194428e+02
2.35661999e+02
2.35168443e+02
2.34710471e+02
2.34288593e+02
2.33905872e+02
2.33548638e+02
2.33215094e+02
2.32903438e+02
2.32612004e+02
2.32339264e+02
2.32083825e+02
2.31844409e+02
2.71013979e+02
2.70670322e+02
2.69621738e+02
2.68249047e+02
2.66814589e+02
2.65412202e+02
2.64079068e+02
2.62830820e+02
2.61672598e+02
2.60604246e+02
2.59622494e+02
2.58722306e+02
2.57897807e+02
2.57142872e+02
2.56451484e+02
2.55817933e+02
2.55236912e+02
2.54703554e+02
2.54213439e+02
2.53762567e+02
2.53347333e+02
2.52964495e+02
2.52611138e+02
2.52284638e+02
2.51982638e+02
2.51703013e+02
2.51443849e+02
2.51203416e+02
2.50981899e+02
2.50780709e+02
2.50592962e+02
2.50417733e+02
2.50254104e+02
2.50101210e+02
2.49958246e+02
2.49824475e+02
2.49699216e+02
2.71057104e+02
2.70808431e+02
2.69946910e+02
2.68839502e+02
2.67782228e+02
2.66843585e+02
2.66017340e+02
2.65285315e+02
2.64631551e+02
2.64044214e+02
2.63514367e+02
2.63034862e+02
2.62599749e+02
2.62203971e+02
2.61843178e+02
2.61513603e+02
2.61211968e+02
2.60935412e+02
2.60681425e+02
2.60447802e+02
2.60232596e+02
2.60034084e+02
2.59850739e+02
2.59681197e+02
2.59524244e+02
2.59378790e+02
2.59243857e+02
2.59118564e+02
2.59003029e+02
2.58898035e+02
2.58799900e+02
2.58708194e+02
2.58622495e+02
2.58542376e+02
2.58467432e+02
2.58397283e+02
2.58331580e+02
2.70889679e+02
2.70796514e+02
2.70618867e+02
2.70465095e+02
2.70342859e+02
2.70243406e+02
2.70160212e+02
2.70089114e+02
2.70027497e+02
2.69973643e+02
2.69926289e+02
2.69884444e+02
2.69847312e+02
2.69814238e+02
2.69784675e+02
2.69758167e+02
2.69734326e+02
2.69712824e+02
2.69693381e+02
2.69675755e+02
2.69659740e+02
2.69645156e+02
2.69631847e+02
2.69619678e+02
2.69608531e+02
2.69598302e+02
2.69588899e+02
2.69580243e+02
2.69572317e+02
2.69565161e+02
2.69558527e+02
2.69552371e+02
2.69546653e+02
2.69541337e+02
2.69536388e+02
2.69531777e+02
2.69527477e+02
