2.70000e+02 2.70000e+02 2.70000e+02 2.68755e+02 2.68395e+02 2.67533e+02 2.68079e+02 2.69841e+02 2.70402e+02 2.70849e+02
2.70000e+02 2.70000e+02 2.70000e+02 2.68755e+02 2.68395e+02 2.67533e+02 2.68079e+02 2.69841e+02 2.70402e+02 2.70849e+02
5.00000e+01 1.50000e+02 2.50000e+02 2.68654e+02 2.68365e+02 2.67156e+02 2.67942e+02 2.69528e+02 2.70172e+02 2.70760e+02
5.00000e+01 1.43502e+02 2.44429e+02 2.68393e+02 2.68248e+02 2.65348e+02 2.66933e+02 2.68536e+02 2.69342e+02 2.70589e+02
5.00000e+01 1.39635e+02 2.38921e+02 2.68002e+02 2.68040e+02 2.62967e+02 2.65262e+02 2.67249e+02 2.68272e+02 2.70441e+02
5.00000e+01 1.36680e+02 2.33388e+02 2.67512e+02 2.67757e+02 2.60475e+02 2.63285e+02 2.65916e+02 2.67253e+02 2.70324e+02
5.00000e+01 1.34139e+02 2.28173e+02 2.66963e+02 2.67421e+02 2.58040e+02 2.61213e+02 2.64619e+02 2.66353e+02 2.70230e+02
5.00000e+01 1.31949e+02 2.23573e+02 2.66397e+02 2.67060e+02 2.55731e+02 2.59158e+02 2.63387e+02 2.65564e+02 2.70151e+02
5.00000e+01 1.30145e+02 2.19617e+02 2.65847e+02 2.66699e+02 2.53572e+02 2.57182e+02 2.62233e+02 2.64867e+02 2.70084e+02
5.00000e+01 1.28663e+02 2.16246e+02 2.65334e+02 2.66354e+02 2.51568e+02 2.55316e+02 2.61159e+02 2.64245e+02 2.70027e+02
5.00000e+01 1.27437e+02 2.13384e+02 2.64867e+02 2.66037e+02 2.49717e+02 2.53573e+02 2.60168e+02 2.63686e+02 2.69976e+02
5.00000e+01 1.26417e+02 2.10958e+02 2.64450e+02 2.65750e+02 2.48011e+02 2.51956e+02 2.59256e+02 2.63182e+02 2.69932e+02
5.00000e+01 1.25560e+02 2.08899e+02 2.64082e+02 2.65496e+02 2.46442e+02 2.50462e+02 2.58419e+02 2.62725e+02 2.69893e+02
5.00000e+01 1.24838e+02 2.07148e+02 2.63759e+02 2.65271e+02 2.44999e+02 2.49085e+02 2.57651e+02 2.62310e+02 2.69858e+02
5.00000e+01 1.24225e+02 2.05659e+02 2.63477e+02 2.65075e+02 2.43673e+02 2.47818e+02 2.56947e+02 2.61932e+02 2.69827e+02
5.00000e+01 1.23703e+02 2.04388e+02 2.63232e+02 2.64903e+02 2.42453e+02 2.46652e+02 2.56300e+02 2.61586e+02 2.69799e+02
5.00000e+01 1.23255e+02 2.03301e+02 2.63019e+02 2.64754e+02 2.41331e+02 2.45580e+02 2.55707e+02 2.61269e+02 2.69774e+02
5.00000e+01 1.22871e+02 2.02371e+02 2.62834e+02 2.64625e+02 2.40297e+02 2.44594e+02 2.55161e+02 2.60978e+02 2.69752e+02
5.00000e+01 1.22540e+02 2.01573e+02 2.62674e+02 2.64513e+02 2.39345e+02 2.43686e+02 2.54659e+02 2.60710e+02 2.69732e+02
5.00000e+01 1.22253e+02 2.00887e+02 2.62535e+02 2.64415e+02 2.38467e+02 2.42849e+02 2.54197e+02 2.60464e+02 2.69713e+02
5.00000e+01 1.22004e+02 2.00296e+02 2.62414e+02 2.64331e+02 2.37656e+02 2.42077e+02 2.53770e+02 2.60236e+02 2.69696e+02
5.00000e+01 1.21788e+02 1.99786e+02 2.62310e+02 2.64257e+02 2.36906e+02 2.41364e+02 2.53376e+02 2.60026e+02 2.69681e+02
5.00000e+01 1.21599e+02 1.99344e+02 2.62219e+02 2.64194e+02 2.36212e+02 2.40705e+02 2.53012e+02 2.59831e+02 2.69667e+02
5.00000e+01 1.21434e+02 1.98962e+02 2.62140e+02 2.64138e+02 2.35570e+02 2.40096e+02 2.52674e+02 2.59651e+02 2.69654e+02
5.00000e+01 1.21289e+02 1.98631e+02 2.62071e+02 2.64090e+02 2.34975e+02 2.39531e+02 2.52362e+02 2.59483e+02 2.69643e+02
5.00000e+01 1.21161e+02 1.98343e+02 2.62011e+02 2.64048e+02 2.34422e+02 2.39008e+02 2.52072e+02 2.59328e+02 2.69632e+02
5.00000e+01 1.21049e+02 1.98092e+02 2.61959e+02 2.64011e+02 2.33909e+02 2.38522e+02 2.51802e+02 2.59183e+02 2.69622e+02
5.00000e+01 1.20949e+02 1.97873e+02 2.61913e+02 2.63979e+02 2.33431e+02 2.38070e+02 2.51552e+02 2.59048e+02 2.69613e+02
5.00000e+01 1.20861e+02 1.97681e+02 2.61873e+02 2.63951e+02 2.32987e+02 2.37651e+02 2.51318e+02 2.58923e+02 2.69605e+02
5.00000e+01 1.20783e+02 1.97514e+02 2.61838e+02 2.63927e+02 2.32573e+02 2.37260e+02 2.51101e+02 2.58806e+02 2.69597e+02
5.00000e+01 1.20715e+02 1.97370e+02 2.61807e+02 2.63905e+02 2.32199e+02 2.36906e+02 2.50903e+02 2.58699e+02 2.69590e+02
5.00000e+01 1.20654e+02 1.97244e+02 2.61781e+02 2.63887e+02 2.31852e+02 2.36578e+02 2.50720e+02 2.58600e+02 2.69583e+02
5.00000e+01 1.20600e+02 1.97132e+02 2.61758e+02 2.63871e+02 2.31526e+02 2.36271e+02 2.50549e+02 2.58508e+02 2.69577e+02
5.00000e+01 1.20551e+02 1.97033e+02 2.61737e+02 2.63856e+02 2.31220e+02 2.35983e+02 2.50388e+02 2.58420e+02 2.69571e+02
5.00000e+01 1.20507e+02 1.96946e+02 2.61719e+02 2.63843e+02 2.30933e+02 2.35714e+02 2.50238e+02 2.58339e+02 2.69566e+02
5.00000e+01 1.20467e+02 1.96868e+02 2.61703e+02 2.63832e+02 2.30664e+02 2.35460e+02 2.50096e+02 2.58262e+02 2.69561e+02
5.00000e+01 1.20431e+02 1.96798e+02 2.61688e+02 2.63822e+02 2.30411e+02 2.35223e+02 2.49963e+02 2.58190e+02 2.69557e+02
5.00000e+01 1.20398e+02 1.96736e+02 2.61675e+02 2.63813e+02 2.30173e+02 2.34999e+02 2.49839e+02 2.58122e+02 2.69552e+02
