2.70000e+02 2.70000e+02 2.70000e+02 2.68738e+02 2.68337e+02 2.70313e+02 2.70466e+02 2.71046e+02 2.71070e+02 2.70894e+02
2.70000e+02 2.70000e+02 2.70000e+02 2.68738e+02 2.68337e+02 2.70313e+02 2.70466e+02 2.71046e+02 2.71070e+02 2.70894e+02
5.00000e+01 1.50000e+02 2.50000e+02 2.68656e+02 2.68318e+02 2.69822e+02 2.70155e+02 2.70813e+02 2.70897e+02 2.70806e+02
5.00000e+01 1.43465e+02 2.44436e+02 2.68417e+02 2.68227e+02 2.67884e+02 2.68716e+02 2.69914e+02 2.70152e+02 2.70622e+02
5.00000e+01 1.39558e+02 2.38868e+02 2.68043e+02 2.68051e+02 2.65206e+02 2.66550e+02 2.68664e+02 2.69137e+02 2.70457e+02
5.00000e+01 1.36562e+02 2.33237e+02 2.67564e+02 2.67799e+02 2.62330e+02 2.64117e+02 2.67311e+02 2.68138e+02 2.70322e+02
5.00000e+01 1.33947e+02 2.27904e+02 2.67023e+02 2.67494e+02 2.59486e+02 2.61647e+02 2.65959e+02 2.67234e+02 2.70211e+02
5.00000e+01 1.31697e+02 2.23180e+02 2.66462e+02 2.67160e+02 2.56773e+02 2.59249e+02 2.64656e+02 2.66428e+02 2.70116e+02
5.00000e+01 1.29843e+02 2.19099e+02 2.65916e+02 2.66823e+02 2.54231e+02 2.56976e+02 2.63427e+02 2.65708e+02 2.70035e+02
5.00000e+01 1.28315e+02 2.15608e+02 2.65405e+02 2.66499e+02 2.51873e+02 2.54852e+02 2.62282e+02 2.65062e+02 2.69964e+02
5.00000e+01 1.27046e+02 2.12635e+02 2.64940e+02 2.66199e+02 2.49700e+02 2.52884e+02 2.61225e+02 2.64482e+02 2.69901e+02
5.00000e+01 1.25985e+02 2.10106e+02 2.64523e+02 2.65927e+02 2.47705e+02 2.51073e+02 2.60257e+02 2.63959e+02 2.69846e+02
5.00000e+01 1.25092e+02 2.07953e+02 2.64154e+02 2.65684e+02 2.45877e+02 2.49411e+02 2.59372e+02 2.63488e+02 2.69798e+02
5.00000e+01 1.24336e+02 2.06118e+02 2.63830e+02 2.65470e+02 2.44206e+02 2.47890e+02 2.58565e+02 2.63062e+02 2.69755e+02
5.00000e+01 1.23692e+02 2.04552e+02 2.63546e+02 2.65282e+02 2.42678e+02 2.46499e+02 2.57831e+02 2.62678e+02 2.69717e+02
5.00000e+01 1.23142e+02 2.03212e+02 2.63299e+02 2.65117e+02 2.41281e+02 2.45228e+02 2.57162e+02 2.62330e+02 2.69682e+02
5.00000e+01 1.22669e+02 2.02063e+02 2.63083e+02 2.64973e+02 2.40004e+02 2.44066e+02 2.56554e+02 2.62015e+02 2.69652e+02
5.00000e+01 1.22263e+02 2.01078e+02 2.62896e+02 2.64848e+02 2.38837e+02 2.43004e+02 2.56000e+02 2.61728e+02 2.69625e+02
5.00000e+01 1.21911e+02 2.00229e+02 2.62733e+02 2.64740e+02 2.37768e+02 2.42032e+02 2.55495e+02 2.61468e+02 2.69600e+02
5.00000e+01 1.21607e+02 1.99498e+02 2.62591e+02 2.64645e+02 2.36790e+02 2.41143e+02 2.55034e+02 2.61231e+02 2.69578e+02
5.00000e+01 1.21342e+02 1.98867e+02 2.62468e+02 2.64562e+02 2.35892e+02 2.40328e+02 2.54613e+02 2.61015e+02 2.69558e+02
5.00000e+01 1.21112e+02 1.98321e+02 2.62361e+02 2.64491e+02 2.35069e+02 2.39580e+02 2.54228e+02 2.60818e+02 2.69540e+02
5.00000e+01 1.20910e+02 1.97848e+02 2.62267e+02 2.64428e+02 2.34312e+02 2.38893e+02 2.53876e+02 2.60638e+02 2.69524e+02
5.00000e+01 1.20734e+02 1.97437e+02 2.62186e+02 2.64374e+02 2.33615e+02 2.38261e+02 2.53553e+02 2.60472e+02 2.69509e+02
5.00000e+01 1.20579e+02 1.97080e+02 2.62115e+02 2.64326e+02 2.32974e+02 2.37679e+02 2.53256e+02 2.60321e+02 2.69495e+02
5.00000e+01 1.20443e+02 1.96769e+02 2.62053e+02 2.64285e+02 2.32383e+02 2.37143e+02 2.52984e+02 2.60182e+02 2.69483e+02
5.00000e+01 1.20323e+02 1.96498e+02 2.61998e+02 2.64248e+02 2.31837e+02 2.36649e+02 2.52733e+02 2.60054e+02 2.69472e+02
5.00000e+01 1.20217e+02 1.96261e+02 2.61951e+02 2.64217e+02 2.31332e+02 2.36192e+02 2.52502e+02 2.59936e+02 2.69461e+02
5.00000e+01 1.20123e+02 1.96053e+02 2.61909e+02 2.64189e+02 2.30866e+02 2.35769e+02 2.52289e+02 2.59827e+02 2.69452e+02
5.00000e+01 1.20040e+02 1.95871e+02 2.61873e+02 2.64164e+02 2.30433e+02 2.35377e+02 2.52092e+02 2.59727e+02 2.69443e+02
5.00000e+01 1.19966e+02 1.95711e+02 2.61840e+02 2.64143e+02 2.30033e+02 2.35014e+02 2.51910e+02 2.59634e+02 2.69436e+02
5.00000e+01 1.19900e+02 1.95571e+02 2.61812e+02 2.64124e+02 2.29660e+02 2.34678e+02 2.51741e+02 2.59548e+02 2.69428e+02
5.00000e+01 1.19841e+02 1.95448e+02 2.61787e+02 2.64108e+02 2.29317e+02 2.34367e+02 2.51586e+02 2.59469e+02 2.69422e+02
5.00000e+01 1.19791e+02 1.95342e+02 2.61766e+02 2.64093e+02 2.29005e+02 2.34086e+02 2.51445e+02 2.59397e+02 2.69416e+02
5.00000e+01 1.19745e+02 1.95247e+02 2.61747e+02 2.64081e+02 2.28715e+02 2.33823e+02 2.51313e+02 2.59330e+02 2.69410e+02
5.00000e+01 1.19703e+02 1.95163e+02 2.61730e+02 2.64069e+02 2.28444e+02 2.33578e+02 2.51191e+02 2.59267e+02 2.69405e+02
5.00000e+01 1.19666e+02 1.95089e+02 2.61715e+02 2.64060e+02 2.28190e+02 2.33349e+02 2.51077e+02 2.59209e+02 2.69400e+02
5.00000e+01 1.19632e+02 1.95022e+02 2.61702e+02 2.64051e+02 2.27954e+02 2.33135e+02 2.50971e+02 2.59155e+02 2.69396e+02
