2.70000e+02 2.70000e+02 2.70000e+02 2.68754e+02 2.68394e+02 2.70476e+02 2.70602e+02 2.71036e+02 2.71033e+02 2.70888e+02
2.70000e+02 2.70000e+02 2.70000e+02 2.68754e+02 2.68394e+02 2.70476e+02 2.70602e+02 2.71036e+02 2.71033e+02 2.70888e+02
5.00000e+01 1.50000e+02 2.50000e+02 2.68653e+02 2.68364e+02 2.70057e+02 2.70283e+02 2.70744e+02 2.70820e+02 2.70802e+02
5.00000e+01 1.43475e+02 2.44455e+02 2.68389e+02 2.68245e+02 2.68307e+02 2.68852e+02 2.69800e+02 2.70042e+02 2.70635e+02
5.00000e+01 1.39601e+02 2.38953e+02 2.67994e+02 2.68036e+02 2.65871e+02 2.66775e+02 2.68548e+02 2.69027e+02 2.70489e+02
5.00000e+01 1.36640e+02 2.33424e+02 2.67499e+02 2.67749e+02 2.63235e+02 2.64474e+02 2.67228e+02 2.68053e+02 2.70373e+02
5.00000e+01 1.34081e+02 2.28210e+02 2.66944e+02 2.67408e+02 2.60605e+02 2.62145e+02 2.65930e+02 2.67183e+02 2.70278e+02
5.00000e+01 1.31874e+02 2.23608e+02 2.66371e+02 2.67043e+02 2.58074e+02 2.59880e+02 2.64688e+02 2.66414e+02 2.70199e+02
5.00000e+01 1.30058e+02 2.19646e+02 2.65815e+02 2.66677e+02 2.55682e+02 2.57726e+02 2.63520e+02 2.65730e+02 2.70130e+02
5.00000e+01 1.28564e+02 2.16267e+02 2.65294e+02 2.66328e+02 2.53446e+02 2.55704e+02 2.62433e+02 2.65118e+02 2.70071e+02
5.00000e+01 1.27327e+02 2.13396e+02 2.64820e+02 2.66005e+02 2.51371e+02 2.53823e+02 2.61427e+02 2.64566e+02 2.70019e+02
5.00000e+01 1.26295e+02 2.10958e+02 2.64396e+02 2.65714e+02 2.49454e+02 2.52082e+02 2.60501e+02 2.64068e+02 2.69973e+02
5.00000e+01 1.25427e+02 2.08886e+02 2.64020e+02 2.65454e+02 2.47689e+02 2.50479e+02 2.59652e+02 2.63618e+02 2.69933e+02
5.00000e+01 1.24694e+02 2.07122e+02 2.63690e+02 2.65225e+02 2.46068e+02 2.49005e+02 2.58873e+02 2.63209e+02 2.69897e+02
5.00000e+01 1.24071e+02 2.05618e+02 2.63402e+02 2.65024e+02 2.44580e+02 2.47652e+02 2.58161e+02 2.62837e+02 2.69865e+02
5.00000e+01 1.23539e+02 2.04332e+02 2.63150e+02 2.64848e+02 2.43216e+02 2.46412e+02 2.57510e+02 2.62499e+02 2.69836e+02
5.00000e+01 1.23082e+02 2.03232e+02 2.62931e+02 2.64695e+02 2.41966e+02 2.45275e+02 2.56914e+02 2.62191e+02 2.69811e+02
5.00000e+01 1.22689e+02 2.02287e+02 2.62740e+02 2.64561e+02 2.40821e+02 2.44234e+02 2.56368e+02 2.61909e+02 2.69788e+02
5.00000e+01 1.22350e+02 2.01475e+02 2.62575e+02 2.64445e+02 2.39771e+02 2.43279e+02 2.55869e+02 2.61652e+02 2.69767e+02
5.00000e+01 1.22056e+02 2.00775e+02 2.62431e+02 2.64344e+02 2.38808e+02 2.42403e+02 2.55411e+02 2.61416e+02 2.69748e+02
5.00000e+01 1.21801e+02 2.00172e+02 2.62306e+02 2.64256e+02 2.37925e+02 2.41600e+02 2.54991e+02 2.61199e+02 2.69731e+02
5.00000e+01 1.21578e+02 1.99649e+02 2.62197e+02 2.64180e+02 2.37113e+02 2.40862e+02 2.54606e+02 2.61001e+02 2.69716e+02
5.00000e+01 1.21384e+02 1.99197e+02 2.62102e+02 2.64113e+02 2.36368e+02 2.40184e+02 2.54251e+02 2.60818e+02 2.69702e+02
5.00000e+01 1.21214e+02 1.98804e+02 2.62019e+02 2.64055e+02 2.35682e+02 2.39560e+02 2.53925e+02 2.60650e+02 2.69689e+02
5.00000e+01 1.21065e+02 1.98463e+02 2.61947e+02 2.64005e+02 2.35051e+02 2.38986e+02 2.53626e+02 2.60495e+02 2.69677e+02
5.00000e+01 1.20934e+02 1.98166e+02 2.61884e+02 2.63961e+02 2.34469e+02 2.38456e+02 2.53349e+02 2.60353e+02 2.69667e+02
5.00000e+01 1.20818e+02 1.97907e+02 2.61829e+02 2.63922e+02 2.33932e+02 2.37968e+02 2.53094e+02 2.60221e+02 2.69657e+02
5.00000e+01 1.20716e+02 1.97680e+02 2.61781e+02 2.63889e+02 2.33437e+02 2.37517e+02 2.52858e+02 2.60099e+02 2.69648e+02
5.00000e+01 1.20627e+02 1.97486e+02 2.61740e+02 2.63860e+02 2.32989e+02 2.37110e+02 2.52645e+02 2.59988e+02 2.69640e+02
5.00000e+01 1.20549e+02 1.97317e+02 2.61704e+02 2.63834e+02 2.32578e+02 2.36735e+02 2.52449e+02 2.59886e+02 2.69633e+02
5.00000e+01 1.20480e+02 1.97167e+02 2.61672e+02 2.63812e+02 2.32195e+02 2.36387e+02 2.52267e+02 2.59792e+02 2.69626e+02
5.00000e+01 1.20417e+02 1.97035e+02 2.61644e+02 2.63792e+02 2.31840e+02 2.36063e+02 2.52098e+02 2.59704e+02 2.69620e+02
5.00000e+01 1.20361e+02 1.96919e+02 2.61619e+02 2.63775e+02 2.31510e+02 2.35762e+02 2.51941e+02 2.59622e+02 2.69614e+02
5.00000e+01 1.20311e+02 1.96816e+02 2.61597e+02 2.63760e+02 2.31202e+02 2.35482e+02 2.51795e+02 2.59546e+02 2.69609e+02
5.00000e+01 1.20266e+02 1.96724e+02 2.61578e+02 2.63746e+02 2.30915e+02 2.35220e+02 2.51659e+02 2.59475e+02 2.69604e+02
5.00000e+01 1.20226e+02 1.96643e+02 2.61560e+02 2.63734e+02 2.30647e+02 2.34976e+02 2.51531e+02 2.59409e+02 2.69599e+02
5.00000e+01 1.20189e+02 1.96570e+02 2.61545e+02 2.63723e+02 2.30398e+02 2.34749e+02 2.51413e+02 2.59347e+02 2.69595e+02
5.00000e+01 1.20156e+02 1.96505e+02 2.61531e+02 2.63714e+02 2.30164e+02 2.34536e+02 2.51302e+02 2.59289e+02 2.69591e+02
