2.70000e+02 2.70000e+02 2.70000e+02 2.68743e+02 2.68340e+02 2.69655e+02 2.70118e+02 2.71181e+02 2.71226e+02 2.70899e+02
2.70000e+02 2.70000e+02 2.70000e+02 2.68743e+02 2.68340e+02 2.69655e+02 2.70118e+02 2.71181e+02 2.71226e+02 2.70899e+02
5.00000e+01 1.50000e+02 2.50000e+02 2.68664e+02 2.68322e+02 2.69200e+02 2.70001e+02 2.70865e+02 2.70990e+02 2.70797e+02
5.00000e+01 1.43548e+02 2.44428e+02 2.68425e+02 2.68232e+02 2.67253e+02 2.69139e+02 2.69830e+02 2.70109e+02 2.70595e+02
5.00000e+01 1.39687e+02 2.38868e+02 2.68050e+02 2.68056e+02 2.64706e+02 2.67594e+02 2.68486e+02 2.68956e+02 2.70417e+02
5.00000e+01 1.36726e+02 2.33262e+02 2.67570e+02 2.67804e+02 2.62052e+02 2.65686e+02 2.67103e+02 2.67854e+02 2.70276e+02
5.00000e+01 1.34179e+02 2.27961e+02 2.67026e+02 2.67497e+02 2.59469e+02 2.63632e+02 2.65766e+02 2.66882e+02 2.70161e+02
5.00000e+01 1.31972e+02 2.23270e+02 2.66463e+02 2.67161e+02 2.57024e+02 2.61557e+02 2.64501e+02 2.66035e+02 2.70065e+02
5.00000e+01 1.30147e+02 2.19222e+02 2.65913e+02 2.66822e+02 2.54740e+02 2.59534e+02 2.63318e+02 2.65293e+02 2.69983e+02
5.00000e+01 1.28642e+02 2.15762e+02 2.65398e+02 2.66495e+02 2.52622e+02 2.57605e+02 2.62220e+02 2.64636e+02 2.69913e+02
5.00000e+01 1.27393e+02 2.12816e+02 2.64928e+02 2.66192e+02 2.50665e+02 2.55788e+02 2.61206e+02 2.64051e+02 2.69852e+02
5.00000e+01 1.26350e+02 2.10311e+02 2.64507e+02 2.65918e+02 2.48863e+02 2.54094e+02 2.60274e+02 2.63528e+02 2.69798e+02
5.00000e+01 1.25473e+02 2.08179e+02 2.64135e+02 2.65672e+02 2.47204e+02 2.52522e+02 2.59420e+02 2.63057e+02 2.69751e+02
5.00000e+01 1.24731e+02 2.06363e+02 2.63808e+02 2.65456e+02 2.45678e+02 2.51069e+02 2.58638e+02 2.62633e+02 2.69709e+02
5.00000e+01 1.24100e+02 2.04813e+02 2.63522e+02 2.65265e+02 2.44275e+02 2.49729e+02 2.57924e+02 2.62250e+02 2.69672e+02
5.00000e+01 1.23561e+02 2.03487e+02 2.63272e+02 2.65099e+02 2.42984e+02 2.48496e+02 2.57271e+02 2.61903e+02 2.69639e+02
5.00000e+01 1.23099e+02 2.02352e+02 2.63055e+02 2.64954e+02 2.41796e+02 2.47361e+02 2.56674e+02 2.61588e+02 2.69609e+02
5.00000e+01 1.22701e+02 2.01378e+02 2.62866e+02 2.64828e+02 2.40701e+02 2.46317e+02 2.56129e+02 2.61303e+02 2.69583e+02
5.00000e+01 1.22358e+02 2.00540e+02 2.62702e+02 2.64718e+02 2.39692e+02 2.45356e+02 2.55630e+02 2.61043e+02 2.69559e+02
5.00000e+01 1.22060e+02 1.99818e+02 2.62560e+02 2.64623e+02 2.38760e+02 2.44471e+02 2.55173e+02 2.60805e+02 2.69537e+02
5.00000e+01 1.21801e+02 1.99196e+02 2.62436e+02 2.64540e+02 2.37899e+02 2.43656e+02 2.54754e+02 2.60589e+02 2.69518e+02
5.00000e+01 1.21576e+02 1.98658e+02 2.62329e+02 2.64468e+02 2.37102e+02 2.42903e+02 2.54370e+02 2.60391e+02 2.69500e+02
5.00000e+01 1.21380e+02 1.98192e+02 2.62235e+02 2.64405e+02 2.36363e+02 2.42208e+02 2.54017e+02 2.60209e+02 2.69484e+02
5.00000e+01 1.21208e+02 1.97788e+02 2.62154e+02 2.64351e+02 2.35678e+02 2.41565e+02 2.53692e+02 2.60042e+02 2.69470e+02
5.00000e+01 1.21057e+02 1.97436e+02 2.62083e+02 2.64303e+02 2.35042e+02 2.40969e+02 2.53392e+02 2.59889e+02 2.69457e+02
5.00000e+01 1.20924e+02 1.97131e+02 2.62021e+02 2.64262e+02 2.34450e+02 2.40417e+02 2.53116e+02 2.59748e+02 2.69445e+02
5.00000e+01 1.20806e+02 1.96864e+02 2.61967e+02 2.64226e+02 2.33899e+02 2.39905e+02 2.52860e+02 2.59617e+02 2.69434e+02
5.00000e+01 1.20703e+02 1.96632e+02 2.61919e+02 2.64194e+02 2.33384e+02 2.39428e+02 2.52624e+02 2.59497e+02 2.69424e+02
5.00000e+01 1.20611e+02 1.96428e+02 2.61878e+02 2.64167e+02 2.32904e+02 2.38985e+02 2.52405e+02 2.59386e+02 2.69414e+02
5.00000e+01 1.20529e+02 1.96250e+02 2.61842e+02 2.64142e+02 2.32456e+02 2.38572e+02 2.52201e+02 2.59282e+02 2.69406e+02
5.00000e+01 1.20457e+02 1.96093e+02 2.61810e+02 2.64121e+02 2.32036e+02 2.38186e+02 2.52012e+02 2.59186e+02 2.69398e+02
5.00000e+01 1.20393e+02 1.95958e+02 2.61782e+02 2.64103e+02 2.31650e+02 2.37833e+02 2.51840e+02 2.59099e+02 2.69391e+02
5.00000e+01 1.20337e+02 1.95839e+02 2.61758e+02 2.64086e+02 2.31291e+02 2.37505e+02 2.51681e+02 2.59019e+02 2.69384e+02
5.00000e+01 1.20286e+02 1.95734e+02 2.61736e+02 2.64072e+02 2.30953e+02 2.37198e+02 2.51532e+02 2.58944e+02 2.69378e+02
5.00000e+01 1.20240e+02 1.95641e+02 2.61717e+02 2.64060e+02 2.30635e+02 2.36909e+02 2.51392e+02 2.58873e+02 2.69372e+02
5.00000e+01 1.20198e+02 1.95558e+02 2.61701e+02 2.64048e+02 2.30335e+02 2.36637e+02 2.51261e+02 2.58807e+02 2.69367e+02
5.00000e+01 1.20160e+02 1.95484e+02 2.61686e+02 2.64038e+02 2.30053e+02 2.36382e+02 2.51138e+02 2.58745e+02 2.69362e+02
5.00000e+01 1.20126e+02 1.95418e+02 2.61672e+02 2.64030e+02 2.29786e+02 2.36141e+02 2.51023e+02 2.58686e+02 2.69357e+02
