2.70000e+02 2.70000e+02 2.70000e+02 2.68733e+02 2.68373e+02 2.71251e+02 2.71193e+02 2.70854e+02 2.70824e+02 2.70879e+02
2.70000e+02 2.70000e+02 2.70000e+02 2.68733e+02 2.68373e+02 2.71251e+02 2.71193e+02 2.70854e+02 2.70824e+02 2.70879e+02
5.00000e+01 1.50000e+02 2.50000e+02 2.68635e+02 2.68346e+02 2.70805e+02 2.70784e+02 2.70720e+02 2.70713e+02 2.70796e+02
5.00000e+01 1.43549e+02 2.44462e+02 2.68379e+02 2.68237e+02 2.69181e+02 2.69294e+02 2.69848e+02 2.70003e+02 2.70626e+02
5.00000e+01 1.39688e+02 2.38961e+02 2.67999e+02 2.68042e+02 2.66901e+02 2.67214e+02 2.68622e+02 2.69014e+02 2.70479e+02
5.00000e+01 1.36734e+02 2.33431e+02 2.67524e+02 2.67775e+02 2.64401e+02 2.64950e+02 2.67319e+02 2.68050e+02 2.70361e+02
5.00000e+01 1.34197e+02 2.28213e+02 2.66995e+02 2.67458e+02 2.61884e+02 2.62676e+02 2.66039e+02 2.67190e+02 2.70266e+02
5.00000e+01 1.32003e+02 2.23607e+02 2.66451e+02 2.67117e+02 2.59443e+02 2.60474e+02 2.64820e+02 2.66430e+02 2.70186e+02
5.00000e+01 1.30191e+02 2.19644e+02 2.65924e+02 2.66777e+02 2.57121e+02 2.58380e+02 2.63675e+02 2.65755e+02 2.70118e+02
5.00000e+01 1.28701e+02 2.16267e+02 2.65434e+02 2.66453e+02 2.54936e+02 2.56411e+02 2.62610e+02 2.65151e+02 2.70058e+02
5.00000e+01 1.27467e+02 2.13399e+02 2.64989e+02 2.66155e+02 2.52895e+02 2.54570e+02 2.61626e+02 2.64608e+02 2.70007e+02
5.00000e+01 1.26438e+02 2.10966e+02 2.64593e+02 2.65886e+02 2.50994e+02 2.52857e+02 2.60720e+02 2.64117e+02 2.69962e+02
5.00000e+01 1.25574e+02 2.08901e+02 2.64243e+02 2.65648e+02 2.49228e+02 2.51267e+02 2.59886e+02 2.63672e+02 2.69921e+02
5.00000e+01 1.24844e+02 2.07145e+02 2.63937e+02 2.65438e+02 2.47590e+02 2.49791e+02 2.59121e+02 2.63269e+02 2.69886e+02
5.00000e+01 1.24225e+02 2.05650e+02 2.63670e+02 2.65254e+02 2.46069e+02 2.48424e+02 2.58417e+02 2.62901e+02 2.69854e+02
5.00000e+01 1.23696e+02 2.04374e+02 2.63438e+02 2.65094e+02 2.44658e+02 2.47155e+02 2.57769e+02 2.62565e+02 2.69826e+02
5.00000e+01 1.23242e+02 2.03282e+02 2.63236e+02 2.64955e+02 2.43348e+02 2.45978e+02 2.57173e+02 2.62257e+02 2.69800e+02
5.00000e+01 1.22852e+02 2.02347e+02 2.63061e+02 2.64834e+02 2.42131e+02 2.44885e+02 2.56623e+02 2.61974e+02 2.69777e+02
5.00000e+01 1.22515e+02 2.01544e+02 2.62909e+02 2.64729e+02 2.40999e+02 2.43869e+02 2.56115e+02 2.61714e+02 2.69756e+02
5.00000e+01 1.22223e+02 2.00853e+02 2.62778e+02 2.64638e+02 2.39944e+02 2.42923e+02 2.55645e+02 2.61474e+02 2.69737e+02
5.00000e+01 1.21970e+02 2.00258e+02 2.62664e+02 2.64559e+02 2.38962e+02 2.42041e+02 2.55209e+02 2.61252e+02 2.69720e+02
5.00000e+01 1.21748e+02 1.99743e+02 2.62565e+02 2.64490e+02 2.38045e+02 2.41219e+02 2.54804e+02 2.61046e+02 2.69704e+02
5.00000e+01 1.21554e+02 1.99298e+02 2.62479e+02 2.64431e+02 2.37188e+02 2.40451e+02 2.54428e+02 2.60855e+02 2.69689e+02
5.00000e+01 1.21384e+02 1.98912e+02 2.62404e+02 2.64379e+02 2.36387e+02 2.39733e+02 2.54077e+02 2.60677e+02 2.69676e+02
5.00000e+01 1.21235e+02 1.98576e+02 2.62338e+02 2.64334e+02 2.35636e+02 2.39060e+02 2.53750e+02 2.60511e+02 2.69664e+02
5.00000e+01 1.21103e+02 1.98284e+02 2.62281e+02 2.64294e+02 2.34933e+02 2.38430e+02 2.53444e+02 2.60356e+02 2.69652e+02
5.00000e+01 1.20986e+02 1.98029e+02 2.62232e+02 2.64260e+02 2.34273e+02 2.37838e+02 2.53158e+02 2.60212e+02 2.69642e+02
5.00000e+01 1.20882e+02 1.97806e+02 2.62188e+02 2.64230e+02 2.33653e+02 2.37282e+02 2.52890e+02 2.60076e+02 2.69632e+02
5.00000e+01 1.20789e+02 1.97610e+02 2.62150e+02 2.64203e+02 2.33070e+02 2.36760e+02 2.52638e+02 2.59949e+02 2.69623e+02
5.00000e+01 1.20707e+02 1.97439e+02 2.62116e+02 2.64180e+02 2.32522e+02 2.36268e+02 2.52402e+02 2.59829e+02 2.69614e+02
5.00000e+01 1.20633e+02 1.97287e+02 2.62087e+02 2.64160e+02 2.32005e+02 2.35805e+02 2.52180e+02 2.59716e+02 2.69606e+02
5.00000e+01 1.20566e+02 1.97154e+02 2.62061e+02 2.64142e+02 2.31518e+02 2.35369e+02 2.51970e+02 2.59611e+02 2.69599e+02
5.00000e+01 1.20506e+02 1.97036e+02 2.62038e+02 2.64126e+02 2.31059e+02 2.34957e+02 2.51773e+02 2.59511e+02 2.69592e+02
5.00000e+01 1.20452e+02 1.96931e+02 2.62018e+02 2.64112e+02 2.30625e+02 2.34568e+02 2.51587e+02 2.59416e+02 2.69585e+02
5.00000e+01 1.20403e+02 1.96838e+02 2.61999e+02 2.64100e+02 2.30216e+02 2.34201e+02 2.51411e+02 2.59328e+02 2.69579e+02
5.00000e+01 1.20358e+02 1.96755e+02 2.61983e+02 2.64089e+02 2.29828e+02 2.33853e+02 2.51246e+02 2.59243e+02 2.69574e+02
5.00000e+01 1.20317e+02 1.96681e+02 2.61969e+02 2.64079e+02 2.29462e+02 2.33525e+02 2.51089e+02 2.59164e+02 2.69568e+02
5.00000e+01 1.20280e+02 1.96615e+02 2.61956e+02 2.64070e+02 2.29116e+02 2.33214e+02 2.50940e+02 2.59089e+02 2.69563e+02
