2.70000e+02 2.70000e+02 2.70000e+02 2.68715e+02 2.68321e+02 2.68665e+02 2.68981e+02 2.70565e+02 2.70874e+02 2.70885e+02
2.70000e+02 2.70000e+02 2.70000e+02 2.68715e+02 2.68321e+02 2.68665e+02 2.68981e+02 2.70565e+02 2.70874e+02 2.70885e+02
5.00000e+01 1.50000e+02 2.50000e+02 2.68633e+02 2.68302e+02 2.68353e+02 2.68584e+02 2.70195e+02 2.70606e+02 2.70781e+02
5.00000e+01 1.43815e+02 2.44418e+02 2.68398e+02 2.68213e+02 2.66974e+02 2.67028e+02 2.69115e+02 2.69710e+02 2.70581e+02
5.00000e+01 1.39991e+02 2.38833e+02 2.68031e+02 2.68041e+02 2.64894e+02 2.64861e+02 2.67692e+02 2.68550e+02 2.70405e+02
5.00000e+01 1.37032e+02 2.33207e+02 2.67562e+02 2.67796e+02 2.62519e+02 2.62512e+02 2.66201e+02 2.67431e+02 2.70263e+02
5.00000e+01 1.34504e+02 2.27892e+02 2.67036e+02 2.67498e+02 2.60060e+02 2.60164e+02 2.64747e+02 2.66431e+02 2.70146e+02
5.00000e+01 1.32349e+02 2.23197e+02 2.66494e+02 2.67176e+02 2.57631e+02 2.57900e+02 2.63372e+02 2.65547e+02 2.70049e+02
5.00000e+01 1.30518e+02 2.19153e+02 2.65970e+02 2.66853e+02 2.55295e+02 2.55759e+02 2.62091e+02 2.64765e+02 2.69965e+02
5.00000e+01 1.29000e+02 2.15701e+02 2.65483e+02 2.66544e+02 2.53085e+02 2.53756e+02 2.60908e+02 2.64066e+02 2.69893e+02
5.00000e+01 1.27737e+02 2.12765e+02 2.65042e+02 2.66260e+02 2.51015e+02 2.51895e+02 2.59821e+02 2.63441e+02 2.69830e+02
5.00000e+01 1.26681e+02 2.10269e+02 2.64649e+02 2.66004e+02 2.49089e+02 2.50174e+02 2.58827e+02 2.62878e+02 2.69774e+02
5.00000e+01 1.25791e+02 2.08146e+02 2.64303e+02 2.65776e+02 2.47305e+02 2.48586e+02 2.57917e+02 2.62370e+02 2.69725e+02
5.00000e+01 1.25037e+02 2.06339e+02 2.64000e+02 2.65576e+02 2.45656e+02 2.47124e+02 2.57087e+02 2.61911e+02 2.69682e+02
5.00000e+01 1.24396e+02 2.04797e+02 2.63736e+02 2.65401e+02 2.44134e+02 2.45778e+02 2.56328e+02 2.61495e+02 2.69643e+02
5.00000e+01 1.23848e+02 2.03480e+02 2.63507e+02 2.65248e+02 2.42731e+02 2.44539e+02 2.55635e+02 2.61117e+02 2.69609e+02
5.00000e+01 1.23379e+02 2.02353e+02 2.63308e+02 2.65116e+02 2.41437e+02 2.43397e+02 2.55000e+02 2.60773e+02 2.69578e+02
5.00000e+01 1.22974e+02 2.01387e+02 2.63135e+02 2.65001e+02 2.40243e+02 2.42346e+02 2.54418e+02 2.60458e+02 2.69550e+02
5.00000e+01 1.22625e+02 2.00557e+02 2.62986e+02 2.64901e+02 2.39142e+02 2.41376e+02 2.53885e+02 2.60171e+02 2.69526e+02
5.00000e+01 1.22323e+02 1.99843e+02 2.62856e+02 2.64815e+02 2.38125e+02 2.40481e+02 2.53395e+02 2.59908e+02 2.69503e+02
5.00000e+01 1.22061e+02 1.99228e+02 2.62743e+02 2.64740e+02 2.37186e+02 2.39654e+02 2.52944e+02 2.59666e+02 2.69483e+02
5.00000e+01 1.21832e+02 1.98697e+02 2.62646e+02 2.64675e+02 2.36317e+02 2.38890e+02 2.52528e+02 2.59443e+02 2.69464e+02
5.00000e+01 1.21632e+02 1.98237e+02 2.62561e+02 2.64618e+02 2.35512e+02 2.38181e+02 2.52145e+02 2.59238e+02 2.69447e+02
5.00000e+01 1.21458e+02 1.97839e+02 2.62488e+02 2.64569e+02 2.34766e+02 2.37524e+02 2.51790e+02 2.59049e+02 2.69432e+02
5.00000e+01 1.21304e+02 1.97493e+02 2.62424e+02 2.64526e+02 2.34074e+02 2.36915e+02 2.51462e+02 2.58874e+02 2.69418e+02
5.00000e+01 1.21169e+02 1.97193e+02 2.62368e+02 2.64489e+02 2.33431e+02 2.36348e+02 2.51158e+02 2.58712e+02 2.69405e+02
5.00000e+01 1.21050e+02 1.96931e+02 2.62319e+02 2.64457e+02 2.32833e+02 2.35822e+02 2.50876e+02 2.58561e+02 2.69393e+02
5.00000e+01 1.20944e+02 1.96702e+02 2.62277e+02 2.64428e+02 2.32276e+02 2.35331e+02 2.50614e+02 2.58422e+02 2.69382e+02
5.00000e+01 1.20851e+02 1.96502e+02 2.62240e+02 2.64404e+02 2.31757e+02 2.34873e+02 2.50370e+02 2.58292e+02 2.69372e+02
5.00000e+01 1.20768e+02 1.96327e+02 2.62207e+02 2.64382e+02 2.31274e+02 2.34447e+02 2.50143e+02 2.58171e+02 2.69363e+02
5.00000e+01 1.20693e+02 1.96173e+02 2.62178e+02 2.64363e+02 2.30822e+02 2.34048e+02 2.49931e+02 2.58058e+02 2.69354e+02
5.00000e+01 1.20627e+02 1.96038e+02 2.62153e+02 2.64346e+02 2.30400e+02 2.33675e+02 2.49733e+02 2.57953e+02 2.69346e+02
5.00000e+01 1.20569e+02 1.95921e+02 2.62131e+02 2.64332e+02 2.30015e+02 2.33336e+02 2.49554e+02 2.57857e+02 2.69339e+02
5.00000e+01 1.20517e+02 1.95818e+02 2.62112e+02 2.64319e+02 2.29657e+02 2.33021e+02 2.49387e+02 2.57769e+02 2.69332e+02
5.00000e+01 1.20470e+02 1.95727e+02 2.62095e+02 2.64308e+02 2.29322e+02 2.32724e+02 2.49230e+02 2.57685e+02 2.69326e+02
5.00000e+01 1.20428e+02 1.95645e+02 2.62080e+02 2.64298e+02 2.29006e+02 2.32444e+02 2.49082e+02 2.57607e+02 2.69320e+02
5.00000e+01 1.20389e+02 1.95572e+02 2.62066e+02 2.64289e+02 2.28708e+02 2.32181e+02 2.48944e+02 2.57533e+02 2.69314e+02
5.00000e+01 1.20354e+02 1.95507e+02 2.62054e+02 2.64281e+02 2.28428e+02 2.31933e+02 2.48813e+02 2.57463e+02 2.69309e+02
