2.70000e+02 2.70000e+02 2.70000e+02 2.68669e+02 2.68344e+02 2.67283e+02 2.67775e+02 2.69990e+02 2.70563e+02 2.70848e+02
2.70000e+02 2.70000e+02 2.70000e+02 2.68669e+02 2.68344e+02 2.67283e+02 2.67775e+02 2.69990e+02 2.70563e+02 2.70848e+02
5.00000e+01 1.50000e+02 2.50000e+02 2.68570e+02 2.68314e+02 2.67153e+02 2.67588e+02 2.69762e+02 2.70391e+02 2.70756e+02
5.00000e+01 1.43451e+02 2.44393e+02 2.68314e+02 2.68197e+02 2.65898e+02 2.66219e+02 2.68842e+02 2.69617e+02 2.70565e+02
5.00000e+01 1.39562e+02 2.38863e+02 2.67936e+02 2.67994e+02 2.63878e+02 2.64180e+02 2.67576e+02 2.68571e+02 2.70395e+02
5.00000e+01 1.36582e+02 2.33302e+02 2.67467e+02 2.67719e+02 2.61538e+02 2.61925e+02 2.66227e+02 2.67553e+02 2.70258e+02
5.00000e+01 1.34002e+02 2.28062e+02 2.66949e+02 2.67398e+02 2.59112e+02 2.59653e+02 2.64899e+02 2.66642e+02 2.70146e+02
5.00000e+01 1.31784e+02 2.23444e+02 2.66421e+02 2.67058e+02 2.56722e+02 2.57455e+02 2.63635e+02 2.65839e+02 2.70052e+02
5.00000e+01 1.29960e+02 2.19476e+02 2.65914e+02 2.66722e+02 2.54430e+02 2.55373e+02 2.62453e+02 2.65129e+02 2.69971e+02
5.00000e+01 1.28462e+02 2.16099e+02 2.65444e+02 2.66405e+02 2.52271e+02 2.53427e+02 2.61360e+02 2.64497e+02 2.69901e+02
5.00000e+01 1.27223e+02 2.13236e+02 2.65020e+02 2.66115e+02 2.50257e+02 2.51624e+02 2.60358e+02 2.63934e+02 2.69840e+02
5.00000e+01 1.26190e+02 2.10812e+02 2.64644e+02 2.65855e+02 2.48392e+02 2.49961e+02 2.59443e+02 2.63431e+02 2.69787e+02
5.00000e+01 1.25324e+02 2.08758e+02 2.64313e+02 2.65625e+02 2.46672e+02 2.48432e+02 2.58610e+02 2.62979e+02 2.69740e+02
5.00000e+01 1.24593e+02 2.07014e+02 2.64024e+02 2.65424e+02 2.45091e+02 2.47031e+02 2.57852e+02 2.62573e+02 2.69698e+02
5.00000e+01 1.23973e+02 2.05531e+02 2.63772e+02 2.65248e+02 2.43639e+02 2.45747e+02 2.57163e+02 2.62208e+02 2.69661e+02
5.00000e+01 1.23445e+02 2.04268e+02 2.63554e+02 2.65095e+02 2.42307e+02 2.44571e+02 2.56538e+02 2.61879e+02 2.69629e+02
5.00000e+01 1.22993e+02 2.03189e+02 2.63365e+02 2.64963e+02 2.41086e+02 2.43495e+02 2.55969e+02 2.61582e+02 2.69600e+02
5.00000e+01 1.22605e+02 2.02267e+02 2.63201e+02 2.64848e+02 2.39966e+02 2.42509e+02 2.55452e+02 2.61313e+02 2.69574e+02
5.00000e+01 1.22271e+02 2.01476e+02 2.63060e+02 2.64748e+02 2.38939e+02 2.41605e+02 2.54981e+02 2.61069e+02 2.69550e+02
5.00000e+01 1.21983e+02 2.00796e+02 2.62937e+02 2.64662e+02 2.37996e+02 2.40775e+02 2.54552e+02 2.60848e+02 2.69529e+02
5.00000e+01 1.21732e+02 2.00211e+02 2.62830e+02 2.64587e+02 2.37129e+02 2.40014e+02 2.54160e+02 2.60646e+02 2.69511e+02
5.00000e+01 1.21515e+02 1.99707e+02 2.62738e+02 2.64522e+02 2.36332e+02 2.39314e+02 2.53801e+02 2.60463e+02 2.69494e+02
5.00000e+01 1.21326e+02 1.99271e+02 2.62658e+02 2.64465e+02 2.35599e+02 2.38670e+02 2.53474e+02 2.60296e+02 2.69478e+02
5.00000e+01 1.21160e+02 1.98894e+02 2.62588e+02 2.64416e+02 2.34924e+02 2.38077e+02 2.53173e+02 2.60143e+02 2.69464e+02
5.00000e+01 1.21015e+02 1.98567e+02 2.62527e+02 2.64374e+02 2.34301e+02 2.37530e+02 2.52898e+02 2.60003e+02 2.69452e+02
5.00000e+01 1.20888e+02 1.98283e+02 2.62475e+02 2.64337e+02 2.33726e+02 2.37026e+02 2.52645e+02 2.59874e+02 2.69440e+02
5.00000e+01 1.20776e+02 1.98036e+02 2.62429e+02 2.64304e+02 2.33195e+02 2.36560e+02 2.52412e+02 2.59756e+02 2.69430e+02
5.00000e+01 1.20678e+02 1.97821e+02 2.62388e+02 2.64276e+02 2.32704e+02 2.36128e+02 2.52198e+02 2.59648e+02 2.69420e+02
5.00000e+01 1.20591e+02 1.97633e+02 2.62353e+02 2.64251e+02 2.32249e+02 2.35729e+02 2.52000e+02 2.59548e+02 2.69411e+02
5.00000e+01 1.20516e+02 1.97472e+02 2.62323e+02 2.64230e+02 2.31838e+02 2.35369e+02 2.51822e+02 2.59458e+02 2.69404e+02
5.00000e+01 1.20449e+02 1.97332e+02 2.62297e+02 2.64212e+02 2.31460e+02 2.35038e+02 2.51658e+02 2.59376e+02 2.69396e+02
5.00000e+01 1.20390e+02 1.97208e+02 2.62274e+02 2.64196e+02 2.31108e+02 2.34729e+02 2.51507e+02 2.59299e+02 2.69390e+02
5.00000e+01 1.20336e+02 1.97099e+02 2.62253e+02 2.64181e+02 2.30780e+02 2.34441e+02 2.51366e+02 2.59229e+02 2.69384e+02
5.00000e+01 1.20289e+02 1.97003e+02 2.62235e+02 2.64169e+02 2.30474e+02 2.34173e+02 2.51235e+02 2.59163e+02 2.69378e+02
5.00000e+01 1.20246e+02 1.96917e+02 2.62219e+02 2.64158e+02 2.30189e+02 2.33922e+02 2.51113e+02 2.59102e+02 2.69373e+02
5.00000e+01 1.20207e+02 1.96841e+02 2.62205e+02 2.64148e+02 2.29923e+02 2.33688e+02 2.51000e+02 2.59045e+02 2.69368e+02
5.00000e+01 1.20172e+02 1.96773e+02 2.62193e+02 2.64139e+02 2.29674e+02 2.33470e+02 2.50894e+02 2.58992e+02 2.69364e+02
5.00000e+01 1.20141e+02 1.96713e+02 2.62182e+02 2.64131e+02 2.29441e+02 2.33265e+02 2.50795e+02 2.58943e+02 2.69360e+02
