2.70000000e+02
5.00000000e+01
5.00000000e+01
5.00000000e+01
5.00000000e+01
5.00000000e+01
5.00000000e+01
5.00000000e+01
5.00000000e+01
5.00000000e+01
5.00000000e+01
5.00000000e+01
5.00000000e+01
5.00000000e+01
5.00000000e+01
5.00000000e+01
5.00000000e+01
5.00000000e+01
5.00000000e+01
5.00000000e+01
5.00000000e+01
5.00000000e+01
5.00000000e+01
5.00000000e+01
5.00000000e+01
5.00000000e+01
5.00000000e+01
5.00000000e+01
5.00000000e+01
5.00000000e+01
5.00000000e+01
5.00000000e+01
5.00000000e+01
5.00000000e+01
5.00000000e+01
5.00000000e+01
5.00000000e+01
2.70000000e+02
1.50000000e+02
1.43511936e+02
1.39590928e+02
1.36576905e+02
1.33987387e+02
1.31756094e+02
1.29919456e+02
1.28411572e+02
1.27165822e+02
1.26129251e+02
1.25260972e+02
1.24529327e+02
1.23909558e+02
1.23382081e+02
1.22931244e+02
1.22544416e+02
1.22211318e+02
1.21923524e+02
1.21674084e+02
1.21457234e+02
1.21268166e+02
1.21102856e+02
1.20957920e+02
1.20830504e+02
1.20718193e+02
1.20621426e+02
1.20535328e+02
1.20458581e+02
1.20390029e+02
1.20328659e+02
1.20273589e+02
1.20224056e+02
1.20179399e+02
1.20139045e+02
1.20102496e+02
1.20069318e+02
2.70000000e+02
2.50000000e+02
2.44429889e+02
2.38896034e+02
2.33317217e+02
2.28067856e+02
2.23457384e+02
2.19511028e+02
2.16166787e+02
2.13343392e+02
2.10961338e+02
2.08949824e+02
2.07248298e+02
2.05805945e+02
2.04580487e+02
2.03536860e+02
2.02646002e+02
2.01883795e+02
2.01230190e+02
2.00668473e+02
2.00184685e+02
1.99767128e+02
1.99405979e+02
1.99092968e+02
1.98821116e+02
1.98584522e+02
1.98382487e+02
1.98205402e+02
1.98049891e+02
1.97913044e+02
1.97792363e+02
1.97685710e+02
1.97591248e+02
1.97507400e+02
1.97432809e+02
1.97366304e+02
1.97306874e+02
2.68696003e+02
2.68583898e+02
2.68304033e+02
2.67895172e+02
2.67391082e+02
2.66837257e+02
2.66277056e+02
2.65742222e+02
2.65250689e+02
2.64809799e+02
2.64420343e+02
2.64079594e+02
2.63783207e+02
2.63526311e+02
2.63304083e+02
2.63112025e+02
2.62946088e+02
2.62802691e+02
2.62678708e+02
2.62571430e+02
2.62478519e+02
2.62397966e+02
2.62328042e+02
2.62267267e+02
2.62214371e+02
2.62168263e+02
2.62128483e+02
2.62093836e+02
2.62063475e+02
2.62036787e+02
2.62013274e+02
2.61992515e+02
2.61974151e+02
2.61957872e+02
2.61943413e+02
2.61930542e+02
2.61919060e+02
2.68305434e+02
2.68278591e+02
2.68169195e+02
2.67974465e+02
2.67708403e+02
2.67395019e+02
2.67061719e+02
2.66731840e+02
2.66421017e+02
2.66137497e+02
2.65884238e+02
2.65661004e+02
2.65465876e+02
2.65296194e+02
2.65149095e+02
2.65021789e+02
2.64911702e+02
2.64816521e+02
2.64734208e+02
2.64662983e+02
2.64601305e+02
2.64547845e+02
2.64501455e+02
2.64461154e+02
2.64426096e+02
2.64395555e+02
2.64369309e+02
2.64346339e+02
2.64326244e+02
2.64308607e+02
2.64293086e+02
2.64279399e+02
2.64267303e+02
2.64256592e+02
2.64247088e+02
2.64238636e+02
2.64231106e+02
2.70139298e+02
2.69798669e+02
2.68194432e+02
2.65820068e+02
2.63154210e+02
2.60431678e+02
2.57771437e+02
2.55234400e+02
2.52850413e+02
2.50631416e+02
2.48578696e+02
2.46687342e+02
2.44949017e+02
2.43353664e+02
2.41890564e+02
2.40548979e+02
2.39318530e+02
2.38189416e+02
2.37152523e+02
2.36199462e+02
2.35322571e+02
2.34514887e+02
2.33770105e+02
2.33082534e+02
2.32447036e+02
2.31858987e+02
2.31327744e+02
2.30834204e+02
2.30374913e+02
2.29947125e+02
2.29548316e+02
2.29176187e+02
2.28828648e+02
2.28503800e+02
2.28199912e+02
2.27915408e+02
2.27648848e+02
2.70269341e+02
2.69901423e+02
2.68290220e+02
2.65989377e+02
2.63475664e+02
2.60957437e+02
2.58528719e+02
2.56232833e+02
2.54088598e+02
2.52101431e+02
2.50268959e+02
2.48584406e+02
2.47038689e+02
2.45621710e+02
2.44323144e+02
2.43132909e+02
2.42041429e+02
2.41039775e+02
2.40119722e+02
2.39273755e+02
2.38495047e+02
2.37777423e+02
2.37115309e+02
2.36503684e+02
2.35938029e+02
2.35414275e+02
2.34941488e+02
2.34501558e+02
2.34091795e+02
2.33709870e+02
2.33353591e+02
2.33020952e+02
2.32710121e+02
2.32419430e+02
2.32147357e+02
2.31892516e+02
2.31653639e+02
2.70764108e+02
2.70513322e+02
2.69567677e+02
2.68276416e+02
2.66900541e+02
2.65540763e+02
2.64239486e+02
2.63015559e+02
2.61876697e+02
2.60824325e+02
2.59856102e+02
2.58967576e+02
2.58153256e+02
2.57407277e+02
2.56723798e+02
2.56097232e+02
2.55522356e+02
2.54994368e+02
2.54508893e+02
2.54061972e+02
2.53650033e+02
2.53269866e+02
2.52918586e+02
2.52593602e+02
2.52292590e+02
2.52013457e+02
2.51761563e+02
2.51526865e+02
2.51307915e+02
2.51103498e+02
2.50912499e+02
2.50733901e+02
2.50566776e+02
2.50410275e+02
2.50263621e+02
2.50126101e+02
2.49997062e+02
2.70860860e+02
2.70676164e+02
2.69907333e+02
2.68880770e+02
2.67884678e+02
2.66991316e+02
2.66198934e+02
2.65492548e+02
2.64858883e+02
2.64287808e+02
2.63771353e+02
2.63302970e+02
2.62877128e+02
2.62489076e+02
2.62134702e+02
2.61810427e+02
2.61513120e+02
2.61240041e+02
2.60988782e+02
2.60757219e+02
2.60543480e+02
2.60345903e+02
2.60163014e+02
2.59993501e+02
2.59836191e+02
2.59690036e+02
2.59558118e+02
2.59435120e+02
2.59320021e+02
2.59212281e+02
2.59111396e+02
2.59016885e+02
2.58928294e+02
2.58845205e+02
2.58767229e+02
2.58694008e+02
2.58625212e+02
2.70881160e+02
2.70797631e+02
2.70631360e+02
2.70484964e+02
2.70367129e+02
2.70270248e+02
2.70188404e+02
2.70117909e+02
2.70056496e+02
2.70002599e+02
2.69955037e+02
2.69912874e+02
2.69875351e+02
2.69841840e+02
2.69811814e+02
2.69784829e+02
2.69760508e+02
2.69738529e+02
2.69718614e+02
2.69700527e+02
2.69684061e+02
2.69669037e+02
2.69655301e+02
2.69642718e+02
2.69631167e+02
2.69620546e+02
2.69611042e+02
2.69602253e+02
2.69594103e+02
2.69586538e+02
2.69579509e+02
2.69572972e+02
2.69566884e+02
2.69561209e+02
2.69555914e+02
2.69550968e+02
2.69546344e+02
