2.70000000e+02
5.00000000e+01
5.00000000e+01
5.00000000e+01
5.00000000e+01
5.00000000e+01
5.00000000e+01
5.00000000e+01
5.00000000e+01
5.00000000e+01
5.00000000e+01
5.00000000e+01
5.00000000e+01
5.00000000e+01
5.00000000e+01
5.00000000e+01
5.00000000e+01
5.00000000e+01
5.00000000e+01
5.00000000e+01
5.00000000e+01
5.00000000e+01
5.00000000e+01
5.00000000e+01
5.00000000e+01
5.00000000e+01
5.00000000e+01
5.00000000e+01
5.00000000e+01
5.00000000e+01
5.00000000e+01
5.00000000e+01
5.00000000e+01
5.00000000e+01
5.00000000e+01
5.00000000e+01
5.00000000e+01
2.70000000e+02
1.50000000e+02
1.43470148e+02
1.39594930e+02
1.36622126e+02
1.34056269e+02
1.31843332e+02
1.30019908e+02
1.28519496e+02
1.27276613e+02
1.26239478e+02
1.25368226e+02
1.24632033e+02
1.24006795e+02
1.23473430e+02
1.23016648e+02
1.22624078e+02
1.22285612e+02
1.21992935e+02
1.21739153e+02
1.21518524e+02
1.21326239e+02
1.21158252e+02
1.21011147e+02
1.20882030e+02
1.20768443e+02
1.20668289e+02
1.20579782e+02
1.20501388e+02
1.20431795e+02
1.20369875e+02
1.20314655e+02
1.20266588e+02
1.20223717e+02
1.20185064e+02
1.20150163e+02
1.20118585e+02
2.70000000e+02
2.50000000e+02
2.44371575e+02
2.38787782e+02
2.33156037e+02
2.27836729e+02
2.23134219e+02
2.19078230e+02
2.15613808e+02
2.12665989e+02
2.10160137e+02
2.08028909e+02
2.06214035e+02
2.04666070e+02
2.03343426e+02
2.02211253e+02
2.01240369e+02
2.00406315e+02
1.99688566e+02
1.99069859e+02
1.98535642e+02
1.98073629e+02
1.97673417e+02
1.97326184e+02
1.97024434e+02
1.96761786e+02
1.96532800e+02
1.96332829e+02
1.96157900e+02
1.96004612e+02
1.95870048e+02
1.95751706e+02
1.95649961e+02
1.95560566e+02
1.95481150e+02
1.95410474e+02
1.95347461e+02
2.68711286e+02
2.68629592e+02
2.68388634e+02
2.68011781e+02
2.67528672e+02
2.66981882e+02
2.66414509e+02
2.65860576e+02
2.65341574e+02
2.64868335e+02
2.64444443e+02
2.64069156e+02
2.63739424e+02
2.63451153e+02
2.63199928e+02
2.62981421e+02
2.62791591e+02
2.62626769e+02
2.62483685e+02
2.62359454e+02
2.62251552e+02
2.62157782e+02
2.62076235e+02
2.62005260e+02
2.61943427e+02
2.61889502e+02
2.61842421e+02
2.61801263e+02
2.61765236e+02
2.61733655e+02
2.61705930e+02
2.61681552e+02
2.61660346e+02
2.61641835e+02
2.61625490e+02
2.61610985e+02
2.61598077e+02
2.68319421e+02
2.68300646e+02
2.68209360e+02
2.68032139e+02
2.67778218e+02
2.67469094e+02
2.67131369e+02
2.66789223e+02
2.66460218e+02
2.66154807e+02
2.65877876e+02
2.65630643e+02
2.65412175e+02
2.65220423e+02
2.65052859e+02
2.64906844e+02
2.64779830e+02
2.64669454e+02
2.64573582e+02
2.64490317e+02
2.64417987e+02
2.64355131e+02
2.64300475e+02
2.64252916e+02
2.64211496e+02
2.64175387e+02
2.64143875e+02
2.64116342e+02
2.64092255e+02
2.64071154e+02
2.64052642e+02
2.64036376e+02
2.64022316e+02
2.64009948e+02
2.63999040e+02
2.63989382e+02
2.63980800e+02
2.66239055e+02
2.66189029e+02
2.65018430e+02
2.63180096e+02
2.61081086e+02
2.58913822e+02
2.56777072e+02
2.54723419e+02
2.52780411e+02
2.50960700e+02
2.49267816e+02
2.47699821e+02
2.46251615e+02
2.44916388e+02
2.43686528e+02
2.42554194e+02
2.41511660e+02
2.40551522e+02
2.39666814e+02
2.38851062e+02
2.38098296e+02
2.37403050e+02
2.36760336e+02
2.36165615e+02
2.35614766e+02
2.35104051e+02
2.34630082e+02
2.34189786e+02
2.33780378e+02
2.33399332e+02
2.33044355e+02
2.32713366e+02
2.32413617e+02
2.32136629e+02
2.31877027e+02
2.31633428e+02
2.31404636e+02
2.66842003e+02
2.66779248e+02
2.65642030e+02
2.63874370e+02
2.61885570e+02
2.59858316e+02
2.57879476e+02
2.55992150e+02
2.54217287e+02
2.52563181e+02
2.51030558e+02
2.49615744e+02
2.48312643e+02
2.47113964e+02
2.46011976e+02
2.44998965e+02
2.44067492e+02
2.43210545e+02
2.42421606e+02
2.41694674e+02
2.41024260e+02
2.40405367e+02
2.39833458e+02
2.39304421e+02
2.38814536e+02
2.38360437e+02
2.37939078e+02
2.37547704e+02
2.37183822e+02
2.36845173e+02
2.36529709e+02
2.36235571e+02
2.35969691e+02
2.35723860e+02
2.35493221e+02
2.35276668e+02
2.35073219e+02
2.69571789e+02
2.69375836e+02
2.68463761e+02
2.67207253e+02
2.65880780e+02
2.64586513e+02
2.63363579e+02
2.62226696e+02
2.61180004e+02
2.60222188e+02
2.59348944e+02
2.58554464e+02
2.57832341e+02
2.57176113e+02
2.56579559e+02
2.56036861e+02
2.55542673e+02
2.55092140e+02
2.54680884e+02
2.54304975e+02
2.53960900e+02
2.53645518e+02
2.53356029e+02
2.53089934e+02
2.52845003e+02
2.52619246e+02
2.52410883e+02
2.52218324e+02
2.52040144e+02
2.51875067e+02
2.51721945e+02
2.51579749e+02
2.51450856e+02
2.51331828e+02
2.51220849e+02
2.51117225e+02
2.51020327e+02
2.70354008e+02
2.70204657e+02
2.69432547e+02
2.68377011e+02
2.67353425e+02
2.66444534e+02
2.65649806e+02
2.64952328e+02
2.64336385e+02
2.63789696e+02
2.63302587e+02
2.62867193e+02
2.62476964e+02
2.62126355e+02
2.61810618e+02
2.61525660e+02
2.61267940e+02
2.61034377e+02
2.60822289e+02
2.60629331e+02
2.60453449e+02
2.60292844e+02
2.60145929e+02
2.60011310e+02
2.59887753e+02
2.59774169e+02
2.59669592e+02
2.59573164e+02
2.59484121e+02
2.59401784e+02
2.59325546e+02
2.59254862e+02
2.59190881e+02
2.59131816e+02
2.59076767e+02
2.59025421e+02
2.58977478e+02
2.70839105e+02
2.70752123e+02
2.70560453e+02
2.70390664e+02
2.70254716e+02
2.70144100e+02
2.70051763e+02
2.69973182e+02
2.69905519e+02
2.69846797e+02
2.69795533e+02
2.69750562e+02
2.69710948e+02
2.69675922e+02
2.69644847e+02
2.69617189e+02
2.69592500e+02
2.69570397e+02
2.69550557e+02
2.69532701e+02
2.69516591e+02
2.69502022e+02
2.69488815e+02
2.69476818e+02
2.69465896e+02
2.69455932e+02
2.69446825e+02
2.69438485e+02
2.69430833e+02
2.69423801e+02
2.69417328e+02
2.69411358e+02
2.69405962e+02
2.69401016e+02
2.69396433e+02
2.69392177e+02
2.69388220e+02
