2.70000000e+02
5.00000000e+01
5.00000000e+01
5.00000000e+01
5.00000000e+01
5.00000000e+01
5.00000000e+01
5.00000000e+01
5.00000000e+01
5.00000000e+01
5.00000000e+01
5.00000000e+01
5.00000000e+01
5.00000000e+01
5.00000000e+01
5.00000000e+01
5.00000000e+01
5.00000000e+01
5.00000000e+01
5.00000000e+01
5.00000000e+01
5.00000000e+01
5.00000000e+01
5.00000000e+01
5.00000000e+01
5.00000000e+01
5.00000000e+01
5.00000000e+01
5.00000000e+01
5.00000000e+01
5.00000000e+01
5.00000000e+01
5.00000000e+01
5.00000000e+01
5.00000000e+01
5.00000000e+01
5.00000000e+01
2.70000000e+02
1.50000000e+02
1.43626374e+02
1.39784275e+02
1.36842389e+02
1.34322617e+02
1.32135009e+02
1.30316645e+02
1.28815940e+02
1.27570321e+02
1.26529077e+02
1.25652853e+02
1.24911117e+02
1.24279945e+02
1.23740372e+02
1.23277200e+02
1.22878118e+02
1.22533072e+02
1.22233786e+02
1.21973401e+02
1.21746203e+02
1.21547406e+02
1.21372986e+02
1.21219544e+02
1.21084202e+02
1.20964515e+02
1.20858398e+02
1.20764071e+02
1.20680010e+02
1.20604908e+02
1.20537639e+02
1.20477237e+02
1.20422865e+02
1.20373800e+02
1.20329416e+02
1.20289170e+02
1.20253634e+02
2.70000000e+02
2.50000000e+02
2.44495381e+02
2.38962077e+02
2.33382443e+02
2.28098408e+02
2.23418301e+02
2.19377449e+02
2.15922509e+02
2.12980010e+02
2.10476544e+02
2.08345635e+02
2.06529606e+02
2.04979408e+02
2.03653725e+02
2.02517891e+02
2.01542855e+02
2.00704258e+02
1.99981647e+02
1.99357819e+02
1.98818274e+02
1.98350766e+02
1.97944931e+02
1.97591981e+02
1.97284451e+02
1.97015990e+02
1.96781182e+02
1.96575405e+02
1.96394708e+02
1.96235708e+02
1.96095506e+02
1.95971615e+02
1.95861896e+02
1.95764511e+02
1.95677876e+02
1.95600627e+02
1.95533363e+02
2.68781135e+02
2.68698050e+02
2.68457403e+02
2.68080558e+02
2.67596717e+02
2.67048693e+02
2.66479843e+02
2.65924393e+02
2.65403979e+02
2.64929484e+02
2.64504480e+02
2.64128190e+02
2.63797529e+02
2.63508368e+02
2.63256269e+02
2.63036886e+02
2.62846164e+02
2.62680427e+02
2.62536400e+02
2.62411199e+02
2.62302299e+02
2.62207506e+02
2.62124915e+02
2.62052877e+02
2.61989969e+02
2.61934961e+02
2.61886792e+02
2.61844547e+02
2.61807436e+02
2.61774780e+02
2.61745992e+02
2.61720565e+02
2.61698063e+02
2.61678107e+02
2.61660374e+02
2.61644580e+02
2.61630659e+02
2.68359843e+02
2.68340819e+02
2.68251252e+02
2.68076745e+02
2.67825573e+02
2.67518827e+02
2.67183021e+02
2.66842374e+02
2.66514550e+02
2.66210093e+02
2.65933949e+02
2.65687361e+02
2.65469412e+02
2.65278058e+02
2.65110777e+02
2.64964936e+02
2.64837994e+02
2.64727594e+02
2.64631611e+02
2.64548156e+02
2.64475566e+02
2.64412387e+02
2.64357354e+02
2.64309371e+02
2.64267488e+02
2.64230885e+02
2.64198852e+02
2.64170778e+02
2.64146134e+02
2.64124467e+02
2.64105381e+02
2.64088540e+02
2.64073650e+02
2.64060459e+02
2.64048748e+02
2.64038330e+02
2.64029214e+02
2.74865698e+02
2.74327188e+02
2.72541824e+02
2.70096082e+02
2.67448472e+02
2.64801400e+02
2.62247774e+02
2.59829411e+02
2.57563143e+02
2.55452839e+02
2.53495256e+02
2.51683369e+02
2.50008307e+02
2.48460473e+02
2.47030198e+02
2.45708110e+02
2.44485337e+02
2.43353602e+02
2.42305263e+02
2.41333308e+02
2.40431332e+02
2.39593499e+02
2.38814506e+02
2.38089530e+02
2.37414195e+02
2.36784522e+02
2.36196897e+02
2.35648032e+02
2.35134934e+02
2.34654877e+02
2.34205372e+02
2.33784149e+02
2.33389130e+02
2.33018417e+02
2.32670266e+02
2.32343082e+02
2.32045194e+02
2.74484058e+02
2.74029708e+02
2.72473300e+02
2.70307139e+02
2.67945350e+02
2.65573614e+02
2.63278189e+02
2.61099579e+02
2.59055491e+02
2.57151286e+02
2.55385191e+02
2.53751445e+02
2.52242230e+02
2.50848857e+02
2.49562457e+02
2.48374390e+02
2.47276468e+02
2.46261056e+02
2.45321118e+02
2.44450212e+02
2.43642467e+02
2.42892551e+02
2.42195622e+02
2.41547292e+02
2.40943582e+02
2.40380885e+02
2.39855927e+02
2.39365734e+02
2.38907602e+02
2.38479072e+02
2.38077900e+02
2.37702043e+02
2.37349630e+02
2.37018955e+02
2.36708452e+02
2.36416688e+02
2.36151305e+02
2.72511883e+02
2.72235708e+02
2.71268589e+02
2.69971906e+02
2.68605419e+02
2.67266430e+02
2.65994701e+02
2.64806808e+02
2.63708371e+02
2.62699066e+02
2.61775139e+02
2.60931034e+02
2.60160436e+02
2.59456890e+02
2.58814162e+02
2.58226413e+02
2.57688288e+02
2.57194931e+02
2.56741972e+02
2.56325496e+02
2.55942006e+02
2.55588378e+02
2.55261826e+02
2.54959863e+02
2.54680266e+02
2.54421044e+02
2.54180415e+02
2.53956780e+02
2.53748700e+02
2.53554881e+02
2.53374154e+02
2.53205465e+02
2.53047858e+02
2.52900468e+02
2.52762508e+02
2.52633262e+02
2.52514775e+02
2.71719377e+02
2.71518090e+02
2.70730878e+02
2.69694819e+02
2.68696956e+02
2.67808039e+02
2.67025711e+02
2.66334345e+02
2.65719761e+02
2.65170955e+02
2.64679179e+02
2.64237209e+02
2.63838938e+02
2.63479141e+02
2.63153314e+02
2.62857563e+02
2.62588510e+02
2.62343217e+02
2.62119123e+02
2.61913990e+02
2.61725857e+02
2.61553004e+02
2.61393915e+02
2.61247253e+02
2.61111835e+02
2.60986612e+02
2.60870649e+02
2.60763117e+02
2.60663271e+02
2.60570448e+02
2.60484051e+02
2.60403543e+02
2.60328441e+02
2.60258310e+02
2.60192755e+02
2.60131419e+02
2.60075190e+02
2.70934585e+02
2.70848346e+02
2.70678040e+02
2.70529475e+02
2.70410903e+02
2.70314260e+02
2.70233343e+02
2.70164203e+02
2.70104395e+02
2.70052245e+02
2.70006494e+02
2.69966157e+02
2.69930436e+02
2.69898677e+02
2.69870339e+02
2.69844966e+02
2.69822176e+02
2.69801643e+02
2.69783091e+02
2.69766283e+02
2.69751017e+02
2.69737115e+02
2.69724428e+02
2.69712824e+02
2.69702187e+02
2.69692417e+02
2.69683428e+02
2.69675141e+02
2.69667489e+02
2.69660412e+02
2.69653856e+02
2.69647774e+02
2.69642123e+02
2.69636867e+02
2.69631971e+02
2.69627406e+02
2.69623228e+02
