2.70000e+02 2.70000e+02 2.70000e+02 2.68650e+02 2.68321e+02 2.68725e+02 2.69046e+02 2.70365e+02 2.70698e+02 2.70857e+02
2.70000e+02 2.70000e+02 2.70000e+02 2.68650e+02 2.68321e+02 2.68725e+02 2.69046e+02 2.70365e+02 2.70698e+02 2.70857e+02
5.00000e+01 1.50000e+02 2.50000e+02 2.68550e+02 2.68292e+02 2.68434e+02 2.68804e+02 2.70136e+02 2.70524e+02 2.70759e+02
5.00000e+01 1.43880e+02 2.44403e+02 2.68291e+02 2.68176e+02 2.66825e+02 2.67417e+02 2.69164e+02 2.69708e+02 2.70555e+02
5.00000e+01 1.40078e+02 2.38870e+02 2.67905e+02 2.67972e+02 2.64495e+02 2.65363e+02 2.67850e+02 2.68616e+02 2.70372e+02
5.00000e+01 1.37137e+02 2.33327e+02 2.67425e+02 2.67694e+02 2.61923e+02 2.63072e+02 2.66473e+02 2.67569e+02 2.70225e+02
5.00000e+01 1.34626e+02 2.28107e+02 2.66896e+02 2.67370e+02 2.59325e+02 2.60745e+02 2.65134e+02 2.66647e+02 2.70105e+02
5.00000e+01 1.32519e+02 2.23511e+02 2.66358e+02 2.67027e+02 2.56804e+02 2.58478e+02 2.63869e+02 2.65846e+02 2.70005e+02
5.00000e+01 1.30715e+02 2.19569e+02 2.65843e+02 2.66689e+02 2.54409e+02 2.56320e+02 2.62695e+02 2.65148e+02 2.69919e+02
5.00000e+01 1.29219e+02 2.16217e+02 2.65369e+02 2.66371e+02 2.52163e+02 2.54296e+02 2.61615e+02 2.64534e+02 2.69845e+02
5.00000e+01 1.27976e+02 2.13375e+02 2.64942e+02 2.66081e+02 2.50074e+02 2.52412e+02 2.60629e+02 2.63993e+02 2.69781e+02
5.00000e+01 1.26938e+02 2.10967e+02 2.64565e+02 2.65822e+02 2.48139e+02 2.50669e+02 2.59731e+02 2.63513e+02 2.69725e+02
5.00000e+01 1.26065e+02 2.08926e+02 2.64234e+02 2.65594e+02 2.46355e+02 2.49063e+02 2.58916e+02 2.63086e+02 2.69676e+02
5.00000e+01 1.25328e+02 2.07192e+02 2.63945e+02 2.65394e+02 2.44712e+02 2.47587e+02 2.58177e+02 2.62705e+02 2.69633e+02
5.00000e+01 1.24702e+02 2.05718e+02 2.63695e+02 2.65220e+02 2.43202e+02 2.46231e+02 2.57507e+02 2.62365e+02 2.69594e+02
5.00000e+01 1.24168e+02 2.04462e+02 2.63478e+02 2.65070e+02 2.41815e+02 2.44988e+02 2.56901e+02 2.62061e+02 2.69560e+02
5.00000e+01 1.23711e+02 2.03389e+02 2.63290e+02 2.64939e+02 2.40541e+02 2.43847e+02 2.56351e+02 2.61788e+02 2.69530e+02
5.00000e+01 1.23318e+02 2.02471e+02 2.63128e+02 2.64826e+02 2.39371e+02 2.42801e+02 2.55852e+02 2.61542e+02 2.69503e+02
5.00000e+01 1.22980e+02 2.01684e+02 2.62987e+02 2.64728e+02 2.38296e+02 2.41840e+02 2.55399e+02 2.61321e+02 2.69479e+02
5.00000e+01 1.22687e+02 2.01009e+02 2.62866e+02 2.64644e+02 2.37308e+02 2.40959e+02 2.54987e+02 2.61121e+02 2.69457e+02
5.00000e+01 1.22434e+02 2.00427e+02 2.62761e+02 2.64570e+02 2.36400e+02 2.40148e+02 2.54611e+02 2.60941e+02 2.69438e+02
5.00000e+01 1.22214e+02 1.99926e+02 2.62670e+02 2.64507e+02 2.35563e+02 2.39403e+02 2.54269e+02 2.60777e+02 2.69420e+02
5.00000e+01 1.22022e+02 1.99494e+02 2.62591e+02 2.64452e+02 2.34793e+02 2.38717e+02 2.53957e+02 2.60628e+02 2.69405e+02
5.00000e+01 1.21854e+02 1.99120e+02 2.62523e+02 2.64404e+02 2.34083e+02 2.38085e+02 2.53672e+02 2.60493e+02 2.69390e+02
5.00000e+01 1.21707e+02 1.98795e+02 2.62464e+02 2.64363e+02 2.33427e+02 2.37502e+02 2.53410e+02 2.60369e+02 2.69377e+02
5.00000e+01 1.21578e+02 1.98514e+02 2.62412e+02 2.64327e+02 2.32822e+02 2.36964e+02 2.53171e+02 2.60257e+02 2.69366e+02
5.00000e+01 1.21464e+02 1.98269e+02 2.62367e+02 2.64296e+02 2.32263e+02 2.36467e+02 2.52951e+02 2.60154e+02 2.69355e+02
5.00000e+01 1.21364e+02 1.98056e+02 2.62328e+02 2.64269e+02 2.31745e+02 2.36008e+02 2.52749e+02 2.60059e+02 2.69345e+02
5.00000e+01 1.21276e+02 1.97869e+02 2.62294e+02 2.64245e+02 2.31265e+02 2.35582e+02 2.52563e+02 2.59973e+02 2.69336e+02
5.00000e+01 1.21197e+02 1.97707e+02 2.62264e+02 2.64224e+02 2.30821e+02 2.35187e+02 2.52392e+02 2.59893e+02 2.69328e+02
5.00000e+01 1.21127e+02 1.97564e+02 2.62238e+02 2.64206e+02 2.30408e+02 2.34822e+02 2.52233e+02 2.59820e+02 2.69320e+02
5.00000e+01 1.21065e+02 1.97439e+02 2.62215e+02 2.64190e+02 2.30025e+02 2.34482e+02 2.52088e+02 2.59753e+02 2.69313e+02
5.00000e+01 1.21010e+02 1.97328e+02 2.62195e+02 2.64176e+02 2.29669e+02 2.34166e+02 2.51953e+02 2.59691e+02 2.69307e+02
5.00000e+01 1.20960e+02 1.97231e+02 2.62177e+02 2.64164e+02 2.29337e+02 2.33873e+02 2.51828e+02 2.59634e+02 2.69301e+02
5.00000e+01 1.20915e+02 1.97145e+02 2.62161e+02 2.64153e+02 2.29029e+02 2.33599e+02 2.51712e+02 2.59581e+02 2.69296e+02
5.00000e+01 1.20875e+02 1.97069e+02 2.62148e+02 2.64143e+02 2.28741e+02 2.33345e+02 2.51604e+02 2.59532e+02 2.69291e+02
5.00000e+01 1.20839e+02 1.97002e+02 2.62135e+02 2.64135e+02 2.28473e+02 2.33107e+02 2.51505e+02 2.59486e+02 2.69286e+02
5.00000e+01 1.20808e+02 1.96943e+02 2.62125e+02 2.64127e+02 2.28231e+02 2.32893e+02 2.51414e+02 2.59445e+02 2.69282e+02
