2.70000e+02 2.70000e+02 2.70000e+02 2.68757e+02 2.68408e+02 2.71784e+02 2.71755e+02 2.71535e+02 2.71289e+02 2.70904e+02
2.70000e+02 2.70000e+02 2.70000e+02 2.68757e+02 2.68408e+02 2.71784e+02 2.71755e+02 2.71535e+02 2.71289e+02 2.70904e+02
5.00000e+01 1.50000e+02 2.50000e+02 2.68659e+02 2.68379e+02 2.71418e+02 2.71322e+02 2.71266e+02 2.71094e+02 2.70821e+02
5.00000e+01 1.43644e+02 2.44480e+02 2.68402e+02 2.68261e+02 2.69961e+02 2.69766e+02 2.70316e+02 2.70322e+02 2.70654e+02
5.00000e+01 1.39793e+02 2.38981e+02 2.68014e+02 2.68052e+02 2.67808e+02 2.67621e+02 2.69034e+02 2.69301e+02 2.70508e+02
5.00000e+01 1.36837e+02 2.33451e+02 2.67524e+02 2.67764e+02 2.65376e+02 2.65302e+02 2.67681e+02 2.68315e+02 2.70392e+02
5.00000e+01 1.34308e+02 2.28228e+02 2.66974e+02 2.67423e+02 2.62878e+02 2.62986e+02 2.66356e+02 2.67435e+02 2.70296e+02
5.00000e+01 1.32114e+02 2.23617e+02 2.66407e+02 2.67056e+02 2.60426e+02 2.60755e+02 2.65098e+02 2.66660e+02 2.70216e+02
5.00000e+01 1.30292e+02 2.19648e+02 2.65856e+02 2.66689e+02 2.58080e+02 2.58645e+02 2.63922e+02 2.65971e+02 2.70148e+02
5.00000e+01 1.28789e+02 2.16265e+02 2.65341e+02 2.66339e+02 2.55868e+02 2.56673e+02 2.62832e+02 2.65356e+02 2.70089e+02
5.00000e+01 1.27543e+02 2.13391e+02 2.64873e+02 2.66017e+02 2.53803e+02 2.54842e+02 2.61830e+02 2.64804e+02 2.70037e+02
5.00000e+01 1.26504e+02 2.10951e+02 2.64454e+02 2.65726e+02 2.51888e+02 2.53151e+02 2.60910e+02 2.64306e+02 2.69992e+02
5.00000e+01 1.25630e+02 2.08879e+02 2.64084e+02 2.65467e+02 2.50117e+02 2.51592e+02 2.60067e+02 2.63856e+02 2.69951e+02
5.00000e+01 1.24891e+02 2.07116e+02 2.63760e+02 2.65239e+02 2.48485e+02 2.50157e+02 2.59296e+02 2.63447e+02 2.69916e+02
5.00000e+01 1.24263e+02 2.05613e+02 2.63476e+02 2.65040e+02 2.46982e+02 2.48838e+02 2.58591e+02 2.63076e+02 2.69884e+02
5.00000e+01 1.23728e+02 2.04329e+02 2.63230e+02 2.64866e+02 2.45598e+02 2.47625e+02 2.57945e+02 2.62738e+02 2.69856e+02
5.00000e+01 1.23269e+02 2.03231e+02 2.63015e+02 2.64714e+02 2.44323e+02 2.46508e+02 2.57353e+02 2.62429e+02 2.69830e+02
5.00000e+01 1.22874e+02 2.02289e+02 2.62829e+02 2.64582e+02 2.43149e+02 2.45478e+02 2.56810e+02 2.62146e+02 2.69808e+02
5.00000e+01 1.22533e+02 2.01480e+02 2.62667e+02 2.64467e+02 2.42066e+02 2.44529e+02 2.56311e+02 2.61887e+02 2.69787e+02
5.00000e+01 1.22238e+02 2.00784e+02 2.62526e+02 2.64368e+02 2.41066e+02 2.43652e+02 2.55852e+02 2.61648e+02 2.69768e+02
5.00000e+01 1.21981e+02 2.00183e+02 2.62404e+02 2.64281e+02 2.40141e+02 2.42841e+02 2.55428e+02 2.61428e+02 2.69751e+02
5.00000e+01 1.21758e+02 1.99664e+02 2.62298e+02 2.64206e+02 2.39285e+02 2.42089e+02 2.55037e+02 2.61226e+02 2.69736e+02
5.00000e+01 1.21563e+02 1.99215e+02 2.62206e+02 2.64141e+02 2.38491e+02 2.41392e+02 2.54675e+02 2.61038e+02 2.69722e+02
5.00000e+01 1.21392e+02 1.98826e+02 2.62126e+02 2.64084e+02 2.37753e+02 2.40743e+02 2.54339e+02 2.60864e+02 2.69709e+02
5.00000e+01 1.21242e+02 1.98488e+02 2.62056e+02 2.64035e+02 2.37066e+02 2.40138e+02 2.54028e+02 2.60703e+02 2.69697e+02
5.00000e+01 1.21110e+02 1.98193e+02 2.61995e+02 2.63992e+02 2.36425e+02 2.39574e+02 2.53738e+02 2.60552e+02 2.69686e+02
5.00000e+01 1.20993e+02 1.97937e+02 2.61942e+02 2.63954e+02 2.35827e+02 2.39047e+02 2.53467e+02 2.60412e+02 2.69676e+02
5.00000e+01 1.20890e+02 1.97712e+02 2.61896e+02 2.63921e+02 2.35268e+02 2.38554e+02 2.53215e+02 2.60281e+02 2.69667e+02
5.00000e+01 1.20798e+02 1.97516e+02 2.61855e+02 2.63892e+02 2.34744e+02 2.38091e+02 2.52979e+02 2.60159e+02 2.69658e+02
5.00000e+01 1.20716e+02 1.97344e+02 2.61819e+02 2.63867e+02 2.34252e+02 2.37656e+02 2.52757e+02 2.60044e+02 2.69650e+02
5.00000e+01 1.20644e+02 1.97193e+02 2.61788e+02 2.63845e+02 2.33789e+02 2.37247e+02 2.52550e+02 2.59936e+02 2.69643e+02
5.00000e+01 1.20578e+02 1.97060e+02 2.61760e+02 2.63825e+02 2.33354e+02 2.36862e+02 2.52355e+02 2.59835e+02 2.69636e+02
5.00000e+01 1.20519e+02 1.96942e+02 2.61736e+02 2.63808e+02 2.32943e+02 2.36498e+02 2.52171e+02 2.59740e+02 2.69630e+02
5.00000e+01 1.20467e+02 1.96838e+02 2.61714e+02 2.63793e+02 2.32556e+02 2.36155e+02 2.51998e+02 2.59650e+02 2.69624e+02
5.00000e+01 1.20419e+02 1.96746e+02 2.61695e+02 2.63779e+02 2.32189e+02 2.35830e+02 2.51834e+02 2.59565e+02 2.69618e+02
5.00000e+01 1.20376e+02 1.96664e+02 2.61678e+02 2.63767e+02 2.31842e+02 2.35522e+02 2.51679e+02 2.59484e+02 2.69613e+02
5.00000e+01 1.20336e+02 1.96590e+02 2.61663e+02 2.63757e+02 2.31514e+02 2.35230e+02 2.51533e+02 2.59408e+02 2.69608e+02
5.00000e+01 1.20301e+02 1.96526e+02 2.61650e+02 2.63747e+02 2.31210e+02 2.34961e+02 2.51398e+02 2.59338e+02 2.69603e+02
