2.70000000e+02
5.00000000e+01
5.00000000e+01
5.00000000e+01
5.00000000e+01
5.00000000e+01
5.00000000e+01
5.00000000e+01
5.00000000e+01
5.00000000e+01
5.00000000e+01
5.00000000e+01
5.00000000e+01
5.00000000e+01
5.00000000e+01
5.00000000e+01
5.00000000e+01
5.00000000e+01
5.00000000e+01
5.00000000e+01
5.00000000e+01
5.00000000e+01
5.00000000e+01
5.00000000e+01
5.00000000e+01
5.00000000e+01
5.00000000e+01
5.00000000e+01
5.00000000e+01
5.00000000e+01
5.00000000e+01
5.00000000e+01
5.00000000e+01
5.00000000e+01
5.00000000e+01
5.00000000e+01
5.00000000e+01
2.70000000e+02
1.50000000e+02
1.43844050e+02
1.40033934e+02
1.37085729e+02
1.34565522e+02
1.32430578e+02
1.30607924e+02
1.29095043e+02
1.27836211e+02
1.26782560e+02
1.25895410e+02
1.25144451e+02
1.24505765e+02
1.23960283e+02
1.23492649e+02
1.23090377e+02
1.22743234e+02
1.22442776e+02
1.22181991e+02
1.21955029e+02
1.21756984e+02
1.21583729e+02
1.21431777e+02
1.21298176e+02
1.21180416e+02
1.21076363e+02
1.20984192e+02
1.20902344e+02
1.20829482e+02
1.20764459e+02
1.20707733e+02
1.20657038e+02
1.20611261e+02
1.20569870e+02
1.20532367e+02
1.20498311e+02
2.70000000e+02
2.50000000e+02
2.44414850e+02
2.38832137e+02
2.33215821e+02
2.27914500e+02
2.23235539e+02
2.19212033e+02
2.15783244e+02
2.12871030e+02
2.10399599e+02
2.08301121e+02
2.06517090e+02
2.04997940e+02
2.03702034e+02
2.02594521e+02
2.01646249e+02
2.00832820e+02
2.00133780e+02
1.99531955e+02
1.99012891e+02
1.98564404e+02
1.98176199e+02
1.97839563e+02
1.97547108e+02
1.97292561e+02
1.97070584e+02
1.96876632e+02
1.96706828e+02
1.96557861e+02
1.96426900e+02
1.96313895e+02
1.96214555e+02
1.96126353e+02
1.96047868e+02
1.95977875e+02
1.95915314e+02
2.68655500e+02
2.68574916e+02
2.68343462e+02
2.67985600e+02
2.67533749e+02
2.67031959e+02
2.66521235e+02
2.66031423e+02
2.65579697e+02
2.65173356e+02
2.64813530e+02
2.64498013e+02
2.64223045e+02
2.63984319e+02
2.63777524e+02
2.63598607e+02
2.63443894e+02
2.63310117e+02
2.63194409e+02
2.63094273e+02
2.63007548e+02
2.62932368e+02
2.62867126e+02
2.62810442e+02
2.62761127e+02
2.62718163e+02
2.62680674e+02
2.62647911e+02
2.62619229e+02
2.62594073e+02
2.62571970e+02
2.62552710e+02
2.62535891e+02
2.62521033e+02
2.62507846e+02
2.62496107e+02
2.62485631e+02
2.68337382e+02
2.68312385e+02
2.68206596e+02
2.68013205e+02
2.67746554e+02
2.67432944e+02
2.67100928e+02
2.66773655e+02
2.66466127e+02
2.66186019e+02
2.65935916e+02
2.65715403e+02
2.65522522e+02
2.65354648e+02
2.65208983e+02
2.65082813e+02
2.64973630e+02
2.64879177e+02
2.64797460e+02
2.64726734e+02
2.64665481e+02
2.64612388e+02
2.64566323e+02
2.64526311e+02
2.64491513e+02
2.64461208e+02
2.64434777e+02
2.64411690e+02
2.64391488e+02
2.64373781e+02
2.64358232e+02
2.64344738e+02
2.64332893e+02
2.64322445e+02
2.64313188e+02
2.64304956e+02
2.64297617e+02
2.70856435e+02
2.70486832e+02
2.68950323e+02
2.66693627e+02
2.64143069e+02
2.61514562e+02
2.58923844e+02
2.56433987e+02
2.54077558e+02
2.51869626e+02
2.49814628e+02
2.47910536e+02
2.46151529e+02
2.44529677e+02
2.43036029e+02
2.41661278e+02
2.40396192e+02
2.39231868e+02
2.38159878e+02
2.37172348e+02
2.36261988e+02
2.35422092e+02
2.34646519e+02
2.33929668e+02
2.33266440e+02
2.32652200e+02
2.32082743e+02
2.31554253e+02
2.31063268e+02
2.30606651e+02
2.30181555e+02
2.29796607e+02
2.29440066e+02
2.29105730e+02
2.28792157e+02
2.28497881e+02
2.28221520e+02
2.70949737e+02
2.70566162e+02
2.69031276e+02
2.66835846e+02
2.64411599e+02
2.61958366e+02
2.59572549e+02
2.57301706e+02
2.55167748e+02
2.53178947e+02
2.51335581e+02
2.49633191e+02
2.48064651e+02
2.46621472e+02
2.45294625e+02
2.44075052e+02
2.42953970e+02
2.41923049e+02
2.40974499e+02
2.40101114e+02
2.39296269e+02
2.38553909e+02
2.37868515e+02
2.37235073e+02
2.36649032e+02
2.36106268e+02
2.35603045e+02
2.35135978e+02
2.34702005e+02
2.34298350e+02
2.33922497e+02
2.33582469e+02
2.33267280e+02
2.32971359e+02
2.32693675e+02
2.32433032e+02
2.32188238e+02
2.71329232e+02
2.71025078e+02
2.69981397e+02
2.68576390e+02
2.67092287e+02
2.65637358e+02
2.64255432e+02
2.62964403e+02
2.61769888e+02
2.60671548e+02
2.59665715e+02
2.58746893e+02
2.57908727e+02
2.57144604e+02
2.56448021e+02
2.55812783e+02
2.55233114e+02
2.54703700e+02
2.54219695e+02
2.53776711e+02
2.53370785e+02
2.52998354e+02
2.52656215e+02
2.52341495e+02
2.52051617e+02
2.51784270e+02
2.51537381e+02
2.51309089e+02
2.51097724e+02
2.50901784e+02
2.50719918e+02
2.50554171e+02
2.50401066e+02
2.50258467e+02
2.50125350e+02
2.50000869e+02
2.49884310e+02
2.71235305e+02
2.71010516e+02
2.70142702e+02
2.68993265e+02
2.67879788e+02
2.66884902e+02
2.66008293e+02
2.65233440e+02
2.64544380e+02
2.63928728e+02
2.63376854e+02
2.62880910e+02
2.62434282e+02
2.62031288e+02
2.61666997e+02
2.61337103e+02
2.61037832e+02
2.60765868e+02
2.60518294e+02
2.60292540e+02
2.60086336e+02
2.59897678e+02
2.59724791e+02
2.59566105e+02
2.59420224e+02
2.59285908e+02
2.59162055e+02
2.59047682e+02
2.58941913e+02
2.58843962e+02
2.58753130e+02
2.58670372e+02
2.58593812e+02
2.58522528e+02
2.58456060e+02
2.58393980e+02
2.58335911e+02
2.70908067e+02
2.70804081e+02
2.70597294e+02
2.70414400e+02
2.70267339e+02
2.70147033e+02
2.70046162e+02
2.69959907e+02
2.69885198e+02
2.69819990e+02
2.69762765e+02
2.69712329e+02
2.69667711e+02
2.69628110e+02
2.69592856e+02
2.69561383e+02
2.69533209e+02
2.69507924e+02
2.69485175e+02
2.69464660e+02
2.69446115e+02
2.69429315e+02
2.69414062e+02
2.69400185e+02
2.69387533e+02
2.69375977e+02
2.69365399e+02
2.69355701e+02
2.69346792e+02
2.69338594e+02
2.69331038e+02
2.69324191e+02
2.69317901e+02
2.69312073e+02
2.69306663e+02
2.69301632e+02
2.69296944e+02
