2.70000000e+02
5.00000000e+01
5.00000000e+01
5.00000000e+01
5.00000000e+01
5.00000000e+01
5.00000000e+01
5.00000000e+01
5.00000000e+01
5.00000000e+01
5.00000000e+01
5.00000000e+01
5.00000000e+01
5.00000000e+01
5.00000000e+01
5.00000000e+01
5.00000000e+01
5.00000000e+01
5.00000000e+01
5.00000000e+01
5.00000000e+01
5.00000000e+01
5.00000000e+01
5.00000000e+01
5.00000000e+01
5.00000000e+01
5.00000000e+01
5.00000000e+01
5.00000000e+01
5.00000000e+01
5.00000000e+01
5.00000000e+01
5.00000000e+01
5.00000000e+01
5.00000000e+01
5.00000000e+01
5.00000000e+01
2.70000000e+02
1.50000000e+02
1.43594436e+02
1.39744630e+02
1.36797591e+02
1.34269495e+02
1.32074806e+02
1.30256317e+02
1.28757385e+02
1.27514367e+02
1.26476004e+02
1.25602585e+02
1.24863337e+02
1.24234183e+02
1.23696070e+02
1.23233757e+02
1.22834925e+02
1.22489532e+02
1.22189331e+02
1.21927501e+02
1.21698371e+02
1.21497201e+02
1.21320011e+02
1.21163450e+02
1.21024683e+02
1.20901305e+02
1.20791272e+02
1.20692839e+02
1.20604518e+02
1.20525031e+02
1.20453283e+02
1.20388332e+02
1.20329365e+02
1.20275681e+02
1.20226674e+02
1.20181818e+02
1.20140656e+02
2.70000000e+02
2.50000000e+02
2.44502437e+02
2.39018206e+02
2.33504660e+02
2.28296618e+02
2.23696029e+02
2.19733481e+02
2.16353013e+02
2.13479481e+02
2.11038591e+02
2.08963597e+02
2.07196949e+02
2.05689966e+02
2.04401819e+02
2.03298380e+02
2.02351138e+02
2.01536247e+02
2.00833732e+02
2.00226823e+02
1.99701408e+02
1.99245586e+02
1.98849299e+02
1.98504027e+02
1.98202541e+02
1.97938697e+02
1.97707261e+02
1.97503771e+02
1.97324418e+02
1.97165943e+02
1.97025556e+02
1.96900868e+02
1.96789826e+02
1.96690667e+02
1.96601875e+02
1.96522147e+02
1.96450355e+02
2.68786215e+02
2.68690834e+02
2.68430670e+02
2.68036860e+02
2.67538840e+02
2.66978864e+02
2.66399997e+02
2.65836298e+02
2.65309142e+02
2.64829133e+02
2.64399594e+02
2.64019545e+02
2.63685738e+02
2.63393916e+02
2.63139540e+02
2.62918184e+02
2.62725732e+02
2.62558456e+02
2.62413040e+02
2.62286567e+02
2.62176486e+02
2.62080580e+02
2.61996925e+02
2.61923861e+02
2.61859950e+02
2.61803956e+02
2.61754809e+02
2.61711590e+02
2.61673507e+02
2.61639878e+02
2.61610113e+02
2.61583707e+02
2.61560222e+02
2.61539283e+02
2.61520566e+02
2.61503789e+02
2.61488710e+02
2.68428835e+02
2.68400569e+02
2.68282020e+02
2.68069378e+02
2.67776242e+02
2.67427521e+02
2.67052440e+02
2.66676680e+02
2.66318249e+02
2.65987406e+02
2.65688590e+02
2.65422517e+02
2.65187795e+02
2.64981975e+02
2.64802189e+02
2.64645514e+02
2.64509163e+02
2.64390572e+02
2.64287439e+02
2.64197724e+02
2.64119633e+02
2.64051604e+02
2.63992278e+02
2.63940477e+02
2.63895184e+02
2.63855519e+02
2.63820722e+02
2.63790142e+02
2.63763212e+02
2.63739448e+02
2.63718431e+02
2.63699800e+02
2.63683245e+02
2.63668496e+02
2.63655324e+02
2.63643528e+02
2.63632937e+02
2.73152078e+02
2.72678512e+02
2.71083927e+02
2.68843459e+02
2.66356584e+02
2.63809978e+02
2.61300345e+02
2.58879956e+02
2.56576463e+02
2.54402653e+02
2.52362062e+02
2.50452670e+02
2.48669280e+02
2.47005027e+02
2.45452311e+02
2.44003362e+02
2.42650582e+02
2.41386729e+02
2.40205018e+02
2.39099158e+02
2.38063358e+02
2.37092310e+02
2.36181164e+02
2.35325489e+02
2.34521246e+02
2.33764745e+02
2.33052618e+02
2.32381785e+02
2.31749425e+02
2.31152953e+02
2.30589994e+02
2.30058365e+02
2.29556054e+02
2.29081204e+02
2.28632100e+02
2.28207154e+02
2.27804895e+02
2.73007121e+02
2.72556447e+02
2.71037356e+02
2.68924929e+02
2.66611052e+02
2.64269795e+02
2.61984024e+02
2.59794852e+02
2.57722198e+02
2.55773937e+02
2.53950679e+02
2.52248785e+02
2.50662277e+02
2.49184045e+02
2.47806577e+02
2.46522405e+02
2.45324357e+02
2.44205689e+02
2.43160148e+02
2.42181985e+02
2.41265942e+02
2.40407228e+02
2.39601486e+02
2.38844753e+02
2.38133424e+02
2.37464219e+02
2.36834149e+02
2.36240488e+02
2.35680742e+02
2.35152630e+02
2.34654057e+02
2.34183100e+02
2.33737988e+02
2.33317087e+02
2.32918890e+02
2.32542000e+02
2.32185124e+02
2.72293963e+02
2.72034282e+02
2.71082897e+02
2.69799804e+02
2.68441675e+02
2.67103922e+02
2.65825412e+02
2.64622703e+02
2.63501993e+02
2.62463779e+02
2.61505175e+02
2.60621441e+02
2.59806980e+02
2.59055959e+02
2.58362674e+02
2.57721750e+02
2.57128240e+02
2.56577658e+02
2.56065971e+02
2.55589579e+02
2.55145274e+02
2.54730207e+02
2.54341843e+02
2.53977929e+02
2.53636456e+02
2.53315631e+02
2.53013850e+02
2.52729674e+02
2.52461807e+02
2.52209080e+02
2.51970434e+02
2.51744909e+02
2.51531628e+02
2.51329794e+02
2.51138674e+02
2.50957596e+02
2.50785943e+02
2.71736879e+02
2.71549505e+02
2.70775540e+02
2.69751165e+02
2.68759424e+02
2.67869414e+02
2.67079279e+02
2.66374616e+02
2.65742485e+02
2.65172839e+02
2.64657607e+02
2.64190041e+02
2.63764371e+02
2.63375627e+02
2.63019506e+02
2.62692286e+02
2.62390742e+02
2.62112085e+02
2.61853894e+02
2.61614072e+02
2.61390794e+02
2.61182471e+02
2.60987714e+02
2.60805309e+02
2.60634185e+02
2.60473399e+02
2.60322116e+02
2.60179594e+02
2.60045170e+02
2.59918251e+02
2.59798302e+02
2.59684843e+02
2.59577436e+02
2.59475685e+02
2.59379229e+02
2.59287735e+02
2.59200901e+02
2.70927965e+02
2.70843689e+02
2.70675481e+02
2.70528133e+02
2.70409708e+02
2.70312455e+02
2.70230452e+02
2.70159959e+02
2.70098659e+02
2.70044936e+02
2.69997564e+02
2.69955568e+02
2.69918155e+02
2.69884673e+02
2.69854579e+02
2.69827417e+02
2.69802806e+02
2.69780423e+02
2.69759993e+02
2.69741284e+02
2.69724096e+02
2.69708261e+02
2.69693630e+02
2.69680078e+02
2.69667496e+02
2.69655788e+02
2.69644872e+02
2.69634674e+02
2.69625132e+02
2.69616189e+02
2.69607795e+02
2.69599906e+02
2.69592483e+02
2.69585489e+02
2.69578894e+02
2.69572669e+02
2.69566787e+02
