2.70000e+02 2.70000e+02 2.70000e+02 2.68695e+02 2.68306e+02 2.71777e+02 2.71673e+02 2.71451e+02 2.71230e+02 2.70901e+02
2.70000e+02 2.70000e+02 2.70000e+02 2.68695e+02 2.68306e+02 2.71777e+02 2.71673e+02 2.71451e+02 2.71230e+02 2.70901e+02
5.00000e+01 1.50000e+02 2.50000e+02 2.68613e+02 2.68287e+02 2.70832e+02 2.71548e+02 2.71169e+02 2.71022e+02 2.70809e+02
5.00000e+01 1.44034e+02 2.44446e+02 2.68378e+02 2.68198e+02 2.68376e+02 2.70814e+02 2.70185e+02 2.70197e+02 2.70629e+02
5.00000e+01 1.40252e+02 2.38887e+02 2.68013e+02 2.68027e+02 2.65524e+02 2.69413e+02 2.68898e+02 2.69113e+02 2.70472e+02
5.00000e+01 1.37319e+02 2.33297e+02 2.67550e+02 2.67785e+02 2.62681e+02 2.67580e+02 2.67564e+02 2.68073e+02 2.70347e+02
5.00000e+01 1.34802e+02 2.28006e+02 2.67034e+02 2.67494e+02 2.59961e+02 2.65526e+02 2.66258e+02 2.67149e+02 2.70246e+02
5.00000e+01 1.32712e+02 2.23324e+02 2.66506e+02 2.67181e+02 2.57404e+02 2.63397e+02 2.65005e+02 2.66337e+02 2.70161e+02
5.00000e+01 1.30905e+02 2.19293e+02 2.65999e+02 2.66869e+02 2.55020e+02 2.61284e+02 2.63817e+02 2.65618e+02 2.70089e+02
5.00000e+01 1.29394e+02 2.15855e+02 2.65530e+02 2.66573e+02 2.52809e+02 2.59241e+02 2.62702e+02 2.64976e+02 2.70026e+02
5.00000e+01 1.28135e+02 2.12932e+02 2.65107e+02 2.66301e+02 2.50763e+02 2.57301e+02 2.61662e+02 2.64398e+02 2.69972e+02
5.00000e+01 1.27080e+02 2.10449e+02 2.64733e+02 2.66058e+02 2.48876e+02 2.55479e+02 2.60699e+02 2.63877e+02 2.69924e+02
5.00000e+01 1.26192e+02 2.08340e+02 2.64404e+02 2.65842e+02 2.47137e+02 2.53780e+02 2.59810e+02 2.63405e+02 2.69881e+02
5.00000e+01 1.25440e+02 2.06546e+02 2.64117e+02 2.65654e+02 2.45535e+02 2.52203e+02 2.58992e+02 2.62976e+02 2.69844e+02
5.00000e+01 1.24801e+02 2.05018e+02 2.63868e+02 2.65489e+02 2.44061e+02 2.50746e+02 2.58240e+02 2.62587e+02 2.69810e+02
5.00000e+01 1.24254e+02 2.03714e+02 2.63653e+02 2.65347e+02 2.42703e+02 2.49402e+02 2.57550e+02 2.62233e+02 2.69780e+02
5.00000e+01 1.23786e+02 2.02600e+02 2.63466e+02 2.65223e+02 2.41452e+02 2.48163e+02 2.56917e+02 2.61909e+02 2.69753e+02
5.00000e+01 1.23383e+02 2.01646e+02 2.63304e+02 2.65116e+02 2.40300e+02 2.47022e+02 2.56336e+02 2.61614e+02 2.69729e+02
5.00000e+01 1.23035e+02 2.00827e+02 2.63165e+02 2.65023e+02 2.39236e+02 2.45972e+02 2.55802e+02 2.61343e+02 2.69707e+02
5.00000e+01 1.22734e+02 2.00124e+02 2.63044e+02 2.64943e+02 2.38255e+02 2.45004e+02 2.55312e+02 2.61095e+02 2.69688e+02
5.00000e+01 1.22473e+02 1.99518e+02 2.62939e+02 2.64873e+02 2.37348e+02 2.44112e+02 2.54861e+02 2.60867e+02 2.69670e+02
5.00000e+01 1.22245e+02 1.98995e+02 2.62848e+02 2.64813e+02 2.36508e+02 2.43290e+02 2.54446e+02 2.60658e+02 2.69654e+02
5.00000e+01 1.22046e+02 1.98544e+02 2.62770e+02 2.64761e+02 2.35731e+02 2.42530e+02 2.54064e+02 2.60465e+02 2.69639e+02
5.00000e+01 1.21872e+02 1.98153e+02 2.62702e+02 2.64716e+02 2.35009e+02 2.41828e+02 2.53711e+02 2.60287e+02 2.69625e+02
5.00000e+01 1.21719e+02 1.97813e+02 2.62642e+02 2.64676e+02 2.34340e+02 2.41178e+02 2.53385e+02 2.60122e+02 2.69613e+02
5.00000e+01 1.21584e+02 1.97519e+02 2.62591e+02 2.64642e+02 2.33717e+02 2.40576e+02 2.53083e+02 2.59970e+02 2.69602e+02
5.00000e+01 1.21466e+02 1.97262e+02 2.62546e+02 2.64612e+02 2.33138e+02 2.40018e+02 2.52804e+02 2.59829e+02 2.69591e+02
5.00000e+01 1.21360e+02 1.97038e+02 2.62507e+02 2.64586e+02 2.32598e+02 2.39499e+02 2.52544e+02 2.59698e+02 2.69582e+02
5.00000e+01 1.21267e+02 1.96842e+02 2.62472e+02 2.64564e+02 2.32094e+02 2.39017e+02 2.52304e+02 2.59577e+02 2.69573e+02
5.00000e+01 1.21184e+02 1.96670e+02 2.62442e+02 2.64544e+02 2.31624e+02 2.38568e+02 2.52080e+02 2.59464e+02 2.69565e+02
5.00000e+01 1.21110e+02 1.96520e+02 2.62416e+02 2.64526e+02 2.31183e+02 2.38150e+02 2.51871e+02 2.59358e+02 2.69557e+02
5.00000e+01 1.21045e+02 1.96389e+02 2.62393e+02 2.64511e+02 2.30776e+02 2.37765e+02 2.51680e+02 2.59261e+02 2.69551e+02
5.00000e+01 1.20987e+02 1.96275e+02 2.62373e+02 2.64498e+02 2.30399e+02 2.37410e+02 2.51504e+02 2.59172e+02 2.69544e+02
5.00000e+01 1.20935e+02 1.96174e+02 2.62355e+02 2.64486e+02 2.30046e+02 2.37077e+02 2.51339e+02 2.59089e+02 2.69539e+02
5.00000e+01 1.20888e+02 1.96084e+02 2.62339e+02 2.64476e+02 2.29713e+02 2.36765e+02 2.51184e+02 2.59011e+02 2.69533e+02
5.00000e+01 1.20845e+02 1.96004e+02 2.62325e+02 2.64467e+02 2.29400e+02 2.36471e+02 2.51039e+02 2.58937e+02 2.69528e+02
5.00000e+01 1.20806e+02 1.95932e+02 2.62313e+02 2.64459e+02 2.29105e+02 2.36196e+02 2.50903e+02 2.58868e+02 2.69523e+02
5.00000e+01 1.20770e+02 1.95868e+02 2.62302e+02 2.64451e+02 2.28827e+02 2.35937e+02 2.50775e+02 2.58803e+02 2.69519e+02
