2.70000e+02 2.70000e+02 2.70000e+02 2.68698e+02 2.68366e+02 2.70262e+02 2.70374e+02 2.70871e+02 2.70940e+02 2.70887e+02
2.70000e+02 2.70000e+02 2.70000e+02 2.68698e+02 2.68366e+02 2.70262e+02 2.70374e+02 2.70871e+02 2.70940e+02 2.70887e+02
5.00000e+01 1.50000e+02 2.50000e+02 2.68599e+02 2.68336e+02 2.69834e+02 2.70001e+02 2.70632e+02 2.70763e+02 2.70795e+02
5.00000e+01 1.43481e+02 2.44447e+02 2.68344e+02 2.68219e+02 2.68245e+02 2.68569e+02 2.69682e+02 2.69977e+02 2.70606e+02
5.00000e+01 1.39605e+02 2.38944e+02 2.67966e+02 2.68015e+02 2.66011e+02 2.66529e+02 2.68374e+02 2.68908e+02 2.70436e+02
5.00000e+01 1.36640e+02 2.33416e+02 2.67497e+02 2.67740e+02 2.63540e+02 2.64271e+02 2.66984e+02 2.67861e+02 2.70300e+02
5.00000e+01 1.34075e+02 2.28205e+02 2.66978e+02 2.67417e+02 2.61022e+02 2.61976e+02 2.65616e+02 2.66922e+02 2.70188e+02
5.00000e+01 1.31862e+02 2.23609e+02 2.66447e+02 2.67075e+02 2.58555e+02 2.59734e+02 2.64313e+02 2.66090e+02 2.70094e+02
5.00000e+01 1.30040e+02 2.19654e+02 2.65935e+02 2.66735e+02 2.56191e+02 2.57590e+02 2.63092e+02 2.65353e+02 2.70013e+02
5.00000e+01 1.28541e+02 2.16285e+02 2.65459e+02 2.66413e+02 2.53957e+02 2.55568e+02 2.61961e+02 2.64696e+02 2.69944e+02
5.00000e+01 1.27299e+02 2.13425e+02 2.65028e+02 2.66118e+02 2.51866e+02 2.53679e+02 2.60918e+02 2.64108e+02 2.69883e+02
5.00000e+01 1.26263e+02 2.10999e+02 2.64645e+02 2.65852e+02 2.49921e+02 2.51924e+02 2.59962e+02 2.63581e+02 2.69829e+02
5.00000e+01 1.25392e+02 2.08940e+02 2.64306e+02 2.65617e+02 2.48118e+02 2.50301e+02 2.59088e+02 2.63106e+02 2.69782e+02
5.00000e+01 1.24656e+02 2.07189e+02 2.64010e+02 2.65410e+02 2.46453e+02 2.48803e+02 2.58290e+02 2.62678e+02 2.69740e+02
5.00000e+01 1.24031e+02 2.05698e+02 2.63752e+02 2.65229e+02 2.44917e+02 2.47424e+02 2.57561e+02 2.62292e+02 2.69703e+02
5.00000e+01 1.23496e+02 2.04425e+02 2.63527e+02 2.65071e+02 2.43503e+02 2.46156e+02 2.56897e+02 2.61943e+02 2.69670e+02
5.00000e+01 1.23038e+02 2.03336e+02 2.63332e+02 2.64934e+02 2.42202e+02 2.44989e+02 2.56291e+02 2.61627e+02 2.69640e+02
5.00000e+01 1.22644e+02 2.02402e+02 2.63162e+02 2.64814e+02 2.41004e+02 2.43917e+02 2.55738e+02 2.61340e+02 2.69614e+02
5.00000e+01 1.22303e+02 2.01600e+02 2.63015e+02 2.64710e+02 2.39903e+02 2.42932e+02 2.55233e+02 2.61080e+02 2.69590e+02
5.00000e+01 1.22008e+02 2.00909e+02 2.62887e+02 2.64620e+02 2.38889e+02 2.42025e+02 2.54772e+02 2.60843e+02 2.69568e+02
5.00000e+01 1.21752e+02 2.00314e+02 2.62776e+02 2.64542e+02 2.37956e+02 2.41192e+02 2.54351e+02 2.60627e+02 2.69549e+02
5.00000e+01 1.21528e+02 1.99799e+02 2.62679e+02 2.64474e+02 2.37098e+02 2.40425e+02 2.53965e+02 2.60430e+02 2.69531e+02
5.00000e+01 1.21333e+02 1.99353e+02 2.62595e+02 2.64415e+02 2.36306e+02 2.39719e+02 2.53612e+02 2.60251e+02 2.69516e+02
5.00000e+01 1.21162e+02 1.98966e+02 2.62522e+02 2.64363e+02 2.35577e+02 2.39068e+02 2.53288e+02 2.60087e+02 2.69501e+02
5.00000e+01 1.21011e+02 1.98630e+02 2.62458e+02 2.64318e+02 2.34905e+02 2.38468e+02 2.52991e+02 2.59937e+02 2.69488e+02
5.00000e+01 1.20879e+02 1.98338e+02 2.62402e+02 2.64279e+02 2.34284e+02 2.37914e+02 2.52718e+02 2.59799e+02 2.69476e+02
5.00000e+01 1.20763e+02 1.98082e+02 2.62353e+02 2.64244e+02 2.33710e+02 2.37403e+02 2.52468e+02 2.59673e+02 2.69465e+02
5.00000e+01 1.20659e+02 1.97859e+02 2.62311e+02 2.64214e+02 2.33180e+02 2.36930e+02 2.52237e+02 2.59558e+02 2.69456e+02
5.00000e+01 1.20568e+02 1.97664e+02 2.62273e+02 2.64188e+02 2.32690e+02 2.36494e+02 2.52025e+02 2.59452e+02 2.69446e+02
5.00000e+01 1.20487e+02 1.97492e+02 2.62241e+02 2.64165e+02 2.32236e+02 2.36089e+02 2.51830e+02 2.59354e+02 2.69438e+02
5.00000e+01 1.20415e+02 1.97342e+02 2.62212e+02 2.64145e+02 2.31816e+02 2.35715e+02 2.51649e+02 2.59264e+02 2.69431e+02
5.00000e+01 1.20351e+02 1.97209e+02 2.62186e+02 2.64127e+02 2.31426e+02 2.35367e+02 2.51483e+02 2.59182e+02 2.69424e+02
5.00000e+01 1.20293e+02 1.97092e+02 2.62164e+02 2.64111e+02 2.31064e+02 2.35045e+02 2.51329e+02 2.59105e+02 2.69417e+02
5.00000e+01 1.20242e+02 1.96989e+02 2.62144e+02 2.64097e+02 2.30728e+02 2.34746e+02 2.51187e+02 2.59035e+02 2.69411e+02
5.00000e+01 1.20196e+02 1.96898e+02 2.62127e+02 2.64085e+02 2.30419e+02 2.34471e+02 2.51056e+02 2.58970e+02 2.69406e+02
5.00000e+01 1.20156e+02 1.96820e+02 2.62112e+02 2.64074e+02 2.30141e+02 2.34224e+02 2.50938e+02 2.58912e+02 2.69401e+02
5.00000e+01 1.20119e+02 1.96750e+02 2.62098e+02 2.64065e+02 2.29882e+02 2.33994e+02 2.50829e+02 2.58858e+02 2.69397e+02
5.00000e+01 1.20087e+02 1.96687e+02 2.62086e+02 2.64057e+02 2.29640e+02 2.33778e+02 2.50727e+02 2.58807e+02 2.69393e+02
