2.70000000e+02
5.00000000e+01
5.00000000e+01
5.00000000e+01
5.00000000e+01
5.00000000e+01
5.00000000e+01
5.00000000e+01
5.00000000e+01
5.00000000e+01
5.00000000e+01
5.00000000e+01
5.00000000e+01
5.00000000e+01
5.00000000e+01
5.00000000e+01
5.00000000e+01
5.00000000e+01
5.00000000e+01
5.00000000e+01
5.00000000e+01
5.00000000e+01
5.00000000e+01
5.00000000e+01
5.00000000e+01
5.00000000e+01
5.00000000e+01
5.00000000e+01
5.00000000e+01
5.00000000e+01
5.00000000e+01
5.00000000e+01
5.00000000e+01
5.00000000e+01
5.00000000e+01
5.00000000e+01
5.00000000e+01
2.70000000e+02
1.50000000e+02
1.43494195e+02
1.39618953e+02
1.36651452e+02
1.34081638e+02
1.31860165e+02
1.30027283e+02
1.28516580e+02
1.27262921e+02
1.26214764e+02
1.25332412e+02
1.24585174e+02
1.23949056e+02
1.23405063e+02
1.22937982e+02
1.22535499e+02
1.22187557e+02
1.21885872e+02
1.21623577e+02
1.21394945e+02
1.21195172e+02
1.21020212e+02
1.20866643e+02
1.20731561e+02
1.20612491e+02
1.20507320e+02
1.20414239e+02
1.20333790e+02
1.20262613e+02
1.20198962e+02
1.20141970e+02
1.20090855e+02
1.20044930e+02
1.20003596e+02
1.19966329e+02
1.19932670e+02
2.70000000e+02
2.50000000e+02
2.44444035e+02
2.38892509e+02
2.33294664e+02
2.28000895e+02
2.23314307e+02
2.19266262e+02
2.15803465e+02
2.12852413e+02
2.10339686e+02
2.08198917e+02
2.06372605e+02
2.04811903e+02
2.03475694e+02
2.02329490e+02
2.01344395e+02
2.00496177e+02
1.99764487e+02
1.99132196e+02
1.98584860e+02
1.98110268e+02
1.97698075e+02
1.97339497e+02
1.97027061e+02
1.96754395e+02
1.96516060e+02
1.96307401e+02
1.96128849e+02
1.95972798e+02
1.95834919e+02
1.95712917e+02
1.95604797e+02
1.95508829e+02
1.95423509e+02
1.95347533e+02
1.95279766e+02
2.68766916e+02
2.68685166e+02
2.68446876e+02
2.68075074e+02
2.67598829e+02
2.67059326e+02
2.66498292e+02
2.65948987e+02
2.65432742e+02
2.64960570e+02
2.64536365e+02
2.64159707e+02
2.63827833e+02
2.63536879e+02
2.63282615e+02
2.63060855e+02
2.62867663e+02
2.62699452e+02
2.62553011e+02
2.62425501e+02
2.62314431e+02
2.62217625e+02
2.62133192e+02
2.62059489e+02
2.61995092e+02
2.61938769e+02
2.61889453e+02
2.61846223e+02
2.61808723e+02
2.61776133e+02
2.61747494e+02
2.61722207e+02
2.61699821e+02
2.61679966e+02
2.61662325e+02
2.61646625e+02
2.61632630e+02
2.68355631e+02
2.68336558e+02
2.68246177e+02
2.68071444e+02
2.67821381e+02
2.67516793e+02
2.67183401e+02
2.66844734e+02
2.66518077e+02
2.66213891e+02
2.65937216e+02
2.65689467e+02
2.65469903e+02
2.65276638e+02
2.65107276e+02
2.64959281e+02
2.64830184e+02
2.64717682e+02
2.64619686e+02
2.64534331e+02
2.64459971e+02
2.64395162e+02
2.64338642e+02
2.64289316e+02
2.64246230e+02
2.64208561e+02
2.64175591e+02
2.64146704e+02
2.64121805e+02
2.64099984e+02
2.64080825e+02
2.64063943e+02
2.64049020e+02
2.64035797e+02
2.64024059e+02
2.64013621e+02
2.64004325e+02
2.70423707e+02
2.69915699e+02
2.68097418e+02
2.65628378e+02
2.62990355e+02
2.60381258e+02
2.57883937e+02
2.55532114e+02
2.53337796e+02
2.51302218e+02
2.49420913e+02
2.47686438e+02
2.46089892e+02
2.44621794e+02
2.43272597e+02
2.42033002e+02
2.40894134e+02
2.39847642e+02
2.38885743e+02
2.38001238e+02
2.37187499e+02
2.36438448e+02
2.35748524e+02
2.35112652e+02
2.34526206e+02
2.33984969e+02
2.33485105e+02
2.33023121e+02
2.32606708e+02
2.32223612e+02
2.31867732e+02
2.31537041e+02
2.31229572e+02
2.30943507e+02
2.30677173e+02
2.30429042e+02
2.30197711e+02
2.70528635e+02
2.70251363e+02
2.69035476e+02
2.67162038e+02
2.65012062e+02
2.62790318e+02
2.60602497e+02
2.58503568e+02
2.56521538e+02
2.54668945e+02
2.52949025e+02
2.51359462e+02
2.49894748e+02
2.48547662e+02
2.47310208e+02
2.46174184e+02
2.45131538e+02
2.44174564e+02
2.43296017e+02
2.42489160e+02
2.41747776e+02
2.41066159e+02
2.40439095e+02
2.39861826e+02
2.39330021e+02
2.38839743e+02
2.38387412e+02
2.37969777e+02
2.37593817e+02
2.37248302e+02
2.36927522e+02
2.36629640e+02
2.36352872e+02
2.36095557e+02
2.35856164e+02
2.35633292e+02
2.35425656e+02
2.70868053e+02
2.70643256e+02
2.69699752e+02
2.68408936e+02
2.67041312e+02
2.65694778e+02
2.64408455e+02
2.63199876e+02
2.62076705e+02
2.61040757e+02
2.60090134e+02
2.59220732e+02
2.58427282e+02
2.57704017e+02
2.57045094e+02
2.56444849e+02
2.55897931e+02
2.55399371e+02
2.54944610e+02
2.54529491e+02
2.54150248e+02
2.53803477e+02
2.53486108e+02
2.53195378e+02
2.52928798e+02
2.52684131e+02
2.52459362e+02
2.52252679e+02
2.52067112e+02
2.51897185e+02
2.51740072e+02
2.51594698e+02
2.51460073e+02
2.51335301e+02
2.51219570e+02
2.51112138e+02
2.51012332e+02
2.70915603e+02
2.70746397e+02
2.69955563e+02
2.68878695e+02
2.67827771e+02
2.66885398e+02
2.66052233e+02
2.65313084e+02
2.64653968e+02
2.64064037e+02
2.63534675e+02
2.63058749e+02
2.62630181e+02
2.62243699e+02
2.61894688e+02
2.61579093e+02
2.61293336e+02
2.61034254e+02
2.60799053e+02
2.60585257e+02
2.60390673e+02
2.60213353e+02
2.60051569e+02
2.59903781e+02
2.59768621e+02
2.59644867e+02
2.59531429e+02
2.59427331e+02
2.59334065e+02
2.59248731e+02
2.59169936e+02
2.59097153e+02
2.59029866e+02
2.58967600e+02
2.58909927e+02
2.58856459e+02
2.58806844e+02
2.70882523e+02
2.70782680e+02
2.70573032e+02
2.70384412e+02
2.70231016e+02
2.70104428e+02
2.69997440e+02
2.69905399e+02
2.69825371e+02
2.69755302e+02
2.69693635e+02
2.69639141e+02
2.69590818e+02
2.69547838e+02
2.69509507e+02
2.69475235e+02
2.69444522e+02
2.69416938e+02
2.69392114e+02
2.69369728e+02
2.69349505e+02
2.69331203e+02
2.69314611e+02
2.69299545e+02
2.69285843e+02
2.69273363e+02
2.69261980e+02
2.69251582e+02
2.69242254e+02
2.69233789e+02
2.69226012e+02
2.69218857e+02
2.69212265e+02
2.69206185e+02
2.69200571e+02
2.69195381e+02
2.69190578e+02
