2.70000000e+02
5.00000000e+01
5.00000000e+01
5.00000000e+01
5.00000000e+01
5.00000000e+01
5.00000000e+01
5.00000000e+01
5.00000000e+01
5.00000000e+01
5.00000000e+01
5.00000000e+01
5.00000000e+01
5.00000000e+01
5.00000000e+01
5.00000000e+01
5.00000000e+01
5.00000000e+01
5.00000000e+01
5.00000000e+01
5.00000000e+01
5.00000000e+01
5.00000000e+01
5.00000000e+01
5.00000000e+01
5.00000000e+01
5.00000000e+01
5.00000000e+01
5.00000000e+01
5.00000000e+01
5.00000000e+01
5.00000000e+01
5.00000000e+01
5.00000000e+01
5.00000000e+01
5.00000000e+01
5.00000000e+01
2.70000000e+02
1.50000000e+02
1.43542571e+02
1.39687529e+02
1.36728540e+02
1.34184461e+02
1.31978426e+02
1.30151194e+02
1.28644066e+02
1.27393542e+02
1.26348717e+02
1.25470153e+02
1.24727216e+02
1.24095864e+02
1.23556999e+02
1.23095289e+02
1.22698297e+02
1.22355857e+02
1.22059592e+02
1.21802561e+02
1.21578977e+02
1.21383994e+02
1.21213538e+02
1.21064167e+02
1.20932969e+02
1.20817468e+02
1.20715556e+02
1.20625433e+02
1.20547566e+02
1.20478691e+02
1.20417100e+02
1.20361943e+02
1.20312451e+02
1.20267955e+02
1.20227868e+02
1.20191683e+02
1.20158952e+02
2.70000000e+02
2.50000000e+02
2.44413954e+02
2.38843904e+02
2.33229159e+02
2.27925769e+02
2.23240918e+02
2.19205957e+02
2.15765197e+02
2.12842834e+02
2.10363373e+02
2.08258661e+02
2.06469744e+02
2.04946646e+02
2.03647407e+02
2.02536938e+02
2.01585932e+02
2.00769895e+02
2.00068326e+02
1.99464035e+02
1.98942575e+02
1.98491778e+02
1.98101374e+02
1.97762673e+02
1.97468311e+02
1.97212032e+02
1.96988514e+02
1.96793221e+02
1.96626163e+02
1.96480338e+02
1.96351705e+02
1.96238039e+02
1.96137417e+02
1.96048181e+02
1.95968895e+02
1.95898317e+02
1.95835371e+02
2.68660578e+02
2.68579951e+02
2.68349975e+02
2.67999004e+02
2.67559016e+02
2.67071584e+02
2.66575536e+02
2.66099374e+02
2.65659591e+02
2.65263325e+02
2.64911820e+02
2.64603085e+02
2.64333586e+02
2.64099226e+02
2.63895877e+02
2.63719649e+02
2.63567001e+02
2.63434784e+02
2.63320230e+02
2.63220925e+02
2.63134779e+02
2.63059982e+02
2.62994978e+02
2.62938422e+02
2.62889160e+02
2.62846197e+02
2.62808679e+02
2.62775870e+02
2.62747498e+02
2.62722874e+02
2.62701243e+02
2.62682160e+02
2.62665283e+02
2.62650329e+02
2.62637053e+02
2.62625246e+02
2.62614726e+02
2.68285630e+02
2.68266963e+02
2.68179937e+02
2.68015313e+02
2.67784625e+02
2.67509710e+02
2.67215289e+02
2.66922294e+02
2.66644868e+02
2.66390668e+02
2.66162643e+02
2.65960863e+02
2.65783844e+02
2.65629389e+02
2.65495070e+02
2.65378489e+02
2.65277409e+02
2.65189804e+02
2.65113876e+02
2.65048046e+02
2.64990939e+02
2.64941364e+02
2.64898289e+02
2.64860825e+02
2.64828206e+02
2.64799771e+02
2.64774952e+02
2.64753261e+02
2.64734601e+02
2.64718295e+02
2.64703991e+02
2.64691397e+02
2.64680274e+02
2.64670429e+02
2.64661696e+02
2.64653937e+02
2.64647030e+02
2.70378626e+02
2.69992429e+02
2.68304941e+02
2.65877443e+02
2.63195238e+02
2.60485855e+02
2.57859448e+02
2.55369143e+02
2.53038882e+02
2.50876528e+02
2.48880718e+02
2.47044929e+02
2.45359935e+02
2.43815266e+02
2.42400100e+02
2.41103777e+02
2.39916103e+02
2.38827508e+02
2.37829120e+02
2.36912789e+02
2.36071069e+02
2.35297185e+02
2.34584998e+02
2.33928947e+02
2.33324006e+02
2.32765634e+02
2.32249730e+02
2.31772588e+02
2.31343000e+02
2.30947433e+02
2.30579163e+02
2.30236183e+02
2.29916537e+02
2.29618415e+02
2.29340157e+02
2.29080243e+02
2.28837279e+02
2.70536161e+02
2.70284136e+02
2.69031111e+02
2.67065259e+02
2.64799097e+02
2.62456011e+02
2.60151442e+02
2.57945168e+02
2.55867190e+02
2.53930543e+02
2.52138082e+02
2.50486621e+02
2.48969537e+02
2.47578417e+02
2.46304084e+02
2.45137231e+02
2.44068801e+02
2.43090199e+02
2.42193403e+02
2.41371012e+02
2.40616247e+02
2.39922932e+02
2.39285464e+02
2.38698768e+02
2.38158257e+02
2.37659789e+02
2.37199625e+02
2.36774388e+02
2.36391421e+02
2.36039332e+02
2.35711796e+02
2.35406977e+02
2.35123116e+02
2.34858570e+02
2.34611829e+02
2.34381511e+02
2.34166352e+02
2.70988967e+02
2.70742309e+02
2.69806176e+02
2.68545054e+02
2.67211566e+02
2.65895912e+02
2.64635656e+02
2.63448623e+02
2.62343110e+02
2.61321607e+02
2.60382811e+02
2.59523114e+02
2.58737639e+02
2.58020927e+02
2.57367373e+02
2.56771491e+02
2.56228066e+02
2.55732232e+02
2.55279509e+02
2.54865802e+02
2.54487395e+02
2.54140926e+02
2.53823363e+02
2.53531977e+02
2.53264311e+02
2.53018161e+02
2.52791541e+02
2.52582671e+02
2.52394371e+02
2.52221602e+02
2.52061578e+02
2.51913151e+02
2.51775304e+02
2.51647140e+02
2.51527858e+02
2.51416737e+02
2.51313124e+02
2.71008355e+02
2.70826203e+02
2.70054956e+02
2.69028398e+02
2.68036265e+02
2.67149821e+02
2.66366444e+02
2.65670634e+02
2.65048859e+02
2.64490939e+02
2.63988941e+02
2.63536350e+02
2.63127636e+02
2.62758004e+02
2.62423256e+02
2.62119692e+02
2.61844037e+02
2.61593393e+02
2.61365187e+02
2.61157135e+02
2.60967206e+02
2.60793593e+02
2.60634687e+02
2.60489055e+02
2.60355418e+02
2.60232635e+02
2.60119683e+02
2.60015649e+02
2.59921927e+02
2.59835916e+02
2.59756270e+02
2.59682435e+02
2.59613905e+02
2.59550221e+02
2.59490977e+02
2.59435805e+02
2.59384375e+02
2.70885736e+02
2.70801597e+02
2.70634380e+02
2.70488082e+02
2.70370910e+02
2.70274986e+02
2.70194263e+02
2.70124961e+02
2.70064771e+02
2.70012111e+02
2.69965799e+02
2.69924900e+02
2.69888657e+02
2.69856443e+02
2.69827730e+02
2.69802074e+02
2.69779093e+02
2.69758463e+02
2.69739902e+02
2.69723167e+02
2.69708049e+02
2.69694365e+02
2.69681955e+02
2.69670680e+02
2.69660418e+02
2.69651062e+02
2.69642518e+02
2.69634703e+02
2.69627690e+02
2.69621307e+02
2.69615433e+02
2.69610018e+02
2.69605016e+02
2.69600390e+02
2.69596105e+02
2.69592132e+02
2.69588444e+02
