2.70000000e+02
5.00000000e+01
5.00000000e+01
5.00000000e+01
5.00000000e+01
5.00000000e+01
5.00000000e+01
5.00000000e+01
5.00000000e+01
5.00000000e+01
5.00000000e+01
5.00000000e+01
5.00000000e+01
5.00000000e+01
5.00000000e+01
5.00000000e+01
5.00000000e+01
5.00000000e+01
5.00000000e+01
5.00000000e+01
5.00000000e+01
5.00000000e+01
5.00000000e+01
5.00000000e+01
5.00000000e+01
5.00000000e+01
5.00000000e+01
5.00000000e+01
5.00000000e+01
5.00000000e+01
5.00000000e+01
5.00000000e+01
5.00000000e+01
5.00000000e+01
5.00000000e+01
5.00000000e+01
5.00000000e+01
2.70000000e+02
1.50000000e+02
1.43710547e+02
1.39925503e+02
1.37018909e+02
1.34533383e+02
1.32403619e+02
1.30596120e+02
1.29092957e+02
1.27837582e+02
1.26782171e+02
1.25889285e+02
1.25129748e+02
1.24480598e+02
1.23923531e+02
1.23443784e+02
1.23029315e+02
1.22670215e+02
1.22358266e+02
1.22086606e+02
1.21849475e+02
1.21642016e+02
1.21460116e+02
1.21300280e+02
1.21159532e+02
1.21035328e+02
1.20925489e+02
1.20828146e+02
1.20741693e+02
1.20664746e+02
1.20596111e+02
1.20536320e+02
1.20482985e+02
1.20434893e+02
1.20391471e+02
1.20352192e+02
1.20316590e+02
2.70000000e+02
2.50000000e+02
2.44431079e+02
2.38823757e+02
2.33149335e+02
2.27748725e+02
2.22933426e+02
2.18745990e+02
2.15137356e+02
2.12038963e+02
2.09381961e+02
2.07103345e+02
2.05147797e+02
2.03467703e+02
2.02022467e+02
2.00777626e+02
1.99703961e+02
1.98776697e+02
1.97974808e+02
1.97280425e+02
1.96678344e+02
1.96155602e+02
1.95701138e+02
1.95305497e+02
1.94960586e+02
1.94659472e+02
1.94396207e+02
1.94165685e+02
1.93963517e+02
1.93785928e+02
1.93629667e+02
1.93495058e+02
1.93376761e+02
1.93271706e+02
1.93178244e+02
1.93094944e+02
1.93020565e+02
2.68632715e+02
2.68573334e+02
2.68386097e+02
2.68080271e+02
2.67678559e+02
2.67217031e+02
2.66733386e+02
2.66257862e+02
2.65809976e+02
2.65399852e+02
2.65031136e+02
2.64703588e+02
2.64414877e+02
2.64161696e+02
2.63940406e+02
2.63747398e+02
2.63579271e+02
2.63432921e+02
2.63305561e+02
2.63194724e+02
2.63098238e+02
2.63014207e+02
2.62940976e+02
2.62877108e+02
2.62821356e+02
2.62772639e+02
2.62730022e+02
2.62692697e+02
2.62659962e+02
2.62631214e+02
2.62605929e+02
2.62583958e+02
2.62564762e+02
2.62547792e+02
2.62532727e+02
2.62519321e+02
2.62507366e+02
2.68334539e+02
2.68315509e+02
2.68230148e+02
2.68064931e+02
2.67827508e+02
2.67538441e+02
2.67223248e+02
2.66904633e+02
2.66598730e+02
2.66314942e+02
2.66057543e+02
2.65827505e+02
2.65623902e+02
2.65444842e+02
2.65288021e+02
2.65151048e+02
2.65031614e+02
2.64927577e+02
2.64836997e+02
2.64758144e+02
2.64689489e+02
2.64629693e+02
2.64577583e+02
2.64532139e+02
2.64492477e+02
2.64457826e+02
2.64427523e+02
2.64400989e+02
2.64377727e+02
2.64357306e+02
2.64339352e+02
2.64323801e+02
2.64310154e+02
2.64298105e+02
2.64287423e+02
2.64277925e+02
2.64269462e+02
2.71809107e+02
2.71012791e+02
2.68655444e+02
2.65822023e+02
2.62974713e+02
2.60251893e+02
2.57697618e+02
2.55322764e+02
2.53125738e+02
2.51099795e+02
2.49235378e+02
2.47521565e+02
2.45947010e+02
2.44500503e+02
2.43171297e+02
2.41949289e+02
2.40825099e+02
2.39790092e+02
2.38836374e+02
2.37956751e+02
2.37144689e+02
2.36394263e+02
2.35700108e+02
2.35057368e+02
2.34461647e+02
2.33908968e+02
2.33395728e+02
2.32918665e+02
2.32474820e+02
2.32061507e+02
2.31676290e+02
2.31327541e+02
2.31004417e+02
2.30701192e+02
2.30416656e+02
2.30149578e+02
2.29898771e+02
2.71729696e+02
2.71555747e+02
2.70614760e+02
2.68989074e+02
2.66992149e+02
2.64841735e+02
2.62668972e+02
2.60549604e+02
2.58525288e+02
2.56617352e+02
2.54834776e+02
2.53178991e+02
2.51646901e+02
2.50232805e+02
2.48929621e+02
2.47729666e+02
2.46625141e+02
2.45608430e+02
2.44672271e+02
2.43809856e+02
2.43014862e+02
2.42281472e+02
2.41604354e+02
2.40978644e+02
2.40399915e+02
2.39864141e+02
2.39367670e+02
2.38907187e+02
2.38479686e+02
2.38082437e+02
2.37712965e+02
2.37377400e+02
2.37067528e+02
2.36778050e+02
2.36507208e+02
2.36253569e+02
2.36015859e+02
2.71594207e+02
2.71405443e+02
2.70637262e+02
2.69536788e+02
2.68337174e+02
2.67130016e+02
2.65953721e+02
2.64827700e+02
2.63762522e+02
2.62763669e+02
2.61833024e+02
2.60969930e+02
2.60172059e+02
2.59436070e+02
2.58758077e+02
2.58133976e+02
2.57559649e+02
2.57031102e+02
2.56544537e+02
2.56096401e+02
2.55683399e+02
2.55302498e+02
2.54950919e+02
2.54626127e+02
2.54325812e+02
2.54047878e+02
2.53790416e+02
2.53551698e+02
2.53330154e+02
2.53124359e+02
2.52933020e+02
2.52759199e+02
2.52598540e+02
2.52448462e+02
2.52308151e+02
2.52176862e+02
2.52053909e+02
2.71415752e+02
2.71145204e+02
2.70224807e+02
2.69139284e+02
2.68161526e+02
2.67324741e+02
2.66604095e+02
2.65972915e+02
2.65412088e+02
2.64909002e+02
2.64454895e+02
2.64043215e+02
2.63668785e+02
2.63327347e+02
2.63015315e+02
2.62729613e+02
2.62467575e+02
2.62226865e+02
2.62005428e+02
2.61801445e+02
2.61613297e+02
2.61439545e+02
2.61278897e+02
2.61130200e+02
2.60992414e+02
2.60864605e+02
2.60745930e+02
2.60635629e+02
2.60533012e+02
2.60437457e+02
2.60348397e+02
2.60267571e+02
2.60192657e+02
2.60122357e+02
2.60056406e+02
2.59994531e+02
2.59936455e+02
2.70915981e+02
2.70857652e+02
2.70739466e+02
2.70637198e+02
2.70556438e+02
2.70491503e+02
2.70437758e+02
2.70392148e+02
2.70352785e+02
2.70318444e+02
2.70288250e+02
2.70261540e+02
2.70237797e+02
2.70216600e+02
2.70197606e+02
2.70180531e+02
2.70165132e+02
2.70151208e+02
2.70138584e+02
2.70127112e+02
2.70116663e+02
2.70107126e+02
2.70098405e+02
2.70090413e+02
2.70083078e+02
2.70076334e+02
2.70070123e+02
2.70064395e+02
2.70059104e+02
2.70054210e+02
2.70049678e+02
2.70045550e+02
2.70041773e+02
2.70038254e+02
2.70034969e+02
2.70031902e+02
2.70029036e+02
