2.70000e+02 2.70000e+02 2.70000e+02 2.68675e+02 2.68340e+02 2.73307e+02 2.73200e+02 2.72566e+02 2.71894e+02 2.71010e+02
2.70000e+02 2.70000e+02 2.70000e+02 2.68675e+02 2.68340e+02 2.73307e+02 2.73200e+02 2.72566e+02 2.71894e+02 2.71010e+02
5.00000e+01 1.50000e+02 2.50000e+02 2.68576e+02 2.68311e+02 2.72818e+02 2.72738e+02 2.72134e+02 2.71573e+02 2.70882e+02
5.00000e+01 1.43929e+02 2.44435e+02 2.68325e+02 2.68199e+02 2.71083e+02 2.71092e+02 2.71027e+02 2.70651e+02 2.70652e+02
5.00000e+01 1.40107e+02 2.38870e+02 2.67955e+02 2.68003e+02 2.68622e+02 2.68780e+02 2.69590e+02 2.69510e+02 2.70447e+02
5.00000e+01 1.37143e+02 2.33286e+02 2.67499e+02 2.67740e+02 2.65892e+02 2.66248e+02 2.68089e+02 2.68442e+02 2.70282e+02
5.00000e+01 1.34617e+02 2.28039e+02 2.67000e+02 2.67435e+02 2.63116e+02 2.63699e+02 2.66625e+02 2.67506e+02 2.70145e+02
5.00000e+01 1.32510e+02 2.23429e+02 2.66496e+02 2.67115e+02 2.60408e+02 2.61228e+02 2.65238e+02 2.66691e+02 2.70031e+02
5.00000e+01 1.30698e+02 2.19484e+02 2.66018e+02 2.66801e+02 2.57824e+02 2.58882e+02 2.63944e+02 2.65973e+02 2.69933e+02
5.00000e+01 1.29193e+02 2.16136e+02 2.65579e+02 2.66507e+02 2.55394e+02 2.56682e+02 2.62746e+02 2.65335e+02 2.69848e+02
5.00000e+01 1.27942e+02 2.13302e+02 2.65186e+02 2.66241e+02 2.53125e+02 2.54633e+02 2.61643e+02 2.64765e+02 2.69774e+02
5.00000e+01 1.26895e+02 2.10903e+02 2.64838e+02 2.66004e+02 2.51021e+02 2.52736e+02 2.60630e+02 2.64251e+02 2.69708e+02
5.00000e+01 1.26015e+02 2.08871e+02 2.64535e+02 2.65795e+02 2.49075e+02 2.50985e+02 2.59702e+02 2.63788e+02 2.69649e+02
5.00000e+01 1.25271e+02 2.07147e+02 2.64271e+02 2.65613e+02 2.47280e+02 2.49371e+02 2.58852e+02 2.63368e+02 2.69598e+02
5.00000e+01 1.24638e+02 2.05681e+02 2.64042e+02 2.65454e+02 2.45627e+02 2.47887e+02 2.58075e+02 2.62988e+02 2.69551e+02
5.00000e+01 1.24098e+02 2.04432e+02 2.63843e+02 2.65317e+02 2.44106e+02 2.46522e+02 2.57364e+02 2.62642e+02 2.69510e+02
5.00000e+01 1.23635e+02 2.03366e+02 2.63672e+02 2.65198e+02 2.42707e+02 2.45267e+02 2.56713e+02 2.62327e+02 2.69473e+02
5.00000e+01 1.23236e+02 2.02454e+02 2.63524e+02 2.65095e+02 2.41420e+02 2.44114e+02 2.56116e+02 2.62039e+02 2.69439e+02
5.00000e+01 1.22893e+02 2.01671e+02 2.63395e+02 2.65006e+02 2.40237e+02 2.43053e+02 2.55569e+02 2.61776e+02 2.69409e+02
5.00000e+01 1.22595e+02 2.00999e+02 2.63285e+02 2.64929e+02 2.39148e+02 2.42078e+02 2.55068e+02 2.61536e+02 2.69382e+02
5.00000e+01 1.22336e+02 2.00420e+02 2.63188e+02 2.64862e+02 2.38147e+02 2.41180e+02 2.54607e+02 2.61315e+02 2.69357e+02
5.00000e+01 1.22111e+02 1.99921e+02 2.63105e+02 2.64804e+02 2.37224e+02 2.40353e+02 2.54183e+02 2.61113e+02 2.69334e+02
5.00000e+01 1.21914e+02 1.99489e+02 2.63033e+02 2.64754e+02 2.36374e+02 2.39592e+02 2.53794e+02 2.60927e+02 2.69314e+02
5.00000e+01 1.21742e+02 1.99115e+02 2.62970e+02 2.64711e+02 2.35590e+02 2.38890e+02 2.53435e+02 2.60755e+02 2.69295e+02
5.00000e+01 1.21590e+02 1.98791e+02 2.62916e+02 2.64673e+02 2.34867e+02 2.38242e+02 2.53105e+02 2.60598e+02 2.69278e+02
5.00000e+01 1.21457e+02 1.98508e+02 2.62868e+02 2.64640e+02 2.34200e+02 2.37644e+02 2.52800e+02 2.60453e+02 2.69262e+02
5.00000e+01 1.21339e+02 1.98262e+02 2.62827e+02 2.64611e+02 2.33584e+02 2.37092e+02 2.52519e+02 2.60318e+02 2.69248e+02
5.00000e+01 1.21235e+02 1.98048e+02 2.62791e+02 2.64586e+02 2.33014e+02 2.36581e+02 2.52259e+02 2.60195e+02 2.69235e+02
5.00000e+01 1.21143e+02 1.97860e+02 2.62759e+02 2.64564e+02 2.32488e+02 2.36109e+02 2.52019e+02 2.60080e+02 2.69223e+02
5.00000e+01 1.21061e+02 1.97695e+02 2.62731e+02 2.64545e+02 2.32001e+02 2.35673e+02 2.51798e+02 2.59975e+02 2.69212e+02
5.00000e+01 1.20988e+02 1.97550e+02 2.62707e+02 2.64528e+02 2.31550e+02 2.35269e+02 2.51592e+02 2.59877e+02 2.69202e+02
5.00000e+01 1.20923e+02 1.97423e+02 2.62686e+02 2.64513e+02 2.31133e+02 2.34894e+02 2.51402e+02 2.59786e+02 2.69192e+02
5.00000e+01 1.20866e+02 1.97313e+02 2.62667e+02 2.64500e+02 2.30752e+02 2.34553e+02 2.51230e+02 2.59704e+02 2.69184e+02
5.00000e+01 1.20815e+02 1.97216e+02 2.62651e+02 2.64489e+02 2.30405e+02 2.34243e+02 2.51072e+02 2.59629e+02 2.69176e+02
5.00000e+01 1.20769e+02 1.97131e+02 2.62636e+02 2.64479e+02 2.30083e+02 2.33954e+02 2.50926e+02 2.59559e+02 2.69169e+02
5.00000e+01 1.20728e+02 1.97054e+02 2.62624e+02 2.64470e+02 2.29784e+02 2.33686e+02 2.50790e+02 2.59494e+02 2.69162e+02
5.00000e+01 1.20691e+02 1.96986e+02 2.62612e+02 2.64463e+02 2.29506e+02 2.33436e+02 2.50663e+02 2.59434e+02 2.69156e+02
5.00000e+01 1.20657e+02 1.96925e+02 2.62602e+02 2.64456e+02 2.29247e+02 2.33203e+02 2.50545e+02 2.59377e+02 2.69150e+02
