2.70000e+02 2.70000e+02 2.70000e+02 2.68862e+02 2.68304e+02 2.71984e+02 2.71896e+02 2.71662e+02 2.71343e+02 2.70962e+02
2.70000e+02 2.70000e+02 2.70000e+02 2.68862e+02 2.68304e+02 2.71984e+02 2.71896e+02 2.71662e+02 2.71343e+02 2.70962e+02
5.00000e+01 1.50000e+02 2.50000e+02 2.68750e+02 2.68291e+02 2.71219e+02 2.71689e+02 2.71359e+02 2.71079e+02 2.70838e+02
5.00000e+01 1.43367e+02 2.44495e+02 2.68451e+02 2.68218e+02 2.69137e+02 2.70721e+02 2.70334e+02 2.70147e+02 2.70580e+02
5.00000e+01 1.39443e+02 2.39013e+02 2.67998e+02 2.68063e+02 2.66678e+02 2.69130e+02 2.68989e+02 2.69017e+02 2.70347e+02
5.00000e+01 1.36454e+02 2.33500e+02 2.67430e+02 2.67831e+02 2.64216e+02 2.67216e+02 2.67597e+02 2.67982e+02 2.70158e+02
5.00000e+01 1.33830e+02 2.28310e+02 2.66799e+02 2.67542e+02 2.61853e+02 2.65178e+02 2.66245e+02 2.67086e+02 2.70002e+02
5.00000e+01 1.31603e+02 2.23744e+02 2.66152e+02 2.67219e+02 2.59623e+02 2.63132e+02 2.64962e+02 2.66307e+02 2.69872e+02
5.00000e+01 1.29782e+02 2.19827e+02 2.65526e+02 2.66888e+02 2.57535e+02 2.61145e+02 2.63761e+02 2.65623e+02 2.69760e+02
5.00000e+01 1.28291e+02 2.16502e+02 2.64943e+02 2.66565e+02 2.55589e+02 2.59254e+02 2.62647e+02 2.65016e+02 2.69662e+02
5.00000e+01 1.27062e+02 2.13690e+02 2.64414e+02 2.66264e+02 2.53783e+02 2.57477e+02 2.61621e+02 2.64476e+02 2.69577e+02
5.00000e+01 1.26041e+02 2.11315e+02 2.63943e+02 2.65989e+02 2.52111e+02 2.55819e+02 2.60680e+02 2.63993e+02 2.69501e+02
5.00000e+01 1.25187e+02 2.09307e+02 2.63527e+02 2.65743e+02 2.50566e+02 2.54282e+02 2.59819e+02 2.63559e+02 2.69435e+02
5.00000e+01 1.24467e+02 2.07605e+02 2.63163e+02 2.65526e+02 2.49138e+02 2.52860e+02 2.59033e+02 2.63168e+02 2.69376e+02
5.00000e+01 1.23858e+02 2.06162e+02 2.62845e+02 2.65335e+02 2.47820e+02 2.51549e+02 2.58315e+02 2.62816e+02 2.69323e+02
5.00000e+01 1.23340e+02 2.04934e+02 2.62569e+02 2.65168e+02 2.46603e+02 2.50341e+02 2.57660e+02 2.62497e+02 2.69276e+02
5.00000e+01 1.22896e+02 2.03887e+02 2.62329e+02 2.65023e+02 2.45481e+02 2.49228e+02 2.57062e+02 2.62208e+02 2.69234e+02
5.00000e+01 1.22516e+02 2.02992e+02 2.62120e+02 2.64897e+02 2.44444e+02 2.48203e+02 2.56516e+02 2.61946e+02 2.69196e+02
5.00000e+01 1.22189e+02 2.02226e+02 2.61940e+02 2.64787e+02 2.43488e+02 2.47259e+02 2.56016e+02 2.61708e+02 2.69162e+02
5.00000e+01 1.21905e+02 2.01568e+02 2.61783e+02 2.64692e+02 2.42604e+02 2.46390e+02 2.55559e+02 2.61490e+02 2.69131e+02
5.00000e+01 1.21660e+02 2.01001e+02 2.61647e+02 2.64609e+02 2.41787e+02 2.45588e+02 2.55140e+02 2.61292e+02 2.69103e+02
5.00000e+01 1.21446e+02 2.00513e+02 2.61529e+02 2.64538e+02 2.41032e+02 2.44850e+02 2.54756e+02 2.61111e+02 2.69078e+02
5.00000e+01 1.21260e+02 2.00091e+02 2.61427e+02 2.64475e+02 2.40334e+02 2.44168e+02 2.54403e+02 2.60945e+02 2.69055e+02
5.00000e+01 1.21097e+02 1.99726e+02 2.61337e+02 2.64421e+02 2.39687e+02 2.43538e+02 2.54079e+02 2.60793e+02 2.69034e+02
5.00000e+01 1.20954e+02 1.99409e+02 2.61259e+02 2.64374e+02 2.39089e+02 2.42957e+02 2.53781e+02 2.60653e+02 2.69014e+02
5.00000e+01 1.20831e+02 1.99139e+02 2.61192e+02 2.64333e+02 2.38548e+02 2.42432e+02 2.53513e+02 2.60529e+02 2.68997e+02
5.00000e+01 1.20723e+02 1.98903e+02 2.61133e+02 2.64298e+02 2.38046e+02 2.41945e+02 2.53265e+02 2.60413e+02 2.68982e+02
5.00000e+01 1.20626e+02 1.98697e+02 2.61082e+02 2.64267e+02 2.37578e+02 2.41494e+02 2.53036e+02 2.60307e+02 2.68967e+02
5.00000e+01 1.20541e+02 1.98516e+02 2.61037e+02 2.64239e+02 2.37144e+02 2.41076e+02 2.52825e+02 2.60208e+02 2.68954e+02
5.00000e+01 1.20464e+02 1.98357e+02 2.60998e+02 2.64216e+02 2.36741e+02 2.40687e+02 2.52629e+02 2.60117e+02 2.68942e+02
5.00000e+01 1.20396e+02 1.98217e+02 2.60963e+02 2.64195e+02 2.36365e+02 2.40326e+02 2.52447e+02 2.60033e+02 2.68931e+02
5.00000e+01 1.20335e+02 1.98093e+02 2.60932e+02 2.64176e+02 2.36016e+02 2.39991e+02 2.52279e+02 2.59955e+02 2.68921e+02
5.00000e+01 1.20281e+02 1.97984e+02 2.60905e+02 2.64160e+02 2.35691e+02 2.39680e+02 2.52123e+02 2.59883e+02 2.68911e+02
5.00000e+01 1.20232e+02 1.97887e+02 2.60881e+02 2.64145e+02 2.35388e+02 2.39390e+02 2.51978e+02 2.59816e+02 2.68902e+02
5.00000e+01 1.20188e+02 1.97801e+02 2.60860e+02 2.64133e+02 2.35106e+02 2.39120e+02 2.51843e+02 2.59754e+02 2.68894e+02
5.00000e+01 1.20148e+02 1.97725e+02 2.60841e+02 2.64121e+02 2.34843e+02 2.38870e+02 2.51718e+02 2.59697e+02 2.68886e+02
5.00000e+01 1.20112e+02 1.97657e+02 2.60824e+02 2.64111e+02 2.34598e+02 2.38636e+02 2.51602e+02 2.59643e+02 2.68879e+02
5.00000e+01 1.20080e+02 1.97596e+02 2.60809e+02 2.64102e+02 2.34370e+02 2.38418e+02 2.51494e+02 2.59593e+02 2.68873e+02
