2.70000e+02 2.70000e+02 2.70000e+02 2.68886e+02 2.68478e+02 2.75125e+02 2.74587e+02 2.73190e+02 2.72366e+02 2.70981e+02
2.70000e+02 2.70000e+02 2.70000e+02 2.68886e+02 2.68478e+02 2.75125e+02 2.74587e+02 2.73190e+02 2.72366e+02 2.70981e+02
5.00000e+01 1.50000e+02 2.50000e+02 2.68787e+02 2.68452e+02 2.73995e+02 2.74234e+02 2.72886e+02 2.72046e+02 2.70882e+02
5.00000e+01 1.43601e+02 2.44559e+02 2.68523e+02 2.68338e+02 2.71416e+02 2.72930e+02 2.71931e+02 2.71073e+02 2.70686e+02
5.00000e+01 1.39729e+02 2.39090e+02 2.68118e+02 2.68130e+02 2.68440e+02 2.70945e+02 2.70615e+02 2.69866e+02 2.70511e+02
5.00000e+01 1.36767e+02 2.33581e+02 2.67597e+02 2.67835e+02 2.65492e+02 2.68647e+02 2.69195e+02 2.68729e+02 2.70369e+02
5.00000e+01 1.34213e+02 2.28363e+02 2.67003e+02 2.67477e+02 2.62681e+02 2.66250e+02 2.67777e+02 2.67726e+02 2.70252e+02
5.00000e+01 1.31996e+02 2.23743e+02 2.66378e+02 2.67084e+02 2.60038e+02 2.63871e+02 2.66410e+02 2.66846e+02 2.70155e+02
5.00000e+01 1.30161e+02 2.19753e+02 2.65760e+02 2.66682e+02 2.57568e+02 2.61572e+02 2.65113e+02 2.66066e+02 2.70071e+02
5.00000e+01 1.28647e+02 2.16340e+02 2.65173e+02 2.66291e+02 2.55270e+02 2.59388e+02 2.63895e+02 2.65368e+02 2.69998e+02
5.00000e+01 1.27389e+02 2.13430e+02 2.64632e+02 2.65926e+02 2.53139e+02 2.57335e+02 2.62760e+02 2.64739e+02 2.69934e+02
5.00000e+01 1.26336e+02 2.10951e+02 2.64142e+02 2.65591e+02 2.51168e+02 2.55418e+02 2.61705e+02 2.64168e+02 2.69878e+02
5.00000e+01 1.25448e+02 2.08836e+02 2.63704e+02 2.65290e+02 2.49347e+02 2.53637e+02 2.60729e+02 2.63648e+02 2.69828e+02
5.00000e+01 1.24694e+02 2.07028e+02 2.63316e+02 2.65021e+02 2.47666e+02 2.51986e+02 2.59827e+02 2.63173e+02 2.69783e+02
5.00000e+01 1.24050e+02 2.05481e+02 2.62974e+02 2.64783e+02 2.46116e+02 2.50460e+02 2.58994e+02 2.62738e+02 2.69742e+02
5.00000e+01 1.23498e+02 2.04153e+02 2.62673e+02 2.64574e+02 2.44686e+02 2.49050e+02 2.58225e+02 2.62339e+02 2.69706e+02
5.00000e+01 1.23023e+02 2.03010e+02 2.62410e+02 2.64390e+02 2.43367e+02 2.47749e+02 2.57515e+02 2.61972e+02 2.69673e+02
5.00000e+01 1.22611e+02 2.02025e+02 2.62180e+02 2.64229e+02 2.42150e+02 2.46549e+02 2.56861e+02 2.61634e+02 2.69644e+02
5.00000e+01 1.22254e+02 2.01175e+02 2.61978e+02 2.64088e+02 2.41026e+02 2.45441e+02 2.56257e+02 2.61323e+02 2.69617e+02
5.00000e+01 1.21943e+02 2.00438e+02 2.61802e+02 2.63965e+02 2.39989e+02 2.44419e+02 2.55699e+02 2.61035e+02 2.69592e+02
5.00000e+01 1.21671e+02 1.99800e+02 2.61648e+02 2.63857e+02 2.39031e+02 2.43476e+02 2.55185e+02 2.60770e+02 2.69570e+02
5.00000e+01 1.21433e+02 1.99244e+02 2.61513e+02 2.63762e+02 2.38145e+02 2.42604e+02 2.54709e+02 2.60525e+02 2.69550e+02
5.00000e+01 1.21224e+02 1.98761e+02 2.61394e+02 2.63680e+02 2.37325e+02 2.41799e+02 2.54269e+02 2.60298e+02 2.69531e+02
5.00000e+01 1.21040e+02 1.98339e+02 2.61291e+02 2.63607e+02 2.36567e+02 2.41055e+02 2.53862e+02 2.60087e+02 2.69514e+02
5.00000e+01 1.20877e+02 1.97971e+02 2.61200e+02 2.63544e+02 2.35864e+02 2.40366e+02 2.53486e+02 2.59893e+02 2.69498e+02
5.00000e+01 1.20733e+02 1.97648e+02 2.61120e+02 2.63488e+02 2.35213e+02 2.39729e+02 2.53137e+02 2.59712e+02 2.69484e+02
5.00000e+01 1.20606e+02 1.97365e+02 2.61050e+02 2.63439e+02 2.34608e+02 2.39139e+02 2.52814e+02 2.59545e+02 2.69471e+02
5.00000e+01 1.20492e+02 1.97117e+02 2.60989e+02 2.63396e+02 2.34048e+02 2.38592e+02 2.52515e+02 2.59389e+02 2.69459e+02
5.00000e+01 1.20391e+02 1.96898e+02 2.60934e+02 2.63357e+02 2.33527e+02 2.38084e+02 2.52237e+02 2.59245e+02 2.69447e+02
5.00000e+01 1.20301e+02 1.96705e+02 2.60886e+02 2.63324e+02 2.33044e+02 2.37613e+02 2.51979e+02 2.59110e+02 2.69437e+02
5.00000e+01 1.20220e+02 1.96534e+02 2.60844e+02 2.63294e+02 2.32594e+02 2.37176e+02 2.51740e+02 2.58986e+02 2.69427e+02
5.00000e+01 1.20148e+02 1.96383e+02 2.60806e+02 2.63268e+02 2.32176e+02 2.36770e+02 2.51517e+02 2.58869e+02 2.69419e+02
5.00000e+01 1.20084e+02 1.96252e+02 2.60773e+02 2.63245e+02 2.31791e+02 2.36398e+02 2.51314e+02 2.58763e+02 2.69411e+02
5.00000e+01 1.20027e+02 1.96136e+02 2.60744e+02 2.63225e+02 2.31438e+02 2.36056e+02 2.51128e+02 2.58666e+02 2.69403e+02
5.00000e+01 1.19976e+02 1.96033e+02 2.60719e+02 2.63207e+02 2.31110e+02 2.35738e+02 2.50954e+02 2.58575e+02 2.69396e+02
5.00000e+01 1.19930e+02 1.95941e+02 2.60696e+02 2.63191e+02 2.30803e+02 2.35441e+02 2.50791e+02 2.58490e+02 2.69390e+02
5.00000e+01 1.19887e+02 1.95858e+02 2.60675e+02 2.63177e+02 2.30516e+02 2.35164e+02 2.50640e+02 2.58410e+02 2.69384e+02
5.00000e+01 1.19849e+02 1.95784e+02 2.60657e+02 2.63164e+02 2.30248e+02 2.34906e+02 2.50498e+02 2.58336e+02 2.69379e+02
