2.70000e+02 2.70000e+02 2.70000e+02 2.68743e+02 2.68337e+02 2.71378e+02 2.71386e+02 2.71369e+02 2.71193e+02 2.70902e+02
2.70000e+02 2.70000e+02 2.70000e+02 2.68743e+02 2.68337e+02 2.71378e+02 2.71386e+02 2.71369e+02 2.71193e+02 2.70902e+02
5.00000e+01 1.50000e+02 2.50000e+02 2.68660e+02 2.68318e+02 2.70927e+02 2.71095e+02 2.71103e+02 2.70996e+02 2.70812e+02
5.00000e+01 1.43905e+02 2.44444e+02 2.68418e+02 2.68226e+02 2.69133e+02 2.69754e+02 2.70132e+02 2.70198e+02 2.70634e+02
5.00000e+01 1.40110e+02 2.38876e+02 2.68039e+02 2.68049e+02 2.66596e+02 2.67684e+02 2.68825e+02 2.69153e+02 2.70477e+02
5.00000e+01 1.37173e+02 2.33274e+02 2.67551e+02 2.67793e+02 2.63811e+02 2.65315e+02 2.67442e+02 2.68153e+02 2.70352e+02
5.00000e+01 1.34658e+02 2.27978e+02 2.67002e+02 2.67483e+02 2.61006e+02 2.62874e+02 2.66078e+02 2.67263e+02 2.70251e+02
5.00000e+01 1.32544e+02 2.23295e+02 2.66435e+02 2.67146e+02 2.58288e+02 2.60477e+02 2.64773e+02 2.66480e+02 2.70165e+02
5.00000e+01 1.30726e+02 2.19260e+02 2.65886e+02 2.66807e+02 2.55711e+02 2.58186e+02 2.63545e+02 2.65786e+02 2.70092e+02
5.00000e+01 1.29213e+02 2.15814e+02 2.65375e+02 2.66483e+02 2.53297e+02 2.56028e+02 2.62402e+02 2.65166e+02 2.70029e+02
5.00000e+01 1.27953e+02 2.12880e+02 2.64911e+02 2.66185e+02 2.51052e+02 2.54016e+02 2.61345e+02 2.64609e+02 2.69974e+02
5.00000e+01 1.26896e+02 2.10384e+02 2.64498e+02 2.65915e+02 2.48975e+02 2.52151e+02 2.60374e+02 2.64108e+02 2.69925e+02
5.00000e+01 1.26005e+02 2.08259e+02 2.64134e+02 2.65676e+02 2.47059e+02 2.50430e+02 2.59483e+02 2.63655e+02 2.69882e+02
5.00000e+01 1.25250e+02 2.06449e+02 2.63816e+02 2.65465e+02 2.45295e+02 2.48845e+02 2.58667e+02 2.63245e+02 2.69844e+02
5.00000e+01 1.24607e+02 2.04903e+02 2.63538e+02 2.65281e+02 2.43672e+02 2.47389e+02 2.57920e+02 2.62872e+02 2.69810e+02
5.00000e+01 1.24057e+02 2.03582e+02 2.63296e+02 2.65121e+02 2.42180e+02 2.46050e+02 2.57237e+02 2.62534e+02 2.69780e+02
5.00000e+01 1.23586e+02 2.02450e+02 2.63087e+02 2.64981e+02 2.40809e+02 2.44821e+02 2.56611e+02 2.62225e+02 2.69753e+02
5.00000e+01 1.23179e+02 2.01479e+02 2.62905e+02 2.64860e+02 2.39548e+02 2.43692e+02 2.56038e+02 2.61943e+02 2.69729e+02
5.00000e+01 1.22828e+02 2.00644e+02 2.62748e+02 2.64755e+02 2.38388e+02 2.42654e+02 2.55512e+02 2.61684e+02 2.69707e+02
5.00000e+01 1.22524e+02 1.99926e+02 2.62612e+02 2.64664e+02 2.37320e+02 2.41699e+02 2.55029e+02 2.61448e+02 2.69687e+02
5.00000e+01 1.22259e+02 1.99306e+02 2.62493e+02 2.64586e+02 2.36337e+02 2.40820e+02 2.54586e+02 2.61230e+02 2.69669e+02
5.00000e+01 1.22029e+02 1.98771e+02 2.62391e+02 2.64517e+02 2.35430e+02 2.40011e+02 2.54177e+02 2.61030e+02 2.69653e+02
5.00000e+01 1.21828e+02 1.98308e+02 2.62302e+02 2.64458e+02 2.34593e+02 2.39264e+02 2.53801e+02 2.60845e+02 2.69638e+02
5.00000e+01 1.21652e+02 1.97907e+02 2.62224e+02 2.64406e+02 2.33821e+02 2.38575e+02 2.53453e+02 2.60675e+02 2.69625e+02
5.00000e+01 1.21497e+02 1.97558e+02 2.62157e+02 2.64361e+02 2.33107e+02 2.37938e+02 2.53133e+02 2.60518e+02 2.69613e+02
5.00000e+01 1.21361e+02 1.97255e+02 2.62098e+02 2.64322e+02 2.32446e+02 2.37349e+02 2.52836e+02 2.60372e+02 2.69601e+02
5.00000e+01 1.21241e+02 1.96991e+02 2.62047e+02 2.64288e+02 2.31834e+02 2.36804e+02 2.52561e+02 2.60237e+02 2.69591e+02
5.00000e+01 1.21135e+02 1.96760e+02 2.62003e+02 2.64258e+02 2.31267e+02 2.36299e+02 2.52307e+02 2.60112e+02 2.69582e+02
5.00000e+01 1.21041e+02 1.96559e+02 2.61964e+02 2.64232e+02 2.30740e+02 2.35831e+02 2.52071e+02 2.59996e+02 2.69573e+02
5.00000e+01 1.20957e+02 1.96382e+02 2.61929e+02 2.64210e+02 2.30252e+02 2.35396e+02 2.51852e+02 2.59888e+02 2.69565e+02
5.00000e+01 1.20883e+02 1.96227e+02 2.61899e+02 2.64190e+02 2.29798e+02 2.34992e+02 2.51648e+02 2.59788e+02 2.69557e+02
5.00000e+01 1.20816e+02 1.96091e+02 2.61873e+02 2.64172e+02 2.29375e+02 2.34616e+02 2.51459e+02 2.59694e+02 2.69550e+02
5.00000e+01 1.20758e+02 1.95973e+02 2.61850e+02 2.64157e+02 2.28996e+02 2.34278e+02 2.51287e+02 2.59609e+02 2.69544e+02
5.00000e+01 1.20706e+02 1.95869e+02 2.61830e+02 2.64144e+02 2.28641e+02 2.33962e+02 2.51127e+02 2.59530e+02 2.69539e+02
5.00000e+01 1.20660e+02 1.95777e+02 2.61812e+02 2.64132e+02 2.28308e+02 2.33666e+02 2.50977e+02 2.59456e+02 2.69533e+02
5.00000e+01 1.20617e+02 1.95695e+02 2.61796e+02 2.64121e+02 2.27997e+02 2.33389e+02 2.50837e+02 2.59386e+02 2.69528e+02
5.00000e+01 1.20579e+02 1.95622e+02 2.61782e+02 2.64112e+02 2.27705e+02 2.33130e+02 2.50706e+02 2.59321e+02 2.69524e+02
5.00000e+01 1.20544e+02 1.95557e+02 2.61769e+02 2.64104e+02 2.27432e+02 2.32887e+02 2.50584e+02 2.59260e+02 2.69519e+02
