2.70000e+02 2.70000e+02 2.70000e+02 2.68721e+02 2.68325e+02 2.67734e+02 2.68286e+02 2.70084e+02 2.70573e+02 2.70855e+02
2.70000e+02 2.70000e+02 2.70000e+02 2.68721e+02 2.68325e+02 2.67734e+02 2.68286e+02 2.70084e+02 2.70573e+02 2.70855e+02
5.00000e+01 1.50000e+02 2.50000e+02 2.68639e+02 2.68307e+02 2.67425e+02 2.68132e+02 2.69863e+02 2.70408e+02 2.70773e+02
5.00000e+01 1.43441e+02 2.44399e+02 2.68400e+02 2.68216e+02 2.65763e+02 2.67047e+02 2.68971e+02 2.69664e+02 2.70607e+02
5.00000e+01 1.39545e+02 2.38819e+02 2.68026e+02 2.68040e+02 2.63373e+02 2.65258e+02 2.67769e+02 2.68667e+02 2.70462e+02
5.00000e+01 1.36557e+02 2.33180e+02 2.67546e+02 2.67788e+02 2.60765e+02 2.63157e+02 2.66500e+02 2.67704e+02 2.70346e+02
5.00000e+01 1.33959e+02 2.27849e+02 2.67003e+02 2.67481e+02 2.58162e+02 2.60964e+02 2.65249e+02 2.66845e+02 2.70251e+02
5.00000e+01 1.31726e+02 2.23131e+02 2.66439e+02 2.67146e+02 2.55661e+02 2.58797e+02 2.64049e+02 2.66087e+02 2.70172e+02
5.00000e+01 1.29889e+02 2.19059e+02 2.65890e+02 2.66807e+02 2.53306e+02 2.56717e+02 2.62918e+02 2.65414e+02 2.70104e+02
5.00000e+01 1.28376e+02 2.15580e+02 2.65376e+02 2.66482e+02 2.51114e+02 2.54755e+02 2.61863e+02 2.64814e+02 2.70045e+02
5.00000e+01 1.27123e+02 2.12619e+02 2.64908e+02 2.66179e+02 2.49088e+02 2.52926e+02 2.60888e+02 2.64276e+02 2.69993e+02
5.00000e+01 1.26076e+02 2.10102e+02 2.64489e+02 2.65906e+02 2.47223e+02 2.51233e+02 2.59992e+02 2.63793e+02 2.69948e+02
5.00000e+01 1.25197e+02 2.07961e+02 2.64118e+02 2.65662e+02 2.45513e+02 2.49675e+02 2.59173e+02 2.63358e+02 2.69908e+02
5.00000e+01 1.24453e+02 2.06137e+02 2.63792e+02 2.65446e+02 2.43946e+02 2.48245e+02 2.58425e+02 2.62966e+02 2.69873e+02
5.00000e+01 1.23822e+02 2.04581e+02 2.63508e+02 2.65257e+02 2.42513e+02 2.46934e+02 2.57744e+02 2.62613e+02 2.69842e+02
5.00000e+01 1.23283e+02 2.03252e+02 2.63260e+02 2.65092e+02 2.41202e+02 2.45736e+02 2.57124e+02 2.62294e+02 2.69814e+02
5.00000e+01 1.22821e+02 2.02114e+02 2.63045e+02 2.64948e+02 2.40003e+02 2.44640e+02 2.56560e+02 2.62005e+02 2.69790e+02
5.00000e+01 1.22424e+02 2.01138e+02 2.62858e+02 2.64823e+02 2.38907e+02 2.43638e+02 2.56047e+02 2.61744e+02 2.69768e+02
5.00000e+01 1.22082e+02 2.00299e+02 2.62696e+02 2.64715e+02 2.37903e+02 2.42722e+02 2.55580e+02 2.61507e+02 2.69748e+02
5.00000e+01 1.21786e+02 1.99578e+02 2.62555e+02 2.64620e+02 2.36984e+02 2.41884e+02 2.55154e+02 2.61292e+02 2.69730e+02
5.00000e+01 1.21529e+02 1.98956e+02 2.62433e+02 2.64539e+02 2.36142e+02 2.41116e+02 2.54766e+02 2.61096e+02 2.69714e+02
5.00000e+01 1.21306e+02 1.98419e+02 2.62326e+02 2.64467e+02 2.35369e+02 2.40413e+02 2.54412e+02 2.60918e+02 2.69700e+02
5.00000e+01 1.21112e+02 1.97955e+02 2.62234e+02 2.64406e+02 2.34659e+02 2.39767e+02 2.54089e+02 2.60756e+02 2.69687e+02
5.00000e+01 1.20942e+02 1.97553e+02 2.62154e+02 2.64352e+02 2.34007e+02 2.39175e+02 2.53793e+02 2.60608e+02 2.69675e+02
5.00000e+01 1.20794e+02 1.97204e+02 2.62084e+02 2.64305e+02 2.33406e+02 2.38630e+02 2.53522e+02 2.60472e+02 2.69665e+02
5.00000e+01 1.20664e+02 1.96901e+02 2.62024e+02 2.64265e+02 2.32853e+02 2.38128e+02 2.53274e+02 2.60348e+02 2.69655e+02
5.00000e+01 1.20550e+02 1.96637e+02 2.61971e+02 2.64229e+02 2.32342e+02 2.37666e+02 2.53046e+02 2.60235e+02 2.69646e+02
5.00000e+01 1.20449e+02 1.96407e+02 2.61924e+02 2.64198e+02 2.31871e+02 2.37240e+02 2.52836e+02 2.60130e+02 2.69638e+02
5.00000e+01 1.20362e+02 1.96210e+02 2.61884e+02 2.64172e+02 2.31441e+02 2.36852e+02 2.52646e+02 2.60036e+02 2.69631e+02
5.00000e+01 1.20285e+02 1.96039e+02 2.61850e+02 2.64149e+02 2.31051e+02 2.36500e+02 2.52473e+02 2.59949e+02 2.69624e+02
5.00000e+01 1.20217e+02 1.95889e+02 2.61819e+02 2.64128e+02 2.30687e+02 2.36172e+02 2.52313e+02 2.59870e+02 2.69618e+02
5.00000e+01 1.20157e+02 1.95757e+02 2.61793e+02 2.64111e+02 2.30349e+02 2.35868e+02 2.52164e+02 2.59796e+02 2.69613e+02
5.00000e+01 1.20103e+02 1.95641e+02 2.61769e+02 2.64095e+02 2.30034e+02 2.35585e+02 2.52027e+02 2.59728e+02 2.69608e+02
5.00000e+01 1.20054e+02 1.95538e+02 2.61749e+02 2.64081e+02 2.29741e+02 2.35321e+02 2.51900e+02 2.59665e+02 2.69603e+02
5.00000e+01 1.20011e+02 1.95447e+02 2.61730e+02 2.64069e+02 2.29467e+02 2.35075e+02 2.51782e+02 2.59606e+02 2.69599e+02
5.00000e+01 1.19972e+02 1.95367e+02 2.61714e+02 2.64058e+02 2.29211e+02 2.34845e+02 2.51672e+02 2.59552e+02 2.69595e+02
5.00000e+01 1.19937e+02 1.95295e+02 2.61700e+02 2.64049e+02 2.28971e+02 2.34631e+02 2.51569e+02 2.59501e+02 2.69591e+02
5.00000e+01 1.19905e+02 1.95231e+02 2.61687e+02 2.64040e+02 2.28747e+02 2.34430e+02 2.51474e+02 2.59454e+02 2.69588e+02
