2.70000e+02 2.70000e+02 2.70000e+02 2.68786e+02 2.68429e+02 2.73152e+02 2.73007e+02 2.72294e+02 2.71737e+02 2.70928e+02
2.70000e+02 2.70000e+02 2.70000e+02 2.68786e+02 2.68429e+02 2.73152e+02 2.73007e+02 2.72294e+02 2.71737e+02 2.70928e+02
5.00000e+01 1.50000e+02 2.50000e+02 2.68691e+02 2.68401e+02 2.72679e+02 2.72556e+02 2.72034e+02 2.71550e+02 2.70844e+02
5.00000e+01 1.43594e+02 2.44502e+02 2.68431e+02 2.68282e+02 2.71084e+02 2.71037e+02 2.71083e+02 2.70776e+02 2.70675e+02
5.00000e+01 1.39745e+02 2.39018e+02 2.68037e+02 2.68069e+02 2.68843e+02 2.68925e+02 2.69800e+02 2.69751e+02 2.70528e+02
5.00000e+01 1.36798e+02 2.33505e+02 2.67539e+02 2.67776e+02 2.66357e+02 2.66611e+02 2.68442e+02 2.68759e+02 2.70410e+02
5.00000e+01 1.34269e+02 2.28297e+02 2.66979e+02 2.67428e+02 2.63810e+02 2.64270e+02 2.67104e+02 2.67869e+02 2.70312e+02
5.00000e+01 1.32075e+02 2.23696e+02 2.66400e+02 2.67052e+02 2.61300e+02 2.61984e+02 2.65825e+02 2.67079e+02 2.70230e+02
5.00000e+01 1.30256e+02 2.19733e+02 2.65836e+02 2.66677e+02 2.58880e+02 2.59795e+02 2.64623e+02 2.66375e+02 2.70160e+02
5.00000e+01 1.28757e+02 2.16353e+02 2.65309e+02 2.66318e+02 2.56576e+02 2.57722e+02 2.63502e+02 2.65742e+02 2.70099e+02
5.00000e+01 1.27514e+02 2.13479e+02 2.64829e+02 2.65987e+02 2.54403e+02 2.55774e+02 2.62464e+02 2.65173e+02 2.70045e+02
5.00000e+01 1.26476e+02 2.11039e+02 2.64400e+02 2.65689e+02 2.52362e+02 2.53951e+02 2.61505e+02 2.64658e+02 2.69998e+02
5.00000e+01 1.25603e+02 2.08964e+02 2.64020e+02 2.65423e+02 2.50453e+02 2.52249e+02 2.60621e+02 2.64190e+02 2.69956e+02
5.00000e+01 1.24863e+02 2.07197e+02 2.63686e+02 2.65188e+02 2.48669e+02 2.50662e+02 2.59807e+02 2.63764e+02 2.69918e+02
5.00000e+01 1.24234e+02 2.05690e+02 2.63394e+02 2.64982e+02 2.47005e+02 2.49184e+02 2.59056e+02 2.63376e+02 2.69885e+02
5.00000e+01 1.23696e+02 2.04402e+02 2.63140e+02 2.64802e+02 2.45452e+02 2.47807e+02 2.58363e+02 2.63020e+02 2.69855e+02
5.00000e+01 1.23234e+02 2.03298e+02 2.62918e+02 2.64646e+02 2.44003e+02 2.46522e+02 2.57722e+02 2.62692e+02 2.69827e+02
5.00000e+01 1.22835e+02 2.02351e+02 2.62726e+02 2.64509e+02 2.42651e+02 2.45324e+02 2.57128e+02 2.62391e+02 2.69803e+02
5.00000e+01 1.22490e+02 2.01536e+02 2.62558e+02 2.64391e+02 2.41387e+02 2.44206e+02 2.56578e+02 2.62112e+02 2.69780e+02
5.00000e+01 1.22189e+02 2.00834e+02 2.62413e+02 2.64287e+02 2.40205e+02 2.43160e+02 2.56066e+02 2.61854e+02 2.69760e+02
5.00000e+01 1.21928e+02 2.00227e+02 2.62287e+02 2.64198e+02 2.39099e+02 2.42182e+02 2.55590e+02 2.61614e+02 2.69741e+02
5.00000e+01 1.21698e+02 1.99701e+02 2.62176e+02 2.64120e+02 2.38063e+02 2.41266e+02 2.55145e+02 2.61391e+02 2.69724e+02
5.00000e+01 1.21497e+02 1.99246e+02 2.62081e+02 2.64052e+02 2.37092e+02 2.40407e+02 2.54730e+02 2.61182e+02 2.69708e+02
5.00000e+01 1.21320e+02 1.98849e+02 2.61997e+02 2.63992e+02 2.36181e+02 2.39601e+02 2.54342e+02 2.60988e+02 2.69694e+02
5.00000e+01 1.21163e+02 1.98504e+02 2.61924e+02 2.63940e+02 2.35325e+02 2.38845e+02 2.53978e+02 2.60805e+02 2.69680e+02
5.00000e+01 1.21025e+02 1.98203e+02 2.61860e+02 2.63895e+02 2.34521e+02 2.38133e+02 2.53636e+02 2.60634e+02 2.69667e+02
5.00000e+01 1.20901e+02 1.97939e+02 2.61804e+02 2.63856e+02 2.33765e+02 2.37464e+02 2.53316e+02 2.60473e+02 2.69656e+02
5.00000e+01 1.20791e+02 1.97707e+02 2.61755e+02 2.63821e+02 2.33053e+02 2.36834e+02 2.53014e+02 2.60322e+02 2.69645e+02
5.00000e+01 1.20693e+02 1.97504e+02 2.61712e+02 2.63790e+02 2.32382e+02 2.36240e+02 2.52730e+02 2.60180e+02 2.69635e+02
5.00000e+01 1.20605e+02 1.97324e+02 2.61674e+02 2.63763e+02 2.31749e+02 2.35681e+02 2.52462e+02 2.60045e+02 2.69625e+02
5.00000e+01 1.20525e+02 1.97166e+02 2.61640e+02 2.63739e+02 2.31153e+02 2.35153e+02 2.52209e+02 2.59918e+02 2.69616e+02
5.00000e+01 1.20453e+02 1.97026e+02 2.61610e+02 2.63718e+02 2.30590e+02 2.34654e+02 2.51970e+02 2.59798e+02 2.69608e+02
5.00000e+01 1.20388e+02 1.96901e+02 2.61584e+02 2.63700e+02 2.30058e+02 2.34183e+02 2.51745e+02 2.59685e+02 2.69600e+02
5.00000e+01 1.20329e+02 1.96790e+02 2.61560e+02 2.63683e+02 2.29556e+02 2.33738e+02 2.51532e+02 2.59577e+02 2.69592e+02
5.00000e+01 1.20276e+02 1.96691e+02 2.61539e+02 2.63668e+02 2.29081e+02 2.33317e+02 2.51330e+02 2.59476e+02 2.69585e+02
5.00000e+01 1.20227e+02 1.96602e+02 2.61521e+02 2.63655e+02 2.28632e+02 2.32919e+02 2.51139e+02 2.59379e+02 2.69579e+02
5.00000e+01 1.20182e+02 1.96522e+02 2.61504e+02 2.63644e+02 2.28207e+02 2.32542e+02 2.50958e+02 2.59288e+02 2.69573e+02
5.00000e+01 1.20141e+02 1.96450e+02 2.61489e+02 2.63633e+02 2.27805e+02 2.32185e+02 2.50786e+02 2.59201e+02 2.69567e+02
