2.70000000e+02
5.00000000e+01
5.00000000e+01
5.00000000e+01
5.00000000e+01
5.00000000e+01
5.00000000e+01
5.00000000e+01
5.00000000e+01
5.00000000e+01
5.00000000e+01
5.00000000e+01
5.00000000e+01
5.00000000e+01
5.00000000e+01
5.00000000e+01
5.00000000e+01
5.00000000e+01
5.00000000e+01
5.00000000e+01
5.00000000e+01
5.00000000e+01
5.00000000e+01
5.00000000e+01
5.00000000e+01
5.00000000e+01
5.00000000e+01
5.00000000e+01
5.00000000e+01
5.00000000e+01
5.00000000e+01
5.00000000e+01
5.00000000e+01
5.00000000e+01
5.00000000e+01
5.00000000e+01
5.00000000e+01
2.70000000e+02
1.50000000e+02
1.43672377e+02
1.39809068e+02
1.36839088e+02
1.34302037e+02
1.32105756e+02
1.30281972e+02
1.28779999e+02
1.27536157e+02
1.26498750e+02
1.25627679e+02
1.24891867e+02
1.24267007e+02
1.23733868e+02
1.23277070e+02
1.22884185e+02
1.22545084e+02
1.22251451e+02
1.21996405e+02
1.21774229e+02
1.21580141e+02
1.21410128e+02
1.21260808e+02
1.21129320e+02
1.21013236e+02
1.20910490e+02
1.20819322e+02
1.20738223e+02
1.20665903e+02
1.20601802e+02
1.20545748e+02
1.20495124e+02
1.20449371e+02
1.20407942e+02
1.20370350e+02
1.20336168e+02
2.70000000e+02
2.50000000e+02
2.44465123e+02
2.38953848e+02
2.33407056e+02
2.28168388e+02
2.23544456e+02
2.19566631e+02
2.16177604e+02
2.13300931e+02
2.10861203e+02
2.08790709e+02
2.07031081e+02
2.05532959e+02
2.04254969e+02
2.03162551e+02
2.02226857e+02
2.01423788e+02
2.00733180e+02
2.00138125e+02
1.99624414e+02
1.99180082e+02
1.98795028e+02
1.98460710e+02
1.98169888e+02
1.97916414e+02
1.97695061e+02
1.97501373e+02
1.97331551e+02
1.97182348e+02
1.97052003e+02
1.96939563e+02
1.96839727e+02
1.96750906e+02
1.96671722e+02
1.96600982e+02
1.96537650e+02
2.68748111e+02
2.68648306e+02
2.68386487e+02
2.67993099e+02
2.67497765e+02
2.66943456e+02
2.66373354e+02
2.65820933e+02
2.65306693e+02
2.64840388e+02
2.64424677e+02
2.64058121e+02
2.63737186e+02
2.63457454e+02
2.63214313e+02
2.63003318e+02
2.62820370e+02
2.62661784e+02
2.62524296e+02
2.62405049e+02
2.62301552e+02
2.62211650e+02
2.62133477e+02
2.62065426e+02
2.62006112e+02
2.61954342e+02
2.61909091e+02
2.61869474e+02
2.61834735e+02
2.61804218e+02
2.61777446e+02
2.61754199e+02
2.61733764e+02
2.61715661e+02
2.61699562e+02
2.61685207e+02
2.61672376e+02
2.68341871e+02
2.68319013e+02
2.68219300e+02
2.68034517e+02
2.67775191e+02
2.67463206e+02
2.67125309e+02
2.66785489e+02
2.66460809e+02
2.66161099e+02
2.65890659e+02
2.65650235e+02
2.65438558e+02
2.65253355e+02
2.65091960e+02
2.64951658e+02
2.64829865e+02
2.64724212e+02
2.64632576e+02
2.64553083e+02
2.64484089e+02
2.64424167e+02
2.64372076e+02
2.64326747e+02
2.64287256e+02
2.64252807e+02
2.64222713e+02
2.64196385e+02
2.64173315e+02
2.64153065e+02
2.64135373e+02
2.64119989e+02
2.64106418e+02
2.64094425e+02
2.64083782e+02
2.64074306e+02
2.64065846e+02
2.70888861e+02
2.70467519e+02
2.68795334e+02
2.66469752e+02
2.63943969e+02
2.61410864e+02
2.58956975e+02
2.56621504e+02
2.54421485e+02
2.52362648e+02
2.50444307e+02
2.48662090e+02
2.47009558e+02
2.45479189e+02
2.44063003e+02
2.42752948e+02
2.41541150e+02
2.40420066e+02
2.39382564e+02
2.38421978e+02
2.37532113e+02
2.36707246e+02
2.35942110e+02
2.35231872e+02
2.34572103e+02
2.33958753e+02
2.33388120e+02
2.32856820e+02
2.32361765e+02
2.31900131e+02
2.31473096e+02
2.31085360e+02
2.30721836e+02
2.30380888e+02
2.30060943e+02
2.29760528e+02
2.29478285e+02
2.70980342e+02
2.70743333e+02
2.69593620e+02
2.67785182e+02
2.65688118e+02
2.63504008e+02
2.61338855e+02
2.59248944e+02
2.57263582e+02
2.55396744e+02
2.53653138e+02
2.52031857e+02
2.50528685e+02
2.49137556e+02
2.47851490e+02
2.46663172e+02
2.45565315e+02
2.44550876e+02
2.43613177e+02
2.42745971e+02
2.41943463e+02
2.41200308e+02
2.40511602e+02
2.39872855e+02
2.39279968e+02
2.38729198e+02
2.38217134e+02
2.37740667e+02
2.37296963e+02
2.36883440e+02
2.36501060e+02
2.36153910e+02
2.35828664e+02
2.35523703e+02
2.35237634e+02
2.34969138e+02
2.34716988e+02
2.71238959e+02
2.70971035e+02
2.69988563e+02
2.68684191e+02
2.67326898e+02
2.66006824e+02
2.64755917e+02
2.63586124e+02
2.62501150e+02
2.61500390e+02
2.60580583e+02
2.59736951e+02
2.58963993e+02
2.58255995e+02
2.57607349e+02
2.57012724e+02
2.56467163e+02
2.55966116e+02
2.55505444e+02
2.55081401e+02
2.54690611e+02
2.54330037e+02
2.53996947e+02
2.53688889e+02
2.53403657e+02
2.53139267e+02
2.52893933e+02
2.52666045e+02
2.52454150e+02
2.52256934e+02
2.52074565e+02
2.51908359e+02
2.51753142e+02
2.51607977e+02
2.51472045e+02
2.51344632e+02
2.51225104e+02
2.71153835e+02
2.70956883e+02
2.70145126e+02
2.69071843e+02
2.68042920e+02
2.67133354e+02
2.66338582e+02
2.65639781e+02
2.65020320e+02
2.64467693e+02
2.63972339e+02
2.63526636e+02
2.63124312e+02
2.62760106e+02
2.62429541e+02
2.62128777e+02
2.61854500e+02
2.61603837e+02
2.61374288e+02
2.61163670e+02
2.60970071e+02
2.60791809e+02
2.60627405e+02
2.60475550e+02
2.60335083e+02
2.60204975e+02
2.60084306e+02
2.59972256e+02
2.59868089e+02
2.59771145e+02
2.59681511e+02
2.59599716e+02
2.59523271e+02
2.59451773e+02
2.59384826e+02
2.59322075e+02
2.59263204e+02
2.70895028e+02
2.70807494e+02
2.70633907e+02
2.70482400e+02
2.70362046e+02
2.70264532e+02
2.70183297e+02
2.70114128e+02
2.70054425e+02
2.70002429e+02
2.69956841e+02
2.69916652e+02
2.69881057e+02
2.69849401e+02
2.69821142e+02
2.69795828e+02
2.69773080e+02
2.69752575e+02
2.69734042e+02
2.69717245e+02
2.69701984e+02
2.69688086e+02
2.69675400e+02
2.69663798e+02
2.69653164e+02
2.69643401e+02
2.69634420e+02
2.69626145e+02
2.69618508e+02
2.69611450e+02
2.69604959e+02
2.69599071e+02
2.69593605e+02
2.69588521e+02
2.69583784e+02
2.69579365e+02
2.69575237e+02
