2.70000e+02 2.70000e+02 2.70000e+02 2.68685e+02 2.68357e+02 2.70134e+02 2.70268e+02 2.70823e+02 2.70913e+02 2.70883e+02
2.70000e+02 2.70000e+02 2.70000e+02 2.68685e+02 2.68357e+02 2.70134e+02 2.70268e+02 2.70823e+02 2.70913e+02 2.70883e+02
5.00000e+01 1.50000e+02 2.50000e+02 2.68587e+02 2.68327e+02 2.69862e+02 2.69930e+02 2.70561e+02 2.70717e+02 2.70783e+02
5.00000e+01 1.43864e+02 2.44458e+02 2.68335e+02 2.68212e+02 2.68506e+02 2.68458e+02 2.69543e+02 2.69871e+02 2.70580e+02
5.00000e+01 1.40087e+02 2.38993e+02 2.67965e+02 2.68013e+02 2.66430e+02 2.66363e+02 2.68165e+02 2.68738e+02 2.70402e+02
5.00000e+01 1.37180e+02 2.33538e+02 2.67507e+02 2.67744e+02 2.64053e+02 2.64070e+02 2.66716e+02 2.67641e+02 2.70259e+02
5.00000e+01 1.34692e+02 2.28392e+02 2.67000e+02 2.67430e+02 2.61599e+02 2.61768e+02 2.65305e+02 2.66665e+02 2.70142e+02
5.00000e+01 1.32588e+02 2.23849e+02 2.66485e+02 2.67098e+02 2.59183e+02 2.59544e+02 2.63974e+02 2.65808e+02 2.70045e+02
5.00000e+01 1.30790e+02 2.19942e+02 2.65989e+02 2.66769e+02 2.56869e+02 2.57440e+02 2.62736e+02 2.65054e+02 2.69962e+02
5.00000e+01 1.29299e+02 2.16611e+02 2.65530e+02 2.66459e+02 2.54686e+02 2.55472e+02 2.61597e+02 2.64385e+02 2.69890e+02
5.00000e+01 1.28059e+02 2.13781e+02 2.65117e+02 2.66176e+02 2.52647e+02 2.53644e+02 2.60554e+02 2.63790e+02 2.69828e+02
5.00000e+01 1.27023e+02 2.11378e+02 2.64750e+02 2.65923e+02 2.50754e+02 2.51956e+02 2.59602e+02 2.63257e+02 2.69773e+02
5.00000e+01 1.26152e+02 2.09338e+02 2.64428e+02 2.65699e+02 2.49003e+02 2.50400e+02 2.58734e+02 2.62779e+02 2.69725e+02
5.00000e+01 1.25416e+02 2.07603e+02 2.64146e+02 2.65502e+02 2.47389e+02 2.48968e+02 2.57944e+02 2.62349e+02 2.69683e+02
5.00000e+01 1.24790e+02 2.06125e+02 2.63902e+02 2.65331e+02 2.45901e+02 2.47652e+02 2.57225e+02 2.61961e+02 2.69645e+02
5.00000e+01 1.24256e+02 2.04864e+02 2.63690e+02 2.65183e+02 2.44531e+02 2.46441e+02 2.56569e+02 2.61610e+02 2.69612e+02
5.00000e+01 1.23799e+02 2.03786e+02 2.63506e+02 2.65054e+02 2.43270e+02 2.45328e+02 2.55971e+02 2.61292e+02 2.69582e+02
5.00000e+01 1.23406e+02 2.02864e+02 2.63348e+02 2.64942e+02 2.42108e+02 2.44303e+02 2.55425e+02 2.61004e+02 2.69556e+02
5.00000e+01 1.23067e+02 2.02072e+02 2.63210e+02 2.64846e+02 2.41037e+02 2.43359e+02 2.54926e+02 2.60741e+02 2.69532e+02
5.00000e+01 1.22774e+02 2.01392e+02 2.63091e+02 2.64762e+02 2.40050e+02 2.42489e+02 2.54469e+02 2.60501e+02 2.69510e+02
5.00000e+01 1.22519e+02 2.00807e+02 2.62989e+02 2.64690e+02 2.39138e+02 2.41686e+02 2.54050e+02 2.60282e+02 2.69491e+02
5.00000e+01 1.22298e+02 2.00302e+02 2.62900e+02 2.64627e+02 2.38295e+02 2.40943e+02 2.53665e+02 2.60081e+02 2.69473e+02
5.00000e+01 1.22106e+02 1.99866e+02 2.62822e+02 2.64573e+02 2.37515e+02 2.40256e+02 2.53311e+02 2.59897e+02 2.69457e+02
5.00000e+01 1.21937e+02 1.99489e+02 2.62756e+02 2.64526e+02 2.36793e+02 2.39620e+02 2.52985e+02 2.59728e+02 2.69443e+02
5.00000e+01 1.21790e+02 1.99162e+02 2.62697e+02 2.64485e+02 2.36123e+02 2.39030e+02 2.52684e+02 2.59573e+02 2.69430e+02
5.00000e+01 1.21660e+02 1.98878e+02 2.62647e+02 2.64450e+02 2.35501e+02 2.38481e+02 2.52406e+02 2.59429e+02 2.69418e+02
5.00000e+01 1.21546e+02 1.98631e+02 2.62603e+02 2.64419e+02 2.34923e+02 2.37972e+02 2.52149e+02 2.59297e+02 2.69407e+02
5.00000e+01 1.21445e+02 1.98416e+02 2.62565e+02 2.64392e+02 2.34386e+02 2.37498e+02 2.51911e+02 2.59175e+02 2.69397e+02
5.00000e+01 1.21355e+02 1.98228e+02 2.62531e+02 2.64369e+02 2.33885e+02 2.37056e+02 2.51690e+02 2.59062e+02 2.69387e+02
5.00000e+01 1.21276e+02 1.98064e+02 2.62502e+02 2.64348e+02 2.33417e+02 2.36644e+02 2.51485e+02 2.58957e+02 2.69379e+02
5.00000e+01 1.21205e+02 1.97919e+02 2.62476e+02 2.64330e+02 2.32981e+02 2.36259e+02 2.51295e+02 2.58859e+02 2.69371e+02
5.00000e+01 1.21142e+02 1.97793e+02 2.62454e+02 2.64314e+02 2.32574e+02 2.35899e+02 2.51117e+02 2.58769e+02 2.69364e+02
5.00000e+01 1.21086e+02 1.97683e+02 2.62434e+02 2.64300e+02 2.32199e+02 2.35569e+02 2.50954e+02 2.58686e+02 2.69357e+02
5.00000e+01 1.21037e+02 1.97587e+02 2.62417e+02 2.64288e+02 2.31855e+02 2.35265e+02 2.50804e+02 2.58609e+02 2.69351e+02
5.00000e+01 1.20993e+02 1.97502e+02 2.62402e+02 2.64278e+02 2.31531e+02 2.34980e+02 2.50664e+02 2.58538e+02 2.69345e+02
5.00000e+01 1.20953e+02 1.97427e+02 2.62388e+02 2.64268e+02 2.31227e+02 2.34711e+02 2.50533e+02 2.58471e+02 2.69340e+02
5.00000e+01 1.20916e+02 1.97359e+02 2.62376e+02 2.64260e+02 2.30940e+02 2.34457e+02 2.50410e+02 2.58409e+02 2.69335e+02
5.00000e+01 1.20883e+02 1.97299e+02 2.62366e+02 2.64253e+02 2.30670e+02 2.34219e+02 2.50295e+02 2.58350e+02 2.69330e+02
