2.70000e+02 2.70000e+02 2.70000e+02 2.68704e+02 2.68314e+02 2.70816e+02 2.70921e+02 2.71256e+02 2.71168e+02 2.70892e+02
2.70000e+02 2.70000e+02 2.70000e+02 2.68704e+02 2.68314e+02 2.70816e+02 2.70921e+02 2.71256e+02 2.71168e+02 2.70892e+02
5.00000e+01 1.50000e+02 2.50000e+02 2.68623e+02 2.68296e+02 2.70485e+02 2.70629e+02 2.70972e+02 2.70960e+02 2.70805e+02
5.00000e+01 1.43434e+02 2.44427e+02 2.68389e+02 2.68207e+02 2.68989e+02 2.69293e+02 2.70040e+02 2.70192e+02 2.70637e+02
5.00000e+01 1.39530e+02 2.38853e+02 2.68028e+02 2.68037e+02 2.66825e+02 2.67341e+02 2.68801e+02 2.69188e+02 2.70489e+02
5.00000e+01 1.36541e+02 2.33215e+02 2.67569e+02 2.67797e+02 2.64425e+02 2.65174e+02 2.67497e+02 2.68222e+02 2.70369e+02
5.00000e+01 1.33937e+02 2.27882e+02 2.67054e+02 2.67507e+02 2.61992e+02 2.62978e+02 2.66216e+02 2.67358e+02 2.70271e+02
5.00000e+01 1.31702e+02 2.23164e+02 2.66525e+02 2.67192e+02 2.59623e+02 2.60840e+02 2.64993e+02 2.66593e+02 2.70188e+02
5.00000e+01 1.29864e+02 2.19094e+02 2.66011e+02 2.66876e+02 2.57365e+02 2.58802e+02 2.63843e+02 2.65911e+02 2.70116e+02
5.00000e+01 1.28353e+02 2.15619e+02 2.65534e+02 2.66574e+02 2.55241e+02 2.56886e+02 2.62772e+02 2.65299e+02 2.70053e+02
5.00000e+01 1.27101e+02 2.12665e+02 2.65101e+02 2.66295e+02 2.53260e+02 2.55100e+02 2.61782e+02 2.64747e+02 2.69998e+02
5.00000e+01 1.26056e+02 2.10158e+02 2.64714e+02 2.66044e+02 2.51423e+02 2.53444e+02 2.60870e+02 2.64250e+02 2.69949e+02
5.00000e+01 1.25179e+02 2.08027e+02 2.64374e+02 2.65821e+02 2.49725e+02 2.51914e+02 2.60034e+02 2.63799e+02 2.69906e+02
5.00000e+01 1.24438e+02 2.06216e+02 2.64076e+02 2.65624e+02 2.48159e+02 2.50504e+02 2.59269e+02 2.63391e+02 2.69868e+02
5.00000e+01 1.23808e+02 2.04673e+02 2.63816e+02 2.65452e+02 2.46716e+02 2.49206e+02 2.58568e+02 2.63020e+02 2.69833e+02
5.00000e+01 1.23271e+02 2.03356e+02 2.63590e+02 2.65302e+02 2.45390e+02 2.48013e+02 2.57927e+02 2.62683e+02 2.69803e+02
5.00000e+01 1.22811e+02 2.02230e+02 2.63394e+02 2.65172e+02 2.44169e+02 2.46916e+02 2.57341e+02 2.62376e+02 2.69775e+02
5.00000e+01 1.22416e+02 2.01265e+02 2.63224e+02 2.65059e+02 2.43047e+02 2.45907e+02 2.56805e+02 2.62097e+02 2.69750e+02
5.00000e+01 1.22075e+02 2.00438e+02 2.63077e+02 2.64960e+02 2.42014e+02 2.44980e+02 2.56314e+02 2.61842e+02 2.69728e+02
5.00000e+01 1.21780e+02 1.99726e+02 2.62949e+02 2.64875e+02 2.41064e+02 2.44127e+02 2.55865e+02 2.61609e+02 2.69707e+02
5.00000e+01 1.21524e+02 1.99113e+02 2.62838e+02 2.64801e+02 2.40189e+02 2.43341e+02 2.55453e+02 2.61396e+02 2.69689e+02
5.00000e+01 1.21302e+02 1.98584e+02 2.62742e+02 2.64737e+02 2.39382e+02 2.42617e+02 2.55075e+02 2.61201e+02 2.69672e+02
5.00000e+01 1.21108e+02 1.98127e+02 2.62658e+02 2.64681e+02 2.38638e+02 2.41950e+02 2.54727e+02 2.61023e+02 2.69657e+02
5.00000e+01 1.20938e+02 1.97731e+02 2.62585e+02 2.64633e+02 2.37952e+02 2.41334e+02 2.54408e+02 2.60859e+02 2.69643e+02
5.00000e+01 1.20790e+02 1.97387e+02 2.62522e+02 2.64591e+02 2.37317e+02 2.40765e+02 2.54115e+02 2.60708e+02 2.69631e+02
5.00000e+01 1.20659e+02 1.97089e+02 2.62467e+02 2.64554e+02 2.36730e+02 2.40239e+02 2.53844e+02 2.60569e+02 2.69619e+02
5.00000e+01 1.20544e+02 1.96829e+02 2.62419e+02 2.64522e+02 2.36187e+02 2.39752e+02 2.53595e+02 2.60442e+02 2.69609e+02
5.00000e+01 1.20443e+02 1.96602e+02 2.62377e+02 2.64494e+02 2.35684e+02 2.39300e+02 2.53364e+02 2.60324e+02 2.69599e+02
5.00000e+01 1.20353e+02 1.96404e+02 2.62340e+02 2.64470e+02 2.35217e+02 2.38882e+02 2.53151e+02 2.60215e+02 2.69590e+02
5.00000e+01 1.20274e+02 1.96231e+02 2.62308e+02 2.64448e+02 2.34783e+02 2.38493e+02 2.52954e+02 2.60115e+02 2.69582e+02
5.00000e+01 1.20204e+02 1.96080e+02 2.62280e+02 2.64430e+02 2.34384e+02 2.38135e+02 2.52774e+02 2.60022e+02 2.69574e+02
5.00000e+01 1.20143e+02 1.95950e+02 2.62256e+02 2.64413e+02 2.34021e+02 2.37811e+02 2.52610e+02 2.59940e+02 2.69568e+02
5.00000e+01 1.20088e+02 1.95836e+02 2.62234e+02 2.64399e+02 2.33683e+02 2.37508e+02 2.52458e+02 2.59862e+02 2.69562e+02
5.00000e+01 1.20039e+02 1.95734e+02 2.62215e+02 2.64387e+02 2.33366e+02 2.37224e+02 2.52316e+02 2.59790e+02 2.69556e+02
5.00000e+01 1.19995e+02 1.95644e+02 2.62199e+02 2.64376e+02 2.33070e+02 2.36958e+02 2.52184e+02 2.59723e+02 2.69550e+02
5.00000e+01 1.19955e+02 1.95564e+02 2.62184e+02 2.64366e+02 2.32793e+02 2.36710e+02 2.52060e+02 2.59660e+02 2.69545e+02
5.00000e+01 1.19919e+02 1.95493e+02 2.62171e+02 2.64357e+02 2.32533e+02 2.36477e+02 2.51945e+02 2.59601e+02 2.69541e+02
5.00000e+01 1.19887e+02 1.95430e+02 2.62159e+02 2.64349e+02 2.32288e+02 2.36258e+02 2.51837e+02 2.59547e+02 2.69536e+02
