2.70000e+02 2.70000e+02 2.70000e+02 2.68686e+02 2.68299e+02 2.70572e+02 2.70619e+02 2.70736e+02 2.70792e+02 2.70877e+02
2.70000e+02 2.70000e+02 2.70000e+02 2.68686e+02 2.68299e+02 2.70572e+02 2.70619e+02 2.70736e+02 2.70792e+02 2.70877e+02
5.00000e+01 1.50000e+02 2.50000e+02 2.68577e+02 2.68273e+02 2.70158e+02 2.70259e+02 2.70482e+02 2.70603e+02 2.70787e+02
5.00000e+01 1.43945e+02 2.44454e+02 2.68307e+02 2.68168e+02 2.68472e+02 2.68761e+02 2.69499e+02 2.69797e+02 2.70612e+02
5.00000e+01 1.40156e+02 2.38972e+02 2.67914e+02 2.67983e+02 2.66074e+02 2.66604e+02 2.68175e+02 2.68730e+02 2.70459e+02
5.00000e+01 1.37229e+02 2.33498e+02 2.67432e+02 2.67729e+02 2.63435e+02 2.64224e+02 2.66775e+02 2.67698e+02 2.70338e+02
5.00000e+01 1.34727e+02 2.28351e+02 2.66904e+02 2.67432e+02 2.60772e+02 2.61825e+02 2.65396e+02 2.66774e+02 2.70238e+02
5.00000e+01 1.32644e+02 2.23825e+02 2.66369e+02 2.67115e+02 2.58193e+02 2.59502e+02 2.64077e+02 2.65953e+02 2.70155e+02
5.00000e+01 1.30853e+02 2.19951e+02 2.65859e+02 2.66802e+02 2.55748e+02 2.57300e+02 2.62835e+02 2.65219e+02 2.70083e+02
5.00000e+01 1.29366e+02 2.16664e+02 2.65391e+02 2.66506e+02 2.53459e+02 2.55238e+02 2.61677e+02 2.64558e+02 2.70021e+02
5.00000e+01 1.28131e+02 2.13882e+02 2.64970e+02 2.66237e+02 2.51332e+02 2.53321e+02 2.60605e+02 2.63959e+02 2.69967e+02
5.00000e+01 1.27100e+02 2.11530e+02 2.64599e+02 2.65996e+02 2.49364e+02 2.51547e+02 2.59614e+02 2.63415e+02 2.69919e+02
5.00000e+01 1.26234e+02 2.09538e+02 2.64274e+02 2.65784e+02 2.47548e+02 2.49911e+02 2.58702e+02 2.62918e+02 2.69876e+02
5.00000e+01 1.25503e+02 2.07849e+02 2.63991e+02 2.65599e+02 2.45876e+02 2.48402e+02 2.57863e+02 2.62464e+02 2.69838e+02
5.00000e+01 1.24883e+02 2.06414e+02 2.63746e+02 2.65438e+02 2.44336e+02 2.47014e+02 2.57091e+02 2.62049e+02 2.69804e+02
5.00000e+01 1.24354e+02 2.05193e+02 2.63534e+02 2.65298e+02 2.42919e+02 2.45735e+02 2.56381e+02 2.61667e+02 2.69774e+02
5.00000e+01 1.23901e+02 2.04151e+02 2.63351e+02 2.65177e+02 2.41615e+02 2.44558e+02 2.55728e+02 2.61317e+02 2.69746e+02
5.00000e+01 1.23512e+02 2.03261e+02 2.63193e+02 2.65072e+02 2.40413e+02 2.43473e+02 2.55126e+02 2.60995e+02 2.69722e+02
5.00000e+01 1.23176e+02 2.02499e+02 2.63056e+02 2.64982e+02 2.39306e+02 2.42473e+02 2.54572e+02 2.60698e+02 2.69699e+02
5.00000e+01 1.22886e+02 2.01845e+02 2.62938e+02 2.64904e+02 2.38284e+02 2.41551e+02 2.54060e+02 2.60424e+02 2.69679e+02
5.00000e+01 1.22634e+02 2.01282e+02 2.62836e+02 2.64836e+02 2.37341e+02 2.40698e+02 2.53588e+02 2.60171e+02 2.69660e+02
5.00000e+01 1.22415e+02 2.00797e+02 2.62747e+02 2.64778e+02 2.36470e+02 2.39911e+02 2.53151e+02 2.59937e+02 2.69644e+02
5.00000e+01 1.22224e+02 2.00379e+02 2.62671e+02 2.64727e+02 2.35664e+02 2.39182e+02 2.52747e+02 2.59720e+02 2.69628e+02
5.00000e+01 1.22056e+02 2.00016e+02 2.62604e+02 2.64683e+02 2.34918e+02 2.38508e+02 2.52374e+02 2.59520e+02 2.69614e+02
5.00000e+01 1.21909e+02 1.99702e+02 2.62546e+02 2.64645e+02 2.34227e+02 2.37882e+02 2.52027e+02 2.59334e+02 2.69601e+02
5.00000e+01 1.21780e+02 1.99430e+02 2.62496e+02 2.64612e+02 2.33587e+02 2.37303e+02 2.51706e+02 2.59161e+02 2.69589e+02
5.00000e+01 1.21665e+02 1.99192e+02 2.62452e+02 2.64583e+02 2.32992e+02 2.36764e+02 2.51408e+02 2.59001e+02 2.69578e+02
5.00000e+01 1.21564e+02 1.98985e+02 2.62414e+02 2.64558e+02 2.32440e+02 2.36264e+02 2.51132e+02 2.58852e+02 2.69568e+02
5.00000e+01 1.21474e+02 1.98804e+02 2.62381e+02 2.64536e+02 2.31927e+02 2.35799e+02 2.50875e+02 2.58714e+02 2.69559e+02
5.00000e+01 1.21394e+02 1.98645e+02 2.62352e+02 2.64516e+02 2.31449e+02 2.35367e+02 2.50636e+02 2.58586e+02 2.69550e+02
5.00000e+01 1.21323e+02 1.98506e+02 2.62326e+02 2.64500e+02 2.31005e+02 2.34964e+02 2.50413e+02 2.58466e+02 2.69542e+02
5.00000e+01 1.21259e+02 1.98383e+02 2.62303e+02 2.64485e+02 2.30591e+02 2.34589e+02 2.50206e+02 2.58354e+02 2.69535e+02
5.00000e+01 1.21202e+02 1.98274e+02 2.62283e+02 2.64472e+02 2.30205e+02 2.34239e+02 2.50013e+02 2.58251e+02 2.69528e+02
5.00000e+01 1.21150e+02 1.98178e+02 2.62266e+02 2.64460e+02 2.29846e+02 2.33913e+02 2.49833e+02 2.58154e+02 2.69522e+02
5.00000e+01 1.21104e+02 1.98093e+02 2.62250e+02 2.64450e+02 2.29510e+02 2.33609e+02 2.49666e+02 2.58063e+02 2.69516e+02
5.00000e+01 1.21062e+02 1.98018e+02 2.62236e+02 2.64441e+02 2.29196e+02 2.33324e+02 2.49509e+02 2.57979e+02 2.69511e+02
5.00000e+01 1.21024e+02 1.97952e+02 2.62224e+02 2.64433e+02 2.28909e+02 2.33064e+02 2.49366e+02 2.57902e+02 2.69506e+02
5.00000e+01 1.20991e+02 1.97893e+02 2.62214e+02 2.64426e+02 2.28647e+02 2.32827e+02 2.49233e+02 2.57830e+02 2.69501e+02
