2.70000000e+02
5.00000000e+01
5.00000000e+01
5.00000000e+01
5.00000000e+01
5.00000000e+01
5.00000000e+01
5.00000000e+01
5.00000000e+01
5.00000000e+01
5.00000000e+01
5.00000000e+01
5.00000000e+01
5.00000000e+01
5.00000000e+01
5.00000000e+01
5.00000000e+01
5.00000000e+01
5.00000000e+01
5.00000000e+01
5.00000000e+01
5.00000000e+01
5.00000000e+01
5.00000000e+01
5.00000000e+01
5.00000000e+01
5.00000000e+01
5.00000000e+01
5.00000000e+01
5.00000000e+01
5.00000000e+01
5.00000000e+01
5.00000000e+01
5.00000000e+01
5.00000000e+01
5.00000000e+01
5.00000000e+01
2.70000000e+02
1.50000000e+02
1.43369248e+02
1.39447100e+02
1.36440780e+02
1.33806033e+02
1.31558908e+02
1.29715218e+02
1.28199734e+02
1.26944931e+02
1.25898120e+02
1.25018877e+02
1.24275989e+02
1.23645057e+02
1.23106771e+02
1.22645667e+02
1.22249236e+02
1.21907270e+02
1.21611374e+02
1.21354600e+02
1.21131162e+02
1.20936221e+02
1.20765710e+02
1.20616200e+02
1.20484789e+02
1.20369010e+02
1.20266767e+02
1.20176268e+02
1.20095982e+02
1.20024594e+02
1.19963313e+02
1.19908262e+02
1.19858762e+02
1.19814188e+02
1.19773973e+02
1.19737621e+02
1.19704698e+02
2.70000000e+02
2.50000000e+02
2.44369504e+02
2.38773168e+02
2.33112826e+02
2.27762217e+02
2.23029477e+02
2.18946665e+02
2.15460390e+02
2.12495606e+02
2.09977017e+02
2.07836494e+02
2.06015018e+02
2.04462488e+02
2.03136772e+02
2.02002577e+02
2.01030374e+02
2.00195442e+02
1.99477059e+02
1.98857821e+02
1.98323082e+02
1.97860490e+02
1.97459605e+02
1.97111588e+02
1.96808937e+02
1.96545278e+02
1.96315180e+02
1.96114013e+02
1.95937821e+02
1.95783221e+02
1.95651769e+02
1.95535474e+02
1.95432418e+02
1.95340931e+02
1.95259565e+02
1.95187065e+02
1.95122343e+02
2.68702077e+02
2.68621028e+02
2.68382370e+02
2.68011306e+02
2.67538058e+02
2.67004827e+02
2.66453721e+02
2.65917542e+02
2.65416681e+02
2.64961148e+02
2.64553992e+02
2.64194162e+02
2.63878469e+02
2.63602788e+02
2.63362746e+02
2.63154097e+02
2.62972904e+02
2.62815612e+02
2.62679064e+02
2.62560488e+02
2.62457462e+02
2.62367884e+02
2.62289932e+02
2.62222031e+02
2.62162823e+02
2.62111134e+02
2.62065952e+02
2.62026405e+02
2.61991742e+02
2.61961314e+02
2.61935035e+02
2.61912048e+02
2.61891770e+02
2.61873808e+02
2.61857855e+02
2.61843658e+02
2.61830999e+02
2.68313409e+02
2.68294852e+02
2.68204498e+02
2.68030096e+02
2.67781543e+02
2.67480375e+02
2.67152708e+02
2.66821972e+02
2.66504953e+02
2.66211474e+02
2.65945979e+02
2.65709415e+02
2.65500706e+02
2.65317751e+02
2.65158032e+02
2.65018955e+02
2.64898033e+02
2.64792980e+02
2.64701739e+02
2.64622486e+02
2.64553621e+02
2.64493749e+02
2.64441657e+02
2.64396295e+02
2.64356754e+02
2.64322248e+02
2.64292102e+02
2.64265731e+02
2.64242629e+02
2.64222364e+02
2.64204970e+02
2.64189627e+02
2.64176120e+02
2.64164179e+02
2.64153590e+02
2.64144177e+02
2.64135791e+02
2.66908715e+02
2.66813040e+02
2.65383432e+02
2.63225639e+02
2.60824890e+02
2.58393910e+02
2.56031956e+02
2.53786690e+02
2.51680131e+02
2.49719981e+02
2.47905724e+02
2.46232195e+02
2.44691728e+02
2.43275457e+02
2.41974103e+02
2.40778462e+02
2.39679689e+02
2.38669451e+02
2.37740013e+02
2.36884255e+02
2.36095671e+02
2.35368341e+02
2.34696897e+02
2.34076475e+02
2.33502682e+02
2.32971540e+02
2.32479459e+02
2.32023187e+02
2.31599784e+02
2.31206584e+02
2.30856329e+02
2.30529450e+02
2.30224059e+02
2.29938668e+02
2.29671864e+02
2.29422340e+02
2.29188890e+02
2.67470888e+02
2.67394095e+02
2.66169046e+02
2.64273177e+02
2.62146323e+02
2.59981930e+02
2.57870606e+02
2.55857525e+02
2.53964951e+02
2.52201786e+02
2.50568876e+02
2.49062331e+02
2.47675625e+02
2.46400916e+02
2.45229868e+02
2.44154154e+02
2.43165751e+02
2.42257100e+02
2.41421185e+02
2.40651561e+02
2.39942345e+02
2.39288194e+02
2.38684265e+02
2.38126181e+02
2.37609987e+02
2.37132109e+02
2.36689321e+02
2.36278703e+02
2.35897616e+02
2.35543669e+02
2.35228573e+02
2.34934231e+02
2.34659064e+02
2.34401861e+02
2.34161402e+02
2.33936525e+02
2.33726143e+02
2.69818363e+02
2.69664933e+02
2.68898778e+02
2.67811455e+02
2.66631157e+02
2.65451032e+02
2.64312988e+02
2.63237422e+02
2.62233863e+02
2.61305301e+02
2.60450721e+02
2.59666790e+02
2.58948968e+02
2.58292201e+02
2.57691352e+02
2.57141445e+02
2.56637804e+02
2.56176110e+02
2.55752422e+02
2.55363174e+02
2.55005152e+02
2.54675465e+02
2.54371524e+02
2.54091005e+02
2.53831823e+02
2.53592109e+02
2.53370181e+02
2.53164530e+02
2.52973792e+02
2.52796740e+02
2.52637190e+02
2.52488909e+02
2.52350902e+02
2.52222241e+02
2.52102152e+02
2.51989970e+02
2.51885106e+02
2.70468609e+02
2.70346348e+02
2.69706325e+02
2.68819492e+02
2.67946774e+02
2.67158735e+02
2.66457441e+02
2.65831638e+02
2.65270721e+02
2.64766234e+02
2.64311282e+02
2.63900057e+02
2.63527561e+02
2.63189450e+02
2.62881932e+02
2.62601691e+02
2.62345822e+02
2.62111779e+02
2.61897327e+02
2.61700500e+02
2.61519567e+02
2.61353001e+02
2.61199449e+02
2.61057713e+02
2.60926724e+02
2.60805533e+02
2.60693288e+02
2.60589230e+02
2.60492672e+02
2.60402999e+02
2.60322050e+02
2.60246649e+02
2.60176466e+02
2.60111053e+02
2.60050013e+02
2.59992999e+02
2.59939705e+02
2.70843051e+02
2.70772194e+02
2.70623141e+02
2.70489480e+02
2.70381308e+02
2.70292355e+02
2.70217301e+02
2.70152819e+02
2.70096821e+02
2.70047836e+02
2.70004751e+02
2.69966685e+02
2.69932919e+02
2.69902862e+02
2.69876018e+02
2.69851969e+02
2.69830362e+02
2.69810895e+02
2.69793312e+02
2.69777390e+02
2.69762941e+02
2.69749798e+02
2.69737818e+02
2.69726879e+02
2.69716870e+02
2.69707698e+02
2.69699277e+02
2.69691536e+02
2.69684409e+02
2.69677837e+02
2.69671942e+02
2.69666499e+02
2.69661460e+02
2.69656786e+02
2.69652445e+02
2.69648409e+02
2.69644651e+02
