2.70000e+02 2.70000e+02 2.70000e+02 2.68702e+02 2.68313e+02 2.66909e+02 2.67471e+02 2.69818e+02 2.70469e+02 2.70843e+02
2.70000e+02 2.70000e+02 2.70000e+02 2.68702e+02 2.68313e+02 2.66909e+02 2.67471e+02 2.69818e+02 2.70469e+02 2.70843e+02
5.00000e+01 1.50000e+02 2.50000e+02 2.68621e+02 2.68295e+02 2.66813e+02 2.67394e+02 2.69665e+02 2.70346e+02 2.70772e+02
5.00000e+01 1.43369e+02 2.44370e+02 2.68382e+02 2.68204e+02 2.65383e+02 2.66169e+02 2.68899e+02 2.69706e+02 2.70623e+02
5.00000e+01 1.39447e+02 2.38773e+02 2.68011e+02 2.68030e+02 2.63226e+02 2.64273e+02 2.67811e+02 2.68819e+02 2.70489e+02
5.00000e+01 1.36441e+02 2.33113e+02 2.67538e+02 2.67782e+02 2.60825e+02 2.62146e+02 2.66631e+02 2.67947e+02 2.70381e+02
5.00000e+01 1.33806e+02 2.27762e+02 2.67005e+02 2.67480e+02 2.58394e+02 2.59982e+02 2.65451e+02 2.67159e+02 2.70292e+02
5.00000e+01 1.31559e+02 2.23029e+02 2.66454e+02 2.67153e+02 2.56032e+02 2.57871e+02 2.64313e+02 2.66457e+02 2.70217e+02
5.00000e+01 1.29715e+02 2.18947e+02 2.65918e+02 2.66822e+02 2.53787e+02 2.55858e+02 2.63237e+02 2.65832e+02 2.70153e+02
5.00000e+01 1.28200e+02 2.15460e+02 2.65417e+02 2.66505e+02 2.51680e+02 2.53965e+02 2.62234e+02 2.65271e+02 2.70097e+02
5.00000e+01 1.26945e+02 2.12496e+02 2.64961e+02 2.66211e+02 2.49720e+02 2.52202e+02 2.61305e+02 2.64766e+02 2.70048e+02
5.00000e+01 1.25898e+02 2.09977e+02 2.64554e+02 2.65946e+02 2.47906e+02 2.50569e+02 2.60451e+02 2.64311e+02 2.70005e+02
5.00000e+01 1.25019e+02 2.07836e+02 2.64194e+02 2.65709e+02 2.46232e+02 2.49062e+02 2.59667e+02 2.63900e+02 2.69967e+02
5.00000e+01 1.24276e+02 2.06015e+02 2.63878e+02 2.65501e+02 2.44692e+02 2.47676e+02 2.58949e+02 2.63528e+02 2.69933e+02
5.00000e+01 1.23645e+02 2.04462e+02 2.63603e+02 2.65318e+02 2.43275e+02 2.46401e+02 2.58292e+02 2.63189e+02 2.69903e+02
5.00000e+01 1.23107e+02 2.03137e+02 2.63363e+02 2.65158e+02 2.41974e+02 2.45230e+02 2.57691e+02 2.62882e+02 2.69876e+02
5.00000e+01 1.22646e+02 2.02003e+02 2.63154e+02 2.65019e+02 2.40778e+02 2.44154e+02 2.57141e+02 2.62602e+02 2.69852e+02
5.00000e+01 1.22249e+02 2.01030e+02 2.62973e+02 2.64898e+02 2.39680e+02 2.43166e+02 2.56638e+02 2.62346e+02 2.69830e+02
5.00000e+01 1.21907e+02 2.00195e+02 2.62816e+02 2.64793e+02 2.38669e+02 2.42257e+02 2.56176e+02 2.62112e+02 2.69811e+02
5.00000e+01 1.21611e+02 1.99477e+02 2.62679e+02 2.64702e+02 2.37740e+02 2.41421e+02 2.55752e+02 2.61897e+02 2.69793e+02
5.00000e+01 1.21355e+02 1.98858e+02 2.62560e+02 2.64622e+02 2.36884e+02 2.40652e+02 2.55363e+02 2.61700e+02 2.69777e+02
5.00000e+01 1.21131e+02 1.98323e+02 2.62457e+02 2.64554e+02 2.36096e+02 2.39942e+02 2.55005e+02 2.61520e+02 2.69763e+02
5.00000e+01 1.20936e+02 1.97860e+02 2.62368e+02 2.64494e+02 2.35368e+02 2.39288e+02 2.54675e+02 2.61353e+02 2.69750e+02
5.00000e+01 1.20766e+02 1.97460e+02 2.62290e+02 2.64442e+02 2.34697e+02 2.38684e+02 2.54372e+02 2.61199e+02 2.69738e+02
5.00000e+01 1.20616e+02 1.97112e+02 2.62222e+02 2.64396e+02 2.34076e+02 2.38126e+02 2.54091e+02 2.61058e+02 2.69727e+02
5.00000e+01 1.20485e+02 1.96809e+02 2.62163e+02 2.64357e+02 2.33503e+02 2.37610e+02 2.53832e+02 2.60927e+02 2.69717e+02
5.00000e+01 1.20369e+02 1.96545e+02 2.62111e+02 2.64322e+02 2.32972e+02 2.37132e+02 2.53592e+02 2.60806e+02 2.69708e+02
5.00000e+01 1.20267e+02 1.96315e+02 2.62066e+02 2.64292e+02 2.32479e+02 2.36689e+02 2.53370e+02 2.60693e+02 2.69699e+02
5.00000e+01 1.20176e+02 1.96114e+02 2.62026e+02 2.64266e+02 2.32023e+02 2.36279e+02 2.53165e+02 2.60589e+02 2.69692e+02
5.00000e+01 1.20096e+02 1.95938e+02 2.61992e+02 2.64243e+02 2.31600e+02 2.35898e+02 2.52974e+02 2.60493e+02 2.69684e+02
5.00000e+01 1.20025e+02 1.95783e+02 2.61961e+02 2.64222e+02 2.31207e+02 2.35544e+02 2.52797e+02 2.60403e+02 2.69678e+02
5.00000e+01 1.19963e+02 1.95652e+02 2.61935e+02 2.64205e+02 2.30856e+02 2.35229e+02 2.52637e+02 2.60322e+02 2.69672e+02
5.00000e+01 1.19908e+02 1.95535e+02 2.61912e+02 2.64190e+02 2.30529e+02 2.34934e+02 2.52489e+02 2.60247e+02 2.69666e+02
5.00000e+01 1.19859e+02 1.95432e+02 2.61892e+02 2.64176e+02 2.30224e+02 2.34659e+02 2.52351e+02 2.60176e+02 2.69661e+02
5.00000e+01 1.19814e+02 1.95341e+02 2.61874e+02 2.64164e+02 2.29939e+02 2.34402e+02 2.52222e+02 2.60111e+02 2.69657e+02
5.00000e+01 1.19774e+02 1.95260e+02 2.61858e+02 2.64154e+02 2.29672e+02 2.34161e+02 2.52102e+02 2.60050e+02 2.69652e+02
5.00000e+01 1.19738e+02 1.95187e+02 2.61844e+02 2.64144e+02 2.29422e+02 2.33937e+02 2.51990e+02 2.59993e+02 2.69648e+02
5.00000e+01 1.19705e+02 1.95122e+02 2.61831e+02 2.64136e+02 2.29189e+02 2.33726e+02 2.51885e+02 2.59940e+02 2.69645e+02
