2.70000000e+02
5.00000000e+01
5.00000000e+01
5.00000000e+01
5.00000000e+01
5.00000000e+01
5.00000000e+01
5.00000000e+01
5.00000000e+01
5.00000000e+01
5.00000000e+01
5.00000000e+01
5.00000000e+01
5.00000000e+01
5.00000000e+01
5.00000000e+01
5.00000000e+01
5.00000000e+01
5.00000000e+01
5.00000000e+01
5.00000000e+01
5.00000000e+01
5.00000000e+01
5.00000000e+01
5.00000000e+01
5.00000000e+01
5.00000000e+01
5.00000000e+01
5.00000000e+01
5.00000000e+01
5.00000000e+01
5.00000000e+01
5.00000000e+01
5.00000000e+01
5.00000000e+01
5.00000000e+01
5.00000000e+01
2.70000000e+02
1.50000000e+02
1.42835503e+02
1.38429042e+02
1.34823439e+02
1.31628642e+02
1.29014954e+02
1.26870823e+02
1.25095145e+02
1.23610863e+02
1.22360207e+02
1.21299311e+02
1.20394249e+02
1.19618328e+02
1.18950229e+02
1.18372715e+02
1.17871706e+02
1.17435606e+02
1.17054796e+02
1.16721252e+02
1.16428247e+02
1.16170114e+02
1.15942066e+02
1.15740040e+02
1.15560579e+02
1.15400737e+02
1.15257990e+02
1.15130177e+02
1.15015438e+02
1.14912173e+02
1.14818999e+02
1.14734723e+02
1.14658308e+02
1.14588855e+02
1.14525583e+02
1.14467808e+02
1.14414938e+02
2.70000000e+02
2.50000000e+02
2.44189109e+02
2.38196159e+02
2.31960466e+02
2.26060643e+02
2.20842702e+02
2.16330824e+02
2.12463522e+02
2.09158518e+02
2.06334887e+02
2.03920166e+02
2.01851879e+02
2.00077032e+02
1.98550990e+02
1.97236239e+02
1.96101248e+02
1.95119482e+02
1.94268572e+02
1.93529621e+02
1.92886633e+02
1.92326040e+02
1.91836313e+02
1.91407632e+02
1.91031626e+02
1.90701141e+02
1.90410058e+02
1.90153130e+02
1.89925860e+02
1.89724379e+02
1.89545363e+02
1.89385944e+02
1.89243652e+02
1.89116351e+02
1.89002196e+02
1.88899590e+02
1.88807147e+02
2.68708212e+02
2.68630855e+02
2.68398226e+02
2.68023858e+02
2.67535199e+02
2.66977679e+02
2.66398022e+02
2.65832280e+02
2.65302492e+02
2.64819370e+02
2.64386197e+02
2.64001958e+02
2.63663426e+02
2.63366416e+02
2.63106491e+02
2.62879343e+02
2.62680968e+02
2.62507743e+02
2.62356444e+02
2.62224224e+02
2.62108591e+02
2.62007371e+02
2.61918670e+02
2.61840847e+02
2.61772477e+02
2.61712324e+02
2.61659319e+02
2.61612537e+02
2.61571175e+02
2.61534539e+02
2.61502027e+02
2.61473120e+02
2.61447365e+02
2.61424370e+02
2.61403796e+02
2.61385349e+02
2.61368771e+02
2.68356499e+02
2.68336112e+02
2.68239880e+02
2.68051943e+02
2.67779978e+02
2.67447991e+02
2.67086227e+02
2.66721399e+02
2.66372042e+02
2.66048634e+02
2.65755726e+02
2.65494142e+02
2.65262614e+02
2.65058848e+02
2.64880143e+02
2.64723742e+02
2.64587018e+02
2.64467550e+02
2.64363162e+02
2.64271919e+02
2.64192119e+02
2.64122270e+02
2.64061073e+02
2.64007395e+02
2.63960254e+02
2.63918797e+02
2.63882285e+02
2.63850077e+02
2.63821618e+02
2.63796428e+02
2.63774090e+02
2.63754243e+02
2.63736573e+02
2.63720811e+02
2.63706720e+02
2.63694097e+02
2.63682763e+02
2.71875899e+02
2.71429123e+02
2.69577620e+02
2.66777131e+02
2.63578143e+02
2.60268898e+02
2.57000201e+02
2.53854134e+02
2.50873217e+02
2.48076265e+02
2.45468071e+02
2.43045315e+02
2.40800158e+02
2.38722416e+02
2.36800871e+02
2.35024064e+02
2.33380765e+02
2.31860243e+02
2.30452408e+02
2.29147885e+02
2.27938025e+02
2.26814894e+02
2.25771243e+02
2.24800465e+02
2.23896550e+02
2.23054034e+02
2.22267956e+02
2.21533810e+02
2.20847501e+02
2.20205310e+02
2.19603852e+02
2.19040047e+02
2.18511089e+02
2.18014418e+02
2.17547695e+02
2.17108784e+02
2.16695727e+02
2.71730559e+02
2.71129348e+02
2.69011122e+02
2.66175494e+02
2.63190224e+02
2.60251894e+02
2.57429532e+02
2.54753013e+02
2.52235491e+02
2.49880734e+02
2.47686740e+02
2.45647930e+02
2.43756600e+02
2.42003904e+02
2.40380515e+02
2.38877066e+02
2.37484433e+02
2.36193905e+02
2.34997288e+02
2.33886949e+02
2.32855828e+02
2.31897435e+02
2.31005820e+02
2.30175549e+02
2.29401661e+02
2.28679640e+02
2.28005372e+02
2.27375111e+02
2.26785447e+02
2.26233276e+02
2.25715765e+02
2.25230334e+02
2.24774626e+02
2.24346487e+02
2.23943946e+02
2.23565201e+02
2.23208596e+02
2.70986716e+02
2.71106269e+02
2.71108450e+02
2.70867350e+02
2.70381861e+02
2.69719379e+02
2.68951176e+02
2.68131104e+02
2.67295760e+02
2.66468983e+02
2.65665838e+02
2.64895456e+02
2.64162972e+02
2.63470842e+02
2.62819732e+02
2.62209135e+02
2.61637793e+02
2.61103984e+02
2.60605724e+02
2.60140909e+02
2.59707398e+02
2.59303086e+02
2.58925935e+02
2.58574004e+02
2.58245462e+02
2.57938593e+02
2.57651800e+02
2.57383599e+02
2.57132620e+02
2.56897596e+02
2.56677360e+02
2.56470839e+02
2.56277045e+02
2.56095069e+02
2.55924074e+02
2.55763292e+02
2.55612015e+02
2.70851175e+02
2.70955178e+02
2.71028459e+02
2.71006793e+02
2.70879073e+02
2.70660824e+02
2.70376945e+02
2.70051032e+02
2.69701857e+02
2.69343218e+02
2.68984812e+02
2.68633236e+02
2.68292825e+02
2.67966292e+02
2.67655201e+02
2.67360311e+02
2.67081818e+02
2.66819532e+02
2.66573008e+02
2.66341634e+02
2.66124695e+02
2.65921424e+02
2.65731031e+02
2.65552729e+02
2.65385747e+02
2.65229343e+02
2.65082810e+02
2.64945477e+02
2.64816714e+02
2.64695932e+02
2.64582580e+02
2.64476145e+02
2.64376152e+02
2.64282160e+02
2.64193759e+02
2.64110572e+02
2.64032246e+02
2.70868812e+02
2.70870075e+02
2.70869131e+02
2.70865461e+02
2.70859793e+02
2.70852938e+02
2.70845472e+02
2.70837784e+02
2.70830129e+02
2.70822675e+02
2.70815523e+02
2.70808735e+02
2.70802339e+02
2.70796345e+02
2.70790749e+02
2.70785540e+02
2.70780700e+02
2.70776207e+02
2.70772042e+02
2.70768180e+02
2.70764600e+02
2.70761281e+02
2.70758202e+02
2.70755346e+02
2.70752693e+02
2.70750228e+02
2.70747935e+02
2.70745802e+02
2.70743814e+02
2.70741960e+02
2.70740230e+02
2.70738615e+02
2.70737104e+02
2.70735690e+02
2.70734366e+02
2.70733125e+02
2.70731961e+02
