2.70000e+02 2.70000e+02 2.70000e+02 2.68740e+02 2.68333e+02 2.69902e+02 2.70165e+02 2.70974e+02 2.71040e+02 2.70890e+02
2.70000e+02 2.70000e+02 2.70000e+02 2.68740e+02 2.68333e+02 2.69902e+02 2.70165e+02 2.70974e+02 2.71040e+02 2.70890e+02
5.00000e+01 1.50000e+02 2.50000e+02 2.68658e+02 2.68315e+02 2.69512e+02 2.69905e+02 2.70700e+02 2.70838e+02 2.70804e+02
5.00000e+01 1.43509e+02 2.44438e+02 2.68420e+02 2.68226e+02 2.67882e+02 2.68668e+02 2.69770e+02 2.70072e+02 2.70634e+02
5.00000e+01 1.39629e+02 2.38876e+02 2.68050e+02 2.68055e+02 2.65545e+02 2.66741e+02 2.68527e+02 2.69072e+02 2.70484e+02
5.00000e+01 1.36652e+02 2.33260e+02 2.67576e+02 2.67810e+02 2.62953e+02 2.64522e+02 2.67214e+02 2.68114e+02 2.70364e+02
5.00000e+01 1.34074e+02 2.27945e+02 2.67041e+02 2.67511e+02 2.60316e+02 2.62224e+02 2.65923e+02 2.67263e+02 2.70266e+02
5.00000e+01 1.31843e+02 2.23240e+02 2.66486e+02 2.67184e+02 2.57744e+02 2.59960e+02 2.64688e+02 2.66514e+02 2.70184e+02
5.00000e+01 1.30002e+02 2.19177e+02 2.65945e+02 2.66852e+02 2.55292e+02 2.57787e+02 2.63526e+02 2.65851e+02 2.70114e+02
5.00000e+01 1.28483e+02 2.15704e+02 2.65438e+02 2.66534e+02 2.52988e+02 2.55736e+02 2.62444e+02 2.65259e+02 2.70052e+02
5.00000e+01 1.27223e+02 2.12747e+02 2.64976e+02 2.66238e+02 2.50844e+02 2.53823e+02 2.61445e+02 2.64729e+02 2.69999e+02
5.00000e+01 1.26169e+02 2.10231e+02 2.64561e+02 2.65969e+02 2.48861e+02 2.52049e+02 2.60526e+02 2.64253e+02 2.69952e+02
5.00000e+01 1.25283e+02 2.08089e+02 2.64194e+02 2.65729e+02 2.47035e+02 2.50415e+02 2.59685e+02 2.63825e+02 2.69910e+02
5.00000e+01 1.24532e+02 2.06263e+02 2.63871e+02 2.65517e+02 2.45357e+02 2.48912e+02 2.58916e+02 2.63438e+02 2.69874e+02
5.00000e+01 1.23893e+02 2.04704e+02 2.63588e+02 2.65330e+02 2.43818e+02 2.47534e+02 2.58215e+02 2.63088e+02 2.69841e+02
5.00000e+01 1.23347e+02 2.03371e+02 2.63341e+02 2.65166e+02 2.42409e+02 2.46272e+02 2.57575e+02 2.62771e+02 2.69812e+02
5.00000e+01 1.22879e+02 2.02228e+02 2.63125e+02 2.65023e+02 2.41117e+02 2.45116e+02 2.56992e+02 2.62484e+02 2.69786e+02
5.00000e+01 1.22475e+02 2.01246e+02 2.62938e+02 2.64899e+02 2.39935e+02 2.44059e+02 2.56460e+02 2.62223e+02 2.69763e+02
5.00000e+01 1.22127e+02 2.00402e+02 2.62775e+02 2.64790e+02 2.38852e+02 2.43091e+02 2.55975e+02 2.61986e+02 2.69742e+02
5.00000e+01 1.21825e+02 1.99674e+02 2.62633e+02 2.64696e+02 2.37860e+02 2.42204e+02 2.55532e+02 2.61771e+02 2.69723e+02
5.00000e+01 1.21562e+02 1.99045e+02 2.62509e+02 2.64614e+02 2.36950e+02 2.41392e+02 2.55128e+02 2.61575e+02 2.69707e+02
5.00000e+01 1.21334e+02 1.98501e+02 2.62402e+02 2.64542e+02 2.36115e+02 2.40648e+02 2.54759e+02 2.61396e+02 2.69691e+02
5.00000e+01 1.21134e+02 1.98030e+02 2.62308e+02 2.64480e+02 2.35348e+02 2.39965e+02 2.54422e+02 2.61232e+02 2.69678e+02
5.00000e+01 1.20960e+02 1.97620e+02 2.62226e+02 2.64426e+02 2.34644e+02 2.39337e+02 2.54113e+02 2.61083e+02 2.69665e+02
5.00000e+01 1.20806e+02 1.97264e+02 2.62155e+02 2.64378e+02 2.33995e+02 2.38761e+02 2.53830e+02 2.60947e+02 2.69654e+02
5.00000e+01 1.20672e+02 1.96955e+02 2.62093e+02 2.64337e+02 2.33399e+02 2.38230e+02 2.53570e+02 2.60822e+02 2.69644e+02
5.00000e+01 1.20553e+02 1.96684e+02 2.62038e+02 2.64300e+02 2.32849e+02 2.37741e+02 2.53332e+02 2.60708e+02 2.69634e+02
5.00000e+01 1.20449e+02 1.96450e+02 2.61991e+02 2.64269e+02 2.32345e+02 2.37295e+02 2.53115e+02 2.60603e+02 2.69626e+02
5.00000e+01 1.20359e+02 1.96249e+02 2.61949e+02 2.64242e+02 2.31891e+02 2.36892e+02 2.52919e+02 2.60510e+02 2.69618e+02
5.00000e+01 1.20279e+02 1.96072e+02 2.61914e+02 2.64218e+02 2.31470e+02 2.36519e+02 2.52739e+02 2.60423e+02 2.69611e+02
5.00000e+01 1.20208e+02 1.95916e+02 2.61882e+02 2.64197e+02 2.31080e+02 2.36174e+02 2.52573e+02 2.60344e+02 2.69605e+02
5.00000e+01 1.20144e+02 1.95778e+02 2.61854e+02 2.64178e+02 2.30717e+02 2.35853e+02 2.52419e+02 2.60270e+02 2.69599e+02
5.00000e+01 1.20087e+02 1.95656e+02 2.61830e+02 2.64162e+02 2.30380e+02 2.35555e+02 2.52277e+02 2.60202e+02 2.69594e+02
5.00000e+01 1.20036e+02 1.95548e+02 2.61808e+02 2.64148e+02 2.30066e+02 2.35278e+02 2.52145e+02 2.60139e+02 2.69589e+02
5.00000e+01 1.19990e+02 1.95453e+02 2.61788e+02 2.64135e+02 2.29774e+02 2.35020e+02 2.52023e+02 2.60081e+02 2.69584e+02
5.00000e+01 1.19949e+02 1.95368e+02 2.61771e+02 2.64124e+02 2.29501e+02 2.34780e+02 2.51909e+02 2.60027e+02 2.69580e+02
5.00000e+01 1.19912e+02 1.95292e+02 2.61756e+02 2.64113e+02 2.29247e+02 2.34556e+02 2.51804e+02 2.59977e+02 2.69576e+02
5.00000e+01 1.19878e+02 1.95225e+02 2.61743e+02 2.64104e+02 2.29009e+02 2.34347e+02 2.51706e+02 2.59931e+02 2.69573e+02
