2.70000000e+02
5.00000000e+01
5.00000000e+01
5.00000000e+01
5.00000000e+01
5.00000000e+01
5.00000000e+01
5.00000000e+01
5.00000000e+01
5.00000000e+01
5.00000000e+01
5.00000000e+01
5.00000000e+01
5.00000000e+01
5.00000000e+01
5.00000000e+01
5.00000000e+01
5.00000000e+01
5.00000000e+01
5.00000000e+01
5.00000000e+01
5.00000000e+01
5.00000000e+01
5.00000000e+01
5.00000000e+01
5.00000000e+01
5.00000000e+01
5.00000000e+01
5.00000000e+01
5.00000000e+01
5.00000000e+01
5.00000000e+01
5.00000000e+01
5.00000000e+01
5.00000000e+01
5.00000000e+01
5.00000000e+01
2.70000000e+02
1.50000000e+02
1.43741019e+02
1.39895150e+02
1.36926350e+02
1.34401130e+02
1.32231567e+02
1.30411975e+02
1.28910781e+02
1.27667076e+02
1.26630045e+02
1.25759918e+02
1.25025699e+02
1.24403036e+02
1.23872599e+02
1.23418882e+02
1.23029337e+02
1.22693724e+02
1.22403629e+02
1.22152095e+02
1.21933343e+02
1.21742547e+02
1.21575660e+02
1.21429278e+02
1.21300528e+02
1.21186976e+02
1.21086557e+02
1.20997512e+02
1.20918342e+02
1.20847764e+02
1.20784680e+02
1.20728638e+02
1.20679092e+02
1.20634652e+02
1.20594355e+02
1.20557758e+02
1.20524449e+02
2.70000000e+02
2.50000000e+02
2.44413540e+02
2.38866065e+02
2.33290352e+02
2.28040215e+02
2.23421138e+02
2.19460523e+02
2.16095703e+02
2.13246831e+02
2.10836494e+02
2.08795713e+02
2.07065300e+02
2.05595366e+02
2.04344205e+02
2.03277063e+02
2.02364995e+02
2.01583869e+02
2.00913533e+02
2.00337124e+02
1.99840500e+02
1.99411774e+02
1.99040932e+02
1.98719522e+02
1.98440396e+02
1.98197498e+02
1.97985687e+02
1.97800596e+02
1.97638504e+02
1.97496240e+02
1.97371097e+02
1.97261611e+02
1.97166261e+02
1.97082221e+02
1.97007317e+02
1.96940401e+02
1.96880480e+02
2.68662245e+02
2.68561521e+02
2.68304349e+02
2.67924289e+02
2.67453493e+02
2.66935599e+02
2.66411495e+02
2.65910828e+02
2.65450337e+02
2.65036886e+02
2.64671258e+02
2.64350986e+02
2.64072105e+02
2.63830147e+02
2.63620674e+02
2.63439529e+02
2.63282955e+02
2.63147618e+02
2.63030597e+02
2.62929350e+02
2.62841681e+02
2.62765695e+02
2.62699761e+02
2.62642477e+02
2.62592640e+02
2.62549218e+02
2.62511325e+02
2.62478201e+02
2.62449194e+02
2.62423744e+02
2.62401371e+02
2.62381734e+02
2.62364595e+02
2.62349566e+02
2.62336236e+02
2.62324359e+02
2.62313747e+02
2.68270251e+02
2.68248676e+02
2.68155486e+02
2.67984102e+02
2.67745961e+02
2.67462989e+02
2.67160503e+02
2.66860053e+02
2.66576166e+02
2.66316616e+02
2.66084303e+02
2.65879170e+02
2.65699587e+02
2.65543218e+02
2.65407515e+02
2.65289975e+02
2.65188272e+02
2.65100307e+02
2.65024221e+02
2.64958385e+02
2.64901382e+02
2.64851986e+02
2.64809140e+02
2.64771932e+02
2.64739580e+02
2.64711410e+02
2.64686844e+02
2.64665388e+02
2.64646614e+02
2.64630159e+02
2.64615707e+02
2.64603073e+02
2.64592036e+02
2.64582332e+02
2.64573742e+02
2.64566106e+02
2.64559295e+02
2.69405361e+02
2.69130333e+02
2.67669233e+02
2.65549340e+02
2.63190491e+02
2.60783584e+02
2.58425211e+02
2.56165785e+02
2.54030376e+02
2.52029666e+02
2.50165640e+02
2.48435154e+02
2.46832186e+02
2.45349240e+02
2.43978196e+02
2.42710838e+02
2.41539154e+02
2.40455514e+02
2.39452761e+02
2.38524250e+02
2.37663854e+02
2.36865947e+02
2.36125387e+02
2.35437477e+02
2.34797937e+02
2.34202865e+02
2.33648711e+02
2.33132237e+02
2.32650495e+02
2.32200798e+02
2.31780692e+02
2.31391418e+02
2.31033947e+02
2.30701419e+02
2.30388779e+02
2.30094830e+02
2.29818357e+02
2.69663776e+02
2.69397470e+02
2.68021140e+02
2.66038327e+02
2.63857188e+02
2.61651164e+02
2.59501443e+02
2.57448424e+02
2.55511614e+02
2.53698980e+02
2.52011428e+02
2.50445614e+02
2.48995784e+02
2.47654941e+02
2.46415583e+02
2.45270155e+02
2.44211320e+02
2.43232112e+02
2.42326010e+02
2.41486976e+02
2.40709451e+02
2.39988341e+02
2.39318994e+02
2.38697167e+02
2.38118994e+02
2.37580958e+02
2.37079855e+02
2.36612769e+02
2.36177041e+02
2.35770251e+02
2.35390186e+02
2.35038137e+02
2.34714854e+02
2.34413910e+02
2.34130791e+02
2.33864556e+02
2.33614156e+02
2.70780051e+02
2.70597262e+02
2.69831768e+02
2.68680385e+02
2.67385968e+02
2.66069273e+02
2.64788247e+02
2.63570766e+02
2.62429317e+02
2.61368228e+02
2.60387134e+02
2.59482974e+02
2.58651249e+02
2.57886802e+02
2.57184306e+02
2.56538542e+02
2.55944558e+02
2.55397750e+02
2.54893890e+02
2.54429124e+02
2.53999959e+02
2.53603239e+02
2.53236117e+02
2.52896022e+02
2.52580638e+02
2.52287876e+02
2.52015846e+02
2.51762842e+02
2.51527318e+02
2.51307872e+02
2.51103235e+02
2.50913555e+02
2.50738578e+02
2.50576136e+02
2.50424172e+02
2.50281780e+02
2.50148199e+02
2.71148937e+02
2.70724073e+02
2.69510058e+02
2.68168689e+02
2.66972569e+02
2.65941093e+02
2.65046241e+02
2.64260348e+02
2.63563128e+02
2.62940186e+02
2.62380659e+02
2.61875924e+02
2.61418929e+02
2.61003804e+02
2.60625602e+02
2.60280118e+02
2.59963757e+02
2.59673419e+02
2.59406425e+02
2.59160444e+02
2.58933436e+02
2.58723611e+02
2.58529391e+02
2.58349374e+02
2.58182317e+02
2.58027109e+02
2.57882752e+02
2.57748354e+02
2.57623108e+02
2.57506284e+02
2.57397224e+02
2.57295605e+02
2.57201380e+02
2.57114029e+02
2.57032456e+02
2.56956053e+02
2.56884373e+02
2.70885301e+02
2.70799622e+02
2.70629530e+02
2.70479991e+02
2.70360739e+02
2.70264062e+02
2.70183646e+02
2.70115320e+02
2.70056463e+02
2.70005306e+02
2.69960542e+02
2.69921153e+02
2.69886327e+02
2.69855401e+02
2.69827828e+02
2.69803154e+02
2.69780997e+02
2.69761036e+02
2.69742999e+02
2.69726655e+02
2.69711804e+02
2.69698277e+02
2.69685927e+02
2.69674625e+02
2.69664262e+02
2.69654741e+02
2.69645978e+02
2.69637898e+02
2.69630436e+02
2.69623533e+02
2.69617140e+02
2.69611229e+02
2.69605788e+02
2.69600775e+02
2.69596119e+02
2.69591780e+02
2.69587729e+02
