2.70000e+02 2.70000e+02 2.70000e+02 2.68703e+02 2.68279e+02 2.74768e+02 2.74446e+02 2.72705e+02 2.71862e+02 2.70948e+02
2.70000e+02 2.70000e+02 2.70000e+02 2.68703e+02 2.68279e+02 2.74768e+02 2.74446e+02 2.72705e+02 2.71862e+02 2.70948e+02
5.00000e+01 1.50000e+02 2.50000e+02 2.68594e+02 2.68259e+02 2.74360e+02 2.73966e+02 2.72428e+02 2.71660e+02 2.70867e+02
5.00000e+01 1.43775e+02 2.44509e+02 2.68321e+02 2.68167e+02 2.72863e+02 2.72360e+02 2.71477e+02 2.70891e+02 2.70704e+02
5.00000e+01 1.39951e+02 2.39050e+02 2.67926e+02 2.67998e+02 2.70669e+02 2.70160e+02 2.70192e+02 2.69884e+02 2.70560e+02
5.00000e+01 1.37013e+02 2.33583e+02 2.67441e+02 2.67763e+02 2.68186e+02 2.67782e+02 2.68832e+02 2.68916e+02 2.70445e+02
5.00000e+01 1.34508e+02 2.28429e+02 2.66908e+02 2.67482e+02 2.65628e+02 2.65404e+02 2.67497e+02 2.68055e+02 2.70350e+02
5.00000e+01 1.32354e+02 2.23890e+02 2.66368e+02 2.67180e+02 2.63110e+02 2.63110e+02 2.66229e+02 2.67297e+02 2.70271e+02
5.00000e+01 1.30543e+02 2.19996e+02 2.65851e+02 2.66878e+02 2.60694e+02 2.60940e+02 2.65045e+02 2.66628e+02 2.70203e+02
5.00000e+01 1.29048e+02 2.16686e+02 2.65374e+02 2.66591e+02 2.58413e+02 2.58909e+02 2.63948e+02 2.66031e+02 2.70144e+02
5.00000e+01 1.27809e+02 2.13882e+02 2.64945e+02 2.66327e+02 2.56281e+02 2.57023e+02 2.62940e+02 2.65498e+02 2.70092e+02
5.00000e+01 1.26775e+02 2.11509e+02 2.64564e+02 2.66090e+02 2.54301e+02 2.55280e+02 2.62016e+02 2.65018e+02 2.70047e+02
5.00000e+01 1.25907e+02 2.09498e+02 2.64230e+02 2.65880e+02 2.52470e+02 2.53674e+02 2.61171e+02 2.64585e+02 2.70007e+02
5.00000e+01 1.25175e+02 2.07792e+02 2.63939e+02 2.65696e+02 2.50781e+02 2.52195e+02 2.60398e+02 2.64194e+02 2.69972e+02
5.00000e+01 1.24553e+02 2.06341e+02 2.63686e+02 2.65535e+02 2.49225e+02 2.50837e+02 2.59693e+02 2.63839e+02 2.69940e+02
5.00000e+01 1.24023e+02 2.05105e+02 2.63467e+02 2.65395e+02 2.47794e+02 2.49588e+02 2.59048e+02 2.63517e+02 2.69912e+02
5.00000e+01 1.23569e+02 2.04050e+02 2.63276e+02 2.65274e+02 2.46477e+02 2.48439e+02 2.58458e+02 2.63224e+02 2.69887e+02
5.00000e+01 1.23180e+02 2.03147e+02 2.63112e+02 2.65169e+02 2.45266e+02 2.47383e+02 2.57918e+02 2.62956e+02 2.69865e+02
5.00000e+01 1.22844e+02 2.02373e+02 2.62970e+02 2.65078e+02 2.44150e+02 2.46411e+02 2.57423e+02 2.62711e+02 2.69845e+02
5.00000e+01 1.22553e+02 2.01708e+02 2.62846e+02 2.64999e+02 2.43123e+02 2.45516e+02 2.56969e+02 2.62487e+02 2.69826e+02
5.00000e+01 1.22301e+02 2.01135e+02 2.62739e+02 2.64930e+02 2.42176e+02 2.44690e+02 2.56551e+02 2.62281e+02 2.69810e+02
5.00000e+01 1.22082e+02 2.00641e+02 2.62647e+02 2.64871e+02 2.41302e+02 2.43928e+02 2.56166e+02 2.62092e+02 2.69795e+02
5.00000e+01 1.21890e+02 2.00215e+02 2.62566e+02 2.64820e+02 2.40494e+02 2.43224e+02 2.55812e+02 2.61918e+02 2.69781e+02
5.00000e+01 1.21723e+02 1.99845e+02 2.62497e+02 2.64775e+02 2.39748e+02 2.42572e+02 2.55485e+02 2.61757e+02 2.69769e+02
5.00000e+01 1.21576e+02 1.99524e+02 2.62436e+02 2.64736e+02 2.39057e+02 2.41969e+02 2.55183e+02 2.61609e+02 2.69757e+02
5.00000e+01 1.21447e+02 1.99246e+02 2.62383e+02 2.64703e+02 2.38416e+02 2.41409e+02 2.54904e+02 2.61471e+02 2.69747e+02
5.00000e+01 1.21333e+02 1.99003e+02 2.62337e+02 2.64673e+02 2.37822e+02 2.40890e+02 2.54645e+02 2.61344e+02 2.69737e+02
5.00000e+01 1.21232e+02 1.98792e+02 2.62297e+02 2.64647e+02 2.37270e+02 2.40407e+02 2.54405e+02 2.61226e+02 2.69729e+02
5.00000e+01 1.21143e+02 1.98607e+02 2.62262e+02 2.64625e+02 2.36757e+02 2.39958e+02 2.54182e+02 2.61116e+02 2.69721e+02
5.00000e+01 1.21064e+02 1.98444e+02 2.62231e+02 2.64605e+02 2.36280e+02 2.39540e+02 2.53975e+02 2.61015e+02 2.69713e+02
5.00000e+01 1.20993e+02 1.98302e+02 2.62204e+02 2.64588e+02 2.35835e+02 2.39150e+02 2.53782e+02 2.60920e+02 2.69706e+02
5.00000e+01 1.20930e+02 1.98177e+02 2.62180e+02 2.64573e+02 2.35420e+02 2.38787e+02 2.53602e+02 2.60831e+02 2.69700e+02
5.00000e+01 1.20874e+02 1.98067e+02 2.62159e+02 2.64560e+02 2.35033e+02 2.38447e+02 2.53434e+02 2.60749e+02 2.69694e+02
5.00000e+01 1.20823e+02 1.97969e+02 2.62141e+02 2.64548e+02 2.34671e+02 2.38129e+02 2.53278e+02 2.60672e+02 2.69688e+02
5.00000e+01 1.20778e+02 1.97883e+02 2.62125e+02 2.64538e+02 2.34333e+02 2.37832e+02 2.53131e+02 2.60600e+02 2.69683e+02
5.00000e+01 1.20737e+02 1.97808e+02 2.62110e+02 2.64529e+02 2.34021e+02 2.37559e+02 2.52997e+02 2.60533e+02 2.69679e+02
5.00000e+01 1.20701e+02 1.97741e+02 2.62098e+02 2.64521e+02 2.33734e+02 2.37307e+02 2.52872e+02 2.60472e+02 2.69674e+02
5.00000e+01 1.20668e+02 1.97682e+02 2.62086e+02 2.64514e+02 2.33465e+02 2.37070e+02 2.52755e+02 2.60414e+02 2.69670e+02
