2.70000000e+02
5.00000000e+01
5.00000000e+01
5.00000000e+01
5.00000000e+01
5.00000000e+01
5.00000000e+01
5.00000000e+01
5.00000000e+01
5.00000000e+01
5.00000000e+01
5.00000000e+01
5.00000000e+01
5.00000000e+01
5.00000000e+01
5.00000000e+01
5.00000000e+01
5.00000000e+01
5.00000000e+01
5.00000000e+01
5.00000000e+01
5.00000000e+01
5.00000000e+01
5.00000000e+01
5.00000000e+01
5.00000000e+01
5.00000000e+01
5.00000000e+01
5.00000000e+01
5.00000000e+01
5.00000000e+01
5.00000000e+01
5.00000000e+01
5.00000000e+01
5.00000000e+01
5.00000000e+01
5.00000000e+01
2.70000000e+02
1.50000000e+02
1.43547033e+02
1.39678995e+02
1.36724619e+02
1.34175296e+02
1.31969076e+02
1.30147722e+02
1.28648058e+02
1.27405259e+02
1.26367678e+02
1.25495444e+02
1.24757714e+02
1.24130379e+02
1.23594372e+02
1.23134442e+02
1.22738265e+02
1.22395795e+02
1.22098775e+02
1.21840376e+02
1.21614916e+02
1.21417639e+02
1.21244552e+02
1.21092286e+02
1.20957986e+02
1.20839231e+02
1.20733954e+02
1.20640394e+02
1.20557039e+02
1.20482595e+02
1.20415946e+02
1.20356133e+02
1.20302325e+02
1.20254624e+02
1.20212115e+02
1.20173463e+02
1.20138265e+02
2.70000000e+02
2.50000000e+02
2.44518225e+02
2.39041396e+02
2.33535209e+02
2.28333942e+02
2.23737872e+02
2.19777583e+02
2.16398249e+02
2.13525358e+02
2.11084965e+02
2.09010526e+02
2.07244599e+02
2.05738552e+02
2.04451572e+02
2.03349530e+02
2.02403906e+02
2.01590848e+02
2.00890372e+02
2.00285705e+02
1.99762731e+02
1.99309550e+02
1.98916102e+02
1.98573867e+02
1.98275613e+02
1.98015190e+02
1.97787362e+02
1.97587658e+02
1.97412257e+02
1.97257891e+02
1.97121757e+02
1.97001450e+02
1.96894903e+02
1.96801849e+02
1.96720248e+02
1.96647214e+02
1.96581720e+02
2.68773609e+02
2.68674345e+02
2.68412957e+02
2.68022045e+02
2.67531840e+02
2.66983831e+02
2.66419485e+02
2.65871298e+02
2.65359514e+02
2.64894059e+02
2.64477918e+02
2.64109981e+02
2.63786996e+02
2.63504771e+02
2.63258864e+02
2.63044959e+02
2.62859053e+02
2.62697529e+02
2.62557175e+02
2.62435164e+02
2.62329033e+02
2.62236638e+02
2.62156122e+02
2.62085880e+02
2.62024527e+02
2.61970867e+02
2.61923867e+02
2.61882638e+02
2.61846414e+02
2.61814533e+02
2.61786425e+02
2.61761597e+02
2.61739626e+02
2.61720284e+02
2.61703343e+02
2.61688305e+02
2.61674871e+02
2.68407348e+02
2.68377796e+02
2.68260578e+02
2.68053183e+02
2.67769545e+02
2.67433827e+02
2.67073809e+02
2.66713759e+02
2.66370666e+02
2.66054200e+02
2.65768520e+02
2.65514260e+02
2.65290049e+02
2.65093518e+02
2.64921908e+02
2.64772408e+02
2.64642345e+02
2.64529265e+02
2.64430964e+02
2.64345493e+02
2.64271140e+02
2.64206413e+02
2.64150017e+02
2.64100830e+02
2.64057880e+02
2.64020329e+02
2.63987453e+02
2.63958628e+02
2.63933316e+02
2.63911051e+02
2.63891433e+02
2.63874116e+02
2.63858802e+02
2.63845385e+02
2.63833573e+02
2.63823089e+02
2.63813742e+02
2.75315812e+02
2.74707914e+02
2.72937074e+02
2.70533742e+02
2.67923382e+02
2.65299825e+02
2.62756734e+02
2.60339587e+02
2.58069066e+02
2.55951991e+02
2.53987182e+02
2.52168974e+02
2.50489337e+02
2.48939141e+02
2.47508925e+02
2.46189346e+02
2.44971442e+02
2.43846775e+02
2.42807493e+02
2.41846356e+02
2.40956724e+02
2.40132531e+02
2.39368251e+02
2.38658858e+02
2.37999786e+02
2.37386889e+02
2.36816400e+02
2.36284899e+02
2.35789277e+02
2.35326708e+02
2.34894618e+02
2.34490663e+02
2.34112706e+02
2.33765370e+02
2.33445708e+02
2.33144932e+02
2.32861924e+02
2.74858014e+02
2.74338015e+02
2.72765677e+02
2.70611396e+02
2.68265965e+02
2.65906423e+02
2.63616976e+02
2.61438676e+02
2.59390680e+02
2.57479787e+02
2.55705477e+02
2.54063013e+02
2.52545365e+02
2.51144408e+02
2.49851651e+02
2.48658679e+02
2.47557410e+02
2.46540230e+02
2.45600061e+02
2.44730377e+02
2.43925201e+02
2.43179072e+02
2.42487020e+02
2.41844526e+02
2.41247482e+02
2.40692161e+02
2.40175175e+02
2.39693446e+02
2.39244176e+02
2.38824818e+02
2.38433054e+02
2.38066771e+02
2.37724041e+02
2.37409279e+02
2.37119518e+02
2.36846743e+02
2.36590040e+02
2.72693526e+02
2.72413775e+02
2.71446671e+02
2.70151554e+02
2.68782879e+02
2.67433806e+02
2.66141457e+02
2.64921869e+02
2.63781679e+02
2.62722248e+02
2.61741713e+02
2.60836346e+02
2.60001460e+02
2.59231986e+02
2.58522821e+02
2.57869034e+02
2.57265977e+02
2.56709329e+02
2.56195120e+02
2.55719718e+02
2.55279813e+02
2.54872399e+02
2.54494745e+02
2.54144373e+02
2.53819031e+02
2.53516676e+02
2.53235451e+02
2.52973664e+02
2.52729779e+02
2.52502393e+02
2.52290227e+02
2.52092113e+02
2.51906987e+02
2.51736829e+02
2.51580272e+02
2.51433337e+02
2.51295348e+02
2.71819525e+02
2.71616959e+02
2.70835170e+02
2.69806708e+02
2.68810704e+02
2.67914494e+02
2.67114755e+02
2.66396460e+02
2.65746912e+02
2.65156754e+02
2.64618802e+02
2.64127223e+02
2.63677108e+02
2.63264228e+02
2.62884898e+02
2.62535884e+02
2.62214327e+02
2.61917696e+02
2.61643735e+02
2.61390434e+02
2.61155992e+02
2.60938792e+02
2.60737379e+02
2.60550438e+02
2.60376783e+02
2.60215335e+02
2.60065119e+02
2.59925244e+02
2.59794901e+02
2.59673352e+02
2.59559922e+02
2.59453994e+02
2.59355005e+02
2.59264038e+02
2.59180367e+02
2.59101782e+02
2.59027963e+02
2.70940995e+02
2.70856348e+02
2.70690541e+02
2.70545547e+02
2.70429166e+02
2.70333573e+02
2.70252780e+02
2.70183086e+02
2.70122235e+02
2.70068681e+02
2.70021266e+02
2.69979082e+02
2.69941393e+02
2.69907596e+02
2.69877187e+02
2.69849742e+02
2.69824903e+02
2.69802363e+02
2.69781860e+02
2.69763167e+02
2.69746089e+02
2.69730456e+02
2.69716118e+02
2.69702946e+02
2.69690825e+02
2.69679653e+02
2.69669341e+02
2.69659810e+02
2.69650989e+02
2.69642814e+02
2.69635230e+02
2.69628185e+02
2.69621633e+02
2.69615631e+02
2.69610128e+02
2.69604985e+02
2.69600174e+02
