2.70000e+02 2.70000e+02 2.70000e+02 2.68749e+02 2.68342e+02 2.75502e+02 2.74907e+02 2.73073e+02 2.72122e+02 2.70970e+02
2.70000e+02 2.70000e+02 2.70000e+02 2.68749e+02 2.68342e+02 2.75502e+02 2.74907e+02 2.73073e+02 2.72122e+02 2.70970e+02
5.00000e+01 1.50000e+02 2.50000e+02 2.68645e+02 2.68317e+02 2.74572e+02 2.74592e+02 2.72729e+02 2.71874e+02 2.70871e+02
5.00000e+01 1.43592e+02 2.44514e+02 2.68381e+02 2.68215e+02 2.72224e+02 2.73387e+02 2.71666e+02 2.70992e+02 2.70676e+02
5.00000e+01 1.39735e+02 2.39038e+02 2.67990e+02 2.68030e+02 2.69361e+02 2.71490e+02 2.70269e+02 2.69838e+02 2.70503e+02
5.00000e+01 1.36785e+02 2.33536e+02 2.67504e+02 2.67774e+02 2.66452e+02 2.69267e+02 2.68806e+02 2.68724e+02 2.70364e+02
5.00000e+01 1.34253e+02 2.28343e+02 2.66966e+02 2.67470e+02 2.63654e+02 2.66942e+02 2.67372e+02 2.67728e+02 2.70249e+02
5.00000e+01 1.32056e+02 2.23761e+02 2.66415e+02 2.67143e+02 2.61019e+02 2.64637e+02 2.66005e+02 2.66848e+02 2.70153e+02
5.00000e+01 1.30239e+02 2.19820e+02 2.65884e+02 2.66816e+02 2.58566e+02 2.62421e+02 2.64720e+02 2.66066e+02 2.70070e+02
5.00000e+01 1.28742e+02 2.16465e+02 2.65391e+02 2.66504e+02 2.56294e+02 2.60326e+02 2.63526e+02 2.65367e+02 2.69998e+02
5.00000e+01 1.27503e+02 2.13618e+02 2.64944e+02 2.66217e+02 2.54197e+02 2.58367e+02 2.62424e+02 2.64739e+02 2.69935e+02
5.00000e+01 1.26468e+02 2.11205e+02 2.64547e+02 2.65959e+02 2.52267e+02 2.56550e+02 2.61411e+02 2.64174e+02 2.69880e+02
5.00000e+01 1.25599e+02 2.09159e+02 2.64197e+02 2.65730e+02 2.50491e+02 2.54871e+02 2.60484e+02 2.63664e+02 2.69831e+02
5.00000e+01 1.24864e+02 2.07419e+02 2.63890e+02 2.65528e+02 2.48859e+02 2.53323e+02 2.59636e+02 2.63202e+02 2.69787e+02
5.00000e+01 1.24240e+02 2.05938e+02 2.63623e+02 2.65351e+02 2.47357e+02 2.51898e+02 2.58860e+02 2.62784e+02 2.69748e+02
5.00000e+01 1.23707e+02 2.04675e+02 2.63391e+02 2.65197e+02 2.45975e+02 2.50587e+02 2.58150e+02 2.62404e+02 2.69713e+02
5.00000e+01 1.23250e+02 2.03594e+02 2.63189e+02 2.65063e+02 2.44703e+02 2.49381e+02 2.57501e+02 2.62057e+02 2.69682e+02
5.00000e+01 1.22856e+02 2.02668e+02 2.63013e+02 2.64946e+02 2.43530e+02 2.48270e+02 2.56907e+02 2.61741e+02 2.69654e+02
5.00000e+01 1.22516e+02 2.01873e+02 2.62861e+02 2.64845e+02 2.42448e+02 2.47247e+02 2.56362e+02 2.61453e+02 2.69628e+02
5.00000e+01 1.22221e+02 2.01188e+02 2.62729e+02 2.64757e+02 2.41448e+02 2.46304e+02 2.55861e+02 2.61188e+02 2.69605e+02
5.00000e+01 1.21964e+02 2.00597e+02 2.62614e+02 2.64681e+02 2.40522e+02 2.45433e+02 2.55401e+02 2.60945e+02 2.69585e+02
5.00000e+01 1.21741e+02 2.00086e+02 2.62515e+02 2.64615e+02 2.39665e+02 2.44627e+02 2.54977e+02 2.60722e+02 2.69566e+02
5.00000e+01 1.21545e+02 1.99644e+02 2.62428e+02 2.64557e+02 2.38870e+02 2.43882e+02 2.54586e+02 2.60516e+02 2.69548e+02
5.00000e+01 1.21373e+02 1.99260e+02 2.62352e+02 2.64507e+02 2.38132e+02 2.43191e+02 2.54225e+02 2.60327e+02 2.69532e+02
5.00000e+01 1.21222e+02 1.98926e+02 2.62286e+02 2.64463e+02 2.37445e+02 2.42549e+02 2.53891e+02 2.60151e+02 2.69518e+02
5.00000e+01 1.21089e+02 1.98635e+02 2.62229e+02 2.64424e+02 2.36805e+02 2.41953e+02 2.53581e+02 2.59989e+02 2.69505e+02
5.00000e+01 1.20971e+02 1.98381e+02 2.62178e+02 2.64391e+02 2.36208e+02 2.41398e+02 2.53294e+02 2.59839e+02 2.69492e+02
5.00000e+01 1.20866e+02 1.98159e+02 2.62134e+02 2.64362e+02 2.35651e+02 2.40881e+02 2.53027e+02 2.59699e+02 2.69481e+02
5.00000e+01 1.20773e+02 1.97964e+02 2.62096e+02 2.64336e+02 2.35130e+02 2.40399e+02 2.52778e+02 2.59569e+02 2.69471e+02
5.00000e+01 1.20690e+02 1.97793e+02 2.62062e+02 2.64314e+02 2.34643e+02 2.39948e+02 2.52547e+02 2.59447e+02 2.69461e+02
5.00000e+01 1.20616e+02 1.97642e+02 2.62032e+02 2.64294e+02 2.34186e+02 2.39526e+02 2.52330e+02 2.59334e+02 2.69452e+02
5.00000e+01 1.20549e+02 1.97509e+02 2.62005e+02 2.64276e+02 2.33758e+02 2.39131e+02 2.52128e+02 2.59229e+02 2.69444e+02
5.00000e+01 1.20489e+02 1.97391e+02 2.61982e+02 2.64261e+02 2.33355e+02 2.38760e+02 2.51939e+02 2.59130e+02 2.69436e+02
5.00000e+01 1.20435e+02 1.97287e+02 2.61961e+02 2.64247e+02 2.32977e+02 2.38412e+02 2.51762e+02 2.59038e+02 2.69429e+02
5.00000e+01 1.20387e+02 1.97194e+02 2.61943e+02 2.64235e+02 2.32620e+02 2.38085e+02 2.51596e+02 2.58951e+02 2.69422e+02
5.00000e+01 1.20343e+02 1.97112e+02 2.61927e+02 2.64224e+02 2.32285e+02 2.37778e+02 2.51440e+02 2.58870e+02 2.69416e+02
5.00000e+01 1.20303e+02 1.97039e+02 2.61912e+02 2.64215e+02 2.31975e+02 2.37493e+02 2.51296e+02 2.58794e+02 2.69410e+02
5.00000e+01 1.20268e+02 1.96975e+02 2.61900e+02 2.64207e+02 2.31687e+02 2.37230e+02 2.51162e+02 2.58724e+02 2.69405e+02
