2.70000e+02 2.70000e+02 2.70000e+02 2.68678e+02 2.68352e+02 2.70047e+02 2.70115e+02 2.70237e+02 2.70454e+02 2.70854e+02
2.70000e+02 2.70000e+02 2.70000e+02 2.68678e+02 2.68352e+02 2.70047e+02 2.70115e+02 2.70237e+02 2.70454e+02 2.70854e+02
5.00000e+01 1.50000e+02 2.50000e+02 2.68582e+02 2.68324e+02 2.69704e+02 2.69887e+02 2.70091e+02 2.70341e+02 2.70771e+02
5.00000e+01 1.43932e+02 2.44425e+02 2.68325e+02 2.68207e+02 2.68020e+02 2.68628e+02 2.69187e+02 2.69600e+02 2.70598e+02
5.00000e+01 1.40149e+02 2.38906e+02 2.67941e+02 2.68000e+02 2.65579e+02 2.66636e+02 2.67922e+02 2.68569e+02 2.70447e+02
5.00000e+01 1.37223e+02 2.33380e+02 2.67460e+02 2.67718e+02 2.62866e+02 2.64330e+02 2.66571e+02 2.67563e+02 2.70326e+02
5.00000e+01 1.34722e+02 2.28177e+02 2.66928e+02 2.67387e+02 2.60107e+02 2.61937e+02 2.65232e+02 2.66660e+02 2.70228e+02
5.00000e+01 1.32640e+02 2.23593e+02 2.66387e+02 2.67036e+02 2.57419e+02 2.59577e+02 2.63946e+02 2.65860e+02 2.70145e+02
5.00000e+01 1.30847e+02 2.19661e+02 2.65866e+02 2.66690e+02 2.54863e+02 2.57312e+02 2.62732e+02 2.65148e+02 2.70074e+02
5.00000e+01 1.29354e+02 2.16317e+02 2.65386e+02 2.66364e+02 2.52464e+02 2.55176e+02 2.61598e+02 2.64510e+02 2.70013e+02
5.00000e+01 1.28113e+02 2.13480e+02 2.64953e+02 2.66067e+02 2.50234e+02 2.53183e+02 2.60547e+02 2.63935e+02 2.69959e+02
5.00000e+01 1.27075e+02 2.11076e+02 2.64570e+02 2.65801e+02 2.48173e+02 2.51336e+02 2.59577e+02 2.63415e+02 2.69912e+02
5.00000e+01 1.26201e+02 2.09036e+02 2.64233e+02 2.65566e+02 2.46276e+02 2.49633e+02 2.58685e+02 2.62944e+02 2.69871e+02
5.00000e+01 1.25462e+02 2.07302e+02 2.63940e+02 2.65361e+02 2.44533e+02 2.48067e+02 2.57866e+02 2.62514e+02 2.69833e+02
5.00000e+01 1.24833e+02 2.05826e+02 2.63685e+02 2.65182e+02 2.42934e+02 2.46629e+02 2.57115e+02 2.62124e+02 2.69800e+02
5.00000e+01 1.24297e+02 2.04568e+02 2.63464e+02 2.65026e+02 2.41469e+02 2.45311e+02 2.56426e+02 2.61767e+02 2.69771e+02
5.00000e+01 1.23837e+02 2.03492e+02 2.63273e+02 2.64892e+02 2.40126e+02 2.44103e+02 2.55795e+02 2.61440e+02 2.69744e+02
5.00000e+01 1.23441e+02 2.02571e+02 2.63107e+02 2.64775e+02 2.38896e+02 2.42995e+02 2.55216e+02 2.61141e+02 2.69720e+02
5.00000e+01 1.23100e+02 2.01781e+02 2.62964e+02 2.64674e+02 2.37767e+02 2.41980e+02 2.54684e+02 2.60867e+02 2.69699e+02
5.00000e+01 1.22804e+02 2.01102e+02 2.62840e+02 2.64587e+02 2.36731e+02 2.41048e+02 2.54196e+02 2.60615e+02 2.69679e+02
5.00000e+01 1.22548e+02 2.00517e+02 2.62733e+02 2.64511e+02 2.35780e+02 2.40192e+02 2.53747e+02 2.60383e+02 2.69662e+02
5.00000e+01 1.22324e+02 2.00013e+02 2.62640e+02 2.64446e+02 2.34905e+02 2.39405e+02 2.53334e+02 2.60169e+02 2.69646e+02
5.00000e+01 1.22130e+02 1.99577e+02 2.62559e+02 2.64389e+02 2.34099e+02 2.38680e+02 2.52953e+02 2.59972e+02 2.69631e+02
5.00000e+01 1.21959e+02 1.99199e+02 2.62489e+02 2.64339e+02 2.33357e+02 2.38013e+02 2.52602e+02 2.59790e+02 2.69618e+02
5.00000e+01 1.21809e+02 1.98871e+02 2.62428e+02 2.64296e+02 2.32672e+02 2.37397e+02 2.52278e+02 2.59621e+02 2.69606e+02
5.00000e+01 1.21678e+02 1.98587e+02 2.62375e+02 2.64259e+02 2.32039e+02 2.36829e+02 2.51978e+02 2.59465e+02 2.69595e+02
5.00000e+01 1.21562e+02 1.98339e+02 2.62329e+02 2.64227e+02 2.31454e+02 2.36303e+02 2.51700e+02 2.59320e+02 2.69584e+02
5.00000e+01 1.21459e+02 1.98122e+02 2.62289e+02 2.64198e+02 2.30912e+02 2.35816e+02 2.51443e+02 2.59186e+02 2.69575e+02
5.00000e+01 1.21368e+02 1.97933e+02 2.62254e+02 2.64174e+02 2.30409e+02 2.35364e+02 2.51204e+02 2.59061e+02 2.69566e+02
5.00000e+01 1.21289e+02 1.97770e+02 2.62223e+02 2.64152e+02 2.29950e+02 2.34952e+02 2.50986e+02 2.58947e+02 2.69558e+02
5.00000e+01 1.21219e+02 1.97629e+02 2.62197e+02 2.64133e+02 2.29529e+02 2.34574e+02 2.50786e+02 2.58842e+02 2.69551e+02
5.00000e+01 1.21156e+02 1.97504e+02 2.62173e+02 2.64117e+02 2.29136e+02 2.34222e+02 2.50599e+02 2.58744e+02 2.69545e+02
5.00000e+01 1.21100e+02 1.97393e+02 2.62153e+02 2.64103e+02 2.28769e+02 2.33893e+02 2.50425e+02 2.58653e+02 2.69538e+02
5.00000e+01 1.21049e+02 1.97295e+02 2.62135e+02 2.64090e+02 2.28426e+02 2.33585e+02 2.50262e+02 2.58567e+02 2.69533e+02
5.00000e+01 1.21004e+02 1.97208e+02 2.62118e+02 2.64079e+02 2.28105e+02 2.33297e+02 2.50109e+02 2.58487e+02 2.69527e+02
5.00000e+01 1.20962e+02 1.97131e+02 2.62104e+02 2.64069e+02 2.27804e+02 2.33028e+02 2.49967e+02 2.58411e+02 2.69522e+02
5.00000e+01 1.20925e+02 1.97062e+02 2.62091e+02 2.64060e+02 2.27522e+02 2.32775e+02 2.49833e+02 2.58340e+02 2.69518e+02
5.00000e+01 1.20891e+02 1.97000e+02 2.62080e+02 2.64052e+02 2.27258e+02 2.32538e+02 2.49707e+02 2.58274e+02 2.69513e+02
