2.70000e+02 2.70000e+02 2.70000e+02 2.68851e+02 2.68405e+02 2.78564e+02 2.77841e+02 2.74521e+02 2.72909e+02 2.71003e+02
2.70000e+02 2.70000e+02 2.70000e+02 2.68851e+02 2.68405e+02 2.78564e+02 2.77841e+02 2.74521e+02 2.72909e+02 2.71003e+02
5.00000e+01 1.50000e+02 2.50000e+02 2.68766e+02 2.68385e+02 2.77740e+02 2.77151e+02 2.74159e+02 2.72650e+02 2.70908e+02
5.00000e+01 1.43844e+02 2.44561e+02 2.68523e+02 2.68294e+02 2.75679e+02 2.75346e+02 2.73055e+02 2.71763e+02 2.70730e+02
5.00000e+01 1.40027e+02 2.39019e+02 2.68137e+02 2.68116e+02 2.72934e+02 2.72911e+02 2.71602e+02 2.70619e+02 2.70575e+02
5.00000e+01 1.37086e+02 2.33422e+02 2.67635e+02 2.67856e+02 2.69957e+02 2.70253e+02 2.70075e+02 2.69517e+02 2.70450e+02
5.00000e+01 1.34569e+02 2.28115e+02 2.67062e+02 2.67535e+02 2.66962e+02 2.67568e+02 2.68576e+02 2.68530e+02 2.70349e+02
5.00000e+01 1.32433e+02 2.23414e+02 2.66465e+02 2.67182e+02 2.64056e+02 2.64955e+02 2.67144e+02 2.67655e+02 2.70263e+02
5.00000e+01 1.30607e+02 2.19356e+02 2.65882e+02 2.66824e+02 2.61290e+02 2.62465e+02 2.65796e+02 2.66874e+02 2.70190e+02
5.00000e+01 1.29090e+02 2.15887e+02 2.65335e+02 2.66479e+02 2.58688e+02 2.60120e+02 2.64537e+02 2.66171e+02 2.70126e+02
5.00000e+01 1.27825e+02 2.12929e+02 2.64837e+02 2.66158e+02 2.56260e+02 2.57929e+02 2.63370e+02 2.65535e+02 2.70070e+02
5.00000e+01 1.26764e+02 2.10409e+02 2.64391e+02 2.65867e+02 2.54003e+02 2.55893e+02 2.62290e+02 2.64957e+02 2.70020e+02
5.00000e+01 1.25868e+02 2.08261e+02 2.63996e+02 2.65608e+02 2.51913e+02 2.54008e+02 2.61294e+02 2.64430e+02 2.69976e+02
5.00000e+01 1.25107e+02 2.06428e+02 2.63649e+02 2.65379e+02 2.49980e+02 2.52264e+02 2.60376e+02 2.63949e+02 2.69936e+02
5.00000e+01 1.24457e+02 2.04860e+02 2.63346e+02 2.65178e+02 2.48196e+02 2.50654e+02 2.59530e+02 2.63507e+02 2.69901e+02
5.00000e+01 1.23901e+02 2.03518e+02 2.63082e+02 2.65002e+02 2.46548e+02 2.49168e+02 2.58751e+02 2.63102e+02 2.69869e+02
5.00000e+01 1.23421e+02 2.02366e+02 2.62852e+02 2.64849e+02 2.45027e+02 2.47796e+02 2.58031e+02 2.62729e+02 2.69840e+02
5.00000e+01 1.23007e+02 2.01376e+02 2.62653e+02 2.64716e+02 2.43623e+02 2.46529e+02 2.57368e+02 2.62385e+02 2.69814e+02
5.00000e+01 1.22648e+02 2.00523e+02 2.62479e+02 2.64600e+02 2.42325e+02 2.45358e+02 2.56754e+02 2.62067e+02 2.69790e+02
5.00000e+01 1.22336e+02 1.99787e+02 2.62329e+02 2.64500e+02 2.41126e+02 2.44275e+02 2.56187e+02 2.61773e+02 2.69769e+02
5.00000e+01 1.22064e+02 1.99151e+02 2.62198e+02 2.64412e+02 2.40015e+02 2.43273e+02 2.55662e+02 2.61501e+02 2.69749e+02
5.00000e+01 1.21826e+02 1.98600e+02 2.62084e+02 2.64336e+02 2.38986e+02 2.42344e+02 2.55175e+02 2.61248e+02 2.69731e+02
5.00000e+01 1.21617e+02 1.98122e+02 2.61985e+02 2.64270e+02 2.38032e+02 2.41481e+02 2.54722e+02 2.61013e+02 2.69714e+02
5.00000e+01 1.21433e+02 1.97707e+02 2.61898e+02 2.64212e+02 2.37146e+02 2.40681e+02 2.54302e+02 2.60794e+02 2.69699e+02
5.00000e+01 1.21271e+02 1.97345e+02 2.61823e+02 2.64162e+02 2.36322e+02 2.39936e+02 2.53910e+02 2.60590e+02 2.69685e+02
5.00000e+01 1.21127e+02 1.97029e+02 2.61757e+02 2.64118e+02 2.35555e+02 2.39243e+02 2.53546e+02 2.60399e+02 2.69672e+02
5.00000e+01 1.21000e+02 1.96753e+02 2.61699e+02 2.64080e+02 2.34841e+02 2.38596e+02 2.53205e+02 2.60221e+02 2.69660e+02
5.00000e+01 1.20887e+02 1.96511e+02 2.61649e+02 2.64046e+02 2.34174e+02 2.37993e+02 2.52887e+02 2.60055e+02 2.69649e+02
5.00000e+01 1.20786e+02 1.96299e+02 2.61605e+02 2.64017e+02 2.33551e+02 2.37429e+02 2.52590e+02 2.59899e+02 2.69639e+02
5.00000e+01 1.20696e+02 1.96112e+02 2.61566e+02 2.63991e+02 2.32969e+02 2.36901e+02 2.52312e+02 2.59752e+02 2.69629e+02
5.00000e+01 1.20615e+02 1.95947e+02 2.61531e+02 2.63968e+02 2.32423e+02 2.36407e+02 2.52051e+02 2.59615e+02 2.69620e+02
5.00000e+01 1.20542e+02 1.95801e+02 2.61501e+02 2.63948e+02 2.31912e+02 2.35943e+02 2.51806e+02 2.59486e+02 2.69612e+02
5.00000e+01 1.20477e+02 1.95672e+02 2.61474e+02 2.63930e+02 2.31432e+02 2.35508e+02 2.51576e+02 2.59364e+02 2.69604e+02
5.00000e+01 1.20417e+02 1.95557e+02 2.61450e+02 2.63914e+02 2.30981e+02 2.35099e+02 2.51359e+02 2.59250e+02 2.69597e+02
5.00000e+01 1.20364e+02 1.95455e+02 2.61429e+02 2.63900e+02 2.30556e+02 2.34714e+02 2.51156e+02 2.59142e+02 2.69590e+02
5.00000e+01 1.20315e+02 1.95364e+02 2.61410e+02 2.63888e+02 2.30157e+02 2.34352e+02 2.50964e+02 2.59040e+02 2.69584e+02
5.00000e+01 1.20271e+02 1.95283e+02 2.61393e+02 2.63876e+02 2.29781e+02 2.34010e+02 2.50783e+02 2.58944e+02 2.69578e+02
5.00000e+01 1.20230e+02 1.95210e+02 2.61378e+02 2.63867e+02 2.29425e+02 2.33688e+02 2.50612e+02 2.58853e+02 2.69572e+02
