2.70000e+02 2.70000e+02 2.70000e+02 2.68774e+02 2.68407e+02 2.75316e+02 2.74858e+02 2.72694e+02 2.71820e+02 2.70941e+02
2.70000e+02 2.70000e+02 2.70000e+02 2.68774e+02 2.68407e+02 2.75316e+02 2.74858e+02 2.72694e+02 2.71820e+02 2.70941e+02
5.00000e+01 1.50000e+02 2.50000e+02 2.68674e+02 2.68378e+02 2.74708e+02 2.74338e+02 2.72414e+02 2.71617e+02 2.70856e+02
5.00000e+01 1.43547e+02 2.44518e+02 2.68413e+02 2.68261e+02 2.72937e+02 2.72766e+02 2.71447e+02 2.70835e+02 2.70691e+02
5.00000e+01 1.39679e+02 2.39041e+02 2.68022e+02 2.68053e+02 2.70534e+02 2.70611e+02 2.70152e+02 2.69807e+02 2.70546e+02
5.00000e+01 1.36725e+02 2.33535e+02 2.67532e+02 2.67770e+02 2.67923e+02 2.68266e+02 2.68783e+02 2.68811e+02 2.70429e+02
5.00000e+01 1.34175e+02 2.28334e+02 2.66984e+02 2.67434e+02 2.65300e+02 2.65906e+02 2.67434e+02 2.67914e+02 2.70334e+02
5.00000e+01 1.31969e+02 2.23738e+02 2.66419e+02 2.67074e+02 2.62757e+02 2.63617e+02 2.66141e+02 2.67115e+02 2.70253e+02
5.00000e+01 1.30148e+02 2.19778e+02 2.65871e+02 2.66714e+02 2.60340e+02 2.61439e+02 2.64922e+02 2.66396e+02 2.70183e+02
5.00000e+01 1.28648e+02 2.16398e+02 2.65360e+02 2.66371e+02 2.58069e+02 2.59391e+02 2.63782e+02 2.65747e+02 2.70122e+02
5.00000e+01 1.27405e+02 2.13525e+02 2.64894e+02 2.66054e+02 2.55952e+02 2.57480e+02 2.62722e+02 2.65157e+02 2.70069e+02
5.00000e+01 1.26368e+02 2.11085e+02 2.64478e+02 2.65769e+02 2.53987e+02 2.55705e+02 2.61742e+02 2.64619e+02 2.70021e+02
5.00000e+01 1.25495e+02 2.09011e+02 2.64110e+02 2.65514e+02 2.52169e+02 2.54063e+02 2.60836e+02 2.64127e+02 2.69979e+02
5.00000e+01 1.24758e+02 2.07245e+02 2.63787e+02 2.65290e+02 2.50489e+02 2.52545e+02 2.60001e+02 2.63677e+02 2.69941e+02
5.00000e+01 1.24130e+02 2.05739e+02 2.63505e+02 2.65094e+02 2.48939e+02 2.51144e+02 2.59232e+02 2.63264e+02 2.69908e+02
5.00000e+01 1.23594e+02 2.04452e+02 2.63259e+02 2.64922e+02 2.47509e+02 2.49852e+02 2.58523e+02 2.62885e+02 2.69877e+02
5.00000e+01 1.23134e+02 2.03350e+02 2.63045e+02 2.64772e+02 2.46189e+02 2.48659e+02 2.57869e+02 2.62536e+02 2.69850e+02
5.00000e+01 1.22738e+02 2.02404e+02 2.62859e+02 2.64642e+02 2.44971e+02 2.47557e+02 2.57266e+02 2.62214e+02 2.69825e+02
5.00000e+01 1.22396e+02 2.01591e+02 2.62698e+02 2.64529e+02 2.43847e+02 2.46540e+02 2.56709e+02 2.61918e+02 2.69802e+02
5.00000e+01 1.22099e+02 2.00890e+02 2.62557e+02 2.64431e+02 2.42807e+02 2.45600e+02 2.56195e+02 2.61644e+02 2.69782e+02
5.00000e+01 1.21840e+02 2.00286e+02 2.62435e+02 2.64345e+02 2.41846e+02 2.44730e+02 2.55720e+02 2.61390e+02 2.69763e+02
5.00000e+01 1.21615e+02 1.99763e+02 2.62329e+02 2.64271e+02 2.40957e+02 2.43925e+02 2.55280e+02 2.61156e+02 2.69746e+02
5.00000e+01 1.21418e+02 1.99310e+02 2.62237e+02 2.64206e+02 2.40133e+02 2.43179e+02 2.54872e+02 2.60939e+02 2.69730e+02
5.00000e+01 1.21245e+02 1.98916e+02 2.62156e+02 2.64150e+02 2.39368e+02 2.42487e+02 2.54495e+02 2.60737e+02 2.69716e+02
5.00000e+01 1.21092e+02 1.98574e+02 2.62086e+02 2.64101e+02 2.38659e+02 2.41845e+02 2.54144e+02 2.60550e+02 2.69703e+02
5.00000e+01 1.20958e+02 1.98276e+02 2.62025e+02 2.64058e+02 2.38000e+02 2.41247e+02 2.53819e+02 2.60377e+02 2.69691e+02
5.00000e+01 1.20839e+02 1.98015e+02 2.61971e+02 2.64020e+02 2.37387e+02 2.40692e+02 2.53517e+02 2.60215e+02 2.69680e+02
5.00000e+01 1.20734e+02 1.97787e+02 2.61924e+02 2.63987e+02 2.36816e+02 2.40175e+02 2.53235e+02 2.60065e+02 2.69669e+02
5.00000e+01 1.20640e+02 1.97588e+02 2.61883e+02 2.63959e+02 2.36285e+02 2.39693e+02 2.52974e+02 2.59925e+02 2.69660e+02
5.00000e+01 1.20557e+02 1.97412e+02 2.61846e+02 2.63933e+02 2.35789e+02 2.39244e+02 2.52730e+02 2.59795e+02 2.69651e+02
5.00000e+01 1.20483e+02 1.97258e+02 2.61815e+02 2.63911e+02 2.35327e+02 2.38825e+02 2.52502e+02 2.59673e+02 2.69643e+02
5.00000e+01 1.20416e+02 1.97122e+02 2.61786e+02 2.63891e+02 2.34895e+02 2.38433e+02 2.52290e+02 2.59560e+02 2.69635e+02
5.00000e+01 1.20356e+02 1.97001e+02 2.61762e+02 2.63874e+02 2.34491e+02 2.38067e+02 2.52092e+02 2.59454e+02 2.69628e+02
5.00000e+01 1.20302e+02 1.96895e+02 2.61740e+02 2.63859e+02 2.34113e+02 2.37724e+02 2.51907e+02 2.59355e+02 2.69622e+02
5.00000e+01 1.20255e+02 1.96802e+02 2.61720e+02 2.63845e+02 2.33765e+02 2.37409e+02 2.51737e+02 2.59264e+02 2.69616e+02
5.00000e+01 1.20212e+02 1.96720e+02 2.61703e+02 2.63834e+02 2.33446e+02 2.37120e+02 2.51580e+02 2.59180e+02 2.69610e+02
5.00000e+01 1.20173e+02 1.96647e+02 2.61688e+02 2.63823e+02 2.33145e+02 2.36847e+02 2.51433e+02 2.59102e+02 2.69605e+02
5.00000e+01 1.20138e+02 1.96582e+02 2.61675e+02 2.63814e+02 2.32862e+02 2.36590e+02 2.51295e+02 2.59028e+02 2.69600e+02
