2.70000e+02 2.70000e+02 2.70000e+02 2.68772e+02 2.68396e+02 2.72705e+02 2.72469e+02 2.71913e+02 2.71564e+02 2.70919e+02
2.70000e+02 2.70000e+02 2.70000e+02 2.68772e+02 2.68396e+02 2.72705e+02 2.72469e+02 2.71913e+02 2.71564e+02 2.70919e+02
5.00000e+01 1.50000e+02 2.50000e+02 2.68672e+02 2.68368e+02 2.71746e+02 2.72203e+02 2.71639e+02 2.71309e+02 2.70834e+02
5.00000e+01 1.43581e+02 2.44497e+02 2.68410e+02 2.68257e+02 2.69319e+02 2.71079e+02 2.70721e+02 2.70434e+02 2.70668e+02
5.00000e+01 1.39714e+02 2.39008e+02 2.68021e+02 2.68058e+02 2.66460e+02 2.69276e+02 2.69492e+02 2.69340e+02 2.70520e+02
5.00000e+01 1.36753e+02 2.33486e+02 2.67532e+02 2.67784e+02 2.63601e+02 2.67135e+02 2.68193e+02 2.68313e+02 2.70402e+02
5.00000e+01 1.34203e+02 2.28267e+02 2.66984e+02 2.67457e+02 2.60862e+02 2.64868e+02 2.66909e+02 2.67410e+02 2.70306e+02
5.00000e+01 1.31992e+02 2.23653e+02 2.66417e+02 2.67103e+02 2.58282e+02 2.62599e+02 2.65674e+02 2.66617e+02 2.70225e+02
5.00000e+01 1.30163e+02 2.19674e+02 2.65865e+02 2.66747e+02 2.55870e+02 2.60396e+02 2.64504e+02 2.65914e+02 2.70156e+02
5.00000e+01 1.28655e+02 2.16277e+02 2.65349e+02 2.66407e+02 2.53629e+02 2.58297e+02 2.63403e+02 2.65284e+02 2.70096e+02
5.00000e+01 1.27403e+02 2.13386e+02 2.64879e+02 2.66092e+02 2.51555e+02 2.56321e+02 2.62375e+02 2.64713e+02 2.70044e+02
5.00000e+01 1.26357e+02 2.10928e+02 2.64457e+02 2.65808e+02 2.49641e+02 2.54476e+02 2.61418e+02 2.64193e+02 2.69998e+02
5.00000e+01 1.25476e+02 2.08836e+02 2.64085e+02 2.65554e+02 2.47877e+02 2.52761e+02 2.60530e+02 2.63718e+02 2.69956e+02
5.00000e+01 1.24730e+02 2.07053e+02 2.63757e+02 2.65330e+02 2.46253e+02 2.51174e+02 2.59707e+02 2.63282e+02 2.69919e+02
5.00000e+01 1.24094e+02 2.05531e+02 2.63471e+02 2.65133e+02 2.44759e+02 2.49709e+02 2.58946e+02 2.62881e+02 2.69886e+02
5.00000e+01 1.23551e+02 2.04228e+02 2.63221e+02 2.64962e+02 2.43385e+02 2.48357e+02 2.58243e+02 2.62512e+02 2.69857e+02
5.00000e+01 1.23083e+02 2.03111e+02 2.63004e+02 2.64812e+02 2.42121e+02 2.47111e+02 2.57593e+02 2.62171e+02 2.69830e+02
5.00000e+01 1.22680e+02 2.02151e+02 2.62815e+02 2.64681e+02 2.40958e+02 2.45964e+02 2.56993e+02 2.61855e+02 2.69806e+02
5.00000e+01 1.22332e+02 2.01325e+02 2.62651e+02 2.64568e+02 2.39887e+02 2.44907e+02 2.56438e+02 2.61564e+02 2.69783e+02
5.00000e+01 1.22029e+02 2.00613e+02 2.62508e+02 2.64469e+02 2.38901e+02 2.43934e+02 2.55925e+02 2.61294e+02 2.69763e+02
5.00000e+01 1.21766e+02 1.99997e+02 2.62383e+02 2.64383e+02 2.37993e+02 2.43037e+02 2.55451e+02 2.61044e+02 2.69745e+02
5.00000e+01 1.21535e+02 1.99464e+02 2.62275e+02 2.64308e+02 2.37155e+02 2.42210e+02 2.55012e+02 2.60812e+02 2.69728e+02
5.00000e+01 1.21334e+02 1.99002e+02 2.62181e+02 2.64243e+02 2.36382e+02 2.41448e+02 2.54606e+02 2.60597e+02 2.69713e+02
5.00000e+01 1.21157e+02 1.98600e+02 2.62099e+02 2.64187e+02 2.35668e+02 2.40744e+02 2.54231e+02 2.60398e+02 2.69699e+02
5.00000e+01 1.21002e+02 1.98250e+02 2.62027e+02 2.64137e+02 2.35008e+02 2.40095e+02 2.53883e+02 2.60213e+02 2.69686e+02
5.00000e+01 1.20865e+02 1.97945e+02 2.61965e+02 2.64094e+02 2.34398e+02 2.39495e+02 2.53560e+02 2.60040e+02 2.69674e+02
5.00000e+01 1.20744e+02 1.97679e+02 2.61910e+02 2.64056e+02 2.33834e+02 2.38940e+02 2.53262e+02 2.59880e+02 2.69664e+02
5.00000e+01 1.20637e+02 1.97446e+02 2.61862e+02 2.64023e+02 2.33311e+02 2.38427e+02 2.52984e+02 2.59731e+02 2.69654e+02
5.00000e+01 1.20541e+02 1.97242e+02 2.61820e+02 2.63994e+02 2.32826e+02 2.37951e+02 2.52727e+02 2.59593e+02 2.69644e+02
5.00000e+01 1.20457e+02 1.97063e+02 2.61783e+02 2.63969e+02 2.32379e+02 2.37514e+02 2.52490e+02 2.59465e+02 2.69636e+02
5.00000e+01 1.20384e+02 1.96910e+02 2.61751e+02 2.63947e+02 2.31973e+02 2.37116e+02 2.52276e+02 2.59349e+02 2.69628e+02
5.00000e+01 1.20318e+02 1.96774e+02 2.61723e+02 2.63927e+02 2.31595e+02 2.36747e+02 2.52075e+02 2.59241e+02 2.69621e+02
5.00000e+01 1.20259e+02 1.96653e+02 2.61698e+02 2.63910e+02 2.31244e+02 2.36404e+02 2.51888e+02 2.59139e+02 2.69615e+02
5.00000e+01 1.20206e+02 1.96546e+02 2.61676e+02 2.63895e+02 2.30917e+02 2.36084e+02 2.51714e+02 2.59044e+02 2.69609e+02
5.00000e+01 1.20158e+02 1.96451e+02 2.61656e+02 2.63882e+02 2.30611e+02 2.35787e+02 2.51551e+02 2.58955e+02 2.69603e+02
5.00000e+01 1.20114e+02 1.96366e+02 2.61639e+02 2.63870e+02 2.30327e+02 2.35510e+02 2.51399e+02 2.58872e+02 2.69598e+02
5.00000e+01 1.20075e+02 1.96290e+02 2.61624e+02 2.63859e+02 2.30061e+02 2.35251e+02 2.51257e+02 2.58794e+02 2.69593e+02
5.00000e+01 1.20040e+02 1.96223e+02 2.61610e+02 2.63849e+02 2.29813e+02 2.35010e+02 2.51124e+02 2.58721e+02 2.69588e+02
