2.70000e+02 2.70000e+02 2.70000e+02 2.68731e+02 2.68332e+02 2.71428e+02 2.71417e+02 2.71329e+02 2.71165e+02 2.70896e+02
2.70000e+02 2.70000e+02 2.70000e+02 2.68731e+02 2.68332e+02 2.71428e+02 2.71417e+02 2.71329e+02 2.71165e+02 2.70896e+02
5.00000e+01 1.50000e+02 2.50000e+02 2.68653e+02 2.68314e+02 2.70821e+02 2.71167e+02 2.71055e+02 2.70963e+02 2.70807e+02
5.00000e+01 1.43579e+02 2.44447e+02 2.68416e+02 2.68225e+02 2.68802e+02 2.70001e+02 2.70073e+02 2.70150e+02 2.70634e+02
5.00000e+01 1.39729e+02 2.38904e+02 2.68047e+02 2.68052e+02 2.66252e+02 2.68192e+02 2.68773e+02 2.69078e+02 2.70484e+02
5.00000e+01 1.36781e+02 2.33324e+02 2.67575e+02 2.67804e+02 2.63640e+02 2.66116e+02 2.67418e+02 2.68047e+02 2.70365e+02
5.00000e+01 1.34250e+02 2.28049e+02 2.67044e+02 2.67504e+02 2.61125e+02 2.63977e+02 2.66094e+02 2.67130e+02 2.70269e+02
5.00000e+01 1.32055e+02 2.23380e+02 2.66494e+02 2.67177e+02 2.58762e+02 2.61879e+02 2.64835e+02 2.66322e+02 2.70188e+02
5.00000e+01 1.30237e+02 2.19350e+02 2.65958e+02 2.66846e+02 2.56567e+02 2.59876e+02 2.63656e+02 2.65606e+02 2.70119e+02
5.00000e+01 1.28739e+02 2.15905e+02 2.65457e+02 2.66529e+02 2.54540e+02 2.57993e+02 2.62562e+02 2.64967e+02 2.70059e+02
5.00000e+01 1.27496e+02 2.12972e+02 2.65000e+02 2.66235e+02 2.52676e+02 2.56240e+02 2.61554e+02 2.64395e+02 2.70008e+02
5.00000e+01 1.26459e+02 2.10477e+02 2.64591e+02 2.65968e+02 2.50964e+02 2.54620e+02 2.60631e+02 2.63882e+02 2.69962e+02
5.00000e+01 1.25588e+02 2.08354e+02 2.64229e+02 2.65730e+02 2.49393e+02 2.53127e+02 2.59788e+02 2.63420e+02 2.69922e+02
5.00000e+01 1.24851e+02 2.06545e+02 2.63912e+02 2.65520e+02 2.47953e+02 2.51755e+02 2.59019e+02 2.63003e+02 2.69887e+02
5.00000e+01 1.24225e+02 2.05002e+02 2.63634e+02 2.65336e+02 2.46632e+02 2.50496e+02 2.58319e+02 2.62627e+02 2.69856e+02
5.00000e+01 1.23691e+02 2.03683e+02 2.63392e+02 2.65174e+02 2.45420e+02 2.49340e+02 2.57682e+02 2.62287e+02 2.69828e+02
5.00000e+01 1.23233e+02 2.02553e+02 2.63181e+02 2.65034e+02 2.44305e+02 2.48280e+02 2.57101e+02 2.61979e+02 2.69803e+02
5.00000e+01 1.22840e+02 2.01584e+02 2.62999e+02 2.64912e+02 2.43281e+02 2.47307e+02 2.56572e+02 2.61700e+02 2.69781e+02
5.00000e+01 1.22501e+02 2.00752e+02 2.62840e+02 2.64806e+02 2.42337e+02 2.46412e+02 2.56089e+02 2.61447e+02 2.69761e+02
5.00000e+01 1.22208e+02 2.00035e+02 2.62702e+02 2.64714e+02 2.41467e+02 2.45589e+02 2.55647e+02 2.61216e+02 2.69743e+02
5.00000e+01 1.21953e+02 1.99418e+02 2.62582e+02 2.64634e+02 2.40664e+02 2.44830e+02 2.55244e+02 2.61005e+02 2.69727e+02
5.00000e+01 1.21732e+02 1.98884e+02 2.62479e+02 2.64564e+02 2.39921e+02 2.44131e+02 2.54874e+02 2.60813e+02 2.69713e+02
5.00000e+01 1.21540e+02 1.98423e+02 2.62388e+02 2.64504e+02 2.39232e+02 2.43485e+02 2.54534e+02 2.60637e+02 2.69700e+02
5.00000e+01 1.21371e+02 1.98023e+02 2.62310e+02 2.64451e+02 2.38594e+02 2.42887e+02 2.54222e+02 2.60476e+02 2.69688e+02
5.00000e+01 1.21223e+02 1.97676e+02 2.62241e+02 2.64406e+02 2.38002e+02 2.42333e+02 2.53935e+02 2.60327e+02 2.69677e+02
5.00000e+01 1.21094e+02 1.97375e+02 2.62182e+02 2.64366e+02 2.37451e+02 2.41819e+02 2.53670e+02 2.60191e+02 2.69667e+02
5.00000e+01 1.20980e+02 1.97112e+02 2.62130e+02 2.64331e+02 2.36937e+02 2.41341e+02 2.53426e+02 2.60065e+02 2.69658e+02
5.00000e+01 1.20879e+02 1.96883e+02 2.62085e+02 2.64301e+02 2.36458e+02 2.40897e+02 2.53199e+02 2.59949e+02 2.69650e+02
5.00000e+01 1.20790e+02 1.96684e+02 2.62045e+02 2.64275e+02 2.36011e+02 2.40483e+02 2.52989e+02 2.59842e+02 2.69642e+02
5.00000e+01 1.20711e+02 1.96509e+02 2.62010e+02 2.64251e+02 2.35593e+02 2.40096e+02 2.52795e+02 2.59742e+02 2.69635e+02
5.00000e+01 1.20641e+02 1.96356e+02 2.61980e+02 2.64231e+02 2.35205e+02 2.39738e+02 2.52615e+02 2.59651e+02 2.69628e+02
5.00000e+01 1.20581e+02 1.96225e+02 2.61954e+02 2.64214e+02 2.34848e+02 2.39410e+02 2.52451e+02 2.59567e+02 2.69623e+02
5.00000e+01 1.20526e+02 1.96109e+02 2.61931e+02 2.64198e+02 2.34513e+02 2.39101e+02 2.52298e+02 2.59490e+02 2.69617e+02
5.00000e+01 1.20477e+02 1.96007e+02 2.61910e+02 2.64185e+02 2.34197e+02 2.38811e+02 2.52155e+02 2.59417e+02 2.69612e+02
5.00000e+01 1.20433e+02 1.95916e+02 2.61893e+02 2.64173e+02 2.33899e+02 2.38539e+02 2.52020e+02 2.59349e+02 2.69608e+02
5.00000e+01 1.20393e+02 1.95835e+02 2.61877e+02 2.64162e+02 2.33618e+02 2.38282e+02 2.51895e+02 2.59285e+02 2.69603e+02
5.00000e+01 1.20357e+02 1.95763e+02 2.61862e+02 2.64153e+02 2.33353e+02 2.38040e+02 2.51776e+02 2.59226e+02 2.69599e+02
5.00000e+01 1.20324e+02 1.95699e+02 2.61850e+02 2.64145e+02 2.33103e+02 2.37812e+02 2.51665e+02 2.59170e+02 2.69595e+02
