2.70000e+02 2.70000e+02 2.70000e+02 2.68768e+02 2.68416e+02 2.74232e+02 2.73783e+02 2.72324e+02 2.71666e+02 2.70926e+02
2.70000e+02 2.70000e+02 2.70000e+02 2.68768e+02 2.68416e+02 2.74232e+02 2.73783e+02 2.72324e+02 2.71666e+02 2.70926e+02
5.00000e+01 1.50000e+02 2.50000e+02 2.68659e+02 2.68381e+02 2.73416e+02 2.73483e+02 2.72105e+02 2.71503e+02 2.70841e+02
5.00000e+01 1.43596e+02 2.44514e+02 2.68382e+02 2.68252e+02 2.71101e+02 2.72249e+02 2.71158e+02 2.70726e+02 2.70672e+02
5.00000e+01 1.39749e+02 2.39076e+02 2.67976e+02 2.68029e+02 2.68192e+02 2.70302e+02 2.69873e+02 2.69677e+02 2.70525e+02
5.00000e+01 1.36812e+02 2.33636e+02 2.67475e+02 2.67731e+02 2.65194e+02 2.68024e+02 2.68514e+02 2.68659e+02 2.70407e+02
5.00000e+01 1.34298e+02 2.28516e+02 2.66919e+02 2.67383e+02 2.62288e+02 2.65645e+02 2.67171e+02 2.67747e+02 2.70311e+02
5.00000e+01 1.32117e+02 2.24008e+02 2.66350e+02 2.67012e+02 2.59542e+02 2.63288e+02 2.65881e+02 2.66940e+02 2.70230e+02
5.00000e+01 1.30314e+02 2.20137e+02 2.65799e+02 2.66644e+02 2.56979e+02 2.61021e+02 2.64662e+02 2.66221e+02 2.70161e+02
5.00000e+01 1.28830e+02 2.16845e+02 2.65287e+02 2.66296e+02 2.54603e+02 2.58876e+02 2.63520e+02 2.65576e+02 2.70101e+02
5.00000e+01 1.27601e+02 2.14055e+02 2.64823e+02 2.65975e+02 2.52411e+02 2.56871e+02 2.62461e+02 2.64994e+02 2.70048e+02
5.00000e+01 1.26576e+02 2.11691e+02 2.64409e+02 2.65687e+02 2.50394e+02 2.55008e+02 2.61483e+02 2.64467e+02 2.70001e+02
5.00000e+01 1.25716e+02 2.09687e+02 2.64044e+02 2.65431e+02 2.48539e+02 2.53286e+02 2.60582e+02 2.63989e+02 2.69960e+02
5.00000e+01 1.24989e+02 2.07984e+02 2.63724e+02 2.65206e+02 2.46837e+02 2.51699e+02 2.59755e+02 2.63555e+02 2.69923e+02
5.00000e+01 1.24371e+02 2.06534e+02 2.63445e+02 2.65009e+02 2.45273e+02 2.50238e+02 2.58995e+02 2.63158e+02 2.69890e+02
5.00000e+01 1.23844e+02 2.05297e+02 2.63203e+02 2.64837e+02 2.43837e+02 2.48895e+02 2.58298e+02 2.62796e+02 2.69861e+02
5.00000e+01 1.23392e+02 2.04240e+02 2.62992e+02 2.64688e+02 2.42517e+02 2.47660e+02 2.57658e+02 2.62465e+02 2.69835e+02
5.00000e+01 1.23002e+02 2.03334e+02 2.62808e+02 2.64558e+02 2.41304e+02 2.46524e+02 2.57070e+02 2.62161e+02 2.69811e+02
5.00000e+01 1.22666e+02 2.02555e+02 2.62650e+02 2.64445e+02 2.40187e+02 2.45479e+02 2.56529e+02 2.61883e+02 2.69789e+02
5.00000e+01 1.22374e+02 2.01885e+02 2.62512e+02 2.64347e+02 2.39158e+02 2.44516e+02 2.56032e+02 2.61626e+02 2.69770e+02
5.00000e+01 1.22121e+02 2.01307e+02 2.62392e+02 2.64262e+02 2.38209e+02 2.43630e+02 2.55574e+02 2.61390e+02 2.69752e+02
5.00000e+01 1.21900e+02 2.00807e+02 2.62287e+02 2.64188e+02 2.37332e+02 2.42811e+02 2.55151e+02 2.61172e+02 2.69736e+02
5.00000e+01 1.21706e+02 2.00375e+02 2.62197e+02 2.64124e+02 2.36522e+02 2.42056e+02 2.54760e+02 2.60970e+02 2.69721e+02
5.00000e+01 1.21537e+02 1.99999e+02 2.62118e+02 2.64068e+02 2.35773e+02 2.41357e+02 2.54399e+02 2.60783e+02 2.69708e+02
5.00000e+01 1.21387e+02 1.99673e+02 2.62049e+02 2.64019e+02 2.35078e+02 2.40710e+02 2.54065e+02 2.60610e+02 2.69695e+02
5.00000e+01 1.21256e+02 1.99388e+02 2.61989e+02 2.63976e+02 2.34434e+02 2.40111e+02 2.53755e+02 2.60449e+02 2.69684e+02
5.00000e+01 1.21140e+02 1.99140e+02 2.61936e+02 2.63939e+02 2.33835e+02 2.39555e+02 2.53467e+02 2.60300e+02 2.69673e+02
5.00000e+01 1.21036e+02 1.98923e+02 2.61890e+02 2.63906e+02 2.33278e+02 2.39038e+02 2.53199e+02 2.60161e+02 2.69664e+02
5.00000e+01 1.20945e+02 1.98732e+02 2.61850e+02 2.63878e+02 2.32760e+02 2.38557e+02 2.52950e+02 2.60032e+02 2.69655e+02
5.00000e+01 1.20863e+02 1.98565e+02 2.61815e+02 2.63853e+02 2.32277e+02 2.38110e+02 2.52718e+02 2.59911e+02 2.69647e+02
5.00000e+01 1.20790e+02 1.98418e+02 2.61783e+02 2.63831e+02 2.31827e+02 2.37692e+02 2.52502e+02 2.59798e+02 2.69639e+02
5.00000e+01 1.20725e+02 1.98289e+02 2.61756e+02 2.63811e+02 2.31406e+02 2.37303e+02 2.52300e+02 2.59692e+02 2.69632e+02
5.00000e+01 1.20667e+02 1.98174e+02 2.61732e+02 2.63794e+02 2.31013e+02 2.36939e+02 2.52111e+02 2.59593e+02 2.69625e+02
5.00000e+01 1.20614e+02 1.98072e+02 2.61710e+02 2.63779e+02 2.30644e+02 2.36599e+02 2.51934e+02 2.59501e+02 2.69619e+02
5.00000e+01 1.20566e+02 1.97982e+02 2.61691e+02 2.63765e+02 2.30299e+02 2.36281e+02 2.51769e+02 2.59414e+02 2.69613e+02
5.00000e+01 1.20525e+02 1.97905e+02 2.61674e+02 2.63754e+02 2.29988e+02 2.35993e+02 2.51619e+02 2.59335e+02 2.69608e+02
5.00000e+01 1.20487e+02 1.97835e+02 2.61660e+02 2.63743e+02 2.29694e+02 2.35723e+02 2.51478e+02 2.59261e+02 2.69603e+02
5.00000e+01 1.20453e+02 1.97773e+02 2.61647e+02 2.63734e+02 2.29418e+02 2.35468e+02 2.51345e+02 2.59191e+02 2.69599e+02
