2.70000e+02 2.70000e+02 2.70000e+02 2.68800e+02 2.68355e+02 2.65613e+02 2.66240e+02 2.69062e+02 2.70055e+02 2.70824e+02
2.70000e+02 2.70000e+02 2.70000e+02 2.68800e+02 2.68355e+02 2.65613e+02 2.66240e+02 2.69062e+02 2.70055e+02 2.70824e+02
5.00000e+01 1.50000e+02 2.50000e+02 2.68608e+02 2.68300e+02 2.65529e+02 2.66158e+02 2.68917e+02 2.69931e+02 2.70739e+02
5.00000e+01 1.43819e+02 2.44411e+02 2.68309e+02 2.68175e+02 2.64158e+02 2.64919e+02 2.68027e+02 2.69188e+02 2.70565e+02
5.00000e+01 1.40003e+02 2.38899e+02 2.67902e+02 2.67985e+02 2.62073e+02 2.63018e+02 2.66799e+02 2.68189e+02 2.70413e+02
5.00000e+01 1.37057e+02 2.33387e+02 2.67410e+02 2.67734e+02 2.59744e+02 2.60895e+02 2.65507e+02 2.67240e+02 2.70293e+02
5.00000e+01 1.34550e+02 2.28211e+02 2.66874e+02 2.67441e+02 2.57380e+02 2.58744e+02 2.64247e+02 2.66408e+02 2.70196e+02
5.00000e+01 1.32437e+02 2.23668e+02 2.66334e+02 2.67130e+02 2.55080e+02 2.56656e+02 2.63052e+02 2.65682e+02 2.70116e+02
5.00000e+01 1.30643e+02 2.19784e+02 2.65820e+02 2.66821e+02 2.52894e+02 2.54673e+02 2.61938e+02 2.65045e+02 2.70047e+02
5.00000e+01 1.29161e+02 2.16492e+02 2.65348e+02 2.66531e+02 2.50845e+02 2.52815e+02 2.60909e+02 2.64481e+02 2.69989e+02
5.00000e+01 1.27935e+02 2.13711e+02 2.64926e+02 2.66265e+02 2.48939e+02 2.51090e+02 2.59963e+02 2.63977e+02 2.69938e+02
5.00000e+01 1.26914e+02 2.11362e+02 2.64554e+02 2.66028e+02 2.47178e+02 2.49496e+02 2.59097e+02 2.63525e+02 2.69893e+02
5.00000e+01 1.26059e+02 2.09378e+02 2.64228e+02 2.65820e+02 2.45554e+02 2.48029e+02 2.58306e+02 2.63119e+02 2.69854e+02
5.00000e+01 1.25340e+02 2.07699e+02 2.63946e+02 2.65638e+02 2.44061e+02 2.46681e+02 2.57584e+02 2.62752e+02 2.69819e+02
5.00000e+01 1.24730e+02 2.06276e+02 2.63702e+02 2.65480e+02 2.42691e+02 2.45444e+02 2.56926e+02 2.62420e+02 2.69789e+02
5.00000e+01 1.24213e+02 2.05067e+02 2.63491e+02 2.65343e+02 2.41433e+02 2.44310e+02 2.56326e+02 2.62119e+02 2.69761e+02
5.00000e+01 1.23771e+02 2.04038e+02 2.63309e+02 2.65225e+02 2.40279e+02 2.43269e+02 2.55777e+02 2.61846e+02 2.69737e+02
5.00000e+01 1.23393e+02 2.03161e+02 2.63152e+02 2.65123e+02 2.39219e+02 2.42315e+02 2.55276e+02 2.61597e+02 2.69715e+02
5.00000e+01 1.23068e+02 2.02412e+02 2.63017e+02 2.65035e+02 2.38247e+02 2.41438e+02 2.54818e+02 2.61369e+02 2.69696e+02
5.00000e+01 1.22789e+02 2.01770e+02 2.62900e+02 2.64959e+02 2.37354e+02 2.40634e+02 2.54398e+02 2.61161e+02 2.69678e+02
5.00000e+01 1.22547e+02 2.01220e+02 2.62800e+02 2.64894e+02 2.36532e+02 2.39894e+02 2.54013e+02 2.60971e+02 2.69663e+02
5.00000e+01 1.22337e+02 2.00747e+02 2.62713e+02 2.64837e+02 2.35777e+02 2.39213e+02 2.53659e+02 2.60796e+02 2.69648e+02
5.00000e+01 1.22155e+02 2.00341e+02 2.62638e+02 2.64788e+02 2.35081e+02 2.38587e+02 2.53334e+02 2.60636e+02 2.69635e+02
5.00000e+01 1.21997e+02 1.99990e+02 2.62574e+02 2.64746e+02 2.34439e+02 2.38009e+02 2.53035e+02 2.60488e+02 2.69624e+02
5.00000e+01 1.21858e+02 1.99687e+02 2.62518e+02 2.64710e+02 2.33848e+02 2.37476e+02 2.52759e+02 2.60352e+02 2.69613e+02
5.00000e+01 1.21737e+02 1.99425e+02 2.62469e+02 2.64678e+02 2.33301e+02 2.36984e+02 2.52505e+02 2.60226e+02 2.69603e+02
5.00000e+01 1.21630e+02 1.99197e+02 2.62427e+02 2.64651e+02 2.32796e+02 2.36529e+02 2.52271e+02 2.60110e+02 2.69594e+02
5.00000e+01 1.21536e+02 1.99000e+02 2.62390e+02 2.64627e+02 2.32329e+02 2.36108e+02 2.52054e+02 2.60003e+02 2.69586e+02
5.00000e+01 1.21454e+02 1.98828e+02 2.62358e+02 2.64606e+02 2.31897e+02 2.35718e+02 2.51853e+02 2.59904e+02 2.69578e+02
5.00000e+01 1.21380e+02 1.98678e+02 2.62331e+02 2.64588e+02 2.31496e+02 2.35357e+02 2.51667e+02 2.59812e+02 2.69572e+02
5.00000e+01 1.21315e+02 1.98547e+02 2.62306e+02 2.64573e+02 2.31125e+02 2.35022e+02 2.51495e+02 2.59727e+02 2.69565e+02
5.00000e+01 1.21258e+02 1.98432e+02 2.62285e+02 2.64559e+02 2.30780e+02 2.34711e+02 2.51335e+02 2.59648e+02 2.69559e+02
5.00000e+01 1.21207e+02 1.98332e+02 2.62266e+02 2.64547e+02 2.30463e+02 2.34425e+02 2.51188e+02 2.59575e+02 2.69554e+02
5.00000e+01 1.21162e+02 1.98247e+02 2.62250e+02 2.64537e+02 2.30178e+02 2.34169e+02 2.51055e+02 2.59509e+02 2.69549e+02
5.00000e+01 1.21123e+02 1.98171e+02 2.62236e+02 2.64527e+02 2.29913e+02 2.33929e+02 2.50932e+02 2.59448e+02 2.69545e+02
5.00000e+01 1.21087e+02 1.98104e+02 2.62224e+02 2.64519e+02 2.29665e+02 2.33706e+02 2.50817e+02 2.59391e+02 2.69541e+02
5.00000e+01 1.21054e+02 1.98044e+02 2.62213e+02 2.64512e+02 2.29433e+02 2.33496e+02 2.50709e+02 2.59337e+02 2.69537e+02
5.00000e+01 1.21025e+02 1.97990e+02 2.62203e+02 2.64506e+02 2.29216e+02 2.33301e+02 2.50609e+02 2.59287e+02 2.69533e+02
