2.70000e+02 2.70000e+02 2.70000e+02 2.68739e+02 2.68383e+02 2.70660e+02 2.70795e+02 2.71356e+02 2.71296e+02 2.70902e+02
2.70000e+02 2.70000e+02 2.70000e+02 2.68739e+02 2.68383e+02 2.70660e+02 2.70795e+02 2.71356e+02 2.71296e+02 2.70902e+02
5.00000e+01 1.50000e+02 2.50000e+02 2.68639e+02 2.68354e+02 2.70247e+02 2.70444e+02 2.71027e+02 2.71035e+02 2.70814e+02
5.00000e+01 1.43489e+02 2.44465e+02 2.68378e+02 2.68237e+02 2.68592e+02 2.68996e+02 2.70030e+02 2.70166e+02 2.70644e+02
5.00000e+01 1.39611e+02 2.38968e+02 2.67991e+02 2.68031e+02 2.66245e+02 2.66908e+02 2.68722e+02 2.69066e+02 2.70495e+02
5.00000e+01 1.36646e+02 2.33443e+02 2.67507e+02 2.67751e+02 2.63675e+02 2.64608e+02 2.67358e+02 2.68026e+02 2.70377e+02
5.00000e+01 1.34081e+02 2.28230e+02 2.66968e+02 2.67421e+02 2.61097e+02 2.62293e+02 2.66029e+02 2.67111e+02 2.70280e+02
5.00000e+01 1.31868e+02 2.23629e+02 2.66414e+02 2.67068e+02 2.58611e+02 2.60056e+02 2.64770e+02 2.66312e+02 2.70199e+02
5.00000e+01 1.30046e+02 2.19668e+02 2.65879e+02 2.66717e+02 2.56263e+02 2.57938e+02 2.63594e+02 2.65607e+02 2.70130e+02
5.00000e+01 1.28549e+02 2.16291e+02 2.65380e+02 2.66382e+02 2.54071e+02 2.55959e+02 2.62508e+02 2.64982e+02 2.70071e+02
5.00000e+01 1.27309e+02 2.13422e+02 2.64927e+02 2.66075e+02 2.52041e+02 2.54124e+02 2.61509e+02 2.64422e+02 2.70019e+02
5.00000e+01 1.26275e+02 2.10987e+02 2.64523e+02 2.65798e+02 2.50170e+02 2.52433e+02 2.60594e+02 2.63921e+02 2.69973e+02
5.00000e+01 1.25407e+02 2.08920e+02 2.64166e+02 2.65552e+02 2.48450e+02 2.50878e+02 2.59760e+02 2.63469e+02 2.69933e+02
5.00000e+01 1.24674e+02 2.07161e+02 2.63854e+02 2.65335e+02 2.46872e+02 2.49453e+02 2.58998e+02 2.63061e+02 2.69898e+02
5.00000e+01 1.24051e+02 2.05663e+02 2.63581e+02 2.65145e+02 2.45426e+02 2.48147e+02 2.58304e+02 2.62692e+02 2.69866e+02
5.00000e+01 1.23520e+02 2.04384e+02 2.63344e+02 2.64980e+02 2.44101e+02 2.46951e+02 2.57671e+02 2.62357e+02 2.69838e+02
5.00000e+01 1.23066e+02 2.03290e+02 2.63137e+02 2.64836e+02 2.42888e+02 2.45856e+02 2.57094e+02 2.62053e+02 2.69813e+02
5.00000e+01 1.22675e+02 2.02352e+02 2.62958e+02 2.64711e+02 2.41775e+02 2.44852e+02 2.56567e+02 2.61775e+02 2.69791e+02
5.00000e+01 1.22338e+02 2.01547e+02 2.62803e+02 2.64602e+02 2.40755e+02 2.43932e+02 2.56085e+02 2.61522e+02 2.69770e+02
5.00000e+01 1.22047e+02 2.00855e+02 2.62668e+02 2.64508e+02 2.39819e+02 2.43087e+02 2.55644e+02 2.61291e+02 2.69752e+02
5.00000e+01 1.21794e+02 2.00258e+02 2.62551e+02 2.64426e+02 2.38959e+02 2.42312e+02 2.55239e+02 2.61079e+02 2.69736e+02
5.00000e+01 1.21575e+02 1.99743e+02 2.62450e+02 2.64355e+02 2.38168e+02 2.41598e+02 2.54868e+02 2.60884e+02 2.69721e+02
5.00000e+01 1.21383e+02 1.99297e+02 2.62361e+02 2.64293e+02 2.37439e+02 2.40941e+02 2.54528e+02 2.60705e+02 2.69707e+02
5.00000e+01 1.21216e+02 1.98911e+02 2.62284e+02 2.64239e+02 2.36768e+02 2.40335e+02 2.54214e+02 2.60541e+02 2.69695e+02
5.00000e+01 1.21069e+02 1.98576e+02 2.62218e+02 2.64192e+02 2.36147e+02 2.39776e+02 2.53925e+02 2.60389e+02 2.69684e+02
5.00000e+01 1.20940e+02 1.98284e+02 2.62159e+02 2.64152e+02 2.35574e+02 2.39259e+02 2.53658e+02 2.60249e+02 2.69674e+02
5.00000e+01 1.20828e+02 1.98032e+02 2.62109e+02 2.64116e+02 2.35048e+02 2.38784e+02 2.53413e+02 2.60120e+02 2.69664e+02
5.00000e+01 1.20731e+02 1.97816e+02 2.62065e+02 2.64086e+02 2.34570e+02 2.38353e+02 2.53191e+02 2.60003e+02 2.69656e+02
5.00000e+01 1.20644e+02 1.97627e+02 2.62027e+02 2.64059e+02 2.34125e+02 2.37952e+02 2.52985e+02 2.59894e+02 2.69648e+02
5.00000e+01 1.20567e+02 1.97461e+02 2.61993e+02 2.64036e+02 2.33711e+02 2.37579e+02 2.52794e+02 2.59793e+02 2.69641e+02
5.00000e+01 1.20499e+02 1.97314e+02 2.61964e+02 2.64015e+02 2.33326e+02 2.37231e+02 2.52615e+02 2.59699e+02 2.69635e+02
5.00000e+01 1.20438e+02 1.97185e+02 2.61938e+02 2.63997e+02 2.32966e+02 2.36907e+02 2.52449e+02 2.59611e+02 2.69629e+02
5.00000e+01 1.20383e+02 1.97072e+02 2.61915e+02 2.63981e+02 2.32631e+02 2.36604e+02 2.52294e+02 2.59529e+02 2.69623e+02
5.00000e+01 1.20334e+02 1.96971e+02 2.61895e+02 2.63967e+02 2.32318e+02 2.36321e+02 2.52150e+02 2.59452e+02 2.69618e+02
5.00000e+01 1.20290e+02 1.96882e+02 2.61877e+02 2.63955e+02 2.32024e+02 2.36057e+02 2.52014e+02 2.59381e+02 2.69613e+02
5.00000e+01 1.20250e+02 1.96803e+02 2.61861e+02 2.63944e+02 2.31750e+02 2.35809e+02 2.51888e+02 2.59314e+02 2.69608e+02
5.00000e+01 1.20214e+02 1.96732e+02 2.61847e+02 2.63934e+02 2.31493e+02 2.35577e+02 2.51770e+02 2.59251e+02 2.69604e+02
5.00000e+01 1.20182e+02 1.96670e+02 2.61835e+02 2.63925e+02 2.31252e+02 2.35359e+02 2.51659e+02 2.59192e+02 2.69600e+02
