2.70000e+02 2.70000e+02 2.70000e+02 2.68899e+02 2.68440e+02 2.74735e+02 2.74243e+02 2.72671e+02 2.71881e+02 2.70947e+02
2.70000e+02 2.70000e+02 2.70000e+02 2.68899e+02 2.68440e+02 2.74735e+02 2.74243e+02 2.72671e+02 2.71881e+02 2.70947e+02
5.00000e+01 1.50000e+02 2.50000e+02 2.68748e+02 2.68395e+02 2.73821e+02 2.73847e+02 2.72353e+02 2.71652e+02 2.70858e+02
5.00000e+01 1.43754e+02 2.44565e+02 2.68468e+02 2.68278e+02 2.71467e+02 2.72458e+02 2.71312e+02 2.70800e+02 2.70679e+02
5.00000e+01 1.39904e+02 2.39085e+02 2.68066e+02 2.68084e+02 2.68525e+02 2.70370e+02 2.69947e+02 2.69694e+02 2.70523e+02
5.00000e+01 1.36948e+02 2.33566e+02 2.67563e+02 2.67820e+02 2.65496e+02 2.67983e+02 2.68522e+02 2.68635e+02 2.70399e+02
5.00000e+01 1.34422e+02 2.28341e+02 2.67000e+02 2.67502e+02 2.62562e+02 2.65520e+02 2.67123e+02 2.67693e+02 2.70297e+02
5.00000e+01 1.32233e+02 2.23721e+02 2.66419e+02 2.67158e+02 2.59791e+02 2.63099e+02 2.65786e+02 2.66861e+02 2.70212e+02
5.00000e+01 1.30404e+02 2.19742e+02 2.65854e+02 2.66810e+02 2.57207e+02 2.60780e+02 2.64525e+02 2.66122e+02 2.70139e+02
5.00000e+01 1.28894e+02 2.16346e+02 2.65325e+02 2.66476e+02 2.54813e+02 2.58594e+02 2.63348e+02 2.65459e+02 2.70075e+02
5.00000e+01 1.27641e+02 2.13460e+02 2.64843e+02 2.66166e+02 2.52604e+02 2.56554e+02 2.62257e+02 2.64863e+02 2.70019e+02
5.00000e+01 1.26593e+02 2.11009e+02 2.64412e+02 2.65886e+02 2.50572e+02 2.54662e+02 2.61251e+02 2.64323e+02 2.69970e+02
5.00000e+01 1.25712e+02 2.08925e+02 2.64031e+02 2.65636e+02 2.48706e+02 2.52916e+02 2.60327e+02 2.63835e+02 2.69926e+02
5.00000e+01 1.24967e+02 2.07151e+02 2.63696e+02 2.65415e+02 2.46994e+02 2.51308e+02 2.59480e+02 2.63392e+02 2.69887e+02
5.00000e+01 1.24333e+02 2.05639e+02 2.63403e+02 2.65220e+02 2.45423e+02 2.49832e+02 2.58705e+02 2.62990e+02 2.69853e+02
5.00000e+01 1.23790e+02 2.04345e+02 2.63147e+02 2.65051e+02 2.43984e+02 2.48476e+02 2.57996e+02 2.62625e+02 2.69822e+02
5.00000e+01 1.23325e+02 2.03238e+02 2.62924e+02 2.64903e+02 2.42663e+02 2.47233e+02 2.57348e+02 2.62292e+02 2.69794e+02
5.00000e+01 1.22924e+02 2.02288e+02 2.62731e+02 2.64774e+02 2.41452e+02 2.46092e+02 2.56756e+02 2.61990e+02 2.69769e+02
5.00000e+01 1.22578e+02 2.01470e+02 2.62562e+02 2.64661e+02 2.40340e+02 2.45046e+02 2.56214e+02 2.61714e+02 2.69747e+02
5.00000e+01 1.22277e+02 2.00766e+02 2.62416e+02 2.64564e+02 2.39319e+02 2.44086e+02 2.55719e+02 2.61462e+02 2.69727e+02
5.00000e+01 1.22016e+02 2.00158e+02 2.62289e+02 2.64479e+02 2.38381e+02 2.43205e+02 2.55265e+02 2.61232e+02 2.69708e+02
5.00000e+01 1.21788e+02 1.99632e+02 2.62178e+02 2.64405e+02 2.37518e+02 2.42395e+02 2.54850e+02 2.61021e+02 2.69692e+02
5.00000e+01 1.21589e+02 1.99176e+02 2.62081e+02 2.64340e+02 2.36723e+02 2.41650e+02 2.54468e+02 2.60828e+02 2.69677e+02
5.00000e+01 1.21415e+02 1.98780e+02 2.61997e+02 2.64284e+02 2.35991e+02 2.40964e+02 2.54119e+02 2.60651e+02 2.69663e+02
5.00000e+01 1.21261e+02 1.98435e+02 2.61923e+02 2.64235e+02 2.35316e+02 2.40333e+02 2.53797e+02 2.60489e+02 2.69651e+02
5.00000e+01 1.21126e+02 1.98135e+02 2.61859e+02 2.64192e+02 2.34692e+02 2.39751e+02 2.53502e+02 2.60340e+02 2.69639e+02
5.00000e+01 1.21007e+02 1.97873e+02 2.61803e+02 2.64155e+02 2.34116e+02 2.39213e+02 2.53230e+02 2.60203e+02 2.69629e+02
5.00000e+01 1.20901e+02 1.97644e+02 2.61754e+02 2.64122e+02 2.33583e+02 2.38717e+02 2.52980e+02 2.60077e+02 2.69620e+02
5.00000e+01 1.20808e+02 1.97443e+02 2.61711e+02 2.64093e+02 2.33090e+02 2.38258e+02 2.52749e+02 2.59961e+02 2.69611e+02
5.00000e+01 1.20725e+02 1.97267e+02 2.61673e+02 2.64068e+02 2.32633e+02 2.37834e+02 2.52536e+02 2.59854e+02 2.69603e+02
5.00000e+01 1.20651e+02 1.97112e+02 2.61639e+02 2.64046e+02 2.32209e+02 2.37440e+02 2.52338e+02 2.59755e+02 2.69596e+02
5.00000e+01 1.20585e+02 1.96976e+02 2.61610e+02 2.64026e+02 2.31815e+02 2.37076e+02 2.52156e+02 2.59663e+02 2.69589e+02
5.00000e+01 1.20526e+02 1.96857e+02 2.61584e+02 2.64009e+02 2.31453e+02 2.36740e+02 2.51989e+02 2.59579e+02 2.69583e+02
5.00000e+01 1.20475e+02 1.96753e+02 2.61562e+02 2.63994e+02 2.31126e+02 2.36437e+02 2.51838e+02 2.59503e+02 2.69577e+02
5.00000e+01 1.20429e+02 1.96661e+02 2.61542e+02 2.63981e+02 2.30819e+02 2.36154e+02 2.51697e+02 2.59433e+02 2.69572e+02
5.00000e+01 1.20387e+02 1.96580e+02 2.61524e+02 2.63969e+02 2.30532e+02 2.35889e+02 2.51566e+02 2.59367e+02 2.69567e+02
5.00000e+01 1.20350e+02 1.96507e+02 2.61509e+02 2.63959e+02 2.30264e+02 2.35642e+02 2.51444e+02 2.59305e+02 2.69563e+02
5.00000e+01 1.20315e+02 1.96441e+02 2.61495e+02 2.63950e+02 2.30012e+02 2.35411e+02 2.51330e+02 2.59248e+02 2.69559e+02
