2.70000000e+02
5.00000000e+01
5.00000000e+01
5.00000000e+01
5.00000000e+01
5.00000000e+01
5.00000000e+01
5.00000000e+01
5.00000000e+01
5.00000000e+01
5.00000000e+01
5.00000000e+01
5.00000000e+01
5.00000000e+01
5.00000000e+01
5.00000000e+01
5.00000000e+01
5.00000000e+01
5.00000000e+01
5.00000000e+01
5.00000000e+01
5.00000000e+01
5.00000000e+01
5.00000000e+01
5.00000000e+01
5.00000000e+01
5.00000000e+01
5.00000000e+01
5.00000000e+01
5.00000000e+01
5.00000000e+01
5.00000000e+01
5.00000000e+01
5.00000000e+01
5.00000000e+01
5.00000000e+01
5.00000000e+01
2.70000000e+02
1.50000000e+02
1.43592556e+02
1.39744402e+02
1.36803755e+02
1.34289684e+02
1.32112448e+02
1.30312636e+02
1.28833520e+02
1.27611008e+02
1.26593454e+02
1.25740842e+02
1.25022160e+02
1.24413158e+02
1.23894660e+02
1.23451341e+02
1.23070836e+02
1.22743081e+02
1.22459824e+02
1.22214256e+02
1.22000722e+02
1.21814508e+02
1.21651660e+02
1.21508853e+02
1.21383282e+02
1.21272567e+02
1.21174691e+02
1.21087932e+02
1.21010822e+02
1.20942105e+02
1.20880705e+02
1.20825695e+02
1.20776278e+02
1.20731770e+02
1.20691575e+02
1.20655181e+02
1.20623066e+02
2.70000000e+02
2.50000000e+02
2.44496456e+02
2.39040530e+02
2.33574310e+02
2.28427487e+02
2.23898057e+02
2.20013076e+02
2.16713371e+02
2.13921202e+02
2.11560304e+02
2.09562510e+02
2.07869315e+02
2.06431460e+02
2.05207826e+02
2.04164212e+02
2.03272184e+02
2.02508082e+02
2.01852179e+02
2.01287992e+02
2.00801715e+02
2.00381754e+02
2.00018348e+02
1.99703264e+02
1.99429538e+02
1.99191269e+02
1.98983448e+02
1.98801814e+02
1.98642737e+02
1.98503121e+02
1.98380317e+02
1.98272062e+02
1.98176415e+02
1.98091710e+02
1.98016518e+02
1.97949607e+02
1.97891412e+02
2.68729775e+02
2.68623545e+02
2.68359048e+02
2.67974774e+02
2.67501671e+02
2.66980332e+02
2.66450094e+02
2.65940741e+02
2.65469867e+02
2.65045279e+02
2.64668501e+02
2.64337540e+02
2.64048694e+02
2.63797608e+02
2.63579868e+02
2.63391293e+02
2.63228070e+02
2.63086803e+02
2.62964504e+02
2.62858568e+02
2.62766737e+02
2.62687062e+02
2.62617860e+02
2.62557685e+02
2.62505293e+02
2.62459614e+02
2.62419730e+02
2.62384851e+02
2.62354297e+02
2.62327487e+02
2.62303917e+02
2.62283156e+02
2.62264832e+02
2.62248626e+02
2.62234261e+02
2.62221500e+02
2.62210272e+02
2.68345758e+02
2.68319342e+02
2.68212462e+02
2.68023927e+02
2.67767585e+02
2.67465769e+02
2.67143908e+02
2.66823994e+02
2.66521125e+02
2.66243566e+02
2.65994553e+02
2.65774200e+02
2.65580923e+02
2.65412339e+02
2.65265804e+02
2.65138695e+02
2.65028560e+02
2.64933176e+02
2.64850566e+02
2.64778995e+02
2.64716954e+02
2.64663130e+02
2.64616392e+02
2.64575764e+02
2.64540405e+02
2.64509591e+02
2.64482701e+02
2.64459200e+02
2.64438628e+02
2.64420588e+02
2.64404742e+02
2.64390796e+02
2.64378498e+02
2.64367631e+02
2.64358008e+02
2.64349468e+02
2.64342004e+02
2.73555144e+02
2.73077727e+02
2.71274785e+02
2.68815585e+02
2.66182200e+02
2.63574762e+02
2.61079643e+02
2.58732702e+02
2.56546506e+02
2.54521936e+02
2.52653620e+02
2.50932975e+02
2.49349942e+02
2.47893992e+02
2.46554708e+02
2.45322111e+02
2.44186833e+02
2.43140198e+02
2.42174243e+02
2.41281708e+02
2.40455999e+02
2.39691147e+02
2.38981760e+02
2.38322968e+02
2.37710379e+02
2.37140034e+02
2.36608357e+02
2.36112122e+02
2.35648417e+02
2.35214606e+02
2.34808306e+02
2.34427357e+02
2.34069802e+02
2.33733861e+02
2.33417918e+02
2.33120501e+02
2.32848155e+02
2.73257838e+02
2.72981670e+02
2.71717951e+02
2.69784592e+02
2.67584172e+02
2.65326674e+02
2.63118291e+02
2.61012293e+02
2.59033904e+02
2.57192727e+02
2.55489274e+02
2.53918877e+02
2.52474094e+02
2.51146184e+02
2.49926001e+02
2.48804511e+02
2.47773088e+02
2.46823667e+02
2.45948809e+02
2.45141715e+02
2.44396204e+02
2.43706682e+02
2.43068100e+02
2.42475905e+02
2.41925997e+02
2.41414683e+02
2.40938637e+02
2.40494864e+02
2.40080661e+02
2.39693590e+02
2.39331448e+02
2.38992245e+02
2.38674177e+02
2.38375609e+02
2.38095058e+02
2.37831177e+02
2.37589745e+02
2.72001789e+02
2.71728864e+02
2.70757638e+02
2.69463773e+02
2.68106227e+02
2.66777024e+02
2.65513560e+02
2.64332476e+02
2.63240368e+02
2.62237894e+02
2.61322013e+02
2.60487587e+02
2.59728475e+02
2.59038227e+02
2.58410489e+02
2.57839233e+02
2.57318875e+02
2.56844309e+02
2.56410920e+02
2.56014554e+02
2.55651494e+02
2.55318418e+02
2.55012361e+02
2.54730684e+02
2.54471030e+02
2.54231300e+02
2.54009621e+02
2.53804322e+02
2.53613907e+02
2.53437041e+02
2.53272525e+02
2.53119286e+02
2.52976361e+02
2.52842881e+02
2.52718068e+02
2.52601216e+02
2.52494124e+02
2.71464506e+02
2.71264374e+02
2.70465609e+02
2.69413237e+02
2.68401361e+02
2.67501597e+02
2.66710717e+02
2.66012470e+02
2.65392506e+02
2.64839839e+02
2.64345760e+02
2.63903044e+02
2.63505535e+02
2.63147915e+02
2.62825558e+02
2.62534428e+02
2.62270991e+02
2.62032155e+02
2.61815208e+02
2.61617769e+02
2.61437743e+02
2.61273288e+02
2.61122781e+02
2.60984790e+02
2.60858047e+02
2.60741432e+02
2.60633952e+02
2.60534727e+02
2.60442971e+02
2.60357988e+02
2.60279156e+02
2.60205920e+02
2.60137783e+02
2.60074301e+02
2.60015076e+02
2.59959748e+02
2.59909098e+02
2.70917856e+02
2.70831808e+02
2.70662046e+02
2.70514020e+02
2.70396061e+02
2.70300035e+02
2.70219696e+02
2.70151108e+02
2.70091853e+02
2.70040271e+02
2.69995117e+02
2.69955409e+02
2.69920352e+02
2.69889291e+02
2.69861680e+02
2.69837060e+02
2.69815042e+02
2.69795296e+02
2.69777539e+02
2.69761528e+02
2.69747056e+02
2.69733941e+02
2.69722029e+02
2.69711184e+02
2.69701288e+02
2.69692237e+02
2.69683943e+02
2.69676327e+02
2.69669318e+02
2.69662857e+02
2.69656888e+02
2.69651365e+02
2.69646246e+02
2.69641493e+02
2.69637072e+02
2.69632955e+02
2.69629192e+02
