2.70000e+02 2.70000e+02 2.70000e+02 2.68760e+02 2.68348e+02 2.69545e+02 2.69688e+02 2.70395e+02 2.70655e+02 2.70870e+02
2.70000e+02 2.70000e+02 2.70000e+02 2.68760e+02 2.68348e+02 2.69545e+02 2.69688e+02 2.70395e+02 2.70655e+02 2.70870e+02
5.00000e+01 1.50000e+02 2.50000e+02 2.68658e+02 2.68324e+02 2.69124e+02 2.69297e+02 2.70181e+02 2.70487e+02 2.70782e+02
5.00000e+01 1.43740e+02 2.44440e+02 2.68393e+02 2.68223e+02 2.67442e+02 2.67717e+02 2.69229e+02 2.69711e+02 2.70608e+02
5.00000e+01 1.39899e+02 2.38900e+02 2.67994e+02 2.68036e+02 2.65030e+02 2.65463e+02 2.67925e+02 2.68675e+02 2.70457e+02
5.00000e+01 1.36938e+02 2.33327e+02 2.67488e+02 2.67772e+02 2.62359e+02 2.62993e+02 2.66537e+02 2.67673e+02 2.70337e+02
5.00000e+01 1.34418e+02 2.28074e+02 2.66920e+02 2.67453e+02 2.59657e+02 2.60518e+02 2.65166e+02 2.66775e+02 2.70238e+02
5.00000e+01 1.32256e+02 2.23447e+02 2.66334e+02 2.67107e+02 2.57035e+02 2.58134e+02 2.63856e+02 2.65979e+02 2.70155e+02
5.00000e+01 1.30439e+02 2.19473e+02 2.65765e+02 2.66758e+02 2.54550e+02 2.55884e+02 2.62625e+02 2.65270e+02 2.70084e+02
5.00000e+01 1.28938e+02 2.16090e+02 2.65235e+02 2.66424e+02 2.52227e+02 2.53787e+02 2.61483e+02 2.64634e+02 2.70022e+02
5.00000e+01 1.27692e+02 2.13218e+02 2.64754e+02 2.66115e+02 2.50075e+02 2.51848e+02 2.60430e+02 2.64062e+02 2.69968e+02
5.00000e+01 1.26652e+02 2.10783e+02 2.64325e+02 2.65836e+02 2.48091e+02 2.50064e+02 2.59465e+02 2.63547e+02 2.69921e+02
5.00000e+01 1.25777e+02 2.08714e+02 2.63945e+02 2.65587e+02 2.46269e+02 2.48428e+02 2.58583e+02 2.63081e+02 2.69879e+02
5.00000e+01 1.25038e+02 2.06955e+02 2.63612e+02 2.65368e+02 2.44600e+02 2.46930e+02 2.57778e+02 2.62660e+02 2.69842e+02
5.00000e+01 1.24410e+02 2.05456e+02 2.63322e+02 2.65176e+02 2.43072e+02 2.45560e+02 2.57044e+02 2.62278e+02 2.69809e+02
5.00000e+01 1.23874e+02 2.04176e+02 2.63069e+02 2.65008e+02 2.41675e+02 2.44307e+02 2.56375e+02 2.61931e+02 2.69779e+02
5.00000e+01 1.23414e+02 2.03081e+02 2.62850e+02 2.64862e+02 2.40396e+02 2.43161e+02 2.55765e+02 2.61616e+02 2.69753e+02
5.00000e+01 1.23019e+02 2.02142e+02 2.62659e+02 2.64736e+02 2.39226e+02 2.42113e+02 2.55208e+02 2.61329e+02 2.69729e+02
5.00000e+01 1.22678e+02 2.01336e+02 2.62494e+02 2.64626e+02 2.38155e+02 2.41153e+02 2.54699e+02 2.61067e+02 2.69708e+02
5.00000e+01 1.22383e+02 2.00642e+02 2.62350e+02 2.64530e+02 2.37174e+02 2.40274e+02 2.54234e+02 2.60828e+02 2.69689e+02
5.00000e+01 1.22127e+02 2.00044e+02 2.62226e+02 2.64447e+02 2.36274e+02 2.39467e+02 2.53808e+02 2.60609e+02 2.69672e+02
5.00000e+01 1.21904e+02 1.99527e+02 2.62117e+02 2.64375e+02 2.35448e+02 2.38726e+02 2.53417e+02 2.60408e+02 2.69656e+02
5.00000e+01 1.21710e+02 1.99081e+02 2.62023e+02 2.64312e+02 2.34688e+02 2.38045e+02 2.53059e+02 2.60224e+02 2.69642e+02
5.00000e+01 1.21540e+02 1.98693e+02 2.61942e+02 2.64258e+02 2.33990e+02 2.37419e+02 2.52729e+02 2.60055e+02 2.69629e+02
5.00000e+01 1.21391e+02 1.98357e+02 2.61870e+02 2.64211e+02 2.33346e+02 2.36842e+02 2.52426e+02 2.59899e+02 2.69618e+02
5.00000e+01 1.21260e+02 1.98065e+02 2.61808e+02 2.64169e+02 2.32753e+02 2.36309e+02 2.52147e+02 2.59756e+02 2.69607e+02
5.00000e+01 1.21145e+02 1.97810e+02 2.61754e+02 2.64133e+02 2.32206e+02 2.35818e+02 2.51890e+02 2.59623e+02 2.69597e+02
5.00000e+01 1.21043e+02 1.97588e+02 2.61707e+02 2.64102e+02 2.31700e+02 2.35364e+02 2.51652e+02 2.59501e+02 2.69588e+02
5.00000e+01 1.20953e+02 1.97394e+02 2.61666e+02 2.64074e+02 2.31232e+02 2.34943e+02 2.51432e+02 2.59388e+02 2.69580e+02
5.00000e+01 1.20873e+02 1.97224e+02 2.61629e+02 2.64050e+02 2.30798e+02 2.34554e+02 2.51229e+02 2.59283e+02 2.69572e+02
5.00000e+01 1.20804e+02 1.97079e+02 2.61598e+02 2.64030e+02 2.30411e+02 2.34206e+02 2.51047e+02 2.59189e+02 2.69566e+02
5.00000e+01 1.20743e+02 1.96951e+02 2.61571e+02 2.64011e+02 2.30050e+02 2.33881e+02 2.50878e+02 2.59102e+02 2.69560e+02
5.00000e+01 1.20688e+02 1.96838e+02 2.61547e+02 2.63995e+02 2.29713e+02 2.33579e+02 2.50721e+02 2.59021e+02 2.69554e+02
5.00000e+01 1.20638e+02 1.96738e+02 2.61525e+02 2.63981e+02 2.29399e+02 2.33296e+02 2.50574e+02 2.58945e+02 2.69549e+02
5.00000e+01 1.20594e+02 1.96650e+02 2.61507e+02 2.63969e+02 2.29106e+02 2.33033e+02 2.50437e+02 2.58875e+02 2.69544e+02
5.00000e+01 1.20553e+02 1.96571e+02 2.61490e+02 2.63958e+02 2.28833e+02 2.32787e+02 2.50310e+02 2.58809e+02 2.69539e+02
5.00000e+01 1.20517e+02 1.96501e+02 2.61475e+02 2.63948e+02 2.28578e+02 2.32557e+02 2.50191e+02 2.58747e+02 2.69535e+02
5.00000e+01 1.20484e+02 1.96438e+02 2.61462e+02 2.63939e+02 2.28339e+02 2.32342e+02 2.50079e+02 2.58690e+02 2.69531e+02
