2.70000e+02 2.70000e+02 2.70000e+02 2.68662e+02 2.68270e+02 2.69405e+02 2.69664e+02 2.70780e+02 2.71149e+02 2.70885e+02
2.70000e+02 2.70000e+02 2.70000e+02 2.68662e+02 2.68270e+02 2.69405e+02 2.69664e+02 2.70780e+02 2.71149e+02 2.70885e+02
5.00000e+01 1.50000e+02 2.50000e+02 2.68562e+02 2.68249e+02 2.69130e+02 2.69397e+02 2.70597e+02 2.70724e+02 2.70800e+02
5.00000e+01 1.43741e+02 2.44414e+02 2.68304e+02 2.68155e+02 2.67669e+02 2.68021e+02 2.69832e+02 2.69510e+02 2.70630e+02
5.00000e+01 1.39895e+02 2.38866e+02 2.67924e+02 2.67984e+02 2.65549e+02 2.66038e+02 2.68680e+02 2.68169e+02 2.70480e+02
5.00000e+01 1.36926e+02 2.33290e+02 2.67453e+02 2.67746e+02 2.63190e+02 2.63857e+02 2.67386e+02 2.66973e+02 2.70361e+02
5.00000e+01 1.34401e+02 2.28040e+02 2.66936e+02 2.67463e+02 2.60784e+02 2.61651e+02 2.66069e+02 2.65941e+02 2.70264e+02
5.00000e+01 1.32232e+02 2.23421e+02 2.66411e+02 2.67161e+02 2.58425e+02 2.59501e+02 2.64788e+02 2.65046e+02 2.70184e+02
5.00000e+01 1.30412e+02 2.19461e+02 2.65911e+02 2.66860e+02 2.56166e+02 2.57448e+02 2.63571e+02 2.64260e+02 2.70115e+02
5.00000e+01 1.28911e+02 2.16096e+02 2.65450e+02 2.66576e+02 2.54030e+02 2.55512e+02 2.62429e+02 2.63563e+02 2.70056e+02
5.00000e+01 1.27667e+02 2.13247e+02 2.65037e+02 2.66317e+02 2.52030e+02 2.53699e+02 2.61368e+02 2.62940e+02 2.70005e+02
5.00000e+01 1.26630e+02 2.10836e+02 2.64671e+02 2.66084e+02 2.50166e+02 2.52011e+02 2.60387e+02 2.62381e+02 2.69961e+02
5.00000e+01 1.25760e+02 2.08796e+02 2.64351e+02 2.65879e+02 2.48435e+02 2.50446e+02 2.59483e+02 2.61876e+02 2.69921e+02
5.00000e+01 1.25026e+02 2.07065e+02 2.64072e+02 2.65700e+02 2.46832e+02 2.48996e+02 2.58651e+02 2.61419e+02 2.69886e+02
5.00000e+01 1.24403e+02 2.05595e+02 2.63830e+02 2.65543e+02 2.45349e+02 2.47655e+02 2.57887e+02 2.61004e+02 2.69855e+02
5.00000e+01 1.23873e+02 2.04344e+02 2.63621e+02 2.65408e+02 2.43978e+02 2.46416e+02 2.57184e+02 2.60626e+02 2.69828e+02
5.00000e+01 1.23419e+02 2.03277e+02 2.63440e+02 2.65290e+02 2.42711e+02 2.45270e+02 2.56539e+02 2.60280e+02 2.69803e+02
5.00000e+01 1.23029e+02 2.02365e+02 2.63283e+02 2.65188e+02 2.41539e+02 2.44211e+02 2.55945e+02 2.59964e+02 2.69781e+02
5.00000e+01 1.22694e+02 2.01584e+02 2.63148e+02 2.65100e+02 2.40456e+02 2.43232e+02 2.55398e+02 2.59673e+02 2.69761e+02
5.00000e+01 1.22404e+02 2.00914e+02 2.63031e+02 2.65024e+02 2.39453e+02 2.42326e+02 2.54894e+02 2.59406e+02 2.69743e+02
5.00000e+01 1.22152e+02 2.00337e+02 2.62929e+02 2.64958e+02 2.38524e+02 2.41487e+02 2.54429e+02 2.59160e+02 2.69727e+02
5.00000e+01 1.21933e+02 1.99840e+02 2.62842e+02 2.64901e+02 2.37664e+02 2.40709e+02 2.54000e+02 2.58933e+02 2.69712e+02
5.00000e+01 1.21743e+02 1.99412e+02 2.62766e+02 2.64852e+02 2.36866e+02 2.39988e+02 2.53603e+02 2.58724e+02 2.69698e+02
5.00000e+01 1.21576e+02 1.99041e+02 2.62700e+02 2.64809e+02 2.36125e+02 2.39319e+02 2.53236e+02 2.58529e+02 2.69686e+02
5.00000e+01 1.21429e+02 1.98720e+02 2.62642e+02 2.64772e+02 2.35437e+02 2.38697e+02 2.52896e+02 2.58349e+02 2.69675e+02
5.00000e+01 1.21301e+02 1.98440e+02 2.62593e+02 2.64740e+02 2.34798e+02 2.38119e+02 2.52581e+02 2.58182e+02 2.69664e+02
5.00000e+01 1.21187e+02 1.98197e+02 2.62549e+02 2.64711e+02 2.34203e+02 2.37581e+02 2.52288e+02 2.58027e+02 2.69655e+02
5.00000e+01 1.21087e+02 1.97986e+02 2.62511e+02 2.64687e+02 2.33649e+02 2.37080e+02 2.52016e+02 2.57883e+02 2.69646e+02
5.00000e+01 1.20998e+02 1.97801e+02 2.62478e+02 2.64665e+02 2.33132e+02 2.36613e+02 2.51763e+02 2.57748e+02 2.69638e+02
5.00000e+01 1.20918e+02 1.97639e+02 2.62449e+02 2.64647e+02 2.32650e+02 2.36177e+02 2.51527e+02 2.57623e+02 2.69630e+02
5.00000e+01 1.20848e+02 1.97496e+02 2.62424e+02 2.64630e+02 2.32201e+02 2.35770e+02 2.51308e+02 2.57506e+02 2.69624e+02
5.00000e+01 1.20785e+02 1.97371e+02 2.62401e+02 2.64616e+02 2.31781e+02 2.35390e+02 2.51103e+02 2.57397e+02 2.69617e+02
5.00000e+01 1.20729e+02 1.97262e+02 2.62382e+02 2.64603e+02 2.31391e+02 2.35038e+02 2.50914e+02 2.57296e+02 2.69611e+02
5.00000e+01 1.20679e+02 1.97166e+02 2.62365e+02 2.64592e+02 2.31034e+02 2.34715e+02 2.50739e+02 2.57201e+02 2.69606e+02
5.00000e+01 1.20635e+02 1.97082e+02 2.62350e+02 2.64582e+02 2.30701e+02 2.34414e+02 2.50576e+02 2.57114e+02 2.69601e+02
5.00000e+01 1.20594e+02 1.97007e+02 2.62336e+02 2.64574e+02 2.30389e+02 2.34131e+02 2.50424e+02 2.57032e+02 2.69596e+02
5.00000e+01 1.20558e+02 1.96940e+02 2.62324e+02 2.64566e+02 2.30095e+02 2.33865e+02 2.50282e+02 2.56956e+02 2.69592e+02
5.00000e+01 1.20524e+02 1.96880e+02 2.62314e+02 2.64559e+02 2.29818e+02 2.33614e+02 2.50148e+02 2.56884e+02 2.69588e+02
