2.70000e+02 2.70000e+02 2.70000e+02 2.68663e+02 2.68287e+02 2.67783e+02 2.68268e+02 2.70309e+02 2.70751e+02 2.70864e+02
2.70000e+02 2.70000e+02 2.70000e+02 2.68663e+02 2.68287e+02 2.67783e+02 2.68268e+02 2.70309e+02 2.70751e+02 2.70864e+02
5.00000e+01 1.50000e+02 2.50000e+02 2.68584e+02 2.68269e+02 2.67616e+02 2.68100e+02 2.70023e+02 2.70536e+02 2.70766e+02
5.00000e+01 1.43756e+02 2.44398e+02 2.68353e+02 2.68183e+02 2.66080e+02 2.66692e+02 2.69036e+02 2.69701e+02 2.70570e+02
5.00000e+01 1.39952e+02 2.38858e+02 2.67999e+02 2.68017e+02 2.63753e+02 2.64558e+02 2.67709e+02 2.68598e+02 2.70396e+02
5.00000e+01 1.37020e+02 2.33304e+02 2.67553e+02 2.67783e+02 2.61135e+02 2.62165e+02 2.66305e+02 2.67534e+02 2.70256e+02
5.00000e+01 1.34515e+02 2.28058e+02 2.67056e+02 2.67502e+02 2.58459e+02 2.59727e+02 2.64922e+02 2.66584e+02 2.70141e+02
5.00000e+01 1.32355e+02 2.23415e+02 2.66546e+02 2.67200e+02 2.55842e+02 2.57348e+02 2.63601e+02 2.65747e+02 2.70044e+02
5.00000e+01 1.30532e+02 2.19410e+02 2.66054e+02 2.66897e+02 2.53341e+02 2.55079e+02 2.62361e+02 2.65005e+02 2.69962e+02
5.00000e+01 1.29021e+02 2.15986e+02 2.65597e+02 2.66608e+02 2.50985e+02 2.52945e+02 2.61209e+02 2.64344e+02 2.69890e+02
5.00000e+01 1.27762e+02 2.13070e+02 2.65183e+02 2.66342e+02 2.48786e+02 2.50956e+02 2.60145e+02 2.63751e+02 2.69828e+02
5.00000e+01 1.26708e+02 2.10588e+02 2.64815e+02 2.66103e+02 2.46747e+02 2.49114e+02 2.59168e+02 2.63219e+02 2.69773e+02
5.00000e+01 1.25819e+02 2.08475e+02 2.64490e+02 2.65890e+02 2.44864e+02 2.47416e+02 2.58273e+02 2.62739e+02 2.69725e+02
5.00000e+01 1.25066e+02 2.06675e+02 2.64206e+02 2.65704e+02 2.43130e+02 2.45854e+02 2.57455e+02 2.62306e+02 2.69682e+02
5.00000e+01 1.24424e+02 2.05138e+02 2.63959e+02 2.65540e+02 2.41537e+02 2.44419e+02 2.56708e+02 2.61915e+02 2.69643e+02
5.00000e+01 1.23875e+02 2.03824e+02 2.63744e+02 2.65398e+02 2.40074e+02 2.43104e+02 2.56026e+02 2.61559e+02 2.69609e+02
5.00000e+01 1.23404e+02 2.02698e+02 2.63557e+02 2.65274e+02 2.38733e+02 2.41899e+02 2.55404e+02 2.61237e+02 2.69579e+02
5.00000e+01 1.22997e+02 2.01733e+02 2.63395e+02 2.65167e+02 2.37503e+02 2.40794e+02 2.54836e+02 2.60944e+02 2.69552e+02
5.00000e+01 1.22646e+02 2.00902e+02 2.63255e+02 2.65073e+02 2.36376e+02 2.39782e+02 2.54317e+02 2.60678e+02 2.69527e+02
5.00000e+01 1.22342e+02 2.00187e+02 2.63133e+02 2.64992e+02 2.35342e+02 2.38855e+02 2.53843e+02 2.60435e+02 2.69505e+02
5.00000e+01 1.22078e+02 1.99571e+02 2.63028e+02 2.64922e+02 2.34394e+02 2.38005e+02 2.53410e+02 2.60213e+02 2.69485e+02
5.00000e+01 1.21848e+02 1.99038e+02 2.62936e+02 2.64861e+02 2.33525e+02 2.37226e+02 2.53014e+02 2.60011e+02 2.69467e+02
5.00000e+01 1.21647e+02 1.98577e+02 2.62856e+02 2.64809e+02 2.32727e+02 2.36510e+02 2.52651e+02 2.59826e+02 2.69451e+02
5.00000e+01 1.21470e+02 1.98177e+02 2.62787e+02 2.64763e+02 2.31995e+02 2.35854e+02 2.52318e+02 2.59657e+02 2.69436e+02
5.00000e+01 1.21316e+02 1.97829e+02 2.62727e+02 2.64723e+02 2.31322e+02 2.35250e+02 2.52013e+02 2.59502e+02 2.69423e+02
5.00000e+01 1.21180e+02 1.97527e+02 2.62674e+02 2.64688e+02 2.30703e+02 2.34696e+02 2.51734e+02 2.59360e+02 2.69411e+02
5.00000e+01 1.21062e+02 1.97266e+02 2.62629e+02 2.64657e+02 2.30138e+02 2.34190e+02 2.51479e+02 2.59230e+02 2.69400e+02
5.00000e+01 1.20959e+02 1.97041e+02 2.62589e+02 2.64631e+02 2.29629e+02 2.33734e+02 2.51250e+02 2.59114e+02 2.69390e+02
5.00000e+01 1.20868e+02 1.96845e+02 2.62555e+02 2.64608e+02 2.29159e+02 2.33313e+02 2.51038e+02 2.59007e+02 2.69381e+02
5.00000e+01 1.20787e+02 1.96672e+02 2.62525e+02 2.64588e+02 2.28725e+02 2.32924e+02 2.50843e+02 2.58908e+02 2.69373e+02
5.00000e+01 1.20714e+02 1.96520e+02 2.62498e+02 2.64571e+02 2.28325e+02 2.32565e+02 2.50663e+02 2.58816e+02 2.69365e+02
5.00000e+01 1.20650e+02 1.96386e+02 2.62475e+02 2.64555e+02 2.27954e+02 2.32232e+02 2.50497e+02 2.58732e+02 2.69358e+02
5.00000e+01 1.20592e+02 1.96267e+02 2.62454e+02 2.64542e+02 2.27611e+02 2.31925e+02 2.50343e+02 2.58654e+02 2.69352e+02
5.00000e+01 1.20540e+02 1.96162e+02 2.62436e+02 2.64530e+02 2.27294e+02 2.31641e+02 2.50201e+02 2.58582e+02 2.69346e+02
5.00000e+01 1.20493e+02 1.96069e+02 2.62420e+02 2.64519e+02 2.27001e+02 2.31378e+02 2.50070e+02 2.58516e+02 2.69340e+02
5.00000e+01 1.20452e+02 1.95987e+02 2.62405e+02 2.64510e+02 2.26728e+02 2.31134e+02 2.49948e+02 2.58454e+02 2.69335e+02
5.00000e+01 1.20414e+02 1.95913e+02 2.62393e+02 2.64501e+02 2.26476e+02 2.30908e+02 2.49836e+02 2.58397e+02 2.69331e+02
5.00000e+01 1.20380e+02 1.95848e+02 2.62381e+02 2.64494e+02 2.26243e+02 2.30698e+02 2.49732e+02 2.58344e+02 2.69327e+02
