2.70000000e+02
5.00000000e+01
5.00000000e+01
5.00000000e+01
5.00000000e+01
5.00000000e+01
5.00000000e+01
5.00000000e+01
5.00000000e+01
5.00000000e+01
5.00000000e+01
5.00000000e+01
5.00000000e+01
5.00000000e+01
5.00000000e+01
5.00000000e+01
5.00000000e+01
5.00000000e+01
5.00000000e+01
5.00000000e+01
5.00000000e+01
5.00000000e+01
5.00000000e+01
5.00000000e+01
5.00000000e+01
5.00000000e+01
5.00000000e+01
5.00000000e+01
5.00000000e+01
5.00000000e+01
5.00000000e+01
5.00000000e+01
5.00000000e+01
5.00000000e+01
5.00000000e+01
5.00000000e+01
5.00000000e+01
2.70000000e+02
1.50000000e+02
1.43404402e+02
1.39502341e+02
1.36515076e+02
1.33905465e+02
1.31670304e+02
1.29833591e+02
1.28322826e+02
1.27071329e+02
1.26026861e+02
1.25149310e+02
1.24407696e+02
1.23777802e+02
1.23240460e+02
1.22780312e+02
1.22384924e+02
1.22044138e+02
1.21749588e+02
1.21494340e+02
1.21272609e+02
1.21079547e+02
1.20911073e+02
1.20763737e+02
1.20634614e+02
1.20521217e+02
1.20423721e+02
1.20338070e+02
1.20262038e+02
1.20194455e+02
1.20134272e+02
1.20080579e+02
1.20032579e+02
1.19989585e+02
1.19950994e+02
1.19916285e+02
1.19885003e+02
2.70000000e+02
2.50000000e+02
2.44409723e+02
2.38838780e+02
2.33214421e+02
2.27898329e+02
2.23194258e+02
2.19133210e+02
2.15661867e+02
2.12706109e+02
2.10191795e+02
2.08051919e+02
2.06228448e+02
2.04672104e+02
2.03341421e+02
2.02201632e+02
2.01223611e+02
2.00382940e+02
1.99659115e+02
1.99034882e+02
1.98495689e+02
1.98029240e+02
1.97625115e+02
1.97274471e+02
1.96969786e+02
1.96704650e+02
1.96478483e+02
1.96281920e+02
1.96109434e+02
1.95957861e+02
1.95824468e+02
1.95706893e+02
1.95603097e+02
1.95511318e+02
1.95430030e+02
1.95357911e+02
1.95293816e+02
2.68751913e+02
2.68670054e+02
2.68432496e+02
2.68062841e+02
2.67590138e+02
2.67055368e+02
2.66500017e+02
2.65957045e+02
2.65447465e+02
2.64982029e+02
2.64564442e+02
2.64194159e+02
2.63868342e+02
2.63583091e+02
2.63334166e+02
2.63117386e+02
2.62928829e+02
2.62764929e+02
2.62622496e+02
2.62498715e+02
2.62391113e+02
2.62297537e+02
2.62216110e+02
2.62145209e+02
2.62083422e+02
2.62029533e+02
2.61982924e+02
2.61942606e+02
2.61907383e+02
2.61876476e+02
2.61849293e+02
2.61825342e+02
2.61804206e+02
2.61785524e+02
2.61768987e+02
2.61754325e+02
2.61741304e+02
2.68346043e+02
2.68326942e+02
2.68236825e+02
2.68063139e+02
2.67815042e+02
2.67513274e+02
2.67183403e+02
2.66848770e+02
2.66526448e+02
2.66226708e+02
2.65954444e+02
2.65710970e+02
2.65495483e+02
2.65306063e+02
2.65140302e+02
2.64995664e+02
2.64869688e+02
2.64760083e+02
2.64664775e+02
2.64581916e+02
2.64509873e+02
2.64447215e+02
2.64392696e+02
2.64345230e+02
2.64303876e+02
2.64267817e+02
2.64236813e+02
2.64209774e+02
2.64186171e+02
2.64165500e+02
2.64147342e+02
2.64131358e+02
2.64117263e+02
2.64104815e+02
2.64093804e+02
2.64084049e+02
2.64075393e+02
2.67438065e+02
2.66991601e+02
2.65154918e+02
2.62694169e+02
2.60101673e+02
2.57569104e+02
2.55172594e+02
2.52940464e+02
2.50880072e+02
2.48988389e+02
2.47257141e+02
2.45675599e+02
2.44232108e+02
2.42914949e+02
2.41712813e+02
2.40615057e+02
2.39611822e+02
2.38694075e+02
2.37853605e+02
2.37082984e+02
2.36375517e+02
2.35725186e+02
2.35126586e+02
2.34574872e+02
2.34065697e+02
2.33595162e+02
2.33168363e+02
2.32775641e+02
2.32410816e+02
2.32071403e+02
2.31755229e+02
2.31460356e+02
2.31185035e+02
2.30927688e+02
2.30686887e+02
2.30461336e+02
2.30249859e+02
2.68076599e+02
2.67876781e+02
2.66759818e+02
2.64981344e+02
2.62926358e+02
2.60804069e+02
2.58721849e+02
2.56734782e+02
2.54870113e+02
2.53139046e+02
2.51543235e+02
2.50078746e+02
2.48738540e+02
2.47514039e+02
2.46396089e+02
2.45375552e+02
2.44443644e+02
2.43592124e+02
2.42813378e+02
2.42100446e+02
2.41447011e+02
2.40847367e+02
2.40296380e+02
2.39789433e+02
2.39322386e+02
2.38891525e+02
2.38501988e+02
2.38143688e+02
2.37811233e+02
2.37502363e+02
2.37215050e+02
2.36947474e+02
2.36697991e+02
2.36465117e+02
2.36247508e+02
2.36043945e+02
2.35853325e+02
2.70165443e+02
2.69906308e+02
2.68985828e+02
2.67757625e+02
2.66466648e+02
2.65199522e+02
2.63991496e+02
2.62859234e+02
2.61810366e+02
2.60846737e+02
2.59966416e+02
2.59165195e+02
2.58437650e+02
2.57777844e+02
2.57179773e+02
2.56637634e+02
2.56145966e+02
2.55699731e+02
2.55294333e+02
2.54925613e+02
2.54589831e+02
2.54283637e+02
2.54004034e+02
2.53748349e+02
2.53514199e+02
2.53299457e+02
2.53106272e+02
2.52929531e+02
2.52766420e+02
2.52615683e+02
2.52476193e+02
2.52346942e+02
2.52227023e+02
2.52115618e+02
2.52011995e+02
2.51915492e+02
2.51825513e+02
2.70666106e+02
2.70476036e+02
2.69712980e+02
2.68701737e+02
2.67724635e+02
2.66852833e+02
2.66084620e+02
2.65405218e+02
2.64801474e+02
2.64263152e+02
2.63782039e+02
2.63351286e+02
2.62965019e+02
2.62618133e+02
2.62306156e+02
2.62025157e+02
2.61771678e+02
2.61542671e+02
2.61335449e+02
2.61147645e+02
2.60977167e+02
2.60822171e+02
2.60681027e+02
2.60552292e+02
2.60434691e+02
2.60327093e+02
2.60230506e+02
2.60142257e+02
2.60060993e+02
2.59986062e+02
2.59916868e+02
2.59852880e+02
2.59793622e+02
2.59738672e+02
2.59687647e+02
2.59640206e+02
2.59596043e+02
2.70860950e+02
2.70778937e+02
2.70616667e+02
2.70474555e+02
2.70360830e+02
2.70268017e+02
2.70190209e+02
2.70123752e+02
2.70066366e+02
2.70016462e+02
2.69972841e+02
2.69934556e+02
2.69900840e+02
2.69871057e+02
2.69844673e+02
2.69821240e+02
2.69800376e+02
2.69781753e+02
2.69765092e+02
2.69750152e+02
2.69736725e+02
2.69724633e+02
2.69713718e+02
2.69703847e+02
2.69694900e+02
2.69686776e+02
2.69679529e+02
2.69672957e+02
2.69666942e+02
2.69661428e+02
2.69656363e+02
2.69651704e+02
2.69647409e+02
2.69643446e+02
2.69639781e+02
2.69636388e+02
2.69633241e+02
