2.70000e+02 2.70000e+02 2.70000e+02 2.68739e+02 2.68358e+02 2.67377e+02 2.67802e+02 2.69723e+02 2.70341e+02 2.70845e+02
2.70000e+02 2.70000e+02 2.70000e+02 2.68739e+02 2.68358e+02 2.67377e+02 2.67802e+02 2.69723e+02 2.70341e+02 2.70845e+02
5.00000e+01 1.50000e+02 2.50000e+02 2.68659e+02 2.68338e+02 2.67108e+02 2.67576e+02 2.69501e+02 2.70177e+02 2.70763e+02
5.00000e+01 1.43468e+02 2.44402e+02 2.68425e+02 2.68245e+02 2.65619e+02 2.66278e+02 2.68606e+02 2.69437e+02 2.70599e+02
5.00000e+01 1.39589e+02 2.38822e+02 2.68060e+02 2.68066e+02 2.63453e+02 2.64349e+02 2.67394e+02 2.68450e+02 2.70456e+02
5.00000e+01 1.36615e+02 2.33188e+02 2.67592e+02 2.67812e+02 2.61065e+02 2.62207e+02 2.66115e+02 2.67498e+02 2.70342e+02
5.00000e+01 1.34044e+02 2.27864e+02 2.67062e+02 2.67503e+02 2.58657e+02 2.60039e+02 2.64858e+02 2.66649e+02 2.70249e+02
5.00000e+01 1.31825e+02 2.23157e+02 2.66512e+02 2.67167e+02 2.56326e+02 2.57935e+02 2.63660e+02 2.65900e+02 2.70171e+02
5.00000e+01 1.29997e+02 2.19100e+02 2.65976e+02 2.66827e+02 2.54115e+02 2.55936e+02 2.62537e+02 2.65235e+02 2.70104e+02
5.00000e+01 1.28492e+02 2.15636e+02 2.65475e+02 2.66502e+02 2.52043e+02 2.54061e+02 2.61495e+02 2.64641e+02 2.70047e+02
5.00000e+01 1.27245e+02 2.12690e+02 2.65017e+02 2.66200e+02 2.50117e+02 2.52317e+02 2.60535e+02 2.64108e+02 2.69996e+02
5.00000e+01 1.26205e+02 2.10187e+02 2.64608e+02 2.65927e+02 2.48335e+02 2.50703e+02 2.59655e+02 2.63629e+02 2.69952e+02
5.00000e+01 1.25331e+02 2.08060e+02 2.64246e+02 2.65683e+02 2.46690e+02 2.49215e+02 2.58849e+02 2.63197e+02 2.69913e+02
5.00000e+01 1.24592e+02 2.06250e+02 2.63928e+02 2.65468e+02 2.45175e+02 2.47845e+02 2.58113e+02 2.62806e+02 2.69879e+02
5.00000e+01 1.23965e+02 2.04707e+02 2.63650e+02 2.65280e+02 2.43782e+02 2.46584e+02 2.57440e+02 2.62452e+02 2.69848e+02
5.00000e+01 1.23430e+02 2.03389e+02 2.63408e+02 2.65115e+02 2.42500e+02 2.45426e+02 2.56825e+02 2.62130e+02 2.69821e+02
5.00000e+01 1.22971e+02 2.02261e+02 2.63198e+02 2.64971e+02 2.41320e+02 2.44361e+02 2.56264e+02 2.61838e+02 2.69796e+02
5.00000e+01 1.22578e+02 2.01294e+02 2.63015e+02 2.64846e+02 2.40235e+02 2.43381e+02 2.55750e+02 2.61571e+02 2.69775e+02
5.00000e+01 1.22238e+02 2.00464e+02 2.62856e+02 2.64738e+02 2.39235e+02 2.42478e+02 2.55279e+02 2.61328e+02 2.69755e+02
5.00000e+01 1.21944e+02 1.99749e+02 2.62718e+02 2.64644e+02 2.38313e+02 2.41647e+02 2.54847e+02 2.61105e+02 2.69737e+02
5.00000e+01 1.21689e+02 1.99134e+02 2.62598e+02 2.64562e+02 2.37463e+02 2.40880e+02 2.54450e+02 2.60901e+02 2.69721e+02
5.00000e+01 1.21467e+02 1.98602e+02 2.62494e+02 2.64491e+02 2.36677e+02 2.40172e+02 2.54085e+02 2.60713e+02 2.69706e+02
5.00000e+01 1.21274e+02 1.98142e+02 2.62404e+02 2.64429e+02 2.35951e+02 2.39518e+02 2.53748e+02 2.60540e+02 2.69693e+02
5.00000e+01 1.21105e+02 1.97744e+02 2.62325e+02 2.64375e+02 2.35278e+02 2.38912e+02 2.53438e+02 2.60381e+02 2.69681e+02
5.00000e+01 1.20956e+02 1.97398e+02 2.62256e+02 2.64328e+02 2.34655e+02 2.38350e+02 2.53152e+02 2.60234e+02 2.69670e+02
5.00000e+01 1.20826e+02 1.97097e+02 2.62196e+02 2.64287e+02 2.34076e+02 2.37829e+02 2.52886e+02 2.60099e+02 2.69660e+02
5.00000e+01 1.20711e+02 1.96836e+02 2.62144e+02 2.64251e+02 2.33539e+02 2.37345e+02 2.52641e+02 2.59973e+02 2.69651e+02
5.00000e+01 1.20610e+02 1.96607e+02 2.62099e+02 2.64220e+02 2.33039e+02 2.36894e+02 2.52413e+02 2.59856e+02 2.69642e+02
5.00000e+01 1.20520e+02 1.96407e+02 2.62059e+02 2.64193e+02 2.32573e+02 2.36475e+02 2.52201e+02 2.59748e+02 2.69634e+02
5.00000e+01 1.20440e+02 1.96233e+02 2.62024e+02 2.64169e+02 2.32138e+02 2.36083e+02 2.52004e+02 2.59647e+02 2.69627e+02
5.00000e+01 1.20369e+02 1.96079e+02 2.61993e+02 2.64148e+02 2.31732e+02 2.35718e+02 2.51821e+02 2.59553e+02 2.69620e+02
5.00000e+01 1.20306e+02 1.95944e+02 2.61966e+02 2.64130e+02 2.31353e+02 2.35376e+02 2.51650e+02 2.59466e+02 2.69614e+02
5.00000e+01 1.20250e+02 1.95826e+02 2.61942e+02 2.64114e+02 2.30998e+02 2.35057e+02 2.51490e+02 2.59384e+02 2.69608e+02
5.00000e+01 1.20199e+02 1.95721e+02 2.61921e+02 2.64100e+02 2.30666e+02 2.34757e+02 2.51341e+02 2.59308e+02 2.69603e+02
5.00000e+01 1.20153e+02 1.95628e+02 2.61903e+02 2.64087e+02 2.30354e+02 2.34476e+02 2.51201e+02 2.59236e+02 2.69598e+02
5.00000e+01 1.20112e+02 1.95546e+02 2.61887e+02 2.64076e+02 2.30061e+02 2.34213e+02 2.51070e+02 2.59170e+02 2.69593e+02
5.00000e+01 1.20075e+02 1.95473e+02 2.61872e+02 2.64066e+02 2.29785e+02 2.33965e+02 2.50947e+02 2.59107e+02 2.69589e+02
5.00000e+01 1.20042e+02 1.95408e+02 2.61859e+02 2.64057e+02 2.29526e+02 2.33732e+02 2.50832e+02 2.59048e+02 2.69585e+02
