2.70000e+02 2.70000e+02 2.70000e+02 2.68687e+02 2.68315e+02 2.69915e+02 2.70113e+02 2.70694e+02 2.70827e+02 2.70874e+02
2.70000e+02 2.70000e+02 2.70000e+02 2.68687e+02 2.68315e+02 2.69915e+02 2.70113e+02 2.70694e+02 2.70827e+02 2.70874e+02
5.00000e+01 1.50000e+02 2.50000e+02 2.68586e+02 2.68290e+02 2.69464e+02 2.70015e+02 2.70515e+02 2.70692e+02 2.70788e+02
5.00000e+01 1.43466e+02 2.44424e+02 2.68329e+02 2.68188e+02 2.67313e+02 2.69130e+02 2.69612e+02 2.69932e+02 2.70606e+02
5.00000e+01 1.39582e+02 2.38897e+02 2.67950e+02 2.68004e+02 2.64644e+02 2.67543e+02 2.68364e+02 2.68873e+02 2.70443e+02
5.00000e+01 1.36607e+02 2.33335e+02 2.67479e+02 2.67751e+02 2.61960e+02 2.65589e+02 2.67047e+02 2.67834e+02 2.70311e+02
5.00000e+01 1.34035e+02 2.28091e+02 2.66959e+02 2.67452e+02 2.59403e+02 2.63494e+02 2.65750e+02 2.66902e+02 2.70204e+02
5.00000e+01 1.31818e+02 2.23470e+02 2.66430e+02 2.67132e+02 2.57012e+02 2.61386e+02 2.64507e+02 2.66079e+02 2.70114e+02
5.00000e+01 1.29994e+02 2.19498e+02 2.65921e+02 2.66814e+02 2.54790e+02 2.59337e+02 2.63332e+02 2.65348e+02 2.70036e+02
5.00000e+01 1.28494e+02 2.16119e+02 2.65450e+02 2.66513e+02 2.52736e+02 2.57386e+02 2.62234e+02 2.64695e+02 2.69969e+02
5.00000e+01 1.27253e+02 2.13255e+02 2.65026e+02 2.66236e+02 2.50840e+02 2.55551e+02 2.61213e+02 2.64108e+02 2.69910e+02
5.00000e+01 1.26218e+02 2.10830e+02 2.64649e+02 2.65988e+02 2.49093e+02 2.53840e+02 2.60269e+02 2.63579e+02 2.69858e+02
5.00000e+01 1.25349e+02 2.08774e+02 2.64318e+02 2.65769e+02 2.47484e+02 2.52253e+02 2.59401e+02 2.63100e+02 2.69812e+02
5.00000e+01 1.24616e+02 2.07030e+02 2.64028e+02 2.65576e+02 2.46002e+02 2.50785e+02 2.58603e+02 2.62666e+02 2.69771e+02
5.00000e+01 1.23993e+02 2.05546e+02 2.63777e+02 2.65408e+02 2.44637e+02 2.49431e+02 2.57871e+02 2.62272e+02 2.69735e+02
5.00000e+01 1.23462e+02 2.04281e+02 2.63558e+02 2.65262e+02 2.43380e+02 2.48182e+02 2.57200e+02 2.61913e+02 2.69702e+02
5.00000e+01 1.23007e+02 2.03201e+02 2.63369e+02 2.65135e+02 2.42220e+02 2.47032e+02 2.56584e+02 2.61586e+02 2.69673e+02
5.00000e+01 1.22616e+02 2.02276e+02 2.63204e+02 2.65024e+02 2.41150e+02 2.45973e+02 2.56020e+02 2.61288e+02 2.69647e+02
5.00000e+01 1.22278e+02 2.01483e+02 2.63062e+02 2.64929e+02 2.40162e+02 2.44997e+02 2.55502e+02 2.61015e+02 2.69623e+02
5.00000e+01 1.21986e+02 2.00801e+02 2.62939e+02 2.64846e+02 2.39249e+02 2.44097e+02 2.55027e+02 2.60766e+02 2.69602e+02
5.00000e+01 1.21733e+02 2.00214e+02 2.62832e+02 2.64774e+02 2.38405e+02 2.43267e+02 2.54591e+02 2.60538e+02 2.69582e+02
5.00000e+01 1.21512e+02 1.99707e+02 2.62739e+02 2.64711e+02 2.37623e+02 2.42501e+02 2.54190e+02 2.60329e+02 2.69565e+02
5.00000e+01 1.21319e+02 1.99268e+02 2.62658e+02 2.64657e+02 2.36899e+02 2.41793e+02 2.53821e+02 2.60137e+02 2.69549e+02
5.00000e+01 1.21150e+02 1.98888e+02 2.62588e+02 2.64610e+02 2.36227e+02 2.41139e+02 2.53481e+02 2.59960e+02 2.69534e+02
5.00000e+01 1.21001e+02 1.98558e+02 2.62526e+02 2.64569e+02 2.35604e+02 2.40533e+02 2.53167e+02 2.59797e+02 2.69521e+02
5.00000e+01 1.20871e+02 1.98271e+02 2.62473e+02 2.64533e+02 2.35025e+02 2.39972e+02 2.52878e+02 2.59648e+02 2.69509e+02
5.00000e+01 1.20755e+02 1.98020e+02 2.62426e+02 2.64502e+02 2.34487e+02 2.39452e+02 2.52611e+02 2.59510e+02 2.69497e+02
5.00000e+01 1.20653e+02 1.97802e+02 2.62386e+02 2.64474e+02 2.33987e+02 2.38970e+02 2.52364e+02 2.59382e+02 2.69487e+02
5.00000e+01 1.20563e+02 1.97610e+02 2.62350e+02 2.64450e+02 2.33522e+02 2.38523e+02 2.52136e+02 2.59264e+02 2.69478e+02
5.00000e+01 1.20482e+02 1.97442e+02 2.62319e+02 2.64429e+02 2.33088e+02 2.38107e+02 2.51924e+02 2.59155e+02 2.69469e+02
5.00000e+01 1.20412e+02 1.97298e+02 2.62291e+02 2.64411e+02 2.32695e+02 2.37730e+02 2.51732e+02 2.59057e+02 2.69461e+02
5.00000e+01 1.20350e+02 1.97171e+02 2.62268e+02 2.64395e+02 2.32330e+02 2.37381e+02 2.51555e+02 2.58966e+02 2.69454e+02
5.00000e+01 1.20294e+02 1.97059e+02 2.62247e+02 2.64381e+02 2.31989e+02 2.37055e+02 2.51391e+02 2.58881e+02 2.69448e+02
5.00000e+01 1.20244e+02 1.96959e+02 2.62228e+02 2.64369e+02 2.31669e+02 2.36751e+02 2.51238e+02 2.58803e+02 2.69442e+02
5.00000e+01 1.20198e+02 1.96871e+02 2.62212e+02 2.64358e+02 2.31370e+02 2.36468e+02 2.51095e+02 2.58730e+02 2.69436e+02
5.00000e+01 1.20157e+02 1.96792e+02 2.62197e+02 2.64348e+02 2.31090e+02 2.36202e+02 2.50962e+02 2.58661e+02 2.69431e+02
5.00000e+01 1.20120e+02 1.96722e+02 2.62184e+02 2.64339e+02 2.30828e+02 2.35954e+02 2.50838e+02 2.58598e+02 2.69426e+02
5.00000e+01 1.20086e+02 1.96659e+02 2.62172e+02 2.64331e+02 2.30583e+02 2.35722e+02 2.50722e+02 2.58539e+02 2.69421e+02
