2.70000e+02 2.70000e+02 2.70000e+02 2.68676e+02 2.68350e+02 2.72447e+02 2.72321e+02 2.71824e+02 2.71443e+02 2.70917e+02
2.70000e+02 2.70000e+02 2.70000e+02 2.68676e+02 2.68350e+02 2.72447e+02 2.72321e+02 2.71824e+02 2.71443e+02 2.70917e+02
5.00000e+01 1.50000e+02 2.50000e+02 2.68578e+02 2.68321e+02 2.71912e+02 2.71865e+02 2.71491e+02 2.71206e+02 2.70825e+02
5.00000e+01 1.43943e+02 2.44491e+02 2.68330e+02 2.68208e+02 2.70239e+02 2.70339e+02 2.70455e+02 2.70364e+02 2.70647e+02
5.00000e+01 1.40168e+02 2.39019e+02 2.67965e+02 2.68011e+02 2.67923e+02 2.68194e+02 2.69085e+02 2.69272e+02 2.70492e+02
5.00000e+01 1.37256e+02 2.33547e+02 2.67514e+02 2.67747e+02 2.65363e+02 2.65828e+02 2.67649e+02 2.68224e+02 2.70369e+02
5.00000e+01 1.34761e+02 2.28382e+02 2.67018e+02 2.67440e+02 2.62757e+02 2.63431e+02 2.66248e+02 2.67291e+02 2.70268e+02
5.00000e+01 1.32669e+02 2.23823e+02 2.66515e+02 2.67117e+02 2.60211e+02 2.61100e+02 2.64920e+02 2.66469e+02 2.70184e+02
5.00000e+01 1.30869e+02 2.19906e+02 2.66035e+02 2.66799e+02 2.57781e+02 2.58884e+02 2.63683e+02 2.65743e+02 2.70113e+02
5.00000e+01 1.29373e+02 2.16572e+02 2.65593e+02 2.66500e+02 2.55498e+02 2.56807e+02 2.62541e+02 2.65099e+02 2.70051e+02
5.00000e+01 1.28129e+02 2.13742e+02 2.65195e+02 2.66229e+02 2.53372e+02 2.54878e+02 2.61494e+02 2.64524e+02 2.69997e+02
5.00000e+01 1.27088e+02 2.11343e+02 2.64844e+02 2.65986e+02 2.51406e+02 2.53097e+02 2.60538e+02 2.64010e+02 2.69950e+02
5.00000e+01 1.26214e+02 2.09308e+02 2.64536e+02 2.65773e+02 2.49594e+02 2.51458e+02 2.59668e+02 2.63550e+02 2.69908e+02
5.00000e+01 1.25474e+02 2.07579e+02 2.64267e+02 2.65586e+02 2.47930e+02 2.49955e+02 2.58877e+02 2.63137e+02 2.69872e+02
5.00000e+01 1.24846e+02 2.06109e+02 2.64034e+02 2.65423e+02 2.46403e+02 2.48577e+02 2.58160e+02 2.62767e+02 2.69839e+02
5.00000e+01 1.24311e+02 2.04855e+02 2.63833e+02 2.65282e+02 2.45003e+02 2.47316e+02 2.57509e+02 2.62433e+02 2.69811e+02
5.00000e+01 1.23853e+02 2.03784e+02 2.63658e+02 2.65160e+02 2.43721e+02 2.46162e+02 2.56917e+02 2.62132e+02 2.69785e+02
5.00000e+01 1.23459e+02 2.02868e+02 2.63507e+02 2.65054e+02 2.42545e+02 2.45105e+02 2.56380e+02 2.61861e+02 2.69763e+02
5.00000e+01 1.23120e+02 2.02083e+02 2.63377e+02 2.64963e+02 2.41468e+02 2.44137e+02 2.55892e+02 2.61615e+02 2.69742e+02
5.00000e+01 1.22827e+02 2.01409e+02 2.63264e+02 2.64884e+02 2.40479e+02 2.43250e+02 2.55448e+02 2.61393e+02 2.69724e+02
5.00000e+01 1.22573e+02 2.00829e+02 2.63167e+02 2.64816e+02 2.39571e+02 2.42435e+02 2.55044e+02 2.61192e+02 2.69708e+02
5.00000e+01 1.22352e+02 2.00329e+02 2.63082e+02 2.64756e+02 2.38736e+02 2.41688e+02 2.54675e+02 2.61009e+02 2.69693e+02
5.00000e+01 1.22160e+02 1.99898e+02 2.63009e+02 2.64705e+02 2.37968e+02 2.41000e+02 2.54339e+02 2.60842e+02 2.69680e+02
5.00000e+01 1.21992e+02 1.99525e+02 2.62946e+02 2.64661e+02 2.37261e+02 2.40367e+02 2.54031e+02 2.60690e+02 2.69668e+02
5.00000e+01 1.21845e+02 1.99202e+02 2.62891e+02 2.64622e+02 2.36608e+02 2.39784e+02 2.53749e+02 2.60552e+02 2.69657e+02
5.00000e+01 1.21716e+02 1.98921e+02 2.62843e+02 2.64589e+02 2.36005e+02 2.39246e+02 2.53490e+02 2.60425e+02 2.69648e+02
5.00000e+01 1.21603e+02 1.98677e+02 2.62801e+02 2.64559e+02 2.35448e+02 2.38748e+02 2.53253e+02 2.60310e+02 2.69639e+02
5.00000e+01 1.21503e+02 1.98465e+02 2.62765e+02 2.64534e+02 2.34932e+02 2.38288e+02 2.53035e+02 2.60203e+02 2.69631e+02
5.00000e+01 1.21415e+02 1.98280e+02 2.62733e+02 2.64512e+02 2.34454e+02 2.37862e+02 2.52834e+02 2.60106e+02 2.69623e+02
5.00000e+01 1.21337e+02 1.98118e+02 2.62706e+02 2.64492e+02 2.34010e+02 2.37467e+02 2.52648e+02 2.60016e+02 2.69616e+02
5.00000e+01 1.21267e+02 1.97976e+02 2.62681e+02 2.64475e+02 2.33598e+02 2.37100e+02 2.52477e+02 2.59934e+02 2.69610e+02
5.00000e+01 1.21208e+02 1.97856e+02 2.62661e+02 2.64461e+02 2.33228e+02 2.36771e+02 2.52324e+02 2.59860e+02 2.69605e+02
5.00000e+01 1.21154e+02 1.97749e+02 2.62642e+02 2.64448e+02 2.32883e+02 2.36464e+02 2.52181e+02 2.59791e+02 2.69600e+02
5.00000e+01 1.21106e+02 1.97655e+02 2.62626e+02 2.64437e+02 2.32560e+02 2.36177e+02 2.52049e+02 2.59727e+02 2.69595e+02
5.00000e+01 1.21063e+02 1.97572e+02 2.62612e+02 2.64427e+02 2.32257e+02 2.35908e+02 2.51926e+02 2.59668e+02 2.69591e+02
5.00000e+01 1.21024e+02 1.97497e+02 2.62600e+02 2.64418e+02 2.31974e+02 2.35656e+02 2.51812e+02 2.59614e+02 2.69587e+02
5.00000e+01 1.20988e+02 1.97431e+02 2.62588e+02 2.64410e+02 2.31709e+02 2.35421e+02 2.51705e+02 2.59563e+02 2.69583e+02
5.00000e+01 1.20956e+02 1.97373e+02 2.62578e+02 2.64404e+02 2.31460e+02 2.35200e+02 2.51606e+02 2.59516e+02 2.69579e+02
