2.70000e+02 2.70000e+02 2.70000e+02 2.68758e+02 2.68409e+02 2.71254e+02 2.71280e+02 2.71299e+02 2.71159e+02 2.70896e+02
2.70000e+02 2.70000e+02 2.70000e+02 2.68758e+02 2.68409e+02 2.71254e+02 2.71280e+02 2.71299e+02 2.71159e+02 2.70896e+02
5.00000e+01 1.50000e+02 2.50000e+02 2.68649e+02 2.68375e+02 2.70658e+02 2.71043e+02 2.71044e+02 2.70972e+02 2.70814e+02
5.00000e+01 1.43390e+02 2.44477e+02 2.68373e+02 2.68245e+02 2.68699e+02 2.69918e+02 2.70140e+02 2.70222e+02 2.70651e+02
5.00000e+01 1.39470e+02 2.39006e+02 2.67970e+02 2.68025e+02 2.66220e+02 2.68162e+02 2.68934e+02 2.69233e+02 2.70509e+02
5.00000e+01 1.36482e+02 2.33508e+02 2.67471e+02 2.67729e+02 2.63673e+02 2.66144e+02 2.67666e+02 2.68280e+02 2.70395e+02
5.00000e+01 1.33867e+02 2.28331e+02 2.66918e+02 2.67383e+02 2.61213e+02 2.64066e+02 2.66422e+02 2.67429e+02 2.70302e+02
5.00000e+01 1.31642e+02 2.23772e+02 2.66352e+02 2.67015e+02 2.58897e+02 2.62028e+02 2.65234e+02 2.66677e+02 2.70223e+02
5.00000e+01 1.29822e+02 2.19858e+02 2.65804e+02 2.66649e+02 2.56742e+02 2.60081e+02 2.64118e+02 2.66009e+02 2.70156e+02
5.00000e+01 1.28332e+02 2.16532e+02 2.65294e+02 2.66302e+02 2.54752e+02 2.58252e+02 2.63082e+02 2.65412e+02 2.70098e+02
5.00000e+01 1.27102e+02 2.13715e+02 2.64832e+02 2.65983e+02 2.52922e+02 2.56550e+02 2.62126e+02 2.64877e+02 2.70048e+02
5.00000e+01 1.26079e+02 2.11332e+02 2.64420e+02 2.65697e+02 2.51241e+02 2.54977e+02 2.61249e+02 2.64395e+02 2.70003e+02
5.00000e+01 1.25223e+02 2.09313e+02 2.64057e+02 2.65442e+02 2.49701e+02 2.53527e+02 2.60447e+02 2.63961e+02 2.69964e+02
5.00000e+01 1.24502e+02 2.07601e+02 2.63739e+02 2.65218e+02 2.48289e+02 2.52196e+02 2.59714e+02 2.63569e+02 2.69929e+02
5.00000e+01 1.23891e+02 2.06147e+02 2.63462e+02 2.65023e+02 2.46994e+02 2.50973e+02 2.59046e+02 2.63213e+02 2.69898e+02
5.00000e+01 1.23371e+02 2.04908e+02 2.63220e+02 2.64852e+02 2.45807e+02 2.49852e+02 2.58436e+02 2.62891e+02 2.69871e+02
5.00000e+01 1.22927e+02 2.03850e+02 2.63011e+02 2.64704e+02 2.44716e+02 2.48822e+02 2.57880e+02 2.62598e+02 2.69846e+02
5.00000e+01 1.22546e+02 2.02946e+02 2.62830e+02 2.64575e+02 2.43714e+02 2.47876e+02 2.57371e+02 2.62332e+02 2.69824e+02
5.00000e+01 1.22219e+02 2.02170e+02 2.62672e+02 2.64464e+02 2.42791e+02 2.47006e+02 2.56905e+02 2.62088e+02 2.69804e+02
5.00000e+01 1.21936e+02 2.01505e+02 2.62536e+02 2.64367e+02 2.41940e+02 2.46206e+02 2.56479e+02 2.61866e+02 2.69786e+02
5.00000e+01 1.21691e+02 2.00932e+02 2.62418e+02 2.64283e+02 2.41154e+02 2.45468e+02 2.56088e+02 2.61662e+02 2.69770e+02
5.00000e+01 1.21478e+02 2.00438e+02 2.62315e+02 2.64210e+02 2.40427e+02 2.44786e+02 2.55728e+02 2.61475e+02 2.69755e+02
5.00000e+01 1.21292e+02 2.00011e+02 2.62226e+02 2.64147e+02 2.39754e+02 2.44156e+02 2.55397e+02 2.61304e+02 2.69742e+02
5.00000e+01 1.21130e+02 1.99642e+02 2.62149e+02 2.64092e+02 2.39129e+02 2.43572e+02 2.55091e+02 2.61145e+02 2.69730e+02
5.00000e+01 1.20989e+02 1.99322e+02 2.62081e+02 2.64044e+02 2.38549e+02 2.43030e+02 2.54809e+02 2.60999e+02 2.69719e+02
5.00000e+01 1.20864e+02 1.99044e+02 2.62022e+02 2.64003e+02 2.38009e+02 2.42527e+02 2.54548e+02 2.60864e+02 2.69709e+02
5.00000e+01 1.20755e+02 1.98802e+02 2.61971e+02 2.63966e+02 2.37505e+02 2.42059e+02 2.54306e+02 2.60738e+02 2.69699e+02
5.00000e+01 1.20658e+02 1.98591e+02 2.61927e+02 2.63935e+02 2.37036e+02 2.41622e+02 2.54081e+02 2.60622e+02 2.69691e+02
5.00000e+01 1.20573e+02 1.98407e+02 2.61888e+02 2.63907e+02 2.36596e+02 2.41215e+02 2.53872e+02 2.60514e+02 2.69683e+02
5.00000e+01 1.20497e+02 1.98246e+02 2.61853e+02 2.63883e+02 2.36186e+02 2.40835e+02 2.53677e+02 2.60413e+02 2.69676e+02
5.00000e+01 1.20430e+02 1.98105e+02 2.61823e+02 2.63862e+02 2.35801e+02 2.40479e+02 2.53495e+02 2.60319e+02 2.69669e+02
5.00000e+01 1.20370e+02 1.97981e+02 2.61797e+02 2.63843e+02 2.35440e+02 2.40145e+02 2.53325e+02 2.60232e+02 2.69663e+02
5.00000e+01 1.20316e+02 1.97872e+02 2.61774e+02 2.63827e+02 2.35101e+02 2.39833e+02 2.53166e+02 2.60150e+02 2.69657e+02
5.00000e+01 1.20268e+02 1.97776e+02 2.61754e+02 2.63812e+02 2.34782e+02 2.39539e+02 2.53018e+02 2.60073e+02 2.69652e+02
5.00000e+01 1.20224e+02 1.97690e+02 2.61735e+02 2.63799e+02 2.34482e+02 2.39263e+02 2.52878e+02 2.60001e+02 2.69647e+02
5.00000e+01 1.20185e+02 1.97615e+02 2.61720e+02 2.63788e+02 2.34199e+02 2.39003e+02 2.52747e+02 2.59933e+02 2.69642e+02
5.00000e+01 1.20151e+02 1.97549e+02 2.61705e+02 2.63778e+02 2.33936e+02 2.38761e+02 2.52625e+02 2.59870e+02 2.69638e+02
5.00000e+01 1.20120e+02 1.97491e+02 2.61693e+02 2.63770e+02 2.33696e+02 2.38540e+02 2.52513e+02 2.59813e+02 2.69634e+02
