2.70000e+02 2.70000e+02 2.70000e+02 2.68683e+02 2.68356e+02 2.70039e+02 2.70220e+02 2.70924e+02 2.70990e+02 2.70890e+02
2.70000e+02 2.70000e+02 2.70000e+02 2.68683e+02 2.68356e+02 2.70039e+02 2.70220e+02 2.70924e+02 2.70990e+02 2.70890e+02
5.00000e+01 1.50000e+02 2.50000e+02 2.68585e+02 2.68326e+02 2.69686e+02 2.69896e+02 2.70664e+02 2.70794e+02 2.70800e+02
5.00000e+01 1.43855e+02 2.44429e+02 2.68333e+02 2.68211e+02 2.67981e+02 2.68345e+02 2.69697e+02 2.70001e+02 2.70622e+02
5.00000e+01 1.40048e+02 2.38901e+02 2.67958e+02 2.68010e+02 2.65532e+02 2.66113e+02 2.68393e+02 2.68976e+02 2.70467e+02
5.00000e+01 1.37108e+02 2.33359e+02 2.67492e+02 2.67737e+02 2.62830e+02 2.63658e+02 2.67014e+02 2.68007e+02 2.70344e+02
5.00000e+01 1.34601e+02 2.28140e+02 2.66978e+02 2.67418e+02 2.60097e+02 2.61180e+02 2.65655e+02 2.67151e+02 2.70243e+02
5.00000e+01 1.32490e+02 2.23547e+02 2.66457e+02 2.67081e+02 2.57442e+02 2.58778e+02 2.64358e+02 2.66399e+02 2.70159e+02
5.00000e+01 1.30689e+02 2.19609e+02 2.65957e+02 2.66750e+02 2.54917e+02 2.56497e+02 2.63139e+02 2.65734e+02 2.70087e+02
5.00000e+01 1.29195e+02 2.16262e+02 2.65497e+02 2.66438e+02 2.52548e+02 2.54358e+02 2.62008e+02 2.65140e+02 2.70025e+02
5.00000e+01 1.27955e+02 2.13427e+02 2.65084e+02 2.66155e+02 2.50343e+02 2.52370e+02 2.60964e+02 2.64607e+02 2.69970e+02
5.00000e+01 1.26918e+02 2.11026e+02 2.64719e+02 2.65903e+02 2.48301e+02 2.50531e+02 2.60005e+02 2.64127e+02 2.69923e+02
5.00000e+01 1.26047e+02 2.08992e+02 2.64399e+02 2.65680e+02 2.46418e+02 2.48836e+02 2.59127e+02 2.63695e+02 2.69880e+02
5.00000e+01 1.25311e+02 2.07265e+02 2.64120e+02 2.65486e+02 2.44684e+02 2.47278e+02 2.58325e+02 2.63304e+02 2.69843e+02
5.00000e+01 1.24686e+02 2.05798e+02 2.63879e+02 2.65316e+02 2.43091e+02 2.45846e+02 2.57592e+02 2.62950e+02 2.69810e+02
5.00000e+01 1.24152e+02 2.04548e+02 2.63670e+02 2.65170e+02 2.41628e+02 2.44533e+02 2.56923e+02 2.62628e+02 2.69780e+02
5.00000e+01 1.23695e+02 2.03481e+02 2.63489e+02 2.65043e+02 2.40284e+02 2.43327e+02 2.56312e+02 2.62336e+02 2.69753e+02
5.00000e+01 1.23302e+02 2.02569e+02 2.63332e+02 2.64933e+02 2.39050e+02 2.42221e+02 2.55753e+02 2.62071e+02 2.69729e+02
5.00000e+01 1.22964e+02 2.01787e+02 2.63197e+02 2.64838e+02 2.37917e+02 2.41205e+02 2.55242e+02 2.61829e+02 2.69708e+02
5.00000e+01 1.22671e+02 2.01115e+02 2.63081e+02 2.64756e+02 2.36875e+02 2.40271e+02 2.54775e+02 2.61607e+02 2.69689e+02
5.00000e+01 1.22416e+02 2.00538e+02 2.62980e+02 2.64685e+02 2.35917e+02 2.39413e+02 2.54346e+02 2.61405e+02 2.69671e+02
5.00000e+01 1.22195e+02 2.00040e+02 2.62892e+02 2.64624e+02 2.35035e+02 2.38623e+02 2.53953e+02 2.61220e+02 2.69655e+02
5.00000e+01 1.22002e+02 1.99610e+02 2.62817e+02 2.64570e+02 2.34223e+02 2.37895e+02 2.53592e+02 2.61050e+02 2.69641e+02
5.00000e+01 1.21833e+02 1.99238e+02 2.62751e+02 2.64524e+02 2.33474e+02 2.37224e+02 2.53260e+02 2.60894e+02 2.69628e+02
5.00000e+01 1.21685e+02 1.98915e+02 2.62694e+02 2.64484e+02 2.32782e+02 2.36604e+02 2.52955e+02 2.60751e+02 2.69616e+02
5.00000e+01 1.21554e+02 1.98635e+02 2.62644e+02 2.64449e+02 2.32143e+02 2.36032e+02 2.52673e+02 2.60618e+02 2.69605e+02
5.00000e+01 1.21439e+02 1.98391e+02 2.62601e+02 2.64419e+02 2.31552e+02 2.35502e+02 2.52414e+02 2.60497e+02 2.69595e+02
5.00000e+01 1.21338e+02 1.98178e+02 2.62563e+02 2.64392e+02 2.31005e+02 2.35012e+02 2.52174e+02 2.60384e+02 2.69586e+02
5.00000e+01 1.21248e+02 1.97992e+02 2.62530e+02 2.64369e+02 2.30498e+02 2.34558e+02 2.51952e+02 2.60281e+02 2.69578e+02
5.00000e+01 1.21168e+02 1.97830e+02 2.62501e+02 2.64349e+02 2.30027e+02 2.34137e+02 2.51747e+02 2.60185e+02 2.69570e+02
5.00000e+01 1.21097e+02 1.97687e+02 2.62476e+02 2.64331e+02 2.29590e+02 2.33746e+02 2.51557e+02 2.60096e+02 2.69563e+02
5.00000e+01 1.21033e+02 1.97561e+02 2.62453e+02 2.64315e+02 2.29185e+02 2.33382e+02 2.51381e+02 2.60013e+02 2.69557e+02
5.00000e+01 1.20977e+02 1.97451e+02 2.62434e+02 2.64302e+02 2.28811e+02 2.33047e+02 2.51219e+02 2.59937e+02 2.69551e+02
5.00000e+01 1.20928e+02 1.97357e+02 2.62417e+02 2.64290e+02 2.28473e+02 2.32745e+02 2.51071e+02 2.59868e+02 2.69546e+02
5.00000e+01 1.20883e+02 1.97272e+02 2.62402e+02 2.64279e+02 2.28156e+02 2.32461e+02 2.50934e+02 2.59804e+02 2.69541e+02
5.00000e+01 1.20843e+02 1.97197e+02 2.62389e+02 2.64270e+02 2.27861e+02 2.32196e+02 2.50806e+02 2.59744e+02 2.69536e+02
5.00000e+01 1.20806e+02 1.97130e+02 2.62377e+02 2.64262e+02 2.27583e+02 2.31948e+02 2.50687e+02 2.59688e+02 2.69532e+02
5.00000e+01 1.20773e+02 1.97070e+02 2.62366e+02 2.64255e+02 2.27324e+02 2.31715e+02 2.50575e+02 2.59636e+02 2.69528e+02
