2.70000000e+02
5.00000000e+01
5.00000000e+01
5.00000000e+01
5.00000000e+01
5.00000000e+01
5.00000000e+01
5.00000000e+01
5.00000000e+01
5.00000000e+01
5.00000000e+01
5.00000000e+01
5.00000000e+01
5.00000000e+01
5.00000000e+01
5.00000000e+01
5.00000000e+01
5.00000000e+01
5.00000000e+01
5.00000000e+01
5.00000000e+01
5.00000000e+01
5.00000000e+01
5.00000000e+01
5.00000000e+01
5.00000000e+01
5.00000000e+01
5.00000000e+01
5.00000000e+01
5.00000000e+01
5.00000000e+01
5.00000000e+01
5.00000000e+01
5.00000000e+01
5.00000000e+01
5.00000000e+01
5.00000000e+01
2.70000000e+02
1.50000000e+02
1.43548821e+02
1.39688331e+02
1.36734011e+02
1.34197129e+02
1.32003081e+02
1.30191225e+02
1.28700734e+02
1.27466905e+02
1.26438026e+02
1.25574160e+02
1.24844407e+02
1.24224615e+02
1.23695685e+02
1.23242343e+02
1.22852250e+02
1.22515350e+02
1.22223386e+02
1.21969533e+02
1.21748115e+02
1.21554393e+02
1.21384387e+02
1.21234748e+02
1.21102644e+02
1.20985674e+02
1.20881798e+02
1.20789277e+02
1.20706627e+02
1.20632577e+02
1.20566037e+02
1.20506072e+02
1.20451876e+02
1.20402754e+02
1.20358106e+02
1.20317413e+02
1.20280224e+02
2.70000000e+02
2.50000000e+02
2.44461722e+02
2.38960927e+02
2.33431021e+02
2.28212730e+02
2.23607400e+02
2.19644276e+02
2.16266827e+02
2.13399215e+02
2.10966459e+02
2.08901211e+02
2.07145419e+02
2.05649998e+02
2.04373800e+02
2.03282453e+02
2.02347260e+02
2.01544244e+02
2.00853333e+02
2.00257690e+02
1.99743161e+02
1.99297822e+02
1.98911599e+02
1.98575973e+02
1.98283717e+02
1.98028697e+02
1.97805689e+02
1.97610248e+02
1.97438575e+02
1.97287430e+02
1.97154036e+02
1.97036019e+02
1.96931340e+02
1.96838250e+02
1.96755247e+02
1.96681038e+02
1.96614510e+02
2.68733309e+02
2.68634667e+02
2.68378564e+02
2.67998615e+02
2.67523932e+02
2.66994567e+02
2.66450810e+02
2.65924124e+02
2.65433849e+02
2.64989212e+02
2.64592731e+02
2.64243037e+02
2.63936769e+02
2.63669727e+02
2.63437528e+02
2.63235947e+02
2.63061088e+02
2.62909447e+02
2.62777919e+02
2.62663785e+02
2.62564674e+02
2.62478533e+02
2.62403583e+02
2.62338292e+02
2.62281338e+02
2.62231581e+02
2.62188043e+02
2.62149879e+02
2.62116364e+02
2.62086873e+02
2.62060868e+02
2.62037889e+02
2.62017534e+02
2.61999463e+02
2.61983378e+02
2.61969026e+02
2.61956186e+02
2.68372658e+02
2.68346169e+02
2.68237088e+02
2.68042377e+02
2.67775098e+02
2.67457929e+02
2.67117454e+02
2.66777083e+02
2.66453179e+02
2.66154964e+02
2.65886309e+02
2.65647696e+02
2.65437714e+02
2.65254022e+02
2.65093933e+02
2.64954735e+02
2.64833860e+02
2.64728961e+02
2.64637936e+02
2.64558931e+02
2.64490321e+02
2.64430694e+02
2.64378824e+02
2.64333651e+02
2.64294261e+02
2.64259865e+02
2.64229783e+02
2.64203430e+02
2.64180303e+02
2.64159968e+02
2.64142050e+02
2.64126230e+02
2.64112229e+02
2.64099811e+02
2.64088768e+02
2.64078924e+02
2.64070126e+02
2.71250711e+02
2.70804966e+02
2.69180949e+02
2.66900576e+02
2.64401348e+02
2.61883928e+02
2.59442540e+02
2.57120563e+02
2.54936298e+02
2.52894883e+02
2.50994247e+02
2.49228463e+02
2.47589675e+02
2.46069217e+02
2.44658265e+02
2.43348214e+02
2.42130888e+02
2.40998649e+02
2.39944439e+02
2.38961785e+02
2.38044780e+02
2.37188055e+02
2.36386734e+02
2.35636400e+02
2.34933048e+02
2.34273051e+02
2.33653119e+02
2.33070265e+02
2.32521775e+02
2.32005181e+02
2.31518234e+02
2.31058880e+02
2.30625242e+02
2.30215603e+02
2.29828385e+02
2.29462141e+02
2.29115539e+02
2.71192972e+02
2.70784412e+02
2.69294167e+02
2.67214493e+02
2.64949742e+02
2.62676336e+02
2.60474235e+02
2.58380288e+02
2.56410584e+02
2.54570026e+02
2.52857064e+02
2.51266521e+02
2.49791322e+02
2.48423557e+02
2.47155120e+02
2.45978092e+02
2.44884950e+02
2.43868675e+02
2.42922796e+02
2.42041393e+02
2.41219077e+02
2.40450961e+02
2.39732618e+02
2.39060045e+02
2.38429621e+02
2.37838071e+02
2.37282428e+02
2.36760004e+02
2.36268360e+02
2.35805277e+02
2.35368738e+02
2.34956900e+02
2.34568082e+02
2.34200746e+02
2.33853479e+02
2.33524987e+02
2.33214077e+02
2.70854440e+02
2.70719855e+02
2.69847875e+02
2.68621534e+02
2.67319085e+02
2.66039405e+02
2.64819728e+02
2.63674942e+02
2.62610404e+02
2.61626331e+02
2.60719856e+02
2.59886390e+02
2.59120531e+02
2.58416638e+02
2.57769173e+02
2.57172894e+02
2.56622952e+02
2.56114924e+02
2.55644817e+02
2.55209045e+02
2.54804403e+02
2.54428031e+02
2.54077379e+02
2.53750174e+02
2.53444390e+02
2.53158216e+02
2.52890035e+02
2.52638397e+02
2.52402000e+02
2.52179674e+02
2.51970365e+02
2.51773119e+02
2.51587072e+02
2.51411441e+02
2.51245512e+02
2.51088635e+02
2.50940215e+02
2.70823886e+02
2.70713421e+02
2.70002929e+02
2.69013712e+02
2.68050411e+02
2.67189720e+02
2.66429786e+02
2.65754777e+02
2.65150822e+02
2.64607549e+02
2.64116936e+02
2.63672452e+02
2.63268598e+02
2.62900656e+02
2.62564542e+02
2.62256702e+02
2.61974042e+02
2.61713858e+02
2.61473792e+02
2.61251777e+02
2.61046008e+02
2.60854898e+02
2.60677054e+02
2.60511249e+02
2.60356399e+02
2.60211546e+02
2.60075840e+02
2.59948524e+02
2.59828923e+02
2.59716433e+02
2.59610513e+02
2.59510675e+02
2.59416479e+02
2.59327527e+02
2.59243458e+02
2.59163942e+02
2.59088681e+02
2.70878995e+02
2.70796236e+02
2.70626471e+02
2.70478521e+02
2.70361012e+02
2.70265573e+02
2.70185757e+02
2.70117539e+02
2.70058466e+02
2.70006869e+02
2.69961506e+02
2.69921405e+02
2.69885788e+02
2.69854014e+02
2.69825553e+02
2.69799962e+02
2.69776865e+02
2.69755946e+02
2.69736937e+02
2.69719609e+02
2.69703763e+02
2.69689232e+02
2.69675870e+02
2.69663552e+02
2.69652167e+02
2.69641621e+02
2.69631831e+02
2.69622725e+02
2.69614239e+02
2.69606316e+02
2.69598907e+02
2.69591969e+02
2.69585461e+02
2.69579350e+02
2.69573604e+02
2.69568194e+02
2.69563097e+02
