2.70000e+02 2.70000e+02 2.70000e+02 2.68781e+02 2.68360e+02 2.74866e+02 2.74484e+02 2.72512e+02 2.71719e+02 2.70935e+02
2.70000e+02 2.70000e+02 2.70000e+02 2.68781e+02 2.68360e+02 2.74866e+02 2.74484e+02 2.72512e+02 2.71719e+02 2.70935e+02
5.00000e+01 1.50000e+02 2.50000e+02 2.68698e+02 2.68341e+02 2.74327e+02 2.74030e+02 2.72236e+02 2.71518e+02 2.70848e+02
5.00000e+01 1.43626e+02 2.44495e+02 2.68457e+02 2.68251e+02 2.72542e+02 2.72473e+02 2.71269e+02 2.70731e+02 2.70678e+02
5.00000e+01 1.39784e+02 2.38962e+02 2.68081e+02 2.68077e+02 2.70096e+02 2.70307e+02 2.69972e+02 2.69695e+02 2.70529e+02
5.00000e+01 1.36842e+02 2.33382e+02 2.67597e+02 2.67826e+02 2.67448e+02 2.67945e+02 2.68605e+02 2.68697e+02 2.70411e+02
5.00000e+01 1.34323e+02 2.28098e+02 2.67049e+02 2.67519e+02 2.64801e+02 2.65574e+02 2.67266e+02 2.67808e+02 2.70314e+02
5.00000e+01 1.32135e+02 2.23418e+02 2.66480e+02 2.67183e+02 2.62248e+02 2.63278e+02 2.65995e+02 2.67026e+02 2.70233e+02
5.00000e+01 1.30317e+02 2.19377e+02 2.65924e+02 2.66842e+02 2.59829e+02 2.61100e+02 2.64807e+02 2.66334e+02 2.70164e+02
5.00000e+01 1.28816e+02 2.15923e+02 2.65404e+02 2.66515e+02 2.57563e+02 2.59055e+02 2.63708e+02 2.65720e+02 2.70104e+02
5.00000e+01 1.27570e+02 2.12980e+02 2.64929e+02 2.66210e+02 2.55453e+02 2.57151e+02 2.62699e+02 2.65171e+02 2.70052e+02
5.00000e+01 1.26529e+02 2.10477e+02 2.64504e+02 2.65934e+02 2.53495e+02 2.55385e+02 2.61775e+02 2.64679e+02 2.70006e+02
5.00000e+01 1.25653e+02 2.08346e+02 2.64128e+02 2.65687e+02 2.51683e+02 2.53751e+02 2.60931e+02 2.64237e+02 2.69966e+02
5.00000e+01 1.24911e+02 2.06530e+02 2.63798e+02 2.65469e+02 2.50008e+02 2.52242e+02 2.60160e+02 2.63839e+02 2.69930e+02
5.00000e+01 1.24280e+02 2.04979e+02 2.63508e+02 2.65278e+02 2.48460e+02 2.50849e+02 2.59457e+02 2.63479e+02 2.69899e+02
5.00000e+01 1.23740e+02 2.03654e+02 2.63256e+02 2.65111e+02 2.47030e+02 2.49562e+02 2.58814e+02 2.63153e+02 2.69870e+02
5.00000e+01 1.23277e+02 2.02518e+02 2.63037e+02 2.64965e+02 2.45708e+02 2.48374e+02 2.58226e+02 2.62858e+02 2.69845e+02
5.00000e+01 1.22878e+02 2.01543e+02 2.62846e+02 2.64838e+02 2.44485e+02 2.47276e+02 2.57688e+02 2.62589e+02 2.69822e+02
5.00000e+01 1.22533e+02 2.00704e+02 2.62680e+02 2.64728e+02 2.43354e+02 2.46261e+02 2.57195e+02 2.62343e+02 2.69802e+02
5.00000e+01 1.22234e+02 1.99982e+02 2.62536e+02 2.64632e+02 2.42305e+02 2.45321e+02 2.56742e+02 2.62119e+02 2.69783e+02
5.00000e+01 1.21973e+02 1.99358e+02 2.62411e+02 2.64548e+02 2.41333e+02 2.44450e+02 2.56325e+02 2.61914e+02 2.69766e+02
5.00000e+01 1.21746e+02 1.98818e+02 2.62302e+02 2.64476e+02 2.40431e+02 2.43642e+02 2.55942e+02 2.61726e+02 2.69751e+02
5.00000e+01 1.21547e+02 1.98351e+02 2.62208e+02 2.64412e+02 2.39593e+02 2.42893e+02 2.55588e+02 2.61553e+02 2.69737e+02
5.00000e+01 1.21373e+02 1.97945e+02 2.62125e+02 2.64357e+02 2.38815e+02 2.42196e+02 2.55262e+02 2.61394e+02 2.69724e+02
5.00000e+01 1.21220e+02 1.97592e+02 2.62053e+02 2.64309e+02 2.38090e+02 2.41547e+02 2.54960e+02 2.61247e+02 2.69713e+02
5.00000e+01 1.21084e+02 1.97284e+02 2.61990e+02 2.64267e+02 2.37414e+02 2.40944e+02 2.54680e+02 2.61112e+02 2.69702e+02
5.00000e+01 1.20965e+02 1.97016e+02 2.61935e+02 2.64231e+02 2.36785e+02 2.40381e+02 2.54421e+02 2.60987e+02 2.69692e+02
5.00000e+01 1.20858e+02 1.96781e+02 2.61887e+02 2.64199e+02 2.36197e+02 2.39856e+02 2.54180e+02 2.60871e+02 2.69683e+02
5.00000e+01 1.20764e+02 1.96575e+02 2.61845e+02 2.64171e+02 2.35648e+02 2.39366e+02 2.53957e+02 2.60763e+02 2.69675e+02
5.00000e+01 1.20680e+02 1.96395e+02 2.61807e+02 2.64146e+02 2.35135e+02 2.38908e+02 2.53749e+02 2.60663e+02 2.69667e+02
5.00000e+01 1.20605e+02 1.96236e+02 2.61775e+02 2.64124e+02 2.34655e+02 2.38479e+02 2.53555e+02 2.60570e+02 2.69660e+02
5.00000e+01 1.20538e+02 1.96096e+02 2.61746e+02 2.64105e+02 2.34205e+02 2.38078e+02 2.53374e+02 2.60484e+02 2.69654e+02
5.00000e+01 1.20477e+02 1.95972e+02 2.61721e+02 2.64089e+02 2.33784e+02 2.37702e+02 2.53205e+02 2.60404e+02 2.69648e+02
5.00000e+01 1.20423e+02 1.95862e+02 2.61698e+02 2.64074e+02 2.33389e+02 2.37350e+02 2.53048e+02 2.60328e+02 2.69642e+02
5.00000e+01 1.20374e+02 1.95765e+02 2.61678e+02 2.64060e+02 2.33018e+02 2.37019e+02 2.52900e+02 2.60258e+02 2.69637e+02
5.00000e+01 1.20329e+02 1.95678e+02 2.61660e+02 2.64049e+02 2.32670e+02 2.36708e+02 2.52763e+02 2.60193e+02 2.69632e+02
5.00000e+01 1.20289e+02 1.95601e+02 2.61645e+02 2.64038e+02 2.32343e+02 2.36417e+02 2.52633e+02 2.60131e+02 2.69627e+02
5.00000e+01 1.20254e+02 1.95533e+02 2.61631e+02 2.64029e+02 2.32045e+02 2.36151e+02 2.52515e+02 2.60075e+02 2.69623e+02
