2.70000000e+02
5.00000000e+01
5.00000000e+01
5.00000000e+01
5.00000000e+01
5.00000000e+01
5.00000000e+01
5.00000000e+01
5.00000000e+01
5.00000000e+01
5.00000000e+01
5.00000000e+01
5.00000000e+01
5.00000000e+01
5.00000000e+01
5.00000000e+01
5.00000000e+01
5.00000000e+01
5.00000000e+01
5.00000000e+01
5.00000000e+01
5.00000000e+01
5.00000000e+01
5.00000000e+01
5.00000000e+01
5.00000000e+01
5.00000000e+01
5.00000000e+01
5.00000000e+01
5.00000000e+01
5.00000000e+01
5.00000000e+01
5.00000000e+01
5.00000000e+01
5.00000000e+01
5.00000000e+01
5.00000000e+01
2.70000000e+02
1.50000000e+02
1.43999268e+02
1.40221551e+02
1.37302666e+02
1.34797320e+02
1.32711245e+02
1.30908307e+02
1.29402957e+02
1.28148207e+02
1.27096922e+02
1.26211016e+02
1.25460440e+02
1.24821422e+02
1.24274987e+02
1.23805854e+02
1.23401603e+02
1.23052061e+02
1.22748842e+02
1.22484989e+02
1.22254702e+02
1.22053123e+02
1.21876168e+02
1.21720390e+02
1.21582872e+02
1.21461136e+02
1.21353073e+02
1.21256885e+02
1.21171032e+02
1.21094195e+02
1.21025241e+02
1.20963197e+02
1.20907220e+02
1.20856585e+02
1.20810665e+02
1.20769631e+02
1.20732800e+02
2.70000000e+02
2.50000000e+02
2.44521262e+02
2.38979726e+02
2.33405792e+02
2.28131291e+02
2.23465730e+02
2.19450330e+02
2.16026314e+02
2.13115834e+02
2.10643834e+02
2.08543172e+02
2.06755834e+02
2.05232587e+02
2.03932016e+02
2.02819417e+02
2.01865745e+02
2.01046681e+02
2.00341834e+02
1.99734082e+02
1.99209017e+02
1.98754491e+02
1.98360244e+02
1.98017591e+02
1.97719171e+02
1.97458730e+02
1.97230950e+02
1.97031300e+02
1.96855915e+02
1.96701493e+02
1.96565211e+02
1.96444650e+02
1.96337737e+02
1.96242690e+02
1.96157980e+02
1.96083310e+02
1.96017240e+02
2.68754098e+02
2.68637768e+02
2.68394512e+02
2.68032215e+02
2.67578515e+02
2.67075830e+02
2.66564350e+02
2.66073516e+02
2.65620409e+02
2.65212366e+02
2.64850581e+02
2.64532918e+02
2.64255684e+02
2.64014633e+02
2.63805501e+02
2.63624276e+02
2.63467308e+02
2.63331350e+02
2.63213546e+02
2.63111406e+02
2.63022772e+02
2.62945779e+02
2.62878818e+02
2.62820505e+02
2.62769649e+02
2.62725226e+02
2.62686357e+02
2.62652287e+02
2.62622366e+02
2.62596038e+02
2.62572822e+02
2.62552305e+02
2.62534134e+02
2.62518003e+02
2.62503649e+02
2.62490936e+02
2.62479713e+02
2.68346166e+02
2.68311926e+02
2.68212521e+02
2.68039757e+02
2.67800701e+02
2.67516292e+02
2.67211852e+02
2.66909010e+02
2.66622411e+02
2.66359971e+02
2.66124697e+02
2.65916604e+02
2.65734112e+02
2.65574924e+02
2.65436517e+02
2.65316408e+02
2.65212283e+02
2.65122046e+02
2.65043838e+02
2.64976027e+02
2.64917190e+02
2.64866093e+02
2.64821672e+02
2.64783006e+02
2.64749304e+02
2.64719884e+02
2.64694162e+02
2.64671634e+02
2.64651866e+02
2.64634488e+02
2.64619179e+02
2.64605664e+02
2.64593707e+02
2.64583104e+02
2.64573679e+02
2.64565372e+02
2.64558009e+02
2.76048442e+02
2.75377026e+02
2.73527429e+02
2.71021880e+02
2.68282541e+02
2.65515694e+02
2.62827511e+02
2.60271393e+02
2.57870575e+02
2.55632274e+02
2.53554967e+02
2.51632340e+02
2.49855627e+02
2.48214992e+02
2.46700324e+02
2.45301702e+02
2.44009648e+02
2.42815269e+02
2.41710308e+02
2.40687161e+02
2.39738862e+02
2.38859054e+02
2.38041947e+02
2.37282278e+02
2.36575269e+02
2.35916581e+02
2.35302274e+02
2.34728773e+02
2.34192831e+02
2.33691494e+02
2.33222077e+02
2.32782137e+02
2.32369445e+02
2.31981969e+02
2.31617854e+02
2.31282007e+02
2.30971952e+02
2.75526657e+02
2.75016343e+02
2.73464096e+02
2.71277266e+02
2.68847833e+02
2.66374472e+02
2.63958969e+02
2.61653531e+02
2.59482428e+02
2.57454726e+02
2.55570917e+02
2.53826541e+02
2.52214423e+02
2.50726061e+02
2.49352472e+02
2.48084702e+02
2.46914126e+02
2.45832609e+02
2.44832581e+02
2.43907064e+02
2.43049664e+02
2.42254548e+02
2.41516412e+02
2.40830435e+02
2.40192245e+02
2.39597878e+02
2.39043739e+02
2.38526566e+02
2.38043400e+02
2.37591553e+02
2.37168582e+02
2.36772266e+02
2.36400580e+02
2.36051681e+02
2.35723885e+02
2.35421427e+02
2.35142430e+02
2.73354643e+02
2.72954710e+02
2.71853801e+02
2.70432094e+02
2.68951362e+02
2.67505343e+02
2.66130730e+02
2.64842990e+02
2.63647112e+02
2.62542855e+02
2.61526976e+02
2.60594459e+02
2.59739406e+02
2.58955624e+02
2.58236990e+02
2.57577666e+02
2.56972204e+02
2.56415598e+02
2.55903285e+02
2.55431139e+02
2.54995436e+02
2.54592831e+02
2.54220314e+02
2.53875186e+02
2.53555020e+02
2.53257637e+02
2.52981076e+02
2.52723573e+02
2.52483537e+02
2.52259533e+02
2.52050262e+02
2.51854551e+02
2.51671335e+02
2.51499647e+02
2.51338611e+02
2.51190206e+02
2.51053215e+02
2.72263608e+02
2.71973695e+02
2.71078076e+02
2.69944799e+02
2.68863721e+02
2.67902114e+02
2.67053946e+02
2.66301412e+02
2.65628626e+02
2.65023678e+02
2.64477627e+02
2.63983337e+02
2.63534834e+02
2.63126998e+02
2.62755381e+02
2.62416096e+02
2.62105731e+02
2.61821286e+02
2.61560122e+02
2.61319909e+02
2.61098589e+02
2.60894340e+02
2.60705548e+02
2.60530778e+02
2.60368752e+02
2.60218331e+02
2.60078498e+02
2.59948339e+02
2.59827038e+02
2.59713856e+02
2.59608132e+02
2.59509266e+02
2.59416717e+02
2.59329993e+02
2.59248650e+02
2.59173772e+02
2.59104904e+02
2.70974194e+02
2.70880045e+02
2.70700215e+02
2.70542875e+02
2.70416252e+02
2.70312194e+02
2.70224502e+02
2.70149163e+02
2.70083552e+02
2.70025937e+02
2.69975045e+02
2.69929878e+02
2.69889626e+02
2.69853620e+02
2.69821303e+02
2.69792205e+02
2.69765925e+02
2.69742125e+02
2.69720511e+02
2.69700833e+02
2.69682875e+02
2.69666447e+02
2.69651387e+02
2.69637552e+02
2.69624817e+02
2.69613073e+02
2.69602222e+02
2.69592181e+02
2.69582872e+02
2.69574230e+02
2.69566195e+02
2.69558713e+02
2.69551738e+02
2.69545225e+02
2.69539138e+02
2.69533546e+02
2.69528404e+02
