2.70000e+02 2.70000e+02 2.70000e+02 2.68680e+02 2.68353e+02 2.71339e+02 2.71333e+02 2.71335e+02 2.71203e+02 2.70919e+02
2.70000e+02 2.70000e+02 2.70000e+02 2.68680e+02 2.68353e+02 2.71339e+02 2.71333e+02 2.71335e+02 2.71203e+02 2.70919e+02
5.00000e+01 1.50000e+02 2.50000e+02 2.68581e+02 2.68323e+02 2.70426e+02 2.71213e+02 2.71117e+02 2.71026e+02 2.70838e+02
5.00000e+01 1.43522e+02 2.44444e+02 2.68326e+02 2.68207e+02 2.67906e+02 2.70473e+02 2.70245e+02 2.70253e+02 2.70675e+02
5.00000e+01 1.39650e+02 2.38921e+02 2.67948e+02 2.68003e+02 2.64964e+02 2.69061e+02 2.69080e+02 2.69247e+02 2.70530e+02
5.00000e+01 1.36681e+02 2.33362e+02 2.67479e+02 2.67728e+02 2.62057e+02 2.67231e+02 2.67864e+02 2.68300e+02 2.70414e+02
5.00000e+01 1.34124e+02 2.28120e+02 2.66961e+02 2.67406e+02 2.59309e+02 2.65200e+02 2.66670e+02 2.67470e+02 2.70318e+02
5.00000e+01 1.31915e+02 2.23501e+02 2.66435e+02 2.67066e+02 2.56752e+02 2.63111e+02 2.65523e+02 2.66748e+02 2.70238e+02
5.00000e+01 1.30091e+02 2.19532e+02 2.65929e+02 2.66731e+02 2.54390e+02 2.61050e+02 2.64435e+02 2.66111e+02 2.70169e+02
5.00000e+01 1.28591e+02 2.16157e+02 2.65463e+02 2.66415e+02 2.52220e+02 2.59071e+02 2.63413e+02 2.65543e+02 2.70109e+02
5.00000e+01 1.27349e+02 2.13296e+02 2.65043e+02 2.66127e+02 2.50230e+02 2.57199e+02 2.62461e+02 2.65033e+02 2.70057e+02
5.00000e+01 1.26313e+02 2.10873e+02 2.64670e+02 2.65869e+02 2.48409e+02 2.55450e+02 2.61579e+02 2.64574e+02 2.70011e+02
5.00000e+01 1.25444e+02 2.08821e+02 2.64343e+02 2.65642e+02 2.46744e+02 2.53827e+02 2.60766e+02 2.64159e+02 2.69970e+02
5.00000e+01 1.24710e+02 2.07079e+02 2.64058e+02 2.65443e+02 2.45222e+02 2.52328e+02 2.60018e+02 2.63784e+02 2.69934e+02
5.00000e+01 1.24088e+02 2.05598e+02 2.63810e+02 2.65269e+02 2.43831e+02 2.50949e+02 2.59333e+02 2.63443e+02 2.69902e+02
5.00000e+01 1.23558e+02 2.04337e+02 2.63595e+02 2.65118e+02 2.42559e+02 2.49683e+02 2.58706e+02 2.63133e+02 2.69873e+02
5.00000e+01 1.23104e+02 2.03260e+02 2.63409e+02 2.64988e+02 2.41394e+02 2.48522e+02 2.58132e+02 2.62851e+02 2.69847e+02
5.00000e+01 1.22714e+02 2.02339e+02 2.63248e+02 2.64874e+02 2.40328e+02 2.47458e+02 2.57608e+02 2.62595e+02 2.69824e+02
5.00000e+01 1.22379e+02 2.01549e+02 2.63109e+02 2.64776e+02 2.39350e+02 2.46484e+02 2.57128e+02 2.62361e+02 2.69804e+02
5.00000e+01 1.22089e+02 2.00871e+02 2.62988e+02 2.64691e+02 2.38453e+02 2.45590e+02 2.56689e+02 2.62147e+02 2.69785e+02
5.00000e+01 1.21837e+02 2.00287e+02 2.62883e+02 2.64618e+02 2.37628e+02 2.44771e+02 2.56288e+02 2.61952e+02 2.69768e+02
5.00000e+01 1.21619e+02 1.99784e+02 2.62793e+02 2.64554e+02 2.36870e+02 2.44020e+02 2.55920e+02 2.61774e+02 2.69753e+02
5.00000e+01 1.21429e+02 1.99349e+02 2.62714e+02 2.64499e+02 2.36172e+02 2.43330e+02 2.55583e+02 2.61611e+02 2.69739e+02
5.00000e+01 1.21262e+02 1.98973e+02 2.62646e+02 2.64451e+02 2.35529e+02 2.42696e+02 2.55274e+02 2.61461e+02 2.69726e+02
5.00000e+01 1.21117e+02 1.98647e+02 2.62586e+02 2.64409e+02 2.34935e+02 2.42113e+02 2.54990e+02 2.61323e+02 2.69715e+02
5.00000e+01 1.20989e+02 1.98364e+02 2.62535e+02 2.64372e+02 2.34386e+02 2.41575e+02 2.54729e+02 2.61197e+02 2.69704e+02
5.00000e+01 1.20877e+02 1.98118e+02 2.62490e+02 2.64341e+02 2.33878e+02 2.41080e+02 2.54488e+02 2.61080e+02 2.69695e+02
5.00000e+01 1.20778e+02 1.97903e+02 2.62451e+02 2.64313e+02 2.33407e+02 2.40623e+02 2.54267e+02 2.60973e+02 2.69686e+02
5.00000e+01 1.20690e+02 1.97716e+02 2.62416e+02 2.64289e+02 2.32971e+02 2.40201e+02 2.54063e+02 2.60874e+02 2.69678e+02
5.00000e+01 1.20612e+02 1.97552e+02 2.62386e+02 2.64268e+02 2.32565e+02 2.39810e+02 2.53874e+02 2.60783e+02 2.69671e+02
5.00000e+01 1.20543e+02 1.97408e+02 2.62360e+02 2.64249e+02 2.32188e+02 2.39448e+02 2.53700e+02 2.60698e+02 2.69664e+02
5.00000e+01 1.20484e+02 1.97286e+02 2.62337e+02 2.64234e+02 2.31851e+02 2.39123e+02 2.53545e+02 2.60623e+02 2.69658e+02
5.00000e+01 1.20431e+02 1.97178e+02 2.62317e+02 2.64220e+02 2.31535e+02 2.38821e+02 2.53401e+02 2.60553e+02 2.69653e+02
5.00000e+01 1.20383e+02 1.97083e+02 2.62300e+02 2.64207e+02 2.31239e+02 2.38540e+02 2.53266e+02 2.60488e+02 2.69647e+02
5.00000e+01 1.20340e+02 1.96998e+02 2.62284e+02 2.64197e+02 2.30962e+02 2.38278e+02 2.53141e+02 2.60427e+02 2.69643e+02
5.00000e+01 1.20301e+02 1.96923e+02 2.62271e+02 2.64187e+02 2.30702e+02 2.38033e+02 2.53024e+02 2.60370e+02 2.69638e+02
5.00000e+01 1.20266e+02 1.96855e+02 2.62259e+02 2.64178e+02 2.30458e+02 2.37803e+02 2.52915e+02 2.60317e+02 2.69634e+02
5.00000e+01 1.20235e+02 1.96796e+02 2.62248e+02 2.64171e+02 2.30229e+02 2.37589e+02 2.52813e+02 2.60268e+02 2.69630e+02
