2.70000e+02 2.70000e+02 2.70000e+02 2.68741e+02 2.68336e+02 2.72736e+02 2.72627e+02 2.71968e+02 2.71511e+02 2.70923e+02
2.70000e+02 2.70000e+02 2.70000e+02 2.68741e+02 2.68336e+02 2.72736e+02 2.72627e+02 2.71968e+02 2.71511e+02 2.70923e+02
5.00000e+01 1.50000e+02 2.50000e+02 2.68659e+02 2.68317e+02 2.72311e+02 2.72186e+02 2.71700e+02 2.71313e+02 2.70838e+02
5.00000e+01 1.43669e+02 2.44466e+02 2.68419e+02 2.68226e+02 2.70711e+02 2.70584e+02 2.70701e+02 2.70506e+02 2.70671e+02
5.00000e+01 1.39832e+02 2.38928e+02 2.68046e+02 2.68051e+02 2.68386e+02 2.68331e+02 2.69358e+02 2.69453e+02 2.70525e+02
5.00000e+01 1.36887e+02 2.33351e+02 2.67569e+02 2.67801e+02 2.65778e+02 2.65868e+02 2.67939e+02 2.68446e+02 2.70408e+02
5.00000e+01 1.34367e+02 2.28071e+02 2.67031e+02 2.67498e+02 2.63108e+02 2.63393e+02 2.66542e+02 2.67548e+02 2.70312e+02
5.00000e+01 1.32180e+02 2.23395e+02 2.66476e+02 2.67168e+02 2.60493e+02 2.60996e+02 2.65208e+02 2.66753e+02 2.70231e+02
5.00000e+01 1.30355e+02 2.19357e+02 2.65935e+02 2.66836e+02 2.57990e+02 2.58722e+02 2.63955e+02 2.66043e+02 2.70162e+02
5.00000e+01 1.28846e+02 2.15905e+02 2.65430e+02 2.66517e+02 2.55630e+02 2.56589e+02 2.62788e+02 2.65406e+02 2.70102e+02
5.00000e+01 1.27592e+02 2.12963e+02 2.64971e+02 2.66221e+02 2.53425e+02 2.54603e+02 2.61708e+02 2.64830e+02 2.70048e+02
5.00000e+01 1.26543e+02 2.10460e+02 2.64560e+02 2.65954e+02 2.51375e+02 2.52762e+02 2.60714e+02 2.64309e+02 2.70002e+02
5.00000e+01 1.25658e+02 2.08329e+02 2.64197e+02 2.65715e+02 2.49478e+02 2.51062e+02 2.59800e+02 2.63835e+02 2.69960e+02
5.00000e+01 1.24909e+02 2.06512e+02 2.63878e+02 2.65505e+02 2.47727e+02 2.49495e+02 2.58960e+02 2.63404e+02 2.69923e+02
5.00000e+01 1.24271e+02 2.04960e+02 2.63599e+02 2.65320e+02 2.46112e+02 2.48052e+02 2.58190e+02 2.63010e+02 2.69890e+02
5.00000e+01 1.23724e+02 2.03633e+02 2.63356e+02 2.65159e+02 2.44624e+02 2.46723e+02 2.57484e+02 2.62651e+02 2.69860e+02
5.00000e+01 1.23255e+02 2.02495e+02 2.63145e+02 2.65019e+02 2.43253e+02 2.45500e+02 2.56835e+02 2.62322e+02 2.69833e+02
5.00000e+01 1.22850e+02 2.01517e+02 2.62961e+02 2.64896e+02 2.41991e+02 2.44373e+02 2.56238e+02 2.62020e+02 2.69809e+02
5.00000e+01 1.22500e+02 2.00677e+02 2.62801e+02 2.64790e+02 2.40828e+02 2.43335e+02 2.55690e+02 2.61743e+02 2.69787e+02
5.00000e+01 1.22196e+02 1.99952e+02 2.62663e+02 2.64698e+02 2.39756e+02 2.42379e+02 2.55185e+02 2.61489e+02 2.69767e+02
5.00000e+01 1.21932e+02 1.99325e+02 2.62542e+02 2.64617e+02 2.38767e+02 2.41496e+02 2.54720e+02 2.61254e+02 2.69749e+02
5.00000e+01 1.21701e+02 1.98784e+02 2.62437e+02 2.64547e+02 2.37853e+02 2.40681e+02 2.54291e+02 2.61038e+02 2.69733e+02
5.00000e+01 1.21499e+02 1.98314e+02 2.62346e+02 2.64486e+02 2.37009e+02 2.39927e+02 2.53895e+02 2.60838e+02 2.69718e+02
5.00000e+01 1.21322e+02 1.97906e+02 2.62266e+02 2.64433e+02 2.36229e+02 2.39230e+02 2.53528e+02 2.60653e+02 2.69704e+02
5.00000e+01 1.21166e+02 1.97552e+02 2.62197e+02 2.64387e+02 2.35506e+02 2.38584e+02 2.53189e+02 2.60481e+02 2.69691e+02
5.00000e+01 1.21028e+02 1.97242e+02 2.62136e+02 2.64347e+02 2.34836e+02 2.37986e+02 2.52875e+02 2.60322e+02 2.69680e+02
5.00000e+01 1.20907e+02 1.96972e+02 2.62083e+02 2.64312e+02 2.34215e+02 2.37430e+02 2.52583e+02 2.60175e+02 2.69669e+02
5.00000e+01 1.20799e+02 1.96736e+02 2.62037e+02 2.64281e+02 2.33638e+02 2.36914e+02 2.52312e+02 2.60038e+02 2.69660e+02
5.00000e+01 1.20703e+02 1.96529e+02 2.61996e+02 2.64254e+02 2.33101e+02 2.36434e+02 2.52060e+02 2.59910e+02 2.69650e+02
5.00000e+01 1.20618e+02 1.96347e+02 2.61960e+02 2.64230e+02 2.32602e+02 2.35987e+02 2.51826e+02 2.59791e+02 2.69642e+02
5.00000e+01 1.20542e+02 1.96188e+02 2.61929e+02 2.64209e+02 2.32137e+02 2.35570e+02 2.51608e+02 2.59680e+02 2.69634e+02
5.00000e+01 1.20474e+02 1.96047e+02 2.61901e+02 2.64191e+02 2.31704e+02 2.35182e+02 2.51404e+02 2.59577e+02 2.69627e+02
5.00000e+01 1.20414e+02 1.95922e+02 2.61877e+02 2.64174e+02 2.31300e+02 2.34820e+02 2.51214e+02 2.59480e+02 2.69621e+02
5.00000e+01 1.20359e+02 1.95812e+02 2.61855e+02 2.64160e+02 2.30922e+02 2.34481e+02 2.51036e+02 2.59390e+02 2.69614e+02
5.00000e+01 1.20309e+02 1.95714e+02 2.61836e+02 2.64147e+02 2.30569e+02 2.34164e+02 2.50870e+02 2.59305e+02 2.69609e+02
5.00000e+01 1.20266e+02 1.95628e+02 2.61819e+02 2.64136e+02 2.30245e+02 2.33874e+02 2.50718e+02 2.59227e+02 2.69603e+02
5.00000e+01 1.20226e+02 1.95553e+02 2.61804e+02 2.64126e+02 2.29948e+02 2.33608e+02 2.50577e+02 2.59155e+02 2.69598e+02
5.00000e+01 1.20191e+02 1.95486e+02 2.61791e+02 2.64118e+02 2.29668e+02 2.33356e+02 2.50444e+02 2.59088e+02 2.69594e+02
