2.70000e+02 2.70000e+02 2.70000e+02 2.68683e+02 2.68338e+02 2.75345e+02 2.74940e+02 2.72749e+02 2.71866e+02 2.70956e+02
2.70000e+02 2.70000e+02 2.70000e+02 2.68683e+02 2.68338e+02 2.75345e+02 2.74940e+02 2.72749e+02 2.71866e+02 2.70956e+02
5.00000e+01 1.50000e+02 2.50000e+02 2.68603e+02 2.68317e+02 2.74908e+02 2.74425e+02 2.72460e+02 2.71657e+02 2.70864e+02
5.00000e+01 1.43659e+02 2.44481e+02 2.68373e+02 2.68219e+02 2.73381e+02 2.72778e+02 2.71475e+02 2.70859e+02 2.70678e+02
5.00000e+01 1.39808e+02 2.38932e+02 2.68017e+02 2.68036e+02 2.71128e+02 2.70512e+02 2.70132e+02 2.69782e+02 2.70511e+02
5.00000e+01 1.36848e+02 2.33332e+02 2.67568e+02 2.67781e+02 2.68567e+02 2.68050e+02 2.68698e+02 2.68724e+02 2.70376e+02
5.00000e+01 1.34309e+02 2.28028e+02 2.67067e+02 2.67479e+02 2.65923e+02 2.65580e+02 2.67281e+02 2.67765e+02 2.70264e+02
5.00000e+01 1.32099e+02 2.23333e+02 2.66554e+02 2.67156e+02 2.63318e+02 2.63193e+02 2.65926e+02 2.66911e+02 2.70169e+02
5.00000e+01 1.30259e+02 2.19282e+02 2.66059e+02 2.66834e+02 2.60816e+02 2.60928e+02 2.64655e+02 2.66149e+02 2.70087e+02
5.00000e+01 1.28737e+02 2.15822e+02 2.65599e+02 2.66529e+02 2.58449e+02 2.58804e+02 2.63474e+02 2.65465e+02 2.70016e+02
5.00000e+01 1.27472e+02 2.12878e+02 2.65183e+02 2.66249e+02 2.56233e+02 2.56826e+02 2.62385e+02 2.64851e+02 2.69954e+02
5.00000e+01 1.26414e+02 2.10376e+02 2.64814e+02 2.65998e+02 2.54170e+02 2.54994e+02 2.61385e+02 2.64297e+02 2.69899e+02
5.00000e+01 1.25522e+02 2.08248e+02 2.64488e+02 2.65775e+02 2.52258e+02 2.53300e+02 2.60470e+02 2.63798e+02 2.69850e+02
5.00000e+01 1.24767e+02 2.06436e+02 2.64202e+02 2.65579e+02 2.50489e+02 2.51737e+02 2.59632e+02 2.63346e+02 2.69806e+02
5.00000e+01 1.24124e+02 2.04891e+02 2.63954e+02 2.65407e+02 2.48855e+02 2.50295e+02 2.58867e+02 2.62937e+02 2.69768e+02
5.00000e+01 1.23573e+02 2.03570e+02 2.63737e+02 2.65258e+02 2.47346e+02 2.48965e+02 2.58167e+02 2.62566e+02 2.69733e+02
5.00000e+01 1.23101e+02 2.02439e+02 2.63549e+02 2.65128e+02 2.45952e+02 2.47738e+02 2.57527e+02 2.62228e+02 2.69703e+02
5.00000e+01 1.22694e+02 2.01468e+02 2.63386e+02 2.65015e+02 2.44663e+02 2.46604e+02 2.56940e+02 2.61921e+02 2.69675e+02
5.00000e+01 1.22342e+02 2.00633e+02 2.63245e+02 2.64917e+02 2.43472e+02 2.45556e+02 2.56402e+02 2.61640e+02 2.69650e+02
5.00000e+01 1.22037e+02 1.99914e+02 2.63122e+02 2.64832e+02 2.42368e+02 2.44585e+02 2.55908e+02 2.61383e+02 2.69627e+02
5.00000e+01 1.21771e+02 1.99294e+02 2.63015e+02 2.64758e+02 2.41344e+02 2.43685e+02 2.55453e+02 2.61148e+02 2.69607e+02
5.00000e+01 1.21539e+02 1.98757e+02 2.62922e+02 2.64694e+02 2.40394e+02 2.42849e+02 2.55034e+02 2.60931e+02 2.69588e+02
5.00000e+01 1.21336e+02 1.98292e+02 2.62842e+02 2.64638e+02 2.39511e+02 2.42072e+02 2.54646e+02 2.60732e+02 2.69571e+02
5.00000e+01 1.21158e+02 1.97888e+02 2.62772e+02 2.64589e+02 2.38688e+02 2.41348e+02 2.54288e+02 2.60549e+02 2.69556e+02
5.00000e+01 1.21001e+02 1.97537e+02 2.62710e+02 2.64547e+02 2.37921e+02 2.40673e+02 2.53956e+02 2.60379e+02 2.69541e+02
5.00000e+01 1.20863e+02 1.97231e+02 2.62657e+02 2.64510e+02 2.37205e+02 2.40042e+02 2.53648e+02 2.60222e+02 2.69528e+02
5.00000e+01 1.20740e+02 1.96964e+02 2.62610e+02 2.64477e+02 2.36536e+02 2.39453e+02 2.53361e+02 2.60076e+02 2.69516e+02
5.00000e+01 1.20631e+02 1.96730e+02 2.62569e+02 2.64449e+02 2.35909e+02 2.38901e+02 2.53094e+02 2.59940e+02 2.69505e+02
5.00000e+01 1.20535e+02 1.96525e+02 2.62533e+02 2.64424e+02 2.35321e+02 2.38383e+02 2.52845e+02 2.59814e+02 2.69495e+02
5.00000e+01 1.20449e+02 1.96345e+02 2.62502e+02 2.64403e+02 2.34770e+02 2.37897e+02 2.52613e+02 2.59696e+02 2.69486e+02
5.00000e+01 1.20371e+02 1.96186e+02 2.62474e+02 2.64383e+02 2.34251e+02 2.37439e+02 2.52395e+02 2.59587e+02 2.69477e+02
5.00000e+01 1.20302e+02 1.96046e+02 2.62449e+02 2.64366e+02 2.33764e+02 2.37009e+02 2.52191e+02 2.59484e+02 2.69469e+02
5.00000e+01 1.20240e+02 1.95923e+02 2.62428e+02 2.64352e+02 2.33304e+02 2.36604e+02 2.52000e+02 2.59388e+02 2.69461e+02
5.00000e+01 1.20184e+02 1.95813e+02 2.62409e+02 2.64338e+02 2.32871e+02 2.36222e+02 2.51820e+02 2.59297e+02 2.69454e+02
5.00000e+01 1.20133e+02 1.95715e+02 2.62392e+02 2.64327e+02 2.32463e+02 2.35861e+02 2.51651e+02 2.59212e+02 2.69447e+02
5.00000e+01 1.20086e+02 1.95628e+02 2.62376e+02 2.64316e+02 2.32077e+02 2.35520e+02 2.51492e+02 2.59133e+02 2.69441e+02
5.00000e+01 1.20044e+02 1.95551e+02 2.62363e+02 2.64307e+02 2.31711e+02 2.35198e+02 2.51342e+02 2.59058e+02 2.69435e+02
5.00000e+01 1.20006e+02 1.95481e+02 2.62351e+02 2.64299e+02 2.31366e+02 2.34893e+02 2.51201e+02 2.58987e+02 2.69430e+02
