2.70000e+02 2.70000e+02 2.70000e+02 2.68749e+02 2.68359e+02 2.69900e+02 2.70027e+02 2.70582e+02 2.70736e+02 2.70859e+02
2.70000e+02 2.70000e+02 2.70000e+02 2.68749e+02 2.68359e+02 2.69900e+02 2.70027e+02 2.70582e+02 2.70736e+02 2.70859e+02
5.00000e+01 1.50000e+02 2.50000e+02 2.68687e+02 2.68353e+02 2.69491e+02 2.69672e+02 2.70358e+02 2.70560e+02 2.70775e+02
5.00000e+01 1.43474e+02 2.44467e+02 2.68429e+02 2.68258e+02 2.67891e+02 2.68246e+02 2.69479e+02 2.69799e+02 2.70609e+02
5.00000e+01 1.39594e+02 2.39004e+02 2.68021e+02 2.68062e+02 2.65651e+02 2.66230e+02 2.68278e+02 2.68797e+02 2.70461e+02
5.00000e+01 1.36631e+02 2.33524e+02 2.67499e+02 2.67780e+02 2.63205e+02 2.64028e+02 2.67008e+02 2.67839e+02 2.70340e+02
5.00000e+01 1.34069e+02 2.28363e+02 2.66903e+02 2.67436e+02 2.60744e+02 2.61816e+02 2.65763e+02 2.66992e+02 2.70241e+02
5.00000e+01 1.31863e+02 2.23812e+02 2.66280e+02 2.67056e+02 2.58358e+02 2.59672e+02 2.64579e+02 2.66248e+02 2.70156e+02
5.00000e+01 1.30049e+02 2.19895e+02 2.65664e+02 2.66668e+02 2.56091e+02 2.57634e+02 2.63471e+02 2.65590e+02 2.70084e+02
5.00000e+01 1.28559e+02 2.16555e+02 2.65082e+02 2.66292e+02 2.53960e+02 2.55718e+02 2.62446e+02 2.65006e+02 2.70020e+02
5.00000e+01 1.27327e+02 2.13715e+02 2.64546e+02 2.65940e+02 2.51970e+02 2.53930e+02 2.61501e+02 2.64483e+02 2.69965e+02
5.00000e+01 1.26298e+02 2.11300e+02 2.64062e+02 2.65618e+02 2.50121e+02 2.52268e+02 2.60636e+02 2.64013e+02 2.69915e+02
5.00000e+01 1.25435e+02 2.09245e+02 2.63630e+02 2.65328e+02 2.48405e+02 2.50727e+02 2.59843e+02 2.63591e+02 2.69872e+02
5.00000e+01 1.24704e+02 2.07494e+02 2.63249e+02 2.65071e+02 2.46817e+02 2.49302e+02 2.59119e+02 2.63209e+02 2.69833e+02
5.00000e+01 1.24084e+02 2.05997e+02 2.62914e+02 2.64843e+02 2.45347e+02 2.47984e+02 2.58457e+02 2.62865e+02 2.69798e+02
5.00000e+01 1.23553e+02 2.04717e+02 2.62621e+02 2.64644e+02 2.43988e+02 2.46766e+02 2.57851e+02 2.62552e+02 2.69767e+02
5.00000e+01 1.23098e+02 2.03618e+02 2.62365e+02 2.64469e+02 2.42730e+02 2.45640e+02 2.57297e+02 2.62268e+02 2.69739e+02
5.00000e+01 1.22706e+02 2.02673e+02 2.62141e+02 2.64317e+02 2.41566e+02 2.44599e+02 2.56790e+02 2.62010e+02 2.69714e+02
5.00000e+01 1.22367e+02 2.01860e+02 2.61947e+02 2.64184e+02 2.40488e+02 2.43636e+02 2.56324e+02 2.61774e+02 2.69691e+02
5.00000e+01 1.22073e+02 2.01158e+02 2.61777e+02 2.64068e+02 2.39490e+02 2.42744e+02 2.55896e+02 2.61558e+02 2.69670e+02
5.00000e+01 1.21817e+02 2.00552e+02 2.61630e+02 2.63967e+02 2.38565e+02 2.41919e+02 2.55503e+02 2.61361e+02 2.69651e+02
5.00000e+01 1.21593e+02 2.00026e+02 2.61501e+02 2.63879e+02 2.37708e+02 2.41154e+02 2.55141e+02 2.61180e+02 2.69633e+02
5.00000e+01 1.21398e+02 1.99571e+02 2.61389e+02 2.63802e+02 2.36912e+02 2.40444e+02 2.54807e+02 2.61014e+02 2.69618e+02
5.00000e+01 1.21227e+02 1.99174e+02 2.61291e+02 2.63735e+02 2.36174e+02 2.39786e+02 2.54499e+02 2.60861e+02 2.69603e+02
5.00000e+01 1.21076e+02 1.98830e+02 2.61205e+02 2.63677e+02 2.35488e+02 2.39174e+02 2.54215e+02 2.60719e+02 2.69590e+02
5.00000e+01 1.20943e+02 1.98529e+02 2.61131e+02 2.63626e+02 2.34850e+02 2.38607e+02 2.53952e+02 2.60589e+02 2.69577e+02
5.00000e+01 1.20826e+02 1.98267e+02 2.61065e+02 2.63581e+02 2.34258e+02 2.38079e+02 2.53708e+02 2.60469e+02 2.69566e+02
5.00000e+01 1.20722e+02 1.98037e+02 2.61008e+02 2.63542e+02 2.33707e+02 2.37588e+02 2.53482e+02 2.60357e+02 2.69556e+02
5.00000e+01 1.20630e+02 1.97837e+02 2.60958e+02 2.63508e+02 2.33198e+02 2.37135e+02 2.53274e+02 2.60255e+02 2.69546e+02
5.00000e+01 1.20550e+02 1.97664e+02 2.60914e+02 2.63478e+02 2.32734e+02 2.36722e+02 2.53085e+02 2.60162e+02 2.69538e+02
5.00000e+01 1.20478e+02 1.97511e+02 2.60876e+02 2.63452e+02 2.32300e+02 2.36336e+02 2.52909e+02 2.60076e+02 2.69530e+02
5.00000e+01 1.20414e+02 1.97376e+02 2.60843e+02 2.63429e+02 2.31894e+02 2.35975e+02 2.52745e+02 2.59995e+02 2.69522e+02
5.00000e+01 1.20356e+02 1.97256e+02 2.60813e+02 2.63409e+02 2.31515e+02 2.35637e+02 2.52592e+02 2.59920e+02 2.69515e+02
5.00000e+01 1.20304e+02 1.97150e+02 2.60787e+02 2.63391e+02 2.31161e+02 2.35322e+02 2.52449e+02 2.59850e+02 2.69509e+02
5.00000e+01 1.20257e+02 1.97056e+02 2.60763e+02 2.63375e+02 2.30829e+02 2.35027e+02 2.52315e+02 2.59785e+02 2.69503e+02
5.00000e+01 1.20214e+02 1.96972e+02 2.60742e+02 2.63361e+02 2.30520e+02 2.34752e+02 2.52191e+02 2.59724e+02 2.69497e+02
5.00000e+01 1.20176e+02 1.96898e+02 2.60724e+02 2.63349e+02 2.30230e+02 2.34494e+02 2.52074e+02 2.59666e+02 2.69492e+02
5.00000e+01 1.20141e+02 1.96831e+02 2.60707e+02 2.63337e+02 2.29959e+02 2.34253e+02 2.51966e+02 2.59613e+02 2.69487e+02
