2.70000000e+02
5.00000000e+01
5.00000000e+01
5.00000000e+01
5.00000000e+01
5.00000000e+01
5.00000000e+01
5.00000000e+01
5.00000000e+01
5.00000000e+01
5.00000000e+01
5.00000000e+01
5.00000000e+01
5.00000000e+01
5.00000000e+01
5.00000000e+01
5.00000000e+01
5.00000000e+01
5.00000000e+01
5.00000000e+01
5.00000000e+01
5.00000000e+01
5.00000000e+01
5.00000000e+01
5.00000000e+01
5.00000000e+01
5.00000000e+01
5.00000000e+01
5.00000000e+01
5.00000000e+01
5.00000000e+01
5.00000000e+01
5.00000000e+01
5.00000000e+01
5.00000000e+01
5.00000000e+01
5.00000000e+01
2.70000000e+02
1.50000000e+02
1.43527530e+02
1.39654175e+02
1.36687668e+02
1.34129639e+02
1.31918918e+02
1.30095452e+02
1.28595142e+02
1.27352760e+02
1.26316411e+02
1.25446044e+02
1.24710665e+02
1.24086041e+02
1.23553000e+02
1.23096203e+02
1.22703254e+02
1.22364047e+02
1.22070280e+02
1.21815088e+02
1.21592757e+02
1.21398515e+02
1.21228350e+02
1.21078883e+02
1.20947252e+02
1.20831031e+02
1.20728152e+02
1.20636853e+02
1.20555625e+02
1.20483174e+02
1.20418390e+02
1.20360317e+02
1.20308128e+02
1.20261112e+02
1.20219840e+02
1.20182666e+02
1.20148805e+02
2.70000000e+02
2.50000000e+02
2.44456164e+02
2.38951936e+02
2.33416610e+02
2.28193819e+02
2.23585258e+02
2.19620177e+02
2.16242272e+02
2.13375496e+02
2.10944522e+02
2.08881671e+02
2.07128622e+02
2.05636088e+02
2.04362781e+02
2.03274240e+02
2.02341717e+02
2.01541209e+02
2.00852645e+02
2.00259197e+02
1.99746734e+02
1.99303352e+02
1.98919009e+02
1.98585207e+02
1.98294747e+02
1.98041515e+02
1.97820308e+02
1.97626693e+02
1.97456888e+02
1.97307657e+02
1.97176234e+02
1.97060245e+02
1.96957653e+02
1.96866709e+02
1.96788017e+02
1.96718331e+02
1.96655869e+02
2.68729405e+02
2.68630618e+02
2.68376308e+02
2.67998021e+02
2.67524905e+02
2.66997632e+02
2.66456735e+02
2.65933523e+02
2.65447048e+02
2.65006276e+02
2.64613537e+02
2.64267346e+02
2.63964281e+02
2.63700119e+02
2.63470478e+02
2.63271149e+02
2.63098261e+02
2.62948337e+02
2.62818303e+02
2.62705468e+02
2.62607489e+02
2.62522337e+02
2.62448257e+02
2.62383737e+02
2.62327472e+02
2.62278339e+02
2.62235372e+02
2.62197739e+02
2.62164722e+02
2.62135706e+02
2.62110160e+02
2.62087626e+02
2.62067710e+02
2.62050072e+02
2.62034612e+02
2.62021036e+02
2.62008957e+02
2.68384524e+02
2.68354827e+02
2.68239957e+02
2.68037957e+02
2.67762385e+02
2.67437099e+02
2.67089557e+02
2.66743469e+02
2.66415106e+02
2.66113453e+02
2.65842141e+02
2.65601454e+02
2.65389827e+02
2.65204810e+02
2.65043635e+02
2.64903534e+02
2.64781898e+02
2.64676350e+02
2.64584768e+02
2.64505281e+02
2.64436255e+02
2.64376268e+02
2.64324089e+02
2.64278653e+02
2.64239043e+02
2.64204466e+02
2.64174241e+02
2.64147780e+02
2.64124578e+02
2.64104198e+02
2.64086267e+02
2.64070460e+02
2.64056499e+02
2.64044143e+02
2.64033373e+02
2.64023846e+02
2.64015384e+02
2.70373142e+02
2.70008102e+02
2.68484812e+02
2.66295916e+02
2.63855938e+02
2.61361693e+02
2.58914551e+02
2.56568140e+02
2.54350094e+02
2.52272654e+02
2.50338681e+02
2.48545436e+02
2.46886962e+02
2.45355569e+02
2.43942767e+02
2.42639846e+02
2.41438237e+02
2.40329723e+02
2.39306558e+02
2.38361524e+02
2.37487954e+02
2.36679725e+02
2.35931235e+02
2.35237378e+02
2.34593506e+02
2.33995396e+02
2.33439214e+02
2.32921481e+02
2.32439038e+02
2.31989020e+02
2.31568825e+02
2.31176088e+02
2.30808662e+02
2.30464591e+02
2.30152767e+02
2.29863010e+02
2.29589927e+02
2.70406498e+02
2.70088046e+02
2.68724054e+02
2.66737221e+02
2.64519484e+02
2.62256673e+02
2.60041219e+02
2.57920571e+02
2.55918621e+02
2.54045629e+02
2.52303584e+02
2.50689541e+02
2.49197730e+02
2.47820890e+02
2.46551109e+02
2.45380339e+02
2.44300718e+02
2.43304747e+02
2.42385388e+02
2.41536113e+02
2.40750905e+02
2.40024254e+02
2.39351132e+02
2.38726958e+02
2.38147570e+02
2.37609190e+02
2.37108389e+02
2.36642056e+02
2.36207371e+02
2.35801770e+02
2.35422930e+02
2.35068737e+02
2.34737272e+02
2.34426786e+02
2.34145470e+02
2.33883955e+02
2.33637267e+02
2.70483236e+02
2.70307418e+02
2.69437148e+02
2.68219843e+02
2.66917126e+02
2.65626533e+02
2.64387720e+02
2.63218231e+02
2.62125578e+02
2.61111622e+02
2.60174776e+02
2.59311462e+02
2.58517064e+02
2.57786542e+02
2.57114796e+02
2.56496887e+02
2.55928150e+02
2.55404250e+02
2.54921203e+02
2.54475370e+02
2.54063442e+02
2.53682419e+02
2.53329587e+02
2.53002491e+02
2.52698910e+02
2.52416838e+02
2.52154461e+02
2.51910137e+02
2.51682381e+02
2.51469846e+02
2.51271313e+02
2.51085672e+02
2.50911919e+02
2.50749138e+02
2.50600627e+02
2.50462357e+02
2.50332288e+02
2.70619373e+02
2.70484223e+02
2.69774834e+02
2.68798835e+02
2.67844441e+02
2.66985244e+02
2.66220710e+02
2.65536887e+02
2.64921401e+02
2.64364887e+02
2.63860028e+02
2.63400824e+02
2.62982203e+02
2.62599798e+02
2.62249811e+02
2.61928919e+02
2.61634200e+02
2.61363080e+02
2.61113280e+02
2.60882780e+02
2.60669785e+02
2.60472693e+02
2.60290073e+02
2.60120646e+02
2.59963263e+02
2.59816893e+02
2.59680605e+02
2.59553561e+02
2.59435006e+02
2.59324255e+02
2.59220687e+02
2.59123741e+02
2.59032906e+02
2.58947717e+02
2.58869915e+02
2.58797326e+02
2.58728905e+02
2.70867995e+02
2.70787564e+02
2.70623439e+02
2.70478811e+02
2.70362763e+02
2.70267717e+02
2.70187677e+02
2.70118891e+02
2.70059054e+02
2.70006583e+02
2.69960292e+02
2.69919251e+02
2.69882710e+02
2.69850053e+02
2.69820766e+02
2.69794418e+02
2.69770645e+02
2.69749135e+02
2.69729622e+02
2.69711878e+02
2.69695703e+02
2.69680928e+02
2.69667402e+02
2.69654994e+02
2.69643591e+02
2.69633091e+02
2.69623406e+02
2.69614458e+02
2.69606176e+02
2.69598501e+02
2.69591375e+02
2.69584751e+02
2.69578585e+02
2.69572838e+02
2.69567606e+02
2.69562757e+02
2.69558215e+02
