2.70000e+02 2.70000e+02 2.70000e+02 2.68705e+02 2.68360e+02 2.68180e+02 2.68584e+02 2.70277e+02 2.70701e+02 2.70869e+02
2.70000e+02 2.70000e+02 2.70000e+02 2.68705e+02 2.68360e+02 2.68180e+02 2.68584e+02 2.70277e+02 2.70701e+02 2.70869e+02
5.00000e+01 1.50000e+02 2.50000e+02 2.68605e+02 2.68330e+02 2.67979e+02 2.68407e+02 2.70031e+02 2.70511e+02 2.70769e+02
5.00000e+01 1.43805e+02 2.44422e+02 2.68347e+02 2.68215e+02 2.66528e+02 2.67109e+02 2.69050e+02 2.69685e+02 2.70566e+02
5.00000e+01 1.39990e+02 2.38903e+02 2.67963e+02 2.68012e+02 2.64336e+02 2.65114e+02 2.67715e+02 2.68592e+02 2.70387e+02
5.00000e+01 1.37046e+02 2.33369e+02 2.67482e+02 2.67734e+02 2.61855e+02 2.62849e+02 2.66300e+02 2.67542e+02 2.70244e+02
5.00000e+01 1.34534e+02 2.28153e+02 2.66947e+02 2.67407e+02 2.59300e+02 2.60517e+02 2.64907e+02 2.66609e+02 2.70128e+02
5.00000e+01 1.32398e+02 2.23556e+02 2.66400e+02 2.67058e+02 2.56781e+02 2.58223e+02 2.63578e+02 2.65789e+02 2.70030e+02
5.00000e+01 1.30586e+02 2.19607e+02 2.65873e+02 2.66712e+02 2.54359e+02 2.56020e+02 2.62330e+02 2.65062e+02 2.69946e+02
5.00000e+01 1.29087e+02 2.16247e+02 2.65385e+02 2.66385e+02 2.52060e+02 2.53935e+02 2.61170e+02 2.64415e+02 2.69874e+02
5.00000e+01 1.27842e+02 2.13395e+02 2.64945e+02 2.66086e+02 2.49900e+02 2.51979e+02 2.60098e+02 2.63834e+02 2.69811e+02
5.00000e+01 1.26801e+02 2.10977e+02 2.64553e+02 2.65817e+02 2.47883e+02 2.50155e+02 2.59112e+02 2.63312e+02 2.69755e+02
5.00000e+01 1.25925e+02 2.08925e+02 2.64208e+02 2.65579e+02 2.46006e+02 2.48462e+02 2.58206e+02 2.62841e+02 2.69706e+02
5.00000e+01 1.25184e+02 2.07181e+02 2.63907e+02 2.65371e+02 2.44266e+02 2.46894e+02 2.57376e+02 2.62414e+02 2.69662e+02
5.00000e+01 1.24553e+02 2.05695e+02 2.63645e+02 2.65189e+02 2.42655e+02 2.45444e+02 2.56615e+02 2.62028e+02 2.69623e+02
5.00000e+01 1.24015e+02 2.04428e+02 2.63418e+02 2.65030e+02 2.41165e+02 2.44105e+02 2.55918e+02 2.61676e+02 2.69589e+02
5.00000e+01 1.23553e+02 2.03345e+02 2.63221e+02 2.64893e+02 2.39788e+02 2.42869e+02 2.55278e+02 2.61356e+02 2.69558e+02
5.00000e+01 1.23155e+02 2.02417e+02 2.63050e+02 2.64774e+02 2.38516e+02 2.41728e+02 2.54691e+02 2.61063e+02 2.69530e+02
5.00000e+01 1.22811e+02 2.01620e+02 2.62902e+02 2.64670e+02 2.37341e+02 2.40675e+02 2.54152e+02 2.60796e+02 2.69504e+02
5.00000e+01 1.22513e+02 2.00935e+02 2.62774e+02 2.64581e+02 2.36255e+02 2.39702e+02 2.53656e+02 2.60550e+02 2.69481e+02
5.00000e+01 1.22253e+02 2.00344e+02 2.62662e+02 2.64503e+02 2.35251e+02 2.38802e+02 2.53199e+02 2.60325e+02 2.69461e+02
5.00000e+01 1.22027e+02 1.99833e+02 2.62566e+02 2.64435e+02 2.34322e+02 2.37971e+02 2.52778e+02 2.60117e+02 2.69442e+02
5.00000e+01 1.21829e+02 1.99392e+02 2.62482e+02 2.64377e+02 2.33462e+02 2.37201e+02 2.52389e+02 2.59926e+02 2.69425e+02
5.00000e+01 1.21655e+02 1.99009e+02 2.62409e+02 2.64326e+02 2.32666e+02 2.36488e+02 2.52030e+02 2.59750e+02 2.69409e+02
5.00000e+01 1.21503e+02 1.98676e+02 2.62346e+02 2.64282e+02 2.31928e+02 2.35827e+02 2.51698e+02 2.59586e+02 2.69395e+02
5.00000e+01 1.21368e+02 1.98386e+02 2.62290e+02 2.64243e+02 2.31243e+02 2.35214e+02 2.51390e+02 2.59435e+02 2.69381e+02
5.00000e+01 1.21249e+02 1.98134e+02 2.62242e+02 2.64209e+02 2.30607e+02 2.34644e+02 2.51105e+02 2.59295e+02 2.69369e+02
5.00000e+01 1.21143e+02 1.97913e+02 2.62200e+02 2.64180e+02 2.30016e+02 2.34115e+02 2.50840e+02 2.59165e+02 2.69358e+02
5.00000e+01 1.21049e+02 1.97719e+02 2.62163e+02 2.64154e+02 2.29466e+02 2.33623e+02 2.50594e+02 2.59044e+02 2.69348e+02
5.00000e+01 1.20966e+02 1.97549e+02 2.62130e+02 2.64131e+02 2.28955e+02 2.33165e+02 2.50365e+02 2.58932e+02 2.69338e+02
5.00000e+01 1.20891e+02 1.97400e+02 2.62101e+02 2.64111e+02 2.28478e+02 2.32738e+02 2.50152e+02 2.58827e+02 2.69329e+02
5.00000e+01 1.20825e+02 1.97270e+02 2.62076e+02 2.64094e+02 2.28042e+02 2.32347e+02 2.49956e+02 2.58731e+02 2.69321e+02
5.00000e+01 1.20767e+02 1.97156e+02 2.62054e+02 2.64079e+02 2.27642e+02 2.31990e+02 2.49776e+02 2.58643e+02 2.69314e+02
5.00000e+01 1.20714e+02 1.97056e+02 2.62035e+02 2.64065e+02 2.27268e+02 2.31654e+02 2.49608e+02 2.58560e+02 2.69307e+02
5.00000e+01 1.20666e+02 1.96966e+02 2.62018e+02 2.64053e+02 2.26917e+02 2.31339e+02 2.49451e+02 2.58483e+02 2.69301e+02
5.00000e+01 1.20623e+02 1.96885e+02 2.62003e+02 2.64043e+02 2.26588e+02 2.31044e+02 2.49304e+02 2.58410e+02 2.69295e+02
5.00000e+01 1.20583e+02 1.96814e+02 2.61989e+02 2.64033e+02 2.26279e+02 2.30767e+02 2.49166e+02 2.58342e+02 2.69290e+02
5.00000e+01 1.20548e+02 1.96749e+02 2.61977e+02 2.64025e+02 2.25990e+02 2.30507e+02 2.49037e+02 2.58278e+02 2.69284e+02
