2.70000000e+02
5.00000000e+01
5.00000000e+01
5.00000000e+01
5.00000000e+01
5.00000000e+01
5.00000000e+01
5.00000000e+01
5.00000000e+01
5.00000000e+01
5.00000000e+01
5.00000000e+01
5.00000000e+01
5.00000000e+01
5.00000000e+01
5.00000000e+01
5.00000000e+01
5.00000000e+01
5.00000000e+01
5.00000000e+01
5.00000000e+01
5.00000000e+01
5.00000000e+01
5.00000000e+01
5.00000000e+01
5.00000000e+01
5.00000000e+01
5.00000000e+01
5.00000000e+01
5.00000000e+01
5.00000000e+01
5.00000000e+01
5.00000000e+01
5.00000000e+01
5.00000000e+01
5.00000000e+01
5.00000000e+01
2.70000000e+02
1.50000000e+02
1.43852574e+02
1.40045815e+02
1.37102100e+02
1.34588062e+02
1.32470494e+02
1.30660581e+02
1.29158751e+02
1.27910179e+02
1.26866041e+02
1.25987630e+02
1.25244618e+02
1.24613094e+02
1.24074012e+02
1.23612054e+02
1.23214781e+02
1.22872014e+02
1.22575365e+02
1.22317878e+02
1.22093760e+02
1.21898161e+02
1.21727003e+02
1.21576850e+02
1.21444794e+02
1.21328368e+02
1.21225472e+02
1.21134316e+02
1.21053370e+02
1.20981325e+02
1.20917054e+02
1.20859590e+02
1.20810030e+02
1.20765247e+02
1.20724781e+02
1.20688162e+02
1.20654967e+02
2.70000000e+02
2.50000000e+02
2.44401077e+02
2.38814790e+02
2.33195505e+02
2.27891943e+02
2.23211184e+02
2.19186706e+02
2.15757547e+02
2.12845310e+02
2.10374132e+02
2.08276150e+02
2.06492810e+02
2.04974491e+02
2.03679493e+02
2.02572904e+02
2.01625524e+02
2.00812912e+02
2.00114590e+02
1.99513364e+02
1.98994775e+02
1.98546638e+02
1.98158666e+02
1.97822154e+02
1.97529730e+02
1.97275134e+02
1.97053045e+02
1.96858934e+02
1.96688939e+02
1.96539763e+02
1.96408588e+02
1.96293003e+02
1.96194457e+02
1.96106866e+02
1.96028861e+02
1.95959255e+02
1.95897022e+02
2.68659733e+02
2.68583985e+02
2.68352738e+02
2.67993823e+02
2.67539418e+02
2.67033232e+02
2.66516518e+02
2.66019677e+02
2.65560449e+02
2.65146572e+02
2.64779472e+02
2.64457118e+02
2.64175837e+02
2.63931355e+02
2.63719357e+02
2.63535766e+02
2.63376871e+02
2.63239363e+02
2.63120333e+02
2.63017242e+02
2.62927891e+02
2.62850377e+02
2.62783062e+02
2.62724533e+02
2.62673577e+02
2.62629153e+02
2.62590365e+02
2.62556444e+02
2.62526729e+02
2.62500654e+02
2.62477730e+02
2.62457540e+02
2.62440079e+02
2.62424744e+02
2.62411148e+02
2.62399044e+02
2.62388239e+02
2.68285175e+02
2.68268686e+02
2.68182306e+02
2.68014582e+02
2.67776537e+02
2.67490780e+02
2.67183489e+02
2.66876975e+02
2.66586408e+02
2.66320049e+02
2.66081113e+02
2.65869725e+02
2.65684346e+02
2.65522679e+02
2.65382175e+02
2.65260315e+02
2.65154745e+02
2.65063328e+02
2.64984171e+02
2.64915606e+02
2.64856182e+02
2.64804641e+02
2.64759894e+02
2.64721004e+02
2.64687162e+02
2.64657675e+02
2.64631945e+02
2.64609459e+02
2.64589776e+02
2.64572517e+02
2.64557357e+02
2.64544016e+02
2.64532548e+02
2.64522397e+02
2.64513419e+02
2.64505443e+02
2.64498334e+02
2.70379715e+02
2.70123489e+02
2.68671530e+02
2.66497214e+02
2.64043429e+02
2.61527479e+02
2.59060971e+02
2.56701378e+02
2.54476037e+02
2.52395958e+02
2.50462780e+02
2.48672739e+02
2.47019093e+02
2.45493606e+02
2.44087443e+02
2.42791712e+02
2.41597778e+02
2.40497444e+02
2.39483037e+02
2.38547448e+02
2.37684130e+02
2.36887079e+02
2.36150806e+02
2.35470303e+02
2.34841001e+02
2.34258737e+02
2.33719716e+02
2.33220474e+02
2.32757856e+02
2.32328977e+02
2.31931202e+02
2.31562121e+02
2.31233573e+02
2.30927819e+02
2.30642706e+02
2.30376793e+02
2.30128738e+02
2.70536366e+02
2.70259561e+02
2.68819542e+02
2.66728160e+02
2.64419542e+02
2.62087543e+02
2.59823985e+02
2.57673165e+02
2.55654514e+02
2.53774554e+02
2.52032462e+02
2.50423214e+02
2.48939534e+02
2.47573103e+02
2.46315287e+02
2.45157576e+02
2.44091826e+02
2.43110388e+02
2.42206170e+02
2.41372642e+02
2.40603827e+02
2.39894270e+02
2.39239004e+02
2.38633508e+02
2.38073673e+02
2.37555759e+02
2.37076365e+02
2.36632392e+02
2.36221018e+02
2.35839668e+02
2.35485990e+02
2.35157836e+02
2.34866431e+02
2.34594706e+02
2.34341084e+02
2.34104470e+02
2.33883747e+02
2.71087816e+02
2.70833408e+02
2.69841199e+02
2.68493239e+02
2.67069944e+02
2.65676045e+02
2.64353302e+02
2.63118701e+02
2.61977389e+02
2.60928725e+02
2.59968828e+02
2.59092066e+02
2.58292044e+02
2.57562203e+02
2.56896184e+02
2.56288012e+02
2.55732183e+02
2.55223688e+02
2.54758008e+02
2.54331078e+02
2.53939257e+02
2.53579282e+02
2.53248233e+02
2.52943493e+02
2.52662716e+02
2.52403793e+02
2.52164830e+02
2.51944119e+02
2.51740119e+02
2.51551439e+02
2.51376816e+02
2.51215108e+02
2.51069912e+02
2.50935259e+02
2.50810316e+02
2.50694207e+02
2.50586195e+02
2.71092740e+02
2.70900595e+02
2.70069695e+02
2.68955986e+02
2.67877772e+02
2.66916206e+02
2.66070126e+02
2.65322960e+02
2.64658935e+02
2.64065857e+02
2.63534247e+02
2.63056374e+02
2.62625726e+02
2.62236737e+02
2.61884606e+02
2.61565179e+02
2.61274850e+02
2.61010477e+02
2.60769321e+02
2.60548985e+02
2.60347364e+02
2.60162606e+02
2.59993080e+02
2.59837337e+02
2.59694096e+02
2.59562213e+02
2.59440669e+02
2.59328552e+02
2.59225041e+02
2.59129403e+02
2.59040972e+02
2.58959150e+02
2.58885612e+02
2.58817302e+02
2.58753990e+02
2.58695249e+02
2.58640685e+02
2.70892970e+02
2.70792339e+02
2.70591024e+02
2.70414259e+02
2.70272900e+02
2.70157688e+02
2.70061366e+02
2.69979201e+02
2.69908172e+02
2.69846273e+02
2.69792013e+02
2.69744224e+02
2.69701961e+02
2.69664444e+02
2.69631028e+02
2.69601170e+02
2.69574411e+02
2.69550364e+02
2.69528696e+02
2.69509126e+02
2.69491409e+02
2.69475336e+02
2.69460725e+02
2.69447418e+02
2.69435278e+02
2.69424183e+02
2.69414030e+02
2.69404724e+02
2.69396184e+02
2.69388336e+02
2.69381118e+02
2.69374470e+02
2.69368508e+02
2.69363012e+02
2.69357937e+02
2.69353243e+02
2.69348894e+02
