2.70000000e+02
5.00000000e+01
5.00000000e+01
5.00000000e+01
5.00000000e+01
5.00000000e+01
5.00000000e+01
5.00000000e+01
5.00000000e+01
5.00000000e+01
5.00000000e+01
5.00000000e+01
5.00000000e+01
5.00000000e+01
5.00000000e+01
5.00000000e+01
5.00000000e+01
5.00000000e+01
5.00000000e+01
5.00000000e+01
5.00000000e+01
5.00000000e+01
5.00000000e+01
5.00000000e+01
5.00000000e+01
5.00000000e+01
5.00000000e+01
5.00000000e+01
5.00000000e+01
5.00000000e+01
5.00000000e+01
5.00000000e+01
5.00000000e+01
5.00000000e+01
5.00000000e+01
5.00000000e+01
5.00000000e+01
2.70000000e+02
1.50000000e+02
1.43571281e+02
1.39722259e+02
1.36783252e+02
1.34259839e+02
1.32072862e+02
1.30264470e+02
1.28775774e+02
1.27542646e+02
1.26513643e+02
1.25648992e+02
1.24917927e+02
1.24296421e+02
1.23765493e+02
1.23309983e+02
1.22917656e+02
1.22578550e+02
1.22284486e+02
1.22028705e+02
1.21805586e+02
1.21610427e+02
1.21439278e+02
1.21288808e+02
1.21156194e+02
1.21039037e+02
1.20935293e+02
1.20843215e+02
1.20761305e+02
1.20689963e+02
1.20626500e+02
1.20569431e+02
1.20518037e+02
1.20471671e+02
1.20429759e+02
1.20391801e+02
1.20357358e+02
2.70000000e+02
2.50000000e+02
2.44515107e+02
2.39076166e+02
2.33634980e+02
2.28514553e+02
2.24007233e+02
2.20137699e+02
2.16846570e+02
2.14056673e+02
2.11692664e+02
2.09687407e+02
2.07983392e+02
2.06532243e+02
2.05293600e+02
2.04233887e+02
2.03325179e+02
2.02544218e+02
2.01871592e+02
2.01291058e+02
2.00788987e+02
2.00353913e+02
1.99976163e+02
1.99647558e+02
1.99361162e+02
1.99111086e+02
1.98892312e+02
1.98700563e+02
1.98532181e+02
1.98386929e+02
1.98259406e+02
1.98146415e+02
1.98046118e+02
1.97956919e+02
1.97877437e+02
1.97806475e+02
1.97742996e+02
2.68763236e+02
2.68653189e+02
2.68376797e+02
2.67973441e+02
2.67475641e+02
2.66925101e+02
2.66362437e+02
2.65819006e+02
2.65313918e+02
2.64856161e+02
2.64448031e+02
2.64087960e+02
2.63772417e+02
2.63497053e+02
2.63257359e+02
2.63049009e+02
2.62868020e+02
2.62710817e+02
2.62574241e+02
2.62455522e+02
2.62352251e+02
2.62262338e+02
2.62183977e+02
2.62115607e+02
2.62055882e+02
2.62003641e+02
2.61957883e+02
2.61917747e+02
2.61882488e+02
2.61851748e+02
2.61824904e+02
2.61801236e+02
2.61780275e+02
2.61761664e+02
2.61745103e+02
2.61730337e+02
2.61717146e+02
2.68412495e+02
2.68377497e+02
2.68247777e+02
2.68026563e+02
2.67730780e+02
2.67385897e+02
2.67019914e+02
2.66656740e+02
2.66312731e+02
2.65996880e+02
2.65712768e+02
2.65460598e+02
2.65238698e+02
2.65044506e+02
2.64875141e+02
2.64727726e+02
2.64599556e+02
2.64488166e+02
2.64391356e+02
2.64307190e+02
2.64233971e+02
2.64170228e+02
2.64114682e+02
2.64066229e+02
2.64023914e+02
2.63986914e+02
2.63954519e+02
2.63926115e+02
2.63901175e+02
2.63879518e+02
2.63860505e+02
2.63843762e+02
2.63828956e+02
2.63815822e+02
2.63804145e+02
2.63793741e+02
2.63784454e+02
2.73974973e+02
2.73038014e+02
2.70627234e+02
2.67623507e+02
2.64535420e+02
2.61547384e+02
2.58729174e+02
2.56104445e+02
2.53677596e+02
2.51443692e+02
2.49392978e+02
2.47513418e+02
2.45792137e+02
2.44216253e+02
2.42773341e+02
2.41451677e+02
2.40240368e+02
2.39129391e+02
2.38109584e+02
2.37172617e+02
2.36310937e+02
2.35517716e+02
2.34786786e+02
2.34112578e+02
2.33490073e+02
2.32914738e+02
2.32382484e+02
2.31889617e+02
2.31432801e+02
2.31021560e+02
2.30640886e+02
2.30285457e+02
2.29953739e+02
2.29644042e+02
2.29354758e+02
2.29084391e+02
2.28831558e+02
2.73599613e+02
2.73194484e+02
2.71774774e+02
2.69647371e+02
2.67220035e+02
2.64720102e+02
2.62267029e+02
2.59922704e+02
2.57717655e+02
2.55664522e+02
2.53765336e+02
2.52015940e+02
2.50408741e+02
2.48934435e+02
2.47583055e+02
2.46344613e+02
2.45209472e+02
2.44168546e+02
2.43213397e+02
2.42336272e+02
2.41530093e+02
2.40788428e+02
2.40105452e+02
2.39475896e+02
2.38895004e+02
2.38358483e+02
2.37862456e+02
2.37403424e+02
2.36978228e+02
2.36593772e+02
2.36239530e+02
2.35909208e+02
2.35601146e+02
2.35313727e+02
2.35045414e+02
2.34794783e+02
2.34560524e+02
2.72344518e+02
2.72081755e+02
2.71093377e+02
2.69756736e+02
2.68339742e+02
2.66940762e+02
2.65600753e+02
2.64338703e+02
2.63163087e+02
2.62076139e+02
2.61076120e+02
2.60158928e+02
2.59319208e+02
2.58551079e+02
2.57848580e+02
2.57205940e+02
2.56617719e+02
2.56078884e+02
2.55584826e+02
2.55131360e+02
2.54714699e+02
2.54331432e+02
2.53978488e+02
2.53653108e+02
2.53352810e+02
2.53075362e+02
2.52818757e+02
2.52581187e+02
2.52361023e+02
2.52160954e+02
2.51976251e+02
2.51804391e+02
2.51644294e+02
2.51494984e+02
2.51355601e+02
2.51225377e+02
2.51103620e+02
2.71679746e+02
2.71484032e+02
2.70669841e+02
2.69602638e+02
2.68585373e+02
2.67685936e+02
2.66896264e+02
2.66197207e+02
2.65573247e+02
2.65013175e+02
2.64508515e+02
2.64052466e+02
2.63639354e+02
2.63264333e+02
2.62923214e+02
2.62612352e+02
2.62328554e+02
2.62069021e+02
2.61831292e+02
2.61613194e+02
2.61412809e+02
2.61228436e+02
2.61058565e+02
2.60901854e+02
2.60757106e+02
2.60623250e+02
2.60499327e+02
2.60384477e+02
2.60277928e+02
2.60181005e+02
2.60091371e+02
2.60007825e+02
2.59929914e+02
2.59857192e+02
2.59789253e+02
2.59725726e+02
2.59666280e+02
2.70978514e+02
2.70882555e+02
2.70682308e+02
2.70502297e+02
2.70355973e+02
2.70235290e+02
2.70133292e+02
2.70045427e+02
2.69968850e+02
2.69901602e+02
2.69842216e+02
2.69789538e+02
2.69742633e+02
2.69700727e+02
2.69663172e+02
2.69629422e+02
2.69599009e+02
2.69571538e+02
2.69546664e+02
2.69524092e+02
2.69503567e+02
2.69484865e+02
2.69467793e+02
2.69452180e+02
2.69437877e+02
2.69424753e+02
2.69412692e+02
2.69401591e+02
2.69391360e+02
2.69382101e+02
2.69373610e+02
2.69365738e+02
2.69358432e+02
2.69351644e+02
2.69345329e+02
2.69339448e+02
2.69333966e+02
