2.70000e+02 2.70000e+02 2.70000e+02 2.68709e+02 2.68313e+02 2.67331e+02 2.67811e+02 2.69916e+02 2.70503e+02 2.70850e+02
2.70000e+02 2.70000e+02 2.70000e+02 2.68709e+02 2.68313e+02 2.67331e+02 2.67811e+02 2.69916e+02 2.70503e+02 2.70850e+02
5.00000e+01 1.50000e+02 2.50000e+02 2.68628e+02 2.68295e+02 2.67148e+02 2.67659e+02 2.69702e+02 2.70341e+02 2.70770e+02
5.00000e+01 1.43445e+02 2.44393e+02 2.68391e+02 2.68208e+02 2.65784e+02 2.66484e+02 2.68822e+02 2.69608e+02 2.70606e+02
5.00000e+01 1.39567e+02 2.38822e+02 2.68022e+02 2.68037e+02 2.63783e+02 2.64711e+02 2.67624e+02 2.68622e+02 2.70462e+02
5.00000e+01 1.36599e+02 2.33207e+02 2.67553e+02 2.67794e+02 2.61570e+02 2.62728e+02 2.66363e+02 2.67667e+02 2.70348e+02
5.00000e+01 1.34031e+02 2.27905e+02 2.67023e+02 2.67498e+02 2.59331e+02 2.60708e+02 2.65128e+02 2.66817e+02 2.70255e+02
5.00000e+01 1.31820e+02 2.23218e+02 2.66474e+02 2.67174e+02 2.57152e+02 2.58736e+02 2.63957e+02 2.66069e+02 2.70178e+02
5.00000e+01 1.30000e+02 2.19175e+02 2.65939e+02 2.66847e+02 2.55076e+02 2.56853e+02 2.62863e+02 2.65410e+02 2.70112e+02
5.00000e+01 1.28505e+02 2.15722e+02 2.65438e+02 2.66532e+02 2.53122e+02 2.55079e+02 2.61852e+02 2.64824e+02 2.70055e+02
5.00000e+01 1.27266e+02 2.12783e+02 2.64981e+02 2.66240e+02 2.51299e+02 2.53423e+02 2.60922e+02 2.64302e+02 2.70006e+02
5.00000e+01 1.26233e+02 2.10285e+02 2.64572e+02 2.65975e+02 2.49605e+02 2.51885e+02 2.60072e+02 2.63835e+02 2.69963e+02
5.00000e+01 1.25365e+02 2.08160e+02 2.64210e+02 2.65738e+02 2.48037e+02 2.50463e+02 2.59296e+02 2.63415e+02 2.69925e+02
5.00000e+01 1.24632e+02 2.06350e+02 2.63892e+02 2.65529e+02 2.46588e+02 2.49149e+02 2.58587e+02 2.63038e+02 2.69892e+02
5.00000e+01 1.24010e+02 2.04807e+02 2.63615e+02 2.65345e+02 2.45250e+02 2.47938e+02 2.57942e+02 2.62697e+02 2.69862e+02
5.00000e+01 1.23479e+02 2.03488e+02 2.63373e+02 2.65185e+02 2.44015e+02 2.46821e+02 2.57352e+02 2.62389e+02 2.69836e+02
5.00000e+01 1.23025e+02 2.02360e+02 2.63163e+02 2.65046e+02 2.42875e+02 2.45790e+02 2.56814e+02 2.62109e+02 2.69813e+02
5.00000e+01 1.22634e+02 2.01392e+02 2.62980e+02 2.64924e+02 2.41822e+02 2.44840e+02 2.56322e+02 2.61855e+02 2.69792e+02
5.00000e+01 1.22297e+02 2.00561e+02 2.62822e+02 2.64819e+02 2.40849e+02 2.43962e+02 2.55871e+02 2.61624e+02 2.69773e+02
5.00000e+01 1.22006e+02 1.99846e+02 2.62684e+02 2.64728e+02 2.39950e+02 2.43151e+02 2.55457e+02 2.61412e+02 2.69756e+02
5.00000e+01 1.21753e+02 1.99230e+02 2.62565e+02 2.64648e+02 2.39116e+02 2.42401e+02 2.55077e+02 2.61219e+02 2.69740e+02
5.00000e+01 1.21533e+02 1.98698e+02 2.62462e+02 2.64579e+02 2.38344e+02 2.41705e+02 2.54727e+02 2.61041e+02 2.69726e+02
5.00000e+01 1.21341e+02 1.98238e+02 2.62372e+02 2.64520e+02 2.37628e+02 2.41060e+02 2.54404e+02 2.60878e+02 2.69714e+02
5.00000e+01 1.21174e+02 1.97839e+02 2.62294e+02 2.64468e+02 2.36962e+02 2.40461e+02 2.54106e+02 2.60727e+02 2.69702e+02
5.00000e+01 1.21027e+02 1.97494e+02 2.62226e+02 2.64422e+02 2.36342e+02 2.39903e+02 2.53830e+02 2.60588e+02 2.69692e+02
5.00000e+01 1.20898e+02 1.97193e+02 2.62167e+02 2.64383e+02 2.35765e+02 2.39384e+02 2.53574e+02 2.60459e+02 2.69682e+02
5.00000e+01 1.20784e+02 1.96932e+02 2.62115e+02 2.64349e+02 2.35226e+02 2.38900e+02 2.53336e+02 2.60339e+02 2.69673e+02
5.00000e+01 1.20683e+02 1.96704e+02 2.62070e+02 2.64319e+02 2.34723e+02 2.38448e+02 2.53115e+02 2.60228e+02 2.69665e+02
5.00000e+01 1.20595e+02 1.96505e+02 2.62031e+02 2.64293e+02 2.34253e+02 2.38025e+02 2.52909e+02 2.60125e+02 2.69658e+02
5.00000e+01 1.20516e+02 1.96330e+02 2.61996e+02 2.64270e+02 2.33812e+02 2.37629e+02 2.52717e+02 2.60028e+02 2.69651e+02
5.00000e+01 1.20445e+02 1.96178e+02 2.61966e+02 2.64250e+02 2.33399e+02 2.37258e+02 2.52537e+02 2.59938e+02 2.69644e+02
5.00000e+01 1.20382e+02 1.96043e+02 2.61939e+02 2.64232e+02 2.33011e+02 2.36909e+02 2.52369e+02 2.59854e+02 2.69638e+02
5.00000e+01 1.20326e+02 1.95925e+02 2.61916e+02 2.64217e+02 2.32647e+02 2.36582e+02 2.52211e+02 2.59774e+02 2.69632e+02
5.00000e+01 1.20276e+02 1.95821e+02 2.61895e+02 2.64203e+02 2.32304e+02 2.36274e+02 2.52063e+02 2.59700e+02 2.69627e+02
5.00000e+01 1.20231e+02 1.95728e+02 2.61877e+02 2.64191e+02 2.31982e+02 2.35984e+02 2.51924e+02 2.59631e+02 2.69622e+02
5.00000e+01 1.20190e+02 1.95647e+02 2.61861e+02 2.64180e+02 2.31677e+02 2.35710e+02 2.51793e+02 2.59565e+02 2.69618e+02
5.00000e+01 1.20153e+02 1.95574e+02 2.61847e+02 2.64171e+02 2.31390e+02 2.35452e+02 2.51670e+02 2.59503e+02 2.69614e+02
5.00000e+01 1.20119e+02 1.95509e+02 2.61834e+02 2.64163e+02 2.31119e+02 2.35208e+02 2.51553e+02 2.59445e+02 2.69610e+02
