2.70000e+02 2.70000e+02 2.70000e+02 2.68760e+02 2.68351e+02 2.70498e+02 2.70644e+02 2.71213e+02 2.71180e+02 2.70901e+02
2.70000e+02 2.70000e+02 2.70000e+02 2.68760e+02 2.68351e+02 2.70498e+02 2.70644e+02 2.71213e+02 2.71180e+02 2.70901e+02
5.00000e+01 1.50000e+02 2.50000e+02 2.68679e+02 2.68332e+02 2.70111e+02 2.70316e+02 2.70933e+02 2.70975e+02 2.70814e+02
5.00000e+01 1.43890e+02 2.44438e+02 2.68441e+02 2.68242e+02 2.68465e+02 2.68882e+02 2.69923e+02 2.70149e+02 2.70643e+02
5.00000e+01 1.40087e+02 2.38867e+02 2.68067e+02 2.68067e+02 2.66132e+02 2.66807e+02 2.68570e+02 2.69059e+02 2.70494e+02
5.00000e+01 1.37146e+02 2.33260e+02 2.67585e+02 2.67814e+02 2.63568e+02 2.64506e+02 2.67153e+02 2.68010e+02 2.70375e+02
5.00000e+01 1.34630e+02 2.27960e+02 2.67039e+02 2.67506e+02 2.60979e+02 2.62172e+02 2.65771e+02 2.67080e+02 2.70279e+02
5.00000e+01 1.32515e+02 2.23275e+02 2.66474e+02 2.67170e+02 2.58461e+02 2.59895e+02 2.64462e+02 2.66265e+02 2.70198e+02
5.00000e+01 1.30701e+02 2.19239e+02 2.65924e+02 2.66830e+02 2.56060e+02 2.57721e+02 2.63242e+02 2.65549e+02 2.70130e+02
5.00000e+01 1.29193e+02 2.15793e+02 2.65410e+02 2.66504e+02 2.53796e+02 2.55669e+02 2.62114e+02 2.64913e+02 2.70070e+02
5.00000e+01 1.27938e+02 2.12860e+02 2.64943e+02 2.66202e+02 2.51674e+02 2.53746e+02 2.61076e+02 2.64345e+02 2.70019e+02
5.00000e+01 1.26887e+02 2.10364e+02 2.64526e+02 2.65929e+02 2.49693e+02 2.51951e+02 2.60122e+02 2.63836e+02 2.69974e+02
5.00000e+01 1.26001e+02 2.08240e+02 2.64157e+02 2.65687e+02 2.47848e+02 2.50280e+02 2.59247e+02 2.63377e+02 2.69934e+02
5.00000e+01 1.25250e+02 2.06430e+02 2.63834e+02 2.65473e+02 2.46131e+02 2.48727e+02 2.58444e+02 2.62961e+02 2.69898e+02
5.00000e+01 1.24611e+02 2.04885e+02 2.63553e+02 2.65285e+02 2.44533e+02 2.47283e+02 2.57707e+02 2.62584e+02 2.69867e+02
5.00000e+01 1.24063e+02 2.03564e+02 2.63307e+02 2.65122e+02 2.43046e+02 2.45940e+02 2.57030e+02 2.62240e+02 2.69838e+02
5.00000e+01 1.23593e+02 2.02432e+02 2.63094e+02 2.64980e+02 2.41662e+02 2.44691e+02 2.56406e+02 2.61926e+02 2.69813e+02
5.00000e+01 1.23188e+02 2.01461e+02 2.62910e+02 2.64856e+02 2.40373e+02 2.43528e+02 2.55831e+02 2.61638e+02 2.69790e+02
5.00000e+01 1.22837e+02 2.00626e+02 2.62749e+02 2.64749e+02 2.39170e+02 2.42445e+02 2.55299e+02 2.61373e+02 2.69769e+02
5.00000e+01 1.22533e+02 1.99907e+02 2.62610e+02 2.64656e+02 2.38048e+02 2.41435e+02 2.54808e+02 2.61129e+02 2.69751e+02
5.00000e+01 1.22268e+02 1.99286e+02 2.62489e+02 2.64575e+02 2.37000e+02 2.40491e+02 2.54352e+02 2.60904e+02 2.69733e+02
5.00000e+01 1.22036e+02 1.98750e+02 2.62385e+02 2.64505e+02 2.36020e+02 2.39610e+02 2.53928e+02 2.60696e+02 2.69718e+02
5.00000e+01 1.21833e+02 1.98285e+02 2.62293e+02 2.64444e+02 2.35103e+02 2.38786e+02 2.53534e+02 2.60502e+02 2.69703e+02
5.00000e+01 1.21654e+02 1.97881e+02 2.62214e+02 2.64391e+02 2.34245e+02 2.38014e+02 2.53168e+02 2.60323e+02 2.69690e+02
5.00000e+01 1.21496e+02 1.97530e+02 2.62145e+02 2.64344e+02 2.33440e+02 2.37291e+02 2.52825e+02 2.60155e+02 2.69678e+02
5.00000e+01 1.21357e+02 1.97224e+02 2.62085e+02 2.64304e+02 2.32685e+02 2.36613e+02 2.52506e+02 2.59999e+02 2.69667e+02
5.00000e+01 1.21233e+02 1.96957e+02 2.62032e+02 2.64269e+02 2.31976e+02 2.35976e+02 2.52207e+02 2.59854e+02 2.69657e+02
5.00000e+01 1.21123e+02 1.96723e+02 2.61986e+02 2.64238e+02 2.31310e+02 2.35378e+02 2.51927e+02 2.59717e+02 2.69647e+02
5.00000e+01 1.21025e+02 1.96518e+02 2.61945e+02 2.64211e+02 2.30684e+02 2.34816e+02 2.51664e+02 2.59590e+02 2.69638e+02
5.00000e+01 1.20937e+02 1.96337e+02 2.61909e+02 2.64187e+02 2.30095e+02 2.34288e+02 2.51418e+02 2.59470e+02 2.69630e+02
5.00000e+01 1.20858e+02 1.96178e+02 2.61878e+02 2.64166e+02 2.29540e+02 2.33790e+02 2.51187e+02 2.59358e+02 2.69622e+02
5.00000e+01 1.20786e+02 1.96037e+02 2.61850e+02 2.64148e+02 2.29018e+02 2.33322e+02 2.50970e+02 2.59253e+02 2.69615e+02
5.00000e+01 1.20722e+02 1.95913e+02 2.61826e+02 2.64132e+02 2.28527e+02 2.32881e+02 2.50765e+02 2.59154e+02 2.69608e+02
5.00000e+01 1.20664e+02 1.95802e+02 2.61804e+02 2.64117e+02 2.28063e+02 2.32465e+02 2.50573e+02 2.59061e+02 2.69601e+02
5.00000e+01 1.20611e+02 1.95703e+02 2.61784e+02 2.64104e+02 2.27626e+02 2.32073e+02 2.50392e+02 2.58973e+02 2.69595e+02
5.00000e+01 1.20563e+02 1.95615e+02 2.61767e+02 2.64093e+02 2.27213e+02 2.31703e+02 2.50221e+02 2.58890e+02 2.69590e+02
5.00000e+01 1.20519e+02 1.95535e+02 2.61752e+02 2.64083e+02 2.26824e+02 2.31353e+02 2.50060e+02 2.58812e+02 2.69585e+02
5.00000e+01 1.20478e+02 1.95464e+02 2.61738e+02 2.64073e+02 2.26457e+02 2.31024e+02 2.49908e+02 2.58739e+02 2.69580e+02
