2.70000e+02 2.70000e+02 2.70000e+02 2.68743e+02 2.68337e+02 2.70903e+02 2.71015e+02 2.71333e+02 2.71221e+02 2.70899e+02
2.70000e+02 2.70000e+02 2.70000e+02 2.68743e+02 2.68337e+02 2.70903e+02 2.71015e+02 2.71333e+02 2.71221e+02 2.70899e+02
5.00000e+01 1.50000e+02 2.50000e+02 2.68660e+02 2.68318e+02 2.70350e+02 2.70790e+02 2.71023e+02 2.70995e+02 2.70811e+02
5.00000e+01 1.43494e+02 2.44449e+02 2.68419e+02 2.68226e+02 2.68406e+02 2.69662e+02 2.70033e+02 2.70174e+02 2.70641e+02
5.00000e+01 1.39619e+02 2.38897e+02 2.68044e+02 2.68050e+02 2.65923e+02 2.67889e+02 2.68739e+02 2.69107e+02 2.70493e+02
5.00000e+01 1.36654e+02 2.33298e+02 2.67564e+02 2.67799e+02 2.63355e+02 2.65841e+02 2.67393e+02 2.68084e+02 2.70376e+02
5.00000e+01 1.34089e+02 2.28003e+02 2.67022e+02 2.67494e+02 2.60861e+02 2.63721e+02 2.66081e+02 2.67177e+02 2.70281e+02
5.00000e+01 1.31874e+02 2.23315e+02 2.66461e+02 2.67161e+02 2.58502e+02 2.61633e+02 2.64835e+02 2.66380e+02 2.70201e+02
5.00000e+01 1.30049e+02 2.19267e+02 2.65913e+02 2.66823e+02 2.56299e+02 2.59634e+02 2.63671e+02 2.65676e+02 2.70133e+02
5.00000e+01 1.28546e+02 2.15807e+02 2.65399e+02 2.66499e+02 2.54256e+02 2.57750e+02 2.62592e+02 2.65051e+02 2.70074e+02
5.00000e+01 1.27301e+02 2.12859e+02 2.64931e+02 2.66198e+02 2.52372e+02 2.55993e+02 2.61601e+02 2.64493e+02 2.70023e+02
5.00000e+01 1.26262e+02 2.10352e+02 2.64511e+02 2.65924e+02 2.50637e+02 2.54366e+02 2.60694e+02 2.63993e+02 2.69979e+02
5.00000e+01 1.25388e+02 2.08218e+02 2.64139e+02 2.65680e+02 2.49044e+02 2.52866e+02 2.59867e+02 2.63545e+02 2.69940e+02
5.00000e+01 1.24650e+02 2.06399e+02 2.63812e+02 2.65464e+02 2.47582e+02 2.51487e+02 2.59113e+02 2.63142e+02 2.69905e+02
5.00000e+01 1.24022e+02 2.04847e+02 2.63525e+02 2.65275e+02 2.46241e+02 2.50221e+02 2.58428e+02 2.62780e+02 2.69874e+02
5.00000e+01 1.23487e+02 2.03520e+02 2.63276e+02 2.65109e+02 2.45011e+02 2.49060e+02 2.57805e+02 2.62453e+02 2.69847e+02
5.00000e+01 1.23028e+02 2.02383e+02 2.63059e+02 2.64964e+02 2.43882e+02 2.47996e+02 2.57238e+02 2.62157e+02 2.69823e+02
5.00000e+01 1.22633e+02 2.01408e+02 2.62870e+02 2.64838e+02 2.42847e+02 2.47020e+02 2.56723e+02 2.61890e+02 2.69801e+02
5.00000e+01 1.22293e+02 2.00569e+02 2.62706e+02 2.64729e+02 2.41895e+02 2.46125e+02 2.56253e+02 2.61648e+02 2.69782e+02
5.00000e+01 1.21999e+02 1.99847e+02 2.62563e+02 2.64634e+02 2.41021e+02 2.45304e+02 2.55825e+02 2.61429e+02 2.69764e+02
5.00000e+01 1.21743e+02 1.99224e+02 2.62439e+02 2.64551e+02 2.40217e+02 2.44550e+02 2.55435e+02 2.61229e+02 2.69749e+02
5.00000e+01 1.21521e+02 1.98686e+02 2.62331e+02 2.64479e+02 2.39477e+02 2.43856e+02 2.55079e+02 2.61048e+02 2.69734e+02
5.00000e+01 1.21327e+02 1.98221e+02 2.62238e+02 2.64417e+02 2.38795e+02 2.43219e+02 2.54753e+02 2.60882e+02 2.69722e+02
5.00000e+01 1.21158e+02 1.97817e+02 2.62156e+02 2.64362e+02 2.38166e+02 2.42632e+02 2.54455e+02 2.60731e+02 2.69710e+02
5.00000e+01 1.21010e+02 1.97467e+02 2.62085e+02 2.64315e+02 2.37585e+02 2.42091e+02 2.54182e+02 2.60594e+02 2.69700e+02
5.00000e+01 1.20880e+02 1.97162e+02 2.62023e+02 2.64273e+02 2.37049e+02 2.41592e+02 2.53931e+02 2.60467e+02 2.69690e+02
5.00000e+01 1.20766e+02 1.96897e+02 2.61969e+02 2.64237e+02 2.36553e+02 2.41132e+02 2.53701e+02 2.60352e+02 2.69682e+02
5.00000e+01 1.20665e+02 1.96665e+02 2.61922e+02 2.64206e+02 2.36095e+02 2.40706e+02 2.53490e+02 2.60246e+02 2.69674e+02
5.00000e+01 1.20576e+02 1.96463e+02 2.61881e+02 2.64178e+02 2.35670e+02 2.40313e+02 2.53295e+02 2.60149e+02 2.69667e+02
5.00000e+01 1.20497e+02 1.96286e+02 2.61845e+02 2.64154e+02 2.35276e+02 2.39949e+02 2.53116e+02 2.60059e+02 2.69660e+02
5.00000e+01 1.20428e+02 1.96134e+02 2.61813e+02 2.64134e+02 2.34918e+02 2.39617e+02 2.52953e+02 2.59978e+02 2.69654e+02
5.00000e+01 1.20368e+02 1.96002e+02 2.61786e+02 2.64115e+02 2.34591e+02 2.39315e+02 2.52805e+02 2.59905e+02 2.69649e+02
5.00000e+01 1.20314e+02 1.95885e+02 2.61762e+02 2.64099e+02 2.34285e+02 2.39034e+02 2.52667e+02 2.59836e+02 2.69644e+02
5.00000e+01 1.20266e+02 1.95782e+02 2.61741e+02 2.64085e+02 2.34000e+02 2.38772e+02 2.52540e+02 2.59773e+02 2.69639e+02
5.00000e+01 1.20222e+02 1.95690e+02 2.61722e+02 2.64073e+02 2.33734e+02 2.38527e+02 2.52422e+02 2.59715e+02 2.69635e+02
5.00000e+01 1.20183e+02 1.95609e+02 2.61706e+02 2.64062e+02 2.33485e+02 2.38299e+02 2.52313e+02 2.59661e+02 2.69631e+02
5.00000e+01 1.20148e+02 1.95537e+02 2.61691e+02 2.64052e+02 2.33253e+02 2.38086e+02 2.52211e+02 2.59611e+02 2.69628e+02
5.00000e+01 1.20117e+02 1.95473e+02 2.61678e+02 2.64044e+02 2.33035e+02 2.37886e+02 2.52116e+02 2.59564e+02 2.69624e+02
