2.70000e+02 2.70000e+02 2.70000e+02 2.68770e+02 2.68328e+02 2.73213e+02 2.72777e+02 2.71265e+02 2.70952e+02 2.70898e+02
2.70000e+02 2.70000e+02 2.70000e+02 2.68770e+02 2.68328e+02 2.73213e+02 2.72777e+02 2.71265e+02 2.70952e+02 2.70898e+02
5.00000e+01 1.50000e+02 2.50000e+02 2.68669e+02 2.68308e+02 2.72419e+02 2.72298e+02 2.71150e+02 2.70853e+02 2.70816e+02
5.00000e+01 1.43599e+02 2.44506e+02 2.68404e+02 2.68217e+02 2.70336e+02 2.70806e+02 2.70311e+02 2.70179e+02 2.70653e+02
5.00000e+01 1.39741e+02 2.39028e+02 2.68008e+02 2.68045e+02 2.67642e+02 2.68685e+02 2.69108e+02 2.69226e+02 2.70509e+02
5.00000e+01 1.36790e+02 2.33523e+02 2.67511e+02 2.67801e+02 2.64811e+02 2.66333e+02 2.67808e+02 2.68285e+02 2.70394e+02
5.00000e+01 1.34256e+02 2.28322e+02 2.66955e+02 2.67504e+02 2.62034e+02 2.63948e+02 2.66513e+02 2.67433e+02 2.70300e+02
5.00000e+01 1.32058e+02 2.23725e+02 2.66382e+02 2.67180e+02 2.59389e+02 2.61627e+02 2.65266e+02 2.66672e+02 2.70220e+02
5.00000e+01 1.30239e+02 2.19764e+02 2.65825e+02 2.66851e+02 2.56909e+02 2.59419e+02 2.64087e+02 2.65989e+02 2.70152e+02
5.00000e+01 1.28740e+02 2.16385e+02 2.65305e+02 2.66535e+02 2.54602e+02 2.57346e+02 2.62985e+02 2.65373e+02 2.70092e+02
5.00000e+01 1.27498e+02 2.13511e+02 2.64832e+02 2.66241e+02 2.52469e+02 2.55417e+02 2.61963e+02 2.64815e+02 2.70040e+02
5.00000e+01 1.26461e+02 2.11071e+02 2.64408e+02 2.65975e+02 2.50503e+02 2.53633e+02 2.61020e+02 2.64309e+02 2.69994e+02
5.00000e+01 1.25589e+02 2.08996e+02 2.64034e+02 2.65737e+02 2.48695e+02 2.51987e+02 2.60154e+02 2.63849e+02 2.69953e+02
5.00000e+01 1.24852e+02 2.07230e+02 2.63705e+02 2.65527e+02 2.47034e+02 2.50474e+02 2.59358e+02 2.63430e+02 2.69917e+02
5.00000e+01 1.24225e+02 2.05725e+02 2.63418e+02 2.65342e+02 2.45511e+02 2.49085e+02 2.58629e+02 2.63049e+02 2.69884e+02
5.00000e+01 1.23690e+02 2.04438e+02 2.63167e+02 2.65181e+02 2.44114e+02 2.47810e+02 2.57962e+02 2.62701e+02 2.69855e+02
5.00000e+01 1.23231e+02 2.03336e+02 2.62949e+02 2.65040e+02 2.42833e+02 2.46641e+02 2.57350e+02 2.62383e+02 2.69829e+02
5.00000e+01 1.22836e+02 2.02391e+02 2.62760e+02 2.64918e+02 2.41659e+02 2.45570e+02 2.56790e+02 2.62092e+02 2.69806e+02
5.00000e+01 1.22495e+02 2.01579e+02 2.62595e+02 2.64811e+02 2.40583e+02 2.44588e+02 2.56277e+02 2.61827e+02 2.69784e+02
5.00000e+01 1.22199e+02 2.00879e+02 2.62452e+02 2.64718e+02 2.39597e+02 2.43687e+02 2.55807e+02 2.61583e+02 2.69765e+02
5.00000e+01 1.21942e+02 2.00275e+02 2.62328e+02 2.64638e+02 2.38692e+02 2.42861e+02 2.55376e+02 2.61360e+02 2.69748e+02
5.00000e+01 1.21718e+02 1.99752e+02 2.62220e+02 2.64568e+02 2.37862e+02 2.42104e+02 2.54981e+02 2.61156e+02 2.69732e+02
5.00000e+01 1.21522e+02 1.99300e+02 2.62126e+02 2.64507e+02 2.37100e+02 2.41409e+02 2.54619e+02 2.60969e+02 2.69718e+02
5.00000e+01 1.21351e+02 1.98907e+02 2.62044e+02 2.64454e+02 2.36401e+02 2.40771e+02 2.54286e+02 2.60797e+02 2.69705e+02
5.00000e+01 1.21200e+02 1.98566e+02 2.61972e+02 2.64407e+02 2.35759e+02 2.40186e+02 2.53981e+02 2.60639e+02 2.69693e+02
5.00000e+01 1.21068e+02 1.98269e+02 2.61910e+02 2.64367e+02 2.35169e+02 2.39648e+02 2.53700e+02 2.60494e+02 2.69683e+02
5.00000e+01 1.20951e+02 1.98010e+02 2.61855e+02 2.64332e+02 2.34627e+02 2.39154e+02 2.53442e+02 2.60361e+02 2.69673e+02
5.00000e+01 1.20850e+02 1.97786e+02 2.61807e+02 2.64301e+02 2.34137e+02 2.38706e+02 2.53209e+02 2.60240e+02 2.69664e+02
5.00000e+01 1.20761e+02 1.97593e+02 2.61766e+02 2.64275e+02 2.33692e+02 2.38301e+02 2.52998e+02 2.60131e+02 2.69656e+02
5.00000e+01 1.20682e+02 1.97422e+02 2.61730e+02 2.64251e+02 2.33281e+02 2.37926e+02 2.52803e+02 2.60030e+02 2.69649e+02
5.00000e+01 1.20612e+02 1.97272e+02 2.61699e+02 2.64231e+02 2.32902e+02 2.37581e+02 2.52623e+02 2.59937e+02 2.69642e+02
5.00000e+01 1.20549e+02 1.97140e+02 2.61671e+02 2.64213e+02 2.32552e+02 2.37262e+02 2.52456e+02 2.59851e+02 2.69636e+02
5.00000e+01 1.20493e+02 1.97023e+02 2.61646e+02 2.64197e+02 2.32229e+02 2.36967e+02 2.52303e+02 2.59771e+02 2.69630e+02
5.00000e+01 1.20442e+02 1.96919e+02 2.61624e+02 2.64183e+02 2.31930e+02 2.36695e+02 2.52161e+02 2.59698e+02 2.69625e+02
5.00000e+01 1.20397e+02 1.96827e+02 2.61605e+02 2.64170e+02 2.31655e+02 2.36444e+02 2.52030e+02 2.59630e+02 2.69620e+02
5.00000e+01 1.20356e+02 1.96746e+02 2.61587e+02 2.64159e+02 2.31400e+02 2.36212e+02 2.51909e+02 2.59567e+02 2.69616e+02
5.00000e+01 1.20320e+02 1.96673e+02 2.61572e+02 2.64149e+02 2.31165e+02 2.35998e+02 2.51797e+02 2.59509e+02 2.69612e+02
5.00000e+01 1.20287e+02 1.96608e+02 2.61559e+02 2.64141e+02 2.30948e+02 2.35799e+02 2.51694e+02 2.59455e+02 2.69608e+02
