2.70000e+02 2.70000e+02 2.70000e+02 2.68656e+02 2.68337e+02 2.70856e+02 2.70950e+02 2.71329e+02 2.71235e+02 2.70908e+02
2.70000e+02 2.70000e+02 2.70000e+02 2.68656e+02 2.68337e+02 2.70856e+02 2.70950e+02 2.71329e+02 2.71235e+02 2.70908e+02
5.00000e+01 1.50000e+02 2.50000e+02 2.68575e+02 2.68312e+02 2.70487e+02 2.70566e+02 2.71025e+02 2.71011e+02 2.70804e+02
5.00000e+01 1.43844e+02 2.44415e+02 2.68343e+02 2.68207e+02 2.68950e+02 2.69031e+02 2.69981e+02 2.70143e+02 2.70597e+02
5.00000e+01 1.40034e+02 2.38832e+02 2.67986e+02 2.68013e+02 2.66694e+02 2.66836e+02 2.68576e+02 2.68993e+02 2.70414e+02
5.00000e+01 1.37086e+02 2.33216e+02 2.67534e+02 2.67747e+02 2.64143e+02 2.64412e+02 2.67092e+02 2.67880e+02 2.70267e+02
5.00000e+01 1.34566e+02 2.27915e+02 2.67032e+02 2.67433e+02 2.61515e+02 2.61958e+02 2.65637e+02 2.66885e+02 2.70147e+02
5.00000e+01 1.32431e+02 2.23236e+02 2.66521e+02 2.67101e+02 2.58924e+02 2.59573e+02 2.64255e+02 2.66008e+02 2.70046e+02
5.00000e+01 1.30608e+02 2.19212e+02 2.66031e+02 2.66774e+02 2.56434e+02 2.57302e+02 2.62964e+02 2.65233e+02 2.69960e+02
5.00000e+01 1.29095e+02 2.15783e+02 2.65580e+02 2.66466e+02 2.54078e+02 2.55168e+02 2.61770e+02 2.64544e+02 2.69885e+02
5.00000e+01 1.27836e+02 2.12871e+02 2.65173e+02 2.66186e+02 2.51870e+02 2.53179e+02 2.60672e+02 2.63929e+02 2.69820e+02
5.00000e+01 1.26783e+02 2.10400e+02 2.64814e+02 2.65936e+02 2.49815e+02 2.51336e+02 2.59666e+02 2.63377e+02 2.69763e+02
5.00000e+01 1.25895e+02 2.08301e+02 2.64498e+02 2.65715e+02 2.47911e+02 2.49633e+02 2.58747e+02 2.62881e+02 2.69712e+02
5.00000e+01 1.25144e+02 2.06517e+02 2.64223e+02 2.65523e+02 2.46152e+02 2.48065e+02 2.57909e+02 2.62434e+02 2.69668e+02
5.00000e+01 1.24506e+02 2.04998e+02 2.63984e+02 2.65355e+02 2.44530e+02 2.46621e+02 2.57145e+02 2.62031e+02 2.69628e+02
5.00000e+01 1.23960e+02 2.03702e+02 2.63778e+02 2.65209e+02 2.43036e+02 2.45295e+02 2.56448e+02 2.61667e+02 2.69593e+02
5.00000e+01 1.23493e+02 2.02595e+02 2.63599e+02 2.65083e+02 2.41661e+02 2.44075e+02 2.55813e+02 2.61337e+02 2.69561e+02
5.00000e+01 1.23090e+02 2.01646e+02 2.63444e+02 2.64974e+02 2.40396e+02 2.42954e+02 2.55233e+02 2.61038e+02 2.69533e+02
5.00000e+01 1.22743e+02 2.00833e+02 2.63310e+02 2.64879e+02 2.39232e+02 2.41923e+02 2.54704e+02 2.60766e+02 2.69508e+02
5.00000e+01 1.22443e+02 2.00134e+02 2.63194e+02 2.64797e+02 2.38160e+02 2.40974e+02 2.54220e+02 2.60518e+02 2.69485e+02
5.00000e+01 1.22182e+02 1.99532e+02 2.63094e+02 2.64727e+02 2.37172e+02 2.40101e+02 2.53777e+02 2.60293e+02 2.69465e+02
5.00000e+01 1.21955e+02 1.99013e+02 2.63008e+02 2.64665e+02 2.36262e+02 2.39296e+02 2.53371e+02 2.60086e+02 2.69446e+02
5.00000e+01 1.21757e+02 1.98564e+02 2.62932e+02 2.64612e+02 2.35422e+02 2.38554e+02 2.52998e+02 2.59898e+02 2.69429e+02
5.00000e+01 1.21584e+02 1.98176e+02 2.62867e+02 2.64566e+02 2.34647e+02 2.37869e+02 2.52656e+02 2.59725e+02 2.69414e+02
5.00000e+01 1.21432e+02 1.97840e+02 2.62810e+02 2.64526e+02 2.33930e+02 2.37235e+02 2.52341e+02 2.59566e+02 2.69400e+02
5.00000e+01 1.21298e+02 1.97547e+02 2.62761e+02 2.64492e+02 2.33266e+02 2.36649e+02 2.52052e+02 2.59420e+02 2.69388e+02
5.00000e+01 1.21180e+02 1.97293e+02 2.62718e+02 2.64461e+02 2.32652e+02 2.36106e+02 2.51784e+02 2.59286e+02 2.69376e+02
5.00000e+01 1.21076e+02 1.97071e+02 2.62681e+02 2.64435e+02 2.32083e+02 2.35603e+02 2.51537e+02 2.59162e+02 2.69365e+02
5.00000e+01 1.20984e+02 1.96877e+02 2.62648e+02 2.64412e+02 2.31554e+02 2.35136e+02 2.51309e+02 2.59048e+02 2.69356e+02
5.00000e+01 1.20902e+02 1.96707e+02 2.62619e+02 2.64391e+02 2.31063e+02 2.34702e+02 2.51098e+02 2.58942e+02 2.69347e+02
5.00000e+01 1.20829e+02 1.96558e+02 2.62594e+02 2.64374e+02 2.30607e+02 2.34298e+02 2.50902e+02 2.58844e+02 2.69339e+02
5.00000e+01 1.20764e+02 1.96427e+02 2.62572e+02 2.64358e+02 2.30182e+02 2.33922e+02 2.50720e+02 2.58753e+02 2.69331e+02
5.00000e+01 1.20708e+02 1.96314e+02 2.62553e+02 2.64345e+02 2.29797e+02 2.33582e+02 2.50554e+02 2.58670e+02 2.69324e+02
5.00000e+01 1.20657e+02 1.96215e+02 2.62536e+02 2.64333e+02 2.29440e+02 2.33267e+02 2.50401e+02 2.58594e+02 2.69318e+02
5.00000e+01 1.20611e+02 1.96126e+02 2.62521e+02 2.64322e+02 2.29106e+02 2.32971e+02 2.50258e+02 2.58523e+02 2.69312e+02
5.00000e+01 1.20570e+02 1.96048e+02 2.62508e+02 2.64313e+02 2.28792e+02 2.32694e+02 2.50125e+02 2.58456e+02 2.69307e+02
5.00000e+01 1.20532e+02 1.95978e+02 2.62496e+02 2.64305e+02 2.28498e+02 2.32433e+02 2.50001e+02 2.58394e+02 2.69302e+02
5.00000e+01 1.20498e+02 1.95915e+02 2.62486e+02 2.64298e+02 2.28222e+02 2.32188e+02 2.49884e+02 2.58336e+02 2.69297e+02
