2.70000e+02 2.70000e+02 2.70000e+02 2.68662e+02 2.68286e+02 2.69740e+02 2.69902e+02 2.70534e+02 2.70724e+02 2.70870e+02
2.70000e+02 2.70000e+02 2.70000e+02 2.68662e+02 2.68286e+02 2.69740e+02 2.69902e+02 2.70534e+02 2.70724e+02 2.70870e+02
5.00000e+01 1.50000e+02 2.50000e+02 2.68580e+02 2.68267e+02 2.69389e+02 2.69607e+02 2.70322e+02 2.70566e+02 2.70786e+02
5.00000e+01 1.43844e+02 2.44405e+02 2.68345e+02 2.68178e+02 2.67774e+02 2.68207e+02 2.69386e+02 2.69797e+02 2.70615e+02
5.00000e+01 1.40024e+02 2.38818e+02 2.67981e+02 2.68008e+02 2.65456e+02 2.66159e+02 2.68108e+02 2.68760e+02 2.70466e+02
5.00000e+01 1.37067e+02 2.33193e+02 2.67522e+02 2.67767e+02 2.62904e+02 2.63885e+02 2.66756e+02 2.67753e+02 2.70347e+02
5.00000e+01 1.34541e+02 2.27881e+02 2.67011e+02 2.67478e+02 2.60331e+02 2.61582e+02 2.65425e+02 2.66853e+02 2.70250e+02
5.00000e+01 1.32398e+02 2.23190e+02 2.66488e+02 2.67167e+02 2.57840e+02 2.59343e+02 2.64157e+02 2.66057e+02 2.70168e+02
5.00000e+01 1.30573e+02 2.19152e+02 2.65985e+02 2.66856e+02 2.55479e+02 2.57215e+02 2.62966e+02 2.65351e+02 2.70099e+02
5.00000e+01 1.29060e+02 2.15709e+02 2.65519e+02 2.66562e+02 2.53266e+02 2.55217e+02 2.61861e+02 2.64721e+02 2.70038e+02
5.00000e+01 1.27802e+02 2.12782e+02 2.65099e+02 2.66291e+02 2.51209e+02 2.53359e+02 2.60841e+02 2.64155e+02 2.69986e+02
5.00000e+01 1.26750e+02 2.10296e+02 2.64726e+02 2.66048e+02 2.49306e+02 2.51639e+02 2.59906e+02 2.63646e+02 2.69939e+02
5.00000e+01 1.25865e+02 2.08184e+02 2.64398e+02 2.65833e+02 2.47551e+02 2.50053e+02 2.59049e+02 2.63187e+02 2.69899e+02
5.00000e+01 1.25116e+02 2.06387e+02 2.64112e+02 2.65644e+02 2.45935e+02 2.48593e+02 2.58265e+02 2.62772e+02 2.69863e+02
5.00000e+01 1.24480e+02 2.04857e+02 2.63863e+02 2.65480e+02 2.44450e+02 2.47252e+02 2.57549e+02 2.62396e+02 2.69831e+02
5.00000e+01 1.23937e+02 2.03550e+02 2.63646e+02 2.65336e+02 2.43085e+02 2.46020e+02 2.56896e+02 2.62054e+02 2.69802e+02
5.00000e+01 1.23472e+02 2.02433e+02 2.63459e+02 2.65212e+02 2.41831e+02 2.44889e+02 2.56298e+02 2.61743e+02 2.69777e+02
5.00000e+01 1.23072e+02 2.01476e+02 2.63297e+02 2.65104e+02 2.40678e+02 2.43850e+02 2.55751e+02 2.61460e+02 2.69754e+02
5.00000e+01 1.22727e+02 2.00654e+02 2.63156e+02 2.65011e+02 2.39619e+02 2.42895e+02 2.55251e+02 2.61201e+02 2.69733e+02
5.00000e+01 1.22429e+02 1.99948e+02 2.63035e+02 2.64930e+02 2.38644e+02 2.42016e+02 2.54792e+02 2.60965e+02 2.69715e+02
5.00000e+01 1.22170e+02 1.99341e+02 2.62930e+02 2.64860e+02 2.37746e+02 2.41208e+02 2.54370e+02 2.60748e+02 2.69698e+02
5.00000e+01 1.21945e+02 1.98816e+02 2.62838e+02 2.64799e+02 2.36919e+02 2.40463e+02 2.53983e+02 2.60548e+02 2.69683e+02
5.00000e+01 1.21749e+02 1.98363e+02 2.62759e+02 2.64747e+02 2.36156e+02 2.39776e+02 2.53627e+02 2.60365e+02 2.69669e+02
5.00000e+01 1.21578e+02 1.97971e+02 2.62691e+02 2.64701e+02 2.35452e+02 2.39141e+02 2.53298e+02 2.60196e+02 2.69657e+02
5.00000e+01 1.21428e+02 1.97631e+02 2.62631e+02 2.64661e+02 2.34800e+02 2.38555e+02 2.52995e+02 2.60040e+02 2.69645e+02
5.00000e+01 1.21296e+02 1.97336e+02 2.62579e+02 2.64627e+02 2.34197e+02 2.38012e+02 2.52715e+02 2.59896e+02 2.69635e+02
5.00000e+01 1.21180e+02 1.97079e+02 2.62534e+02 2.64597e+02 2.33638e+02 2.37508e+02 2.52456e+02 2.59763e+02 2.69625e+02
5.00000e+01 1.21077e+02 1.96855e+02 2.62494e+02 2.64571e+02 2.33120e+02 2.37041e+02 2.52216e+02 2.59639e+02 2.69616e+02
5.00000e+01 1.20987e+02 1.96659e+02 2.62460e+02 2.64548e+02 2.32638e+02 2.36608e+02 2.51993e+02 2.59524e+02 2.69608e+02
5.00000e+01 1.20906e+02 1.96488e+02 2.62430e+02 2.64528e+02 2.32190e+02 2.36204e+02 2.51786e+02 2.59417e+02 2.69601e+02
5.00000e+01 1.20835e+02 1.96338e+02 2.62403e+02 2.64510e+02 2.31774e+02 2.35829e+02 2.51593e+02 2.59318e+02 2.69594e+02
5.00000e+01 1.20772e+02 1.96210e+02 2.62381e+02 2.64495e+02 2.31395e+02 2.35488e+02 2.51418e+02 2.59228e+02 2.69588e+02
5.00000e+01 1.20717e+02 1.96097e+02 2.62361e+02 2.64482e+02 2.31044e+02 2.35172e+02 2.51256e+02 2.59144e+02 2.69582e+02
5.00000e+01 1.20667e+02 1.95997e+02 2.62343e+02 2.64470e+02 2.30715e+02 2.34875e+02 2.51104e+02 2.59065e+02 2.69577e+02
5.00000e+01 1.20622e+02 1.95908e+02 2.62328e+02 2.64460e+02 2.30406e+02 2.34597e+02 2.50963e+02 2.58992e+02 2.69572e+02
5.00000e+01 1.20582e+02 1.95830e+02 2.62314e+02 2.64451e+02 2.30117e+02 2.34336e+02 2.50830e+02 2.58923e+02 2.69567e+02
5.00000e+01 1.20545e+02 1.95759e+02 2.62301e+02 2.64443e+02 2.29845e+02 2.34092e+02 2.50705e+02 2.58859e+02 2.69563e+02
5.00000e+01 1.20512e+02 1.95697e+02 2.62291e+02 2.64436e+02 2.29590e+02 2.33861e+02 2.50588e+02 2.58798e+02 2.69559e+02
