2.70000e+02 2.70000e+02 2.70000e+02 2.68765e+02 2.68402e+02 2.70178e+02 2.70329e+02 2.70758e+02 2.70853e+02 2.70876e+02
2.70000e+02 2.70000e+02 2.70000e+02 2.68765e+02 2.68402e+02 2.70178e+02 2.70329e+02 2.70758e+02 2.70853e+02 2.70876e+02
5.00000e+01 1.50000e+02 2.50000e+02 2.68665e+02 2.68372e+02 2.69619e+02 2.70111e+02 2.70546e+02 2.70691e+02 2.70791e+02
5.00000e+01 1.43524e+02 2.44458e+02 2.68403e+02 2.68254e+02 2.67526e+02 2.68915e+02 2.69627e+02 2.69932e+02 2.70621e+02
5.00000e+01 1.39659e+02 2.38953e+02 2.68010e+02 2.68046e+02 2.64825e+02 2.67008e+02 2.68379e+02 2.68913e+02 2.70472e+02
5.00000e+01 1.36702e+02 2.33417e+02 2.67516e+02 2.67760e+02 2.62020e+02 2.64794e+02 2.67057e+02 2.67929e+02 2.70354e+02
5.00000e+01 1.34158e+02 2.28194e+02 2.66962e+02 2.67421e+02 2.59294e+02 2.62498e+02 2.65751e+02 2.67050e+02 2.70257e+02
5.00000e+01 1.31960e+02 2.23585e+02 2.66390e+02 2.67056e+02 2.56716e+02 2.60238e+02 2.64498e+02 2.66273e+02 2.70176e+02
5.00000e+01 1.30147e+02 2.19619e+02 2.65834e+02 2.66691e+02 2.54310e+02 2.58076e+02 2.63317e+02 2.65582e+02 2.70106e+02
5.00000e+01 1.28655e+02 2.16240e+02 2.65315e+02 2.66343e+02 2.52081e+02 2.56040e+02 2.62217e+02 2.64964e+02 2.70046e+02
5.00000e+01 1.27419e+02 2.13370e+02 2.64843e+02 2.66021e+02 2.50027e+02 2.54143e+02 2.61200e+02 2.64409e+02 2.69993e+02
5.00000e+01 1.26388e+02 2.10935e+02 2.64420e+02 2.65731e+02 2.48139e+02 2.52389e+02 2.60265e+02 2.63908e+02 2.69947e+02
5.00000e+01 1.25522e+02 2.08868e+02 2.64047e+02 2.65473e+02 2.46407e+02 2.50772e+02 2.59407e+02 2.63455e+02 2.69906e+02
5.00000e+01 1.24790e+02 2.07110e+02 2.63719e+02 2.65245e+02 2.44819e+02 2.49286e+02 2.58623e+02 2.63045e+02 2.69869e+02
5.00000e+01 1.24169e+02 2.05613e+02 2.63433e+02 2.65045e+02 2.43363e+02 2.47923e+02 2.57905e+02 2.62673e+02 2.69837e+02
5.00000e+01 1.23638e+02 2.04334e+02 2.63183e+02 2.64871e+02 2.42029e+02 2.46672e+02 2.57249e+02 2.62334e+02 2.69808e+02
5.00000e+01 1.23183e+02 2.03240e+02 2.62966e+02 2.64719e+02 2.40805e+02 2.45525e+02 2.56649e+02 2.62024e+02 2.69782e+02
5.00000e+01 1.22792e+02 2.02302e+02 2.62778e+02 2.64587e+02 2.39682e+02 2.44473e+02 2.56099e+02 2.61742e+02 2.69759e+02
5.00000e+01 1.22454e+02 2.01496e+02 2.62614e+02 2.64472e+02 2.38651e+02 2.43507e+02 2.55595e+02 2.61483e+02 2.69737e+02
5.00000e+01 1.22162e+02 2.00802e+02 2.62471e+02 2.64372e+02 2.37703e+02 2.42620e+02 2.55132e+02 2.61245e+02 2.69718e+02
5.00000e+01 1.21907e+02 2.00204e+02 2.62348e+02 2.64285e+02 2.36830e+02 2.41804e+02 2.54707e+02 2.61027e+02 2.69701e+02
5.00000e+01 1.21686e+02 1.99687e+02 2.62240e+02 2.64210e+02 2.36026e+02 2.41053e+02 2.54315e+02 2.60826e+02 2.69685e+02
5.00000e+01 1.21493e+02 1.99239e+02 2.62147e+02 2.64144e+02 2.35285e+02 2.40360e+02 2.53955e+02 2.60641e+02 2.69671e+02
5.00000e+01 1.21323e+02 1.98851e+02 2.62065e+02 2.64087e+02 2.34600e+02 2.39721e+02 2.53622e+02 2.60470e+02 2.69658e+02
5.00000e+01 1.21174e+02 1.98514e+02 2.61994e+02 2.64037e+02 2.33967e+02 2.39131e+02 2.53314e+02 2.60311e+02 2.69646e+02
5.00000e+01 1.21043e+02 1.98220e+02 2.61932e+02 2.63994e+02 2.33381e+02 2.38586e+02 2.53030e+02 2.60165e+02 2.69635e+02
5.00000e+01 1.20928e+02 1.97964e+02 2.61878e+02 2.63956e+02 2.32839e+02 2.38080e+02 2.52767e+02 2.60029e+02 2.69625e+02
5.00000e+01 1.20826e+02 1.97740e+02 2.61830e+02 2.63922e+02 2.32336e+02 2.37612e+02 2.52522e+02 2.59902e+02 2.69616e+02
5.00000e+01 1.20735e+02 1.97544e+02 2.61789e+02 2.63893e+02 2.31869e+02 2.37178e+02 2.52296e+02 2.59785e+02 2.69607e+02
5.00000e+01 1.20655e+02 1.97372e+02 2.61752e+02 2.63868e+02 2.31435e+02 2.36775e+02 2.52085e+02 2.59676e+02 2.69599e+02
5.00000e+01 1.20584e+02 1.97223e+02 2.61720e+02 2.63846e+02 2.31039e+02 2.36406e+02 2.51892e+02 2.59576e+02 2.69592e+02
5.00000e+01 1.20522e+02 1.97094e+02 2.61692e+02 2.63826e+02 2.30677e+02 2.36069e+02 2.51715e+02 2.59484e+02 2.69585e+02
5.00000e+01 1.20466e+02 1.96979e+02 2.61668e+02 2.63809e+02 2.30338e+02 2.35754e+02 2.51549e+02 2.59398e+02 2.69579e+02
5.00000e+01 1.20416e+02 1.96878e+02 2.61646e+02 2.63794e+02 2.30020e+02 2.35460e+02 2.51395e+02 2.59317e+02 2.69574e+02
5.00000e+01 1.20371e+02 1.96787e+02 2.61627e+02 2.63781e+02 2.29723e+02 2.35185e+02 2.51250e+02 2.59242e+02 2.69568e+02
5.00000e+01 1.20330e+02 1.96707e+02 2.61610e+02 2.63769e+02 2.29445e+02 2.34927e+02 2.51115e+02 2.59171e+02 2.69564e+02
5.00000e+01 1.20292e+02 1.96635e+02 2.61595e+02 2.63758e+02 2.29184e+02 2.34685e+02 2.50989e+02 2.59105e+02 2.69559e+02
5.00000e+01 1.20259e+02 1.96571e+02 2.61582e+02 2.63749e+02 2.28939e+02 2.34459e+02 2.50870e+02 2.59043e+02 2.69555e+02
