2.70000e+02 2.70000e+02 2.70000e+02 2.68595e+02 2.68249e+02 2.68954e+02 2.69259e+02 2.70509e+02 2.70791e+02 2.70869e+02
2.70000e+02 2.70000e+02 2.70000e+02 2.68595e+02 2.68249e+02 2.68954e+02 2.69259e+02 2.70509e+02 2.70791e+02 2.70869e+02
5.00000e+01 1.50000e+02 2.50000e+02 2.68516e+02 2.68231e+02 2.68749e+02 2.68975e+02 2.70273e+02 2.70613e+02 2.70771e+02
5.00000e+01 1.43953e+02 2.44372e+02 2.68291e+02 2.68145e+02 2.67327e+02 2.67410e+02 2.69276e+02 2.69783e+02 2.70567e+02
5.00000e+01 1.40156e+02 2.38783e+02 2.67946e+02 2.67982e+02 2.65070e+02 2.65115e+02 2.67902e+02 2.68659e+02 2.70386e+02
5.00000e+01 1.37208e+02 2.33168e+02 2.67515e+02 2.67754e+02 2.62445e+02 2.62571e+02 2.66442e+02 2.67568e+02 2.70241e+02
5.00000e+01 1.34683e+02 2.27864e+02 2.67040e+02 2.67484e+02 2.59705e+02 2.59996e+02 2.65006e+02 2.66598e+02 2.70123e+02
5.00000e+01 1.32573e+02 2.23179e+02 2.66559e+02 2.67196e+02 2.56986e+02 2.57495e+02 2.63641e+02 2.65746e+02 2.70024e+02
5.00000e+01 1.30753e+02 2.19152e+02 2.66101e+02 2.66912e+02 2.54366e+02 2.55120e+02 2.62364e+02 2.64996e+02 2.69939e+02
5.00000e+01 1.29236e+02 2.15721e+02 2.65682e+02 2.66645e+02 2.51884e+02 2.52893e+02 2.61184e+02 2.64331e+02 2.69866e+02
5.00000e+01 1.27973e+02 2.12809e+02 2.65306e+02 2.66402e+02 2.49560e+02 2.50824e+02 2.60098e+02 2.63738e+02 2.69803e+02
5.00000e+01 1.26916e+02 2.10341e+02 2.64975e+02 2.66186e+02 2.47399e+02 2.48911e+02 2.59104e+02 2.63207e+02 2.69747e+02
5.00000e+01 1.26025e+02 2.08247e+02 2.64686e+02 2.65996e+02 2.45400e+02 2.47150e+02 2.58195e+02 2.62729e+02 2.69698e+02
5.00000e+01 1.25271e+02 2.06469e+02 2.64435e+02 2.65830e+02 2.43557e+02 2.45531e+02 2.57367e+02 2.62299e+02 2.69654e+02
5.00000e+01 1.24630e+02 2.04956e+02 2.64217e+02 2.65686e+02 2.41862e+02 2.44046e+02 2.56611e+02 2.61911e+02 2.69615e+02
5.00000e+01 1.24082e+02 2.03668e+02 2.64029e+02 2.65561e+02 2.40305e+02 2.42683e+02 2.55921e+02 2.61559e+02 2.69581e+02
5.00000e+01 1.23613e+02 2.02569e+02 2.63867e+02 2.65453e+02 2.38875e+02 2.41434e+02 2.55292e+02 2.61240e+02 2.69550e+02
5.00000e+01 1.23209e+02 2.01628e+02 2.63727e+02 2.65360e+02 2.37562e+02 2.40289e+02 2.54717e+02 2.60950e+02 2.69522e+02
5.00000e+01 1.22861e+02 2.00822e+02 2.63605e+02 2.65279e+02 2.36357e+02 2.39237e+02 2.54192e+02 2.60686e+02 2.69497e+02
5.00000e+01 1.22560e+02 2.00130e+02 2.63501e+02 2.65209e+02 2.35250e+02 2.38272e+02 2.53711e+02 2.60444e+02 2.69475e+02
5.00000e+01 1.22298e+02 1.99535e+02 2.63410e+02 2.65149e+02 2.34233e+02 2.37384e+02 2.53270e+02 2.60223e+02 2.69455e+02
5.00000e+01 1.22070e+02 1.99022e+02 2.63332e+02 2.65097e+02 2.33296e+02 2.36567e+02 2.52866e+02 2.60021e+02 2.69436e+02
5.00000e+01 1.21871e+02 1.98579e+02 2.63264e+02 2.65052e+02 2.32434e+02 2.35815e+02 2.52494e+02 2.59835e+02 2.69420e+02
5.00000e+01 1.21698e+02 1.98196e+02 2.63205e+02 2.65013e+02 2.31640e+02 2.35122e+02 2.52152e+02 2.59664e+02 2.69405e+02
5.00000e+01 1.21545e+02 1.97864e+02 2.63154e+02 2.64979e+02 2.30906e+02 2.34482e+02 2.51837e+02 2.59507e+02 2.69391e+02
5.00000e+01 1.21411e+02 1.97575e+02 2.63110e+02 2.64949e+02 2.30229e+02 2.33890e+02 2.51547e+02 2.59362e+02 2.69378e+02
5.00000e+01 1.21292e+02 1.97324e+02 2.63071e+02 2.64924e+02 2.29602e+02 2.33343e+02 2.51278e+02 2.59228e+02 2.69367e+02
5.00000e+01 1.21187e+02 1.97105e+02 2.63037e+02 2.64901e+02 2.29022e+02 2.32835e+02 2.51030e+02 2.59104e+02 2.69356e+02
5.00000e+01 1.21095e+02 1.96913e+02 2.63008e+02 2.64881e+02 2.28485e+02 2.32365e+02 2.50800e+02 2.58989e+02 2.69346e+02
5.00000e+01 1.21012e+02 1.96746e+02 2.62982e+02 2.64864e+02 2.27986e+02 2.31929e+02 2.50587e+02 2.58882e+02 2.69337e+02
5.00000e+01 1.20940e+02 1.96601e+02 2.62959e+02 2.64849e+02 2.27532e+02 2.31531e+02 2.50393e+02 2.58785e+02 2.69329e+02
5.00000e+01 1.20876e+02 1.96475e+02 2.62940e+02 2.64836e+02 2.27112e+02 2.31164e+02 2.50213e+02 2.58695e+02 2.69322e+02
5.00000e+01 1.20819e+02 1.96363e+02 2.62922e+02 2.64825e+02 2.26721e+02 2.30821e+02 2.50046e+02 2.58611e+02 2.69315e+02
5.00000e+01 1.20767e+02 1.96264e+02 2.62907e+02 2.64815e+02 2.26356e+02 2.30500e+02 2.49890e+02 2.58533e+02 2.69309e+02
5.00000e+01 1.20720e+02 1.96175e+02 2.62894e+02 2.64806e+02 2.26014e+02 2.30201e+02 2.49744e+02 2.58460e+02 2.69303e+02
5.00000e+01 1.20678e+02 1.96097e+02 2.62881e+02 2.64798e+02 2.25695e+02 2.29920e+02 2.49608e+02 2.58392e+02 2.69297e+02
5.00000e+01 1.20639e+02 1.96027e+02 2.62871e+02 2.64791e+02 2.25396e+02 2.29658e+02 2.49481e+02 2.58328e+02 2.69292e+02
5.00000e+01 1.20605e+02 1.95964e+02 2.62861e+02 2.64785e+02 2.25116e+02 2.29412e+02 2.49362e+02 2.58268e+02 2.69287e+02
