2.70000e+02 2.70000e+02 2.70000e+02 2.68708e+02 2.68356e+02 2.71876e+02 2.71731e+02 2.70987e+02 2.70851e+02 2.70869e+02
2.70000e+02 2.70000e+02 2.70000e+02 2.68708e+02 2.68356e+02 2.71876e+02 2.71731e+02 2.70987e+02 2.70851e+02 2.70869e+02
5.00000e+01 1.50000e+02 2.50000e+02 2.68631e+02 2.68336e+02 2.71429e+02 2.71129e+02 2.71106e+02 2.70955e+02 2.70870e+02
5.00000e+01 1.42836e+02 2.44189e+02 2.68398e+02 2.68240e+02 2.69578e+02 2.69011e+02 2.71108e+02 2.71028e+02 2.70869e+02
5.00000e+01 1.38429e+02 2.38196e+02 2.68024e+02 2.68052e+02 2.66777e+02 2.66175e+02 2.70867e+02 2.71007e+02 2.70865e+02
5.00000e+01 1.34823e+02 2.31960e+02 2.67535e+02 2.67780e+02 2.63578e+02 2.63190e+02 2.70382e+02 2.70879e+02 2.70860e+02
5.00000e+01 1.31629e+02 2.26061e+02 2.66978e+02 2.67448e+02 2.60269e+02 2.60252e+02 2.69719e+02 2.70661e+02 2.70853e+02
5.00000e+01 1.29015e+02 2.20843e+02 2.66398e+02 2.67086e+02 2.57000e+02 2.57430e+02 2.68951e+02 2.70377e+02 2.70845e+02
5.00000e+01 1.26871e+02 2.16331e+02 2.65832e+02 2.66721e+02 2.53854e+02 2.54753e+02 2.68131e+02 2.70051e+02 2.70838e+02
5.00000e+01 1.25095e+02 2.12464e+02 2.65302e+02 2.66372e+02 2.50873e+02 2.52235e+02 2.67296e+02 2.69702e+02 2.70830e+02
5.00000e+01 1.23611e+02 2.09159e+02 2.64819e+02 2.66049e+02 2.48076e+02 2.49881e+02 2.66469e+02 2.69343e+02 2.70823e+02
5.00000e+01 1.22360e+02 2.06335e+02 2.64386e+02 2.65756e+02 2.45468e+02 2.47687e+02 2.65666e+02 2.68985e+02 2.70816e+02
5.00000e+01 1.21299e+02 2.03920e+02 2.64002e+02 2.65494e+02 2.43045e+02 2.45648e+02 2.64895e+02 2.68633e+02 2.70809e+02
5.00000e+01 1.20394e+02 2.01852e+02 2.63663e+02 2.65263e+02 2.40800e+02 2.43757e+02 2.64163e+02 2.68293e+02 2.70802e+02
5.00000e+01 1.19618e+02 2.00077e+02 2.63366e+02 2.65059e+02 2.38722e+02 2.42004e+02 2.63471e+02 2.67966e+02 2.70796e+02
5.00000e+01 1.18950e+02 1.98551e+02 2.63106e+02 2.64880e+02 2.36801e+02 2.40381e+02 2.62820e+02 2.67655e+02 2.70791e+02
5.00000e+01 1.18373e+02 1.97236e+02 2.62879e+02 2.64724e+02 2.35024e+02 2.38877e+02 2.62209e+02 2.67360e+02 2.70786e+02
5.00000e+01 1.17872e+02 1.96101e+02 2.62681e+02 2.64587e+02 2.33381e+02 2.37484e+02 2.61638e+02 2.67082e+02 2.70781e+02
5.00000e+01 1.17436e+02 1.95119e+02 2.62508e+02 2.64468e+02 2.31860e+02 2.36194e+02 2.61104e+02 2.66820e+02 2.70776e+02
5.00000e+01 1.17055e+02 1.94269e+02 2.62356e+02 2.64363e+02 2.30452e+02 2.34997e+02 2.60606e+02 2.66573e+02 2.70772e+02
5.00000e+01 1.16721e+02 1.93530e+02 2.62224e+02 2.64272e+02 2.29148e+02 2.33887e+02 2.60141e+02 2.66342e+02 2.70768e+02
5.00000e+01 1.16428e+02 1.92887e+02 2.62109e+02 2.64192e+02 2.27938e+02 2.32856e+02 2.59707e+02 2.66125e+02 2.70765e+02
5.00000e+01 1.16170e+02 1.92326e+02 2.62007e+02 2.64122e+02 2.26815e+02 2.31897e+02 2.59303e+02 2.65921e+02 2.70761e+02
5.00000e+01 1.15942e+02 1.91836e+02 2.61919e+02 2.64061e+02 2.25771e+02 2.31006e+02 2.58926e+02 2.65731e+02 2.70758e+02
5.00000e+01 1.15740e+02 1.91408e+02 2.61841e+02 2.64007e+02 2.24800e+02 2.30176e+02 2.58574e+02 2.65553e+02 2.70755e+02
5.00000e+01 1.15561e+02 1.91032e+02 2.61772e+02 2.63960e+02 2.23897e+02 2.29402e+02 2.58245e+02 2.65386e+02 2.70753e+02
5.00000e+01 1.15401e+02 1.90701e+02 2.61712e+02 2.63919e+02 2.23054e+02 2.28680e+02 2.57939e+02 2.65229e+02 2.70750e+02
5.00000e+01 1.15258e+02 1.90410e+02 2.61659e+02 2.63882e+02 2.22268e+02 2.28005e+02 2.57652e+02 2.65083e+02 2.70748e+02
5.00000e+01 1.15130e+02 1.90153e+02 2.61613e+02 2.63850e+02 2.21534e+02 2.27375e+02 2.57384e+02 2.64945e+02 2.70746e+02
5.00000e+01 1.15015e+02 1.89926e+02 2.61571e+02 2.63822e+02 2.20848e+02 2.26785e+02 2.57133e+02 2.64817e+02 2.70744e+02
5.00000e+01 1.14912e+02 1.89724e+02 2.61535e+02 2.63796e+02 2.20205e+02 2.26233e+02 2.56898e+02 2.64696e+02 2.70742e+02
5.00000e+01 1.14819e+02 1.89545e+02 2.61502e+02 2.63774e+02 2.19604e+02 2.25716e+02 2.56677e+02 2.64583e+02 2.70740e+02
5.00000e+01 1.14735e+02 1.89386e+02 2.61473e+02 2.63754e+02 2.19040e+02 2.25230e+02 2.56471e+02 2.64476e+02 2.70739e+02
5.00000e+01 1.14658e+02 1.89244e+02 2.61447e+02 2.63737e+02 2.18511e+02 2.24775e+02 2.56277e+02 2.64376e+02 2.70737e+02
5.00000e+01 1.14589e+02 1.89116e+02 2.61424e+02 2.63721e+02 2.18014e+02 2.24346e+02 2.56095e+02 2.64282e+02 2.70736e+02
5.00000e+01 1.14526e+02 1.89002e+02 2.61404e+02 2.63707e+02 2.17548e+02 2.23944e+02 2.55924e+02 2.64194e+02 2.70734e+02
5.00000e+01 1.14468e+02 1.88900e+02 2.61385e+02 2.63694e+02 2.17109e+02 2.23565e+02 2.55763e+02 2.64111e+02 2.70733e+02
5.00000e+01 1.14415e+02 1.88807e+02 2.61369e+02 2.63683e+02 2.16696e+02 2.23209e+02 2.55612e+02 2.64032e+02 2.70732e+02
