0.2537689209
0.3225097656
0.4149780273
0.5147705078
0.6774902344
0.6774902344
0.7462310791
0.7734069824
0.8956298828
0.8609161377
0.86328125
0.8467254639
0.7421875
0.7421875
0.7421875
0.7587432861
0.8320617676
0.86328125
0.86328125
0.8638000488
0.8922576904
0.9920654297
0.9869384766
0.9813079834
0.9800109863
0.9642944336
0.9212646484
0.9080505371
0.8483276367
0.84375
0.8458862305
0.8270263672
0.7587432861
0.7587432861
0.6774902344
0.5950927734
0.5825805664
0.5147705078
0.4241333008
0.4049072266
0.3225097656
0.4140625
0.4049072266
0.3225097656
0.1592254639
0.1871643066
0.1995849609
0.1382446289
0.1532745361
0.2258300781
0.2210388184
0.2258300781
0.2831420898
0.359375
0.3602905273
0.359375
0.3598327637
0.3598327637
0.459854126
0.5334472656
0.5494689941
0.5670166016
0.6066894531
0.7012939453
0.7936096191
0.7936096191
0.8413848877
0.9869384766
0.9896240234
0.9921875
0.9957885742
0.9951782227
0.99609375
0.98046875
0.98046875
0.98046875
0.9869384766
0.9957885742
0.9951782227
0.9951782227
0.9869384766
0.9642944336
0.98046875
0.9630737305
0.98046875
0.9702453613
0.8834228516
0.9382629395
0.9307250977
0.9397888184
0.9375
0.9536743164
0.9375
0.9375
0.9375
0.9375
0.9436950684
0.9603881836
0.9319458008
0.9646606445
0.9762573242
0.9612426758
0.9742736816
0.9536743164
0.9436950684
0.9642944336
1
0.9885559082
0.9436950684
0.9642944336
1
1
1
0.9981536865
0.9960479736
0.9960479736
0.9951782227
0.9920654297
0.9824523926
0.9464416504
0.9212646484
0.8734130859
0.8734130859
0.7418823242
0.7089233398
0.857711792
0.9391174316
0.9642791748
0.9642791748
0.9796142578
0.9862518311
0.9918060303
0.9918060303
0.9951782227
0.9813079834
0.9797058105
0.9797058105
0.9536132812
0.9375
0.9382629395
0.9375
0.9080505371
0.8678436279
0.86328125
0.8320617676
0.7587432861
0.7415771484
0.7330322266
0.6506347656
0.5889892578
0.4852294922
0.4369506836
0.3737792969
0.2789306641
0.3094329834
0.26171875
0.2516326904
0.1571807861
0.1381835938
0.1064453125
0.1082763672
0.06173706055
0.06173706055
0.02572631836
0.02252197266
0.02252197266
0.01428222656
0.01428222656
0.01428222656
0.006134033203
0.04426574707
0.1387939453
0.1600799561
0.1750946045
0.2463531494
0.27734375
0.3096923828
0.3096923828
0.3508911133
0.35546875
0.35546875
0.3577575684
0.3577575684
0.375
0.4634094238
0.5563354492
0.5664672852
0.5664672852
0.5798950195
0.58203125
0.5843200684
0.5859375
0.5859375
0.7421875
0.7445526123
0.7421875
0.6545410156
0.6545410156
0.58984375
0.58984375
0.58984375
0.58984375
0.58984375
0.7421875
0.7427215576
0.6545410156
0.5251464844
0.58984375
0.5898284912
0.58984375
0.5797729492
0.4891357422
0.4213256836
0.3966064453
0.41796875
0.41796875
0.4414520264
0.41796875
0.4213256836
0.41796875
0.41796875
0.4241333008
0.5147705078
0.5864715576
0.58984375
0.5859375
0.5888366699
0.5251464844
0.4414520264
0.41796875
0.5147705078
0.8561859131
0.9642944336
0.9436950684
0.9412536621
0.9398803711
0.9090576172
0.9090576172
0.86328125
0.7734069824
0.7420501709
0.7421875
0.606628418
0.5864715576
0.5416259766
0.3737792969
0.2789306641
0.2288818359
0.1571044922
0.1571044922
0.9408721924
0.9368286133
0.8739624023
0.8628082275
0.8320617676
0.7391357422
0.7421875
0.7421875
0.6506347656
0.5950927734
0.5825805664
0.5825805664
0.4852294922
0.4174194336
0.4142913818
0.4140625
0.4049072266
0.2922973633
0.3094329834
0.2818145752
0.2215423584
0.2529754639
0.2529907227
0.1277160645
0.107421875
0.1171875
0.1035461426
0.1415405273
0.1498413086
0.2115783691
0.2617034912
0.2607116699
0.2583465576
0.2791748047
0.3737792969
0.4141235352
0.2578125
0.2578125
0.2578125
0.2578125
0.2578125
0.2578125
0.2578125
0.2578125
0.2578125
0.2578125
0.2713012695
0.2713012695
0.2238311768
0.1623382568
0.1562347412
0.15625
0.15625
0.15625
0.1455688477
0.1455688477
0.09826660156
0.078125
0.078125
0.1148986816
0.09429931641
0.1187133789
0.1171875
0.1171875
0.1171875
0.1278686523
0.1751708984
0.1950073242
0.1953125
0.2734375
0.2899932861
0.3633117676
0.3487548828
0.3894805908
0.3487548828
0.31640625
0.3159332275
0.3141174316
0.2734375
0.2734375
0.3633117676
0.3202209473
0.31640625
0.3202209473
0.3649291992
0.3141174316
0.2935180664
0.2757263184
0.2752075195
0.2772827148
0.27734375
0.2822113037
0.27734375
0.27734375
0.27734375
0.2461242676
0.1728057861
0.1791381836
0.3141174316
0.3141174316
0.31640625
0.3159332275
0.3141174316
0.2781066895
0.2461242676
0.1728057861
0.2294921875
0.518661499
0.4280395508
0.4182739258
0.4213867188
0.4213867188
0.2864990234
0.2796325684
0.2931365967
0.1976776123
0.1728820801
0.1277160645
0.1277160645
0.107421875
0.1415405273
0.1498413086
0.2105712891
0.2559814453
0.2559814453
0.4173583984
0.3776855469
0.2830810547
0.2616424561
0.2304992676
0.1571807861
0.1390991211
0.1390991211
0.1390991211
0.06707763672
0.06173706055
0.06173706055
0.04632568359
0.2210388184
0.02555847168
0.02212524414
0.02610778809
0.1675415039
0.3188934326
0.3475799561
0.4398956299
0.5650177002
0.5859375
0.5825805664
0.5840454102
0.5859375
0.6072998047
0.7013702393
0.7297515869
0.7936096191
0.8413848877
0.8502197266
0.8544311523
0.8544311523
0.9017333984
0.9217224121
0.8584594727
0.8609924316
0.86328125
0.86328125
0.86328125
0.86328125
0.86328125
0.86328125
0.86328125
0.8638153076
0.8609161377
0.8609161377
0.8131408691
0.7492828369
0.7421875
0.7421875
0.7318115234
0.7421875
0.7421875
0.7208251953
0.6262207031
0.5859375
0.5859375
0.5859375
0.5889892578
0.5859375
0.5859375
0.5859375
0.5859375
0.6506347656
0.7019042969
0.7415771484
0.7421875
0.7421875
0.7587432861
0.8320617676
0.8628082275
0.8632659912
0.8632659912
0.8638000488
0.8131408691
0.8131408691
0.7421875
0.8609161377
0.8320617676
0.8628082275
0.8638000488
0.8638000488
0.8922576904
0.9328613281
0.9388122559
0.8502197266
0.8544311523
0.8384094238
0.8147583008
0.7734680176
0.8048400879
0.7835388184
0.8379364014
0.72265625
0.7297515869
0.8125305176
0.8432769775
0.84375
0.84375
0.84375
0.8384094238
0.8147583008
0.7734680176
0.6243896484
0.3514099121
0.2411651611
0.2210388184
0.2218017578
0.2218017578
0.2831420898
0.3694458008
0.3588409424
0.525604248
0.5334472656
0.52734375
0.5494689941
0.5641174316
0.5670166016
0.7012939453
0.7297515869
0.7936096191
0.8413848877
0.8413848877
0.2822113037
0.27734375
0.2638549805
0.2617034912
0.2607116699
0.2745819092
0.2734375
0.2583465576
0.26171875
0.2578125
0.2578125
0.2578125
0.3698730469
0.1710510254
0.07102966309
0.2243041992
0.1580810547
0.178527832
0.1826477051
0.1900482178
0.2449035645
0.9555969238
0.9609375
0.9612426758
0.9609375
0.9609375
0.9203491211
0.8387908936
0.7694396973
0.5847167969
0.5843200684
0.5858612061
0.5859222412
0.5859375
0.5859375
0.6774902344
0.7923278809
0.8561859131
0.86328125
0.86328125
0.9751281738
0.9797058105
0.9797058105
0.9797058105
0.9642944336
0.9436950684
0.9375
0.9080505371
0.8678436279
0.8596038818
0.859375
0.7694396973
0.859375
0.9603881836
0.9922637939
0.9921875
0.9774780273
0.9674072266
0.9766387939
0.9766387939
0.9756469727
0.9609375
0.9612426758
0.9609375
0.9609375
0.9702453613
0.9644317627
0.9382629395
0.9375
0.9080505371
0.8596038818
0.86328125
0.86328125
0.86328125
0.86328125
0.86328125
0.86328125
0.8596038818
0.86328125
0.8616638184
0.9080505371
0.8678436279
0.8320617676
0.8320617676
0.7587432861
0.7415771484
0.7019042969
0.6072998047
0.5858001709
0.5445251465
0.4414520264
0.41796875
0.41796875
0.4575958252
0.5859375
0.58203125
0.58203125
0.58203125
0.5858612061
0.5859375
0.5859222412
0.5859222412
0.5624542236
0.4593811035
0.4181060791
0.2210388184
0.2210388184
0.2788696289
0.2788696289
0.3096923828
0.27734375
0.3096923828
0.3508911133
0.35546875
0.375
0.3937683105
0.39453125
0.39453125
0.4000244141
0.5704345703
0.5664672852
0.5798950195
0.5822601318
0.5859375
0.5858612061
0.8440551758
0.8502197266
0.8584594727
0.8594512939
0.8609924316
0.8609924316
0.86328125
0.86328125
0.86328125
0.8046875
0.8046875
0.8042144775
0.8042144775
0.6180419922
0.6243896484
0.6243896484
0.6143188477
0.5651855469
0.4705810547
0.4396820068
0.4398956299
0.5650177002
0.5898284912
0.5898284912
0.5797729492
0.4891357422
0.3776855469
0.3064117432
0.1571807861
0.06173706055
0.1319885254
0.1278686523
0.1751708984
0.1953125
0.1629638672
0.1217651367
0.1629638672
0.2532958984
0.2687988281
0.3023071289
0.6506347656
0.5859375
0.5864715576
0.5859375
0.4852294922
0.4174194336
0.3510437012
0.3510437012
0.2922973633
0.3094329834
0.2818145752
0.2215423584
0.2529754639
0.3023071289
0.7923278809
0.7330322266
0.6735839844
0.7421875
0.7330322266
0.7330322266
0.6506347656
0.5859375
0.5859375
0.5859375
0.5859375
0.5758666992
0.5147705078
0.4174194336
0.4049072266
0.2507171631
0.2608642578
0.2507171631
0.3094329834
0.2796325684
0.27734375
0.27734375
0.27734375
0.26171875
0.2796325684
0.2796325684
0.27734375
0.2864990234
0.3094329834
0.2215423584
0.2215423584
0.2529754639
0.2529907227
0.2059936523
0.2117156982
0.2751159668
0.2822113037
0.27734375
0.27734375
0.2607879639
0.2607879639
0.1629638672
0.1171875
0.1171875
0.1629638672
0.1171875
0.1171875
0.1171875
0.1217651367
0.1495361328
0.2460784912
0.2710723877
0.2238311768
0.1623382568
0.15625
0.1562347412
0.1455688477
0.15625
0.15625
0.07843017578
0.07888793945
0.09429931641
0.09429931641
0.09429931641
0.09429931641
0.1171875
0.1278686523
0.1278686523
0.1278686523
0.1950073242
0.1953125
0.7330322266
0.7445526123
0.8320617676
0.7587432861
0.7923278809
0.7923278809
0.8561859131
0.5624542236
0.3510437012
0.2922973633
0.3094329834
0.2818145752
0.2215423584
0.2529754639
0.2529907227
0.2059936523
0.2117156982
0.2751159668
0.2822113037
0.2638549805
0.27734375
0.2752075195
0.3141174316
0.3141174316
0.3141174316
0.2935180664
0.2781066895
0.2638549805
0.2583465576
0.2578125
0.2713012695
0.6072998047
0.7013702393
0.7421875
0.6774902344
0.5950927734
0.7019042969
0.5163879395
0.3264770508
0.1941680908
0.2452087402
0.1953125
0.1629638672
0.1216125488
0.1048278809
0.03579711914
0.02555847168
0.02610778809
0.1675415039
0.3188934326
0.3475799561
0.4398956299
0.3514099121
0.234085083
0.2529754639
0.2529907227
0.2059936523
0.2532958984
0.1950073242
0.1953125
0.1953125
0.1953125
0.1953125
0.1629638672
0.1217651367
0.1048278809
0.06051635742
0.03579711914
0.02555847168
0.007583618164
0.02610778809
0.1675415039
0.3188934326
0.3475799561
0.3508911133
0.3475799561
0.2886199951
0.2886199951
0.2886199951
0.3508911133
0.3508911133
0.35546875
0.3188934326
0.3475799561
0.4398956299
0.5650177002
0.625
0.6729125977
0.700302124
0.7835388184
0.8379364014
0.8384094238
0.8440551758
0.8584594727
0.8594512939
0.6262207031
0.5859375
0.5859375
0.6262207031
0.5859375
0.5865478516
0.5859375
0.6072998047
0.7013702393
0.86328125
0.86328125
0.8609161377
0.7492828369
0.7421875
0.7421875
0.7421875
0.7421875
0.7421875
0.7208251953
0.5859375
0.5865478516
0.6262207031
0.5865478516
0.5859375
0.5859375
0.5859375
0.5859375
0.5859375
0.6072998047
0.7386779785
0.1532745361
0.1532745361
0.2789306641
0.2288818359
0.13671875
0.1532745361
0.2304992676
0.2304992676
0.2210388184
0.1675415039
0.3188934326
0.3475799561
0.4398956299
0.5650177002
0.625
0.6729125977
0.700302124
0.7835388184
0.8379364014
0.8432769775
0.8502197266
0.8584594727
0.8594512939
0.86328125
0.86328125
0.86328125
0.8630523682
0.86328125
0.86328125
0.86328125
0.8630523682
0.8985290527
0.9862518311
0.99609375
0.9960784912
0.9797058105
0.9802398682
0.99609375
0.9981536865
0.86328125
0.8131408691
0.7382965088
0.6588745117
0.5840454102
0.5374145508
0.3698730469
0.2748718262
0.2243041992
0.178527832
0.1826477051
0.1900482178
0.2449035645
0.359375
0.4398956299
0.5650177002
0.625
0.6729125977
0.7013702393
0.7386779785
0.7379760742
0.73828125
0.73828125
0.7318115234
0.6588745117
0.5840454102
0.5374145508
0.4330444336
0.2748718262
0.2243041992
0.2243041992
0.1580810547
0.178527832
0.1826477051
0.1900482178
0.1900482178
0.1900482178
0.2449035645
0.286819458
0.234085083
0.1861572266
0.07102966309
0.06309509277
0.078125
0.1900482178
0.2449035645
0.2702484131
0.3096313477
0.3947601318
0.4136505127
0.4575958252
0.5624237061
0.5889892578
0.6506347656
0.7330322266
0.7445526123
0.7923278809
0.8453369141
0.8387908936
0.8477783203
0.84375
0.8453369141
0.8453369141
0.8453369141
0.8458862305
0.8632049561
0.86328125
0.86328125
0.859375
0.859375
0.859375
0.8477783203
0.8453369141
0.859375
0.859375
0.8453369141
0.8453369141
0.8483276367
0.9203491211
0.9203491211
0.8895263672
0.8458862305
0.84375
0.8387908936
0.8387908936
0.7694396973
0.1372528076
0.1372528076
0.15625
0.15625
0.13671875
0.18800354
0.2748718262
0.2243041992
0.1580810547
0.178527832
0.1826477051
0.1900482178
0.2449035645
0.2702484131
0.3096313477
0.3947601318
0.4136505127
0.4575958252
0.5624237061
0.5889892578
0.6506347656
0.7330322266
0.7445526123
0.8561859131
0.86328125
0.86328125
0.86328125
0.86328125
0.86328125
0.86328125
0.86328125
0.8628082275
0.86328125
0.86328125
0.8628082275
0.86328125
0.86328125
0.86328125
0.86328125
0.86328125
0.86328125
0.8596038818
0.7352294922
0.8453369141
0.7095336914
0.6886291504
0.6180419922
0.6143188477
0.5651855469
0.4895019531
0.4396820068
0.3514099121
0.2886199951
0.2907714844
0.2702484131
0.3096313477
0.3947601318
0.8387908936
0.7694396973
0.7387542725
0.7387542725
0.7352294922
0.5917205811
0.5847167969
0.6587219238
0.7095336914
0.6886291504
0.6180419922
0.6243896484
0.6243896484
0.6143188477
0.5651855469
0.5651855469
0.4705810547
0.4396820068
0.4396820068
0.3514099121
0.2886199951
0.3598327637
0.4274139404
0.52734375
0.4498291016
0.625
0.4396820068
0.3514099121
0.2886199951
0.2907714844
0.2907714844
0.168762207
0.1041412354
0.07339477539
0.06042480469
0.09094238281
0.1321411133
0.1390838623
0.2265930176
0.2573394775
0.2580413818
0.26171875
0.26171875
0.26171875
0.2620239258
0.2616424561
0.2647705078
0.26171875
0.2616424561
0.2620239258
0.26171875
0.26171875
0.26171875
0.2616424561
0.26171875
0.26171875
0.26171875
0.26171875
0.26171875
0.3264007568
0.4115600586
0.26171875
0.2703399658
0.26171875
0.26171875
0.26171875
0.26171875
0.1567230225
0.7734680176
0.7001495361
0.68359375
0.68359375
0.6634521484
0.6634521484
0.6634521484
0.6161499023
0.6143188477
0.4705810547
0.4705810547
0.4396820068
0.4396820068
0.3514099121
0.2907714844
0.234085083
0.168762207
0.1041412354
0.07339477539
0.09094238281
0.1321411133
0.1321411133
0.1390838623
0.1868591309
0.2507171631
0.2573394775
0.2573394775
0.2601013184
0.2573394775
0.26171875
0.26171875
0.26171875
0.2612457275
0.26171875
0.26171875
0.2265930176
0.26171875
0.2612457275
0.26171875
0.26171875
0.26171875
0.26171875
0.26171875
0.2620239258
0.2411651611
0.1381835938
0.1381835938
0.1585388184
0.2694091797
0.2599487305
0.2578735352
0.2349243164
0.2274475098
0.2810058594
0.286819458
0.26171875
0.26171875
0.26171875
0.2516326904
0.1865539551
0.15625
0.15625
0.1728820801
0.1171875
0.1937866211
0.1937866211
0.1937866211
0.2282714844
0.2282714844
0.2282714844
0.2691040039
0.2411651611
0.2694091797
0.2599487305
0.2555236816
0.2555236816
0.2349243164
0.2907714844
0.2907714844
0.2218017578
0.2618408203
0.2947998047
0.2713012695
0.2618408203
0.2349243164
0.2274475098
0.2274475098
0.286819458
0.286819458
0.146194458
0.01922607422
0.01922607422
0.02487182617
0.04852294922
0.1059875488
0.1388702393
0.1477203369
0.2115783691
0.2593536377
0.2593536377
0.26171875
0.2593536377
0.26171875
0.26171875
0.26171875
0.26171875
0.26171875
0.26171875
0.26171875
0.26171875
0.26171875
0.26171875
0.2617797852
0.1809997559
0.1729736328
0.26171875
0.2677154541
0.2728424072
0.1729736328
0.27734375
0.2460784912
0.26171875
0.26171875
0.2647705078
0.4059143066
0.4169616699
0.4145965576
0.4145965576
0.4256591797
0.4290161133
0.4290161133
0.3894042969
0.2713012695
0.2691040039
0.2713012695
0.2599487305
0.2210388184
0.2555236816
0.2349243164
0.2810058594
0.286819458
0.2311096191
0.146194458
0.01922607422
0.02487182617
0.02487182617
0.04852294922
0.06309509277
0.06309509277
0.1059875488
0.1406860352
0.1406097412
0.1406097412
0.1477203369
0.2620239258
0.2620239258
0.2617797852
0.2647705078
0.26171875
0.2238311768
0.26171875
0.26171875
0.26171875
0.2617797852
0.2593536377
0.26171875
0.2757263184
0.2593536377
0.2607116699
0.26171875
0.2745819092
0.325881958
0.3737792969
0.4178924561
0.41796875
0.41796875
0.41796875
0.4097290039
0.3355712891
0.2617034912
0.2620239258
0.26171875
0.2647705078
0.325881958
0.4241333008
0.4140777588
0.4241333008
0.5859375
0.5859375
0.5859375
0.5859375
0.5859375
0.5859375
0.5825805664
0.5163879395
0.4278106689
0.325881958
0.4059143066
0.3264770508
0.41796875
0.4097290039
0.3355712891
0.26171875
0.26171875
0.26171875
0.2452087402
0.325881958
0.41796875
0.41796875
0.41796875
0.41796875
0.41796875
0.2800140381
0.2657470703
0.3265380859
0.2745819092
0.4375610352
0.4375610352
0.5416259766
0.5917358398
0.7391357422
0.7492828369
0.86328125
0.7492828369
0.8467254639
0.86328125
0.86328125
0.86328125
0.86328125
0.7492828369
0.8628082275
0.86328125
0.86328125
0.86328125
0.86328125
0.86328125
0.86328125
0.86328125
0.86328125
0.86328125
0.86328125
0.8628082275
0.86328125
0.86328125
0.86328125
0.86328125
0.9368286133
0.86328125
0.86328125
0.9368286133
0.27734375
0.27734375
0.27734375
0.3933105469
0.4329223633
0.4295654297
0.4329223633
0.4201049805
0.4295654297
0.3264770508
0.4088134766
0.325881958
0.41796875
0.4097290039
0.2800140381
0.3355712891
0.2800140381
0.325881958
0.4049682617
0.4049682617
0.4375610352
0.5944213867
0.5859375
0.6072998047
0.6774902344
0.7391357422
0.8131408691
0.86328125
0.7492828369
0.86328125
0.86328125
0.86328125
0.86328125
0.86328125
0.86328125
0.86328125
0.86328125
0.8609161377
0.86328125
0.86328125
0.8609161377
0.8609161377
0.86328125
0.86328125
0.86328125
0.86328125
0.8739624023
0.9368286133
0.94140625
0.94140625
0.9436950684
0.94140625
0.9368286133
0.8956298828
0.86328125
0.86328125
0.8648071289
0.86328125
0.8956298828
0.9212646484
0.94140625
0.94140625
0.94140625
0.98046875
0.98046875
0.98046875
0.9812316895
0.98046875
0.98046875
0.9436950684
0.8956298828
0.8956298828
0.9368286133
0.8956298828
0.8648071289
0.9212646484
0.8956298828
0.8648071289
0.8609161377
0.86328125
0.8648071289
0.8739624023
0.9368286133
0.9415588379
0.94140625
0.9411010742
0.94140625
0.8648071289
0.8648071289
0.8956298828
0.8956298828
0.8956298828
0.9467468262
0.9642944336
0.9920654297
0.9812316895
0.99609375
0.9963226318
1
1
1
1
1
1
1
1
1
0.9983825684
1
1
1
0.9971008301
1
1
1
1
1
1
1
1
0.9994659424
1
1
1
1
0.8467254639
0.86328125
0.8739624023
0.9212646484
0.9411010742
0.94140625
0.9388122559
0.94140625
0.9436950684
0.94140625
0.94140625
0.94140625
0.94140625
0.9368286133
0.8956298828
0.86328125
0.8648071289
0.8956298828
0.8956298828
0.9368286133
0.9368286133
0.9812316895
0.98046875
0.9896240234
0.9674072266
0.9896240234
0.9963226318
1
1
1
1
1
0.9999237061
1
1
1
1
1
1
1
1
1
0.9999237061
0.9957885742
1
0.9999237061
1
1
1
1
1
1
1
1
1
0.9999237061
1
1
1
1
1
1
1
1
1
1
1
1
1
1
1
1
1
1
1
1
1
1
1
1
1
1
1
1
1
1
1
1
1
1
1
1
1
1
1
1
0.99609375
1
0.99609375
1
1
1
1
1
1
1
1
1
1
1
1
0.9307250977
1
1
1
1
1
1
1
1
1
1
1
1
1
