4.413700e+07
4.126900e+07
7.444200e+07
1.476300e+08
1.747100e+08
1.002300e+08
1.056100e+08
4.370700e+07
2.468300e+07
4.421900e+07
3.232800e+07
8.400200e+07
5.486000e+07
8.129200e+07
7.148300e+07
1.099400e+08
1.146200e+08
2.815100e+07
5.385800e+07
6.349800e+07
7.687900e+07
1.717400e+08
1.255600e+08
3.444300e+07
3.695800e+07
3.043700e+07
1.446400e+08
7.431400e+07
4.920000e+07
1.751700e+08
5.549600e+07
1.239500e+08
4.795500e+07
3.930000e+07
4.003000e+07
5.478500e+07
7.331200e+07
1.047200e+08
7.026400e+07
4.969300e+07
3.550400e+07
7.138800e+07
4.389900e+07
4.185100e+07
1.202500e+08
1.001000e+08
1.658600e+08
6.126100e+07
1.707000e+07
1.879500e+08
1.021900e+08
2.097900e+07
1.042200e+08
2.811000e+07
6.432600e+07
2.375000e+07
5.334000e+07
5.661700e+07
3.608500e+07
5.689100e+07
1.530200e+08
2.786500e+07
7.049500e+07
1.176000e+08
4.475500e+07
3.860000e+07
6.381800e+07
6.781800e+07
1.304900e+08
1.132400e+08
6.526100e+07
5.648100e+07
4.525000e+07
6.578600e+07
5.719300e+07
1.077000e+08
7.315700e+07
1.295200e+08
7.371600e+07
3.876900e+07
5.417200e+07
6.525700e+07
1.013500e+08
5.444000e+07
1.099600e+08
9.498300e+07
6.198200e+07
1.319000e+08
7.711100e+07
6.692000e+07
1.276900e+08
4.033300e+07
2.275200e+07
1.971900e+07
1.803800e+07
9.233000e+07
8.313700e+07
7.267100e+07
4.642000e+07
3.448300e+07
