8.519000e+04
1.507000e+05
9.207000e+04
3.771000e+05
1.129000e+05
4.224000e+05
1.124000e+05
1.267000e+05
1.921000e+05
3.478000e+04
3.415000e+05
9.049000e+04
1.403000e+05
7.256000e+04
1.936000e+05
1.997000e+05
1.548000e+05
1.140000e+05
5.073000e+05
6.327000e+04
2.325000e+05
1.259000e+05
7.607000e+04
6.240000e+04
6.554000e+04
1.384000e+05
2.522000e+04
2.519000e+05
2.338000e+05
2.177000e+05
4.160000e+05
3.854000e+05
3.366000e+05
1.349000e+05
1.410000e+05
1.074000e+05
3.671000e+05
4.028000e+05
8.530000e+04
6.520000e+04
2.328000e+05
1.547000e+06
9.946000e+04
4.665000e+04
2.511000e+05
1.537000e+05
9.661000e+04
7.555000e+04
8.750000e+04
6.484000e+04
9.711000e+04
5.224000e+04
1.443000e+05
3.902000e+04
1.799000e+05
3.436000e+04
2.281000e+05
3.214000e+05
2.183000e+05
7.698000e+04
6.270000e+04
1.888000e+05
1.802000e+05
6.690000e+04
1.649000e+05
1.659000e+05
1.356000e+05
3.991000e+04
1.549000e+05
3.239000e+05
4.395000e+05
1.234000e+05
9.019000e+04
2.718000e+05
6.189000e+04
5.659000e+05
1.028000e+05
1.080000e+05
1.212000e+05
2.323000e+05
5.989000e+04
1.381000e+05
1.516000e+05
5.356000e+04
7.139000e+04
1.548000e+05
5.628000e+04
2.291000e+05
3.044000e+05
1.034000e+05
7.606000e+04
3.321000e+04
1.081000e+05
4.403000e+04
3.811000e+04
6.164000e+04
9.431000e+04
2.210000e+05
1.859000e+05
1.706000e+05
