9.051600e+05
9.051600e+05
1.058400e+05
9.051600e+05
9.051600e+05
9.051600e+05
9.051600e+05
6.871700e+05
9.051600e+05
4.204500e+05
9.051600e+05
9.051600e+05
2.181000e+04
9.051600e+05
9.051600e+05
9.051600e+05
8.960800e+05
9.008100e+05
9.051600e+05
9.051600e+05
5.561100e+04
9.051600e+05
9.051600e+05
9.051600e+05
9.051600e+05
9.051600e+05
9.051600e+05
9.051600e+05
9.051600e+05
9.051600e+05
9.051600e+05
2.938600e+04
8.213000e+05
9.051600e+05
9.051600e+05
9.051600e+05
1.251300e+05
9.051600e+05
2.544900e+04
9.051600e+05
1.978900e+05
9.051600e+05
9.051600e+05
7.185700e+05
9.051600e+05
9.051600e+05
9.051600e+05
4.794800e+05
9.051600e+05
9.051600e+05
9.051600e+05
5.364900e+04
7.226000e+05
4.779000e+05
9.051600e+05
9.051600e+05
9.051600e+05
9.051600e+05
1.901800e+05
1.338600e+05
9.051600e+05
7.437400e+05
9.051600e+05
9.051600e+05
9.051600e+05
9.051600e+05
4.812200e+05
9.051600e+05
9.051600e+05
9.051600e+05
7.882800e+05
1.965500e+06
9.051600e+05
9.051600e+05
7.881900e+05
9.051600e+05
9.051600e+05
9.051600e+05
2.417700e+06
8.384500e+05
9.051600e+05
9.051600e+05
9.051600e+05
9.051600e+05
9.051600e+05
9.051600e+05
4.003200e+04
9.051600e+05
9.051600e+05
4.585100e+05
7.861500e+05
5.224200e+04
9.051600e+05
1.663700e+04
4.504600e+05
9.051600e+05
2.013100e+05
5.614800e+03
2.000200e+04
9.051600e+05
