4.504200e+07
4.217400e+07
7.454700e+07
1.485300e+08
1.756100e+08
1.011300e+08
1.065200e+08
4.439400e+07
2.558800e+07
4.463900e+07
3.323300e+07
8.490700e+07
5.488100e+07
8.219700e+07
7.238800e+07
1.108400e+08
1.155100e+08
2.905200e+07
5.476300e+07
6.440300e+07
7.693500e+07
1.726500e+08
1.264600e+08
3.534800e+07
3.786300e+07
3.134200e+07
1.455400e+08
7.521900e+07
5.010500e+07
1.760700e+08
5.640100e+07
1.239800e+08
4.877600e+07
4.020500e+07
4.093500e+07
5.569000e+07
7.343700e+07
1.056300e+08
7.028900e+07
5.059900e+07
3.570200e+07
7.229400e+07
4.480400e+07
4.257000e+07
1.211500e+08
1.010100e+08
1.667600e+08
6.174100e+07
1.797500e+07
1.888500e+08
1.031000e+08
2.103300e+07
1.049400e+08
2.858800e+07
6.523200e+07
2.465500e+07
5.424500e+07
5.752300e+07
3.627500e+07
5.702500e+07
1.539300e+08
2.860900e+07
7.140000e+07
1.185000e+08
4.566000e+07
3.950500e+07
6.429900e+07
6.872300e+07
1.314000e+08
1.141500e+08
6.604900e+07
5.844700e+07
4.615500e+07
6.669100e+07
5.798100e+07
1.086000e+08
7.406200e+07
1.304300e+08
7.613400e+07
3.960800e+07
5.507700e+07
6.616200e+07
1.022500e+08
5.534500e+07
1.108600e+08
9.588800e+07
6.202200e+07
1.328100e+08
7.801600e+07
6.737900e+07
1.284700e+08
4.038500e+07
2.365700e+07
1.973600e+07
1.848900e+07
9.323500e+07
8.333800e+07
7.267700e+07
4.644000e+07
3.538800e+07
