6.051300e+01
5.893400e+01
2.234600e+01
7.169900e+02
2.214300e+01
3.822400e+02
5.291100e+01
5.062300e+00
1.615000e+02
9.238800e+01
3.217400e+01
4.041700e+00
1.778000e+02
6.983800e+01
1.345200e+02
3.880400e+01
5.516000e+01
2.316400e+02
3.421300e+01
4.339600e+01
5.820700e+02
1.293800e+02
2.940700e+01
1.011800e+02
6.992400e+01
1.570300e+02
7.248500e+00
1.309800e+02
3.330700e+01
9.938900e+00
8.760600e+01
1.863600e+01
3.544100e+02
3.621000e+00
2.125000e+01
1.370800e+01
9.735300e+01
3.290300e+01
5.669200e+01
9.648500e-01
1.908700e+00
9.307600e+02
1.133400e+02
1.146800e+02
1.490400e+01
4.611900e+01
7.400800e+01
3.273300e+01
6.568200e+01
5.786400e+01
6.395900e+00
1.600500e+02
1.106200e+00
1.391200e+02
2.264100e+02
1.258100e+01
3.432900e+01
9.748900e+01
1.620700e+02
8.813800e+01
2.773500e+02
1.520500e+01
1.398300e+01
8.954800e+01
4.855700e+01
4.049700e+01
5.383400e+01
2.845800e+02
2.930300e+00
7.160200e+01
7.137700e+00
4.748300e+00
4.677800e+01
2.235700e+02
1.421200e+01
7.011400e+01
8.674400e+01
7.123100e+01
2.850000e+00
4.135300e+02
2.721600e+01
7.077800e+00
4.896600e+00
5.179900e+01
3.371600e+02
6.795600e+02
1.679700e+02
2.335100e+01
6.397400e+00
6.307100e+01
2.506500e+02
1.930000e+02
5.886300e+00
3.709000e+01
8.621600e+01
3.133000e+00
9.264000e+01
1.019200e+02
1.176600e+02
3.478200e+01
