8.513100e+04
1.506100e+05
9.204900e+04
3.763900e+05
1.129000e+05
4.220200e+05
1.123300e+05
1.266500e+05
1.919600e+05
3.468700e+04
3.414400e+05
9.048600e+04
1.401100e+05
7.249200e+04
1.934500e+05
1.997000e+05
1.547500e+05
1.137800e+05
5.072800e+05
6.322300e+04
2.318700e+05
1.257800e+05
7.603800e+04
6.229400e+04
6.547300e+04
1.382800e+05
2.520900e+04
2.518100e+05
2.337800e+05
2.176700e+05
4.159000e+05
3.854000e+05
3.362600e+05
1.349200e+05
1.410000e+05
1.073900e+05
3.670400e+05
4.027700e+05
8.523900e+04
6.519700e+04
2.328200e+05
1.546000e+06
9.934800e+04
4.653300e+04
2.510500e+05
1.536900e+05
9.653600e+04
7.552000e+04
8.743400e+04
6.478400e+04
9.710000e+04
5.208300e+04
1.442700e+05
3.888500e+04
1.796300e+05
3.434600e+04
2.280300e+05
3.213000e+05
2.181800e+05
7.689600e+04
6.242300e+04
1.888100e+05
1.801500e+05
6.680800e+04
1.648600e+05
1.658100e+05
1.355700e+05
3.962800e+04
1.549300e+05
3.238400e+05
4.394800e+05
1.234300e+05
9.014500e+04
2.715400e+05
6.187300e+04
5.657800e+05
1.026900e+05
1.079100e+05
1.212300e+05
2.318800e+05
5.986700e+04
1.380900e+05
1.515900e+05
5.350600e+04
7.105000e+04
1.540800e+05
5.610900e+04
2.291200e+05
3.044000e+05
1.032900e+05
7.580500e+04
3.301400e+04
1.081000e+05
4.398900e+04
3.802600e+04
6.163700e+04
9.421500e+04
2.209300e+05
1.858000e+05
1.705200e+05
