1.15120000e-02
6.84310000e-03
5.20330000e-03
4.68430000e-03
3.82640000e-03
3.61270000e-03
3.26250000e-03
3.08440000e-03
2.94500000e-03
2.82970000e-03
2.73650000e-03
2.65710000e-03
2.58540000e-03
2.52100000e-03
2.46270000e-03
2.40980000e-03
2.36140000e-03
2.31690000e-03
2.27580000e-03
2.23760000e-03
4.71020000e-04
2.56010000e-04
1.64190000e-04
1.16770000e-04
8.40080000e-05
6.47030000e-05
4.81410000e-05
3.75050000e-05
2.77400000e-05
2.12520000e-05
1.50780000e-05
1.08690000e-05
6.58440000e-06
3.50360000e-06
8.33240000e-07
0.00000000e+00
0.00000000e+00
0.00000000e+00
0.00000000e+00
0.00000000e+00
8.91450000e-05
5.24340000e-05
3.72050000e-05
2.82820000e-05
2.24760000e-05
1.77030000e-05
1.36370000e-05
1.06890000e-05
7.93370000e-06
5.48750000e-06
3.75300000e-06
2.06640000e-06
9.78140000e-07
6.67380000e-08
0.00000000e+00
0.00000000e+00
0.00000000e+00
0.00000000e+00
0.00000000e+00
0.00000000e+00
6.00540000e-08
4.84100000e-08
2.98080000e-08
1.40860000e-08
1.02590000e-09
0.00000000e+00
0.00000000e+00
0.00000000e+00
0.00000000e+00
0.00000000e+00
0.00000000e+00
0.00000000e+00
0.00000000e+00
0.00000000e+00
0.00000000e+00
0.00000000e+00
0.00000000e+00
0.00000000e+00
0.00000000e+00
0.00000000e+00
3.51700000e-06
3.52370000e-06
3.52720000e-06
3.52810000e-06
3.52690000e-06
3.52410000e-06
3.52210000e-06
3.52130000e-06
3.51940000e-06
3.51620000e-06
3.51140000e-06
3.50500000e-06
3.49690000e-06
3.48690000e-06
3.47500000e-06
3.46110000e-06
3.44520000e-06
3.42730000e-06
3.40740000e-06
3.38540000e-06
