2.70000000e+02
5.00000000e+01
4.01552760e+01
3.72309140e+01
3.51168760e+01
3.36434910e+01
3.25290820e+01
3.16419900e+01
3.09127690e+01
3.03001400e+01
2.97773070e+01
2.93257200e+01
2.88020780e+01
2.83184660e+01
2.78855630e+01
2.74977200e+01
2.71490920e+01
2.68345570e+01
2.65497610e+01
2.62910220e+01
2.60552200e+01
2.58397060e+01
2.56422130e+01
2.54607990e+01
2.52937850e+01
2.51397150e+01
2.49973200e+01
2.48654890e+01
2.47432440e+01
2.46297210e+01
2.45241540e+01
2.44258600e+01
2.43342300e+01
2.42487150e+01
2.41688240e+01
2.40941140e+01
2.40241830e+01
2.70000000e+02
1.50000000e+02
1.50000000e+02
1.50000000e+02
1.41478962e+02
1.34974976e+02
1.29008053e+02
1.23763779e+02
1.19191201e+02
1.15199107e+02
1.11699464e+02
1.08617037e+02
1.05877998e+02
1.03418455e+02
1.01206828e+02
9.92163170e+01
9.74220880e+01
9.58019180e+01
9.43362420e+01
9.30079360e+01
9.18020250e+01
9.07053960e+01
8.97065470e+01
8.87953650e+01
8.79629330e+01
8.72013750e+01
8.65037180e+01
8.58637710e+01
8.52760290e+01
8.47355860e+01
8.42380620e+01
8.37795370e+01
8.33565000e+01
8.29657970e+01
8.26045940e+01
8.22703360e+01
8.19607190e+01
2.70000000e+02
2.50000000e+02
2.46313667e+02
2.41899228e+02
2.37206606e+02
2.32006696e+02
2.26479700e+02
2.21038042e+02
2.15879503e+02
2.11082117e+02
2.06666175e+02
2.02624253e+02
1.98935932e+02
1.95574342e+02
1.92510394e+02
1.89716496e+02
1.87167551e+02
1.84840804e+02
1.82715596e+02
1.80773180e+02
1.78996563e+02
1.77370362e+02
1.75880666e+02
1.74514905e+02
1.73261731e+02
1.72110895e+02
1.71053146e+02
1.70080130e+02
1.69184302e+02
1.68358844e+02
1.67597591e+02
1.66894965e+02
1.66245918e+02
1.65645874e+02
1.65090688e+02
1.64576596e+02
1.64100181e+02
2.71026748e+02
2.70851121e+02
2.70499782e+02
2.69920256e+02
2.69034313e+02
2.67831008e+02
2.66359923e+02
2.64695974e+02
2.62915846e+02
2.61084821e+02
2.59252853e+02
2.57455601e+02
2.55717133e+02
2.54052721e+02
2.52471162e+02
2.50976613e+02
2.49570037e+02
2.48250273e+02
2.47014798e+02
2.45860231e+02
2.44782688e+02
2.43778017e+02
2.42841965e+02
2.41970288e+02
2.41158832e+02
2.40403582e+02
2.39700698e+02
2.39046531e+02
2.38437637e+02
2.37870780e+02
2.37342929e+02
2.36851253e+02
2.36393118e+02
2.35966072e+02
2.35567841e+02
2.35196317e+02
2.34849546e+02
2.68157689e+02
2.68146500e+02
2.68109975e+02
2.68042142e+02
2.67931053e+02
2.67768638e+02
2.67557145e+02
2.67306106e+02
2.67027757e+02
2.66733870e+02
2.66434202e+02
2.66136125e+02
2.65844863e+02
2.65563909e+02
2.65295443e+02
2.65040683e+02
2.64800164e+02
2.64573948e+02
2.64361789e+02
2.64163240e+02
2.63977728e+02
2.63804611e+02
2.63643209e+02
2.63492829e+02
2.63352783e+02
2.63222402e+02
2.63101037e+02
2.62988072e+02
2.62882920e+02
2.62785028e+02
2.62693877e+02
2.62608982e+02
2.62529888e+02
2.62456173e+02
2.62387446e+02
2.62323341e+02
2.62263522e+02
2.73171139e+02
2.72398251e+02
2.69322502e+02
2.64700173e+02
2.59469137e+02
2.54116514e+02
2.48888968e+02
2.43912481e+02
2.39245710e+02
2.34908496e+02
2.30898574e+02
2.27201608e+02
2.23797075e+02
2.20661154e+02
2.17769628e+02
2.15099844e+02
2.12631067e+02
2.10344503e+02
2.08223242e+02
2.06252140e+02
2.04417676e+02
2.02707790e+02
2.01111731e+02
1.99619900e+02
1.98223720e+02
1.96915506e+02
1.95688358e+02
1.94536065e+02
1.93453019e+02
1.92434143e+02
1.91474830e+02
1.90570883e+02
1.89718475e+02
1.88914102e+02
1.88154553e+02
1.87436874e+02
1.86758347e+02
2.73101578e+02
2.72009095e+02
2.68359118e+02
2.63565931e+02
2.58615220e+02
2.53830455e+02
2.49308586e+02
2.45077222e+02
2.41138421e+02
2.37482688e+02
2.34094815e+02
2.30956949e+02
2.28050162e+02
2.25354742e+02
2.22852108e+02
2.20525736e+02
2.18360774e+02
2.16343771e+02
2.14462545e+02
2.12706068e+02
2.11064367e+02
2.09528418e+02
2.08090048e+02
2.06741847e+02
2.05477085e+02
2.04289638e+02
2.03173921e+02
2.02124835e+02
2.01137713e+02
2.00208275e+02
1.99332591e+02
1.98507045e+02
1.97728303e+02
1.96993292e+02
1.96299168e+02
1.95643302e+02
1.95023258e+02
2.72754616e+02
2.72684057e+02
2.72479171e+02
2.71948093e+02
2.71030733e+02
2.69787670e+02
2.68310407e+02
2.66680350e+02
2.64960785e+02
2.63199018e+02
2.61430027e+02
2.59679517e+02
2.57966182e+02
2.56303321e+02
2.54700008e+02
2.53162069e+02
2.51692908e+02
2.50294118e+02
2.48965931e+02
2.47707557e+02
2.46517457e+02
2.45393549e+02
2.44333373e+02
2.43334227e+02
2.42393261e+02
2.41507557e+02
2.40674188e+02
2.39890261e+02
2.39152953e+02
2.38459527e+02
2.37807354e+02
2.37193922e+02
2.36616839e+02
2.36073840e+02
2.35562783e+02
2.35081651e+02
2.34628546e+02
2.72524162e+02
2.72457499e+02
2.72358809e+02
2.72178280e+02
2.71838630e+02
2.71304920e+02
2.70584234e+02
2.69705393e+02
2.68703850e+02
2.67614204e+02
2.66467203e+02
2.65288847e+02
2.64100393e+02
2.62918748e+02
2.61756979e+02
2.60624873e+02
2.59529504e+02
2.58475756e+02
2.57466770e+02
2.56504322e+02
2.55589123e+02
2.54721071e+02
2.53899449e+02
2.53123091e+02
2.52390506e+02
2.51699982e+02
2.51049664e+02
2.50437616e+02
2.49861873e+02
2.49320470e+02
2.48811474e+02
2.48333003e+02
2.47883239e+02
2.47460439e+02
2.47062937e+02
2.46689155e+02
2.46337595e+02
2.72187675e+02
2.72082642e+02
2.72002075e+02
2.71888725e+02
2.71692555e+02
2.71382220e+02
2.70950000e+02
2.70405459e+02
2.69767309e+02
2.69057399e+02
2.68297169e+02
2.67505848e+02
2.66699754e+02
2.65892192e+02
2.65093646e+02
2.64312115e+02
2.63553498e+02
2.62821965e+02
2.62120306e+02
2.61450213e+02
2.60812527e+02
2.60207435e+02
2.59634627e+02
2.59093423e+02
2.58582880e+02
2.58101864e+02
2.57649121e+02
2.57223322e+02
2.56823100e+02
2.56447082e+02
2.56093909e+02
2.55762253e+02
2.55450827e+02
2.55158395e+02
2.54883774e+02
2.54625841e+02
2.54383531e+02
