2.69796092e+02
5.02442223e+01
3.98187709e+01
3.71025463e+01
3.50982861e+01
3.33780698e+01
3.24427666e+01
3.16790238e+01
3.07364571e+01
3.01497502e+01
2.96323534e+01
2.96535588e+01
2.93194139e+01
2.86632713e+01
2.82737689e+01
2.73043734e+01
2.69990901e+01
2.69295268e+01
2.64856307e+01
2.59809566e+01
2.60082035e+01
2.59916235e+01
2.55009330e+01
2.54737535e+01
2.54447828e+01
2.50756492e+01
2.50283137e+01
2.50706931e+01
2.47130919e+01
2.46987689e+01
2.50051505e+01
2.45916235e+01
2.46296945e+01
2.45899352e+01
2.40779793e+01
2.43939365e+01
2.39882813e+01
2.69903925e+02
1.49918181e+02
1.50085897e+02
1.49774850e+02
1.41821327e+02
1.34932067e+02
1.28746286e+02
1.23906129e+02
1.18918076e+02
1.14908082e+02
1.11186986e+02
1.08625664e+02
1.05885404e+02
1.03256979e+02
1.00995401e+02
9.89817636e+01
9.72584944e+01
9.56097431e+01
9.42970687e+01
9.28965451e+01
9.14885712e+01
9.07850706e+01
8.93568340e+01
8.85719294e+01
8.76948671e+01
8.70502259e+01
8.62731586e+01
8.59510055e+01
8.49914012e+01
8.43244774e+01
8.41733935e+01
8.36812193e+01
8.32314005e+01
8.27322141e+01
8.24808028e+01
8.23288748e+01
8.18435998e+01
2.70241848e+02
2.49658304e+02
2.45862439e+02
2.41593892e+02
2.36973214e+02
2.31912939e+02
2.26290141e+02
2.20480893e+02
2.15441153e+02
2.10785635e+02
2.06490055e+02
2.02479397e+02
1.98629367e+02
1.95314549e+02
1.92199863e+02
1.89087058e+02
1.86665912e+02
1.84525185e+02
1.82451630e+02
1.80684967e+02
1.78851085e+02
1.76980118e+02
1.75428834e+02
1.74060351e+02
1.72832277e+02
1.71967186e+02
1.70648302e+02
1.69870496e+02
1.68981565e+02
1.67832596e+02
1.67543529e+02
1.66570611e+02
1.65962971e+02
1.65154449e+02
1.64824869e+02
1.63945689e+02
1.64124024e+02
2.70342331e+02
2.70322056e+02
2.69483066e+02
2.69408615e+02
2.68335840e+02
2.67478522e+02
2.65898740e+02
2.64174840e+02
2.62193639e+02
2.60454397e+02
2.58865429e+02
2.56797160e+02
2.55341919e+02
2.53593061e+02
2.52028294e+02
2.50588129e+02
2.48791087e+02
2.47362010e+02
2.46742030e+02
2.45490524e+02
2.44343937e+02
2.43018750e+02
2.42227348e+02
2.41160504e+02
2.40360084e+02
2.40067031e+02
2.39763123e+02
2.38514546e+02
2.37992034e+02
2.37414363e+02
2.36707881e+02
2.36469054e+02
2.35797363e+02
2.35571812e+02
2.35068590e+02
2.34719870e+02
2.34089786e+02
2.68017256e+02
2.68226852e+02
2.68227436e+02
2.67873357e+02
2.67928407e+02
2.67629072e+02
2.67104459e+02
2.66761725e+02
2.66453567e+02
2.66535296e+02
2.66452422e+02
2.66191124e+02
2.65658296e+02
2.65258437e+02
2.64658501e+02
2.64575062e+02
2.64176974e+02
2.64285500e+02
2.64117333e+02
2.63894155e+02
2.63323090e+02
2.63262060e+02
2.63404341e+02
2.63097694e+02
2.63080884e+02
2.62924180e+02
2.62616785e+02
2.62439840e+02
2.62302483e+02
2.62315960e+02
2.62219701e+02
2.62053324e+02
2.61850688e+02
2.61506909e+02
2.62304231e+02
2.61760584e+02
2.61793871e+02
2.71180862e+02
2.69916144e+02
2.67343993e+02
2.62567919e+02
2.57777286e+02
2.52503440e+02
2.47535577e+02
2.42245549e+02
2.37456670e+02
2.33165575e+02
2.29577095e+02
2.25643295e+02
2.22520461e+02
2.19100265e+02
2.16655870e+02
2.13803736e+02
2.11288504e+02
2.08862299e+02
2.06666435e+02
2.04768355e+02
2.03050097e+02
2.01051600e+02
1.99757702e+02
1.97903504e+02
1.97095688e+02
1.95408461e+02
1.94347048e+02
1.93291006e+02
1.92304264e+02
1.91140849e+02
1.89909860e+02
1.89130429e+02
1.88503253e+02
1.87306206e+02
1.86541728e+02
1.86054228e+02
1.85343156e+02
2.70862709e+02
2.69882576e+02
2.66296445e+02
2.61250507e+02
2.56533784e+02
2.51649332e+02
2.47689682e+02
2.42945997e+02
2.39108079e+02
2.34956908e+02
2.31931462e+02
2.29264317e+02
2.25847914e+02
2.23340164e+02
2.21179450e+02
2.18476014e+02
2.16562745e+02
2.14715373e+02
2.12696013e+02
2.10929382e+02
2.09114928e+02
2.07332375e+02
2.06114415e+02
2.04717683e+02
2.03536222e+02
2.02429959e+02
2.01169306e+02
2.00381887e+02
1.98823242e+02
1.97935454e+02
1.97348449e+02
1.96538430e+02
1.96252823e+02
1.95694280e+02
1.94234633e+02
1.94098046e+02
1.93435520e+02
2.71171741e+02
2.71475636e+02
2.71362552e+02
2.70223877e+02
2.69548812e+02
2.68440993e+02
2.66987448e+02
2.65660245e+02
2.63787746e+02
2.61949636e+02
2.60258621e+02
2.58289753e+02
2.57098989e+02
2.54941309e+02
2.53548341e+02
2.51635622e+02
2.50298070e+02
2.49160446e+02
2.47557417e+02
2.46480386e+02
2.45174145e+02
2.43918589e+02
2.43209873e+02
2.42215261e+02
2.41183300e+02
2.40455652e+02
2.39174238e+02
2.38584471e+02
2.37704364e+02
2.37035912e+02
2.36344080e+02
2.36158897e+02
2.35307185e+02
2.34739348e+02
2.34257129e+02
2.33556542e+02
2.33542161e+02
2.71135069e+02
2.71365728e+02
2.71365137e+02
2.71494820e+02
2.70992708e+02
2.70175668e+02
2.69612693e+02
2.68458924e+02
2.67501689e+02
2.66481075e+02
2.65451530e+02
2.64178631e+02
2.63083729e+02
2.62433171e+02
2.60846098e+02
2.60011241e+02
2.58646703e+02
2.57780645e+02
2.56610762e+02
2.56111681e+02
2.54768534e+02
2.53818138e+02
2.53053814e+02
2.51956298e+02
2.51601844e+02
2.50730772e+02
2.49841971e+02
2.49512919e+02
2.48965685e+02
2.48538470e+02
2.47309247e+02
2.47151993e+02
2.47138467e+02
2.46476566e+02
2.46201549e+02
2.45817231e+02
2.45323676e+02
2.71267815e+02
2.70971478e+02
2.71538910e+02
2.71208186e+02
2.70889663e+02
2.70786713e+02
2.69901603e+02
2.69950571e+02
2.69492306e+02
2.68418323e+02
2.67811801e+02
2.67200335e+02
2.66078171e+02
2.64956335e+02
2.64254415e+02
2.63886693e+02
2.62913352e+02
2.62140996e+02
2.61600082e+02
2.60606415e+02
2.60314630e+02
2.60075076e+02
2.59495715e+02
2.58519097e+02
2.57762479e+02
2.57556268e+02
2.56967807e+02
2.56653043e+02
2.56174004e+02
2.56226979e+02
2.55500523e+02
2.55294805e+02
2.54998795e+02
2.54803561e+02
2.54331410e+02
2.54060152e+02
2.53789890e+02
