2.70000000e+02
5.00000000e+01
4.00947950e+01
3.71751890e+01
3.50738170e+01
3.36082810e+01
3.24993420e+01
3.16166970e+01
3.08913920e+01
3.02822800e+01
2.97625600e+01
2.93084380e+01
2.87825630e+01
2.83007980e+01
2.78693050e+01
2.74821720e+01
2.71335020e+01
2.68181780e+01
2.65318800e+01
2.62709690e+01
2.60323790e+01
2.58135140e+01
2.56121680e+01
2.54264500e+01
2.52547360e+01
2.50956230e+01
2.49478880e+01
2.48104650e+01
2.46824200e+01
2.45629250e+01
2.44512500e+01
2.43467450e+01
2.42488300e+01
2.41569850e+01
2.40707430e+01
2.39896810e+01
2.39134180e+01
2.70000000e+02
1.50000000e+02
1.50000000e+02
1.50000000e+02
1.41378901e+02
1.34817199e+02
1.28816936e+02
1.23557387e+02
1.18980302e+02
1.14990585e+02
1.11497801e+02
1.08424933e+02
1.05695498e+02
1.03246546e+02
1.01046094e+02
9.90665050e+01
9.72823690e+01
9.56710810e+01
9.42128330e+01
9.28903540e+01
9.16885910e+01
9.05944120e+01
8.95963290e+01
8.86842750e+01
8.78493980e+01
8.70839020e+01
8.63809010e+01
8.57342970e+01
8.51386810e+01
8.45892450e+01
8.40817050e+01
8.36122360e+01
8.31774180e+01
8.27741880e+01
8.23997960e+01
8.20517700e+01
8.17278840e+01
2.70000000e+02
2.50000000e+02
2.46090437e+02
2.41570287e+02
2.36829586e+02
2.31597411e+02
2.26056386e+02
2.20616726e+02
2.15470226e+02
2.10691006e+02
2.06296666e+02
2.02277826e+02
1.98612609e+02
1.95273000e+02
1.92229191e+02
1.89453160e+02
1.86919522e+02
1.84605335e+02
1.82489838e+02
1.80554249e+02
1.78781591e+02
1.77156538e+02
1.75665265e+02
1.74295309e+02
1.73035445e+02
1.71875560e+02
1.70806544e+02
1.69820190e+02
1.68909101e+02
1.68066609e+02
1.67286697e+02
1.66563936e+02
1.65893419e+02
1.65270714e+02
1.64691809e+02
1.64153072e+02
1.63651213e+02
2.69953891e+02
2.69914738e+02
2.69664645e+02
2.69163307e+02
2.68338764e+02
2.67183680e+02
2.65749991e+02
2.64114258e+02
2.62354399e+02
2.60536629e+02
2.58711674e+02
2.56915883e+02
2.55173975e+02
2.53501784e+02
2.51908613e+02
2.50399059e+02
2.48974460e+02
2.47633979e+02
2.46375363e+02
2.45195462e+02
2.44090589e+02
2.43056767e+02
2.42089895e+02
2.41185876e+02
2.40340692e+02
2.39550459e+02
2.38811466e+02
2.38120192e+02
2.37473320e+02
2.36867735e+02
2.36300531e+02
2.35768995e+02
2.35270610e+02
2.34803037e+02
2.34364111e+02
2.33951826e+02
2.33564327e+02
2.68001090e+02
2.68001023e+02
2.67982085e+02
2.67927463e+02
2.67824105e+02
2.67663953e+02
2.67449599e+02
2.67191261e+02
2.66902056e+02
2.66594648e+02
2.66279586e+02
2.65964887e+02
2.65656275e+02
2.65357619e+02
2.65071370e+02
2.64798939e+02
2.64540989e+02
2.64297666e+02
2.64068776e+02
2.63853897e+02
2.63652468e+02
2.63463844e+02
2.63287335e+02
2.63122236e+02
2.62967844e+02
2.62823472e+02
2.62688458e+02
2.62562167e+02
2.62444003e+02
2.62333398e+02
2.62229826e+02
2.62132791e+02
2.62041833e+02
2.61956523e+02
2.61876466e+02
2.61801292e+02
2.61730662e+02
2.71526424e+02
2.70723834e+02
2.67520284e+02
2.62846461e+02
2.57640583e+02
2.52355505e+02
2.47213903e+02
2.42327299e+02
2.37745783e+02
2.33484165e+02
2.29537332e+02
2.25889504e+02
2.22519604e+02
2.19403827e+02
2.16518600e+02
2.13842237e+02
2.11355100e+02
2.09039548e+02
2.06879829e+02
2.04861932e+02
2.02973422e+02
2.01203260e+02
1.99541643e+02
1.97979846e+02
1.96510088e+02
1.95125406e+02
1.93819551e+02
1.92586896e+02
1.91422355e+02
1.90321317e+02
1.89279583e+02
1.88293323e+02
1.87359027e+02
1.86473472e+02
1.85633688e+02
1.84836936e+02
1.84080675e+02
2.71533296e+02
2.70591934e+02
2.67182645e+02
2.62607709e+02
2.57820983e+02
2.53153328e+02
2.48713124e+02
2.44535912e+02
2.40628692e+02
2.36985205e+02
2.33592600e+02
2.30434917e+02
2.27494865e+02
2.24754238e+02
2.22195908e+02
2.19804649e+02
2.17566788e+02
2.15469966e+02
2.13503012e+02
2.11655829e+02
2.09919300e+02
2.08285179e+02
2.06746004e+02
2.05295007e+02
2.03926038e+02
2.02633498e+02
2.01412271e+02
2.00257678e+02
1.99165428e+02
1.98131572e+02
1.97152475e+02
1.96224779e+02
1.95345378e+02
1.94511391e+02
1.93720146e+02
1.92969156e+02
1.92256106e+02
2.71499824e+02
2.71512745e+02
2.71400727e+02
2.70963007e+02
2.70125023e+02
2.68935497e+02
2.67481204e+02
2.65843888e+02
2.64089689e+02
2.62269653e+02
2.60422556e+02
2.58577579e+02
2.56756418e+02
2.54974916e+02
2.53244261e+02
2.51572021e+02
2.49963039e+02
2.48420097e+02
2.46944424e+02
2.45536072e+02
2.44194223e+02
2.42917421e+02
2.41703756e+02
2.40551012e+02
2.39456771e+02
2.38418506e+02
2.37433637e+02
2.36499585e+02
2.35613807e+02
2.34773819e+02
2.33977217e+02
2.33221684e+02
2.32505005e+02
2.31825065e+02
2.31179853e+02
2.30567461e+02
2.29986082e+02
2.71452297e+02
2.71465924e+02
2.71464614e+02
2.71377760e+02
2.71125495e+02
2.70666262e+02
2.70001614e+02
2.69158310e+02
2.68172509e+02
2.67080953e+02
2.65916996e+02
2.64709169e+02
2.63480946e+02
2.62251068e+02
2.61034087e+02
2.59840968e+02
2.58679713e+02
2.57555942e+02
2.56473399e+02
2.55434355e+02
2.54439952e+02
2.53490470e+02
2.52585538e+02
2.51724314e+02
2.50905609e+02
2.50127998e+02
2.49389900e+02
2.48689641e+02
2.48025499e+02
2.47395742e+02
2.46798654e+02
2.46232557e+02
2.45695818e+02
2.45186868e+02
2.44704198e+02
2.44246370e+02
2.43812016e+02
2.71384509e+02
2.71385891e+02
2.71383232e+02
2.71333452e+02
2.71190732e+02
2.70927544e+02
2.70539234e+02
2.70037442e+02
2.69442112e+02
2.68775706e+02
2.68059824e+02
2.67313541e+02
2.66552800e+02
2.65790400e+02
2.65036265e+02
2.64297831e+02
2.63580471e+02
2.62887900e+02
2.62222530e+02
2.61585763e+02
2.60978234e+02
2.60400002e+02
2.59850698e+02
2.59329648e+02
2.58835959e+02
2.58368597e+02
2.57926434e+02
2.57508295e+02
2.57112984e+02
2.56739312e+02
2.56386110e+02
2.56052242e+02
2.55736614e+02
2.55438177e+02
2.55155932e+02
2.54888933e+02
2.54636283e+02
