2.69836241e+02
4.97675712e+01
4.03473912e+01
3.77473807e+01
3.52813574e+01
3.43124594e+01
3.31849420e+01
3.18400720e+01
3.10622151e+01
3.04550202e+01
3.01151553e+01
2.93963161e+01
2.88979281e+01
2.85989592e+01
2.83673020e+01
2.79213646e+01
2.75134291e+01
2.69228636e+01
2.70015887e+01
2.67727614e+01
2.63222439e+01
2.58405893e+01
2.61295272e+01
2.57444690e+01
2.60393811e+01
2.55764170e+01
2.52000391e+01
2.52430397e+01
2.51204307e+01
2.49891627e+01
2.46758800e+01
2.47865194e+01
2.45250318e+01
2.46619330e+01
2.47562919e+01
2.45249250e+01
2.41290059e+01
2.70039975e+02
1.50150861e+02
1.49932291e+02
1.49512059e+02
1.41250022e+02
1.35093587e+02
1.29303223e+02
1.23626291e+02
1.19603956e+02
1.15444517e+02
1.11490338e+02
1.08388861e+02
1.05954422e+02
1.03993847e+02
1.01225550e+02
9.95157282e+01
9.74386563e+01
9.59030076e+01
9.44163634e+01
9.30511879e+01
9.19918196e+01
9.07390641e+01
8.96640141e+01
8.86314831e+01
8.80721372e+01
8.72478296e+01
8.68562556e+01
8.58598969e+01
8.55212484e+01
8.46672847e+01
8.40965699e+01
8.36485454e+01
8.35030381e+01
8.29768718e+01
8.27153401e+01
8.22085678e+01
8.16731555e+01
2.70293489e+02
2.49715831e+02
2.46197130e+02
2.41642314e+02
2.36863950e+02
2.32314519e+02
2.26710977e+02
2.20700498e+02
2.15895949e+02
2.11225449e+02
2.06709348e+02
2.02819894e+02
1.98811877e+02
1.95482105e+02
1.92463033e+02
1.89751301e+02
1.87210356e+02
1.84485411e+02
1.82372636e+02
1.80436876e+02
1.79158240e+02
1.76891020e+02
1.75344817e+02
1.74066976e+02
1.73051183e+02
1.71799821e+02
1.71000807e+02
1.69566335e+02
1.68800057e+02
1.68494584e+02
1.66987840e+02
1.66775754e+02
1.65914027e+02
1.65352151e+02
1.64720757e+02
1.64114222e+02
1.63752035e+02
2.71047600e+02
2.71026860e+02
2.69922675e+02
2.69985941e+02
2.69082163e+02
2.67304136e+02
2.66195914e+02
2.64467419e+02
2.63047470e+02
2.60856248e+02
2.58751104e+02
2.56699005e+02
2.55334464e+02
2.53804062e+02
2.52049827e+02
2.50564083e+02
2.48870597e+02
2.47893072e+02
2.46099274e+02
2.45076118e+02
2.43860492e+02
2.42947750e+02
2.41737747e+02
2.40907504e+02
2.40184989e+02
2.39461324e+02
2.38755919e+02
2.38200534e+02
2.37356946e+02
2.36981637e+02
2.36535208e+02
2.36069903e+02
2.35384349e+02
2.34884906e+02
2.34523524e+02
2.34113174e+02
2.34245386e+02
2.68304627e+02
2.67965483e+02
2.68481056e+02
2.68135182e+02
2.67844845e+02
2.67759783e+02
2.67912686e+02
2.67040527e+02
2.67253976e+02
2.67103837e+02
2.66793672e+02
2.66350841e+02
2.65736071e+02
2.65282797e+02
2.65399620e+02
2.65088866e+02
2.64509987e+02
2.64718480e+02
2.64223690e+02
2.63850199e+02
2.63836716e+02
2.63475493e+02
2.63330744e+02
2.63372216e+02
2.63377039e+02
2.63326360e+02
2.63138527e+02
2.62632514e+02
2.62788793e+02
2.62547711e+02
2.62747741e+02
2.62406215e+02
2.62334590e+02
2.62547832e+02
2.62396117e+02
2.62266316e+02
2.62012044e+02
2.74216507e+02
2.73311655e+02
2.69472816e+02
2.64180384e+02
2.58469955e+02
2.52695311e+02
2.46782585e+02
2.41790951e+02
2.37069775e+02
2.32900393e+02
2.28903413e+02
2.24904977e+02
2.21595558e+02
2.18445538e+02
2.15937271e+02
2.13153610e+02
2.10681849e+02
2.08282883e+02
2.06390259e+02
2.04409518e+02
2.02427024e+02
2.00817858e+02
1.99412455e+02
1.98084574e+02
1.95913120e+02
1.95285683e+02
1.94216525e+02
1.92866816e+02
1.91919951e+02
1.90817059e+02
1.90012297e+02
1.89368657e+02
1.88058655e+02
1.87438316e+02
1.86968674e+02
1.86024407e+02
1.85389750e+02
2.73843317e+02
2.72827610e+02
2.68678973e+02
2.63543903e+02
2.58433931e+02
2.53459194e+02
2.49267957e+02
2.44481383e+02
2.40382683e+02
2.36546935e+02
2.33031602e+02
2.30194367e+02
2.27060506e+02
2.24167628e+02
2.21790341e+02
2.19597839e+02
2.17147390e+02
2.15017082e+02
2.13456596e+02
2.11520676e+02
2.09804131e+02
2.08244546e+02
2.07201288e+02
2.05656943e+02
2.04493965e+02
2.03102390e+02
2.01669163e+02
2.00910452e+02
2.00011782e+02
1.98768925e+02
1.98189873e+02
1.97417874e+02
1.96715047e+02
1.95835812e+02
1.94893052e+02
1.94181854e+02
1.94097941e+02
2.72998738e+02
2.72742895e+02
2.72522071e+02
2.71966525e+02
2.70972272e+02
2.69919030e+02
2.67959459e+02
2.66749720e+02
2.64762745e+02
2.63013054e+02
2.60628656e+02
2.59162300e+02
2.57872419e+02
2.55632166e+02
2.54234796e+02
2.52507472e+02
2.50981362e+02
2.49548422e+02
2.47796513e+02
2.46952432e+02
2.45350460e+02
2.44474922e+02
2.43433281e+02
2.41956290e+02
2.41631988e+02
2.40599054e+02
2.39877390e+02
2.38276619e+02
2.38228064e+02
2.37722231e+02
2.36560197e+02
2.35939244e+02
2.35347273e+02
2.34748287e+02
2.34133473e+02
2.33537596e+02
2.33294320e+02
2.72163770e+02
2.72044778e+02
2.72026219e+02
2.71734697e+02
2.71768315e+02
2.71100311e+02
2.69934467e+02
2.69356571e+02
2.68943819e+02
2.67304605e+02
2.66108390e+02
2.65060289e+02
2.63751365e+02
2.62271202e+02
2.61393712e+02
2.60095620e+02
2.59043643e+02
2.58074991e+02
2.56773359e+02
2.56278080e+02
2.55165416e+02
2.54305209e+02
2.53092378e+02
2.52351379e+02
2.51420318e+02
2.50631664e+02
2.50533421e+02
2.49424915e+02
2.48988936e+02
2.48076531e+02
2.48160418e+02
2.47360844e+02
2.47220694e+02
2.46553139e+02
2.46141862e+02
2.45419837e+02
2.45644829e+02
2.71246641e+02
2.71444710e+02
2.71430017e+02
2.71927969e+02
2.71689127e+02
2.71104232e+02
2.71372684e+02
2.70531746e+02
2.69102791e+02
2.68879869e+02
2.68327488e+02
2.67579532e+02
2.66526298e+02
2.65850389e+02
2.65152032e+02
2.64442135e+02
2.63425726e+02
2.62678391e+02
2.61758282e+02
2.61313303e+02
2.60682825e+02
2.60074041e+02
2.59354450e+02
2.58505106e+02
2.58073083e+02
2.57678923e+02
2.57162343e+02
2.56781287e+02
2.56517268e+02
2.56601856e+02
2.55668539e+02
2.55219070e+02
2.54975653e+02
2.54934212e+02
2.54323232e+02
2.54238232e+02
2.54206472e+02
