2.70000000e+02
5.00000000e+01
4.01262300e+01
3.72158540e+01
3.51168250e+01
3.36556370e+01
3.25518960e+01
3.16742450e+01
3.09532750e+01
3.03477590e+01
2.98310070e+01
2.93845990e+01
2.88929130e+01
2.84160730e+01
2.79883090e+01
2.76047500e+01
2.72597810e+01
2.69484050e+01
2.66663540e+01
2.64100060e+01
2.61762940e+01
2.59626040e+01
2.57667040e+01
2.55866760e+01
2.54208660e+01
2.52678370e+01
2.51263380e+01
2.49952750e+01
2.48736830e+01
2.47607110e+01
2.46556040e+01
2.45576910e+01
2.44663730e+01
2.43811100e+01
2.43014210e+01
2.42268670e+01
2.41570560e+01
2.70000000e+02
1.50000000e+02
1.50000000e+02
1.50000000e+02
1.41387898e+02
1.34842205e+02
1.28856033e+02
1.23607835e+02
1.19040181e+02
1.15058281e+02
1.11571929e+02
1.08504504e+02
1.05785339e+02
1.03346503e+02
1.01154006e+02
9.91813290e+01
9.74038220e+01
9.57993440e+01
9.43483860e+01
9.30338700e+01
9.18408640e+01
9.07563070e+01
8.97687420e+01
8.88681060e+01
8.80455280e+01
8.72931790e+01
8.66041260e+01
8.59722180e+01
8.53919870e+01
8.48585620e+01
8.43675930e+01
8.39151920e+01
8.34978720e+01
8.31125080e+01
8.27562870e+01
8.24266780e+01
8.21214000e+01
2.70000000e+02
2.50000000e+02
2.46200240e+02
2.41727645e+02
2.37003753e+02
2.31778822e+02
2.26239033e+02
2.20797658e+02
2.15648873e+02
2.10867862e+02
2.06472743e+02
2.02454448e+02
1.98791400e+02
1.95456137e+02
1.92418987e+02
1.89651737e+02
1.87128856e+02
1.84827330e+02
1.82726361e+02
1.80807134e+02
1.79052632e+02
1.77447473e+02
1.75977767e+02
1.74630974e+02
1.73395777e+02
1.72261967e+02
1.71220328e+02
1.70262545e+02
1.69381109e+02
1.68569238e+02
1.67820800e+02
1.67130254e+02
1.66492581e+02
1.65903242e+02
1.65358119e+02
1.64853481e+02
1.64385942e+02
2.70489199e+02
2.70364799e+02
2.70053969e+02
2.69506684e+02
2.68645904e+02
2.67462250e+02
2.66006953e+02
2.64356382e+02
2.62588348e+02
2.60768875e+02
2.58948361e+02
2.57162718e+02
2.55436135e+02
2.53783958e+02
2.52214990e+02
2.50733375e+02
2.49340023e+02
2.48033702e+02
2.46811800e+02
2.45670849e+02
2.44606878e+02
2.43615655e+02
2.42692852e+02
2.41834162e+02
2.41035374e+02
2.40292427e+02
2.39601440e+02
2.38958737e+02
2.38360850e+02
2.37804528e+02
2.37286732e+02
2.36804629e+02
2.36355586e+02
2.35937159e+02
2.35547084e+02
2.35183267e+02
2.34843769e+02
2.68068110e+02
2.68061082e+02
2.68031543e+02
2.67969784e+02
2.67863551e+02
2.67704931e+02
2.67496421e+02
2.67247808e+02
2.66971544e+02
2.66679565e+02
2.66381735e+02
2.66085495e+02
2.65796103e+02
2.65517073e+02
2.65250593e+02
2.64997883e+02
2.64759471e+02
2.64535410e+02
2.64325441e+02
2.64129102e+02
2.63945807e+02
2.63774898e+02
2.63615681e+02
2.63467453e+02
2.63329515e+02
2.63201188e+02
2.63081817e+02
2.62970778e+02
2.62867480e+02
2.62771368e+02
2.62681920e+02
2.62598648e+02
2.62521100e+02
2.62448852e+02
2.62381515e+02
2.62318726e+02
2.62260148e+02
2.72280880e+02
2.71543101e+02
2.68486166e+02
2.63870230e+02
2.58648234e+02
2.53315304e+02
2.48119790e+02
2.43185792e+02
2.38568879e+02
2.34285843e+02
2.30331870e+02
2.26690659e+02
2.23340322e+02
2.20256216e+02
2.17413418e+02
2.14788789e+02
2.12361357e+02
2.10112269e+02
2.08024673e+02
2.06083568e+02
2.04275627e+02
2.02589021e+02
2.01013247e+02
1.99538965e+02
1.98157856e+02
1.96862490e+02
1.95646212e+02
1.94503044e+02
1.93427600e+02
1.92415009e+02
1.91460854e+02
1.90561116e+02
1.89712127e+02
1.88910532e+02
1.88153250e+02
1.87437450e+02
1.86760518e+02
2.72245826e+02
2.71203005e+02
2.67608242e+02
2.62873751e+02
2.57977263e+02
2.53241312e+02
2.48765396e+02
2.44579032e+02
2.40684941e+02
2.37073509e+02
2.33729069e+02
2.30633238e+02
2.27766714e+02
2.25109599e+02
2.22642938e+02
2.20349938e+02
2.18215629e+02
2.16226545e+02
2.14370549e+02
2.12636710e+02
2.11015182e+02
2.09497089e+02
2.08074425e+02
2.06739950e+02
2.05487109e+02
2.04309951e+02
2.03203064e+02
2.02161513e+02
2.01180789e+02
2.00256760e+02
1.99385637e+02
1.98563934e+02
1.97788440e+02
1.97056189e+02
1.96364441e+02
1.95710657e+02
1.95092486e+02
2.72030532e+02
2.72006500e+02
2.71846813e+02
2.71350152e+02
2.70453247e+02
2.69219679e+02
2.67745969e+02
2.66117730e+02
2.64400974e+02
2.62644472e+02
2.60883789e+02
2.59144675e+02
2.57445561e+02
2.55799337e+02
2.54214621e+02
2.52696763e+02
2.51248706e+02
2.49871628e+02
2.48565400e+02
2.47328933e+02
2.46160438e+02
2.45057638e+02
2.44017921e+02
2.43038471e+02
2.42116358e+02
2.41248613e+02
2.40432282e+02
2.39664465e+02
2.38942345e+02
2.38263208e+02
2.37624456e+02
2.37023613e+02
2.36458332e+02
2.35926394e+02
2.35425707e+02
2.34954303e+02
2.34510336e+02
2.71872913e+02
2.71860690e+02
2.71821665e+02
2.71693967e+02
2.71402568e+02
2.70913425e+02
2.70234086e+02
2.69394012e+02
2.68429404e+02
2.67375546e+02
2.66263710e+02
2.65120241e+02
2.63966577e+02
2.62819677e+02
2.61692574e+02
2.60594965e+02
2.59533791e+02
2.58513788e+02
2.57537946e+02
2.56607898e+02
2.55724229e+02
2.54886733e+02
2.54094610e+02
2.53346630e+02
2.52641259e+02
2.51976761e+02
2.51351271e+02
2.50762860e+02
2.50209578e+02
2.49689487e+02
2.49200689e+02
2.48741341e+02
2.48309668e+02
2.47903977e+02
2.47522651e+02
2.47164162e+02
2.46827064e+02
2.71692429e+02
2.71671351e+02
2.71642775e+02
2.71566568e+02
2.71396822e+02
2.71105396e+02
2.70687482e+02
2.70154940e+02
2.69528083e+02
2.68829783e+02
2.68082067e+02
2.67304444e+02
2.66513293e+02
2.65721853e+02
2.64940449e+02
2.64176882e+02
2.63436832e+02
2.62724254e+02
2.62041728e+02
2.61390764e+02
2.60772038e+02
2.60185598e+02
2.59631020e+02
2.59107534e+02
2.58614125e+02
2.58149609e+02
2.57712696e+02
2.57302034e+02
2.56916248e+02
2.56553965e+02
2.56213835e+02
2.55894544e+02
2.55594826e+02
2.55313467e+02
2.55049313e+02
2.54801268e+02
2.54568298e+02
