2.70135094e+02
4.99010947e+01
4.04185554e+01
3.73164473e+01
3.50275016e+01
3.36634606e+01
3.27610524e+01
3.17680760e+01
3.09381440e+01
3.08615546e+01
2.97702644e+01
2.92866650e+01
2.85978227e+01
2.87145017e+01
2.81281370e+01
2.74150247e+01
2.70273854e+01
2.71409610e+01
2.69292589e+01
2.64419271e+01
2.63757736e+01
2.60405646e+01
2.57500442e+01
2.53432553e+01
2.54275056e+01
2.53793056e+01
2.46725798e+01
2.50207224e+01
2.49324275e+01
2.45753925e+01
2.45907543e+01
2.46406949e+01
2.45184540e+01
2.45753747e+01
2.45928266e+01
2.42234013e+01
2.38491419e+01
2.70026363e+02
1.49646513e+02
1.50012592e+02
1.50055931e+02
1.41232514e+02
1.34736353e+02
1.28851721e+02
1.23194385e+02
1.19026984e+02
1.14830321e+02
1.11432488e+02
1.08173350e+02
1.05368127e+02
1.03217814e+02
1.01076139e+02
9.89847197e+01
9.70193383e+01
9.53526834e+01
9.36178249e+01
9.24464517e+01
9.13361646e+01
9.06061280e+01
8.94053717e+01
8.84632587e+01
8.78388768e+01
8.66441718e+01
8.61306386e+01
8.57515894e+01
8.48465869e+01
8.47491537e+01
8.39198767e+01
8.31701475e+01
8.28366716e+01
8.25353499e+01
8.22407473e+01
8.16520671e+01
8.15341556e+01
2.69938774e+02
2.50037242e+02
2.46242583e+02
2.41767088e+02
2.36673916e+02
2.31661836e+02
2.25843538e+02
2.20328518e+02
2.15370670e+02
2.10249879e+02
2.05536308e+02
2.02084391e+02
1.98082297e+02
1.94594778e+02
1.92084358e+02
1.89260030e+02
1.86494980e+02
1.83568778e+02
1.82173360e+02
1.79839588e+02
1.78091671e+02
1.76349055e+02
1.74840032e+02
1.73619710e+02
1.72177169e+02
1.71309977e+02
1.70090082e+02
1.69243283e+02
1.68085465e+02
1.67641064e+02
1.66998363e+02
1.66009371e+02
1.65659177e+02
1.64897935e+02
1.63747112e+02
1.63816883e+02
1.62895759e+02
2.70209309e+02
2.69504072e+02
2.69082461e+02
2.68710445e+02
2.67789566e+02
2.67018249e+02
2.65663004e+02
2.63799415e+02
2.62015895e+02
2.60143041e+02
2.58097846e+02
2.56502573e+02
2.54745425e+02
2.52513617e+02
2.51643441e+02
2.49936258e+02
2.48580514e+02
2.47206672e+02
2.46128305e+02
2.45428691e+02
2.44069279e+02
2.43073548e+02
2.41621591e+02
2.40745967e+02
2.39536684e+02
2.39175130e+02
2.38684618e+02
2.37900433e+02
2.37067878e+02
2.36820418e+02
2.36225400e+02
2.35713924e+02
2.35203766e+02
2.34382006e+02
2.33930012e+02
2.33923756e+02
2.33565615e+02
2.68007609e+02
2.67884659e+02
2.67852203e+02
2.67941739e+02
2.68545689e+02
2.67925846e+02
2.67350398e+02
2.67322148e+02
2.67030956e+02
2.66666885e+02
2.66256447e+02
2.65880829e+02
2.65285904e+02
2.65146296e+02
2.64867322e+02
2.64538589e+02
2.64806114e+02
2.64270178e+02
2.63934302e+02
2.63711541e+02
2.62972648e+02
2.63538922e+02
2.63227050e+02
2.62899535e+02
2.62766498e+02
2.62857739e+02
2.62429026e+02
2.62268578e+02
2.62428563e+02
2.62274000e+02
2.61895997e+02
2.62301624e+02
2.61838574e+02
2.61591503e+02
2.61520370e+02
2.61620048e+02
2.61687175e+02
2.70157041e+02
2.69242043e+02
2.65434527e+02
2.60641161e+02
2.54875902e+02
2.49161777e+02
2.44014909e+02
2.39257759e+02
2.34488208e+02
2.30287971e+02
2.25722711e+02
2.21953316e+02
2.18974115e+02
2.15985171e+02
2.13419081e+02
2.10339811e+02
2.07789864e+02
2.05579379e+02
2.03358025e+02
2.01453371e+02
1.99573101e+02
1.97752257e+02
1.96225846e+02
1.94550614e+02
1.93344176e+02
1.91638089e+02
1.90136068e+02
1.89134723e+02
1.87870339e+02
1.87085028e+02
1.86115603e+02
1.84724580e+02
1.83992013e+02
1.83144843e+02
1.82938553e+02
1.81727284e+02
1.80799960e+02
2.70291803e+02
2.69155451e+02
2.65380875e+02
2.60751805e+02
2.55770321e+02
2.50737891e+02
2.46277462e+02
2.41673196e+02
2.37628334e+02
2.34051806e+02
2.31113386e+02
2.27599013e+02
2.24485549e+02
2.21910351e+02
2.19280194e+02
2.17045010e+02
2.14730658e+02
2.12527397e+02
2.10679778e+02
2.08413663e+02
2.06797995e+02
2.05432829e+02
2.03778176e+02
2.02537033e+02
2.01517006e+02
1.99919978e+02
1.98293939e+02
1.97364639e+02
1.96601095e+02
1.95610826e+02
1.94336896e+02
1.93252189e+02
1.92506638e+02
1.91349175e+02
1.91419163e+02
1.90406307e+02
1.89624002e+02
2.70240185e+02
2.70533595e+02
2.70231022e+02
2.69922545e+02
2.69124643e+02
2.67799054e+02
2.66192467e+02
2.64908929e+02
2.63079696e+02
2.61315859e+02
2.59415511e+02
2.57824708e+02
2.55614684e+02
2.53602607e+02
2.52069485e+02
2.50577867e+02
2.48631585e+02
2.47140997e+02
2.45750053e+02
2.44535661e+02
2.42991790e+02
2.41629912e+02
2.40544517e+02
2.39433250e+02
2.38456269e+02
2.37458509e+02
2.36392554e+02
2.35219293e+02
2.34623266e+02
2.33907355e+02
2.33058199e+02
2.32142996e+02
2.31592045e+02
2.30772014e+02
2.30360432e+02
2.29290375e+02
2.29165465e+02
2.70468358e+02
2.70866276e+02
2.71118639e+02
2.70948082e+02
2.70662708e+02
2.69919843e+02
2.69427000e+02
2.68416325e+02
2.67639353e+02
2.66302777e+02
2.65209898e+02
2.64088957e+02
2.62994567e+02
2.61481776e+02
2.60200285e+02
2.58580618e+02
2.57815860e+02
2.56560266e+02
2.55950116e+02
2.55078139e+02
2.53926190e+02
2.52826391e+02
2.52066668e+02
2.51023477e+02
2.50217958e+02
2.49322060e+02
2.48734572e+02
2.47707689e+02
2.47607866e+02
2.46828995e+02
2.46294584e+02
2.45832162e+02
2.45444326e+02
2.44750836e+02
2.44134304e+02
2.43640353e+02
2.43545802e+02
2.70927714e+02
2.71421754e+02
2.70938972e+02
2.71238885e+02
2.70903305e+02
2.70424299e+02
2.69605918e+02
2.69750844e+02
2.69192924e+02
2.68387783e+02
2.67803048e+02
2.66886993e+02
2.66357468e+02
2.65317696e+02
2.64344536e+02
2.63739553e+02
2.63041398e+02
2.62440462e+02
2.61814180e+02
2.61287559e+02
2.60467368e+02
2.60446260e+02
2.59281562e+02
2.58928495e+02
2.58311008e+02
2.58251249e+02
2.57377439e+02
2.57057209e+02
2.56879777e+02
2.56817035e+02
2.55746591e+02
2.55607632e+02
2.55527995e+02
2.55126996e+02
2.54546326e+02
2.54539322e+02
2.54261790e+02
