2.70000000e+02
5.00000000e+01
4.02172970e+01
3.73258370e+01
3.52141270e+01
3.37402960e+01
3.26267450e+01
3.17422480e+01
3.10170980e+01
3.04096270e+01
2.98926790e+01
2.94474020e+01
2.89799460e+01
2.85088460e+01
2.80863200e+01
2.77080530e+01
2.73683800e+01
2.70622080e+01
2.67851820e+01
2.65336200e+01
2.63044060e+01
2.60948980e+01
2.59028460e+01
2.57263240e+01
2.55636770e+01
2.54134730e+01
2.52744710e+01
2.51455870e+01
2.50258700e+01
2.49144860e+01
2.48106950e+01
2.47138420e+01
2.46233450e+01
2.45386810e+01
2.44593840e+01
2.43850340e+01
2.43152500e+01
2.70000000e+02
1.50000000e+02
1.50000000e+02
1.50000000e+02
1.41464135e+02
1.34928861e+02
1.28935101e+02
1.23670464e+02
1.19082276e+02
1.15078526e+02
1.11570680e+02
1.08483100e+02
1.05748382e+02
1.03297504e+02
1.01094090e+02
9.91119800e+01
9.73266950e+01
9.57160610e+01
9.42604330e+01
9.29425610e+01
9.17473250e+01
9.06614730e+01
8.96733750e+01
8.87727980e+01
8.79507250e+01
8.71991940e+01
8.65111550e+01
8.58803600e+01
8.53012550e+01
8.47689000e+01
8.42788890e+01
8.38272860e+01
8.34105720e+01
8.30255940e+01
8.26695220e+01
8.23398140e+01
8.20341810e+01
2.70000000e+02
2.50000000e+02
2.46148487e+02
2.41645890e+02
2.36905175e+02
2.31667376e+02
2.26111356e+02
2.20646884e+02
2.15468939e+02
2.10654819e+02
2.06224841e+02
2.02171765e+02
1.98475394e+02
1.95109382e+02
1.92044664e+02
1.89253121e+02
1.86709117e+02
1.84389446e+02
1.82273063e+02
1.80340868e+02
1.78575544e+02
1.76961409e+02
1.75484282e+02
1.74131352e+02
1.72891053e+02
1.71752952e+02
1.70707639e+02
1.69746625e+02
1.68862256e+02
1.68047626e+02
1.67296502e+02
1.66603258e+02
1.65962811e+02
1.65370567e+02
1.64822372e+02
1.64314466e+02
1.63843442e+02
2.70364492e+02
2.70163458e+02
2.69796893e+02
2.69204857e+02
2.68304142e+02
2.67081976e+02
2.65588613e+02
2.63900788e+02
2.62097120e+02
2.60244391e+02
2.58393517e+02
2.56580651e+02
2.54829999e+02
2.53156737e+02
2.51569423e+02
2.50071884e+02
2.48664684e+02
2.47346238e+02
2.46113597e+02
2.44962989e+02
2.43890177e+02
2.42890701e+02
2.41960045e+02
2.41093745e+02
2.40287470e+02
2.39537060e+02
2.38838563e+02
2.38188249e+02
2.37582614e+02
2.37018383e+02
2.36492505e+02
2.36002143e+02
2.35544666e+02
2.35117640e+02
2.34718812e+02
2.34346103e+02
2.33997591e+02
2.68073665e+02
2.68060071e+02
2.68019076e+02
2.67945764e+02
2.67827086e+02
2.67653809e+02
2.67427886e+02
2.67159375e+02
2.66861455e+02
2.66546896e+02
2.66226306e+02
2.65907696e+02
2.65596723e+02
2.65297146e+02
2.65011287e+02
2.64740418e+02
2.64485061e+02
2.64245228e+02
2.64020591e+02
2.63810612e+02
2.63614625e+02
2.63431890e+02
2.63261639e+02
2.63103095e+02
2.62955495e+02
2.62818099e+02
2.62690199e+02
2.62571123e+02
2.62460236e+02
2.62356942e+02
2.62260686e+02
2.62170951e+02
2.62087253e+02
2.62009148e+02
2.61936222e+02
2.61868094e+02
2.61804409e+02
2.69093982e+02
2.68500161e+02
2.65645678e+02
2.61256272e+02
2.56269871e+02
2.51168765e+02
2.46194840e+02
2.41470280e+02
2.37050633e+02
2.32953147e+02
2.29173439e+02
2.25695514e+02
2.22497738e+02
2.19555817e+02
2.16845019e+02
2.14342370e+02
2.12027136e+02
2.09880775e+02
2.07886794e+02
2.06030592e+02
2.04299274e+02
2.02681458e+02
2.01167096e+02
1.99747308e+02
1.98414225e+02
1.97160862e+02
1.95980994e+02
1.94869056e+02
1.93820057e+02
1.92829505e+02
1.91893339e+02
1.91007877e+02
1.90169770e+02
1.89375957e+02
1.88623637e+02
1.87910237e+02
1.87233386e+02
2.69399079e+02
2.68492557e+02
2.64954823e+02
2.60263447e+02
2.55445751e+02
2.50822659e+02
2.46481672e+02
2.42442130e+02
2.38699558e+02
2.35239431e+02
2.32042756e+02
2.29088915e+02
2.26357190e+02
2.23826907e+02
2.21478480e+02
2.19294812e+02
2.17260921e+02
2.15363501e+02
2.13590692e+02
2.11931907e+02
2.10377696e+02
2.08919610e+02
2.07550079e+02
2.06262311e+02
2.05050190e+02
2.03908199e+02
2.02831341e+02
2.01815084e+02
2.00855298e+02
1.99948216e+02
1.99090387e+02
1.98278647e+02
1.97510082e+02
1.96782008e+02
1.96091943e+02
1.95437591e+02
1.94816820e+02
2.70876261e+02
2.70845041e+02
2.70675319e+02
2.70164575e+02
2.69257080e+02
2.68023670e+02
2.66562339e+02
2.64956755e+02
2.63270009e+02
2.61548081e+02
2.59824210e+02
2.58122318e+02
2.56459450e+02
2.54847490e+02
2.53294349e+02
2.51804910e+02
2.50381831e+02
2.49026157e+02
2.47737739e+02
2.46515556e+02
2.45357947e+02
2.44262806e+02
2.43227721e+02
2.42250091e+02
2.41327210e+02
2.40456333e+02
2.39634727e+02
2.38859705e+02
2.38128653e+02
2.37439049e+02
2.36788474e+02
2.36174621e+02
2.35595296e+02
2.35048424e+02
2.34532043e+02
2.34044304e+02
2.33583468e+02
2.71256621e+02
2.71222173e+02
2.71154702e+02
2.70996168e+02
2.70669816e+02
2.70143749e+02
2.69428864e+02
2.68556841e+02
2.67564657e+02
2.66487383e+02
2.65355581e+02
2.64194709e+02
2.63025333e+02
2.61863646e+02
2.60722055e+02
2.59609774e+02
2.58533395e+02
2.57497416e+02
2.56504685e+02
2.55556768e+02
2.54654243e+02
2.53796935e+02
2.52984107e+02
2.52214611e+02
2.51487010e+02
2.50799667e+02
2.50150820e+02
2.49538640e+02
2.48961273e+02
2.48416874e+02
2.47903629e+02
2.47419773e+02
2.46963604e+02
2.46533491e+02
2.46127877e+02
2.45745284e+02
2.45384311e+02
2.71405095e+02
2.71329022e+02
2.71265599e+02
2.71165307e+02
2.70978492e+02
2.70674561e+02
2.70247120e+02
2.69706982e+02
2.69073687e+02
2.68369477e+02
2.67615852e+02
2.66831902e+02
2.66033691e+02
2.65234235e+02
2.64443732e+02
2.63669924e+02
2.62918488e+02
2.62193416e+02
2.61497357e+02
2.60831903e+02
2.60197831e+02
2.59595294e+02
2.59023976e+02
2.58483210e+02
2.57972082e+02
2.57489506e+02
2.57034278e+02
2.56605129e+02
2.56200759e+02
2.55819860e+02
2.55461141e+02
2.55123342e+02
2.54805242e+02
2.54505668e+02
2.54223499e+02
2.53957671e+02
2.53707174e+02
