-2.2000e+02
-9.7012e+00
-2.9028e+00
-2.1282e+00
-1.4838e+00
-1.1215e+00
-8.9240e-01
-7.3362e-01
-6.1659e-01
-5.2660e-01
-4.5530e-01
-4.8301e-01
-4.8568e-01
-4.3718e-01
-3.9287e-01
-3.5410e-01
-3.2035e-01
-2.9089e-01
-2.6509e-01
-2.4238e-01
-2.2229e-01
-2.0444e-01
-1.8850e-01
-1.7422e-01
-1.6137e-01
-1.4977e-01
-1.3925e-01
-1.2968e-01
-1.2096e-01
-1.1298e-01
-1.0567e-01
-9.8952e-02
-9.2764e-02
-8.7053e-02
-8.1774e-02
-7.6883e-02
-1.2000e+02
0.0000e+00
0.0000e+00
-8.4676e+00
-6.5051e+00
-5.9754e+00
-5.2543e+00
-4.5828e+00
-4.0023e+00
-3.5101e+00
-3.0933e+00
-2.7441e+00
-2.4642e+00
-2.2199e+00
-2.0013e+00
-1.8068e+00
-1.6342e+00
-1.4808e+00
-1.3444e+00
-1.2229e+00
-1.1143e+00
-1.0172e+00
-9.3011e-01
-8.5185e-01
-7.8140e-01
-7.1785e-01
-6.6044e-01
-6.0847e-01
-5.6136e-01
-5.1858e-01
-4.7968e-01
-4.4423e-01
-4.1190e-01
-3.8237e-01
-3.5535e-01
-3.3060e-01
-2.0000e+01
-3.6750e+00
-4.4096e+00
-4.6932e+00
-5.2039e+00
-5.5351e+00
-5.4538e+00
-5.1740e+00
-4.8158e+00
-4.4368e+00
-4.0651e+00
-3.7136e+00
-3.3882e+00
-3.0917e+00
-2.8229e+00
-2.5794e+00
-2.3585e+00
-2.1582e+00
-1.9765e+00
-1.8117e+00
-1.6621e+00
-1.5263e+00
-1.4030e+00
-1.2909e+00
-1.1889e+00
-1.0962e+00
-1.0117e+00
-9.3468e-01
-8.6442e-01
-8.0026e-01
-7.4162e-01
-6.8797e-01
-6.3883e-01
-5.9379e-01
-5.5246e-01
-5.1449e-01
-2.1754e-01
-3.8214e-01
-6.0743e-01
-9.1550e-01
-1.2368e+00
-1.5093e+00
-1.7067e+00
-1.8270e+00
-1.8814e+00
-1.8851e+00
-1.8527e+00
-1.7957e+00
-1.7229e+00
-1.6409e+00
-1.5544e+00
-1.4667e+00
-1.3799e+00
-1.2956e+00
-1.2145e+00
-1.1372e+00
-1.0640e+00
-9.9501e-01
-9.3024e-01
-8.6959e-01
-8.1292e-01
-7.6006e-01
-7.1082e-01
-6.6499e-01
-6.2235e-01
-5.8271e-01
-5.4586e-01
-5.1160e-01
-4.7976e-01
-4.5015e-01
-4.2261e-01
-3.9699e-01
-1.6390e-02
-4.6393e-02
-8.0247e-02
-1.2767e-01
-1.8437e-01
-2.3874e-01
-2.8266e-01
-3.1311e-01
-3.3060e-01
-3.3735e-01
-3.3596e-01
-3.2879e-01
-3.1774e-01
-3.0424e-01
-2.8935e-01
-2.7383e-01
-2.5821e-01
-2.4283e-01
-2.2792e-01
-2.1362e-01
-2.0002e-01
-1.8715e-01
-1.7503e-01
-1.6366e-01
-1.5302e-01
-1.4307e-01
-1.3380e-01
-1.2516e-01
-1.1712e-01
-1.0964e-01
-1.0269e-01
-9.6222e-02
-9.0209e-02
-8.4620e-02
-7.9420e-02
-7.4583e-02
-9.9713e-01
-3.6762e+00
-5.2174e+00
-5.6932e+00
-5.6797e+00
-5.4453e+00
-5.1135e+00
-4.7475e+00
-4.3808e+00
-4.0305e+00
-3.7046e+00
-3.4062e+00
-3.1364e+00
-2.8943e+00
-2.6769e+00
-2.4814e+00
-2.3052e+00
-2.1460e+00
-2.0018e+00
-1.8707e+00
-1.7511e+00
-1.6418e+00
-1.5414e+00
-1.4491e+00
-1.3640e+00
-1.2852e+00
-1.2121e+00
-1.1441e+00
-1.0809e+00
-1.0219e+00
-9.6668e-01
-9.1505e-01
-8.6665e-01
-8.2123e-01
-7.7856e-01
-7.3844e-01
-1.1146e+00
-3.7794e+00
-4.9723e+00
-5.1336e+00
-4.9542e+00
-4.6735e+00
-4.3659e+00
-4.0592e+00
-3.7654e+00
-3.4900e+00
-3.2351e+00
-3.0011e+00
-2.7881e+00
-2.5951e+00
-2.4195e+00
-2.2593e+00
-2.1128e+00
-1.9784e+00
-1.8550e+00
-1.7413e+00
-1.6364e+00
-1.5395e+00
-1.4496e+00
-1.3662e+00
-1.2886e+00
-1.2163e+00
-1.1488e+00
-1.0858e+00
-1.0268e+00
-9.7157e-01
-9.1976e-01
-8.7113e-01
-8.2544e-01
-7.8247e-01
-7.4204e-01
-7.0397e-01
-8.5559e-02
-2.2373e-01
-5.6598e-01
-9.7952e-01
-1.3357e+00
-1.5983e+00
-1.7753e+00
-1.8843e+00
-1.9415e+00
-1.9598e+00
-1.9492e+00
-1.9172e+00
-1.8700e+00
-1.8120e+00
-1.7470e+00
-1.6777e+00
-1.6061e+00
-1.5337e+00
-1.4617e+00
-1.3909e+00
-1.3219e+00
-1.2552e+00
-1.1909e+00
-1.1293e+00
-1.0705e+00
-1.0145e+00
-9.6126e-01
-9.1075e-01
-8.6289e-01
-8.1759e-01
-7.7475e-01
-7.3425e-01
-6.9600e-01
-6.5987e-01
-6.2576e-01
-5.9355e-01
-6.8521e-02
-1.0677e-01
-1.8814e-01
-3.5134e-01
-5.5668e-01
-7.5917e-01
-9.3351e-01
-1.0709e+00
-1.1711e+00
-1.2380e+00
-1.2766e+00
-1.2919e+00
-1.2888e+00
-1.2715e+00
-1.2435e+00
-1.2078e+00
-1.1667e+00
-1.1221e+00
-1.0755e+00
-1.0280e+00
-9.8045e-01
-9.3343e-01
-8.8744e-01
-8.4280e-01
-7.9974e-01
-7.5841e-01
-7.1888e-01
-6.8119e-01
-6.4535e-01
-6.1134e-01
-5.7910e-01
-5.4859e-01
-5.1973e-01
-4.9247e-01
-4.6671e-01
-4.4240e-01
-1.0010e-01
-8.3161e-02
-1.1895e-01
-2.0296e-01
-3.1537e-01
-4.3287e-01
-5.3936e-01
-6.2681e-01
-6.9280e-01
-7.3814e-01
-7.6524e-01
-7.7708e-01
-7.7665e-01
-7.6668e-01
-7.4957e-01
-7.2730e-01
-7.0147e-01
-6.7336e-01
-6.4394e-01
-6.1397e-01
-5.8399e-01
-5.5445e-01
-5.2562e-01
-4.9773e-01
-4.7091e-01
-4.4525e-01
-4.2080e-01
-3.9758e-01
-3.7557e-01
-3.5476e-01
-3.3511e-01
-3.1659e-01
-2.9913e-01
-2.8269e-01
-2.6722e-01
-2.5267e-01
