2.70000000e+02
5.00000000e+01
4.00671840e+01
3.71596920e+01
3.50906710e+01
3.36541740e+01
3.25683910e+01
3.17033630e+01
3.09910690e+01
3.03913230e+01
2.98781790e+01
2.94337550e+01
2.89551070e+01
2.84789020e+01
2.80503380e+01
2.76651650e+01
2.73180360e+01
2.70041340e+01
2.67193190e+01
2.64600750e+01
2.62234100e+01
2.60067740e+01
2.58079800e+01
2.56251480e+01
2.54566480e+01
2.53010630e+01
2.51571540e+01
2.50238340e+01
2.49001440e+01
2.47852320e+01
2.46783430e+01
2.45788020e+01
2.44860040e+01
2.43994040e+01
2.43185140e+01
2.42428880e+01
2.41721260e+01
2.70000000e+02
1.50000000e+02
1.50000000e+02
1.50000000e+02
1.41438154e+02
1.34943669e+02
1.29000805e+02
1.23786105e+02
1.19243845e+02
1.15280333e+02
1.11806285e+02
1.08745929e+02
1.06031096e+02
1.03593265e+02
1.01397962e+02
9.94195070e+01
9.76339480e+01
9.60196960e+01
9.45576820e+01
9.32311900e+01
9.20255890e+01
9.09280630e+01
8.99273590e+01
8.90135780e+01
8.81779850e+01
8.74128570e+01
8.67113470e+01
8.60673730e+01
8.54755150e+01
8.49309410e+01
8.44293280e+01
8.39668020e+01
8.35398900e+01
8.31454650e+01
8.27807130e+01
8.24430960e+01
8.21303210e+01
2.70000000e+02
2.50000000e+02
2.46331769e+02
2.41927958e+02
2.37242516e+02
2.32050032e+02
2.26534611e+02
2.21109011e+02
2.15968972e+02
2.11190480e+02
2.06792310e+02
2.02766084e+02
1.99090978e+02
1.95740371e+02
1.92685293e+02
1.89898051e+02
1.87353579e+02
1.85029293e+02
1.82904779e+02
1.80961555e+02
1.79182887e+02
1.77553633e+02
1.76060098e+02
1.74689907e+02
1.73431876e+02
1.72275900e+02
1.71212847e+02
1.70234467e+02
1.69333295e+02
1.68502582e+02
1.67736216e+02
1.67028664e+02
1.66374909e+02
1.65770401e+02
1.65211010e+02
1.64692985e+02
1.64212917e+02
2.71069464e+02
2.70907443e+02
2.70565168e+02
2.69988175e+02
2.69098836e+02
2.67886511e+02
2.66401443e+02
2.64719653e+02
2.62919135e+02
2.61066354e+02
2.59212189e+02
2.57392967e+02
2.55633207e+02
2.53948478e+02
2.52347778e+02
2.50835379e+02
2.49412283e+02
2.48077315e+02
2.46827902e+02
2.45660603e+02
2.44571459e+02
2.43556247e+02
2.42610640e+02
2.41730326e+02
2.40911082e+02
2.40148831e+02
2.39439672e+02
2.38779903e+02
2.38166028e+02
2.37594762e+02
2.37063031e+02
2.36567965e+02
2.36106890e+02
2.35677323e+02
2.35276956e+02
2.34903654e+02
2.34555436e+02
2.68198424e+02
2.68187997e+02
2.68151908e+02
2.68082059e+02
2.67965697e+02
2.67794145e+02
2.67569553e+02
2.67301945e+02
2.67004404e+02
2.66689638e+02
2.66368241e+02
2.66048252e+02
2.65735383e+02
2.65433463e+02
2.65144898e+02
2.64871039e+02
2.64612490e+02
2.64369339e+02
2.64141329e+02
2.63927984e+02
2.63728690e+02
2.63542756e+02
2.63369447e+02
2.63208018e+02
2.63057727e+02
2.62917851e+02
2.62787691e+02
2.62666583e+02
2.62553893e+02
2.62449025e+02
2.62351420e+02
2.62260554e+02
2.62175938e+02
2.62097117e+02
2.62023668e+02
2.61955198e+02
2.61891343e+02
2.74083982e+02
2.73060027e+02
2.69444833e+02
2.64340936e+02
2.58775607e+02
2.53219848e+02
2.47885719e+02
2.42867235e+02
2.38198588e+02
2.33882525e+02
2.29905485e+02
2.26246001e+02
2.22879334e+02
2.19779354e+02
2.16920485e+02
2.14279541e+02
2.11835794e+02
2.09570732e+02
2.07467851e+02
2.05512458e+02
2.03691483e+02
2.01993287e+02
2.00407501e+02
1.98924865e+02
1.97537090e+02
1.96236739e+02
1.95017120e+02
1.93872190e+02
1.92796480e+02
1.91785023e+02
1.90833298e+02
1.89937173e+02
1.89092870e+02
1.88296918e+02
1.87546127e+02
1.86837556e+02
1.86168490e+02
2.73923802e+02
2.72783793e+02
2.69077909e+02
2.64222934e+02
2.59208981e+02
2.54363653e+02
2.49785701e+02
2.45503033e+02
2.41517329e+02
2.37818489e+02
2.34390696e+02
2.31215583e+02
2.28273973e+02
2.25546160e+02
2.23013206e+02
2.20658304e+02
2.18466475e+02
2.16424213e+02
2.14519314e+02
2.12740740e+02
2.11078512e+02
2.09523598e+02
2.08067812e+02
2.06703726e+02
2.05424584e+02
2.04224230e+02
2.03097045e+02
2.02037886e+02
2.01042040e+02
2.00105180e+02
1.99223323e+02
1.98392798e+02
1.97610219e+02
1.96872454e+02
1.96176605e+02
1.95519988e+02
1.94900108e+02
2.73083700e+02
2.73010826e+02
2.72800266e+02
2.72251938e+02
2.71303851e+02
2.70021365e+02
2.68502069e+02
2.66831769e+02
2.65076119e+02
2.63283326e+02
2.61488423e+02
2.59716747e+02
2.57986456e+02
2.56310302e+02
2.54696853e+02
2.53151469e+02
2.51677130e+02
2.50275065e+02
2.48945197e+02
2.47686482e+02
2.46497167e+02
2.45374992e+02
2.44317351e+02
2.43321416e+02
2.42384234e+02
2.41502802e+02
2.40674120e+02
2.39895236e+02
2.39163275e+02
2.38475459e+02
2.37829123e+02
2.37221726e+02
2.36650851e+02
2.36114211e+02
2.35609646e+02
2.35135123e+02
2.34688731e+02
2.72688139e+02
2.72626299e+02
2.72531634e+02
2.72336982e+02
2.71963116e+02
2.71382835e+02
2.70612020e+02
2.69685513e+02
2.68641907e+02
2.67516995e+02
2.66341617e+02
2.65141304e+02
2.63936607e+02
2.62743657e+02
2.61574771e+02
2.60439045e+02
2.59342939e+02
2.58290797e+02
2.57285306e+02
2.56327852e+02
2.55418823e+02
2.54557848e+02
2.53743990e+02
2.52975900e+02
2.52251939e+02
2.51570277e+02
2.50928962e+02
2.50325985e+02
2.49759320e+02
2.49226958e+02
2.48726931e+02
2.48257330e+02
2.47816321e+02
2.47402147e+02
2.47013135e+02
2.46647701e+02
2.46304347e+02
2.72179904e+02
2.72113229e+02
2.72051253e+02
2.71947859e+02
2.71756035e+02
2.71448281e+02
2.71020587e+02
2.70484952e+02
2.69861141e+02
2.69171071e+02
2.68435665e+02
2.67673370e+02
2.66899632e+02
2.66126908e+02
2.65364918e+02
2.64620998e+02
2.63900483e+02
2.63207085e+02
2.62543218e+02
2.61910283e+02
2.61308896e+02
2.60739076e+02
2.60200391e+02
2.59692083e+02
2.59213157e+02
2.58762460e+02
2.58338734e+02
2.57940662e+02
2.57566904e+02
2.57216122e+02
2.56886999e+02
2.56578251e+02
2.56288642e+02
2.56016985e+02
2.55762149e+02
2.55523063e+02
2.55298711e+02
