2.69609465e+02
4.99031754e+01
3.98799932e+01
3.66796244e+01
3.50492810e+01
3.34953522e+01
3.28815287e+01
3.15029468e+01
3.09583415e+01
3.02303330e+01
2.97825074e+01
2.95007721e+01
2.84863083e+01
2.85898490e+01
2.78040785e+01
2.75949729e+01
2.71218857e+01
2.66635808e+01
2.64378041e+01
2.62608446e+01
2.62386768e+01
2.59206990e+01
2.58157189e+01
2.55107272e+01
2.57282896e+01
2.50620405e+01
2.53393352e+01
2.47927005e+01
2.47167088e+01
2.46632043e+01
2.43632409e+01
2.45963345e+01
2.45373838e+01
2.46666847e+01
2.43184273e+01
2.39918647e+01
2.39001135e+01
2.69965464e+02
1.49844448e+02
1.50013736e+02
1.50051811e+02
1.41195616e+02
1.34530462e+02
1.28492054e+02
1.23522758e+02
1.18825267e+02
1.14884277e+02
1.11353720e+02
1.08392721e+02
1.05691126e+02
1.02750068e+02
1.00711309e+02
9.91088052e+01
9.72737738e+01
9.57535045e+01
9.40628175e+01
9.30631847e+01
9.14229950e+01
9.04591633e+01
8.94969835e+01
8.84038223e+01
8.80754312e+01
8.70614431e+01
8.65199629e+01
8.59951799e+01
8.54366929e+01
8.49912518e+01
8.41102845e+01
8.40505472e+01
8.35906717e+01
8.33081812e+01
8.28489773e+01
8.20320622e+01
8.19378057e+01
2.69936794e+02
2.50137443e+02
2.45775276e+02
2.41860792e+02
2.36780683e+02
2.31658352e+02
2.25710076e+02
2.20324386e+02
2.15252003e+02
2.10804461e+02
2.06035999e+02
2.01955934e+02
1.98341157e+02
1.94860095e+02
1.92319263e+02
1.89095595e+02
1.86673785e+02
1.84311011e+02
1.82597733e+02
1.80461690e+02
1.78271245e+02
1.77169870e+02
1.75589678e+02
1.74370656e+02
1.73054073e+02
1.71437657e+02
1.70719185e+02
1.69932838e+02
1.68677983e+02
1.68335678e+02
1.67699191e+02
1.66823006e+02
1.66629827e+02
1.65659121e+02
1.65084998e+02
1.64295159e+02
1.64103144e+02
2.69884841e+02
2.69632498e+02
2.69938299e+02
2.68978256e+02
2.68218031e+02
2.67369046e+02
2.65361996e+02
2.64161435e+02
2.62379128e+02
2.60255643e+02
2.58952054e+02
2.56625890e+02
2.55417646e+02
2.53881694e+02
2.52213169e+02
2.50600133e+02
2.49327961e+02
2.48104263e+02
2.46890241e+02
2.45394876e+02
2.44718678e+02
2.43337270e+02
2.42676884e+02
2.41702784e+02
2.40945394e+02
2.39858786e+02
2.39668193e+02
2.38951916e+02
2.37991297e+02
2.37640027e+02
2.37118433e+02
2.36772080e+02
2.36760383e+02
2.36246187e+02
2.35662499e+02
2.35095563e+02
2.34716723e+02
2.68195603e+02
2.68034458e+02
2.68078926e+02
2.67733587e+02
2.67792739e+02
2.67720810e+02
2.67674287e+02
2.67420116e+02
2.66798945e+02
2.66599264e+02
2.66414586e+02
2.66102872e+02
2.65557884e+02
2.65482507e+02
2.65437170e+02
2.64641155e+02
2.64760541e+02
2.64691377e+02
2.64652555e+02
2.64129629e+02
2.63675351e+02
2.63630712e+02
2.63213848e+02
2.63489658e+02
2.63719607e+02
2.63069472e+02
2.62972608e+02
2.62996750e+02
2.62825872e+02
2.62706720e+02
2.62666683e+02
2.62424958e+02
2.62689951e+02
2.62279088e+02
2.62361784e+02
2.62308418e+02
2.62413717e+02
2.71951459e+02
2.71359413e+02
2.68046418e+02
2.63410490e+02
2.58373869e+02
2.52893332e+02
2.48272388e+02
2.43212678e+02
2.38509932e+02
2.34380985e+02
2.30654443e+02
2.27091426e+02
2.23551747e+02
2.20325794e+02
2.17639179e+02
2.15601176e+02
2.12507221e+02
2.10416773e+02
2.08083704e+02
2.06303478e+02
2.04529770e+02
2.02899572e+02
2.01475117e+02
1.99997102e+02
1.98478796e+02
1.97463185e+02
1.96208670e+02
1.94853231e+02
1.93764553e+02
1.93086797e+02
1.92333521e+02
1.91319925e+02
1.90135525e+02
1.89752802e+02
1.88738725e+02
1.88136451e+02
1.88168456e+02
2.72091361e+02
2.71128381e+02
2.67370546e+02
2.62833259e+02
2.58116014e+02
2.53391162e+02
2.48746186e+02
2.45176660e+02
2.41213987e+02
2.37523821e+02
2.33909387e+02
2.30889709e+02
2.28364693e+02
2.25546654e+02
2.23078175e+02
2.20821021e+02
2.18837212e+02
2.16451141e+02
2.14797894e+02
2.13058958e+02
2.11572969e+02
2.10142518e+02
2.08922873e+02
2.07732414e+02
2.06125901e+02
2.04814812e+02
2.04029900e+02
2.02887217e+02
2.01801599e+02
2.00947873e+02
2.00189314e+02
1.99356178e+02
1.98065660e+02
1.97704207e+02
1.97091678e+02
1.96435439e+02
1.95784892e+02
2.71616471e+02
2.71263484e+02
2.71535261e+02
2.71180658e+02
2.69595779e+02
2.68879627e+02
2.67571117e+02
2.65585892e+02
2.64362903e+02
2.62494631e+02
2.60458743e+02
2.59038689e+02
2.57395520e+02
2.55655024e+02
2.54131608e+02
2.52781140e+02
2.51138673e+02
2.49811775e+02
2.48547495e+02
2.47267974e+02
2.46143161e+02
2.45207943e+02
2.43862558e+02
2.43072280e+02
2.42421316e+02
2.41697809e+02
2.40338941e+02
2.39795131e+02
2.39126020e+02
2.38462370e+02
2.37934643e+02
2.37204413e+02
2.36691892e+02
2.36413342e+02
2.35765028e+02
2.35303054e+02
2.34853809e+02
2.71289859e+02
2.71459690e+02
2.71326510e+02
2.71291802e+02
2.70883532e+02
2.70314290e+02
2.69748679e+02
2.69076694e+02
2.68225434e+02
2.66395426e+02
2.65442630e+02
2.64653386e+02
2.63755330e+02
2.62539724e+02
2.61263296e+02
2.60280241e+02
2.58870434e+02
2.58101573e+02
2.57100256e+02
2.56341048e+02
2.55435752e+02
2.54630798e+02
2.53658839e+02
2.53116441e+02
2.51978815e+02
2.51742503e+02
2.50923552e+02
2.50292499e+02
2.50048706e+02
2.49351170e+02
2.49020413e+02
2.48590609e+02
2.48251234e+02
2.47382226e+02
2.47121221e+02
2.47270677e+02
2.46896403e+02
2.70967473e+02
2.71144384e+02
2.71495312e+02
2.71349309e+02
2.71022030e+02
2.70912778e+02
2.70765176e+02
2.70052836e+02
2.69528935e+02
2.68865520e+02
2.68113885e+02
2.67452402e+02
2.66398172e+02
2.65877511e+02
2.65083339e+02
2.64034902e+02
2.63513207e+02
2.62915459e+02
2.62246023e+02
2.61478365e+02
2.60944656e+02
2.60461494e+02
2.59385749e+02
2.59528755e+02
2.58698962e+02
2.58340656e+02
2.57310683e+02
2.57389025e+02
2.57260035e+02
2.57157633e+02
2.56905326e+02
2.56843133e+02
2.56052484e+02
2.55754574e+02
2.55560211e+02
2.55219367e+02
2.55055513e+02
