2.69940453e+02
4.98505214e+01
3.99065963e+01
3.72900847e+01
3.51734208e+01
3.38823889e+01
3.24545043e+01
3.13230523e+01
3.10781945e+01
3.02026898e+01
2.99267726e+01
2.90680106e+01
2.87679576e+01
2.84437653e+01
2.79245514e+01
2.73778419e+01
2.72057196e+01
2.70282859e+01
2.65871846e+01
2.58725042e+01
2.60594278e+01
2.54729715e+01
2.53728199e+01
2.54225015e+01
2.54233327e+01
2.51292111e+01
2.47772522e+01
2.45874220e+01
2.50190035e+01
2.45179958e+01
2.43245408e+01
2.44917451e+01
2.42572880e+01
2.41186597e+01
2.39572118e+01
2.38185524e+01
2.39228406e+01
2.69793813e+02
1.49834160e+02
1.50028763e+02
1.49754382e+02
1.41476382e+02
1.35018179e+02
1.29194672e+02
1.23434138e+02
1.18870773e+02
1.14649009e+02
1.11611677e+02
1.08304343e+02
1.05505710e+02
1.03381156e+02
1.00840528e+02
9.89795860e+01
9.72754298e+01
9.56530526e+01
9.38744010e+01
9.33164500e+01
9.12005585e+01
9.02479385e+01
8.93351622e+01
8.86533387e+01
8.76234354e+01
8.67370301e+01
8.62029997e+01
8.57624838e+01
8.49009264e+01
8.45269694e+01
8.37859149e+01
8.33569329e+01
8.26810830e+01
8.25287294e+01
8.17313189e+01
8.17885460e+01
8.11935960e+01
2.69873717e+02
2.49871800e+02
2.45897386e+02
2.41674792e+02
2.36759170e+02
2.31919253e+02
2.26211358e+02
2.20724680e+02
2.15933179e+02
2.10586633e+02
2.06198561e+02
2.02310877e+02
1.98618792e+02
1.95559841e+02
1.92195222e+02
1.89478560e+02
1.86701155e+02
1.84284498e+02
1.82225153e+02
1.80429319e+02
1.78095667e+02
1.76776086e+02
1.75201161e+02
1.74206630e+02
1.72212735e+02
1.71433558e+02
1.70188000e+02
1.69281422e+02
1.68064756e+02
1.67879458e+02
1.66517462e+02
1.65680345e+02
1.65242909e+02
1.64477082e+02
1.64101366e+02
1.63466685e+02
1.62919200e+02
2.70538632e+02
2.70545947e+02
2.70366916e+02
2.69491817e+02
2.68989370e+02
2.67687229e+02
2.65788700e+02
2.64151500e+02
2.62485547e+02
2.60527094e+02
2.58810209e+02
2.56484146e+02
2.55153391e+02
2.53033063e+02
2.51944698e+02
2.50029764e+02
2.48897934e+02
2.47508541e+02
2.46084497e+02
2.45042189e+02
2.43465452e+02
2.42803383e+02
2.41539035e+02
2.40475546e+02
2.39861220e+02
2.38989919e+02
2.38262747e+02
2.37721414e+02
2.36663115e+02
2.36301492e+02
2.35389178e+02
2.34983362e+02
2.34425773e+02
2.34157138e+02
2.33923876e+02
2.33172325e+02
2.32950002e+02
2.67898636e+02
2.68202425e+02
2.68015140e+02
2.68320532e+02
2.68017652e+02
2.67963572e+02
2.67493960e+02
2.67252510e+02
2.67291436e+02
2.66604578e+02
2.66205795e+02
2.65848389e+02
2.65702840e+02
2.65683132e+02
2.65268410e+02
2.64724152e+02
2.64395148e+02
2.64765092e+02
2.64291266e+02
2.63992578e+02
2.63669263e+02
2.63710360e+02
2.63237570e+02
2.63062993e+02
2.63050143e+02
2.62746375e+02
2.62790371e+02
2.62517245e+02
2.62241899e+02
2.62349628e+02
2.62533787e+02
2.62375255e+02
2.61957439e+02
2.62156689e+02
2.61895510e+02
2.61970267e+02
2.62040868e+02
2.72515491e+02
2.71140984e+02
2.67872253e+02
2.62525821e+02
2.57044785e+02
2.51940655e+02
2.46097645e+02
2.41697416e+02
2.36950461e+02
2.32426179e+02
2.28868237e+02
2.25029822e+02
2.21764383e+02
2.18650483e+02
2.16103933e+02
2.13380249e+02
2.10659967e+02
2.08437659e+02
2.06499248e+02
2.04384833e+02
2.02330197e+02
2.00612057e+02
1.98694330e+02
1.97493528e+02
1.96025803e+02
1.94713206e+02
1.93544640e+02
1.92306425e+02
1.91031142e+02
1.90420258e+02
1.88547977e+02
1.87719555e+02
1.87099902e+02
1.86209818e+02
1.85480860e+02
1.84267882e+02
1.83818820e+02
2.72579765e+02
2.71459863e+02
2.67990619e+02
2.63131323e+02
2.58015239e+02
2.53636788e+02
2.49538332e+02
2.45034262e+02
2.40806067e+02
2.37047871e+02
2.34009296e+02
2.30401346e+02
2.27629247e+02
2.25132305e+02
2.22220127e+02
2.19901165e+02
2.17524487e+02
2.15780331e+02
2.13682795e+02
2.11646301e+02
2.09978270e+02
2.07838759e+02
2.06656589e+02
2.05330450e+02
2.03573944e+02
2.02563171e+02
2.01289708e+02
2.00286878e+02
1.99103229e+02
1.97958483e+02
1.97000107e+02
1.96324241e+02
1.95600748e+02
1.94166365e+02
1.93914603e+02
1.92605966e+02
1.92415391e+02
2.72203833e+02
2.72188622e+02
2.71948908e+02
2.71371291e+02
2.70466979e+02
2.69609534e+02
2.67521033e+02
2.66231079e+02
2.64370937e+02
2.62351987e+02
2.60266648e+02
2.58262699e+02
2.56679502e+02
2.54877066e+02
2.52831254e+02
2.51016528e+02
2.49570439e+02
2.47682789e+02
2.46395027e+02
2.45051966e+02
2.43665290e+02
2.41976261e+02
2.41060422e+02
2.39743678e+02
2.38533960e+02
2.37323239e+02
2.36342079e+02
2.35610226e+02
2.34392220e+02
2.33487846e+02
2.32416672e+02
2.31993453e+02
2.31079137e+02
2.30351451e+02
2.29869648e+02
2.28935409e+02
2.28787007e+02
2.72089210e+02
2.71974320e+02
2.72130971e+02
2.71806273e+02
2.71354745e+02
2.70973137e+02
2.70214497e+02
2.69800348e+02
2.68525157e+02
2.67297727e+02
2.65981453e+02
2.63982361e+02
2.63148166e+02
2.61966017e+02
2.61046366e+02
2.59418970e+02
2.58459306e+02
2.56862960e+02
2.56057698e+02
2.55051690e+02
2.53879203e+02
2.52999872e+02
2.51963148e+02
2.51020183e+02
2.50561885e+02
2.49318502e+02
2.48446873e+02
2.48071645e+02
2.47622535e+02
2.46457728e+02
2.46018457e+02
2.45755923e+02
2.45149433e+02
2.44606773e+02
2.43752773e+02
2.43374383e+02
2.42991213e+02
2.71967774e+02
2.71794388e+02
2.71933975e+02
2.71411488e+02
2.71318045e+02
2.71339307e+02
2.70494680e+02
2.70202840e+02
2.69495736e+02
2.69038268e+02
2.68182340e+02
2.67542860e+02
2.66891406e+02
2.65876702e+02
2.65066334e+02
2.64664173e+02
2.64036973e+02
2.62791320e+02
2.62262000e+02
2.62205478e+02
2.61244142e+02
2.61052654e+02
2.60537487e+02
2.59902320e+02
2.59334938e+02
2.58968771e+02
2.58909307e+02
2.57726764e+02
2.58038670e+02
2.56764022e+02
2.56869463e+02
2.56539652e+02
2.56154318e+02
2.55891554e+02
2.55679811e+02
2.55525216e+02
2.54931250e+02
