-2.2000e+02
-9.9285e+00
-2.9497e+00
-2.1019e+00
-1.4597e+00
-1.1024e+00
-8.7667e-01
-7.2002e-01
-6.0441e-01
-5.1544e-01
-4.5153e-01
-5.2106e-01
-4.7656e-01
-4.2619e-01
-3.8165e-01
-3.4297e-01
-3.0937e-01
-2.8008e-01
-2.5444e-01
-2.3187e-01
-2.1191e-01
-1.9419e-01
-1.7837e-01
-1.6420e-01
-1.5147e-01
-1.3997e-01
-1.2957e-01
-1.2013e-01
-1.1154e-01
-1.0370e-01
-9.6531e-02
-8.9961e-02
-8.3926e-02
-7.8377e-02
-7.3263e-02
-6.8543e-02
-1.2000e+02
0.0000e+00
0.0000e+00
-8.6317e+00
-6.5777e+00
-6.0153e+00
-5.2730e+00
-4.5896e+00
-4.0015e+00
-3.5037e+00
-3.0828e+00
-2.7384e+00
-2.4562e+00
-2.2059e+00
-1.9832e+00
-1.7860e+00
-1.6113e+00
-1.4565e+00
-1.3190e+00
-1.1966e+00
-1.0875e+00
-9.8990e-01
-9.0249e-01
-8.2403e-01
-7.5346e-01
-6.8989e-01
-6.3251e-01
-5.8063e-01
-5.3365e-01
-4.9104e-01
-4.5235e-01
-4.1715e-01
-3.8509e-01
-3.5584e-01
-3.2915e-01
-3.0473e-01
-2.0000e+01
-4.0186e+00
-4.5667e+00
-4.7568e+00
-5.2421e+00
-5.5516e+00
-5.4534e+00
-5.1634e+00
-4.7981e+00
-4.4136e+00
-4.0371e+00
-3.6815e+00
-3.3531e+00
-3.0541e+00
-2.7829e+00
-2.5370e+00
-2.3141e+00
-2.1120e+00
-1.9289e+00
-1.7630e+00
-1.6126e+00
-1.4763e+00
-1.3526e+00
-1.2403e+00
-1.1383e+00
-1.0456e+00
-9.6129e-01
-8.8453e-01
-8.1460e-01
-7.5083e-01
-6.9263e-01
-6.3947e-01
-5.9087e-01
-5.4641e-01
-5.0569e-01
-4.6838e-01
-1.3641e-02
-2.2030e-01
-4.7885e-01
-8.1282e-01
-1.1537e+00
-1.4397e+00
-1.6455e+00
-1.7701e+00
-1.8259e+00
-1.8295e+00
-1.7959e+00
-1.7373e+00
-1.6630e+00
-1.5795e+00
-1.4918e+00
-1.4031e+00
-1.3156e+00
-1.2307e+00
-1.1493e+00
-1.0718e+00
-9.9859e-01
-9.2968e-01
-8.6509e-01
-8.0472e-01
-7.4841e-01
-6.9600e-01
-6.4728e-01
-6.0203e-01
-5.6005e-01
-5.2113e-01
-4.8505e-01
-4.5163e-01
-4.2066e-01
-3.9198e-01
-3.6542e-01
-3.4081e-01
1.7560e-03
-1.4077e-02
-4.8294e-02
-9.6114e-02
-1.5174e-01
-2.0439e-01
-2.4664e-01
-2.7582e-01
-2.9255e-01
-2.9902e-01
-2.9778e-01
-2.9110e-01
-2.8080e-01
-2.6824e-01
-2.5443e-01
-2.4007e-01
-2.2564e-01
-2.1148e-01
-1.9777e-01
-1.8464e-01
-1.7218e-01
-1.6040e-01
-1.4934e-01
-1.3897e-01
-1.2928e-01
-1.2025e-01
-1.1184e-01
-1.0403e-01
-9.6772e-02
-9.0041e-02
-8.3799e-02
-7.8013e-02
-7.2653e-02
-6.7687e-02
-6.3086e-02
-5.8823e-02
-6.5873e-01
-2.9123e+00
-4.4600e+00
-5.0750e+00
-5.2017e+00
-5.0828e+00
-4.8401e+00
-4.5404e+00
-4.2216e+00
-3.9052e+00
-3.6025e+00
-3.3197e+00
-3.0597e+00
-2.8230e+00
-2.6080e+00
-2.4128e+00
-2.2356e+00
-2.0748e+00
-1.9284e+00
-1.7951e+00
-1.6734e+00
-1.5621e+00
-1.4601e+00
-1.3663e+00
-1.2801e+00
-1.2005e+00
-1.1269e+00
-1.0588e+00
-9.9566e-01
-9.3700e-01
-8.8243e-01
-8.3161e-01
-7.8422e-01
-7.3998e-01
-6.9863e-01
-6.5996e-01
-9.5834e-01
-3.5008e+00
-4.6576e+00
-4.8234e+00
-4.6653e+00
-4.4110e+00
-4.1294e+00
-3.8456e+00
-3.5709e+00
-3.3108e+00
-3.0679e+00
-2.8432e+00
-2.6375e+00
-2.4497e+00
-2.2778e+00
-2.1202e+00
-1.9756e+00
-1.8427e+00
-1.7206e+00
-1.6082e+00
-1.5045e+00
-1.4087e+00
-1.3202e+00
-1.2382e+00
-1.1622e+00
-1.0917e+00
-1.0261e+00
-9.6511e-01
-9.0830e-01
-8.5533e-01
-8.0590e-01
-7.5974e-01
-7.1661e-01
-6.7626e-01
-6.3849e-01
-6.0312e-01
4.0940e-02
-8.9985e-02
-4.3172e-01
-8.3333e-01
-1.1701e+00
-1.4121e+00
-1.5708e+00
-1.6649e+00
-1.7110e+00
-1.7216e+00
-1.7059e+00
-1.6713e+00
-1.6230e+00
-1.5655e+00
-1.5020e+00
-1.4349e+00
-1.3661e+00
-1.2969e+00
-1.2284e+00
-1.1614e+00
-1.0965e+00
-1.0339e+00
-9.7394e-01
-9.1680e-01
-8.6253e-01
-8.1114e-01
-7.6261e-01
-7.1685e-01
-6.7379e-01
-6.3331e-01
-5.9531e-01
-5.5966e-01
-5.2624e-01
-4.9493e-01
-4.6560e-01
-4.3814e-01
4.7240e-02
4.2971e-02
-4.8800e-02
-2.1813e-01
-4.2200e-01
-6.1863e-01
-7.8574e-01
-9.1635e-01
-1.0112e+00
-1.0744e+00
-1.1107e+00
-1.1251e+00
-1.1220e+00
-1.1054e+00
-1.0788e+00
-1.0448e+00
-1.0056e+00
-9.6321e-01
-9.1885e-01
-8.7366e-01
-8.2845e-01
-7.8386e-01
-7.4035e-01
-6.9825e-01
-6.5778e-01
-6.1908e-01
-5.8225e-01
-5.4732e-01
-5.1428e-01
-4.8311e-01
-4.5377e-01
-4.2618e-01
-4.0027e-01
-3.7598e-01
-3.5321e-01
-3.3188e-01
6.5562e-02
4.3272e-02
-1.6361e-02
-1.1839e-01
-2.4544e-01
-3.7504e-01
-4.9143e-01
-5.8689e-01
-6.5933e-01
-7.0984e-01
-7.4102e-01
-7.5599e-01
-7.5787e-01
-7.4951e-01
-7.3340e-01
-7.1160e-01
-6.8581e-01
-6.5737e-01
-6.2733e-01
-5.9653e-01
-5.6558e-01
-5.3495e-01
-5.0500e-01
-4.7598e-01
-4.4806e-01
-4.2135e-01
-3.9592e-01
-3.7181e-01
-3.4901e-01
-3.2751e-01
-3.0727e-01
-2.8826e-01
-2.7043e-01
-2.5372e-01
-2.3807e-01
-2.2343e-01
