2.69910427e+02
4.99031273e+01
4.00425893e+01
3.72201042e+01
3.50648765e+01
3.39354361e+01
3.24974090e+01
3.17024477e+01
3.10709315e+01
3.01430610e+01
2.97789053e+01
2.93010688e+01
2.86638369e+01
2.85391156e+01
2.77609545e+01
2.75207122e+01
2.72025495e+01
2.71037792e+01
2.67412459e+01
2.64186994e+01
2.58931137e+01
2.55121814e+01
2.55280483e+01
2.49548556e+01
2.54459227e+01
2.51059816e+01
2.53949977e+01
2.48841337e+01
2.48751360e+01
2.46240547e+01
2.42364008e+01
2.43491264e+01
2.43162173e+01
2.46022055e+01
2.37367847e+01
2.42221953e+01
2.40537119e+01
2.70128741e+02
1.50456289e+02
1.49813411e+02
1.49808330e+02
1.41376512e+02
1.34975677e+02
1.28654863e+02
1.23458086e+02
1.19025552e+02
1.14564021e+02
1.11447885e+02
1.08261148e+02
1.05477569e+02
1.02982826e+02
1.00646616e+02
9.86073094e+01
9.71366401e+01
9.51684700e+01
9.38730989e+01
9.27461284e+01
9.11673264e+01
9.06445144e+01
8.92924213e+01
8.87259425e+01
8.73847637e+01
8.67979028e+01
8.60913952e+01
8.48416492e+01
8.48261488e+01
8.41310353e+01
8.38566691e+01
8.36239020e+01
8.30702099e+01
8.22101868e+01
8.21822036e+01
8.20717613e+01
8.15590142e+01
2.69641762e+02
2.49755798e+02
2.46164777e+02
2.41825638e+02
2.36928688e+02
2.31899431e+02
2.26285601e+02
2.20884625e+02
2.15391764e+02
2.10689909e+02
2.06213928e+02
2.02419757e+02
1.98454479e+02
1.94987239e+02
1.92312835e+02
1.89493313e+02
1.86699086e+02
1.84318640e+02
1.82156651e+02
1.80204996e+02
1.78233857e+02
1.76664365e+02
1.75321144e+02
1.73916395e+02
1.72588283e+02
1.71698951e+02
1.70281679e+02
1.69182648e+02
1.68616512e+02
1.67673486e+02
1.66477498e+02
1.65959883e+02
1.65219418e+02
1.64912039e+02
1.64254067e+02
1.63585084e+02
1.63359195e+02
2.70721429e+02
2.70867486e+02
2.70461529e+02
2.69439638e+02
2.68533533e+02
2.67357176e+02
2.66174986e+02
2.64360388e+02
2.62564403e+02
2.60618602e+02
2.58866141e+02
2.56595882e+02
2.55503263e+02
2.53811862e+02
2.51842918e+02
2.50460707e+02
2.48552918e+02
2.47747327e+02
2.46250155e+02
2.44794408e+02
2.44050865e+02
2.42825632e+02
2.41772754e+02
2.40880654e+02
2.40299822e+02
2.39311110e+02
2.38602595e+02
2.38182292e+02
2.37476361e+02
2.36330840e+02
2.36428098e+02
2.35611906e+02
2.34828896e+02
2.34919156e+02
2.34375427e+02
2.33831636e+02
2.33154790e+02
2.68029607e+02
2.68161281e+02
2.68020716e+02
2.68131740e+02
2.68279676e+02
2.67668823e+02
2.67564653e+02
2.66887936e+02
2.66830341e+02
2.66508584e+02
2.66165894e+02
2.66506508e+02
2.65889603e+02
2.65315616e+02
2.64702995e+02
2.64682520e+02
2.64567301e+02
2.63922403e+02
2.64265553e+02
2.63931193e+02
2.63637979e+02
2.63173255e+02
2.62905310e+02
2.63130081e+02
2.63075927e+02
2.62750603e+02
2.62823034e+02
2.62711104e+02
2.62092919e+02
2.62218998e+02
2.62251265e+02
2.61853325e+02
2.61765642e+02
2.61659218e+02
2.62030019e+02
2.61779450e+02
2.61488837e+02
2.71195112e+02
2.70245494e+02
2.66789468e+02
2.62276678e+02
2.56838797e+02
2.51095271e+02
2.45660235e+02
2.40694849e+02
2.36380989e+02
2.32366939e+02
2.28121569e+02
2.24387398e+02
2.21451459e+02
2.17911618e+02
2.15184857e+02
2.12804103e+02
2.09942359e+02
2.08107569e+02
2.05576016e+02
2.03868825e+02
2.02057764e+02
2.00197337e+02
1.98894347e+02
1.97316672e+02
1.95493042e+02
1.94424395e+02
1.93308038e+02
1.92370687e+02
1.91494408e+02
1.90401825e+02
1.89444109e+02
1.88539233e+02
1.87464245e+02
1.87033729e+02
1.85642369e+02
1.85521691e+02
1.84109490e+02
2.71080722e+02
2.70275057e+02
2.66532296e+02
2.62272678e+02
2.56930104e+02
2.52510926e+02
2.47768954e+02
2.43631335e+02
2.39631712e+02
2.36245821e+02
2.32942947e+02
2.29764247e+02
2.26294734e+02
2.24520630e+02
2.21449366e+02
2.19194616e+02
2.16941405e+02
2.15024218e+02
2.12634336e+02
2.11705087e+02
2.09568361e+02
2.07827515e+02
2.06625509e+02
2.05324076e+02
2.03908958e+02
2.03020588e+02
2.01609987e+02
2.00800494e+02
1.99578210e+02
1.98819163e+02
1.97823587e+02
1.96946673e+02
1.96076114e+02
1.95310860e+02
1.94833995e+02
1.94082240e+02
1.93055551e+02
2.72328498e+02
2.71658481e+02
2.71853034e+02
2.71170471e+02
2.70091972e+02
2.68968703e+02
2.67550771e+02
2.65988621e+02
2.63921502e+02
2.62410800e+02
2.60531851e+02
2.58601438e+02
2.57095506e+02
2.55549487e+02
2.54133744e+02
2.52592994e+02
2.51064522e+02
2.49566114e+02
2.48006835e+02
2.46703362e+02
2.45523097e+02
2.44625470e+02
2.43330331e+02
2.42659656e+02
2.40865825e+02
2.40458608e+02
2.39285146e+02
2.39037010e+02
2.38017964e+02
2.37441956e+02
2.37002599e+02
2.36257340e+02
2.35620246e+02
2.34634488e+02
2.34560990e+02
2.33919274e+02
2.33558998e+02
2.71975525e+02
2.71940976e+02
2.71751611e+02
2.71632560e+02
2.71756276e+02
2.71651887e+02
2.69887091e+02
2.69598962e+02
2.68725207e+02
2.67813562e+02
2.66068777e+02
2.64922213e+02
2.63838960e+02
2.62930793e+02
2.61754827e+02
2.60305511e+02
2.59548169e+02
2.58350870e+02
2.57325428e+02
2.56853527e+02
2.55310618e+02
2.55032276e+02
2.53851573e+02
2.53110434e+02
2.52286923e+02
2.51439605e+02
2.50698467e+02
2.50548869e+02
2.49678908e+02
2.49039307e+02
2.48227199e+02
2.47910202e+02
2.47460768e+02
2.47083749e+02
2.46722657e+02
2.46646477e+02
2.46311905e+02
2.71859999e+02
2.71501000e+02
2.71725635e+02
2.71904657e+02
2.71189095e+02
2.71268119e+02
2.70290436e+02
2.70382474e+02
2.69496807e+02
2.68752011e+02
2.68009588e+02
2.67060935e+02
2.66354840e+02
2.65453266e+02
2.64812287e+02
2.64050502e+02
2.62861706e+02
2.62163313e+02
2.61674481e+02
2.61067220e+02
2.60134359e+02
2.59463425e+02
2.59053364e+02
2.58555748e+02
2.57836122e+02
2.57297294e+02
2.56799782e+02
2.56590792e+02
2.56421224e+02
2.55536629e+02
2.55211541e+02
2.54901447e+02
2.54584317e+02
2.54132353e+02
2.54229343e+02
2.53865956e+02
2.53572817e+02
