2.69875986e+02
4.98002961e+01
3.97437070e+01
3.71186969e+01
3.54831523e+01
3.38467178e+01
3.26536941e+01
3.17735003e+01
3.11991195e+01
3.03574436e+01
2.96760975e+01
2.94169588e+01
2.89702336e+01
2.85266813e+01
2.77549440e+01
2.76039573e+01
2.71798079e+01
2.69112892e+01
2.65061006e+01
2.66346602e+01
2.63665425e+01
2.60348530e+01
2.60479017e+01
2.53150828e+01
2.54231761e+01
2.52509830e+01
2.49002505e+01
2.50963926e+01
2.47015662e+01
2.43616934e+01
2.46929753e+01
2.43234900e+01
2.45066729e+01
2.47646947e+01
2.39980527e+01
2.36633178e+01
2.45680642e+01
2.69788437e+02
1.49839032e+02
1.50148602e+02
1.50284288e+02
1.41684541e+02
1.35108201e+02
1.29444866e+02
1.24377336e+02
1.19425641e+02
1.15589809e+02
1.12093070e+02
1.09195797e+02
1.06369611e+02
1.03808753e+02
1.01538901e+02
9.98551766e+01
9.77667580e+01
9.61556317e+01
9.48776737e+01
9.35514949e+01
9.24007716e+01
9.11564013e+01
8.96783336e+01
8.88966337e+01
8.83534177e+01
8.76400151e+01
8.70517412e+01
8.63584207e+01
8.57679837e+01
8.51438930e+01
8.43959145e+01
8.41237707e+01
8.35171552e+01
8.32440070e+01
8.30391160e+01
8.22516581e+01
8.22440069e+01
2.69929486e+02
2.50056263e+02
2.46565495e+02
2.42159252e+02
2.37858822e+02
2.32186714e+02
2.26903557e+02
2.21790787e+02
2.16522224e+02
2.11553998e+02
2.07251004e+02
2.02955475e+02
1.99177290e+02
1.95960778e+02
1.93036804e+02
1.89870790e+02
1.87532358e+02
1.85433606e+02
1.83243319e+02
1.81466783e+02
1.79537382e+02
1.77635770e+02
1.76346638e+02
1.74988511e+02
1.73666784e+02
1.72317201e+02
1.71592455e+02
1.70434039e+02
1.69537301e+02
1.69192320e+02
1.67762988e+02
1.67313482e+02
1.66627950e+02
1.66060471e+02
1.65562588e+02
1.65167165e+02
1.64171770e+02
2.71822633e+02
2.71774322e+02
2.71516672e+02
2.70797561e+02
2.69726838e+02
2.68205192e+02
2.67212893e+02
2.65313420e+02
2.63290537e+02
2.61768938e+02
2.60216708e+02
2.58194785e+02
2.56115384e+02
2.54069986e+02
2.53121446e+02
2.51624465e+02
2.49670303e+02
2.48950249e+02
2.47301304e+02
2.46149268e+02
2.44961684e+02
2.43947974e+02
2.43110335e+02
2.42117757e+02
2.41450518e+02
2.40691620e+02
2.40120739e+02
2.39523693e+02
2.38770137e+02
2.38178868e+02
2.37381851e+02
2.37487513e+02
2.36635151e+02
2.36412565e+02
2.35891656e+02
2.35552799e+02
2.35273997e+02
2.68134997e+02
2.68184091e+02
2.67936485e+02
2.68083057e+02
2.68339147e+02
2.68298431e+02
2.68037755e+02
2.67586772e+02
2.67032362e+02
2.66797642e+02
2.66524692e+02
2.65800454e+02
2.66062795e+02
2.66070537e+02
2.65470099e+02
2.65141364e+02
2.64830199e+02
2.64963467e+02
2.64233459e+02
2.64093014e+02
2.63669558e+02
2.64017068e+02
2.63271340e+02
2.63710796e+02
2.63658680e+02
2.63272105e+02
2.62889720e+02
2.62597708e+02
2.63219589e+02
2.62776642e+02
2.62565098e+02
2.62537649e+02
2.62193571e+02
2.62515323e+02
2.62617487e+02
2.62289860e+02
2.62752496e+02
2.77256244e+02
2.75828218e+02
2.72610484e+02
2.67338381e+02
2.61837374e+02
2.56373174e+02
2.50995126e+02
2.45552796e+02
2.41464276e+02
2.36864717e+02
2.33003297e+02
2.29292098e+02
2.25851939e+02
2.22581984e+02
2.19581511e+02
2.17081660e+02
2.14339138e+02
2.12293598e+02
2.09739837e+02
2.08110988e+02
2.05731360e+02
2.04265823e+02
2.02859956e+02
2.01046195e+02
1.99622477e+02
1.98694599e+02
1.96746938e+02
1.96016983e+02
1.94997588e+02
1.93810375e+02
1.92780077e+02
1.91631854e+02
1.91172874e+02
1.90442290e+02
1.89785535e+02
1.88669286e+02
1.88123811e+02
2.76388819e+02
2.75269163e+02
2.71872379e+02
2.66503710e+02
2.61972091e+02
2.56923815e+02
2.52281704e+02
2.48061619e+02
2.44514498e+02
2.40281946e+02
2.36707335e+02
2.33266191e+02
2.30857644e+02
2.27836700e+02
2.25412430e+02
2.23295433e+02
2.20823842e+02
2.18543599e+02
2.16756635e+02
2.14392894e+02
2.12945432e+02
2.11558448e+02
2.09995857e+02
2.08637833e+02
2.07583307e+02
2.06237237e+02
2.04995535e+02
2.04046140e+02
2.02920942e+02
2.02371144e+02
2.01279771e+02
2.00294013e+02
1.99446923e+02
1.98655546e+02
1.97796816e+02
1.97559845e+02
1.96416710e+02
2.74485525e+02
2.74255265e+02
2.73843170e+02
2.74078201e+02
2.72380977e+02
2.71217147e+02
2.69479452e+02
2.67907908e+02
2.66411965e+02
2.63987656e+02
2.62520490e+02
2.60686718e+02
2.59101716e+02
2.57695245e+02
2.55858585e+02
2.53831250e+02
2.52651169e+02
2.51242969e+02
2.49867605e+02
2.48857037e+02
2.47635704e+02
2.46398435e+02
2.45594040e+02
2.44489539e+02
2.43417712e+02
2.42426102e+02
2.41617811e+02
2.41325464e+02
2.40137597e+02
2.39426462e+02
2.38680466e+02
2.38586185e+02
2.38208182e+02
2.37078686e+02
2.36981029e+02
2.36006481e+02
2.36547615e+02
2.74142174e+02
2.73587910e+02
2.73669111e+02
2.73417214e+02
2.72773163e+02
2.72397378e+02
2.71680082e+02
2.70656135e+02
2.69735925e+02
2.68520987e+02
2.67528890e+02
2.66176914e+02
2.65020311e+02
2.63489554e+02
2.62742897e+02
2.61657773e+02
2.60124410e+02
2.59583515e+02
2.58631874e+02
2.57397469e+02
2.56736719e+02
2.56120165e+02
2.55049292e+02
2.54371115e+02
2.53663417e+02
2.53269929e+02
2.52577400e+02
2.51945853e+02
2.51196108e+02
2.50873964e+02
2.50293843e+02
2.49574077e+02
2.49696544e+02
2.49216449e+02
2.48815106e+02
2.48455590e+02
2.48267152e+02
2.72629220e+02
2.72986434e+02
2.72687009e+02
2.72466601e+02
2.72463862e+02
2.72030978e+02
2.71224729e+02
2.71192876e+02
2.70008648e+02
2.69386258e+02
2.68740047e+02
2.67689578e+02
2.67329897e+02
2.66381672e+02
2.65872046e+02
2.65136639e+02
2.63715428e+02
2.63176221e+02
2.62600432e+02
2.62047639e+02
2.61495922e+02
2.60737748e+02
2.60191571e+02
2.59655805e+02
2.59213574e+02
2.59008232e+02
2.58319907e+02
2.57896527e+02
2.57604752e+02
2.57394438e+02
2.56670693e+02
2.56728091e+02
2.56823386e+02
2.56237472e+02
2.55621641e+02
2.55276804e+02
2.55965906e+02
