-2.2000e+02
-9.9185e+00
-2.9194e+00
-2.0870e+00
-1.4513e+00
-1.0975e+00
-8.7423e-01
-7.1947e-01
-6.0527e-01
-5.1735e-01
-4.4759e-01
-5.0613e-01
-4.8028e-01
-4.3106e-01
-3.8695e-01
-3.4845e-01
-3.1493e-01
-2.8564e-01
-2.5995e-01
-2.3729e-01
-2.1723e-01
-1.9939e-01
-1.8345e-01
-1.6915e-01
-1.5628e-01
-1.4466e-01
-1.3412e-01
-1.2455e-01
-1.1582e-01
-1.0785e-01
-1.0056e-01
-9.3859e-02
-8.7702e-02
-8.2031e-02
-7.6798e-02
-7.1961e-02
-1.2000e+02
0.0000e+00
0.0000e+00
-8.4995e+00
-6.4663e+00
-5.9364e+00
-5.2222e+00
-4.5567e+00
-3.9809e+00
-3.4922e+00
-3.0780e+00
-2.7350e+00
-2.4573e+00
-2.2120e+00
-1.9929e+00
-1.7982e+00
-1.6255e+00
-1.4720e+00
-1.3356e+00
-1.2139e+00
-1.1052e+00
-1.0079e+00
-9.2061e-01
-8.4215e-01
-7.7148e-01
-7.0772e-01
-6.5009e-01
-5.9791e-01
-5.5059e-01
-5.0762e-01
-4.6852e-01
-4.3291e-01
-4.0043e-01
-3.7076e-01
-3.4362e-01
-3.1877e-01
-2.0000e+01
-3.5647e+00
-4.3497e+00
-4.6580e+00
-5.1758e+00
-5.5145e+00
-5.4389e+00
-5.1623e+00
-4.8056e+00
-4.4275e+00
-4.0559e+00
-3.7041e+00
-3.3786e+00
-3.0819e+00
-2.8127e+00
-2.5684e+00
-2.3468e+00
-2.1458e+00
-1.9633e+00
-1.7978e+00
-1.6476e+00
-1.5112e+00
-1.3873e+00
-1.2747e+00
-1.1722e+00
-1.0789e+00
-9.9398e-01
-9.1652e-01
-8.4583e-01
-7.8126e-01
-7.2224e-01
-6.6824e-01
-6.1880e-01
-5.7348e-01
-5.3190e-01
-4.9374e-01
-2.0826e-01
-3.7983e-01
-6.1034e-01
-9.2099e-01
-1.2426e+00
-1.5135e+00
-1.7082e+00
-1.8252e+00
-1.8761e+00
-1.8766e+00
-1.8411e+00
-1.7813e+00
-1.7062e+00
-1.6223e+00
-1.5342e+00
-1.4451e+00
-1.3572e+00
-1.2719e+00
-1.1900e+00
-1.1120e+00
-1.0381e+00
-9.6856e-01
-9.0324e-01
-8.4209e-01
-7.8496e-01
-7.3168e-01
-6.8205e-01
-6.3588e-01
-5.9295e-01
-5.5307e-01
-5.1602e-01
-4.8162e-01
-4.4969e-01
-4.2004e-01
-3.9252e-01
-3.6696e-01
-1.3883e-02
-4.1127e-02
-7.2695e-02
-1.1643e-01
-1.6837e-01
-2.1800e-01
-2.5790e-01
-2.8539e-01
-3.0096e-01
-3.0669e-01
-3.0498e-01
-2.9802e-01
-2.8755e-01
-2.7490e-01
-2.6103e-01
-2.4662e-01
-2.3216e-01
-2.1795e-01
-2.0420e-01
-1.9101e-01
-1.7847e-01
-1.6662e-01
-1.5545e-01
-1.4498e-01
-1.3518e-01
-1.2602e-01
-1.1748e-01
-1.0953e-01
-1.0214e-01
-9.5261e-02
-8.8871e-02
-8.2936e-02
-7.7424e-02
-7.2307e-02
-6.7554e-02
-6.3143e-02
-1.0321e+00
-3.4925e+00
-4.9481e+00
-5.4360e+00
-5.4624e+00
-5.2711e+00
-4.9777e+00
-4.6434e+00
-4.3015e+00
-3.9698e+00
-3.6573e+00
-3.3682e+00
-3.1044e+00
-2.8654e+00
-2.6491e+00
-2.4532e+00
-2.2757e+00
-2.1146e+00
-1.9681e+00
-1.8346e+00
-1.7126e+00
-1.6010e+00
-1.4987e+00
-1.4045e+00
-1.3178e+00
-1.2376e+00
-1.1635e+00
-1.0947e+00
-1.0309e+00
-9.7153e-01
-9.1621e-01
-8.6461e-01
-8.1642e-01
-7.7135e-01
-7.2917e-01
-6.8965e-01
-1.1669e+00
-3.6287e+00
-4.7466e+00
-4.9174e+00
-4.7687e+00
-4.5200e+00
-4.2405e+00
-3.9562e+00
-3.6794e+00
-3.4163e+00
-3.1699e+00
-2.9413e+00
-2.7317e+00
-2.5400e+00
-2.3645e+00
-2.2035e+00
-2.0557e+00
-1.9199e+00
-1.7948e+00
-1.6796e+00
-1.5733e+00
-1.4751e+00
-1.3842e+00
-1.2999e+00
-1.2217e+00
-1.1490e+00
-1.0814e+00
-1.0184e+00
-9.5964e-01
-9.0480e-01
-8.5356e-01
-8.0564e-01
-7.6079e-01
-7.1878e-01
-6.7941e-01
-6.4247e-01
-1.0803e-01
-2.4182e-01
-5.6335e-01
-9.4935e-01
-1.2793e+00
-1.5188e+00
-1.6758e+00
-1.7682e+00
-1.8121e+00
-1.8201e+00
-1.8019e+00
-1.7646e+00
-1.7138e+00
-1.6537e+00
-1.5877e+00
-1.5182e+00
-1.4471e+00
-1.3757e+00
-1.3050e+00
-1.2358e+00
-1.1687e+00
-1.1040e+00
-1.0419e+00
-9.8267e-01
-9.2631e-01
-8.7284e-01
-8.2225e-01
-7.7446e-01
-7.2939e-01
-6.8694e-01
-6.4701e-01
-6.0946e-01
-5.7418e-01
-5.4105e-01
-5.0995e-01
-4.8076e-01
-8.7866e-02
-1.3081e-01
-2.0656e-01
-3.5805e-01
-5.4787e-01
-7.3393e-01
-8.9310e-01
-1.0176e+00
-1.1078e+00
-1.1672e+00
-1.2004e+00
-1.2121e+00
-1.2067e+00
-1.1880e+00
-1.1594e+00
-1.1234e+00
-1.0824e+00
-1.0380e+00
-9.9176e-01
-9.4462e-01
-8.9745e-01
-8.5088e-01
-8.0536e-01
-7.6125e-01
-7.1876e-01
-6.7805e-01
-6.3921e-01
-6.0229e-01
-5.6729e-01
-5.3418e-01
-5.0293e-01
-4.7347e-01
-4.4574e-01
-4.1966e-01
-3.9515e-01
-3.7214e-01
-1.3466e-01
-1.0678e-01
-1.3909e-01
-2.2319e-01
-3.3845e-01
-4.6060e-01
-5.7252e-01
-6.6543e-01
-7.3647e-01
-7.8618e-01
-8.1682e-01
-8.3130e-01
-8.3259e-01
-8.2349e-01
-8.0642e-01
-7.8348e-01
-7.5635e-01
-7.2640e-01
-6.9471e-01
-6.6214e-01
-6.2932e-01
-5.9677e-01
-5.6484e-01
-5.3380e-01
-5.0385e-01
-4.7512e-01
-4.4768e-01
-4.2157e-01
-3.9682e-01
-3.7339e-01
-3.5128e-01
-3.3045e-01
-3.1084e-01
-2.9241e-01
-2.7510e-01
-2.5885e-01
