-2.2000e+02
-9.8738e+00
-2.9104e+00
-2.0990e+00
-1.4612e+00
-1.1037e+00
-8.7765e-01
-7.2097e-01
-6.0552e-01
-5.1675e-01
-4.4641e-01
-4.9169e-01
-4.7684e-01
-4.2776e-01
-3.8356e-01
-3.4497e-01
-3.1138e-01
-2.8205e-01
-2.5635e-01
-2.3371e-01
-2.1369e-01
-1.9590e-01
-1.8003e-01
-1.6581e-01
-1.5303e-01
-1.4150e-01
-1.3106e-01
-1.2159e-01
-1.1297e-01
-1.0511e-01
-9.7913e-02
-9.1318e-02
-8.5263e-02
-7.9689e-02
-7.4554e-02
-6.9811e-02
-1.2000e+02
0.0000e+00
0.0000e+00
-8.6121e+00
-6.5457e+00
-5.9862e+00
-5.2482e+00
-4.5677e+00
-3.9819e+00
-3.4864e+00
-3.0674e+00
-2.7192e+00
-2.4388e+00
-2.1925e+00
-1.9727e+00
-1.7775e+00
-1.6045e+00
-1.4510e+00
-1.3145e+00
-1.1930e+00
-1.0846e+00
-9.8757e-01
-9.0064e-01
-8.2258e-01
-7.5235e-01
-6.8905e-01
-6.3191e-01
-5.8023e-01
-5.3342e-01
-4.9097e-01
-4.5240e-01
-4.1732e-01
-3.8536e-01
-3.5622e-01
-3.2961e-01
-3.0528e-01
-2.0000e+01
-3.7998e+00
-4.4726e+00
-4.7239e+00
-5.2249e+00
-5.5398e+00
-5.4414e+00
-5.1488e+00
-4.7810e+00
-4.3951e+00
-4.0183e+00
-3.6630e+00
-3.3353e+00
-3.0372e+00
-2.7672e+00
-2.5229e+00
-2.3015e+00
-2.1010e+00
-1.9192e+00
-1.7545e+00
-1.6052e+00
-1.4697e+00
-1.3468e+00
-1.2352e+00
-1.1338e+00
-1.0416e+00
-9.5778e-01
-8.8144e-01
-8.1187e-01
-7.4844e-01
-6.9055e-01
-6.3767e-01
-5.8934e-01
-5.4512e-01
-5.0464e-01
-4.6754e-01
-1.2440e-01
-3.1083e-01
-5.4728e-01
-8.6078e-01
-1.1837e+00
-1.4553e+00
-1.6506e+00
-1.7680e+00
-1.8195e+00
-1.8205e+00
-1.7856e+00
-1.7266e+00
-1.6522e+00
-1.5690e+00
-1.4816e+00
-1.3934e+00
-1.3063e+00
-1.2219e+00
-1.1410e+00
-1.0640e+00
-9.9122e-01
-9.2280e-01
-8.5869e-01
-7.9879e-01
-7.4295e-01
-6.9099e-01
-6.4270e-01
-5.9789e-01
-5.5632e-01
-5.1780e-01
-4.8210e-01
-4.4904e-01
-4.1843e-01
-3.9007e-01
-3.6382e-01
-3.3950e-01
-7.0280e-03
-2.9539e-02
-6.1759e-02
-1.0623e-01
-1.5862e-01
-2.0851e-01
-2.4861e-01
-2.7626e-01
-2.9198e-01
-2.9783e-01
-2.9624e-01
-2.8939e-01
-2.7903e-01
-2.6648e-01
-2.5271e-01
-2.3841e-01
-2.2406e-01
-2.0997e-01
-1.9634e-01
-1.8329e-01
-1.7091e-01
-1.5922e-01
-1.4823e-01
-1.3794e-01
-1.2833e-01
-1.1937e-01
-1.1104e-01
-1.0330e-01
-9.6112e-02
-8.9448e-02
-8.3272e-02
-7.7548e-02
-7.2248e-02
-6.7337e-02
-6.2789e-02
-5.8578e-02
-7.3778e-01
-3.0569e+00
-4.6159e+00
-5.2220e+00
-5.3329e+00
-5.1955e+00
-4.9340e+00
-4.6169e+00
-4.2830e+00
-3.9540e+00
-3.6412e+00
-3.3503e+00
-3.0841e+00
-2.8428e+00
-2.6246e+00
-2.4274e+00
-2.2491e+00
-2.0876e+00
-1.9411e+00
-1.8079e+00
-1.6866e+00
-1.5758e+00
-1.4743e+00
-1.3811e+00
-1.2954e+00
-1.2163e+00
-1.1432e+00
-1.0754e+00
-1.0126e+00
-9.5415e-01
-8.9974e-01
-8.4899e-01
-8.0160e-01
-7.5728e-01
-7.1580e-01
-6.7693e-01
-1.0428e+00
-3.5948e+00
-4.7345e+00
-4.8965e+00
-4.7360e+00
-4.4759e+00
-4.1864e+00
-3.8941e+00
-3.6114e+00
-3.3444e+00
-3.0958e+00
-2.8665e+00
-2.6571e+00
-2.4667e+00
-2.2930e+00
-2.1343e+00
-1.9891e+00
-1.8560e+00
-1.7338e+00
-1.6215e+00
-1.5181e+00
-1.4227e+00
-1.3345e+00
-1.2528e+00
-1.1772e+00
-1.1069e+00
-1.0416e+00
-9.8072e-01
-9.2403e-01
-8.7112e-01
-8.2170e-01
-7.7549e-01
-7.3225e-01
-6.9175e-01
-6.5378e-01
-6.1817e-01
-2.4032e-02
-1.5969e-01
-4.9666e-01
-8.9691e-01
-1.2336e+00
-1.4737e+00
-1.6282e+00
-1.7168e+00
-1.7565e+00
-1.7607e+00
-1.7391e+00
-1.6991e+00
-1.6462e+00
-1.5847e+00
-1.5179e+00
-1.4481e+00
-1.3771e+00
-1.3062e+00
-1.2365e+00
-1.1685e+00
-1.1028e+00
-1.0397e+00
-9.7945e-01
-9.2211e-01
-8.6774e-01
-8.1633e-01
-7.6782e-01
-7.2212e-01
-6.7914e-01
-6.3875e-01
-6.0084e-01
-5.6528e-01
-5.3194e-01
-5.0069e-01
-4.7140e-01
-4.4397e-01
-1.2223e-02
-3.9025e-02
-1.2770e-01
-2.9140e-01
-4.8914e-01
-6.7934e-01
-8.4007e-01
-9.6461e-01
-1.0539e+00
-1.1118e+00
-1.1435e+00
-1.1537e+00
-1.1469e+00
-1.1271e+00
-1.0976e+00
-1.0612e+00
-1.0200e+00
-9.7584e-01
-9.3005e-01
-8.8367e-01
-8.3750e-01
-7.9212e-01
-7.4798e-01
-7.0537e-01
-6.6450e-01
-6.2549e-01
-5.8841e-01
-5.5328e-01
-5.2009e-01
-4.8880e-01
-4.5935e-01
-4.3167e-01
-4.0569e-01
-3.8133e-01
-3.5849e-01
-3.3710e-01
-2.1078e-02
-2.8576e-02
-7.6207e-02
-1.6975e-01
-2.9143e-01
-4.1791e-01
-5.3254e-01
-6.2686e-01
-6.9830e-01
-7.4772e-01
-7.7762e-01
-7.9115e-01
-7.9144e-01
-7.8140e-01
-7.6357e-01
-7.4005e-01
-7.1258e-01
-6.8253e-01
-6.5096e-01
-6.1873e-01
-5.8644e-01
-5.5458e-01
-5.2349e-01
-4.9341e-01
-4.6452e-01
-4.3691e-01
-4.1066e-01
-3.8579e-01
-3.6228e-01
-3.4013e-01
-3.1929e-01
-2.9972e-01
-2.8136e-01
-2.6415e-01
-2.4805e-01
-2.3297e-01
