-2.2000e+02
-9.7173e+00
-2.8626e+00
-2.1057e+00
-1.4717e+00
-1.1141e+00
-8.8793e-01
-7.3122e-01
-6.1572e-01
-5.2687e-01
-4.5640e-01
-4.5395e-01
-4.8565e-01
-4.3964e-01
-3.9583e-01
-3.5716e-01
-3.2331e-01
-2.9366e-01
-2.6759e-01
-2.4456e-01
-2.2414e-01
-2.0595e-01
-1.8968e-01
-1.7507e-01
-1.6191e-01
-1.5001e-01
-1.3923e-01
-1.2942e-01
-1.2048e-01
-1.1230e-01
-1.0482e-01
-9.7943e-02
-9.1621e-02
-8.5797e-02
-8.0419e-02
-7.5448e-02
-1.2000e+02
0.0000e+00
0.0000e+00
-8.3338e+00
-6.4018e+00
-5.9125e+00
-5.2251e+00
-4.5758e+00
-4.0108e+00
-3.5297e+00
-3.1208e+00
-2.7741e+00
-2.4951e+00
-2.2549e+00
-2.0386e+00
-1.8448e+00
-1.6718e+00
-1.5174e+00
-1.3794e+00
-1.2560e+00
-1.1454e+00
-1.0460e+00
-9.5668e-01
-8.7617e-01
-8.0350e-01
-7.3781e-01
-6.7834e-01
-6.2442e-01
-5.7546e-01
-5.3093e-01
-4.9040e-01
-4.5344e-01
-4.1971e-01
-3.8887e-01
-3.6066e-01
-3.3482e-01
-2.0000e+01
-3.3191e+00
-4.2656e+00
-4.6632e+00
-5.2136e+00
-5.5820e+00
-5.5318e+00
-5.2727e+00
-4.9277e+00
-4.5565e+00
-4.1879e+00
-3.8361e+00
-3.5078e+00
-3.2063e+00
-2.9317e+00
-2.6818e+00
-2.4543e+00
-2.2472e+00
-2.0588e+00
-1.8874e+00
-1.7315e+00
-1.5896e+00
-1.4605e+00
-1.3429e+00
-1.2358e+00
-1.1382e+00
-1.0492e+00
-9.6794e-01
-8.9376e-01
-8.2596e-01
-7.6396e-01
-7.0721e-01
-6.5522e-01
-6.0757e-01
-5.6384e-01
-5.2368e-01
-3.0012e-01
-4.4607e-01
-6.5431e-01
-9.4711e-01
-1.2566e+00
-1.5203e+00
-1.7117e+00
-1.8283e+00
-1.8804e+00
-1.8827e+00
-1.8491e+00
-1.7910e+00
-1.7173e+00
-1.6345e+00
-1.5471e+00
-1.4586e+00
-1.3710e+00
-1.2859e+00
-1.2042e+00
-1.1262e+00
-1.0524e+00
-9.8279e-01
-9.1741e-01
-8.5617e-01
-7.9893e-01
-7.4551e-01
-6.9574e-01
-6.4940e-01
-6.0629e-01
-5.6621e-01
-5.2897e-01
-4.9436e-01
-4.6222e-01
-4.3235e-01
-4.0460e-01
-3.7882e-01
-2.5509e-02
-6.1498e-02
-9.3338e-02
-1.3859e-01
-1.9343e-01
-2.4626e-01
-2.8894e-01
-3.1845e-01
-3.3523e-01
-3.4142e-01
-3.3955e-01
-3.3194e-01
-3.2047e-01
-3.0658e-01
-2.9131e-01
-2.7544e-01
-2.5947e-01
-2.4377e-01
-2.2855e-01
-2.1397e-01
-2.0009e-01
-1.8697e-01
-1.7461e-01
-1.6300e-01
-1.5213e-01
-1.4198e-01
-1.3251e-01
-1.2369e-01
-1.1547e-01
-1.0783e-01
-1.0073e-01
-9.4122e-02
-8.7987e-02
-8.2285e-02
-7.6989e-02
-7.2067e-02
-1.4162e+00
-4.1404e+00
-5.5499e+00
-5.9199e+00
-5.8433e+00
-5.5730e+00
-5.2204e+00
-4.8418e+00
-4.4663e+00
-4.1089e+00
-3.7765e+00
-3.4715e+00
-3.1947e+00
-2.9454e+00
-2.7209e+00
-2.5184e+00
-2.3354e+00
-2.1697e+00
-2.0194e+00
-1.8826e+00
-1.7579e+00
-1.6440e+00
-1.5396e+00
-1.4436e+00
-1.3553e+00
-1.2739e+00
-1.1985e+00
-1.1287e+00
-1.0639e+00
-1.0037e+00
-9.4758e-01
-8.9525e-01
-8.4638e-01
-8.0067e-01
-7.5789e-01
-7.1779e-01
-1.4085e+00
-3.9859e+00
-5.1040e+00
-5.2414e+00
-5.0580e+00
-4.7779e+00
-4.4700e+00
-4.1604e+00
-3.8612e+00
-3.5784e+00
-3.3148e+00
-3.0713e+00
-2.8482e+00
-2.6452e+00
-2.4601e+00
-2.2911e+00
-2.1363e+00
-1.9944e+00
-1.8642e+00
-1.7445e+00
-1.6343e+00
-1.5326e+00
-1.4387e+00
-1.3518e+00
-1.2712e+00
-1.1964e+00
-1.1269e+00
-1.0621e+00
-1.0018e+00
-9.4556e-01
-8.9300e-01
-8.4385e-01
-7.9785e-01
-7.5477e-01
-7.1438e-01
-6.7648e-01
-1.9988e-01
-3.4781e-01
-6.8247e-01
-1.0749e+00
-1.4037e+00
-1.6375e+00
-1.7870e+00
-1.8713e+00
-1.9072e+00
-1.9079e+00
-1.8829e+00
-1.8397e+00
-1.7837e+00
-1.7191e+00
-1.6491e+00
-1.5762e+00
-1.5021e+00
-1.4282e+00
-1.3553e+00
-1.2842e+00
-1.2153e+00
-1.1491e+00
-1.0856e+00
-1.0251e+00
-9.6751e-01
-9.1292e-01
-8.6125e-01
-8.1244e-01
-7.6639e-01
-7.2298e-01
-6.8212e-01
-6.4367e-01
-6.0750e-01
-5.7351e-01
-5.4156e-01
-5.1155e-01
-1.6732e-01
-2.3246e-01
-3.0070e-01
-4.4373e-01
-6.2601e-01
-8.0529e-01
-9.5836e-01
-1.0775e+00
-1.1629e+00
-1.2181e+00
-1.2478e+00
-1.2567e+00
-1.2489e+00
-1.2282e+00
-1.1978e+00
-1.1605e+00
-1.1182e+00
-1.0729e+00
-1.0258e+00
-9.7792e-01
-9.3009e-01
-8.8291e-01
-8.3683e-01
-7.9216e-01
-7.4913e-01
-7.0788e-01
-6.6850e-01
-6.3103e-01
-5.9547e-01
-5.6180e-01
-5.2998e-01
-4.9994e-01
-4.7163e-01
-4.4497e-01
-4.1987e-01
-3.9628e-01
-2.5944e-01
-1.9508e-01
-2.1008e-01
-2.8141e-01
-3.8652e-01
-5.0044e-01
-6.0575e-01
-6.9343e-01
-7.6039e-01
-8.0696e-01
-8.3524e-01
-8.4798e-01
-8.4803e-01
-8.3807e-01
-8.2046e-01
-7.9717e-01
-7.6988e-01
-7.3988e-01
-7.0823e-01
-6.7575e-01
-6.4305e-01
-6.1062e-01
-5.7881e-01
-5.4788e-01
-5.1801e-01
-4.8934e-01
-4.6192e-01
-4.3581e-01
-4.1102e-01
-3.8753e-01
-3.6533e-01
-3.4438e-01
-3.2464e-01
-3.0604e-01
-2.8856e-01
-2.7212e-01
