2.69890120e+02
5.02640908e+01
4.03836329e+01
3.74295538e+01
3.53448226e+01
3.37987425e+01
3.27376416e+01
3.15830731e+01
3.11282336e+01
3.08022744e+01
3.00962918e+01
2.92614250e+01
2.91399441e+01
2.84447176e+01
2.81888818e+01
2.81590282e+01
2.73876259e+01
2.66073042e+01
2.68140941e+01
2.61855858e+01
2.60882058e+01
2.62890592e+01
2.57435473e+01
2.54432594e+01
2.52837842e+01
2.51231242e+01
2.52077048e+01
2.55047897e+01
2.51771606e+01
2.48973353e+01
2.42100256e+01
2.42528929e+01
2.44320065e+01
2.43316134e+01
2.41873417e+01
2.37155492e+01
2.40732303e+01
2.69989184e+02
1.49835686e+02
1.49583014e+02
1.49232647e+02
1.41755931e+02
1.35402862e+02
1.29104058e+02
1.24013287e+02
1.19499333e+02
1.14884842e+02
1.11863306e+02
1.08571276e+02
1.05674500e+02
1.02998236e+02
1.01458675e+02
9.90989952e+01
9.77191611e+01
9.56367233e+01
9.43489723e+01
9.33392469e+01
9.17655784e+01
9.10205742e+01
8.96312689e+01
8.89368177e+01
8.79232707e+01
8.72315941e+01
8.60607153e+01
8.56214713e+01
8.53980841e+01
8.43464126e+01
8.36406877e+01
8.34329046e+01
8.31040311e+01
8.28204431e+01
8.21530827e+01
8.17332625e+01
8.18920512e+01
2.69855041e+02
2.49946296e+02
2.46377924e+02
2.41901678e+02
2.37455941e+02
2.32392550e+02
2.26983591e+02
2.21282669e+02
2.16033517e+02
2.11539108e+02
2.06714269e+02
2.02638721e+02
1.99055602e+02
1.95845987e+02
1.92664475e+02
1.89614830e+02
1.87306261e+02
1.84672261e+02
1.82576452e+02
1.80761100e+02
1.78562748e+02
1.77107118e+02
1.75444961e+02
1.73970142e+02
1.72463086e+02
1.71664227e+02
1.70609835e+02
1.69468316e+02
1.68720890e+02
1.67669275e+02
1.67104874e+02
1.66325438e+02
1.65514512e+02
1.65015521e+02
1.64296926e+02
1.64124686e+02
1.63361228e+02
2.72323523e+02
2.71937119e+02
2.71420632e+02
2.70438098e+02
2.69196822e+02
2.68131727e+02
2.66454850e+02
2.64729579e+02
2.63053411e+02
2.61024117e+02
2.58599000e+02
2.57017737e+02
2.55388073e+02
2.53708947e+02
2.52037891e+02
2.50407813e+02
2.49326694e+02
2.47824203e+02
2.46461570e+02
2.45087107e+02
2.43910441e+02
2.42942428e+02
2.42091353e+02
2.41090441e+02
2.40295698e+02
2.39485459e+02
2.38966645e+02
2.38366948e+02
2.37772546e+02
2.36841084e+02
2.36353919e+02
2.35869934e+02
2.35715445e+02
2.35315037e+02
2.34531743e+02
2.34705569e+02
2.34001312e+02
2.68508796e+02
2.68120714e+02
2.68289998e+02
2.68359625e+02
2.68355212e+02
2.67664212e+02
2.67577362e+02
2.67209186e+02
2.66717226e+02
2.66570095e+02
2.66392347e+02
2.66088206e+02
2.65542191e+02
2.65710383e+02
2.65101842e+02
2.64436621e+02
2.64711790e+02
2.64218099e+02
2.64200296e+02
2.63754804e+02
2.63543416e+02
2.63371099e+02
2.62885929e+02
2.62610075e+02
2.62688324e+02
2.62350039e+02
2.62515285e+02
2.62305349e+02
2.62218846e+02
2.62389753e+02
2.62400937e+02
2.61802101e+02
2.61718910e+02
2.61781071e+02
2.61905294e+02
2.61324534e+02
2.61699550e+02
2.71746975e+02
2.70721050e+02
2.66690292e+02
2.61649697e+02
2.55789514e+02
2.50339991e+02
2.44970424e+02
2.40030429e+02
2.35281381e+02
2.30927383e+02
2.26871086e+02
2.23162448e+02
2.19701242e+02
2.17001416e+02
2.13884355e+02
2.11407050e+02
2.09018297e+02
2.07109271e+02
2.05004317e+02
2.02639262e+02
2.01039540e+02
1.99434538e+02
1.97719585e+02
1.96394080e+02
1.94784130e+02
1.93756895e+02
1.92328094e+02
1.91361149e+02
1.90363424e+02
1.89759058e+02
1.87976091e+02
1.87229849e+02
1.86234085e+02
1.86035428e+02
1.84723370e+02
1.84380717e+02
1.83933886e+02
2.72454317e+02
2.71153145e+02
2.67454907e+02
2.62292070e+02
2.57772587e+02
2.52962725e+02
2.48052032e+02
2.43976981e+02
2.40128128e+02
2.36014306e+02
2.32621207e+02
2.29466258e+02
2.26586151e+02
2.23751069e+02
2.21021125e+02
2.18239042e+02
2.16794269e+02
2.14778093e+02
2.12741148e+02
2.10652566e+02
2.09369134e+02
2.07768028e+02
2.06565723e+02
2.04700515e+02
2.03951672e+02
2.02596457e+02
2.01337507e+02
2.00112876e+02
1.99531976e+02
1.98068252e+02
1.97789181e+02
1.96576113e+02
1.95656353e+02
1.95323850e+02
1.94423347e+02
1.93752979e+02
1.93425463e+02
2.73182058e+02
2.73287122e+02
2.72576293e+02
2.72055056e+02
2.71116067e+02
2.69630400e+02
2.67955554e+02
2.66603202e+02
2.64665344e+02
2.63077045e+02
2.61113385e+02
2.59064519e+02
2.57339585e+02
2.55818489e+02
2.54522489e+02
2.52743026e+02
2.51040720e+02
2.49552323e+02
2.48462460e+02
2.46634069e+02
2.46058042e+02
2.44632643e+02
2.43733760e+02
2.42431872e+02
2.41326278e+02
2.40579508e+02
2.39721212e+02
2.39045394e+02
2.38113627e+02
2.37798271e+02
2.36852412e+02
2.36630026e+02
2.35683055e+02
2.35445596e+02
2.34612919e+02
2.34037322e+02
2.33810570e+02
2.73143172e+02
2.73095956e+02
2.72510292e+02
2.72680110e+02
2.72190901e+02
2.71462621e+02
2.70698443e+02
2.69817713e+02
2.68549643e+02
2.67402200e+02
2.66739237e+02
2.65395822e+02
2.64573698e+02
2.62701199e+02
2.61507175e+02
2.60663911e+02
2.59415914e+02
2.58291065e+02
2.57419368e+02
2.56774033e+02
2.55587541e+02
2.54653538e+02
2.53982788e+02
2.53055236e+02
2.52521752e+02
2.51643766e+02
2.51421512e+02
2.49960779e+02
2.50206726e+02
2.49522339e+02
2.48557305e+02
2.48454613e+02
2.48245584e+02
2.47581150e+02
2.47183385e+02
2.47105173e+02
2.46503566e+02
2.72845892e+02
2.72511850e+02
2.71864327e+02
2.71969758e+02
2.71868321e+02
2.71436040e+02
2.71021127e+02
2.70624654e+02
2.70275939e+02
2.68962151e+02
2.67925170e+02
2.66870082e+02
2.66945222e+02
2.65936109e+02
2.65008339e+02
2.63722365e+02
2.63336031e+02
2.63306512e+02
2.62590446e+02
2.61293835e+02
2.60850443e+02
2.60346572e+02
2.59533078e+02
2.59222973e+02
2.58765720e+02
2.58667343e+02
2.57487716e+02
2.57449096e+02
2.57011201e+02
2.56843722e+02
2.56561942e+02
2.56211013e+02
2.56050336e+02
2.55131261e+02
2.55299546e+02
2.55313125e+02
2.54753428e+02
