2.69755350e+02
5.01328536e+01
4.02755082e+01
3.73344474e+01
3.48253027e+01
3.36660853e+01
3.26603805e+01
3.19509142e+01
3.08497192e+01
3.03318279e+01
2.95973869e+01
2.90235309e+01
2.86162607e+01
2.83658906e+01
2.80593782e+01
2.79232630e+01
2.77166380e+01
2.67627644e+01
2.65973465e+01
2.64921958e+01
2.60767081e+01
2.59517697e+01
2.57336603e+01
2.55332858e+01
2.49672002e+01
2.52602357e+01
2.49118573e+01
2.51483059e+01
2.48545109e+01
2.46237768e+01
2.45548507e+01
2.45046604e+01
2.45403811e+01
2.41849283e+01
2.37607251e+01
2.39578828e+01
2.41139601e+01
2.70109328e+02
1.50030315e+02
1.50214832e+02
1.49853446e+02
1.41841759e+02
1.34841613e+02
1.28753781e+02
1.23827717e+02
1.19267013e+02
1.15156901e+02
1.11707716e+02
1.09107257e+02
1.05739156e+02
1.03728819e+02
1.01243215e+02
9.96830260e+01
9.76994457e+01
9.60638043e+01
9.47749737e+01
9.31875967e+01
9.18094681e+01
9.11783519e+01
9.01547699e+01
8.87070339e+01
8.81839156e+01
8.73743479e+01
8.68621012e+01
8.63510026e+01
8.55730798e+01
8.50606935e+01
8.44501812e+01
8.37381042e+01
8.34506159e+01
8.32614806e+01
8.26094664e+01
8.21683233e+01
8.20850718e+01
2.69972417e+02
2.49891933e+02
2.46572231e+02
2.42136124e+02
2.37144889e+02
2.32222515e+02
2.26860710e+02
2.21503465e+02
2.16417062e+02
2.11520844e+02
2.06996407e+02
2.03332160e+02
1.99502187e+02
1.95568264e+02
1.92680193e+02
1.89980369e+02
1.87966009e+02
1.84857519e+02
1.83656338e+02
1.81226345e+02
1.79443877e+02
1.77925245e+02
1.76462726e+02
1.74894103e+02
1.74077689e+02
1.72854621e+02
1.71624360e+02
1.70460241e+02
1.69748897e+02
1.68719991e+02
1.67878016e+02
1.66989658e+02
1.66457304e+02
1.65555303e+02
1.65557438e+02
1.64713138e+02
1.64555632e+02
2.71412983e+02
2.71285248e+02
2.70983181e+02
2.70144323e+02
2.69547490e+02
2.68186107e+02
2.66618826e+02
2.65590247e+02
2.63265905e+02
2.61662997e+02
2.59702918e+02
2.57663380e+02
2.55658452e+02
2.53840865e+02
2.53149483e+02
2.51203733e+02
2.49833465e+02
2.48393137e+02
2.47211987e+02
2.46116430e+02
2.45092027e+02
2.43757672e+02
2.43046424e+02
2.42067527e+02
2.41098851e+02
2.40174731e+02
2.39903625e+02
2.39141228e+02
2.37973286e+02
2.37714910e+02
2.37441864e+02
2.36499569e+02
2.36442406e+02
2.35593625e+02
2.35623631e+02
2.34999593e+02
2.34602084e+02
2.68157228e+02
2.68135145e+02
2.68120671e+02
2.67957919e+02
2.67856154e+02
2.67732299e+02
2.67529428e+02
2.67309927e+02
2.67430576e+02
2.66721251e+02
2.66661421e+02
2.66040228e+02
2.66273216e+02
2.65482785e+02
2.65176494e+02
2.65435655e+02
2.64806621e+02
2.64502381e+02
2.64512680e+02
2.64062171e+02
2.63976195e+02
2.64166173e+02
2.63928621e+02
2.63442260e+02
2.63372359e+02
2.63034252e+02
2.63089902e+02
2.62725354e+02
2.62716221e+02
2.62773904e+02
2.62925751e+02
2.62733629e+02
2.62865977e+02
2.62663208e+02
2.62534045e+02
2.62192749e+02
2.61940941e+02
2.76502827e+02
2.75170401e+02
2.72160706e+02
2.67144352e+02
2.62344120e+02
2.56678491e+02
2.51244009e+02
2.46650206e+02
2.41941446e+02
2.37421348e+02
2.32928294e+02
2.29738155e+02
2.25526186e+02
2.22562213e+02
2.19872850e+02
2.16932806e+02
2.14520613e+02
2.12019811e+02
2.09977632e+02
2.07603186e+02
2.06009653e+02
2.04368915e+02
2.02001681e+02
2.00752227e+02
1.98961393e+02
1.97685362e+02
1.96592206e+02
1.95383134e+02
1.94211574e+02
1.92997925e+02
1.92098204e+02
1.91022751e+02
1.89901952e+02
1.89364946e+02
1.88477252e+02
1.87673964e+02
1.86923369e+02
2.76258102e+02
2.74973520e+02
2.70864339e+02
2.65962973e+02
2.61178263e+02
2.55907649e+02
2.51710758e+02
2.47606844e+02
2.43569677e+02
2.39414670e+02
2.36087150e+02
2.33278544e+02
2.30037756e+02
2.26723535e+02
2.24555343e+02
2.22290550e+02
2.19762569e+02
2.17458016e+02
2.15642138e+02
2.13723453e+02
2.12135161e+02
2.10803617e+02
2.09047368e+02
2.07722557e+02
2.06121548e+02
2.05109251e+02
2.03634971e+02
2.02634902e+02
2.01627933e+02
2.00443301e+02
1.99354515e+02
1.98449611e+02
1.97962565e+02
1.97365804e+02
1.96344798e+02
1.95607935e+02
1.95022695e+02
2.74226263e+02
2.73743937e+02
2.73682141e+02
2.73340371e+02
2.72211547e+02
2.70776378e+02
2.69038238e+02
2.67684165e+02
2.65885576e+02
2.63915865e+02
2.62412236e+02
2.60626870e+02
2.58540438e+02
2.56813780e+02
2.55084904e+02
2.53646053e+02
2.52138808e+02
2.50723631e+02
2.49352773e+02
2.47541531e+02
2.46645757e+02
2.45286763e+02
2.44430245e+02
2.43033785e+02
2.42394821e+02
2.41343516e+02
2.40015399e+02
2.39694633e+02
2.38438727e+02
2.37842129e+02
2.37151670e+02
2.36746111e+02
2.35969163e+02
2.35504088e+02
2.34878897e+02
2.34139841e+02
2.33595847e+02
2.73686236e+02
2.73178172e+02
2.73112335e+02
2.72811767e+02
2.72386255e+02
2.72009379e+02
2.71366851e+02
2.70572178e+02
2.69417556e+02
2.68246967e+02
2.67080370e+02
2.66072080e+02
2.65066800e+02
2.63680011e+02
2.62495676e+02
2.61383829e+02
2.59863499e+02
2.58711930e+02
2.58467067e+02
2.56676208e+02
2.56321460e+02
2.55144358e+02
2.54608443e+02
2.53438394e+02
2.52587154e+02
2.52041133e+02
2.51435242e+02
2.50572739e+02
2.50121845e+02
2.49108121e+02
2.48992435e+02
2.48211433e+02
2.48219466e+02
2.47286199e+02
2.47153838e+02
2.46674078e+02
2.46470554e+02
2.73333195e+02
2.72233558e+02
2.72674802e+02
2.72458602e+02
2.72016932e+02
2.71960584e+02
2.71615900e+02
2.70672924e+02
2.70337032e+02
2.69443063e+02
2.68975017e+02
2.67560125e+02
2.67193413e+02
2.66445517e+02
2.65793909e+02
2.64362554e+02
2.63932027e+02
2.63203993e+02
2.62003926e+02
2.61599291e+02
2.60775484e+02
2.60411398e+02
2.59627717e+02
2.59186918e+02
2.58416634e+02
2.57925142e+02
2.57381410e+02
2.57216146e+02
2.56865734e+02
2.56111526e+02
2.55759826e+02
2.55492522e+02
2.55256861e+02
2.55336413e+02
2.54664297e+02
2.53886539e+02
2.54417673e+02
