-2.2000e+02
-9.7333e+00
-2.8495e+00
-2.0905e+00
-1.4629e+00
-1.1090e+00
-8.8498e-01
-7.2946e-01
-6.1460e-01
-5.2610e-01
-4.5582e-01
-4.5559e-01
-4.8522e-01
-4.3874e-01
-3.9484e-01
-3.5613e-01
-3.2225e-01
-2.9256e-01
-2.6645e-01
-2.4337e-01
-2.2290e-01
-2.0465e-01
-1.8832e-01
-1.7365e-01
-1.6042e-01
-1.4845e-01
-1.3760e-01
-1.2772e-01
-1.1871e-01
-1.1047e-01
-1.0292e-01
-9.5983e-02
-8.9605e-02
-8.3728e-02
-7.8303e-02
-7.3289e-02
-1.2000e+02
0.0000e+00
0.0000e+00
-8.0778e+00
-6.4044e+00
-5.8688e+00
-5.1841e+00
-4.5370e+00
-3.9735e+00
-3.4931e+00
-3.0848e+00
-2.7387e+00
-2.4606e+00
-2.2210e+00
-2.0055e+00
-1.8128e+00
-1.6411e+00
-1.4880e+00
-1.3516e+00
-1.2296e+00
-1.1204e+00
-1.0225e+00
-9.3444e-01
-8.5518e-01
-7.8368e-01
-7.1908e-01
-6.6060e-01
-6.0758e-01
-5.5944e-01
-5.1568e-01
-4.7583e-01
-4.3949e-01
-4.0632e-01
-3.7600e-01
-3.4826e-01
-3.2284e-01
-2.0000e+01
-3.1274e+00
-4.1820e+00
-4.5145e+00
-5.1030e+00
-5.4621e+00
-5.4046e+00
-5.1424e+00
-4.7968e+00
-4.4270e+00
-4.0617e+00
-3.7146e+00
-3.3919e+00
-3.0968e+00
-2.8287e+00
-2.5853e+00
-2.3641e+00
-2.1632e+00
-1.9806e+00
-1.8146e+00
-1.6637e+00
-1.5264e+00
-1.4015e+00
-1.2879e+00
-1.1844e+00
-1.0900e+00
-1.0040e+00
-9.2548e-01
-8.5377e-01
-7.8823e-01
-7.2828e-01
-6.7341e-01
-6.2313e-01
-5.7704e-01
-5.3475e-01
-4.9592e-01
-4.4435e-01
-5.6114e-01
-7.5079e-01
-1.0258e+00
-1.3206e+00
-1.5733e+00
-1.7562e+00
-1.8653e+00
-1.9109e+00
-1.9074e+00
-1.8688e+00
-1.8064e+00
-1.7289e+00
-1.6427e+00
-1.5524e+00
-1.4611e+00
-1.3712e+00
-1.2839e+00
-1.2002e+00
-1.1205e+00
-1.0451e+00
-9.7405e-01
-9.0740e-01
-8.4502e-01
-7.8678e-01
-7.3248e-01
-6.8195e-01
-6.3496e-01
-5.9130e-01
-5.5077e-01
-5.1315e-01
-4.7825e-01
-4.4587e-01
-4.1584e-01
-3.8799e-01
-3.6216e-01
-3.6591e-02
-7.8654e-02
-1.0827e-01
-1.4908e-01
-1.9956e-01
-2.4898e-01
-2.8927e-01
-3.1713e-01
-3.3274e-01
-3.3807e-01
-3.3558e-01
-3.2752e-01
-3.1574e-01
-3.0162e-01
-2.8619e-01
-2.7020e-01
-2.5416e-01
-2.3841e-01
-2.2317e-01
-2.0858e-01
-1.9470e-01
-1.8159e-01
-1.6924e-01
-1.5767e-01
-1.4684e-01
-1.3673e-01
-1.2731e-01
-1.1855e-01
-1.1039e-01
-1.0282e-01
-9.5790e-02
-8.9263e-02
-8.3209e-02
-7.7591e-02
-7.2381e-02
-6.7547e-02
-1.1628e+00
-3.7403e+00
-5.2122e+00
-5.6751e+00
-5.6698e+00
-5.4499e+00
-5.1330e+00
-4.7798e+00
-4.4227e+00
-4.0787e+00
-3.7559e+00
-3.4579e+00
-3.1860e+00
-2.9398e+00
-2.7174e+00
-2.5159e+00
-2.3333e+00
-2.1674e+00
-2.0165e+00
-1.8788e+00
-1.7529e+00
-1.6376e+00
-1.5317e+00
-1.4342e+00
-1.3443e+00
-1.2612e+00
-1.1843e+00
-1.1130e+00
-1.0468e+00
-9.8513e-01
-9.2773e-01
-8.7420e-01
-8.2422e-01
-7.7751e-01
-7.3382e-01
-6.9290e-01
-1.2894e+00
-3.8199e+00
-4.9412e+00
-5.0987e+00
-4.9355e+00
-4.6733e+00
-4.3813e+00
-4.0856e+00
-3.7985e+00
-3.5258e+00
-3.2706e+00
-3.0339e+00
-2.8163e+00
-2.6174e+00
-2.4354e+00
-2.2685e+00
-2.1152e+00
-1.9742e+00
-1.8443e+00
-1.7246e+00
-1.6140e+00
-1.5118e+00
-1.4171e+00
-1.3293e+00
-1.2479e+00
-1.1722e+00
-1.1017e+00
-1.0361e+00
-9.7498e-01
-9.1792e-01
-8.6462e-01
-8.1482e-01
-7.6823e-01
-7.2464e-01
-6.8380e-01
-6.4554e-01
-2.2726e-01
-3.7147e-01
-6.9713e-01
-1.0850e+00
-1.4132e+00
-1.6482e+00
-1.7988e+00
-1.8836e+00
-1.9192e+00
-1.9187e+00
-1.8921e+00
-1.8466e+00
-1.7879e+00
-1.7204e+00
-1.6474e+00
-1.5713e+00
-1.4942e+00
-1.4172e+00
-1.3415e+00
-1.2677e+00
-1.1964e+00
-1.1278e+00
-1.0623e+00
-9.9999e-01
-9.4083e-01
-8.8485e-01
-8.3200e-01
-7.8219e-01
-7.3531e-01
-6.9125e-01
-6.4987e-01
-6.1104e-01
-5.7462e-01
-5.4049e-01
-5.0849e-01
-4.7851e-01
-2.3444e-01
-2.9176e-01
-3.5871e-01
-5.0692e-01
-6.9236e-01
-8.7055e-01
-1.0193e+00
-1.1322e+00
-1.2105e+00
-1.2585e+00
-1.2809e+00
-1.2827e+00
-1.2683e+00
-1.2414e+00
-1.2052e+00
-1.1626e+00
-1.1156e+00
-1.0660e+00
-1.0150e+00
-9.6374e-01
-9.1293e-01
-8.6316e-01
-8.1485e-01
-7.6828e-01
-7.2367e-01
-6.8110e-01
-6.4066e-01
-6.0235e-01
-5.6615e-01
-5.3201e-01
-4.9987e-01
-4.6966e-01
-4.4129e-01
-4.1467e-01
-3.8972e-01
-3.6633e-01
-3.3724e-01
-2.4930e-01
-2.4820e-01
-3.0918e-01
-4.0751e-01
-5.1647e-01
-6.1759e-01
-7.0133e-01
-7.6440e-01
-8.0710e-01
-8.3155e-01
-8.4057e-01
-8.3706e-01
-8.2375e-01
-8.0304e-01
-7.7695e-01
-7.4716e-01
-7.1497e-01
-6.8143e-01
-6.4735e-01
-6.1333e-01
-5.7984e-01
-5.4721e-01
-5.1568e-01
-4.8540e-01
-4.5648e-01
-4.2899e-01
-4.0293e-01
-3.7830e-01
-3.5508e-01
-3.3323e-01
-3.1270e-01
-2.9344e-01
-2.7538e-01
-2.5847e-01
-2.4263e-01
