2.70000000e+02
5.00000000e+01
4.01010730e+01
3.71619870e+01
3.50614860e+01
3.36022980e+01
3.25013080e+01
3.16264120e+01
3.09079230e+01
3.03045120e+01
2.97894640e+01
2.93435600e+01
2.88239850e+01
2.83465720e+01
2.79189360e+01
2.75354750e+01
2.71904620e+01
2.68788950e+01
2.65965240e+01
2.63397540e+01
2.61055430e+01
2.58913010e+01
2.56948160e+01
2.55141870e+01
2.53477720e+01
2.51941470e+01
2.50520670e+01
2.49204430e+01
2.47983170e+01
2.46848410e+01
2.45792620e+01
2.44809100e+01
2.43891850e+01
2.43035490e+01
2.42235190e+01
2.41486570e+01
2.40785680e+01
2.70000000e+02
1.50000000e+02
1.50000000e+02
1.50000000e+02
1.41484172e+02
1.34973384e+02
1.29000950e+02
1.23754179e+02
1.19181720e+02
1.15191803e+02
1.11695821e+02
1.08618006e+02
1.05883704e+02
1.03429530e+02
1.01223737e+02
9.92391410e+01
9.74506820e+01
9.58360080e+01
9.43754910e+01
9.30519770e+01
9.18504830e+01
9.07579010e+01
8.97627400e+01
8.88549040e+01
8.80254950e+01
8.72666560e+01
8.65714310e+01
8.59336500e+01
8.53478240e+01
8.48090660e+01
8.43130120e+01
8.38557600e+01
8.34338120e+01
8.30440330e+01
8.26836000e+01
8.23499740e+01
8.20408660e+01
2.70000000e+02
2.50000000e+02
2.46232152e+02
2.41786144e+02
2.37087269e+02
2.31889224e+02
2.26367850e+02
2.20933495e+02
2.15783093e+02
2.10994533e+02
2.06588074e+02
2.02556210e+02
1.98878397e+02
1.95527579e+02
1.92474534e+02
1.89691565e+02
1.87153458e+02
1.84837341e+02
1.82722457e+02
1.80789981e+02
1.79022856e+02
1.77405656e+02
1.75924441e+02
1.74566625e+02
1.73320851e+02
1.72176872e+02
1.71125445e+02
1.70158229e+02
1.69267696e+02
1.68447045e+02
1.67690135e+02
1.66991412e+02
1.66345853e+02
1.65748909e+02
1.65196460e+02
1.64684769e+02
1.64210446e+02
2.70635458e+02
2.70479833e+02
2.70149998e+02
2.69594465e+02
2.68734548e+02
2.67556386e+02
2.66107487e+02
2.64462271e+02
2.62697902e+02
2.60880445e+02
2.59060580e+02
2.57274514e+02
2.55546708e+02
2.53892620e+02
2.52321150e+02
2.50836483e+02
2.49439562e+02
2.48129186e+02
2.46902777e+02
2.45756902e+02
2.44687627e+02
2.43690762e+02
2.42762022e+02
2.41897145e+02
2.41091967e+02
2.40342472e+02
2.39644825e+02
2.38995393e+02
2.38390750e+02
2.37827680e+02
2.37303181e+02
2.36814448e+02
2.36358877e+02
2.35934047e+02
2.35537715e+02
2.35167801e+02
2.34822384e+02
2.68138619e+02
2.68127815e+02
2.68090961e+02
2.68020162e+02
2.67902262e+02
2.67728240e+02
2.67500284e+02
2.67228682e+02
2.66926831e+02
2.66607699e+02
2.66282057e+02
2.65958053e+02
2.65641453e+02
2.65336106e+02
2.65044407e+02
2.64767686e+02
2.64506517e+02
2.64260956e+02
2.64030721e+02
2.63815309e+02
2.63614083e+02
2.63426330e+02
2.63251298e+02
2.63088224e+02
2.62936355e+02
2.62794954e+02
2.62663314e+02
2.62540763e+02
2.62426661e+02
2.62320407e+02
2.62221440e+02
2.62129232e+02
2.62043292e+02
2.61963165e+02
2.61888428e+02
2.61818687e+02
2.61753579e+02
2.72161862e+02
2.71427254e+02
2.68460632e+02
2.63991092e+02
2.58924406e+02
2.53728959e+02
2.48643266e+02
2.43790988e+02
2.39231169e+02
2.34985095e+02
2.31052251e+02
2.27420031e+02
2.24069539e+02
2.20978431e+02
2.18123838e+02
2.15484278e+02
2.13040023e+02
2.10773142e+02
2.08667469e+02
2.06708504e+02
2.04883281e+02
2.03180222e+02
2.01588989e+02
2.00100344e+02
1.98706019e+02
1.97398599e+02
1.96171418e+02
1.95018466e+02
1.93934312e+02
1.92914030e+02
1.91953145e+02
1.91047574e+02
1.90193588e+02
1.89387767e+02
1.88626971e+02
1.87908308e+02
1.87229110e+02
2.72145705e+02
2.71097217e+02
2.67550655e+02
2.62892399e+02
2.58081499e+02
2.53427523e+02
2.49022061e+02
2.44891510e+02
2.41038575e+02
2.37455159e+02
2.34127678e+02
2.31039869e+02
2.28174314e+02
2.25512629e+02
2.23037442e+02
2.20733249e+02
2.18586042e+02
2.16583082e+02
2.14712782e+02
2.12964624e+02
2.11329063e+02
2.09797442e+02
2.08361906e+02
2.07015315e+02
2.05751174e+02
2.04563563e+02
2.03447076e+02
2.02396769e+02
2.01408111e+02
2.00476942e+02
1.99599436e+02
1.98772068e+02
1.97991583e+02
1.97254975e+02
1.96559461e+02
1.95902461e+02
1.95281580e+02
2.72075099e+02
2.72028819e+02
2.71848709e+02
2.71342056e+02
2.70447968e+02
2.69226886e+02
2.67770533e+02
2.66160467e+02
2.64459971e+02
2.62716265e+02
2.60964212e+02
2.59229422e+02
2.57530501e+02
2.55880701e+02
2.54289076e+02
2.52761455e+02
2.51301264e+02
2.49910136e+02
2.48588355e+02
2.47335194e+02
2.46149185e+02
2.45028322e+02
2.43970227e+02
2.42972282e+02
2.42031721e+02
2.41145714e+02
2.40311419e+02
2.39526027e+02
2.38786792e+02
2.38091058e+02
2.37436267e+02
2.36819976e+02
2.36239856e+02
2.35693702e+02
2.35179427e+02
2.34695060e+02
2.34238750e+02
2.71964640e+02
2.71925145e+02
2.71856510e+02
2.71694021e+02
2.71360754e+02
2.70826517e+02
2.70103201e+02
2.69222742e+02
2.68222080e+02
2.67136227e+02
2.65995756e+02
2.64826217e+02
2.63648309e+02
2.62478377e+02
2.61328987e+02
2.60209488e+02
2.59126595e+02
2.58084913e+02
2.57087377e+02
2.56135612e+02
2.55230235e+02
2.54371089e+02
2.53557436e+02
2.52788116e+02
2.52061663e+02
2.51376405e+02
2.50730539e+02
2.50122190e+02
2.49549454e+02
2.49010432e+02
2.48503259e+02
2.48026117e+02
2.47577251e+02
2.47154978e+02
2.46757690e+02
2.46383862e+02
2.46032046e+02
2.71736092e+02
2.71689176e+02
2.71641161e+02
2.71550007e+02
2.71369786e+02
2.71073018e+02
2.70655290e+02
2.70128217e+02
2.69511340e+02
2.68826481e+02
2.68094559e+02
2.67334070e+02
2.66560525e+02
2.65786479e+02
2.65021748e+02
2.64273774e+02
2.63548007e+02
2.62848274e+02
2.62177111e+02
2.61536038e+02
2.60925788e+02
2.60346488e+02
2.59797814e+02
2.59279104e+02
2.58789451e+02
2.58327784e+02
2.57892918e+02
2.57483602e+02
2.57098555e+02
2.56736492e+02
2.56396139e+02
2.56076255e+02
2.55775636e+02
2.55493125e+02
2.55227619e+02
2.54978064e+02
2.54743465e+02
