-2.2000e+02
-9.5695e+00
-2.8823e+00
-2.1459e+00
-1.4975e+00
-1.1294e+00
-8.9533e-01
-7.3276e-01
-6.1299e-01
-5.2110e-01
-4.4852e-01
-4.3535e-01
-4.6977e-01
-4.2376e-01
-3.7988e-01
-3.4138e-01
-3.0790e-01
-2.7875e-01
-2.5328e-01
-2.3093e-01
-2.1122e-01
-1.9375e-01
-1.7821e-01
-1.6433e-01
-1.5187e-01
-1.4064e-01
-1.3050e-01
-1.2131e-01
-1.1295e-01
-1.0532e-01
-9.8348e-02
-9.1955e-02
-8.6084e-02
-8.0677e-02
-7.5689e-02
-7.1081e-02
-1.2000e+02
0.0000e+00
0.0000e+00
-8.5068e+00
-6.5825e+00
-6.0352e+00
-5.2951e+00
-4.6105e+00
-4.0205e+00
-3.5208e+00
-3.0980e+00
-2.7402e+00
-2.4515e+00
-2.2053e+00
-1.9848e+00
-1.7883e+00
-1.6137e+00
-1.4586e+00
-1.3208e+00
-1.1980e+00
-1.0885e+00
-9.9066e-01
-9.0306e-01
-8.2450e-01
-7.5391e-01
-6.9039e-01
-6.3313e-01
-5.8144e-01
-5.3469e-01
-4.9234e-01
-4.5394e-01
-4.1905e-01
-3.8732e-01
-3.5841e-01
-3.3204e-01
-3.0796e-01
-2.0000e+01
-3.9305e+00
-4.5562e+00
-4.7902e+00
-5.2918e+00
-5.6062e+00
-5.5084e+00
-5.2167e+00
-4.8485e+00
-4.4607e+00
-4.0805e+00
-3.7208e+00
-3.3874e+00
-3.0832e+00
-2.8075e+00
-2.5580e+00
-2.3321e+00
-2.1274e+00
-1.9421e+00
-1.7742e+00
-1.6222e+00
-1.4845e+00
-1.3598e+00
-1.2467e+00
-1.1441e+00
-1.0509e+00
-9.6638e-01
-8.8951e-01
-8.1959e-01
-7.5593e-01
-6.9792e-01
-6.4500e-01
-5.9670e-01
-5.5255e-01
-5.1218e-01
-4.7521e-01
-1.1785e-01
-3.0125e-01
-5.4790e-01
-8.7610e-01
-1.2124e+00
-1.4928e+00
-1.6920e+00
-1.8096e+00
-1.8588e+00
-1.8564e+00
-1.8175e+00
-1.7545e+00
-1.6763e+00
-1.5898e+00
-1.4996e+00
-1.4090e+00
-1.3200e+00
-1.2342e+00
-1.1522e+00
-1.0745e+00
-1.0013e+00
-9.3269e-01
-8.6852e-01
-8.0869e-01
-7.5300e-01
-7.0126e-01
-6.5323e-01
-6.0869e-01
-5.6740e-01
-5.2915e-01
-4.9371e-01
-4.6088e-01
-4.3047e-01
-4.0229e-01
-3.7618e-01
-3.5198e-01
-7.1590e-03
-2.9719e-02
-6.4106e-02
-1.1251e-01
-1.6905e-01
-2.2206e-01
-2.6388e-01
-2.9204e-01
-3.0745e-01
-3.1251e-01
-3.0988e-01
-3.0191e-01
-2.9044e-01
-2.7684e-01
-2.6211e-01
-2.4696e-01
-2.3185e-01
-2.1711e-01
-2.0293e-01
-1.8941e-01
-1.7663e-01
-1.6460e-01
-1.5333e-01
-1.4280e-01
-1.3298e-01
-1.2385e-01
-1.1537e-01
-1.0750e-01
-1.0019e-01
-9.3422e-02
-8.7150e-02
-8.1337e-02
-7.5953e-02
-7.0964e-02
-6.6340e-02
-6.2053e-02
-6.4051e-01
-2.9263e+00
-4.4415e+00
-5.0137e+00
-5.1090e+00
-4.9689e+00
-4.7124e+00
-4.4047e+00
-4.0829e+00
-3.7674e+00
-3.4690e+00
-3.1925e+00
-2.9402e+00
-2.7123e+00
-2.5072e+00
-2.3226e+00
-2.1561e+00
-2.0057e+00
-1.8695e+00
-1.7459e+00
-1.6334e+00
-1.5306e+00
-1.4365e+00
-1.3501e+00
-1.2704e+00
-1.1969e+00
-1.1288e+00
-1.0656e+00
-1.0068e+00
-9.5203e-01
-9.0089e-01
-8.5306e-01
-8.0827e-01
-7.6626e-01
-7.2682e-01
-6.8975e-01
-9.5011e-01
-3.5581e+00
-4.6789e+00
-4.7938e+00
-4.5985e+00
-4.3198e+00
-4.0233e+00
-3.7316e+00
-3.4544e+00
-3.1959e+00
-2.9574e+00
-2.7390e+00
-2.5405e+00
-2.3610e+00
-2.1983e+00
-2.0502e+00
-1.9151e+00
-1.7915e+00
-1.6782e+00
-1.5741e+00
-1.4783e+00
-1.3898e+00
-1.3079e+00
-1.2321e+00
-1.1617e+00
-1.0961e+00
-1.0351e+00
-9.7812e-01
-9.2488e-01
-8.7505e-01
-8.2837e-01
-7.8459e-01
-7.4350e-01
-7.0488e-01
-6.6857e-01
-6.3440e-01
-2.0790e-03
-1.4279e-01
-4.9127e-01
-8.9408e-01
-1.2248e+00
-1.4571e+00
-1.6053e+00
-1.6901e+00
-1.7284e+00
-1.7330e+00
-1.7132e+00
-1.6760e+00
-1.6264e+00
-1.5687e+00
-1.5058e+00
-1.4400e+00
-1.3729e+00
-1.3059e+00
-1.2398e+00
-1.1752e+00
-1.1126e+00
-1.0524e+00
-9.9470e-01
-9.3965e-01
-8.8730e-01
-8.3764e-01
-7.9064e-01
-7.4624e-01
-7.0433e-01
-6.6484e-01
-6.2764e-01
-5.9263e-01
-5.5970e-01
-5.2874e-01
-4.9962e-01
-4.7225e-01
3.4570e-03
-2.5257e-02
-1.3048e-01
-3.1451e-01
-5.2723e-01
-7.2496e-01
-8.8773e-01
-1.0112e+00
-1.0981e+00
-1.1535e+00
-1.1828e+00
-1.1912e+00
-1.1831e+00
-1.1625e+00
-1.1327e+00
-1.0962e+00
-1.0552e+00
-1.0114e+00
-9.6600e-01
-9.2006e-01
-8.7430e-01
-8.2929e-01
-7.8543e-01
-7.4302e-01
-7.0226e-01
-6.6326e-01
-6.2610e-01
-5.9079e-01
-5.5735e-01
-5.2572e-01
-4.9587e-01
-4.6773e-01
-4.4123e-01
-4.1629e-01
-3.9285e-01
-3.7081e-01
-8.3020e-03
-1.9468e-02
-7.1643e-02
-1.7257e-01
-3.0142e-01
-4.3319e-01
-5.5106e-01
-6.4711e-01
-7.1938e-01
-7.6918e-01
-7.9931e-01
-8.1306e-01
-8.1364e-01
-8.0397e-01
-7.8654e-01
-7.6347e-01
-7.3645e-01
-7.0684e-01
-6.7568e-01
-6.4380e-01
-6.1181e-01
-5.8017e-01
-5.4923e-01
-5.1923e-01
-4.9034e-01
-4.6267e-01
-4.3629e-01
-4.1123e-01
-3.8748e-01
-3.6503e-01
-3.4386e-01
-3.2391e-01
-3.0515e-01
-2.8752e-01
-2.7095e-01
-2.5541e-01
