2.70000000e+02
5.00000000e+01
4.00623110e+01
3.71309050e+01
3.50356010e+01
3.35752850e+01
3.24705470e+01
3.15912090e+01
3.08684300e+01
3.02612100e+01
2.97429250e+01
2.92691250e+01
2.87367930e+01
2.82557080e+01
2.78257410e+01
2.74405900e+01
2.70943130e+01
2.67818020e+01
2.64987420e+01
2.62414990e+01
2.60069980e+01
2.57926280e+01
2.55961600e+01
2.54156790e+01
2.52495310e+01
2.50962800e+01
2.49546750e+01
2.48236170e+01
2.47021390e+01
2.45893850e+01
2.44845950e+01
2.43870910e+01
2.42962670e+01
2.42115770e+01
2.41325300e+01
2.40586850e+01
2.39896380e+01
2.70000000e+02
1.50000000e+02
1.50000000e+02
1.50000000e+02
1.41495525e+02
1.34990136e+02
1.29021815e+02
1.23777189e+02
1.19203737e+02
1.15209719e+02
1.11706986e+02
1.08619742e+02
1.05868760e+02
1.03397860e+02
1.01176478e+02
9.91769950e+01
9.73741790e+01
9.57456530e+01
9.42718190e+01
9.29355640e+01
9.17219430e+01
9.06178820e+01
8.96119130e+01
8.86939520e+01
8.78551060e+01
8.70875160e+01
8.63842190e+01
8.57390300e+01
8.51464440e+01
8.46015530e+01
8.40999680e+01
8.36377620e+01
8.32114110e+01
8.28177490e+01
8.24539250e+01
8.21173720e+01
8.18057690e+01
2.70000000e+02
2.50000000e+02
2.46111256e+02
2.41596141e+02
2.36859606e+02
2.31638305e+02
2.26103680e+02
2.20659743e+02
2.15498844e+02
2.10696918e+02
2.06273751e+02
2.02222116e+02
1.98521904e+02
1.95146397e+02
1.92067124e+02
1.89257231e+02
1.86692159e+02
1.84349503e+02
1.82208833e+02
1.80251553e+02
1.78460769e+02
1.76821160e+02
1.75318852e+02
1.73941295e+02
1.72677142e+02
1.71516139e+02
1.70449019e+02
1.69467408e+02
1.68563734e+02
1.67731151e+02
1.66963462e+02
1.66255057e+02
1.65600856e+02
1.64996250e+02
1.64437059e+02
1.63919488e+02
1.63440087e+02
2.70145313e+02
2.70000920e+02
2.69664185e+02
2.69098826e+02
2.68226411e+02
2.67033914e+02
2.65569248e+02
2.63906851e+02
2.62123852e+02
2.60286444e+02
2.58445593e+02
2.56637885e+02
2.54888143e+02
2.53212204e+02
2.51619257e+02
2.50113732e+02
2.48696778e+02
2.47367364e+02
2.46123038e+02
2.44960458e+02
2.43875745e+02
2.42864732e+02
2.41923138e+02
2.41046682e+02
2.40231166e+02
2.39472532e+02
2.38766892e+02
2.38110553e+02
2.37500028e+02
2.36932036e+02
2.36403508e+02
2.35911576e+02
2.35453569e+02
2.35027002e+02
2.34629572e+02
2.34259141e+02
2.33913729e+02
2.68049740e+02
2.68040449e+02
2.68003471e+02
2.67931483e+02
2.67811759e+02
2.67635452e+02
2.67404886e+02
2.67130403e+02
2.66825408e+02
2.66502879e+02
2.66173622e+02
2.65845841e+02
2.65525369e+02
2.65216121e+02
2.64920553e+02
2.64640044e+02
2.64375209e+02
2.64126141e+02
2.63892583e+02
2.63674054e+02
2.63469931e+02
2.63279509e+02
2.63102039e+02
2.62936758e+02
2.62782907e+02
2.62639744e+02
2.62506554e+02
2.62382653e+02
2.62267393e+02
2.62160161e+02
2.62060382e+02
2.61967519e+02
2.61881069e+02
2.61800564e+02
2.61725569e+02
2.61655682e+02
2.61590529e+02
2.68935972e+02
2.68177231e+02
2.64977479e+02
2.60279676e+02
2.55049926e+02
2.49756713e+02
2.44626346e+02
2.39768229e+02
2.35229012e+02
2.31020567e+02
2.27135739e+02
2.23557463e+02
2.20263709e+02
2.17229997e+02
2.14432464e+02
2.11849147e+02
2.09460075e+02
2.07247217e+02
2.05194385e+02
2.03287095e+02
2.01512418e+02
1.99858814e+02
1.98315983e+02
1.96874718e+02
1.95526772e+02
1.94264743e+02
1.93081972e+02
1.91972449e+02
1.90930736e+02
1.89951899e+02
1.89031451e+02
1.88165296e+02
1.87349689e+02
1.86581198e+02
1.85856670e+02
1.85173202e+02
1.84528116e+02
2.69250034e+02
2.68389199e+02
2.65065149e+02
2.60559333e+02
2.55830412e+02
2.51213590e+02
2.46820565e+02
2.42689925e+02
2.38831395e+02
2.35240879e+02
2.31907044e+02
2.28814853e+02
2.25947273e+02
2.23286065e+02
2.20814044e+02
2.18515676e+02
2.16376793e+02
2.14384451e+02
2.12526846e+02
2.10793241e+02
2.09173881e+02
2.07659906e+02
2.06243267e+02
2.04916643e+02
2.03673370e+02
2.02507366e+02
2.01413079e+02
2.00385425e+02
1.99419744e+02
1.98511760e+02
1.97657535e+02
1.96853446e+02
1.96096148e+02
1.95382551e+02
1.94709798e+02
1.94075241e+02
1.93476428e+02
2.70731148e+02
2.70689222e+02
2.70536344e+02
2.70080624e+02
2.69247527e+02
2.68084522e+02
2.66677495e+02
2.65107233e+02
2.63438407e+02
2.61720143e+02
2.59989078e+02
2.58272256e+02
2.56589396e+02
2.54954551e+02
2.53377339e+02
2.51864003e+02
2.50418257e+02
2.49041925e+02
2.47735404e+02
2.46498028e+02
2.45328344e+02
2.44224336e+02
2.43183594e+02
2.42203450e+02
2.41281084e+02
2.40413599e+02
2.39598086e+02
2.38831669e+02
2.38111534e+02
2.37434958e+02
2.36799321e+02
2.36202120e+02
2.35640971e+02
2.35113616e+02
2.34617921e+02
2.34151876e+02
2.33713587e+02
2.71075899e+02
2.71053727e+02
2.71004988e+02
2.70877740e+02
2.70597629e+02
2.70126472e+02
2.69467741e+02
2.68648359e+02
2.67703190e+02
2.66666863e+02
2.65570373e+02
2.64439998e+02
2.63297248e+02
2.62159234e+02
2.61039187e+02
2.59947026e+02
2.58889933e+02
2.57872885e+02
2.56899105e+02
2.55970438e+02
2.55087659e+02
2.54250726e+02
2.53458980e+02
2.52711306e+02
2.52006265e+02
2.51342197e+02
2.50717295e+02
2.50129672e+02
2.49577408e+02
2.49058585e+02
2.48571313e+02
2.48113752e+02
2.47684124e+02
2.47280724e+02
2.46901925e+02
2.46546182e+02
2.46212031e+02
2.71192270e+02
2.71171489e+02
2.71135558e+02
2.71051909e+02
2.70878081e+02
2.70587583e+02
2.70176016e+02
2.69654734e+02
2.69043050e+02
2.68362698e+02
2.67634632e+02
2.66877469e+02
2.66106907e+02
2.65335675e+02
2.64573761e+02
2.63828751e+02
2.63106208e+02
2.62410050e+02
2.61742871e+02
2.61106227e+02
2.60500863e+02
2.59926906e+02
2.59384012e+02
2.58871493e+02
2.58388410e+02
2.57933650e+02
2.57505986e+02
2.57104127e+02
2.56726748e+02
2.56372520e+02
2.56040131e+02
2.55728301e+02
2.55435790e+02
2.55161409e+02
2.54904022e+02
2.54662550e+02
2.54435972e+02
