2.70003423e+02
5.03847894e+01
4.03950620e+01
3.71920713e+01
3.50814778e+01
3.33010474e+01
3.26298197e+01
3.18199905e+01
3.10973915e+01
3.01683377e+01
2.95716791e+01
2.95733992e+01
2.88229384e+01
2.81706304e+01
2.77638886e+01
2.73370400e+01
2.72016410e+01
2.65705153e+01
2.64771494e+01
2.59047822e+01
2.58918657e+01
2.58169023e+01
2.61636258e+01
2.55646229e+01
2.52850529e+01
2.56358311e+01
2.50038605e+01
2.48308804e+01
2.49097331e+01
2.43270966e+01
2.47435849e+01
2.40265803e+01
2.42562934e+01
2.40619433e+01
2.40976081e+01
2.39416940e+01
2.40543946e+01
2.70041676e+02
1.50177555e+02
1.50131257e+02
1.50265586e+02
1.41164124e+02
1.34371522e+02
1.28917623e+02
1.23751725e+02
1.19133763e+02
1.15145367e+02
1.11722394e+02
1.08166531e+02
1.05613713e+02
1.03165180e+02
1.00948102e+02
9.85665449e+01
9.69635690e+01
9.55785219e+01
9.41816812e+01
9.26820514e+01
9.16058628e+01
9.04417241e+01
8.95444547e+01
8.81897902e+01
8.71836923e+01
8.65311193e+01
8.63698456e+01
8.54822407e+01
8.47823954e+01
8.42263953e+01
8.36502646e+01
8.34281172e+01
8.26772470e+01
8.20356509e+01
8.20947205e+01
8.18859141e+01
8.14748094e+01
2.70367605e+02
2.50107768e+02
2.46431355e+02
2.41678681e+02
2.36880333e+02
2.31809364e+02
2.26129712e+02
2.20680952e+02
2.15517116e+02
2.10453011e+02
2.06126815e+02
2.01971994e+02
1.98712231e+02
1.95128172e+02
1.92442833e+02
1.89212238e+02
1.86416123e+02
1.84354302e+02
1.81715425e+02
1.80049730e+02
1.78649572e+02
1.76673793e+02
1.75355000e+02
1.73594806e+02
1.72023842e+02
1.71241179e+02
1.70283318e+02
1.68816447e+02
1.68417837e+02
1.67550487e+02
1.66334572e+02
1.65814671e+02
1.64846947e+02
1.64425637e+02
1.63843933e+02
1.62963154e+02
1.63186802e+02
2.71079643e+02
2.70734102e+02
2.70292627e+02
2.69988136e+02
2.68660686e+02
2.67555393e+02
2.65901291e+02
2.63962729e+02
2.62498903e+02
2.60339340e+02
2.58137189e+02
2.56424526e+02
2.55037032e+02
2.52739128e+02
2.51701526e+02
2.49884570e+02
2.48414456e+02
2.47076493e+02
2.45663003e+02
2.44266430e+02
2.43171136e+02
2.42402774e+02
2.41139274e+02
2.39941581e+02
2.39340184e+02
2.38657436e+02
2.37981066e+02
2.37133916e+02
2.36728037e+02
2.36196416e+02
2.35382139e+02
2.34624692e+02
2.33963759e+02
2.33978534e+02
2.33414789e+02
2.32874344e+02
2.32620968e+02
2.68360884e+02
2.68439667e+02
2.68324105e+02
2.67614720e+02
2.67882626e+02
2.67460821e+02
2.67211247e+02
2.67320811e+02
2.67115384e+02
2.66599221e+02
2.66217845e+02
2.66047432e+02
2.65309119e+02
2.64929697e+02
2.64582606e+02
2.64294813e+02
2.64375265e+02
2.63962996e+02
2.63616804e+02
2.63527025e+02
2.63235519e+02
2.63318070e+02
2.62905050e+02
2.62660992e+02
2.62183420e+02
2.62226182e+02
2.62201580e+02
2.61988991e+02
2.61673349e+02
2.62007757e+02
2.61284919e+02
2.61168246e+02
2.61422498e+02
2.61375831e+02
2.61141369e+02
2.61046694e+02
2.61258076e+02
2.69283590e+02
2.68939599e+02
2.65666929e+02
2.60828434e+02
2.56120908e+02
2.50700125e+02
2.45822515e+02
2.40527610e+02
2.36145686e+02
2.31907241e+02
2.27761991e+02
2.24095880e+02
2.21174244e+02
2.17632086e+02
2.15117725e+02
2.11960785e+02
2.09957372e+02
2.07109569e+02
2.05398970e+02
2.03357569e+02
2.01522459e+02
1.99499577e+02
1.97722907e+02
1.96365201e+02
1.94891834e+02
1.93585390e+02
1.92299919e+02
1.90679669e+02
1.89694257e+02
1.89041405e+02
1.87636214e+02
1.87109877e+02
1.85706781e+02
1.84908718e+02
1.84245220e+02
1.83089990e+02
1.83048386e+02
2.69728376e+02
2.68430187e+02
2.65510733e+02
2.60769399e+02
2.55863174e+02
2.51514382e+02
2.46725192e+02
2.42646156e+02
2.38445667e+02
2.35209510e+02
2.31901281e+02
2.28669768e+02
2.25980385e+02
2.22720942e+02
2.20572780e+02
2.18356456e+02
2.15841656e+02
2.14022002e+02
2.11585609e+02
2.10030281e+02
2.08163346e+02
2.06978509e+02
2.05229566e+02
2.03798414e+02
2.02737963e+02
2.01187206e+02
1.99937005e+02
1.98663792e+02
1.97606734e+02
1.96852461e+02
1.95643707e+02
1.95022309e+02
1.93579720e+02
1.93105984e+02
1.92508965e+02
1.91898598e+02
1.90899001e+02
2.71014865e+02
2.70951036e+02
2.71005275e+02
2.70537698e+02
2.69267561e+02
2.68031253e+02
2.66879146e+02
2.65048738e+02
2.63097191e+02
2.61388293e+02
2.59834898e+02
2.58027021e+02
2.56159919e+02
2.54163477e+02
2.52128855e+02
2.50933594e+02
2.49407153e+02
2.47338364e+02
2.46051618e+02
2.44688579e+02
2.43260217e+02
2.41840618e+02
2.40495455e+02
2.39306532e+02
2.38515572e+02
2.37532901e+02
2.36548356e+02
2.35804642e+02
2.34176896e+02
2.33852341e+02
2.33138108e+02
2.32189647e+02
2.31597927e+02
2.30527764e+02
2.30360336e+02
2.29644135e+02
2.29148449e+02
2.71419231e+02
2.71582018e+02
2.71367003e+02
2.71227524e+02
2.70807832e+02
2.70452379e+02
2.69713621e+02
2.68927919e+02
2.67507041e+02
2.66676226e+02
2.65488150e+02
2.64122758e+02
2.63044240e+02
2.61889639e+02
2.60714285e+02
2.59363685e+02
2.58343502e+02
2.57221924e+02
2.55775391e+02
2.54750444e+02
2.53551406e+02
2.52599582e+02
2.51930250e+02
2.50969683e+02
2.50166938e+02
2.49433948e+02
2.48366426e+02
2.47594123e+02
2.46876804e+02
2.46247066e+02
2.45809429e+02
2.44932782e+02
2.44667042e+02
2.43920454e+02
2.43555167e+02
2.42966943e+02
2.42651455e+02
2.72226757e+02
2.71829410e+02
2.71652304e+02
2.71415969e+02
2.71155528e+02
2.70930781e+02
2.70380776e+02
2.69873676e+02
2.69824385e+02
2.68614337e+02
2.67737506e+02
2.67062465e+02
2.66427547e+02
2.65326134e+02
2.64643674e+02
2.64013317e+02
2.63532291e+02
2.62498349e+02
2.61678553e+02
2.60974402e+02
2.60480143e+02
2.59807911e+02
2.59204297e+02
2.58674446e+02
2.58295103e+02
2.57605214e+02
2.57039296e+02
2.56754353e+02
2.55970769e+02
2.55733628e+02
2.55333539e+02
2.55287560e+02
2.54640181e+02
2.54554760e+02
2.54246526e+02
2.54248723e+02
2.53624952e+02
