2.69932262e+02
5.00764248e+01
4.03579785e+01
3.74129719e+01
3.50975748e+01
3.40084490e+01
3.21625720e+01
3.17358531e+01
3.11350021e+01
3.06662153e+01
2.97915830e+01
2.92780764e+01
2.89268699e+01
2.85560665e+01
2.76969960e+01
2.77705280e+01
2.73074230e+01
2.68490762e+01
2.63181695e+01
2.65773418e+01
2.62771443e+01
2.53154006e+01
2.53721517e+01
2.56301348e+01
2.56442899e+01
2.52375578e+01
2.50518457e+01
2.50834156e+01
2.50908520e+01
2.49763628e+01
2.44567172e+01
2.46845571e+01
2.44522482e+01
2.44463715e+01
2.45286841e+01
2.40725291e+01
2.41654328e+01
2.69995727e+02
1.49920708e+02
1.50005497e+02
1.49858519e+02
1.41298580e+02
1.34773003e+02
1.28778215e+02
1.23559621e+02
1.18555732e+02
1.14627652e+02
1.11385915e+02
1.08284379e+02
1.05367963e+02
1.03144889e+02
1.00782965e+02
9.86221716e+01
9.69994177e+01
9.52895748e+01
9.36726519e+01
9.29239949e+01
9.15500185e+01
9.05770191e+01
8.98337178e+01
8.83275975e+01
8.77129879e+01
8.67959712e+01
8.67394760e+01
8.56149814e+01
8.50596776e+01
8.46158361e+01
8.40650228e+01
8.33918701e+01
8.32350201e+01
8.28465587e+01
8.22754710e+01
8.21882029e+01
8.17884596e+01
2.70053180e+02
2.49919848e+02
2.46036689e+02
2.40939228e+02
2.36517682e+02
2.31148882e+02
2.25624310e+02
2.20065500e+02
2.14857556e+02
2.10177550e+02
2.05834324e+02
2.01617839e+02
1.98384192e+02
1.95011285e+02
1.92095672e+02
1.89399108e+02
1.86534668e+02
1.84415191e+02
1.82168565e+02
1.80390682e+02
1.78724004e+02
1.77013573e+02
1.75317314e+02
1.74259133e+02
1.72627283e+02
1.71991161e+02
1.70849108e+02
1.69795461e+02
1.69012919e+02
1.67983645e+02
1.67138760e+02
1.66469733e+02
1.66024620e+02
1.65319401e+02
1.65006833e+02
1.64533842e+02
1.63882130e+02
2.68043852e+02
2.68623333e+02
2.68820684e+02
2.68156973e+02
2.67724799e+02
2.66574042e+02
2.65231270e+02
2.63863367e+02
2.62039766e+02
2.60264905e+02
2.58845867e+02
2.56930611e+02
2.55242222e+02
2.53430964e+02
2.52015258e+02
2.50190521e+02
2.49351564e+02
2.47859513e+02
2.46780339e+02
2.45294675e+02
2.44466864e+02
2.43499657e+02
2.42109760e+02
2.41716709e+02
2.40882504e+02
2.39739591e+02
2.39283351e+02
2.38541503e+02
2.38271550e+02
2.37619256e+02
2.37130577e+02
2.36231051e+02
2.36184581e+02
2.35745701e+02
2.35107025e+02
2.34907267e+02
2.34650477e+02
2.67904277e+02
2.67770065e+02
2.67672313e+02
2.67933949e+02
2.67833272e+02
2.67618407e+02
2.67320400e+02
2.67022814e+02
2.66520469e+02
2.66589988e+02
2.66400909e+02
2.65820498e+02
2.65457930e+02
2.65159811e+02
2.65073868e+02
2.64849553e+02
2.64427587e+02
2.63693188e+02
2.63774086e+02
2.63753939e+02
2.63476262e+02
2.63491100e+02
2.62927378e+02
2.63104451e+02
2.62991399e+02
2.62798900e+02
2.62633203e+02
2.62589213e+02
2.62196415e+02
2.62315659e+02
2.62300471e+02
2.61992759e+02
2.62259811e+02
2.61889068e+02
2.61842880e+02
2.61643891e+02
2.61654072e+02
2.75258453e+02
2.74052005e+02
2.70817210e+02
2.66245724e+02
2.61173213e+02
2.55576592e+02
2.50498094e+02
2.45433821e+02
2.40206561e+02
2.35971132e+02
2.32153120e+02
2.28819599e+02
2.25226590e+02
2.21718787e+02
2.18947175e+02
2.16550627e+02
2.13797717e+02
2.11472299e+02
2.09212793e+02
2.07442687e+02
2.05826383e+02
2.03498442e+02
2.02124604e+02
2.00560597e+02
1.99205053e+02
1.97723814e+02
1.96778398e+02
1.95364902e+02
1.94504669e+02
1.93633143e+02
1.92184207e+02
1.91368298e+02
1.90723904e+02
1.89588076e+02
1.89356603e+02
1.88091518e+02
1.87612786e+02
2.74440288e+02
2.73523023e+02
2.69770694e+02
2.64740879e+02
2.59503615e+02
2.54663095e+02
2.49884050e+02
2.46357854e+02
2.41836435e+02
2.38347686e+02
2.34990595e+02
2.31393799e+02
2.28824226e+02
2.26260910e+02
2.23850249e+02
2.21117467e+02
2.19168789e+02
2.17258745e+02
2.14898604e+02
2.13395349e+02
2.11729645e+02
2.10207849e+02
2.09002350e+02
2.07205265e+02
2.05855122e+02
2.04782481e+02
2.03565747e+02
2.02444794e+02
2.01877116e+02
2.00509388e+02
2.00094904e+02
1.98890823e+02
1.98316614e+02
1.97668456e+02
1.96557246e+02
1.96132883e+02
1.95422433e+02
2.71464330e+02
2.71179069e+02
2.71667380e+02
2.71239362e+02
2.70628606e+02
2.68848227e+02
2.67692730e+02
2.66161859e+02
2.64501951e+02
2.63051637e+02
2.60852521e+02
2.59245365e+02
2.57723212e+02
2.55812320e+02
2.54673841e+02
2.52712266e+02
2.51309003e+02
2.49905672e+02
2.48803650e+02
2.47376967e+02
2.46552512e+02
2.45336860e+02
2.44221067e+02
2.43689650e+02
2.41913355e+02
2.41014675e+02
2.40578331e+02
2.39943264e+02
2.38735557e+02
2.38130548e+02
2.37302890e+02
2.37053414e+02
2.36831557e+02
2.36036102e+02
2.35716877e+02
2.35260553e+02
2.34700074e+02
2.70464228e+02
2.70503295e+02
2.71019673e+02
2.71024695e+02
2.70859289e+02
2.70430413e+02
2.69745343e+02
2.69088448e+02
2.68191624e+02
2.67185936e+02
2.65657715e+02
2.65165998e+02
2.63555583e+02
2.62712347e+02
2.61578990e+02
2.59980035e+02
2.58647139e+02
2.57812643e+02
2.57254966e+02
2.56099440e+02
2.55313982e+02
2.54329848e+02
2.53664209e+02
2.52760332e+02
2.52282060e+02
2.51451845e+02
2.50920118e+02
2.49946642e+02
2.49665918e+02
2.48796015e+02
2.48667784e+02
2.48193286e+02
2.47941481e+02
2.47512682e+02
2.47075087e+02
2.46485087e+02
2.46362415e+02
2.70447300e+02
2.70651310e+02
2.70974826e+02
2.71007684e+02
2.70637948e+02
2.70606062e+02
2.70558544e+02
2.70010941e+02
2.69740544e+02
2.68945537e+02
2.67994104e+02
2.67459764e+02
2.66596926e+02
2.65955002e+02
2.65338207e+02
2.64667641e+02
2.63881262e+02
2.63092723e+02
2.62442711e+02
2.61845497e+02
2.61651004e+02
2.60717891e+02
2.60473586e+02
2.59905311e+02
2.59365300e+02
2.59193025e+02
2.58609162e+02
2.58202742e+02
2.57957110e+02
2.57505630e+02
2.56722684e+02
2.56567633e+02
2.56821961e+02
2.56248311e+02
2.56236990e+02
2.55611389e+02
2.55359659e+02
