-2.2000e+02
-9.5636e+00
-2.8680e+00
-2.1438e+00
-1.4996e+00
-1.1339e+00
-9.0151e-01
-7.4004e-01
-6.2091e-01
-5.2936e-01
-4.5692e-01
-4.4832e-01
-4.8201e-01
-4.3561e-01
-3.9143e-01
-3.5257e-01
-3.1870e-01
-2.8913e-01
-2.6323e-01
-2.4042e-01
-2.2025e-01
-2.0232e-01
-1.8632e-01
-1.7197e-01
-1.5907e-01
-1.4741e-01
-1.3685e-01
-1.2725e-01
-1.1850e-01
-1.1051e-01
-1.0318e-01
-9.6457e-02
-9.0268e-02
-8.4562e-02
-7.9294e-02
-7.4420e-02
-1.2000e+02
0.0000e+00
0.0000e+00
-8.4294e+00
-6.5340e+00
-6.0013e+00
-5.2706e+00
-4.5914e+00
-4.0048e+00
-3.5075e+00
-3.0867e+00
-2.7310e+00
-2.4451e+00
-2.2009e+00
-1.9823e+00
-1.7876e+00
-1.6146e+00
-1.4611e+00
-1.3246e+00
-1.2032e+00
-1.0948e+00
-9.9793e-01
-9.1117e-01
-8.3329e-01
-7.6327e-01
-7.0017e-01
-6.4322e-01
-5.9172e-01
-5.4507e-01
-5.0275e-01
-4.6428e-01
-4.2927e-01
-3.9736e-01
-3.6822e-01
-3.4159e-01
-3.1720e-01
-2.0000e+01
-3.9782e+00
-4.5252e+00
-4.7188e+00
-5.1976e+00
-5.5090e+00
-5.4175e+00
-5.1338e+00
-4.7738e+00
-4.3940e+00
-4.0216e+00
-3.6694e+00
-3.3432e+00
-3.0458e+00
-2.7766e+00
-2.5331e+00
-2.3126e+00
-2.1130e+00
-1.9321e+00
-1.7683e+00
-1.6198e+00
-1.4852e+00
-1.3631e+00
-1.2522e+00
-1.1515e+00
-1.0600e+00
-9.7670e-01
-9.0084e-01
-8.3168e-01
-7.6857e-01
-7.1093e-01
-6.5823e-01
-6.0999e-01
-5.6580e-01
-5.2528e-01
-4.8808e-01
1.4096e-01
-1.1158e-01
-3.9201e-01
-7.3856e-01
-1.0884e+00
-1.3820e+00
-1.5947e+00
-1.7261e+00
-1.7888e+00
-1.7990e+00
-1.7718e+00
-1.7192e+00
-1.6503e+00
-1.5718e+00
-1.4885e+00
-1.4038e+00
-1.3198e+00
-1.2381e+00
-1.1595e+00
-1.0846e+00
-1.0136e+00
-9.4664e-01
-8.8375e-01
-8.2483e-01
-7.6976e-01
-7.1837e-01
-6.7047e-01
-6.2588e-01
-5.8440e-01
-5.4583e-01
-5.0998e-01
-4.7667e-01
-4.4572e-01
-4.1696e-01
-3.9023e-01
-3.6539e-01
1.5701e-02
5.7710e-03
-3.4693e-02
-8.9424e-02
-1.5156e-01
-2.0994e-01
-2.5684e-01
-2.8955e-01
-3.0880e-01
-3.1697e-01
-3.1676e-01
-3.1064e-01
-3.0052e-01
-2.8789e-01
-2.7381e-01
-2.5906e-01
-2.4415e-01
-2.2946e-01
-2.1519e-01
-2.0150e-01
-1.8847e-01
-1.7613e-01
-1.6451e-01
-1.5359e-01
-1.4337e-01
-1.3381e-01
-1.2490e-01
-1.1660e-01
-1.0886e-01
-1.0167e-01
-9.4982e-02
-8.8764e-02
-8.2985e-02
-7.7615e-02
-7.2624e-02
-6.7985e-02
-1.0708e+00
-3.6376e+00
-5.1002e+00
-5.5669e+00
-5.5752e+00
-5.3703e+00
-5.0666e+00
-4.7242e+00
-4.3761e+00
-4.0396e+00
-3.7234e+00
-3.4313e+00
-3.1645e+00
-2.9232e+00
-2.7051e+00
-2.5079e+00
-2.3291e+00
-2.1669e+00
-2.0193e+00
-1.8848e+00
-1.7619e+00
-1.6493e+00
-1.5459e+00
-1.4507e+00
-1.3629e+00
-1.2818e+00
-1.2066e+00
-1.1368e+00
-1.0720e+00
-1.0116e+00
-9.5527e-01
-9.0267e-01
-8.5349e-01
-8.0746e-01
-7.6433e-01
-7.2387e-01
-1.1984e+00
-3.7456e+00
-4.8538e+00
-5.0006e+00
-4.8365e+00
-4.5784e+00
-4.2928e+00
-4.0046e+00
-3.7254e+00
-3.4609e+00
-3.2138e+00
-2.9848e+00
-2.7744e+00
-2.5823e+00
-2.4068e+00
-2.2458e+00
-2.0980e+00
-1.9621e+00
-1.8369e+00
-1.7215e+00
-1.6149e+00
-1.5162e+00
-1.4248e+00
-1.3400e+00
-1.2612e+00
-1.1879e+00
-1.1196e+00
-1.0559e+00
-9.9637e-01
-9.4077e-01
-8.8876e-01
-8.4006e-01
-7.9442e-01
-7.5162e-01
-7.1146e-01
-6.7375e-01
7.1335e-02
-6.4284e-02
-4.0923e-01
-8.1865e-01
-1.1703e+00
-1.4299e+00
-1.6053e+00
-1.7136e+00
-1.7711e+00
-1.7905e+00
-1.7818e+00
-1.7523e+00
-1.7079e+00
-1.6530e+00
-1.5913e+00
-1.5254e+00
-1.4571e+00
-1.3882e+00
-1.3195e+00
-1.2520e+00
-1.1862e+00
-1.1226e+00
-1.0614e+00
-1.0028e+00
-9.4694e-01
-8.9384e-01
-8.4349e-01
-7.9583e-01
-7.5080e-01
-7.0831e-01
-6.6826e-01
-6.3054e-01
-5.9504e-01
-5.6165e-01
-5.3025e-01
-5.0073e-01
9.9945e-02
1.0754e-01
1.6860e-03
-1.8336e-01
-4.0292e-01
-6.1474e-01
-7.9588e-01
-9.3888e-01
-1.0444e+00
-1.1164e+00
-1.1601e+00
-1.1804e+00
-1.1822e+00
-1.1695e+00
-1.1457e+00
-1.1139e+00
-1.0764e+00
-1.0350e+00
-9.9126e-01
-9.4628e-01
-9.0096e-01
-8.5595e-01
-8.1178e-01
-7.6879e-01
-7.2726e-01
-6.8734e-01
-6.4916e-01
-6.1278e-01
-5.7820e-01
-5.4543e-01
-5.1443e-01
-4.8516e-01
-4.5755e-01
-4.3153e-01
-4.0705e-01
-3.8401e-01
2.1032e-01
1.2130e-01
3.7911e-02
-7.9375e-02
-2.1919e-01
-3.6090e-01
-4.8897e-01
-5.9542e-01
-6.7782e-01
-7.3708e-01
-7.7575e-01
-7.9700e-01
-8.0402e-01
-7.9978e-01
-7.8686e-01
-7.6746e-01
-7.4338e-01
-7.1607e-01
-6.8668e-01
-6.5610e-01
-6.2503e-01
-5.9399e-01
-5.6339e-01
-5.3351e-01
-5.0457e-01
-4.7671e-01
-4.5003e-01
-4.2457e-01
-4.0037e-01
-3.7743e-01
-3.5572e-01
-3.3522e-01
-3.1589e-01
-2.9769e-01
-2.8056e-01
-2.6446e-01
