2.70000000e+02
5.00000000e+01
4.00815270e+01
3.71621370e+01
3.50751710e+01
3.36238960e+01
3.25264100e+01
3.16521770e+01
3.09327110e+01
3.03274420e+01
2.98100940e+01
2.93625070e+01
2.88563730e+01
2.83760950e+01
2.79450320e+01
2.75580820e+01
2.72096270e+01
2.68946990e+01
2.66090580e+01
2.63491130e+01
2.61118180e+01
2.58945830e+01
2.56951930e+01
2.55117440e+01
2.53425930e+01
2.51863120e+01
2.50416560e+01
2.49075350e+01
2.47829870e+01
2.46671630e+01
2.45593090e+01
2.44587530e+01
2.43648940e+01
2.42771920e+01
2.41951610e+01
2.41183630e+01
2.40464020e+01
2.70000000e+02
1.50000000e+02
1.50000000e+02
1.50000000e+02
1.41500496e+02
1.35034218e+02
1.29097789e+02
1.23875549e+02
1.19318874e+02
1.15337983e+02
1.11845798e+02
1.08767764e+02
1.06032738e+02
1.03575392e+02
1.01363387e+02
9.93704800e+01
9.75722550e+01
9.59467850e+01
9.44747360e+01
9.31391720e+01
9.19252750e+01
9.08200680e+01
8.98121650e+01
8.88915540e+01
8.80494090e+01
8.72779310e+01
8.65702130e+01
8.59201260e+01
8.53222170e+01
8.47716260e+01
8.42640110e+01
8.37954890e+01
8.33625780e+01
8.29621500e+01
8.25913940e+01
8.22477730e+01
8.19290000e+01
2.70000000e+02
2.50000000e+02
2.46435317e+02
2.42085631e+02
2.37427605e+02
2.32251756e+02
2.26737240e+02
2.21298305e+02
2.16136007e+02
2.11330359e+02
2.06902902e+02
2.02847040e+02
1.99142962e+02
1.95764359e+02
1.92682465e+02
1.89869815e+02
1.87301411e+02
1.84954605e+02
1.82808847e+02
1.80845497e+02
1.79047660e+02
1.77400047e+02
1.75888835e+02
1.74501534e+02
1.73226868e+02
1.72054656e+02
1.70975709e+02
1.69981725e+02
1.69065209e+02
1.68219384e+02
1.67438124e+02
1.66715882e+02
1.66047639e+02
1.65428843e+02
1.64855366e+02
1.64323463e+02
1.63829727e+02
2.71556071e+02
2.71347815e+02
2.70967986e+02
2.70357647e+02
2.69436658e+02
2.68194073e+02
2.66680577e+02
2.64972352e+02
2.63147143e+02
2.61271010e+02
2.59394423e+02
2.57553353e+02
2.55772035e+02
2.54065827e+02
2.52443560e+02
2.50909400e+02
2.49464296e+02
2.48107066e+02
2.46835157e+02
2.45645165e+02
2.44533185e+02
2.43495046e+02
2.42526482e+02
2.41623237e+02
2.40781147e+02
2.39996188e+02
2.39264511e+02
2.38582461e+02
2.37946582e+02
2.37353631e+02
2.36800566e+02
2.36284546e+02
2.35802924e+02
2.35353237e+02
2.34933196e+02
2.34540678e+02
2.34173716e+02
2.68245354e+02
2.68231471e+02
2.68190344e+02
2.68117649e+02
2.68001222e+02
2.67832847e+02
2.67614850e+02
2.67356951e+02
2.67071565e+02
2.66770604e+02
2.66463918e+02
2.66158940e+02
2.65860923e+02
2.65573372e+02
2.65298474e+02
2.65037448e+02
2.64790823e+02
2.64558660e+02
2.64340707e+02
2.64136512e+02
2.63945502e+02
2.63767030e+02
2.63600414e+02
2.63444960e+02
2.63299980e+02
2.63164802e+02
2.63038780e+02
2.62921295e+02
2.62811760e+02
2.62709622e+02
2.62614361e+02
2.62525490e+02
2.62442554e+02
2.62365130e+02
2.62292823e+02
2.62225269e+02
2.62162126e+02
2.74884402e+02
2.73852299e+02
2.70359825e+02
2.65411695e+02
2.59975730e+02
2.54513317e+02
2.49242245e+02
2.44264557e+02
2.39621175e+02
2.35319722e+02
2.31349970e+02
2.27692672e+02
2.24324480e+02
2.21220109e+02
2.18354718e+02
2.15705623e+02
2.13252387e+02
2.10976675e+02
2.08862095e+02
2.06894033e+02
2.05059476e+02
2.03346838e+02
2.01745794e+02
2.00247132e+02
1.98842615e+02
1.97524859e+02
1.96287230e+02
1.95123745e+02
1.94028999e+02
1.92998089e+02
1.92026559e+02
1.91110346e+02
1.90245733e+02
1.89429314e+02
1.88657960e+02
1.87928790e+02
1.87239144e+02
2.74683424e+02
2.73516566e+02
2.69887826e+02
2.65141182e+02
2.60223776e+02
2.55455053e+02
2.50935015e+02
2.46694552e+02
2.42738345e+02
2.39058915e+02
2.35642598e+02
2.32472733e+02
2.29531383e+02
2.26799726e+02
2.24259712e+02
2.21895209e+02
2.19691690e+02
2.17635981e+02
2.15716124e+02
2.13921282e+02
2.12241637e+02
2.10668297e+02
2.09193199e+02
2.07809024e+02
2.06509120e+02
2.05287426e+02
2.04138415e+02
2.03057030e+02
2.02038643e+02
2.01079001e+02
2.00174199e+02
1.99320637e+02
1.98514994e+02
1.97754200e+02
1.97035416e+02
1.96356010e+02
1.95713540e+02
2.73718400e+02
2.73610374e+02
2.73368552e+02
2.72805200e+02
2.71855852e+02
2.70576570e+02
2.69057810e+02
2.67381965e+02
2.65613747e+02
2.63801662e+02
2.61981542e+02
2.60179656e+02
2.58415055e+02
2.56701274e+02
2.55047555e+02
2.53459837e+02
2.51941599e+02
2.50494492e+02
2.49118796e+02
2.47813771e+02
2.46577924e+02
2.45409218e+02
2.44305237e+02
2.43263318e+02
2.42280647e+02
2.41354340e+02
2.40481498e+02
2.39659250e+02
2.38884792e+02
2.38155401e+02
2.37468457e+02
2.36821451e+02
2.36211994e+02
2.35637815e+02
2.35096767e+02
2.34586820e+02
2.34106063e+02
2.73202463e+02
2.73114597e+02
2.72983783e+02
2.72777224e+02
2.72419169e+02
2.71871302e+02
2.71137373e+02
2.70244277e+02
2.69226645e+02
2.68118851e+02
2.66951694e+02
2.65751333e+02
2.64539232e+02
2.63332511e+02
2.62144463e+02
2.60985091e+02
2.59861677e+02
2.58779292e+02
2.57741253e+02
2.56749494e+02
2.55804873e+02
2.54907421e+02
2.54056542e+02
2.53251177e+02
2.52489930e+02
2.51771172e+02
2.51093123e+02
2.50453910e+02
2.49851620e+02
2.49284332e+02
2.48750152e+02
2.48247226e+02
2.47773757e+02
2.47328020e+02
2.46908362e+02
2.46513208e+02
2.46141066e+02
2.72667064e+02
2.72532399e+02
2.72425621e+02
2.72286531e+02
2.72063344e+02
2.71724891e+02
2.71264294e+02
2.70691778e+02
2.70026347e+02
2.69289878e+02
2.68503695e+02
2.67686870e+02
2.66855569e+02
2.66022975e+02
2.65199487e+02
2.64393062e+02
2.63609585e+02
2.62853239e+02
2.62126842e+02
2.61432128e+02
2.60769989e+02
2.60140664e+02
2.59543895e+02
2.58979057e+02
2.58445254e+02
2.57941400e+02
2.57466280e+02
2.57018601e+02
2.56597028e+02
2.56200213e+02
2.55826820e+02
2.55475537e+02
2.55145090e+02
2.54834250e+02
2.54541842e+02
2.54266743e+02
2.54007890e+02
