-2.2000e+02
-9.7788e+00
-2.9274e+00
-2.1282e+00
-1.4821e+00
-1.1191e+00
-8.8902e-01
-7.2936e-01
-6.1170e-01
-5.2132e-01
-4.4984e-01
-5.0431e-01
-4.8029e-01
-4.3063e-01
-3.8627e-01
-3.4770e-01
-3.1426e-01
-2.8516e-01
-2.5974e-01
-2.3741e-01
-2.1770e-01
-2.0022e-01
-1.8465e-01
-1.7072e-01
-1.5821e-01
-1.4692e-01
-1.3671e-01
-1.2744e-01
-1.1899e-01
-1.1127e-01
-1.0420e-01
-9.7703e-02
-9.1725e-02
-8.6211e-02
-8.1114e-02
-7.6393e-02
-1.2000e+02
0.0000e+00
0.0000e+00
-8.5972e+00
-6.5913e+00
-6.0298e+00
-5.2833e+00
-4.5958e+00
-4.0045e+00
-3.5046e+00
-3.0824e+00
-2.7332e+00
-2.4514e+00
-2.2034e+00
-1.9827e+00
-1.7872e+00
-1.6141e+00
-1.4609e+00
-1.3249e+00
-1.2041e+00
-1.0964e+00
-1.0002e+00
-9.1413e-01
-8.3693e-01
-7.6757e-01
-7.0511e-01
-6.4876e-01
-5.9784e-01
-5.5174e-01
-5.0993e-01
-4.7194e-01
-4.3738e-01
-4.0588e-01
-3.7712e-01
-3.5084e-01
-3.2677e-01
-2.0000e+01
-4.2649e+00
-4.4262e+00
-4.7502e+00
-5.2348e+00
-5.5399e+00
-5.4386e+00
-5.1474e+00
-4.7824e+00
-4.3993e+00
-4.0252e+00
-3.6724e+00
-3.3470e+00
-3.0512e+00
-2.7835e+00
-2.5412e+00
-2.3219e+00
-2.1233e+00
-1.9435e+00
-1.7806e+00
-1.6331e+00
-1.4994e+00
-1.3782e+00
-1.2681e+00
-1.1682e+00
-1.0774e+00
-9.9480e-01
-9.1956e-01
-8.5099e-01
-7.8842e-01
-7.3128e-01
-6.7902e-01
-6.3120e-01
-5.8737e-01
-5.4716e-01
-5.1024e-01
1.1012e-01
-1.3533e-01
-4.0898e-01
-7.4898e-01
-1.0945e+00
-1.3863e+00
-1.5994e+00
-1.7324e+00
-1.7973e+00
-1.8100e+00
-1.7853e+00
-1.7351e+00
-1.6685e+00
-1.5921e+00
-1.5107e+00
-1.4277e+00
-1.3453e+00
-1.2650e+00
-1.1875e+00
-1.1136e+00
-1.0435e+00
-9.7734e-01
-9.1514e-01
-8.5683e-01
-8.0230e-01
-7.5138e-01
-7.0390e-01
-6.5966e-01
-6.1847e-01
-5.8013e-01
-5.4446e-01
-5.1126e-01
-4.8037e-01
-4.5161e-01
-4.2484e-01
-3.9990e-01
1.3090e-02
1.3740e-03
-3.8358e-02
-9.2028e-02
-1.5326e-01
-2.1115e-01
-2.5798e-01
-2.9093e-01
-3.1057e-01
-3.1919e-01
-3.1947e-01
-3.1379e-01
-3.0410e-01
-2.9185e-01
-2.7812e-01
-2.6367e-01
-2.4904e-01
-2.3458e-01
-2.2051e-01
-2.0700e-01
-1.9411e-01
-1.8190e-01
-1.7039e-01
-1.5957e-01
-1.4943e-01
-1.3995e-01
-1.3111e-01
-1.2285e-01
-1.1517e-01
-1.0801e-01
-1.0134e-01
-9.5137e-02
-8.9364e-02
-8.3990e-02
-7.8986e-02
-7.4326e-02
-1.1487e+00
-3.8710e+00
-5.2600e+00
-5.6233e+00
-5.5596e+00
-5.3103e+00
-4.9795e+00
-4.6208e+00
-4.2631e+00
-3.9219e+00
-3.6047e+00
-3.3146e+00
-3.0527e+00
-2.8177e+00
-2.6068e+00
-2.4172e+00
-2.2465e+00
-2.0924e+00
-1.9530e+00
-1.8264e+00
-1.7112e+00
-1.6060e+00
-1.5095e+00
-1.4208e+00
-1.3391e+00
-1.2636e+00
-1.1935e+00
-1.1285e+00
-1.0679e+00
-1.0114e+00
-9.5861e-01
-9.0917e-01
-8.6281e-01
-8.1928e-01
-7.7836e-01
-7.3985e-01
-1.0904e+00
-3.6452e+00
-4.8080e+00
-4.9743e+00
-4.8084e+00
-4.5428e+00
-4.2494e+00
-3.9551e+00
-3.6720e+00
-3.4058e+00
-3.1589e+00
-2.9320e+00
-2.7255e+00
-2.5383e+00
-2.3679e+00
-2.2125e+00
-2.0704e+00
-1.9403e+00
-1.8209e+00
-1.7111e+00
-1.6098e+00
-1.5162e+00
-1.4296e+00
-1.3492e+00
-1.2745e+00
-1.2049e+00
-1.1399e+00
-1.0792e+00
-1.0225e+00
-9.6927e-01
-9.1936e-01
-8.7248e-01
-8.2841e-01
-7.8693e-01
-7.4787e-01
-7.1105e-01
7.3835e-02
-6.3681e-02
-4.1729e-01
-8.3975e-01
-1.2028e+00
-1.4716e+00
-1.6551e+00
-1.7713e+00
-1.8364e+00
-1.8629e+00
-1.8606e+00
-1.8367e+00
-1.7973e+00
-1.7467e+00
-1.6887e+00
-1.6259e+00
-1.5603e+00
-1.4935e+00
-1.4266e+00
-1.3605e+00
-1.2958e+00
-1.2330e+00
-1.1723e+00
-1.1140e+00
-1.0581e+00
-1.0048e+00
-9.5407e-01
-9.0581e-01
-8.5999e-01
-8.1655e-01
-7.7539e-01
-7.3643e-01
-6.9956e-01
-6.6467e-01
-6.3168e-01
-6.0049e-01
1.0097e-01
8.3576e-02
-4.2967e-02
-2.5179e-01
-4.9083e-01
-7.1573e-01
-9.0510e-01
-1.0532e+00
-1.1619e+00
-1.2358e+00
-1.2804e+00
-1.3010e+00
-1.3027e+00
-1.2895e+00
-1.2652e+00
-1.2326e+00
-1.1943e+00
-1.1521e+00
-1.1074e+00
-1.0615e+00
-1.0151e+00
-9.6910e-01
-9.2382e-01
-8.7968e-01
-8.3693e-01
-7.9574e-01
-7.5621e-01
-7.1842e-01
-6.8237e-01
-6.4806e-01
-6.1546e-01
-5.8452e-01
-5.5519e-01
-5.2741e-01
-5.0111e-01
-4.7621e-01
1.6074e-01
9.6744e-02
2.1591e-02
-9.1527e-02
-2.2738e-01
-3.6460e-01
-4.8801e-01
-5.9012e-01
-6.6885e-01
-7.2524e-01
-7.6185e-01
-7.8179e-01
-7.8819e-01
-7.8391e-01
-7.7147e-01
-7.5297e-01
-7.3014e-01
-7.0435e-01
-6.7668e-01
-6.4796e-01
-6.1883e-01
-5.8979e-01
-5.6118e-01
-5.3328e-01
-5.0626e-01
-4.8026e-01
-4.5534e-01
-4.3156e-01
-4.0892e-01
-3.8742e-01
-3.6705e-01
-3.4777e-01
-3.2954e-01
-3.1232e-01
-2.9607e-01
-2.8073e-01
