2.70355755e+02
4.98521689e+01
4.01702047e+01
3.73792254e+01
3.53822748e+01
3.35985052e+01
3.25508076e+01
3.17018236e+01
3.09913360e+01
3.04055236e+01
3.00668105e+01
2.91840795e+01
2.88429259e+01
2.81880746e+01
2.80851980e+01
2.76996804e+01
2.70518711e+01
2.67645016e+01
2.63532630e+01
2.64933285e+01
2.59310296e+01
2.60201523e+01
2.55110923e+01
2.54835128e+01
2.53993631e+01
2.54352009e+01
2.49569036e+01
2.51755167e+01
2.47451987e+01
2.45006677e+01
2.45825940e+01
2.44259049e+01
2.46687923e+01
2.42810751e+01
2.43512140e+01
2.37721502e+01
2.40448455e+01
2.69854523e+02
1.49993651e+02
1.50160279e+02
1.50336335e+02
1.41486630e+02
1.35167689e+02
1.28672549e+02
1.23657071e+02
1.19166939e+02
1.14490620e+02
1.11324896e+02
1.08260436e+02
1.05473105e+02
1.03291114e+02
1.01306617e+02
9.87553392e+01
9.73189756e+01
9.53376582e+01
9.39889728e+01
9.27059862e+01
9.14806441e+01
9.07947903e+01
8.95379912e+01
8.83896612e+01
8.77081123e+01
8.67677251e+01
8.62366548e+01
8.54777763e+01
8.49237108e+01
8.42680662e+01
8.39571097e+01
8.34203455e+01
8.32339007e+01
8.26526550e+01
8.24973195e+01
8.15891376e+01
8.16864617e+01
2.70168485e+02
2.49738792e+02
2.45713549e+02
2.41779388e+02
2.36534511e+02
2.31674183e+02
2.25906956e+02
2.20504801e+02
2.15117546e+02
2.10527215e+02
2.06118606e+02
2.01979549e+02
1.98125072e+02
1.95323047e+02
1.91950882e+02
1.89231050e+02
1.86467260e+02
1.84115583e+02
1.82417835e+02
1.80389975e+02
1.78437640e+02
1.77204718e+02
1.75421173e+02
1.73739681e+02
1.72540570e+02
1.71002815e+02
1.70371099e+02
1.69672023e+02
1.68645697e+02
1.67789161e+02
1.67076397e+02
1.66345430e+02
1.65914465e+02
1.64825674e+02
1.64570993e+02
1.64030338e+02
1.63452376e+02
2.69798138e+02
2.69849780e+02
2.69355453e+02
2.68729829e+02
2.68525599e+02
2.67560083e+02
2.65272904e+02
2.63835122e+02
2.62520017e+02
2.60172494e+02
2.58351560e+02
2.56450073e+02
2.54550156e+02
2.53205178e+02
2.51376425e+02
2.50090649e+02
2.48585005e+02
2.47217672e+02
2.45861022e+02
2.44976306e+02
2.44044952e+02
2.43115926e+02
2.41882473e+02
2.41135017e+02
2.39786684e+02
2.39822223e+02
2.38785212e+02
2.38317638e+02
2.37249067e+02
2.37098323e+02
2.36397401e+02
2.35801466e+02
2.35081882e+02
2.34941294e+02
2.34479501e+02
2.34135611e+02
2.33821811e+02
2.67600341e+02
2.67879041e+02
2.68143454e+02
2.67857829e+02
2.67949488e+02
2.67963282e+02
2.67806423e+02
2.67133870e+02
2.67393355e+02
2.66700487e+02
2.66502554e+02
2.66054342e+02
2.65783653e+02
2.65244063e+02
2.65204237e+02
2.64907976e+02
2.64483422e+02
2.64507267e+02
2.64206479e+02
2.63828033e+02
2.64038140e+02
2.63842236e+02
2.63436814e+02
2.63685806e+02
2.63517684e+02
2.62825447e+02
2.63162026e+02
2.62926682e+02
2.62424098e+02
2.62953506e+02
2.62820896e+02
2.62769024e+02
2.62258272e+02
2.62335055e+02
2.62654299e+02
2.62440095e+02
2.62268343e+02
2.70878300e+02
2.70058573e+02
2.66658995e+02
2.61575673e+02
2.56277013e+02
2.50952566e+02
2.45957726e+02
2.41018365e+02
2.35876757e+02
2.31859613e+02
2.28439821e+02
2.24622198e+02
2.21435986e+02
2.18120677e+02
2.15705750e+02
2.12681571e+02
2.10152402e+02
2.07967076e+02
2.06035817e+02
2.04110607e+02
2.02276354e+02
2.00597495e+02
1.99158297e+02
1.97809244e+02
1.96156974e+02
1.94803812e+02
1.93869392e+02
1.92609266e+02
1.91773411e+02
1.90172025e+02
1.89341781e+02
1.88688728e+02
1.87452523e+02
1.86969165e+02
1.86163690e+02
1.85469741e+02
1.84856172e+02
2.71371286e+02
2.69909082e+02
2.66687008e+02
2.61606487e+02
2.56799192e+02
2.52353096e+02
2.47700358e+02
2.43763178e+02
2.40015401e+02
2.36277300e+02
2.32695632e+02
2.29593952e+02
2.26402307e+02
2.24119759e+02
2.21934605e+02
2.18810947e+02
2.16967476e+02
2.15094051e+02
2.13293128e+02
2.11412657e+02
2.10177286e+02
2.08487924e+02
2.06540723e+02
2.05627082e+02
2.04702776e+02
2.02996032e+02
2.02150174e+02
2.00804522e+02
1.99776580e+02
1.99323674e+02
1.98105111e+02
1.96901808e+02
1.96464464e+02
1.95306289e+02
1.94736130e+02
1.94382648e+02
1.93911752e+02
2.70981096e+02
2.71217572e+02
2.70957061e+02
2.70584355e+02
2.69565085e+02
2.68660329e+02
2.67148931e+02
2.65430744e+02
2.63783806e+02
2.61832366e+02
2.60420560e+02
2.58248366e+02
2.56539252e+02
2.55200361e+02
2.53288503e+02
2.52087357e+02
2.50273174e+02
2.49005098e+02
2.47788155e+02
2.46453286e+02
2.44990767e+02
2.43918576e+02
2.42715288e+02
2.42007481e+02
2.40627096e+02
2.39818078e+02
2.38995157e+02
2.38317991e+02
2.37153823e+02
2.36580432e+02
2.35539119e+02
2.35346991e+02
2.34579681e+02
2.33854541e+02
2.33305830e+02
2.32930827e+02
2.32492468e+02
2.71015836e+02
2.70872818e+02
2.71023656e+02
2.70939188e+02
2.70702020e+02
2.70464201e+02
2.69321999e+02
2.68437520e+02
2.67566654e+02
2.66348427e+02
2.65389474e+02
2.64203413e+02
2.63069272e+02
2.61507380e+02
2.60651338e+02
2.59492719e+02
2.58206492e+02
2.57351167e+02
2.56201473e+02
2.55398314e+02
2.54371183e+02
2.53253528e+02
2.52295598e+02
2.51817582e+02
2.51103759e+02
2.49847829e+02
2.49407153e+02
2.48557677e+02
2.48045626e+02
2.47920074e+02
2.46925758e+02
2.46210628e+02
2.45798541e+02
2.45452780e+02
2.44887278e+02
2.44472403e+02
2.43595128e+02
2.71111129e+02
2.71361402e+02
2.71025702e+02
2.70915864e+02
2.70968435e+02
2.70338985e+02
2.70016622e+02
2.69825117e+02
2.69156979e+02
2.68225238e+02
2.67585929e+02
2.66449562e+02
2.65988444e+02
2.65055093e+02
2.64009819e+02
2.63644988e+02
2.63122593e+02
2.62231088e+02
2.61402785e+02
2.60768483e+02
2.60127866e+02
2.59357392e+02
2.58734668e+02
2.58264357e+02
2.57612322e+02
2.57107743e+02
2.56471680e+02
2.56268084e+02
2.56064498e+02
2.55859667e+02
2.54808355e+02
2.54924948e+02
2.54159418e+02
2.53914408e+02
2.53818071e+02
2.53681421e+02
2.53378040e+02
