2.70176437e+02
4.98275445e+01
4.01058494e+01
3.69693898e+01
3.47837686e+01
3.38013641e+01
3.27741633e+01
3.14107586e+01
3.08855763e+01
3.00835953e+01
2.98295207e+01
2.92140486e+01
2.86017334e+01
2.86907791e+01
2.75083457e+01
2.73100109e+01
2.73230998e+01
2.67885289e+01
2.67100048e+01
2.62470814e+01
2.59783572e+01
2.53322443e+01
2.57928309e+01
2.54525943e+01
2.51717462e+01
2.53329281e+01
2.52358629e+01
2.50685966e+01
2.44688588e+01
2.42414898e+01
2.45462857e+01
2.44960829e+01
2.41681157e+01
2.42979451e+01
2.41655222e+01
2.41461413e+01
2.41044711e+01
2.69747571e+02
1.50021998e+02
1.50120045e+02
1.49466034e+02
1.41309270e+02
1.34786336e+02
1.28562515e+02
1.23064182e+02
1.18441913e+02
1.14542436e+02
1.11382825e+02
1.08247911e+02
1.05032756e+02
1.02934641e+02
1.00455762e+02
9.87710043e+01
9.72079226e+01
9.50583125e+01
9.36218690e+01
9.30141040e+01
9.12040407e+01
9.02959550e+01
8.90215159e+01
8.83484843e+01
8.74518923e+01
8.66038229e+01
8.60200071e+01
8.52676299e+01
8.48182071e+01
8.43114343e+01
8.39383600e+01
8.35425261e+01
8.27244406e+01
8.24080618e+01
8.17836282e+01
8.16826109e+01
8.15996853e+01
2.70035687e+02
2.49957230e+02
2.45702480e+02
2.41172789e+02
2.36127064e+02
2.31606124e+02
2.25352373e+02
2.20254077e+02
2.14927417e+02
2.10079824e+02
2.05792785e+02
2.01645881e+02
1.98220361e+02
1.95169864e+02
1.91365211e+02
1.89066025e+02
1.86033792e+02
1.84159873e+02
1.81940592e+02
1.79981387e+02
1.78301091e+02
1.76617661e+02
1.74792844e+02
1.74080934e+02
1.72545193e+02
1.71552807e+02
1.70391175e+02
1.69324264e+02
1.68646105e+02
1.67555797e+02
1.66989976e+02
1.66151193e+02
1.65390083e+02
1.64931225e+02
1.64364067e+02
1.63895311e+02
1.62941388e+02
2.69132503e+02
2.68762606e+02
2.69312440e+02
2.68552296e+02
2.67683702e+02
2.66415431e+02
2.64977194e+02
2.63379705e+02
2.61684181e+02
2.60093777e+02
2.58266511e+02
2.56507716e+02
2.54434474e+02
2.53125341e+02
2.51305220e+02
2.49838694e+02
2.48698327e+02
2.47349145e+02
2.46237307e+02
2.45170048e+02
2.43834094e+02
2.42878798e+02
2.41930098e+02
2.41345205e+02
2.40155294e+02
2.39583164e+02
2.38952675e+02
2.38040063e+02
2.37277976e+02
2.37158683e+02
2.36168018e+02
2.36111969e+02
2.35569107e+02
2.35103581e+02
2.34480277e+02
2.34413385e+02
2.33520600e+02
2.68009955e+02
2.67832577e+02
2.67731897e+02
2.67870144e+02
2.67823201e+02
2.67563460e+02
2.67278349e+02
2.67250952e+02
2.66415580e+02
2.66770100e+02
2.66133404e+02
2.65612051e+02
2.65542215e+02
2.65315420e+02
2.65008129e+02
2.64485267e+02
2.64340903e+02
2.63980583e+02
2.63984941e+02
2.63615909e+02
2.63340853e+02
2.63461478e+02
2.62718087e+02
2.62804485e+02
2.62586674e+02
2.62594706e+02
2.62629190e+02
2.62712731e+02
2.61918039e+02
2.62042131e+02
2.62020255e+02
2.61620671e+02
2.61623493e+02
2.61706493e+02
2.61569619e+02
2.61623863e+02
2.61696013e+02
2.69510616e+02
2.68603602e+02
2.65029077e+02
2.60178196e+02
2.54149725e+02
2.48807128e+02
2.43617303e+02
2.38546834e+02
2.33950360e+02
2.29484788e+02
2.25941182e+02
2.22499866e+02
2.18904159e+02
2.16078670e+02
2.12836415e+02
2.10725251e+02
2.08077443e+02
2.05777700e+02
2.03719921e+02
2.02149619e+02
2.00218208e+02
1.98295323e+02
1.97265279e+02
1.95746733e+02
1.94256436e+02
1.93042945e+02
1.91616489e+02
1.90569164e+02
1.89287183e+02
1.88067926e+02
1.87521119e+02
1.86499365e+02
1.85584236e+02
1.85016198e+02
1.83899728e+02
1.83116740e+02
1.82575500e+02
2.69381617e+02
2.68811922e+02
2.65485784e+02
2.60805129e+02
2.56307068e+02
2.51634139e+02
2.47063386e+02
2.42793709e+02
2.39152046e+02
2.35639731e+02
2.31960586e+02
2.29224849e+02
2.26174755e+02
2.23556118e+02
2.20553714e+02
2.18743913e+02
2.16253345e+02
2.14650587e+02
2.12459231e+02
2.10320011e+02
2.08484661e+02
2.07342448e+02
2.05813329e+02
2.04119173e+02
2.02990860e+02
2.01230318e+02
2.01012476e+02
1.99327056e+02
1.98516119e+02
1.97452208e+02
1.95947887e+02
1.95540136e+02
1.94553702e+02
1.93768687e+02
1.92664446e+02
1.91978016e+02
1.91486811e+02
2.70040772e+02
2.69807225e+02
2.69959860e+02
2.69097205e+02
2.68780785e+02
2.67813845e+02
2.65913200e+02
2.64764803e+02
2.62955772e+02
2.60931705e+02
2.59194353e+02
2.57286270e+02
2.55585370e+02
2.53448835e+02
2.51946623e+02
2.50336028e+02
2.48478061e+02
2.47302487e+02
2.45543483e+02
2.43845211e+02
2.42868693e+02
2.41621290e+02
2.40187744e+02
2.39217352e+02
2.38121496e+02
2.37254986e+02
2.36132653e+02
2.34998964e+02
2.33968960e+02
2.33535089e+02
2.32586043e+02
2.31864638e+02
2.31207105e+02
2.30306095e+02
2.29807956e+02
2.29313718e+02
2.28618849e+02
2.70074426e+02
2.70225583e+02
2.70081310e+02
2.70762121e+02
2.69755238e+02
2.69440065e+02
2.68830225e+02
2.67848782e+02
2.67433576e+02
2.65644194e+02
2.64760769e+02
2.63485419e+02
2.62407185e+02
2.60728854e+02
2.59578207e+02
2.57688853e+02
2.56916474e+02
2.56345689e+02
2.54778992e+02
2.53711332e+02
2.52603993e+02
2.51927194e+02
2.51027318e+02
2.49987940e+02
2.49414039e+02
2.48747557e+02
2.47529014e+02
2.47150430e+02
2.46485197e+02
2.45765081e+02
2.45353604e+02
2.44647650e+02
2.44102459e+02
2.43546648e+02
2.42875179e+02
2.42486682e+02
2.42228574e+02
2.70250990e+02
2.70583280e+02
2.70696686e+02
2.70457460e+02
2.70863023e+02
2.70309714e+02
2.70121855e+02
2.69812721e+02
2.69085266e+02
2.68712669e+02
2.67711806e+02
2.67270593e+02
2.66259949e+02
2.65421246e+02
2.64788854e+02
2.64168880e+02
2.63481227e+02
2.62885526e+02
2.62282809e+02
2.61620698e+02
2.61058067e+02
2.60763446e+02
2.59794639e+02
2.59838904e+02
2.58869016e+02
2.58725542e+02
2.58365533e+02
2.57820060e+02
2.57929451e+02
2.57048717e+02
2.56718979e+02
2.56697119e+02
2.56308247e+02
2.55757027e+02
2.55607354e+02
2.55560291e+02
2.55472900e+02
