-2.2000e+02
-9.8865e+00
-2.9102e+00
-2.0907e+00
-1.4569e+00
-1.1030e+00
-8.7925e-01
-7.2389e-01
-6.0916e-01
-5.2080e-01
-4.5070e-01
-5.0619e-01
-4.8380e-01
-4.3459e-01
-3.9039e-01
-3.5180e-01
-3.1820e-01
-2.8885e-01
-2.6309e-01
-2.4038e-01
-2.2026e-01
-2.0235e-01
-1.8634e-01
-1.7197e-01
-1.5903e-01
-1.4733e-01
-1.3673e-01
-1.2707e-01
-1.1827e-01
-1.1023e-01
-1.0285e-01
-9.6073e-02
-8.9839e-02
-8.4091e-02
-7.8782e-02
-7.3873e-02
-1.2000e+02
0.0000e+00
0.0000e+00
-8.4944e+00
-6.4714e+00
-5.9400e+00
-5.2233e+00
-4.5555e+00
-3.9778e+00
-3.4875e+00
-3.0722e+00
-2.7279e+00
-2.4499e+00
-2.2046e+00
-1.9857e+00
-1.7914e+00
-1.6190e+00
-1.4660e+00
-1.3300e+00
-1.2089e+00
-1.1007e+00
-1.0040e+00
-9.1721e-01
-8.3927e-01
-7.6910e-01
-7.0581e-01
-6.4862e-01
-5.9686e-01
-5.4992e-01
-5.0729e-01
-4.6851e-01
-4.3318e-01
-4.0095e-01
-3.7150e-01
-3.4456e-01
-3.1989e-01
-2.0000e+01
-3.5976e+00
-4.3519e+00
-4.6456e+00
-5.1565e+00
-5.4904e+00
-5.4115e+00
-5.1328e+00
-4.7750e+00
-4.3963e+00
-4.0249e+00
-3.6739e+00
-3.3494e+00
-3.0541e+00
-2.7864e+00
-2.5439e+00
-2.3241e+00
-2.1249e+00
-1.9443e+00
-1.7805e+00
-1.6319e+00
-1.4972e+00
-1.3748e+00
-1.2636e+00
-1.1624e+00
-1.0704e+00
-9.8661e-01
-9.1021e-01
-8.4049e-01
-7.7681e-01
-7.1860e-01
-6.6533e-01
-6.1655e-01
-5.7182e-01
-5.3077e-01
-4.9308e-01
-1.2536e-01
-3.1998e-01
-5.6089e-01
-8.7540e-01
-1.1988e+00
-1.4713e+00
-1.6680e+00
-1.7873e+00
-1.8407e+00
-1.8439e+00
-1.8111e+00
-1.7541e+00
-1.6816e+00
-1.6002e+00
-1.5144e+00
-1.4276e+00
-1.3418e+00
-1.2583e+00
-1.1782e+00
-1.1018e+00
-1.0294e+00
-9.6119e-01
-8.9710e-01
-8.3705e-01
-7.8092e-01
-7.2854e-01
-6.7972e-01
-6.3426e-01
-5.9197e-01
-5.5264e-01
-5.1609e-01
-4.8212e-01
-4.5055e-01
-4.2123e-01
-3.9398e-01
-3.6865e-01
-7.1700e-03
-3.0476e-02
-6.3629e-02
-1.0850e-01
-1.6097e-01
-2.1090e-01
-2.5110e-01
-2.7894e-01
-2.9492e-01
-3.0107e-01
-2.9981e-01
-2.9330e-01
-2.8327e-01
-2.7104e-01
-2.5757e-01
-2.4354e-01
-2.2944e-01
-2.1555e-01
-2.0210e-01
-1.8919e-01
-1.7691e-01
-1.6529e-01
-1.5434e-01
-1.4405e-01
-1.3443e-01
-1.2543e-01
-1.1703e-01
-1.0921e-01
-1.0192e-01
-9.5145e-02
-8.8842e-02
-8.2983e-02
-7.7538e-02
-7.2477e-02
-6.7774e-02
-6.3405e-02
-9.3686e-01
-3.2000e+00
-4.6938e+00
-5.2826e+00
-5.4015e+00
-5.2807e+00
-5.0369e+00
-4.7353e+00
-4.4137e+00
-4.0936e+00
-3.7868e+00
-3.4993e+00
-3.2342e+00
-2.9922e+00
-2.7719e+00
-2.5714e+00
-2.3889e+00
-2.2227e+00
-2.0712e+00
-1.9327e+00
-1.8059e+00
-1.6896e+00
-1.5827e+00
-1.4842e+00
-1.3933e+00
-1.3093e+00
-1.2314e+00
-1.1592e+00
-1.0920e+00
-1.0294e+00
-9.7112e-01
-9.1668e-01
-8.6581e-01
-8.1821e-01
-7.7363e-01
-7.3184e-01
-1.2792e+00
-3.7589e+00
-4.8441e+00
-4.9897e+00
-4.8280e+00
-4.5737e+00
-4.2926e+00
-4.0090e+00
-3.7339e+00
-3.4727e+00
-3.2280e+00
-3.0009e+00
-2.7921e+00
-2.6008e+00
-2.4252e+00
-2.2637e+00
-2.1150e+00
-1.9781e+00
-1.8517e+00
-1.7349e+00
-1.6270e+00
-1.5270e+00
-1.4342e+00
-1.3481e+00
-1.2680e+00
-1.1935e+00
-1.1241e+00
-1.0593e+00
-9.9882e-01
-9.4229e-01
-8.8941e-01
-8.3991e-01
-7.9354e-01
-7.5006e-01
-7.0927e-01
-6.7098e-01
-8.2316e-02
-2.3155e-01
-5.7067e-01
-9.6465e-01
-1.2962e+00
-1.5357e+00
-1.6933e+00
-1.7868e+00
-1.8323e+00
-1.8422e+00
-1.8257e+00
-1.7899e+00
-1.7404e+00
-1.6814e+00
-1.6161e+00
-1.5471e+00
-1.4763e+00
-1.4050e+00
-1.3342e+00
-1.2648e+00
-1.1973e+00
-1.1321e+00
-1.0695e+00
-1.0096e+00
-9.5262e-01
-8.9845e-01
-8.4712e-01
-7.9858e-01
-7.5274e-01
-7.0952e-01
-6.6880e-01
-6.3048e-01
-5.9444e-01
-5.6055e-01
-5.2871e-01
-4.9879e-01
-6.9073e-02
-1.0736e-01
-1.8604e-01
-3.4066e-01
-5.3279e-01
-7.2079e-01
-8.8187e-01
-1.0084e+00
-1.1005e+00
-1.1617e+00
-1.1966e+00
-1.2100e+00
-1.2060e+00
-1.1887e+00
-1.1611e+00
-1.1262e+00
-1.0861e+00
-1.0426e+00
-9.9699e-01
-9.5046e-01
-9.0381e-01
-8.5768e-01
-8.1253e-01
-7.6870e-01
-7.2644e-01
-6.8589e-01
-6.4716e-01
-6.1030e-01
-5.7532e-01
-5.4219e-01
-5.1088e-01
-4.8134e-01
-4.5350e-01
-4.2729e-01
-4.0264e-01
-3.7947e-01
-1.2051e-01
-8.9060e-02
-1.2066e-01
-2.0496e-01
-3.2129e-01
-4.4534e-01
-5.5974e-01
-6.5535e-01
-7.2904e-01
-7.8120e-01
-8.1400e-01
-8.3034e-01
-8.3322e-01
-8.2544e-01
-8.0949e-01
-7.8746e-01
-7.6110e-01
-7.3178e-01
-7.0061e-01
-6.6845e-01
-6.3596e-01
-6.0365e-01
-5.7191e-01
-5.4099e-01
-5.1112e-01
-4.8241e-01
-4.5496e-01
-4.2881e-01
-4.0398e-01
-3.8046e-01
-3.5823e-01
-3.3726e-01
-3.1751e-01
-2.9891e-01
-2.8143e-01
-2.6501e-01
