2.69823077e+02
5.01252721e+01
4.01148900e+01
3.68878945e+01
3.49816708e+01
3.35840769e+01
3.25742115e+01
3.16874428e+01
3.08570659e+01
3.03026941e+01
2.98258777e+01
2.96023602e+01
2.88574306e+01
2.83314533e+01
2.76548736e+01
2.75489368e+01
2.70371783e+01
2.69548847e+01
2.66009963e+01
2.61193633e+01
2.59804591e+01
2.61358404e+01
2.60358103e+01
2.57682256e+01
2.53323672e+01
2.56021580e+01
2.49748304e+01
2.45866692e+01
2.49412015e+01
2.51540010e+01
2.45152103e+01
2.47313037e+01
2.46506247e+01
2.43192741e+01
2.42405594e+01
2.40989741e+01
2.40320163e+01
2.70577461e+02
1.49920926e+02
1.50287631e+02
1.50325774e+02
1.41482503e+02
1.34915616e+02
1.28903535e+02
1.23720462e+02
1.18988850e+02
1.14977925e+02
1.11468848e+02
1.08442748e+02
1.05615451e+02
1.03049020e+02
1.00910443e+02
9.93951165e+01
9.76010812e+01
9.59683996e+01
9.42318625e+01
9.28288826e+01
9.19410877e+01
9.10566858e+01
8.98362888e+01
8.85152336e+01
8.80393115e+01
8.74834842e+01
8.65392934e+01
8.59448659e+01
8.57819050e+01
8.44903557e+01
8.42717699e+01
8.38163051e+01
8.34389746e+01
8.30639085e+01
8.27349395e+01
8.23907947e+01
8.20365424e+01
2.70022018e+02
2.50054245e+02
2.46408079e+02
2.41411480e+02
2.36494988e+02
2.31292163e+02
2.25889224e+02
2.20699393e+02
2.15470572e+02
2.10434193e+02
2.06220433e+02
2.02252164e+02
1.98954166e+02
1.94885346e+02
1.92359592e+02
1.89297650e+02
1.86835443e+02
1.84613802e+02
1.82067599e+02
1.80030619e+02
1.78771143e+02
1.77292950e+02
1.75697039e+02
1.74217079e+02
1.73197765e+02
1.71516922e+02
1.71233887e+02
1.69910171e+02
1.68907443e+02
1.68231672e+02
1.67203629e+02
1.66336976e+02
1.66133439e+02
1.65466577e+02
1.65088537e+02
1.63974817e+02
1.63876973e+02
2.69603800e+02
2.69635275e+02
2.69988407e+02
2.69300765e+02
2.68212861e+02
2.67194003e+02
2.65377473e+02
2.64194492e+02
2.62227889e+02
2.60056322e+02
2.58777585e+02
2.57080830e+02
2.54969327e+02
2.53529137e+02
2.52114488e+02
2.50350145e+02
2.48918137e+02
2.47303082e+02
2.45940331e+02
2.45206839e+02
2.43915070e+02
2.42605388e+02
2.42124967e+02
2.41280092e+02
2.40678442e+02
2.39770911e+02
2.38645909e+02
2.37957988e+02
2.37686884e+02
2.36793127e+02
2.36519802e+02
2.36487908e+02
2.35493688e+02
2.35118288e+02
2.34664942e+02
2.34354938e+02
2.33851020e+02
2.68139763e+02
2.68148977e+02
2.68262571e+02
2.67847973e+02
2.67765575e+02
2.67340757e+02
2.67453193e+02
2.67223570e+02
2.67106465e+02
2.66804653e+02
2.66322668e+02
2.65649945e+02
2.65220424e+02
2.65253045e+02
2.64876071e+02
2.64704694e+02
2.64588677e+02
2.64258606e+02
2.64097330e+02
2.63527911e+02
2.63859281e+02
2.63505628e+02
2.63441265e+02
2.62752396e+02
2.62984961e+02
2.62750108e+02
2.62530580e+02
2.62453737e+02
2.62215592e+02
2.61993429e+02
2.62267833e+02
2.62034873e+02
2.61794791e+02
2.62012035e+02
2.61923448e+02
2.61619261e+02
2.61539454e+02
2.71629288e+02
2.70929639e+02
2.67877189e+02
2.63236142e+02
2.58397019e+02
2.53452371e+02
2.48256804e+02
2.43421297e+02
2.39217456e+02
2.34954373e+02
2.31576552e+02
2.27902545e+02
2.24643324e+02
2.22195900e+02
2.19139677e+02
2.17087260e+02
2.14172171e+02
2.12285910e+02
2.10064967e+02
2.08252094e+02
2.06822707e+02
2.05149258e+02
2.03760686e+02
2.02034169e+02
2.00740755e+02
1.99243710e+02
1.98194789e+02
1.97263856e+02
1.96277031e+02
1.95124730e+02
1.93535423e+02
1.93089596e+02
1.92503158e+02
1.91810070e+02
1.90708329e+02
1.90090269e+02
1.88951936e+02
2.71926241e+02
2.70358252e+02
2.66406422e+02
2.61859621e+02
2.56693396e+02
2.52073554e+02
2.47861485e+02
2.44136648e+02
2.40006072e+02
2.36790490e+02
2.33799741e+02
2.30444967e+02
2.28063006e+02
2.25221758e+02
2.22937772e+02
2.20997570e+02
2.18916627e+02
2.16876268e+02
2.15060323e+02
2.13487549e+02
2.12104615e+02
2.10195777e+02
2.09193787e+02
2.07783591e+02
2.06285493e+02
2.05728476e+02
2.04431016e+02
2.03274010e+02
2.02369413e+02
2.01286706e+02
2.00447309e+02
1.99631214e+02
1.98801277e+02
1.98260842e+02
1.97105209e+02
1.96474567e+02
1.96134097e+02
2.70866465e+02
2.71343224e+02
2.71263581e+02
2.70876843e+02
2.69846055e+02
2.68709464e+02
2.67449221e+02
2.65418842e+02
2.63981492e+02
2.62568464e+02
2.60840179e+02
2.59279758e+02
2.57376826e+02
2.55910496e+02
2.54183506e+02
2.52678877e+02
2.51478102e+02
2.50366947e+02
2.48829772e+02
2.47407685e+02
2.46253096e+02
2.45217585e+02
2.44147518e+02
2.43236059e+02
2.42366573e+02
2.41391240e+02
2.40673066e+02
2.39765402e+02
2.39381077e+02
2.38062385e+02
2.37479917e+02
2.37640467e+02
2.36613886e+02
2.36194492e+02
2.35863895e+02
2.34967361e+02
2.34400568e+02
2.71393560e+02
2.71563523e+02
2.71355805e+02
2.71492841e+02
2.70677822e+02
2.70297403e+02
2.69945162e+02
2.68920999e+02
2.67999834e+02
2.66937064e+02
2.66161360e+02
2.65268385e+02
2.63943461e+02
2.62850311e+02
2.61628880e+02
2.60745241e+02
2.59323404e+02
2.58460745e+02
2.57546221e+02
2.56266588e+02
2.55268807e+02
2.55003444e+02
2.53864028e+02
2.53025453e+02
2.52879439e+02
2.51533511e+02
2.51065727e+02
2.50478437e+02
2.50140088e+02
2.49710353e+02
2.49148487e+02
2.48848476e+02
2.47968200e+02
2.47831644e+02
2.47168671e+02
2.46658595e+02
2.46663788e+02
2.71019465e+02
2.71423384e+02
2.71040832e+02
2.70592143e+02
2.70917623e+02
2.70491300e+02
2.70371921e+02
2.69738598e+02
2.68954547e+02
2.68747203e+02
2.68127119e+02
2.67358879e+02
2.66246227e+02
2.65814818e+02
2.64420516e+02
2.64078190e+02
2.63511967e+02
2.62439788e+02
2.61890555e+02
2.61111225e+02
2.61062210e+02
2.59973533e+02
2.59283747e+02
2.58934513e+02
2.58487925e+02
2.57791988e+02
2.57417265e+02
2.57419360e+02
2.56630302e+02
2.56324580e+02
2.56092182e+02
2.55726649e+02
2.55760362e+02
2.55312773e+02
2.54908534e+02
2.54632495e+02
2.53991064e+02
