2.70129604e+02
5.01499374e+01
4.01855889e+01
3.69590751e+01
3.51377135e+01
3.35272695e+01
3.25979241e+01
3.17283815e+01
3.11952995e+01
3.06911698e+01
2.92982207e+01
2.94828902e+01
2.86097940e+01
2.86159736e+01
2.78095496e+01
2.72569560e+01
2.71567722e+01
2.71497665e+01
2.67876165e+01
2.60779234e+01
2.61839633e+01
2.60196183e+01
2.57513894e+01
2.53244792e+01
2.49985779e+01
2.51623575e+01
2.49824305e+01
2.45660780e+01
2.45704530e+01
2.44216455e+01
2.45565259e+01
2.45391854e+01
2.44403554e+01
2.38184104e+01
2.41560389e+01
2.40379199e+01
2.35695318e+01
2.69949919e+02
1.49649922e+02
1.50494537e+02
1.50176949e+02
1.41772747e+02
1.34702165e+02
1.28856322e+02
1.23349730e+02
1.19337078e+02
1.15482804e+02
1.11950938e+02
1.08660317e+02
1.06013699e+02
1.03073786e+02
1.01117881e+02
9.89791827e+01
9.70194409e+01
9.54138056e+01
9.45669833e+01
9.29731717e+01
9.19029742e+01
9.09485589e+01
8.94617187e+01
8.88343879e+01
8.80564530e+01
8.70394858e+01
8.65831158e+01
8.55777186e+01
8.50860954e+01
8.46160062e+01
8.35895861e+01
8.37064240e+01
8.29719966e+01
8.27763128e+01
8.24525845e+01
8.20973869e+01
8.15762544e+01
2.70226362e+02
2.49841233e+02
2.46064734e+02
2.41453434e+02
2.37143171e+02
2.31647550e+02
2.26049508e+02
2.20656647e+02
2.15660972e+02
2.10685471e+02
2.06392794e+02
2.02192069e+02
1.98257294e+02
1.95438530e+02
1.92382201e+02
1.89419759e+02
1.86760564e+02
1.84764992e+02
1.82404077e+02
1.80531905e+02
1.79123506e+02
1.76943873e+02
1.75590124e+02
1.74662684e+02
1.73165233e+02
1.71856627e+02
1.70788943e+02
1.69947321e+02
1.68859809e+02
1.67967818e+02
1.67139142e+02
1.66309701e+02
1.65956387e+02
1.65100879e+02
1.64947173e+02
1.64482042e+02
1.63596028e+02
2.69789955e+02
2.69661944e+02
2.69695093e+02
2.68929809e+02
2.68299131e+02
2.67333263e+02
2.65803902e+02
2.64342235e+02
2.62231186e+02
2.60504120e+02
2.58547831e+02
2.56990479e+02
2.55007169e+02
2.53370513e+02
2.51692387e+02
2.50317812e+02
2.48781089e+02
2.47821637e+02
2.46735111e+02
2.45046736e+02
2.44161432e+02
2.43146224e+02
2.42181609e+02
2.41076018e+02
2.40234139e+02
2.39826915e+02
2.38668864e+02
2.38111780e+02
2.37566461e+02
2.36605585e+02
2.36407882e+02
2.35446383e+02
2.35329444e+02
2.34791285e+02
2.33985833e+02
2.33648309e+02
2.33856721e+02
2.68281024e+02
2.68087098e+02
2.67880474e+02
2.67912026e+02
2.67746615e+02
2.67389338e+02
2.67812312e+02
2.66868995e+02
2.66943322e+02
2.66832585e+02
2.66031548e+02
2.66024313e+02
2.65550898e+02
2.65332472e+02
2.65215414e+02
2.64687356e+02
2.64568432e+02
2.64615290e+02
2.63586024e+02
2.63850988e+02
2.63390428e+02
2.63247684e+02
2.63411213e+02
2.63382816e+02
2.62852069e+02
2.62943088e+02
2.62958664e+02
2.62549266e+02
2.62241614e+02
2.62339937e+02
2.61869913e+02
2.62025347e+02
2.61944531e+02
2.61595853e+02
2.61854341e+02
2.61864509e+02
2.61868899e+02
2.71648562e+02
2.71033240e+02
2.67453690e+02
2.62730323e+02
2.57648781e+02
2.52312891e+02
2.46836010e+02
2.42227419e+02
2.38252717e+02
2.33356798e+02
2.29674155e+02
2.26223538e+02
2.22634957e+02
2.19595409e+02
2.16342973e+02
2.13861973e+02
2.10928395e+02
2.09071701e+02
2.06916250e+02
2.04819941e+02
2.03044866e+02
2.01260727e+02
1.99588951e+02
1.98070747e+02
1.96624423e+02
1.95005291e+02
1.93913470e+02
1.92505733e+02
1.91592201e+02
1.90439579e+02
1.89269513e+02
1.88278459e+02
1.87881273e+02
1.86369113e+02
1.85721690e+02
1.84866944e+02
1.84208295e+02
2.71471879e+02
2.70643714e+02
2.67044340e+02
2.63122979e+02
2.58246531e+02
2.53173497e+02
2.48596343e+02
2.44200422e+02
2.40385347e+02
2.36819521e+02
2.33274145e+02
2.30314396e+02
2.27552647e+02
2.24871661e+02
2.22341085e+02
2.19771506e+02
2.17651794e+02
2.15215447e+02
2.13887059e+02
2.11938397e+02
2.09739670e+02
2.08201103e+02
2.06756827e+02
2.05259645e+02
2.03820844e+02
2.02837837e+02
2.01003516e+02
2.00507608e+02
1.99617102e+02
1.98391572e+02
1.97315611e+02
1.96310819e+02
1.95377256e+02
1.94434730e+02
1.94056448e+02
1.92755491e+02
1.92506643e+02
2.71534579e+02
2.71564029e+02
2.71323737e+02
2.70947383e+02
2.70205293e+02
2.68786619e+02
2.67497705e+02
2.65797804e+02
2.64117535e+02
2.62590383e+02
2.60477602e+02
2.58875974e+02
2.56483708e+02
2.55233479e+02
2.53035638e+02
2.51632717e+02
2.49860143e+02
2.48951233e+02
2.47061440e+02
2.45720466e+02
2.43815137e+02
2.43202739e+02
2.41634247e+02
2.40440150e+02
2.39573281e+02
2.38331779e+02
2.37326935e+02
2.36630714e+02
2.35767436e+02
2.35006074e+02
2.33862977e+02
2.33068589e+02
2.32329743e+02
2.31648998e+02
2.31195933e+02
2.30850597e+02
2.29727597e+02
2.71660402e+02
2.71445090e+02
2.71536831e+02
2.71438751e+02
2.71381279e+02
2.70742097e+02
2.70110789e+02
2.69368209e+02
2.68369907e+02
2.67232260e+02
2.65842129e+02
2.64812007e+02
2.62906053e+02
2.62219675e+02
2.60951086e+02
2.59387811e+02
2.58582901e+02
2.57738103e+02
2.56317952e+02
2.55793265e+02
2.54328613e+02
2.53521867e+02
2.52760378e+02
2.51778489e+02
2.50952069e+02
2.50256056e+02
2.49414188e+02
2.48657000e+02
2.47902979e+02
2.46909357e+02
2.46859274e+02
2.46047626e+02
2.45501208e+02
2.45186444e+02
2.44707845e+02
2.44292496e+02
2.43679426e+02
2.71256896e+02
2.71695358e+02
2.71554814e+02
2.71615770e+02
2.71366615e+02
2.71150247e+02
2.70797337e+02
2.69896654e+02
2.69380575e+02
2.68667168e+02
2.68145806e+02
2.67237046e+02
2.66029858e+02
2.65882021e+02
2.64823151e+02
2.64064948e+02
2.63676674e+02
2.62924896e+02
2.62478287e+02
2.61316976e+02
2.61100368e+02
2.60293796e+02
2.59967179e+02
2.59246780e+02
2.58786971e+02
2.58466245e+02
2.58133931e+02
2.57420314e+02
2.57026445e+02
2.56563439e+02
2.56437092e+02
2.56133764e+02
2.55550609e+02
2.55439090e+02
2.55005988e+02
2.55054710e+02
2.54927548e+02
