2.70088281e+02
5.01739915e+01
3.94990132e+01
3.69933201e+01
3.50690003e+01
3.37997597e+01
3.22683978e+01
3.15883799e+01
3.09401272e+01
3.01549210e+01
2.95809667e+01
2.92595374e+01
2.89246076e+01
2.82222712e+01
2.81585591e+01
2.76417050e+01
2.70341443e+01
2.71857689e+01
2.65808666e+01
2.63322173e+01
2.64643405e+01
2.60443296e+01
2.57513724e+01
2.54779799e+01
2.56256384e+01
2.52816299e+01
2.53483221e+01
2.48205111e+01
2.51237914e+01
2.48108897e+01
2.47674661e+01
2.44612555e+01
2.44967538e+01
2.45476233e+01
2.45505643e+01
2.41460968e+01
2.37926375e+01
2.69969498e+02
1.49592214e+02
1.50006874e+02
1.49954906e+02
1.41252369e+02
1.34758938e+02
1.28060988e+02
1.23151477e+02
1.18729036e+02
1.14640399e+02
1.11071585e+02
1.08084603e+02
1.05393110e+02
1.02696833e+02
1.00718228e+02
9.87004755e+01
9.67710880e+01
9.54991856e+01
9.37588660e+01
9.23952658e+01
9.13423215e+01
9.05011279e+01
8.92151697e+01
8.83837408e+01
8.76600693e+01
8.72756096e+01
8.59766219e+01
8.55849108e+01
8.49813545e+01
8.45948072e+01
8.40630598e+01
8.35986116e+01
8.30712824e+01
8.29194992e+01
8.27715799e+01
8.22001563e+01
8.16717278e+01
2.69675602e+02
2.49913798e+02
2.45940738e+02
2.41231846e+02
2.36289430e+02
2.31100880e+02
2.25289602e+02
2.19689876e+02
2.14776449e+02
2.10111995e+02
2.05475514e+02
2.01550371e+02
1.97824657e+02
1.94657624e+02
1.91595413e+02
1.88555765e+02
1.85993413e+02
1.84157188e+02
1.81926437e+02
1.79727747e+02
1.77935461e+02
1.76354589e+02
1.74989566e+02
1.73337637e+02
1.72660167e+02
1.70898530e+02
1.69865742e+02
1.69147145e+02
1.68519792e+02
1.67278170e+02
1.66964224e+02
1.66063070e+02
1.65472430e+02
1.64578680e+02
1.64479993e+02
1.63914121e+02
1.63444665e+02
2.69007071e+02
2.68942520e+02
2.68648285e+02
2.68194279e+02
2.67506829e+02
2.66514583e+02
2.64851008e+02
2.63183812e+02
2.61415469e+02
2.59561589e+02
2.57719811e+02
2.56498582e+02
2.54361113e+02
2.52701269e+02
2.51079930e+02
2.49757609e+02
2.48558189e+02
2.47110605e+02
2.46193324e+02
2.44715936e+02
2.43895913e+02
2.43100986e+02
2.41910619e+02
2.40668871e+02
2.40162895e+02
2.39471911e+02
2.38852669e+02
2.37950913e+02
2.37192720e+02
2.36836612e+02
2.36129451e+02
2.36014168e+02
2.35339564e+02
2.34746884e+02
2.34623262e+02
2.34033916e+02
2.33832505e+02
2.67676884e+02
2.67592241e+02
2.67555800e+02
2.67775934e+02
2.67641962e+02
2.67490435e+02
2.67432555e+02
2.67122737e+02
2.66890863e+02
2.66487517e+02
2.65925464e+02
2.65995252e+02
2.65768308e+02
2.65330274e+02
2.65134808e+02
2.64954265e+02
2.64177434e+02
2.64234359e+02
2.64191864e+02
2.64110630e+02
2.63984363e+02
2.63988431e+02
2.63395546e+02
2.63085455e+02
2.62965176e+02
2.62865659e+02
2.62974250e+02
2.62485614e+02
2.62698864e+02
2.62510859e+02
2.62618065e+02
2.62629436e+02
2.62301408e+02
2.62483465e+02
2.62298827e+02
2.62018098e+02
2.62301076e+02
2.68007310e+02
2.67248574e+02
2.64701489e+02
2.60335496e+02
2.55434814e+02
2.50070649e+02
2.45451192e+02
2.40614941e+02
2.36543180e+02
2.32648177e+02
2.28671558e+02
2.25374870e+02
2.22145746e+02
2.19168245e+02
2.16675420e+02
2.14320305e+02
2.12147917e+02
2.09629866e+02
2.07989278e+02
2.06111294e+02
2.04347071e+02
2.02904940e+02
2.01520136e+02
1.99964053e+02
1.98870699e+02
1.97534657e+02
1.96638224e+02
1.95475532e+02
1.94562754e+02
1.92984347e+02
1.92377942e+02
1.91382534e+02
1.90712192e+02
1.89991363e+02
1.88955146e+02
1.88766094e+02
1.87698585e+02
2.68121659e+02
2.67556881e+02
2.64013930e+02
2.59498682e+02
2.54363722e+02
2.50159582e+02
2.45924807e+02
2.42081810e+02
2.38261624e+02
2.34850272e+02
2.32125798e+02
2.29151654e+02
2.26033529e+02
2.24072061e+02
2.22042340e+02
2.19573995e+02
2.17128527e+02
2.15109884e+02
2.13669389e+02
2.12091693e+02
2.10413296e+02
2.09053744e+02
2.07804116e+02
2.06304674e+02
2.05396150e+02
2.04323285e+02
2.02974996e+02
2.02176727e+02
2.01155735e+02
2.00444737e+02
1.99394677e+02
1.98755612e+02
1.98005950e+02
1.97118719e+02
1.96078429e+02
1.95534677e+02
1.95352918e+02
2.69698239e+02
2.69530054e+02
2.70052096e+02
2.69050645e+02
2.68165596e+02
2.66863890e+02
2.65725591e+02
2.64246014e+02
2.62546350e+02
2.61032668e+02
2.59274338e+02
2.57661009e+02
2.55850053e+02
2.54385905e+02
2.52731681e+02
2.51383502e+02
2.49868887e+02
2.48632128e+02
2.47194084e+02
2.46186481e+02
2.45167230e+02
2.44172964e+02
2.42374220e+02
2.42069488e+02
2.41081888e+02
2.39779143e+02
2.39478460e+02
2.38822519e+02
2.37700456e+02
2.37485436e+02
2.36539971e+02
2.36088364e+02
2.35641765e+02
2.35312099e+02
2.34201203e+02
2.34185550e+02
2.33591053e+02
2.70671754e+02
2.70594535e+02
2.70570674e+02
2.70202896e+02
2.70106246e+02
2.69758638e+02
2.68668330e+02
2.68569413e+02
2.67106171e+02
2.66366727e+02
2.65034045e+02
2.63984812e+02
2.62862816e+02
2.61618781e+02
2.60721969e+02
2.59478549e+02
2.58538718e+02
2.57627497e+02
2.56561597e+02
2.55450839e+02
2.55050772e+02
2.54129648e+02
2.53142246e+02
2.52612247e+02
2.51964412e+02
2.51166944e+02
2.50510659e+02
2.49986958e+02
2.49419017e+02
2.48439411e+02
2.48027489e+02
2.47535283e+02
2.47048584e+02
2.46854174e+02
2.46521739e+02
2.46375069e+02
2.45783552e+02
2.70877244e+02
2.70191180e+02
2.70507032e+02
2.70310863e+02
2.70164149e+02
2.69963778e+02
2.69713978e+02
2.68951563e+02
2.68876386e+02
2.67925578e+02
2.67239561e+02
2.66446171e+02
2.65409407e+02
2.64970058e+02
2.64338980e+02
2.63595501e+02
2.62758442e+02
2.61614298e+02
2.61511798e+02
2.60719896e+02
2.59817654e+02
2.59081787e+02
2.58979032e+02
2.58590776e+02
2.58040922e+02
2.57217588e+02
2.56915063e+02
2.56792676e+02
2.55969027e+02
2.55824484e+02
2.55366016e+02
2.55215849e+02
2.54692157e+02
2.54525612e+02
2.54241126e+02
2.53905589e+02
2.53591764e+02
