2.70015633e+02
5.00737689e+01
3.98201552e+01
3.66833014e+01
3.50933069e+01
3.32273681e+01
3.25614829e+01
3.14090567e+01
3.08200112e+01
3.05527063e+01
2.95855457e+01
2.93816690e+01
2.87602043e+01
2.83998236e+01
2.76792414e+01
2.78241303e+01
2.70574410e+01
2.67740616e+01
2.63999262e+01
2.64333516e+01
2.59942152e+01
2.53221435e+01
2.55586175e+01
2.53170161e+01
2.53628870e+01
2.53897525e+01
2.51104072e+01
2.49864058e+01
2.47946423e+01
2.44685180e+01
2.45123024e+01
2.43555769e+01
2.43200786e+01
2.41649463e+01
2.39785033e+01
2.40599289e+01
2.39884815e+01
2.70122826e+02
1.50009999e+02
1.49757055e+02
1.49959967e+02
1.41280716e+02
1.34468413e+02
1.28841562e+02
1.23370363e+02
1.18883879e+02
1.14995969e+02
1.11133397e+02
1.08458321e+02
1.05682855e+02
1.03185936e+02
1.00998790e+02
9.92575370e+01
9.67464342e+01
9.59261050e+01
9.43770842e+01
9.30175728e+01
9.16269989e+01
9.04473386e+01
8.99232856e+01
8.85492085e+01
8.79405265e+01
8.71865843e+01
8.66909768e+01
8.55524351e+01
8.52240465e+01
8.47989721e+01
8.38355856e+01
8.41369388e+01
8.32182303e+01
8.27962337e+01
8.23914146e+01
8.22717563e+01
8.20343700e+01
2.69991152e+02
2.50022675e+02
2.46158386e+02
2.41494244e+02
2.37105950e+02
2.31595496e+02
2.26147819e+02
2.21000743e+02
2.15588467e+02
2.10678399e+02
2.06081682e+02
2.02023412e+02
1.98388900e+02
1.95277896e+02
1.92328724e+02
1.89165324e+02
1.86982426e+02
1.84301484e+02
1.82383593e+02
1.80775861e+02
1.78625665e+02
1.77233526e+02
1.75590838e+02
1.74194852e+02
1.73188893e+02
1.71646950e+02
1.70784843e+02
1.70058166e+02
1.68957399e+02
1.68520869e+02
1.67471291e+02
1.66948613e+02
1.66016202e+02
1.65520967e+02
1.64730328e+02
1.64353402e+02
1.64039008e+02
2.69980474e+02
2.69755584e+02
2.69854626e+02
2.69145201e+02
2.68350981e+02
2.67329195e+02
2.65448384e+02
2.64318414e+02
2.62461080e+02
2.60708495e+02
2.59043122e+02
2.56877517e+02
2.55178146e+02
2.53678448e+02
2.52100732e+02
2.50379421e+02
2.49019635e+02
2.47867872e+02
2.47027849e+02
2.45487107e+02
2.44439126e+02
2.43377513e+02
2.43043654e+02
2.41365839e+02
2.41059897e+02
2.40270106e+02
2.39184541e+02
2.38759154e+02
2.38114437e+02
2.37422960e+02
2.37374310e+02
2.36657359e+02
2.36075408e+02
2.35714054e+02
2.35415903e+02
2.35039296e+02
2.34358826e+02
2.68072369e+02
2.68148959e+02
2.67997242e+02
2.67712889e+02
2.68283567e+02
2.67584603e+02
2.67513155e+02
2.67242588e+02
2.66851728e+02
2.66893314e+02
2.66057271e+02
2.65697572e+02
2.65343349e+02
2.65369987e+02
2.64870401e+02
2.64619007e+02
2.64242482e+02
2.64312769e+02
2.64510425e+02
2.63709925e+02
2.63590302e+02
2.63418923e+02
2.63141069e+02
2.63352062e+02
2.63053930e+02
2.62804034e+02
2.62709396e+02
2.62682698e+02
2.62084106e+02
2.62076702e+02
2.62118325e+02
2.62291464e+02
2.61855395e+02
2.61720694e+02
2.61632977e+02
2.61811638e+02
2.62015816e+02
2.71349679e+02
2.70452069e+02
2.67091690e+02
2.62997800e+02
2.57381009e+02
2.52439820e+02
2.47125585e+02
2.42045554e+02
2.36990544e+02
2.33028064e+02
2.29131094e+02
2.25822161e+02
2.22382974e+02
2.19362637e+02
2.16466359e+02
2.13914657e+02
2.11452098e+02
2.08873204e+02
2.07251266e+02
2.05256882e+02
2.03389245e+02
2.01767002e+02
2.00025481e+02
1.98682710e+02
1.97405239e+02
1.95868677e+02
1.94523782e+02
1.93648315e+02
1.92948982e+02
1.91827368e+02
1.90717534e+02
1.89951105e+02
1.88936428e+02
1.88135470e+02
1.87274593e+02
1.87216264e+02
1.86248264e+02
2.71015516e+02
2.70122640e+02
2.66877905e+02
2.62037551e+02
2.57234300e+02
2.52564405e+02
2.48074637e+02
2.43950564e+02
2.40199085e+02
2.36521776e+02
2.33338075e+02
2.30079398e+02
2.27184730e+02
2.24862742e+02
2.22226041e+02
2.19975626e+02
2.17774006e+02
2.15643849e+02
2.13907644e+02
2.12102060e+02
2.10404547e+02
2.08758139e+02
2.07623327e+02
2.06010528e+02
2.04690245e+02
2.03421933e+02
2.02389441e+02
2.01544527e+02
2.00594356e+02
1.99653781e+02
1.98972813e+02
1.97704429e+02
1.97306381e+02
1.96425618e+02
1.95675794e+02
1.94917270e+02
1.93993302e+02
2.71644715e+02
2.71050802e+02
2.70850264e+02
2.70809670e+02
2.69628212e+02
2.68605326e+02
2.67308614e+02
2.65661514e+02
2.63952914e+02
2.62195228e+02
2.60735701e+02
2.58812154e+02
2.56907956e+02
2.55316244e+02
2.53785154e+02
2.52311360e+02
2.50659704e+02
2.49245628e+02
2.48289478e+02
2.46669859e+02
2.45741357e+02
2.44524905e+02
2.43662122e+02
2.42334730e+02
2.41673903e+02
2.40808326e+02
2.39941865e+02
2.39357053e+02
2.38065253e+02
2.37374648e+02
2.37057521e+02
2.36578949e+02
2.35879952e+02
2.35026891e+02
2.35130223e+02
2.34039130e+02
2.33818930e+02
2.71422036e+02
2.71219318e+02
2.71292255e+02
2.71264871e+02
2.71136432e+02
2.70354584e+02
2.69736398e+02
2.68914886e+02
2.68089184e+02
2.67022600e+02
2.65638149e+02
2.64402861e+02
2.63581613e+02
2.61982827e+02
2.61294447e+02
2.59909973e+02
2.58953934e+02
2.57877877e+02
2.56704800e+02
2.55598154e+02
2.55307950e+02
2.54381598e+02
2.53266031e+02
2.52681112e+02
2.52051696e+02
2.50845396e+02
2.50370350e+02
2.49866728e+02
2.49388128e+02
2.49123144e+02
2.48487790e+02
2.47999233e+02
2.46980414e+02
2.46733806e+02
2.46767215e+02
2.46707900e+02
2.46046214e+02
2.70982983e+02
2.70932674e+02
2.71431090e+02
2.71175638e+02
2.71319664e+02
2.70647009e+02
2.70356975e+02
2.69932033e+02
2.68998541e+02
2.68792874e+02
2.67580533e+02
2.66849189e+02
2.66419917e+02
2.65551675e+02
2.64655715e+02
2.63745087e+02
2.63438126e+02
2.62860598e+02
2.61679934e+02
2.61687975e+02
2.60632491e+02
2.60099362e+02
2.59366498e+02
2.58922555e+02
2.58560092e+02
2.57966847e+02
2.57747285e+02
2.57183591e+02
2.57278956e+02
2.56640748e+02
2.56229395e+02
2.56150318e+02
2.55778601e+02
2.55670332e+02
2.55028506e+02
2.54911190e+02
2.54549806e+02
