-2.2000e+02
-9.7630e+00
-2.9220e+00
-2.1274e+00
-1.4819e+00
-1.1192e+00
-8.8957e-01
-7.3029e-01
-6.1289e-01
-5.2270e-01
-4.5135e-01
-5.0104e-01
-4.8217e-01
-4.3277e-01
-3.8847e-01
-3.4991e-01
-3.1644e-01
-2.8730e-01
-2.6180e-01
-2.3940e-01
-2.1961e-01
-2.0204e-01
-1.8638e-01
-1.7235e-01
-1.5974e-01
-1.4837e-01
-1.3806e-01
-1.2869e-01
-1.2016e-01
-1.1236e-01
-1.0521e-01
-9.8641e-02
-9.2596e-02
-8.7017e-02
-8.1862e-02
-7.7086e-02
-1.2000e+02
0.0000e+00
0.0000e+00
-8.5659e+00
-6.5669e+00
-6.0151e+00
-5.2770e+00
-4.5947e+00
-4.0067e+00
-3.5088e+00
-3.0877e+00
-2.7382e+00
-2.4565e+00
-2.2088e+00
-1.9881e+00
-1.7923e+00
-1.6190e+00
-1.4654e+00
-1.3291e+00
-1.2079e+00
-1.0999e+00
-1.0035e+00
-9.1711e-01
-8.3966e-01
-7.7006e-01
-7.0738e-01
-6.5083e-01
-5.9972e-01
-5.5344e-01
-5.1146e-01
-4.7332e-01
-4.3861e-01
-4.0698e-01
-3.7811e-01
-3.5171e-01
-3.2754e-01
-2.0000e+01
-3.9155e+00
-4.5154e+00
-4.7346e+00
-5.2285e+00
-5.5440e+00
-5.4495e+00
-5.1614e+00
-4.7973e+00
-4.4140e+00
-4.0391e+00
-3.6852e+00
-3.3585e+00
-3.0614e+00
-2.7925e+00
-2.5491e+00
-2.3288e+00
-2.1293e+00
-1.9488e+00
-1.7852e+00
-1.6371e+00
-1.5029e+00
-1.3812e+00
-1.2707e+00
-1.1704e+00
-1.0793e+00
-9.9635e-01
-9.2086e-01
-8.5205e-01
-7.8927e-01
-7.3194e-01
-6.7952e-01
-6.3154e-01
-5.8758e-01
-5.4727e-01
-5.1024e-01
-8.2930e-03
-2.2727e-01
-4.8277e-01
-8.0903e-01
-1.1426e+00
-1.4241e+00
-1.6288e+00
-1.7552e+00
-1.8151e+00
-1.8241e+00
-1.7966e+00
-1.7442e+00
-1.6759e+00
-1.5982e+00
-1.5158e+00
-1.4319e+00
-1.3487e+00
-1.2676e+00
-1.1896e+00
-1.1151e+00
-1.0446e+00
-9.7801e-01
-9.1546e-01
-8.5685e-01
-8.0206e-01
-7.5091e-01
-7.0324e-01
-6.5884e-01
-6.1751e-01
-5.7907e-01
-5.4331e-01
-5.1005e-01
-4.7910e-01
-4.5032e-01
-4.2353e-01
-3.9858e-01
2.6140e-03
-1.5863e-02
-5.3495e-02
-1.0444e-01
-1.6330e-01
-2.1914e-01
-2.6424e-01
-2.9579e-01
-3.1434e-01
-3.2215e-01
-3.2181e-01
-3.1567e-01
-3.0562e-01
-2.9309e-01
-2.7914e-01
-2.6451e-01
-2.4972e-01
-2.3512e-01
-2.2094e-01
-2.0733e-01
-1.9435e-01
-1.8206e-01
-1.7048e-01
-1.5961e-01
-1.4942e-01
-1.3989e-01
-1.3101e-01
-1.2272e-01
-1.1501e-01
-1.0782e-01
-1.0114e-01
-9.4926e-02
-8.9141e-02
-8.3760e-02
-7.8751e-02
-7.4089e-02
-8.8274e-01
-3.4689e+00
-4.9878e+00
-5.4875e+00
-5.5111e+00
-5.3123e+00
-5.0102e+00
-4.6680e+00
-4.3198e+00
-3.9839e+00
-3.6693e+00
-3.3799e+00
-3.1172e+00
-2.8806e+00
-2.6676e+00
-2.4756e+00
-2.3022e+00
-2.1453e+00
-2.0031e+00
-1.8736e+00
-1.7556e+00
-1.6476e+00
-1.5485e+00
-1.4573e+00
-1.3732e+00
-1.2954e+00
-1.2232e+00
-1.1562e+00
-1.0938e+00
-1.0356e+00
-9.8115e-01
-9.3024e-01
-8.8252e-01
-8.3775e-01
-7.9568e-01
-7.5612e-01
-1.0040e+00
-3.6086e+00
-4.7888e+00
-4.9643e+00
-4.8071e+00
-4.5488e+00
-4.2618e+00
-3.9731e+00
-3.6947e+00
-3.4322e+00
-3.1882e+00
-2.9632e+00
-2.7579e+00
-2.5711e+00
-2.4006e+00
-2.2447e+00
-2.1017e+00
-1.9705e+00
-1.8497e+00
-1.7385e+00
-1.6357e+00
-1.5406e+00
-1.4525e+00
-1.3706e+00
-1.2945e+00
-1.2235e+00
-1.1573e+00
-1.0954e+00
-1.0375e+00
-9.8324e-01
-9.3237e-01
-8.8460e-01
-8.3972e-01
-7.9750e-01
-7.5777e-01
-7.2034e-01
1.1074e-02
-1.1874e-01
-4.5436e-01
-8.6387e-01
-1.2225e+00
-1.4927e+00
-1.6799e+00
-1.7998e+00
-1.8676e+00
-1.8957e+00
-1.8939e+00
-1.8699e+00
-1.8295e+00
-1.7777e+00
-1.7181e+00
-1.6536e+00
-1.5863e+00
-1.5177e+00
-1.4491e+00
-1.3813e+00
-1.3150e+00
-1.2507e+00
-1.1886e+00
-1.1291e+00
-1.0720e+00
-1.0177e+00
-9.6594e-01
-9.1679e-01
-8.7018e-01
-8.2602e-01
-7.8421e-01
-7.4466e-01
-7.0727e-01
-6.7193e-01
-6.3853e-01
-6.0697e-01
2.5648e-02
6.3630e-03
-8.5767e-02
-2.5735e-01
-4.6864e-01
-6.7617e-01
-8.5537e-01
-9.9758e-01
-1.1027e+00
-1.1745e+00
-1.2178e+00
-1.2378e+00
-1.2393e+00
-1.2262e+00
-1.2024e+00
-1.1706e+00
-1.1332e+00
-1.0921e+00
-1.0487e+00
-1.0043e+00
-9.5950e-01
-9.1510e-01
-8.7153e-01
-8.2913e-01
-7.8814e-01
-7.4872e-01
-7.1096e-01
-6.7490e-01
-6.4057e-01
-6.0795e-01
-5.7699e-01
-5.4766e-01
-5.1990e-01
-4.9363e-01
-4.6881e-01
-4.4534e-01
2.9743e-02
1.2982e-02
-2.7771e-02
-1.0567e-01
-2.0841e-01
-3.1718e-01
-4.1757e-01
-5.0181e-01
-5.6718e-01
-6.1401e-01
-6.4421e-01
-6.6031e-01
-6.6493e-01
-6.6052e-01
-6.4922e-01
-6.3285e-01
-6.1288e-01
-5.9048e-01
-5.6657e-01
-5.4187e-01
-5.1690e-01
-4.9208e-01
-4.6771e-01
-4.4400e-01
-4.2108e-01
-3.9907e-01
-3.7803e-01
-3.5798e-01
-3.3893e-01
-3.2087e-01
-3.0378e-01
-2.8763e-01
-2.7238e-01
-2.5800e-01
-2.4445e-01
-2.3168e-01
