-2.2000e+02
-9.9377e+00
-2.9314e+00
-2.0953e+00
-1.4603e+00
-1.1047e+00
-8.7934e-01
-7.2278e-01
-6.0722e-01
-5.1828e-01
-4.7380e-01
-5.3233e-01
-4.8109e-01
-4.2997e-01
-3.8515e-01
-3.4628e-01
-3.1251e-01
-2.8306e-01
-2.5724e-01
-2.3450e-01
-2.1437e-01
-1.9647e-01
-1.8048e-01
-1.6615e-01
-1.5325e-01
-1.4160e-01
-1.3106e-01
-1.2148e-01
-1.1275e-01
-1.0479e-01
-9.7504e-02
-9.0824e-02
-8.4690e-02
-7.9047e-02
-7.3845e-02
-6.9047e-02
-1.2000e+02
0.0000e+00
0.0000e+00
-8.5045e+00
-6.5054e+00
-5.9683e+00
-5.2446e+00
-4.5735e+00
-3.9940e+00
-3.5027e+00
-3.0872e+00
-2.7510e+00
-2.4709e+00
-2.2214e+00
-1.9995e+00
-1.8028e+00
-1.6285e+00
-1.4738e+00
-1.3363e+00
-1.2136e+00
-1.1041e+00
-1.0060e+00
-9.1796e-01
-8.3885e-01
-7.6759e-01
-7.0330e-01
-6.4519e-01
-5.9259e-01
-5.4489e-01
-5.0158e-01
-4.6221e-01
-4.2635e-01
-3.9366e-01
-3.6382e-01
-3.3655e-01
-3.1160e-01
-2.0000e+01
-3.8887e+00
-4.5151e+00
-4.7365e+00
-5.2213e+00
-5.5346e+00
-5.4439e+00
-5.1609e+00
-4.8019e+00
-4.4232e+00
-4.0516e+00
-3.7002e+00
-3.3755e+00
-3.0793e+00
-2.8099e+00
-2.5651e+00
-2.3427e+00
-2.1407e+00
-1.9573e+00
-1.7908e+00
-1.6396e+00
-1.5023e+00
-1.3776e+00
-1.2642e+00
-1.1610e+00
-1.0671e+00
-9.8161e-01
-9.0367e-01
-8.3258e-01
-7.6769e-01
-7.0840e-01
-6.5420e-01
-6.0461e-01
-5.5919e-01
-5.1757e-01
-4.7940e-01
-1.4439e-01
-3.3674e-01
-5.6536e-01
-8.7241e-01
-1.1925e+00
-1.4647e+00
-1.6624e+00
-1.7830e+00
-1.8374e+00
-1.8409e+00
-1.8077e+00
-1.7497e+00
-1.6759e+00
-1.5929e+00
-1.5055e+00
-1.4170e+00
-1.3294e+00
-1.2443e+00
-1.1626e+00
-1.0847e+00
-1.0110e+00
-9.4159e-01
-8.7646e-01
-8.1552e-01
-7.5863e-01
-7.0564e-01
-6.5634e-01
-6.1053e-01
-5.6799e-01
-5.2853e-01
-4.9193e-01
-4.5801e-01
-4.2657e-01
-3.9743e-01
-3.7043e-01
-3.4541e-01
-9.2910e-03
-3.6978e-02
-7.1988e-02
-1.1972e-01
-1.7631e-01
-2.3057e-01
-2.7448e-01
-3.0500e-01
-3.2253e-01
-3.2926e-01
-3.2778e-01
-3.2047e-01
-3.0925e-01
-2.9557e-01
-2.8051e-01
-2.6484e-01
-2.4907e-01
-2.3356e-01
-2.1853e-01
-2.0412e-01
-1.9042e-01
-1.7747e-01
-1.6528e-01
-1.5385e-01
-1.4316e-01
-1.3319e-01
-1.2390e-01
-1.1526e-01
-1.0723e-01
-9.9779e-02
-9.2863e-02
-8.6450e-02
-8.0505e-02
-7.4995e-02
-6.9887e-02
-6.5153e-02
-7.5874e-01
-3.1998e+00
-4.6978e+00
-5.2297e+00
-5.2932e+00
-5.1304e+00
-4.8581e+00
-4.5392e+00
-4.2084e+00
-3.8848e+00
-3.5783e+00
-3.2938e+00
-3.0337e+00
-2.7975e+00
-2.5833e+00
-2.3891e+00
-2.2129e+00
-2.0528e+00
-1.9073e+00
-1.7747e+00
-1.6536e+00
-1.5428e+00
-1.4413e+00
-1.3479e+00
-1.2620e+00
-1.1828e+00
-1.1095e+00
-1.0417e+00
-9.7884e-01
-9.2045e-01
-8.6615e-01
-8.1561e-01
-7.6849e-01
-7.2453e-01
-6.8347e-01
-6.4509e-01
-8.6084e-01
-3.3240e+00
-4.5058e+00
-4.7289e+00
-4.6168e+00
-4.3930e+00
-4.1306e+00
-3.8585e+00
-3.5905e+00
-3.3338e+00
-3.0922e+00
-2.8676e+00
-2.6612e+00
-2.4720e+00
-2.2984e+00
-2.1389e+00
-1.9923e+00
-1.8576e+00
-1.7336e+00
-1.6194e+00
-1.5140e+00
-1.4166e+00
-1.3266e+00
-1.2433e+00
-1.1660e+00
-1.0943e+00
-1.0277e+00
-9.6568e-01
-9.0798e-01
-8.5423e-01
-8.0409e-01
-7.5730e-01
-7.1360e-01
-6.7275e-01
-6.3456e-01
-5.9881e-01
-4.1926e-02
-1.5288e-01
-4.5572e-01
-8.3310e-01
-1.1630e+00
-1.4070e+00
-1.5703e+00
-1.6688e+00
-1.7183e+00
-1.7311e+00
-1.7168e+00
-1.6829e+00
-1.6348e+00
-1.5772e+00
-1.5133e+00
-1.4457e+00
-1.3763e+00
-1.3065e+00
-1.2374e+00
-1.1697e+00
-1.1040e+00
-1.0407e+00
-9.8014e-01
-9.2237e-01
-8.6748e-01
-8.1551e-01
-7.6642e-01
-7.2013e-01
-6.7658e-01
-6.3564e-01
-5.9720e-01
-5.6115e-01
-5.2736e-01
-4.9570e-01
-4.6605e-01
-4.3829e-01
-2.2172e-02
-4.8739e-02
-1.2725e-01
-2.8011e-01
-4.7116e-01
-6.5873e-01
-8.1938e-01
-9.4517e-01
-1.0363e+00
-1.0965e+00
-1.1304e+00
-1.1427e+00
-1.1380e+00
-1.1200e+00
-1.0922e+00
-1.0571e+00
-1.0170e+00
-9.7378e-01
-9.2867e-01
-8.8278e-01
-8.3693e-01
-7.9175e-01
-7.4767e-01
-7.0504e-01
-6.6407e-01
-6.2490e-01
-5.8762e-01
-5.5226e-01
-5.1882e-01
-4.8727e-01
-4.5756e-01
-4.2963e-01
-4.0340e-01
-3.7880e-01
-3.5574e-01
-3.3415e-01
-2.0781e-02
-3.5931e-02
-8.3649e-02
-1.7383e-01
-2.9050e-01
-4.1157e-01
-5.2128e-01
-6.1168e-01
-6.8035e-01
-7.2807e-01
-7.5716e-01
-7.7056e-01
-7.7123e-01
-7.6191e-01
-7.4501e-01
-7.2254e-01
-6.9616e-01
-6.6718e-01
-6.3664e-01
-6.0536e-01
-5.7396e-01
-5.4289e-01
-5.1252e-01
-4.8308e-01
-4.5476e-01
-4.2766e-01
-4.0186e-01
-3.7738e-01
-3.5423e-01
-3.3239e-01
-3.1183e-01
-2.9251e-01
-2.7438e-01
-2.5739e-01
-2.4147e-01
-2.2658e-01
