-2.2000e+02
-9.6427e+00
-2.8780e+00
-2.1225e+00
-1.4799e+00
-1.1180e+00
-8.8884e-01
-7.2985e-01
-6.1261e-01
-5.2247e-01
-4.5108e-01
-4.4490e-01
-4.7621e-01
-4.2991e-01
-3.8606e-01
-3.4750e-01
-3.1386e-01
-2.8447e-01
-2.5871e-01
-2.3603e-01
-2.1596e-01
-1.9812e-01
-1.8220e-01
-1.6793e-01
-1.5510e-01
-1.4351e-01
-1.3301e-01
-1.2348e-01
-1.1479e-01
-1.0685e-01
-9.9588e-02
-9.2920e-02
-8.6789e-02
-8.1140e-02
-7.5929e-02
-7.1111e-02
-1.2000e+02
0.0000e+00
0.0000e+00
-8.3498e+00
-6.4568e+00
-5.9452e+00
-5.2335e+00
-4.5665e+00
-3.9879e+00
-3.4961e+00
-3.0789e+00
-2.7258e+00
-2.4415e+00
-2.1979e+00
-1.9795e+00
-1.7848e+00
-1.6117e+00
-1.4579e+00
-1.3211e+00
-1.1992e+00
-1.0905e+00
-9.9319e-01
-9.0602e-01
-8.2775e-01
-7.5736e-01
-6.9393e-01
-6.3667e-01
-5.8491e-01
-5.3803e-01
-4.9550e-01
-4.5687e-01
-4.2172e-01
-3.8970e-01
-3.6049e-01
-3.3380e-01
-3.0939e-01
-2.0000e+01
-3.7456e+00
-4.4188e+00
-4.6693e+00
-5.1611e+00
-5.4873e+00
-5.4086e+00
-5.1319e+00
-4.7755e+00
-4.3972e+00
-4.0251e+00
-3.6724e+00
-3.3454e+00
-3.0469e+00
-2.7764e+00
-2.5315e+00
-2.3097e+00
-2.1087e+00
-1.9266e+00
-1.7616e+00
-1.6120e+00
-1.4764e+00
-1.3534e+00
-1.2418e+00
-1.1404e+00
-1.0483e+00
-9.6448e-01
-8.8819e-01
-8.1868e-01
-7.5528e-01
-6.9742e-01
-6.4456e-01
-5.9622e-01
-5.5198e-01
-5.1144e-01
-4.7427e-01
-6.9200e-02
-2.7836e-01
-5.2835e-01
-8.5079e-01
-1.1804e+00
-1.4564e+00
-1.6540e+00
-1.7724e+00
-1.8238e+00
-1.8244e+00
-1.7891e+00
-1.7296e+00
-1.6550e+00
-1.5718e+00
-1.4846e+00
-1.3966e+00
-1.3100e+00
-1.2261e+00
-1.1457e+00
-1.0693e+00
-9.9715e-01
-9.2927e-01
-8.6565e-01
-8.0618e-01
-7.5071e-01
-6.9905e-01
-6.5100e-01
-6.0635e-01
-5.6489e-01
-5.2641e-01
-4.9071e-01
-4.5759e-01
-4.2687e-01
-3.9838e-01
-3.7196e-01
-3.4744e-01
-1.9700e-04
-1.7190e-03
-4.1990e-03
-7.5400e-03
-1.1378e-02
-1.4961e-02
-1.7794e-02
-1.9715e-02
-2.0780e-02
-2.1149e-02
-2.1001e-02
-2.0488e-02
-1.9738e-02
-1.8840e-02
-1.7861e-02
-1.6851e-02
-1.5839e-02
-1.4848e-02
-1.3893e-02
-1.2979e-02
-1.2112e-02
-1.1294e-02
-1.0526e-02
-9.8060e-03
-9.1340e-03
-8.5060e-03
-7.9220e-03
-7.3790e-03
-6.8750e-03
-6.4060e-03
-5.9720e-03
-5.5670e-03
-5.1940e-03
-4.8450e-03
-4.5240e-03
-4.2250e-03
-1.0108e+00
-3.4859e+00
-4.8927e+00
-5.3396e+00
-5.3490e+00
-5.1552e+00
-4.8663e+00
-4.5393e+00
-4.2058e+00
-3.8828e+00
-3.5787e+00
-3.2974e+00
-3.0403e+00
-2.8075e+00
-2.5970e+00
-2.4064e+00
-2.2337e+00
-2.0768e+00
-1.9341e+00
-1.8039e+00
-1.6849e+00
-1.5759e+00
-1.4757e+00
-1.3834e+00
-1.2983e+00
-1.2196e+00
-1.1466e+00
-1.0788e+00
-1.0158e+00
-9.5710e-01
-9.0234e-01
-8.5119e-01
-8.0336e-01
-7.5858e-01
-7.1661e-01
-6.7725e-01
-1.1299e+00
-3.6037e+00
-4.6719e+00
-4.8051e+00
-4.6434e+00
-4.3958e+00
-4.1233e+00
-3.8485e+00
-3.5818e+00
-3.3286e+00
-3.0913e+00
-2.8711e+00
-2.6684e+00
-2.4831e+00
-2.3134e+00
-2.1577e+00
-2.0145e+00
-1.8827e+00
-1.7613e+00
-1.6492e+00
-1.5456e+00
-1.4497e+00
-1.3608e+00
-1.2783e+00
-1.2016e+00
-1.1302e+00
-1.0636e+00
-1.0016e+00
-9.4364e-01
-8.8948e-01
-8.3880e-01
-7.9136e-01
-7.4690e-01
-7.0521e-01
-6.6610e-01
-6.2938e-01
-5.2524e-02
-1.7969e-01
-4.9907e-01
-8.8107e-01
-1.2075e+00
-1.4461e+00
-1.6048e+00
-1.7005e+00
-1.7484e+00
-1.7608e+00
-1.7467e+00
-1.7134e+00
-1.6661e+00
-1.6092e+00
-1.5461e+00
-1.4791e+00
-1.4103e+00
-1.3410e+00
-1.2722e+00
-1.2048e+00
-1.1392e+00
-1.0760e+00
-1.0153e+00
-9.5730e-01
-9.0210e-01
-8.4972e-01
-8.0013e-01
-7.5327e-01
-7.0907e-01
-6.6743e-01
-6.2824e-01
-5.9138e-01
-5.5675e-01
-5.2423e-01
-4.9369e-01
-4.6502e-01
-3.3539e-02
-5.7925e-02
-1.3687e-01
-2.9257e-01
-4.8600e-01
-6.7549e-01
-8.3804e-01
-9.6582e-01
-1.0590e+00
-1.1210e+00
-1.1566e+00
-1.1705e+00
-1.1670e+00
-1.1500e+00
-1.1228e+00
-1.0882e+00
-1.0485e+00
-1.0054e+00
-9.6026e-01
-9.1428e-01
-8.6823e-01
-8.2275e-01
-7.7830e-01
-7.3522e-01
-6.9374e-01
-6.5400e-01
-6.1610e-01
-5.8008e-01
-5.4595e-01
-5.1367e-01
-4.8322e-01
-4.5452e-01
-4.2751e-01
-4.0212e-01
-3.7827e-01
-3.5588e-01
-4.1098e-02
-3.8637e-02
-8.2004e-02
-1.7286e-01
-2.9285e-01
-4.1862e-01
-5.3344e-01
-6.2869e-01
-7.0159e-01
-7.5279e-01
-7.8462e-01
-8.0008e-01
-8.0222e-01
-7.9387e-01
-7.7751e-01
-7.5524e-01
-7.2880e-01
-6.9956e-01
-6.6860e-01
-6.3678e-01
-6.0474e-01
-5.7297e-01
-5.4183e-01
-5.1160e-01
-4.8245e-01
-4.5450e-01
-4.2784e-01
-4.0249e-01
-3.7847e-01
-3.5577e-01
-3.3435e-01
-3.1419e-01
-2.9522e-01
-2.7741e-01
-2.6069e-01
-2.4501e-01
