2.70027896e+02
4.99141728e+01
4.04605039e+01
3.71594512e+01
3.52543621e+01
3.39223874e+01
3.25066849e+01
3.13702710e+01
3.11401463e+01
3.03102402e+01
3.00786784e+01
2.92674285e+01
2.90263111e+01
2.86016891e+01
2.80884009e+01
2.73553810e+01
2.72847989e+01
2.68936587e+01
2.61089651e+01
2.63988090e+01
2.59641505e+01
2.54598612e+01
2.56699329e+01
2.54470925e+01
2.50152706e+01
2.51856035e+01
2.49356215e+01
2.47835921e+01
2.49059506e+01
2.51062329e+01
2.45672062e+01
2.44997206e+01
2.43509264e+01
2.41547728e+01
2.44995479e+01
2.40367692e+01
2.41670325e+01
2.70013290e+02
1.50067644e+02
1.50033992e+02
1.50102314e+02
1.41386505e+02
1.35011363e+02
1.29306784e+02
1.23533688e+02
1.18733728e+02
1.14912516e+02
1.11642910e+02
1.08723641e+02
1.05567621e+02
1.03103553e+02
1.00990921e+02
9.89930668e+01
9.70905853e+01
9.54175841e+01
9.38468458e+01
9.27217658e+01
9.14927423e+01
9.05080507e+01
8.94373944e+01
8.88733745e+01
8.75138021e+01
8.67457351e+01
8.62524955e+01
8.56003147e+01
8.50970880e+01
8.43918361e+01
8.39500254e+01
8.34552119e+01
8.31244602e+01
8.21913091e+01
8.21425747e+01
8.17619706e+01
8.14647075e+01
2.70024550e+02
2.50225691e+02
2.45881266e+02
2.41468763e+02
2.36561458e+02
2.31224364e+02
2.25873749e+02
2.20715247e+02
2.15376698e+02
2.10467886e+02
2.06274885e+02
2.02362059e+02
1.98628602e+02
1.95115420e+02
1.92495251e+02
1.89305310e+02
1.86487474e+02
1.84665868e+02
1.82398536e+02
1.80456739e+02
1.78705775e+02
1.76898746e+02
1.75821368e+02
1.74166315e+02
1.72773151e+02
1.71758446e+02
1.70616093e+02
1.69869928e+02
1.68704872e+02
1.67349398e+02
1.67008441e+02
1.66239722e+02
1.65546670e+02
1.64739230e+02
1.64149488e+02
1.63515278e+02
1.63002265e+02
2.69905987e+02
2.69839845e+02
2.69843711e+02
2.69352463e+02
2.68527148e+02
2.67226220e+02
2.66135838e+02
2.64181201e+02
2.62076242e+02
2.60247755e+02
2.58967960e+02
2.56830494e+02
2.55279656e+02
2.53401254e+02
2.52094196e+02
2.50280889e+02
2.48976351e+02
2.47477680e+02
2.46661362e+02
2.45407881e+02
2.43948098e+02
2.42827923e+02
2.42484922e+02
2.41484715e+02
2.40408953e+02
2.39475418e+02
2.38928484e+02
2.38202073e+02
2.37460971e+02
2.36944774e+02
2.35939989e+02
2.35652492e+02
2.35123256e+02
2.34504282e+02
2.33866182e+02
2.34176063e+02
2.33142864e+02
2.68193121e+02
2.68182063e+02
2.67993095e+02
2.67813798e+02
2.67901044e+02
2.67610892e+02
2.67406980e+02
2.67225439e+02
2.66543767e+02
2.66565059e+02
2.66186878e+02
2.65549991e+02
2.65871558e+02
2.64967493e+02
2.65021975e+02
2.64136638e+02
2.64671977e+02
2.64105011e+02
2.64084464e+02
2.63763830e+02
2.63422090e+02
2.63598881e+02
2.63582063e+02
2.62597365e+02
2.62788476e+02
2.62700410e+02
2.62551828e+02
2.62362316e+02
2.62456802e+02
2.62349317e+02
2.62253781e+02
2.61698402e+02
2.61772360e+02
2.61742641e+02
2.61524333e+02
2.61552706e+02
2.61160113e+02
2.71907850e+02
2.71034154e+02
2.67525171e+02
2.62520267e+02
2.57159685e+02
2.51525952e+02
2.46435684e+02
2.41105157e+02
2.36858650e+02
2.32506179e+02
2.28549506e+02
2.24926754e+02
2.21575759e+02
2.18044008e+02
2.15090831e+02
2.12540415e+02
2.10078693e+02
2.07400838e+02
2.05764278e+02
2.03396415e+02
2.01679978e+02
2.00151783e+02
1.98419006e+02
1.96811006e+02
1.95706292e+02
1.93949281e+02
1.92753129e+02
1.91169671e+02
1.90218655e+02
1.89531819e+02
1.88106958e+02
1.87234093e+02
1.86388943e+02
1.85047658e+02
1.84416584e+02
1.83715064e+02
1.83153605e+02
2.71947186e+02
2.70549340e+02
2.67418485e+02
2.62675570e+02
2.57292637e+02
2.52920430e+02
2.48432772e+02
2.43533602e+02
2.39677509e+02
2.36193046e+02
2.32943077e+02
2.29555199e+02
2.26401467e+02
2.24021439e+02
2.21582535e+02
2.19247882e+02
2.16453840e+02
2.14614867e+02
2.12561638e+02
2.10757065e+02
2.08690916e+02
2.07451031e+02
2.05965988e+02
2.04597502e+02
2.02906686e+02
2.01785212e+02
2.00244092e+02
1.99587409e+02
1.98457468e+02
1.97149058e+02
1.96295546e+02
1.95215690e+02
1.94269231e+02
1.93385943e+02
1.92654869e+02
1.92066842e+02
1.91165116e+02
2.71757680e+02
2.71758016e+02
2.71566306e+02
2.71103338e+02
2.70193325e+02
2.69300801e+02
2.67542791e+02
2.66089520e+02
2.64123793e+02
2.62532907e+02
2.60132575e+02
2.58396659e+02
2.56325655e+02
2.54612440e+02
2.53171456e+02
2.51557296e+02
2.49288947e+02
2.48125347e+02
2.46695601e+02
2.44981130e+02
2.43703234e+02
2.42307794e+02
2.41040756e+02
2.40400466e+02
2.38727534e+02
2.37955370e+02
2.36484650e+02
2.35672406e+02
2.34885453e+02
2.33747194e+02
2.33140700e+02
2.32818432e+02
2.31696161e+02
2.31111768e+02
2.30074384e+02
2.29621844e+02
2.29033981e+02
2.71402742e+02
2.71672790e+02
2.71508161e+02
2.71772522e+02
2.71155049e+02
2.70466575e+02
2.70228464e+02
2.68954177e+02
2.68287183e+02
2.66785167e+02
2.66291990e+02
2.64775415e+02
2.63613415e+02
2.62586591e+02
2.61218033e+02
2.59775859e+02
2.58702114e+02
2.57297730e+02
2.56534147e+02
2.55366279e+02
2.54393365e+02
2.53178058e+02
2.52724397e+02
2.51704310e+02
2.50694072e+02
2.50067659e+02
2.49399962e+02
2.48978547e+02
2.47980075e+02
2.47306733e+02
2.46682704e+02
2.45882844e+02
2.45628705e+02
2.45022072e+02
2.44621223e+02
2.44390877e+02
2.43950163e+02
2.71751927e+02
2.71239001e+02
2.71522816e+02
2.71603286e+02
2.71068617e+02
2.70944348e+02
2.70341248e+02
2.70166236e+02
2.69764022e+02
2.69074422e+02
2.68731125e+02
2.67884301e+02
2.67043584e+02
2.66848915e+02
2.66113314e+02
2.65338700e+02
2.64376464e+02
2.63914219e+02
2.63855434e+02
2.62919654e+02
2.62185571e+02
2.61511748e+02
2.61393912e+02
2.60913211e+02
2.60369479e+02
2.60051830e+02
2.59634801e+02
2.59088665e+02
2.58754905e+02
2.58616455e+02
2.58367814e+02
2.58043505e+02
2.57568220e+02
2.57217286e+02
2.57288347e+02
2.57110609e+02
2.56723182e+02
