2.70036752e+02
4.97294933e+01
4.02925108e+01
3.76352013e+01
3.50644749e+01
3.37575520e+01
3.25079718e+01
3.20600407e+01
3.10984162e+01
3.03119019e+01
2.99888609e+01
2.95258294e+01
2.89583431e+01
2.86947906e+01
2.82257367e+01
2.77090741e+01
2.71216903e+01
2.69372468e+01
2.67635890e+01
2.65735845e+01
2.61877878e+01
2.62694540e+01
2.57967415e+01
2.59273645e+01
2.55491910e+01
2.50207101e+01
2.53561639e+01
2.51529820e+01
2.51481592e+01
2.47453590e+01
2.44000870e+01
2.44259275e+01
2.45588540e+01
2.45268529e+01
2.39947995e+01
2.44577121e+01
2.43271970e+01
2.70097209e+02
1.50218449e+02
1.50206680e+02
1.50006195e+02
1.41851653e+02
1.35740597e+02
1.29651615e+02
1.24562424e+02
1.19785357e+02
1.16184629e+02
1.12458102e+02
1.09256006e+02
1.06904348e+02
1.04494670e+02
1.01816901e+02
9.99633336e+01
9.77936347e+01
9.63362255e+01
9.50057732e+01
9.36793526e+01
9.26443648e+01
9.10454550e+01
9.02972293e+01
8.91435800e+01
8.83020363e+01
8.79415543e+01
8.69765510e+01
8.62991728e+01
8.56767709e+01
8.50011694e+01
8.47237925e+01
8.43363019e+01
8.35841847e+01
8.34685436e+01
8.29484549e+01
8.27738105e+01
8.19518287e+01
2.70241134e+02
2.50201144e+02
2.46784791e+02
2.42475105e+02
2.38537125e+02
2.33338404e+02
2.27667789e+02
2.22432586e+02
2.17202236e+02
2.12315312e+02
2.07827366e+02
2.03828892e+02
1.99863026e+02
1.96357659e+02
1.93438700e+02
1.91132625e+02
1.88250597e+02
1.85431442e+02
1.83639862e+02
1.81668192e+02
1.79897499e+02
1.78315992e+02
1.76435081e+02
1.75353498e+02
1.74073393e+02
1.72795008e+02
1.71902140e+02
1.71053954e+02
1.69863155e+02
1.68825050e+02
1.67892812e+02
1.67067379e+02
1.66996892e+02
1.66187166e+02
1.65664701e+02
1.64763492e+02
1.64067552e+02
2.73146199e+02
2.72966414e+02
2.72386659e+02
2.71678925e+02
2.70828151e+02
2.69268433e+02
2.67457461e+02
2.65616553e+02
2.63942865e+02
2.62271338e+02
2.60382278e+02
2.58352120e+02
2.56281517e+02
2.54434857e+02
2.53025151e+02
2.51396180e+02
2.49784351e+02
2.48927880e+02
2.47730156e+02
2.46433403e+02
2.45204847e+02
2.44096453e+02
2.43309734e+02
2.42428222e+02
2.41495777e+02
2.40952370e+02
2.39820189e+02
2.39361418e+02
2.38749848e+02
2.37836262e+02
2.37369662e+02
2.37065091e+02
2.36115727e+02
2.36274458e+02
2.35632439e+02
2.35233556e+02
2.35132985e+02
2.68644231e+02
2.68658078e+02
2.68737568e+02
2.68449506e+02
2.68083138e+02
2.67718541e+02
2.67885230e+02
2.67212351e+02
2.67535164e+02
2.66657918e+02
2.66534816e+02
2.66323614e+02
2.66130921e+02
2.65570017e+02
2.65219156e+02
2.64967960e+02
2.64586478e+02
2.64783505e+02
2.64013429e+02
2.64076562e+02
2.63605885e+02
2.63554892e+02
2.63554554e+02
2.62790107e+02
2.62856773e+02
2.63374866e+02
2.62793334e+02
2.62699282e+02
2.62490716e+02
2.62577124e+02
2.62150440e+02
2.62439938e+02
2.61809061e+02
2.62595182e+02
2.62053201e+02
2.61949786e+02
2.61567302e+02
2.77334881e+02
2.75588109e+02
2.72102740e+02
2.67150415e+02
2.61217318e+02
2.55467331e+02
2.50215696e+02
2.45032367e+02
2.40227305e+02
2.35431901e+02
2.31690283e+02
2.27870631e+02
2.24374193e+02
2.21542953e+02
2.18529266e+02
2.15529085e+02
2.12892335e+02
2.10670154e+02
2.08738408e+02
2.06903317e+02
2.04871019e+02
2.03167716e+02
2.01484652e+02
1.99588138e+02
1.98475782e+02
1.97268178e+02
1.95781072e+02
1.94692483e+02
1.93211558e+02
1.92477641e+02
1.91503252e+02
1.90268162e+02
1.89464046e+02
1.88822387e+02
1.87729356e+02
1.87679621e+02
1.86830743e+02
2.76868290e+02
2.75466354e+02
2.71453794e+02
2.66758976e+02
2.61825640e+02
2.56733126e+02
2.52037066e+02
2.47720875e+02
2.43806333e+02
2.39463929e+02
2.36106855e+02
2.33275061e+02
2.30117362e+02
2.26916711e+02
2.25051754e+02
2.22063444e+02
2.19662098e+02
2.17821950e+02
2.15810069e+02
2.14093516e+02
2.12210057e+02
2.10385755e+02
2.08905529e+02
2.07588802e+02
2.06531356e+02
2.04990477e+02
2.03413532e+02
2.02770262e+02
2.01927667e+02
2.00719463e+02
2.00175411e+02
1.99097502e+02
1.98010399e+02
1.97254708e+02
1.97119246e+02
1.95824455e+02
1.95651308e+02
2.75705466e+02
2.75350881e+02
2.75321093e+02
2.74528503e+02
2.73529555e+02
2.71800734e+02
2.70059646e+02
2.68393911e+02
2.66323472e+02
2.64462837e+02
2.62469274e+02
2.60895356e+02
2.59036458e+02
2.56904711e+02
2.55471141e+02
2.53782048e+02
2.52303068e+02
2.50448193e+02
2.49465128e+02
2.48328378e+02
2.46845830e+02
2.45864665e+02
2.44334060e+02
2.43172497e+02
2.42252168e+02
2.41546032e+02
2.41141869e+02
2.39871412e+02
2.38923308e+02
2.38257229e+02
2.37826730e+02
2.36936412e+02
2.35896697e+02
2.35701307e+02
2.35479897e+02
2.34283943e+02
2.34121199e+02
2.75344833e+02
2.74742667e+02
2.74331942e+02
2.74155175e+02
2.73479841e+02
2.72868266e+02
2.71998360e+02
2.70480817e+02
2.69847238e+02
2.68747372e+02
2.67963057e+02
2.66306282e+02
2.64671425e+02
2.63633958e+02
2.62710773e+02
2.60982069e+02
2.60167544e+02
2.59066489e+02
2.57848535e+02
2.56951627e+02
2.55489058e+02
2.55021032e+02
2.53959961e+02
2.53052858e+02
2.52078467e+02
2.51544224e+02
2.51225145e+02
2.50530579e+02
2.49644561e+02
2.49152310e+02
2.48551480e+02
2.48189734e+02
2.47540050e+02
2.47240288e+02
2.47262331e+02
2.46724145e+02
2.46122517e+02
2.74232864e+02
2.73744442e+02
2.73449796e+02
2.73575322e+02
2.72862207e+02
2.72987900e+02
2.71919824e+02
2.71277652e+02
2.70373402e+02
2.69888712e+02
2.69155588e+02
2.68454122e+02
2.67597701e+02
2.66511235e+02
2.65990292e+02
2.64924659e+02
2.64340522e+02
2.63156005e+02
2.62861690e+02
2.62154855e+02
2.61371401e+02
2.60391474e+02
2.60122162e+02
2.59782766e+02
2.59010346e+02
2.58803727e+02
2.58347097e+02
2.58064273e+02
2.57357599e+02
2.57337013e+02
2.56712014e+02
2.56554578e+02
2.55785871e+02
2.55273109e+02
2.55193660e+02
2.55123184e+02
2.54608924e+02
