2.70184132e+02
5.02465514e+01
4.01049454e+01
3.70395936e+01
3.47462632e+01
3.31476545e+01
3.24220881e+01
3.19104149e+01
3.07361532e+01
3.01556821e+01
2.95488547e+01
2.92379937e+01
2.86884283e+01
2.84044963e+01
2.79804074e+01
2.77118050e+01
2.74022219e+01
2.69371197e+01
2.67223823e+01
2.59901516e+01
2.60068660e+01
2.56448747e+01
2.56233802e+01
2.56465762e+01
2.54530123e+01
2.51884283e+01
2.51943171e+01
2.48730002e+01
2.45704585e+01
2.42948289e+01
2.45464991e+01
2.43076078e+01
2.44813953e+01
2.46846428e+01
2.43964719e+01
2.42544993e+01
2.41467992e+01
2.69848395e+02
1.50033531e+02
1.50315592e+02
1.50264162e+02
1.40919114e+02
1.34808776e+02
1.28300434e+02
1.22894434e+02
1.18504597e+02
1.14308357e+02
1.11046394e+02
1.08129581e+02
1.04905598e+02
1.02307237e+02
1.00300536e+02
9.84153337e+01
9.68219177e+01
9.46242927e+01
9.36014132e+01
9.24528966e+01
9.10970109e+01
9.03227962e+01
8.89408686e+01
8.80523233e+01
8.76461694e+01
8.66427598e+01
8.62203387e+01
8.58214827e+01
8.50825111e+01
8.41303423e+01
8.37469386e+01
8.35399583e+01
8.28811799e+01
8.26491394e+01
8.24924739e+01
8.20083741e+01
8.16618851e+01
2.70077178e+02
2.49925173e+02
2.45310013e+02
2.40909884e+02
2.35826966e+02
2.30126700e+02
2.24824439e+02
2.19688415e+02
2.14549576e+02
2.09189028e+02
2.05425967e+02
2.01377939e+02
1.97504544e+02
1.93799924e+02
1.91260359e+02
1.88134632e+02
1.85573334e+02
1.83513462e+02
1.81371098e+02
1.79507457e+02
1.77303848e+02
1.76005183e+02
1.74345702e+02
1.73491733e+02
1.73036380e+02
1.71067527e+02
1.69794122e+02
1.68962019e+02
1.68149599e+02
1.67473614e+02
1.66578960e+02
1.65677986e+02
1.65158028e+02
1.64901000e+02
1.64245927e+02
1.63939923e+02
1.63206494e+02
2.67369885e+02
2.67861357e+02
2.67476926e+02
2.67378076e+02
2.66705174e+02
2.65397209e+02
2.64148640e+02
2.62364816e+02
2.60868057e+02
2.59370405e+02
2.57465857e+02
2.56063729e+02
2.53947140e+02
2.52486651e+02
2.50904738e+02
2.49700159e+02
2.48151286e+02
2.46193309e+02
2.45506122e+02
2.44738518e+02
2.43511770e+02
2.42390948e+02
2.41698978e+02
2.40809201e+02
2.40150800e+02
2.39044798e+02
2.39099488e+02
2.38226149e+02
2.37277153e+02
2.36921030e+02
2.36204486e+02
2.35930217e+02
2.35496354e+02
2.34924956e+02
2.35077521e+02
2.34131195e+02
2.33960977e+02
2.67528313e+02
2.67570683e+02
2.67463697e+02
2.67943781e+02
2.67337731e+02
2.67598849e+02
2.67088100e+02
2.67084267e+02
2.66861304e+02
2.66124732e+02
2.65899597e+02
2.65412694e+02
2.65840119e+02
2.65268907e+02
2.65037355e+02
2.64657129e+02
2.64045286e+02
2.64347554e+02
2.63841620e+02
2.63974112e+02
2.63509722e+02
2.63109973e+02
2.62758282e+02
2.63002768e+02
2.62750666e+02
2.62695061e+02
2.62714876e+02
2.62213046e+02
2.62120534e+02
2.62249369e+02
2.61869638e+02
2.61995701e+02
2.62082770e+02
2.61801639e+02
2.61516188e+02
2.62006330e+02
2.61574033e+02
2.66688730e+02
2.65847889e+02
2.62756631e+02
2.58488741e+02
2.53045351e+02
2.48377304e+02
2.43380588e+02
2.39099890e+02
2.34311296e+02
2.30538430e+02
2.27093367e+02
2.23381813e+02
2.20354565e+02
2.17671847e+02
2.14701636e+02
2.12608443e+02
2.10193661e+02
2.07973027e+02
2.06219311e+02
2.04745179e+02
2.03032534e+02
2.01282064e+02
1.99692120e+02
1.98631804e+02
1.97423961e+02
1.96158262e+02
1.95041604e+02
1.93883153e+02
1.92854757e+02
1.91852446e+02
1.90916880e+02
1.90049901e+02
1.89400459e+02
1.88863559e+02
1.88165700e+02
1.87704311e+02
1.86886171e+02
2.67133114e+02
2.66032990e+02
2.62465438e+02
2.58809421e+02
2.54134806e+02
2.49567361e+02
2.45754276e+02
2.41457270e+02
2.38118000e+02
2.34697674e+02
2.31508558e+02
2.28880749e+02
2.26199863e+02
2.23536770e+02
2.21649374e+02
2.19142097e+02
2.16853974e+02
2.15480962e+02
2.13276016e+02
2.12208898e+02
2.10407890e+02
2.09240694e+02
2.08086377e+02
2.06417452e+02
2.04963368e+02
2.04153224e+02
2.02645878e+02
2.02345015e+02
2.01117025e+02
2.00345726e+02
1.99720721e+02
1.99113058e+02
1.98523835e+02
1.97419459e+02
1.97027032e+02
1.96123478e+02
1.95905255e+02
2.68084613e+02
2.68411576e+02
2.68200359e+02
2.67932342e+02
2.67405061e+02
2.66760640e+02
2.65004900e+02
2.63693138e+02
2.62247900e+02
2.60782881e+02
2.59151801e+02
2.57527106e+02
2.55641236e+02
2.54543620e+02
2.53252221e+02
2.51909446e+02
2.50296600e+02
2.48731366e+02
2.47693350e+02
2.46762106e+02
2.45545732e+02
2.44417622e+02
2.43231112e+02
2.42174860e+02
2.41852113e+02
2.41261277e+02
2.40090379e+02
2.39211046e+02
2.39079590e+02
2.38017091e+02
2.37554100e+02
2.37340420e+02
2.36410795e+02
2.36172435e+02
2.36050887e+02
2.34926088e+02
2.34354515e+02
2.68619192e+02
2.69159328e+02
2.69048576e+02
2.69460462e+02
2.68743600e+02
2.68716694e+02
2.68081773e+02
2.67604058e+02
2.66404549e+02
2.65898564e+02
2.64646799e+02
2.63731903e+02
2.62182933e+02
2.61658419e+02
2.60453284e+02
2.59903769e+02
2.58796651e+02
2.57724976e+02
2.56698413e+02
2.55898496e+02
2.55221715e+02
2.54455551e+02
2.53430612e+02
2.52883226e+02
2.52179874e+02
2.51520078e+02
2.50577917e+02
2.50330967e+02
2.50009400e+02
2.49650524e+02
2.49059775e+02
2.48289822e+02
2.47916217e+02
2.47507502e+02
2.47198701e+02
2.46892518e+02
2.46741120e+02
2.69502668e+02
2.69433791e+02
2.69612985e+02
2.69976458e+02
2.69982402e+02
2.69507591e+02
2.69302591e+02
2.68800512e+02
2.68240497e+02
2.67744901e+02
2.66925869e+02
2.66053946e+02
2.65358993e+02
2.65099569e+02
2.64158794e+02
2.63435679e+02
2.62907273e+02
2.61905701e+02
2.61607740e+02
2.60921278e+02
2.60210420e+02
2.59604486e+02
2.59140015e+02
2.58993906e+02
2.58392162e+02
2.57719144e+02
2.57220481e+02
2.57431872e+02
2.56599879e+02
2.56493695e+02
2.56223143e+02
2.55545544e+02
2.55405976e+02
2.55014977e+02
2.54849360e+02
2.54691290e+02
2.54591169e+02
