2.70023214e+02
5.00761724e+01
4.00987380e+01
3.73979334e+01
3.51497129e+01
3.36765175e+01
3.25483941e+01
3.16176247e+01
3.08130865e+01
3.01536756e+01
2.96838461e+01
2.93081001e+01
2.87200982e+01
2.80996946e+01
2.79173484e+01
2.71748438e+01
2.71907770e+01
2.69921739e+01
2.63822791e+01
2.59797248e+01
2.56478572e+01
2.53781659e+01
2.59235837e+01
2.53987050e+01
2.51148999e+01
2.49603879e+01
2.52967256e+01
2.45889511e+01
2.48257946e+01
2.44311115e+01
2.43877304e+01
2.44046297e+01
2.41913079e+01
2.43738919e+01
2.38464365e+01
2.38234776e+01
2.40299413e+01
2.69954277e+02
1.49917704e+02
1.49646425e+02
1.49686034e+02
1.41533418e+02
1.34556856e+02
1.28724862e+02
1.23467253e+02
1.19474704e+02
1.14983181e+02
1.11413534e+02
1.08399600e+02
1.05477694e+02
1.03300943e+02
1.00801547e+02
9.90550399e+01
9.67915147e+01
9.57411463e+01
9.43350049e+01
9.27680099e+01
9.14790492e+01
9.02217383e+01
8.95196720e+01
8.86851906e+01
8.75416648e+01
8.70132922e+01
8.61651840e+01
8.54496722e+01
8.46819012e+01
8.42739943e+01
8.41985893e+01
8.33644786e+01
8.30945513e+01
8.19994864e+01
8.23223171e+01
8.19732654e+01
8.12542724e+01
2.70154921e+02
2.49954497e+02
2.45734131e+02
2.41597298e+02
2.36710267e+02
2.31663226e+02
2.26126693e+02
2.20904162e+02
2.15607618e+02
2.10291520e+02
2.06405944e+02
2.02046193e+02
1.98638261e+02
1.94864543e+02
1.92270888e+02
1.89484705e+02
1.86435503e+02
1.84166041e+02
1.81972102e+02
1.80373270e+02
1.78562035e+02
1.76686955e+02
1.75401583e+02
1.73937466e+02
1.72965936e+02
1.71978089e+02
1.70365744e+02
1.69715692e+02
1.68362428e+02
1.67691890e+02
1.66987247e+02
1.66019010e+02
1.65379626e+02
1.65020659e+02
1.64479370e+02
1.63748792e+02
1.63691502e+02
2.69821180e+02
2.70322666e+02
2.69796368e+02
2.69152365e+02
2.68310210e+02
2.67076197e+02
2.65751217e+02
2.63919087e+02
2.62692828e+02
2.60930353e+02
2.58750714e+02
2.57056319e+02
2.55129057e+02
2.53480736e+02
2.51556009e+02
2.50611146e+02
2.48852775e+02
2.47545009e+02
2.46400250e+02
2.45391752e+02
2.44074936e+02
2.43218208e+02
2.41872468e+02
2.41407143e+02
2.40536735e+02
2.39184486e+02
2.38900535e+02
2.37792152e+02
2.37512722e+02
2.37178741e+02
2.36627738e+02
2.35976320e+02
2.35423635e+02
2.35398074e+02
2.34762304e+02
2.34196621e+02
2.33842119e+02
2.67715905e+02
2.68039168e+02
2.67993568e+02
2.68045567e+02
2.67959182e+02
2.67633880e+02
2.67382565e+02
2.67277731e+02
2.66926599e+02
2.66634214e+02
2.66338754e+02
2.65926285e+02
2.65964425e+02
2.65380971e+02
2.64799560e+02
2.64570721e+02
2.64212602e+02
2.64262746e+02
2.64039127e+02
2.63699052e+02
2.63997776e+02
2.63390953e+02
2.63169083e+02
2.63272706e+02
2.62903780e+02
2.62851891e+02
2.62708800e+02
2.62402855e+02
2.62026783e+02
2.62124871e+02
2.62213881e+02
2.61691815e+02
2.61990168e+02
2.61842517e+02
2.61853667e+02
2.61432328e+02
2.61700263e+02
2.71564777e+02
2.70537618e+02
2.67093204e+02
2.62976711e+02
2.57827779e+02
2.52520822e+02
2.47102343e+02
2.41556940e+02
2.37259444e+02
2.32943677e+02
2.28537516e+02
2.24952009e+02
2.21643921e+02
2.18200928e+02
2.15298190e+02
2.12904624e+02
2.09929792e+02
2.07390762e+02
2.05691259e+02
2.03435028e+02
2.01669661e+02
1.99531115e+02
1.98072308e+02
1.97096256e+02
1.95240151e+02
1.93901846e+02
1.92919783e+02
1.91125131e+02
1.89919081e+02
1.89365648e+02
1.88282736e+02
1.86901047e+02
1.86164439e+02
1.85726192e+02
1.84691207e+02
1.84116083e+02
1.83264482e+02
2.71143986e+02
2.70558366e+02
2.66982854e+02
2.62306071e+02
2.57354782e+02
2.52518752e+02
2.48161797e+02
2.43551288e+02
2.39477656e+02
2.36541594e+02
2.32402154e+02
2.29569735e+02
2.26198000e+02
2.23927864e+02
2.21047830e+02
2.18893407e+02
2.16269438e+02
2.14492021e+02
2.12848101e+02
2.10601270e+02
2.09070297e+02
2.07278069e+02
2.06017602e+02
2.04427815e+02
2.03367310e+02
2.01857763e+02
2.00569535e+02
1.99698609e+02
1.98839088e+02
1.98008627e+02
1.96823428e+02
1.96123777e+02
1.95362613e+02
1.94397736e+02
1.93475298e+02
1.93055583e+02
1.92516348e+02
2.71419075e+02
2.71307963e+02
2.71019317e+02
2.71016805e+02
2.70025583e+02
2.68794654e+02
2.67173727e+02
2.65890209e+02
2.64098605e+02
2.62488850e+02
2.60763774e+02
2.59134190e+02
2.57229326e+02
2.55617895e+02
2.53747267e+02
2.52132689e+02
2.50602846e+02
2.49254396e+02
2.48157110e+02
2.46523287e+02
2.45389670e+02
2.44247112e+02
2.43362513e+02
2.41952817e+02
2.40811604e+02
2.39950465e+02
2.39316041e+02
2.38371852e+02
2.37448555e+02
2.36923863e+02
2.36697242e+02
2.35474503e+02
2.35106521e+02
2.34477321e+02
2.34084421e+02
2.33195406e+02
2.33009056e+02
2.71432433e+02
2.71426006e+02
2.71449538e+02
2.71469766e+02
2.71096533e+02
2.70472649e+02
2.70334610e+02
2.69175742e+02
2.68282701e+02
2.67328499e+02
2.66318297e+02
2.64820918e+02
2.63542234e+02
2.62527124e+02
2.61408414e+02
2.60044625e+02
2.59672292e+02
2.58448179e+02
2.57306980e+02
2.55600608e+02
2.55090380e+02
2.54482041e+02
2.53483713e+02
2.52361232e+02
2.52121266e+02
2.51300596e+02
2.50256449e+02
2.49557355e+02
2.49504930e+02
2.48823872e+02
2.48195356e+02
2.47614907e+02
2.47133222e+02
2.46878968e+02
2.46478232e+02
2.45865678e+02
2.45541066e+02
2.71270406e+02
2.71361464e+02
2.71326325e+02
2.71136726e+02
2.70941689e+02
2.70888925e+02
2.70684882e+02
2.69802428e+02
2.69149606e+02
2.68895934e+02
2.67586476e+02
2.66946660e+02
2.66261924e+02
2.65701425e+02
2.64962074e+02
2.63743730e+02
2.62983488e+02
2.62536010e+02
2.61167586e+02
2.61164401e+02
2.60284080e+02
2.59935129e+02
2.58557590e+02
2.58640085e+02
2.58341192e+02
2.57246987e+02
2.56958522e+02
2.56451351e+02
2.56106956e+02
2.55421244e+02
2.55569404e+02
2.54925446e+02
2.54542998e+02
2.54442272e+02
2.54239908e+02
2.53865353e+02
2.53411854e+02
