2.70000000e+02
5.00000000e+01
4.03213560e+01
3.74117000e+01
3.52772220e+01
3.37901190e+01
3.26667150e+01
3.17729660e+01
3.10382090e+01
3.04205710e+01
2.98929840e+01
2.94367830e+01
2.89513400e+01
2.84647710e+01
2.80271130e+01
2.76341820e+01
2.72804700e+01
2.69609940e+01
2.66714700e+01
2.64082530e+01
2.61682460e+01
2.59488100e+01
2.57476810e+01
2.55629130e+01
2.53928220e+01
2.52359420e+01
2.50909950e+01
2.49568570e+01
2.48325360e+01
2.47171560e+01
2.46099370e+01
2.45101830e+01
2.44172710e+01
2.43306420e+01
2.42497910e+01
2.41742630e+01
2.41036450e+01
2.70000000e+02
1.50000000e+02
1.50000000e+02
1.50000000e+02
1.41575388e+02
1.35102408e+02
1.29147027e+02
1.23902230e+02
1.19322399e+02
1.15318577e+02
1.11803919e+02
1.08703986e+02
1.05951749e+02
1.03478650e+02
1.01249861e+02
9.92400540e+01
9.74254660e+01
9.57845520e+01
9.42982050e+01
9.29496220e+01
9.17240580e+01
9.06085650e+01
8.95917530e+01
8.86635830e+01
8.78151850e+01
8.70387010e+01
8.63271600e+01
8.56743570e+01
8.50747640e+01
8.45234410e+01
8.40159700e+01
8.35483880e+01
8.31171370e+01
8.27190180e+01
8.23511470e+01
8.20109220e+01
8.16959920e+01
2.70000000e+02
2.50000000e+02
2.46537755e+02
2.42214726e+02
2.37546982e+02
2.32349000e+02
2.26805556e+02
2.21333942e+02
2.16137429e+02
2.11297121e+02
2.06835187e+02
2.02745504e+02
1.99008736e+02
1.95599248e+02
1.92488641e+02
1.89649487e+02
1.87056823e+02
1.84688070e+02
1.82522746e+02
1.80542248e+02
1.78729680e+02
1.77069717e+02
1.75548465e+02
1.74153342e+02
1.72872959e+02
1.71697009e+02
1.70616167e+02
1.69621992e+02
1.68706846e+02
1.67863813e+02
1.67086628e+02
1.66369612e+02
1.65707617e+02
1.65095970e+02
1.64530429e+02
1.64007139e+02
1.63522595e+02
2.72222301e+02
2.71799975e+02
2.71267062e+02
2.70538207e+02
2.69520287e+02
2.68195168e+02
2.66609297e+02
2.64836537e+02
2.62953462e+02
2.61025570e+02
2.59103035e+02
2.57221622e+02
2.55405371e+02
2.53669424e+02
2.52022375e+02
2.50468124e+02
2.49007311e+02
2.47638422e+02
2.46358561e+02
2.45163985e+02
2.44050458e+02
2.43013496e+02
2.42048533e+02
2.41151033e+02
2.40316571e+02
2.39540881e+02
2.38819889e+02
2.38149734e+02
2.37526773e+02
2.36947591e+02
2.36408991e+02
2.35907991e+02
2.35441818e+02
2.35007896e+02
2.34603836e+02
2.34227424e+02
2.33876612e+02
2.68426497e+02
2.68391405e+02
2.68315638e+02
2.68210379e+02
2.68062020e+02
2.67860174e+02
2.67606482e+02
2.67311035e+02
2.66987099e+02
2.66647510e+02
2.66302920e+02
2.65961367e+02
2.65628525e+02
2.65308161e+02
2.65002605e+02
2.64713126e+02
2.64440242e+02
2.64183951e+02
2.63943913e+02
2.63719568e+02
2.63510224e+02
2.63315114e+02
2.63133435e+02
2.62964375e+02
2.62807131e+02
2.62660924e+02
2.62525002e+02
2.62398650e+02
2.62281190e+02
2.62171986e+02
2.62070439e+02
2.61975990e+02
2.61888117e+02
2.61806335e+02
2.61730195e+02
2.61659280e+02
2.61593202e+02
2.71908661e+02
2.70832004e+02
2.67014398e+02
2.61740702e+02
2.56057359e+02
2.50419167e+02
2.45027348e+02
2.39969879e+02
2.35277043e+02
2.30948649e+02
2.26968784e+02
2.23314052e+02
2.19958133e+02
2.16873533e+02
2.14033548e+02
2.11414146e+02
2.08993940e+02
2.06753881e+02
2.04677026e+02
2.02748318e+02
2.00954383e+02
1.99283333e+02
1.97724587e+02
1.96268708e+02
1.94907264e+02
1.93632697e+02
1.92438215e+02
1.91317697e+02
1.90265612e+02
1.89276944e+02
1.88347136e+02
1.87472033e+02
1.86647839e+02
1.85871078e+02
1.85138558e+02
1.84447346e+02
1.83794735e+02
2.72136543e+02
2.71076247e+02
2.67410474e+02
2.62561260e+02
2.57535479e+02
2.52668606e+02
2.48063976e+02
2.43752780e+02
2.39739044e+02
2.36014268e+02
2.32563634e+02
2.29369315e+02
2.26412345e+02
2.23672992e+02
2.21132072e+02
2.18772457e+02
2.16578832e+02
2.14537348e+02
2.12635460e+02
2.10861807e+02
2.09206105e+02
2.07659041e+02
2.06212177e+02
2.04857854e+02
2.03589115e+02
2.02399626e+02
2.01283611e+02
2.00235793e+02
1.99251341e+02
1.98325828e+02
1.97455186e+02
1.96635676e+02
1.95863850e+02
1.95136529e+02
1.94450777e+02
1.93803877e+02
1.93193315e+02
2.73177257e+02
2.72993097e+02
2.72684492e+02
2.72064773e+02
2.71063712e+02
2.69736596e+02
2.68174870e+02
2.66462016e+02
2.64663506e+02
2.62828235e+02
2.60992106e+02
2.59181222e+02
2.57414300e+02
2.55704445e+02
2.54060401e+02
2.52487567e+02
2.50988853e+02
2.49565344e+02
2.48216780e+02
2.46941906e+02
2.45738754e+02
2.44604844e+02
2.43537361e+02
2.42533275e+02
2.41589445e+02
2.40702692e+02
2.39869854e+02
2.39087832e+02
2.38353616e+02
2.37664306e+02
2.37017129e+02
2.36409444e+02
2.35838746e+02
2.35302669e+02
2.34798986e+02
2.34325600e+02
2.33880546e+02
2.73157312e+02
2.72996790e+02
2.72775967e+02
2.72494256e+02
2.72076582e+02
2.71481472e+02
2.70710447e+02
2.69789248e+02
2.68751876e+02
2.67632230e+02
2.66460631e+02
2.65262719e+02
2.64059387e+02
2.62867157e+02
2.61698713e+02
2.60563454e+02
2.59468069e+02
2.58417056e+02
2.57413193e+02
2.56457911e+02
2.55551607e+02
2.54693896e+02
2.53883808e+02
2.53119951e+02
2.52400637e+02
2.51723981e+02
2.51087979e+02
2.50490567e+02
2.49929667e+02
2.49403221e+02
2.48909215e+02
2.48445701e+02
2.48010803e+02
2.47602732e+02
2.47219783e+02
2.46860346e+02
2.46522899e+02
2.72788534e+02
2.72547558e+02
2.72360102e+02
2.72155964e+02
2.71880677e+02
2.71502258e+02
2.71013438e+02
2.70423863e+02
2.69751705e+02
2.69017855e+02
2.68242577e+02
2.67443883e+02
2.66636911e+02
2.65833879e+02
2.65044300e+02
2.64275322e+02
2.63532105e+02
2.62818187e+02
2.62135817e+02
2.61486236e+02
2.60869904e+02
2.60286694e+02
2.59736039e+02
2.59217050e+02
2.58728613e+02
2.58269462e+02
2.57838236e+02
2.57433523e+02
2.57053896e+02
2.56697937e+02
2.56364255e+02
2.56051501e+02
2.55758377e+02
2.55483642e+02
2.55226114e+02
2.54984677e+02
2.54758276e+02
