2.70000000e+02
5.00000000e+01
4.02211600e+01
3.72937630e+01
3.51655910e+01
3.36835000e+01
3.25644230e+01
3.16754070e+01
3.09460430e+01
3.03343480e+01
2.98130310e+01
2.93631920e+01
2.88588820e+01
2.83785950e+01
2.79479620e+01
2.75616970e+01
2.72139930e+01
2.68997350e+01
2.66145720e+01
2.63548350e+01
2.61174290e+01
2.58997300e+01
2.56995070e+01
2.55148520e+01
2.53441280e+01
2.51859170e+01
2.50389920e+01
2.49022810e+01
2.47748450e+01
2.46558590e+01
2.45445910e+01
2.44403950e+01
2.43426920e+01
2.42509670e+01
2.41647560e+01
2.40836420e+01
2.40072490e+01
2.70000000e+02
1.50000000e+02
1.50000000e+02
1.50000000e+02
1.41402808e+02
1.34811538e+02
1.28781756e+02
1.23498463e+02
1.18902653e+02
1.14898142e+02
1.11393517e+02
1.08311118e+02
1.05577950e+02
1.03126582e+02
1.00923136e+02
9.89404110e+01
9.71532370e+01
9.55390970e+01
9.40781970e+01
9.27532500e+01
9.15491740e+01
9.04527980e+01
8.94525990e+01
8.85384730e+01
8.77015380e+01
8.69339720e+01
8.62288630e+01
8.55800980e+01
8.49822550e+01
8.44305150e+01
8.39205860e+01
8.34486430e+01
8.30112630e+01
8.26053840e+01
8.22282600e+01
8.18774230e+01
8.15506520e+01
2.70000000e+02
2.50000000e+02
2.45735073e+02
2.41308830e+02
2.36558583e+02
2.31323759e+02
2.25783891e+02
2.20345337e+02
2.15197902e+02
2.10415524e+02
2.06016192e+02
2.01991015e+02
1.98318611e+02
1.94971578e+02
1.91920347e+02
1.89136846e+02
1.86595640e+02
1.84273773e+02
1.82150488e+02
1.80207010e+02
1.78426372e+02
1.76793253e+02
1.75293834e+02
1.73915660e+02
1.72647511e+02
1.71479280e+02
1.70401867e+02
1.69407072e+02
1.68487510e+02
1.67636519e+02
1.66848096e+02
1.66116820e+02
1.65437795e+02
1.64806599e+02
1.64219230e+02
1.63672066e+02
1.63161824e+02
2.69015729e+02
2.69125850e+02
2.68990515e+02
2.68581531e+02
2.67832551e+02
2.66738101e+02
2.65351822e+02
2.63752438e+02
2.62020058e+02
2.60222774e+02
2.58412764e+02
2.56627459e+02
2.54892344e+02
2.53223858e+02
2.51631761e+02
2.50121021e+02
2.48693280e+02
2.47347951e+02
2.46082999e+02
2.44895474e+02
2.43781868e+02
2.42738370e+02
2.41761032e+02
2.40845893e+02
2.39989059e+02
2.39186758e+02
2.38435375e+02
2.37731474e+02
2.37071813e+02
2.36453343e+02
2.35873211e+02
2.35328753e+02
2.34817492e+02
2.34337123e+02
2.33885509e+02
2.33460668e+02
2.33060764e+02
2.67841521e+02
2.67854611e+02
2.67855985e+02
2.67817627e+02
2.67725599e+02
2.67572335e+02
2.67361187e+02
2.67103204e+02
2.66812277e+02
2.66501709e+02
2.66182517e+02
2.65863051e+02
2.65549257e+02
2.65245156e+02
2.64953306e+02
2.64675189e+02
2.64411520e+02
2.64162482e+02
2.63927906e+02
2.63707392e+02
2.63500396e+02
2.63306287e+02
2.63124385e+02
2.62953997e+02
2.62794426e+02
2.62644991e+02
2.62505036e+02
2.62373929e+02
2.62251076e+02
2.62135910e+02
2.62027905e+02
2.61926565e+02
2.61831428e+02
2.61742064e+02
2.61658074e+02
2.61579088e+02
2.61504762e+02
2.71893354e+02
2.70744609e+02
2.66873584e+02
2.61613580e+02
2.55990329e+02
2.50430714e+02
2.45120366e+02
2.40140817e+02
2.35520058e+02
2.31256999e+02
2.27335115e+02
2.23730394e+02
2.20415813e+02
2.17363155e+02
2.14545478e+02
2.11938713e+02
2.09521525e+02
2.07275044e+02
2.05182628e+02
2.03229637e+02
2.01403199e+02
1.99691992e+02
1.98086042e+02
1.96576545e+02
1.95155703e+02
1.93816589e+02
1.92553025e+02
1.91359480e+02
1.90230987e+02
1.89163059e+02
1.88151637e+02
1.87193028e+02
1.86283863e+02
1.85421058e+02
1.84601781e+02
1.83823424e+02
1.83083577e+02
2.71705447e+02
2.70615035e+02
2.66969812e+02
2.62161809e+02
2.57187553e+02
2.52379133e+02
2.47836366e+02
2.43586965e+02
2.39631819e+02
2.35959786e+02
2.32553984e+02
2.29395093e+02
2.26463090e+02
2.23737557e+02
2.21199275e+02
2.18831356e+02
2.16618849e+02
2.14548402e+02
2.12608066e+02
2.10787149e+02
2.09076080e+02
2.07466279e+02
2.05950048e+02
2.04520457e+02
2.03171255e+02
2.01896788e+02
2.00691926e+02
1.99552000e+02
1.98472751e+02
1.97450281e+02
1.96481013e+02
1.95561656e+02
1.94689175e+02
1.93860766e+02
1.93073832e+02
1.92325962e+02
1.91614914e+02
2.70791655e+02
2.70865490e+02
2.70801809e+02
2.70384519e+02
2.69544766e+02
2.68341971e+02
2.66870418e+02
2.65215342e+02
2.63444014e+02
2.61607606e+02
2.59744675e+02
2.57884114e+02
2.56047381e+02
2.54250125e+02
2.52503411e+02
2.50814722e+02
2.49188845e+02
2.47628543e+02
2.46135047e+02
2.44708438e+02
2.43347936e+02
2.42052132e+02
2.40819168e+02
2.39646881e+02
2.38532905e+02
2.37474763e+02
2.36469923e+02
2.35515851e+02
2.34610042e+02
2.33750049e+02
2.32933499e+02
2.32158107e+02
2.31421680e+02
2.30722125e+02
2.30057451e+02
2.29425767e+02
2.28825280e+02
2.70617586e+02
2.70718552e+02
2.70802128e+02
2.70759161e+02
2.70507374e+02
2.70016547e+02
2.69300815e+02
2.68395719e+02
2.67342504e+02
2.66180627e+02
2.64944859e+02
2.63664491e+02
2.62363447e+02
2.61060772e+02
2.59771259e+02
2.58506080e+02
2.57273431e+02
2.56079113e+02
2.54927035e+02
2.53819622e+02
2.52758148e+02
2.51743002e+02
2.50773906e+02
2.49850088e+02
2.48970411e+02
2.48133485e+02
2.47337748e+02
2.46581533e+02
2.45863112e+02
2.45180741e+02
2.44532680e+02
2.43917222e+02
2.43332704e+02
2.42777515e+02
2.42250108e+02
2.41749003e+02
2.41272788e+02
2.70623302e+02
2.70784044e+02
2.70880788e+02
2.70902379e+02
2.70810852e+02
2.70583469e+02
2.70218871e+02
2.69730858e+02
2.69140738e+02
2.68471890e+02
2.67746652e+02
2.66984802e+02
2.66203009e+02
2.65414821e+02
2.64630911e+02
2.63859441e+02
2.63106468e+02
2.62376324e+02
2.61671973e+02
2.60995297e+02
2.60347341e+02
2.59728510e+02
2.59138724e+02
2.58577542e+02
2.58044263e+02
2.57537999e+02
2.57057740e+02
2.56602397e+02
2.56170839e+02
2.55761918e+02
2.55374494e+02
2.55007444e+02
2.54659676e+02
2.54330138e+02
2.54017817e+02
2.53721749e+02
2.53441015e+02
