2.69814823e+02
4.97777798e+01
4.04276296e+01
3.76754194e+01
3.55427442e+01
3.39359829e+01
3.28254328e+01
3.17384391e+01
3.10545400e+01
3.03196603e+01
2.96704639e+01
2.95731580e+01
2.88365012e+01
2.83956256e+01
2.78813970e+01
2.77115119e+01
2.71841258e+01
2.65700625e+01
2.65585064e+01
2.64126369e+01
2.62764438e+01
2.62830810e+01
2.56732336e+01
2.56052091e+01
2.54478493e+01
2.51536303e+01
2.51134648e+01
2.51107702e+01
2.46738924e+01
2.46413660e+01
2.45558619e+01
2.43723391e+01
2.44947191e+01
2.42479143e+01
2.46277133e+01
2.43082324e+01
2.41134161e+01
2.70029584e+02
1.49867414e+02
1.49887752e+02
1.49903592e+02
1.41154556e+02
1.34868437e+02
1.28936803e+02
1.23947044e+02
1.19031548e+02
1.14968876e+02
1.11612275e+02
1.08480378e+02
1.05589358e+02
1.03538250e+02
1.01251561e+02
9.95085740e+01
9.74320032e+01
9.56579558e+01
9.43452969e+01
9.27296729e+01
9.16614872e+01
9.05281312e+01
8.96113372e+01
8.85420057e+01
8.78166927e+01
8.65992554e+01
8.64818193e+01
8.58294880e+01
8.51405589e+01
8.47794764e+01
8.40382761e+01
8.32580615e+01
8.35662655e+01
8.29074927e+01
8.25259736e+01
8.22729615e+01
8.18887144e+01
2.69862303e+02
2.49988240e+02
2.46085312e+02
2.41355478e+02
2.36910367e+02
2.31680997e+02
2.25907162e+02
2.20349525e+02
2.15529480e+02
2.11025768e+02
2.06223033e+02
2.02366644e+02
1.98544776e+02
1.95424907e+02
1.91944437e+02
1.89343733e+02
1.86613765e+02
1.84514105e+02
1.82266808e+02
1.80477940e+02
1.78556603e+02
1.76868593e+02
1.75940716e+02
1.74077766e+02
1.73255068e+02
1.71580936e+02
1.70743153e+02
1.69938591e+02
1.68296500e+02
1.68002689e+02
1.67491756e+02
1.66759994e+02
1.66444787e+02
1.65596301e+02
1.65051303e+02
1.64670526e+02
1.64301760e+02
2.70305367e+02
2.69838556e+02
2.69942444e+02
2.69261230e+02
2.68336532e+02
2.66895503e+02
2.65692649e+02
2.63741605e+02
2.62248757e+02
2.60774069e+02
2.58745432e+02
2.56938218e+02
2.55007491e+02
2.53518049e+02
2.51878366e+02
2.50658338e+02
2.49346051e+02
2.47741134e+02
2.46884768e+02
2.45474804e+02
2.44518011e+02
2.43627040e+02
2.43051728e+02
2.41335641e+02
2.41028720e+02
2.40211930e+02
2.39651826e+02
2.38839952e+02
2.38370344e+02
2.37596893e+02
2.37326637e+02
2.36625028e+02
2.36483302e+02
2.36071833e+02
2.35709485e+02
2.34872691e+02
2.34621644e+02
2.68360949e+02
2.68211691e+02
2.67861971e+02
2.67998774e+02
2.67740500e+02
2.67777812e+02
2.67833460e+02
2.66968213e+02
2.66839570e+02
2.66478844e+02
2.66437461e+02
2.65996110e+02
2.65718339e+02
2.65285558e+02
2.65114177e+02
2.64416760e+02
2.64501590e+02
2.64298750e+02
2.64563734e+02
2.63903159e+02
2.63895567e+02
2.63725768e+02
2.63204740e+02
2.63334982e+02
2.63254503e+02
2.63195453e+02
2.62928905e+02
2.62838340e+02
2.62542385e+02
2.62639443e+02
2.62110458e+02
2.62881385e+02
2.62363134e+02
2.62528106e+02
2.62242441e+02
2.62169268e+02
2.62052484e+02
2.71852039e+02
2.70786186e+02
2.66953480e+02
2.62145099e+02
2.56216698e+02
2.50565186e+02
2.45286789e+02
2.40370481e+02
2.35594469e+02
2.30849778e+02
2.26566228e+02
2.23238621e+02
2.19815594e+02
2.16190086e+02
2.13561387e+02
2.10402030e+02
2.08255580e+02
2.05962823e+02
2.03781593e+02
2.01810847e+02
2.00317135e+02
1.98574095e+02
1.96428318e+02
1.95358067e+02
1.93042136e+02
1.92530746e+02
1.91291852e+02
1.89859418e+02
1.88871886e+02
1.87725905e+02
1.86581824e+02
1.86026327e+02
1.84853066e+02
1.84112447e+02
1.83145984e+02
1.82644273e+02
1.82300338e+02
2.72264847e+02
2.71077462e+02
2.67286748e+02
2.62285484e+02
2.57167386e+02
2.52423405e+02
2.48168105e+02
2.43400483e+02
2.39008256e+02
2.35429237e+02
2.32244459e+02
2.28907783e+02
2.25867549e+02
2.22976125e+02
2.20113922e+02
2.17959519e+02
2.15814170e+02
2.13768547e+02
2.11564037e+02
2.09685701e+02
2.08593258e+02
2.06636419e+02
2.05094552e+02
2.04164557e+02
2.02786247e+02
2.01073656e+02
2.00192720e+02
1.99302360e+02
1.97939859e+02
1.97224258e+02
1.96086960e+02
1.95476255e+02
1.94385091e+02
1.93761528e+02
1.92935320e+02
1.92319503e+02
1.91822675e+02
2.72080078e+02
2.71593050e+02
2.72081897e+02
2.71027650e+02
2.70011094e+02
2.68789874e+02
2.67919965e+02
2.66036692e+02
2.63984187e+02
2.62805001e+02
2.60859851e+02
2.58943751e+02
2.57152811e+02
2.55465750e+02
2.53764252e+02
2.52175194e+02
2.50900257e+02
2.49081869e+02
2.48071769e+02
2.46910564e+02
2.45256021e+02
2.44479316e+02
2.43499019e+02
2.42146362e+02
2.41171454e+02
2.40371871e+02
2.39556171e+02
2.39121444e+02
2.38304692e+02
2.37564743e+02
2.37040198e+02
2.36340105e+02
2.35546303e+02
2.35078556e+02
2.34553310e+02
2.33708135e+02
2.33715476e+02
2.71839897e+02
2.71496626e+02
2.71805682e+02
2.71413020e+02
2.71320141e+02
2.70699300e+02
2.70098109e+02
2.69348245e+02
2.68584552e+02
2.67367097e+02
2.66233628e+02
2.64840822e+02
2.63552354e+02
2.62817150e+02
2.61437780e+02
2.60609377e+02
2.59466967e+02
2.58546881e+02
2.57382136e+02
2.56733497e+02
2.55746115e+02
2.54645216e+02
2.53904781e+02
2.53010152e+02
2.52613478e+02
2.51369243e+02
2.50699197e+02
2.50310438e+02
2.50118381e+02
2.49321345e+02
2.48940005e+02
2.47930600e+02
2.47772012e+02
2.47172776e+02
2.47153461e+02
2.46718756e+02
2.46602290e+02
2.71705023e+02
2.71450260e+02
2.71221919e+02
2.71404701e+02
2.71276024e+02
2.70681032e+02
2.70717825e+02
2.69913994e+02
2.69922971e+02
2.68619046e+02
2.68541711e+02
2.67087848e+02
2.66429195e+02
2.65772061e+02
2.64885534e+02
2.64249140e+02
2.63549507e+02
2.62192855e+02
2.62233700e+02
2.61484542e+02
2.60750677e+02
2.60197127e+02
2.59680367e+02
2.59266995e+02
2.58670943e+02
2.58308951e+02
2.57764632e+02
2.57701298e+02
2.56800631e+02
2.56760800e+02
2.56264981e+02
2.56385166e+02
2.55548067e+02
2.55320473e+02
2.55298765e+02
2.54557199e+02
2.54520309e+02
