-2.2000e+02
-9.7530e+00
-2.8943e+00
-2.1284e+00
-1.4903e+00
-1.1285e+00
-8.9818e-01
-7.3793e-01
-6.1960e-01
-5.2857e-01
-4.5647e-01
-5.1278e-01
-4.8794e-01
-4.3748e-01
-3.9231e-01
-3.5295e-01
-3.1870e-01
-2.8882e-01
-2.6261e-01
-2.3952e-01
-2.1908e-01
-2.0089e-01
-1.8465e-01
-1.7009e-01
-1.5698e-01
-1.4513e-01
-1.3441e-01
-1.2465e-01
-1.1577e-01
-1.0765e-01
-1.0022e-01
-9.3408e-02
-8.7145e-02
-8.1377e-02
-7.6058e-02
-7.1147e-02
-1.2000e+02
0.0000e+00
0.0000e+00
-8.4895e+00
-6.5183e+00
-5.9866e+00
-5.2634e+00
-4.5903e+00
-4.0084e+00
-3.5150e+00
-3.0971e+00
-2.7510e+00
-2.4714e+00
-2.2246e+00
-2.0042e+00
-1.8084e+00
-1.6346e+00
-1.4803e+00
-1.3429e+00
-1.2205e+00
-1.1110e+00
-1.0130e+00
-9.2502e-01
-8.4591e-01
-7.7463e-01
-7.1028e-01
-6.5210e-01
-5.9940e-01
-5.5159e-01
-5.0815e-01
-4.6862e-01
-4.3261e-01
-3.9975e-01
-3.6973e-01
-3.4228e-01
-3.1714e-01
-2.0000e+01
-3.8046e+00
-4.4643e+00
-4.7110e+00
-5.2098e+00
-5.5341e+00
-5.4500e+00
-5.1703e+00
-4.8130e+00
-4.4351e+00
-4.0641e+00
-3.7129e+00
-3.3878e+00
-3.0913e+00
-2.8220e+00
-2.5776e+00
-2.3556e+00
-2.1541e+00
-1.9710e+00
-1.8048e+00
-1.6538e+00
-1.5166e+00
-1.3918e+00
-1.2783e+00
-1.1750e+00
-1.0810e+00
-9.9522e-01
-9.1701e-01
-8.4561e-01
-7.8038e-01
-7.2074e-01
-6.6617e-01
-6.1619e-01
-5.7038e-01
-5.2836e-01
-4.8980e-01
-7.9974e-02
-2.7914e-01
-5.2505e-01
-8.4689e-01
-1.1794e+00
-1.4613e+00
-1.6664e+00
-1.7926e+00
-1.8512e+00
-1.8579e+00
-1.8272e+00
-1.7711e+00
-1.6986e+00
-1.6164e+00
-1.5295e+00
-1.4411e+00
-1.3535e+00
-1.2683e+00
-1.1862e+00
-1.1079e+00
-1.0337e+00
-9.6364e-01
-8.9786e-01
-8.3624e-01
-7.7864e-01
-7.2492e-01
-6.7489e-01
-6.2833e-01
-5.8506e-01
-5.4487e-01
-5.0756e-01
-4.7294e-01
-4.4081e-01
-4.1101e-01
-3.8336e-01
-3.5772e-01
-4.0300e-03
-2.7711e-02
-6.6892e-02
-1.2085e-01
-1.8423e-01
-2.4490e-01
-2.9412e-01
-3.2857e-01
-3.4872e-01
-3.5696e-01
-3.5614e-01
-3.4885e-01
-3.3719e-01
-3.2275e-01
-3.0673e-01
-2.8995e-01
-2.7301e-01
-2.5631e-01
-2.4008e-01
-2.2450e-01
-2.0965e-01
-1.9559e-01
-1.8234e-01
-1.6990e-01
-1.5825e-01
-1.4736e-01
-1.3721e-01
-1.2776e-01
-1.1896e-01
-1.1079e-01
-1.0320e-01
-9.6147e-02
-8.9605e-02
-8.3534e-02
-7.7902e-02
-7.2676e-02
-7.7362e-01
-3.0721e+00
-4.6226e+00
-5.2476e+00
-5.3900e+00
-5.2830e+00
-5.0447e+00
-4.7425e+00
-4.4162e+00
-4.0891e+00
-3.7742e+00
-3.4784e+00
-3.2056e+00
-2.9567e+00
-2.7303e+00
-2.5248e+00
-2.3382e+00
-2.1687e+00
-2.0146e+00
-1.8742e+00
-1.7461e+00
-1.6290e+00
-1.5217e+00
-1.4231e+00
-1.3324e+00
-1.2488e+00
-1.1715e+00
-1.0999e+00
-1.0336e+00
-9.7202e-01
-9.1474e-01
-8.6139e-01
-8.1164e-01
-7.6521e-01
-7.2181e-01
-6.8123e-01
-1.1118e+00
-3.6906e+00
-4.8242e+00
-4.9804e+00
-4.8227e+00
-4.5690e+00
-4.2854e+00
-3.9968e+00
-3.7153e+00
-3.4472e+00
-3.1957e+00
-2.9622e+00
-2.7479e+00
-2.5520e+00
-2.3725e+00
-2.2079e+00
-2.0567e+00
-1.9179e+00
-1.7902e+00
-1.6725e+00
-1.5641e+00
-1.4639e+00
-1.3713e+00
-1.2856e+00
-1.2060e+00
-1.1322e+00
-1.0636e+00
-9.9978e-01
-9.4032e-01
-8.8488e-01
-8.3315e-01
-7.8484e-01
-7.3968e-01
-6.9745e-01
-6.5792e-01
-6.2090e-01
-3.8769e-02
-1.6745e-01
-4.9409e-01
-8.8389e-01
-1.2158e+00
-1.4577e+00
-1.6183e+00
-1.7147e+00
-1.7624e+00
-1.7739e+00
-1.7585e+00
-1.7234e+00
-1.6742e+00
-1.6153e+00
-1.5501e+00
-1.4812e+00
-1.4105e+00
-1.3394e+00
-1.2689e+00
-1.2000e+00
-1.1330e+00
-1.0686e+00
-1.0068e+00
-9.4784e-01
-8.9184e-01
-8.3878e-01
-7.8863e-01
-7.4132e-01
-6.9677e-01
-6.5487e-01
-6.1551e-01
-5.7856e-01
-5.4390e-01
-5.1140e-01
-4.8095e-01
-4.5241e-01
-2.1381e-02
-4.2876e-02
-1.3991e-01
-3.1644e-01
-5.2400e-01
-7.1982e-01
-8.8336e-01
-1.0092e+00
-1.0992e+00
-1.1575e+00
-1.1892e+00
-1.1993e+00
-1.1922e+00
-1.1719e+00
-1.1418e+00
-1.1044e+00
-1.0622e+00
-1.0168e+00
-9.6966e-01
-9.2181e-01
-8.7408e-01
-8.2709e-01
-7.8129e-01
-7.3700e-01
-6.9444e-01
-6.5376e-01
-6.1504e-01
-5.7829e-01
-5.4353e-01
-5.1072e-01
-4.7980e-01
-4.5071e-01
-4.2338e-01
-3.9773e-01
-3.7367e-01
-3.5112e-01
5.8500e-03
-1.5436e-02
-6.7161e-02
-1.6278e-01
-2.8651e-01
-4.1559e-01
-5.3343e-01
-6.3137e-01
-7.0659e-01
-7.5969e-01
-7.9299e-01
-8.0948e-01
-8.1223e-01
-8.0414e-01
-7.8775e-01
-7.6522e-01
-7.3832e-01
-7.0849e-01
-6.7684e-01
-6.4427e-01
-6.1144e-01
-5.7888e-01
-5.4696e-01
-5.1596e-01
-4.8608e-01
-4.5745e-01
-4.3014e-01
-4.0420e-01
-3.7963e-01
-3.5643e-01
-3.3456e-01
-3.1399e-01
-2.9467e-01
-2.7654e-01
-2.5954e-01
-2.4362e-01
