2.70000000e+02
5.00000000e+01
4.04364040e+01
3.75683910e+01
3.54245430e+01
3.39249860e+01
3.27911150e+01
3.18896020e+01
3.11495660e+01
3.05286560e+01
2.99992990e+01
2.95423820e+01
2.90940650e+01
2.86120520e+01
2.81764390e+01
2.77850120e+01
2.74324410e+01
2.71137410e+01
2.68246070e+01
2.65613800e+01
2.63209600e+01
2.61007130e+01
2.58983940e+01
2.57120770e+01
2.55401030e+01
2.53810350e+01
2.52336220e+01
2.50967690e+01
2.49695140e+01
2.48510090e+01
2.47405000e+01
2.46373170e+01
2.45408600e+01
2.44505920e+01
2.43660300e+01
2.42867360e+01
2.42123160e+01
2.70000000e+02
1.50000000e+02
1.50000000e+02
1.50000000e+02
1.41570642e+02
1.35036621e+02
1.29035367e+02
1.23764740e+02
1.19173352e+02
1.15168597e+02
1.11661060e+02
1.08574329e+02
1.05843293e+02
1.03398219e+02
1.01197299e+02
9.92149760e+01
9.74274140e+01
9.58127960e+01
9.43517080e+01
9.30270680e+01
9.18239060e+01
9.07291100e+01
8.97311800e+01
8.88200140e+01
8.79867200e+01
8.72234550e+01
8.65232830e+01
8.58800630e+01
8.52883420e+01
8.47432690e+01
8.42405220e+01
8.37762390e+01
8.33469670e+01
8.29496110e+01
8.25813900e+01
8.22398040e+01
8.19226000e+01
2.70000000e+02
2.50000000e+02
2.46021777e+02
2.41496615e+02
2.36777773e+02
2.31580137e+02
2.26071128e+02
2.20653600e+02
2.15519839e+02
2.10746055e+02
2.06352095e+02
2.02330530e+02
1.98661154e+02
1.95317957e+02
1.92272146e+02
1.89495523e+02
1.86962429e+02
1.84649797e+02
1.82536817e+02
1.80604681e+02
1.78836386e+02
1.77216572e+02
1.75731376e+02
1.74368296e+02
1.73116062e+02
1.71964520e+02
1.70904521e+02
1.69927818e+02
1.69026979e+02
1.68195298e+02
1.67426725e+02
1.66715796e+02
1.66057570e+02
1.65447580e+02
1.64881779e+02
1.64356503e+02
1.63868424e+02
2.69413516e+02
2.69554472e+02
2.69442890e+02
2.69050876e+02
2.68312318e+02
2.67223879e+02
2.65841908e+02
2.64247173e+02
2.62521023e+02
2.60732207e+02
2.58933178e+02
2.57161397e+02
2.55442247e+02
2.53791995e+02
2.52220228e+02
2.50731744e+02
2.49327989e+02
2.48008174e+02
2.46770071e+02
2.45610555e+02
2.44525972e+02
2.43512385e+02
2.42565742e+02
2.41681991e+02
2.40857158e+02
2.40087398e+02
2.39369031e+02
2.38698557e+02
2.38072673e+02
2.37488271e+02
2.36942439e+02
2.36432456e+02
2.35955786e+02
2.35510069e+02
2.35093112e+02
2.34702882e+02
2.34337489e+02
2.67913230e+02
2.67928931e+02
2.67934702e+02
2.67900009e+02
2.67810585e+02
2.67659021e+02
2.67449085e+02
2.67192247e+02
2.66902695e+02
2.66593892e+02
2.66276926e+02
2.65960162e+02
2.65649525e+02
2.65349003e+02
2.65061113e+02
2.64787300e+02
2.64528243e+02
2.64284089e+02
2.64054632e+02
2.63839438e+02
2.63637936e+02
2.63449468e+02
2.63273338e+02
2.63108833e+02
2.62955243e+02
2.62811875e+02
2.62678060e+02
2.62553157e+02
2.62436560e+02
2.62327695e+02
2.62226023e+02
2.62131041e+02
2.62042277e+02
2.61959292e+02
2.61881677e+02
2.61809053e+02
2.61741068e+02
2.75502294e+02
2.74431457e+02
2.70793902e+02
2.65693688e+02
2.60126745e+02
2.54551540e+02
2.49181236e+02
2.44114681e+02
2.39390441e+02
2.35014322e+02
2.30974695e+02
2.27251249e+02
2.23819972e+02
2.20655452e+02
2.17732278e+02
2.15027159e+02
2.12519308e+02
2.10190193e+02
2.08023311e+02
2.06003991e+02
2.04119191e+02
2.02357314e+02
2.00708039e+02
1.99162157e+02
1.97711437e+02
1.96348501e+02
1.95066719e+02
1.93860110e+02
1.92723266e+02
1.91651281e+02
1.90639693e+02
1.89684427e+02
1.88781758e+02
1.87928265e+02
1.87120805e+02
1.86356479e+02
1.85632610e+02
2.74971920e+02
2.73773495e+02
2.70027932e+02
2.65174094e+02
2.60173515e+02
2.55337015e+02
2.50758587e+02
2.46465811e+02
2.42461202e+02
2.38735770e+02
2.35274828e+02
2.32061059e+02
2.29076283e+02
2.26301926e+02
2.23719600e+02
2.21312826e+02
2.19066994e+02
2.16968961e+02
2.15006846e+02
2.13169898e+02
2.11448390e+02
2.09833515e+02
2.08317290e+02
2.06892470e+02
2.05552463e+02
2.04291266e+02
2.03103395e+02
2.01983834e+02
2.00927983e+02
1.99931618e+02
1.98990851e+02
1.98102094e+02
1.97262037e+02
1.96467616e+02
1.95715991e+02
1.95004529e+02
1.94330782e+02
2.72357598e+02
2.72428933e+02
2.72364649e+02
2.71955423e+02
2.71136773e+02
2.69966454e+02
2.68536519e+02
2.66931261e+02
2.65217646e+02
2.63446540e+02
2.61655991e+02
2.59874219e+02
2.58121931e+02
2.56414059e+02
2.54761023e+02
2.53169713e+02
2.51644360e+02
2.50187214e+02
2.48799054e+02
2.47479555e+02
2.46227578e+02
2.45041387e+02
2.43918827e+02
2.42857458e+02
2.41854660e+02
2.40907716e+02
2.40013872e+02
2.39170385e+02
2.38374556e+02
2.37623757e+02
2.36915449e+02
2.36247193e+02
2.35616655e+02
2.35021617e+02
2.34459971e+02
2.33929724e+02
2.33428993e+02
2.71541485e+02
2.71641430e+02
2.71748968e+02
2.71750654e+02
2.71567292e+02
2.71164373e+02
2.70549635e+02
2.69753756e+02
2.68814879e+02
2.67770500e+02
2.66654088e+02
2.65494027e+02
2.64313600e+02
2.63131407e+02
2.61961947e+02
2.60816216e+02
2.59702295e+02
2.58625905e+02
2.57590892e+02
2.56599631e+02
2.55653350e+02
2.54752394e+02
2.53896440e+02
2.53084661e+02
2.52315869e+02
2.51588613e+02
2.50901270e+02
2.50252106e+02
2.49639327e+02
2.49061123e+02
2.48515689e+02
2.48001255e+02
2.47516097e+02
2.47058550e+02
2.46627017e+02
2.46219971e+02
2.45835959e+02
2.71076298e+02
2.71286620e+02
2.71407925e+02
2.71445836e+02
2.71366461e+02
2.71147268e+02
2.70786371e+02
2.70297396e+02
2.69701979e+02
2.69024164e+02
2.68287089e+02
2.67511339e+02
2.66714340e+02
2.65910317e+02
2.65110536e+02
2.64323674e+02
2.63556213e+02
2.62812831e+02
2.62096760e+02
2.61410081e+02
2.60753980e+02
2.60128950e+02
2.59534956e+02
2.58971564e+02
2.58438050e+02
2.57933477e+02
2.57456764e+02
2.57006735e+02
2.56582161e+02
2.56181789e+02
2.55804363e+02
2.55448645e+02
2.55113427e+02
2.54797538e+02
2.54499853e+02
2.54219296e+02
2.53954841e+02
