2.70000000e+02
5.00000000e+01
4.01756070e+01
3.72932850e+01
3.51982560e+01
3.37346440e+01
3.26256430e+01
3.17413860e+01
3.10133030e+01
3.04005830e+01
2.98766900e+01
2.94232230e+01
2.89241970e+01
2.84379450e+01
2.80006180e+01
2.76073340e+01
2.72524700e+01
2.69310370e+01
2.66387800e+01
2.63721040e+01
2.61279670e+01
2.59037890e+01
2.56973670e+01
2.55068130e+01
2.53305020e+01
2.51670210e+01
2.50151440e+01
2.48737940e+01
2.47420270e+01
2.46190060e+01
2.45039910e+01
2.43963210e+01
2.42954060e+01
2.42007150e+01
2.41117720e+01
2.40281450e+01
2.39494460e+01
2.70000000e+02
1.50000000e+02
1.50000000e+02
1.50000000e+02
1.41518905e+02
1.35033194e+02
1.29080707e+02
1.23848358e+02
1.19285505e+02
1.15300999e+02
1.11806834e+02
1.08727801e+02
1.05994257e+02
1.03538408e+02
1.01326726e+02
9.93331500e+01
9.75333380e+01
9.59053760e+01
9.44299280e+01
9.30900640e+01
9.18709790e+01
9.07597210e+01
8.97449380e+01
8.88166560e+01
8.79660940e+01
8.71854990e+01
8.64680120e+01
8.58075500e+01
8.51987080e+01
8.46366700e+01
8.41171430e+01
8.36362860e+01
8.31906600e+01
8.27771790e+01
8.23930700e+01
8.20358380e+01
8.17032320e+01
2.70000000e+02
2.50000000e+02
2.46320296e+02
2.41903267e+02
2.37203489e+02
2.31997222e+02
2.26466236e+02
2.21022060e+02
2.15861371e+02
2.11061186e+02
2.06641010e+02
2.02592876e+02
1.98896101e+02
1.95523940e+02
1.92447267e+02
1.89638307e+02
1.87071890e+02
1.84725308e+02
1.82578019e+02
1.80611422e+02
1.78808683e+02
1.77154580e+02
1.75635360e+02
1.74238606e+02
1.72953115e+02
1.71768779e+02
1.70676480e+02
1.69667990e+02
1.68735886e+02
1.67873464e+02
1.67074669e+02
1.66334029e+02
1.65646595e+02
1.65007888e+02
1.64413852e+02
1.63860811e+02
1.63345427e+02
2.71062362e+02
2.70870454e+02
2.70509352e+02
2.69917499e+02
2.69015034e+02
2.67790999e+02
2.66295426e+02
2.64603538e+02
2.62792200e+02
2.60926872e+02
2.59057745e+02
2.57220779e+02
2.55440363e+02
2.53732122e+02
2.52105163e+02
2.50563931e+02
2.49109609e+02
2.47741211e+02
2.46456343e+02
2.45251730e+02
2.44123570e+02
2.43067786e+02
2.42080190e+02
2.41156602e+02
2.40292932e+02
2.39485231e+02
2.38729723e+02
2.38022831e+02
2.37361184e+02
2.36741616e+02
2.36161173e+02
2.35617097e+02
2.35106829e+02
2.34627988e+02
2.34178371e+02
2.33755937e+02
2.33358796e+02
2.68163552e+02
2.68150912e+02
2.68112624e+02
2.68042981e+02
2.67929569e+02
2.67764151e+02
2.67548990e+02
2.67293674e+02
2.67010482e+02
2.66711215e+02
2.66405665e+02
2.66101252e+02
2.65803250e+02
2.65515207e+02
2.65239361e+02
2.64976980e+02
2.64728640e+02
2.64494439e+02
2.64274157e+02
2.64067366e+02
2.63873512e+02
2.63691963e+02
2.63522052e+02
2.63363096e+02
2.63214420e+02
2.63075363e+02
2.62945288e+02
2.62823589e+02
2.62709691e+02
2.62603055e+02
2.62503172e+02
2.62409569e+02
2.62321805e+02
2.62239469e+02
2.62162182e+02
2.62089590e+02
2.62021365e+02
2.73071848e+02
2.72035664e+02
2.68369554e+02
2.63193303e+02
2.57538149e+02
2.51878498e+02
2.46431680e+02
2.41296187e+02
2.36509053e+02
2.32074494e+02
2.27979530e+02
2.24202778e+02
2.20719306e+02
2.17502643e+02
2.14526973e+02
2.11768963e+02
2.09207786e+02
2.06824889e+02
2.04603781e+02
2.02529825e+02
2.00590044e+02
1.98772921e+02
1.97068224e+02
1.95466847e+02
1.93960660e+02
1.92542388e+02
1.91205500e+02
1.89944114e+02
1.88752911e+02
1.87627072e+02
1.86562212e+02
1.85554330e+02
1.84599764e+02
1.83695154e+02
1.82837407e+02
1.82023671e+02
1.81251310e+02
2.73028352e+02
2.71872038e+02
2.68093169e+02
2.63132617e+02
2.57998397e+02
2.53027979e+02
2.48325791e+02
2.43921898e+02
2.39817986e+02
2.36003081e+02
2.32460317e+02
2.29170406e+02
2.26113431e+02
2.23269095e+02
2.20618171e+02
2.18143761e+02
2.15830899e+02
2.13666178e+02
2.11637551e+02
2.09734182e+02
2.07946316e+02
2.06265163e+02
2.04682785e+02
2.03191998e+02
2.01786290e+02
2.00459737e+02
1.99206943e+02
1.98022977e+02
1.96903323e+02
1.95843837e+02
1.94840704e+02
1.93890409e+02
1.92989704e+02
1.92135583e+02
1.91325260e+02
1.90556148e+02
1.89825840e+02
2.72761528e+02
2.72670915e+02
2.72439400e+02
2.71869152e+02
2.70895234e+02
2.69575397e+02
2.68000478e+02
2.66253282e+02
2.64399690e+02
2.62489963e+02
2.60561904e+02
2.58643688e+02
2.56756086e+02
2.54914095e+02
2.53128181e+02
2.51405280e+02
2.49749674e+02
2.48163672e+02
2.46648094e+02
2.45202650e+02
2.43826227e+02
2.42517117e+02
2.41273192e+02
2.40092042e+02
2.38971084e+02
2.37907638e+02
2.36898996e+02
2.35942458e+02
2.35035374e+02
2.34175163e+02
2.33359333e+02
2.32585490e+02
2.31851342e+02
2.31154711e+02
2.30493524e+02
2.29865817e+02
2.29269734e+02
2.72464667e+02
2.72398563e+02
2.72296644e+02
2.72116354e+02
2.71778537e+02
2.71241386e+02
2.70506411e+02
2.69600086e+02
2.68558004e+02
2.67416185e+02
2.66207227e+02
2.64958937e+02
2.63694147e+02
2.62431033e+02
2.61183682e+02
2.59962667e+02
2.58775665e+02
2.57628021e+02
2.56523248e+02
2.55463425e+02
2.54449531e+02
2.53481709e+02
2.52559477e+02
2.51681889e+02
2.50847675e+02
2.50055336e+02
2.49303226e+02
2.48589612e+02
2.47912722e+02
2.47270777e+02
2.46662022e+02
2.46084737e+02
2.45537257e+02
2.45017978e+02
2.44525363e+02
2.44057947e+02
2.43614337e+02
2.72071324e+02
2.71993502e+02
2.71923016e+02
2.71813324e+02
2.71618272e+02
2.71310298e+02
2.70884650e+02
2.70352503e+02
2.69733018e+02
2.69047730e+02
2.68317311e+02
2.67559987e+02
2.66790969e+02
2.66022449e+02
2.65263859e+02
2.64522242e+02
2.63802663e+02
2.63108593e+02
2.62442252e+02
2.61804895e+02
2.61197042e+02
2.60618666e+02
2.60069331e+02
2.59548315e+02
2.59054688e+02
2.58587389e+02
2.58145272e+02
2.57727147e+02
2.57331811e+02
2.56958067e+02
2.56604742e+02
2.56270698e+02
2.55954839e+02
2.55656118e+02
2.55373535e+02
2.55106143e+02
2.54853047e+02
