-2.2000e+02
-9.6962e+00
-2.8809e+00
-2.1225e+00
-1.4845e+00
-1.1243e+00
-8.9578e-01
-7.3691e-01
-6.1953e-01
-5.2910e-01
-4.5734e-01
-4.8132e-01
-4.8692e-01
-4.3805e-01
-3.9322e-01
-3.5395e-01
-3.1971e-01
-2.8979e-01
-2.6354e-01
-2.4040e-01
-2.1991e-01
-2.0169e-01
-1.8541e-01
-1.7082e-01
-1.5769e-01
-1.4584e-01
-1.3510e-01
-1.2535e-01
-1.1646e-01
-1.0835e-01
-1.0093e-01
-9.4116e-02
-8.7860e-02
-8.2102e-02
-7.6792e-02
-7.1889e-02
-1.2000e+02
0.0000e+00
0.0000e+00
-8.4601e+00
-6.5063e+00
-5.9806e+00
-5.2616e+00
-4.5908e+00
-4.0099e+00
-3.5163e+00
-3.0978e+00
-2.7463e+00
-2.4640e+00
-2.2178e+00
-1.9974e+00
-1.8011e+00
-1.6267e+00
-1.4718e+00
-1.3340e+00
-1.2112e+00
-1.1015e+00
-1.0034e+00
-9.1544e-01
-8.3643e-01
-7.6534e-01
-7.0127e-01
-6.4341e-01
-5.9108e-01
-5.4368e-01
-5.0067e-01
-4.6160e-01
-4.2605e-01
-3.9365e-01
-3.6410e-01
-3.3711e-01
-3.1241e-01
-2.0000e+01
-3.7024e+00
-4.4297e+00
-4.7082e+00
-5.2172e+00
-5.5460e+00
-5.4624e+00
-5.1801e+00
-4.8187e+00
-4.4361e+00
-4.0604e+00
-3.7048e+00
-3.3755e+00
-3.0752e+00
-2.8030e+00
-2.5564e+00
-2.3328e+00
-2.1303e+00
-1.9466e+00
-1.7802e+00
-1.6293e+00
-1.4924e+00
-1.3682e+00
-1.2555e+00
-1.1531e+00
-1.0600e+00
-9.7528e-01
-8.9817e-01
-8.2790e-01
-7.6381e-01
-7.0531e-01
-6.5185e-01
-6.0297e-01
-5.5822e-01
-5.1723e-01
-4.7964e-01
-2.5191e-01
-4.0688e-01
-6.2286e-01
-9.2414e-01
-1.2403e+00
-1.5080e+00
-1.7002e+00
-1.8148e+00
-1.8632e+00
-1.8612e+00
-1.8234e+00
-1.7615e+00
-1.6845e+00
-1.5990e+00
-1.5096e+00
-1.4196e+00
-1.3311e+00
-1.2454e+00
-1.1635e+00
-1.0856e+00
-1.0122e+00
-9.4311e-01
-8.7843e-01
-8.1801e-01
-7.6167e-01
-7.0923e-01
-6.6047e-01
-6.1518e-01
-5.7313e-01
-5.3411e-01
-4.9792e-01
-4.6436e-01
-4.3323e-01
-4.0436e-01
-3.7759e-01
-3.5275e-01
-1.7839e-02
-4.8426e-02
-7.9752e-02
-1.2369e-01
-1.7712e-01
-2.2894e-01
-2.7097e-01
-3.0004e-01
-3.1649e-01
-3.2243e-01
-3.2044e-01
-3.1284e-01
-3.0150e-01
-2.8785e-01
-2.7294e-01
-2.5749e-01
-2.4202e-01
-2.2686e-01
-2.1222e-01
-1.9824e-01
-1.8497e-01
-1.7246e-01
-1.6070e-01
-1.4970e-01
-1.3942e-01
-1.2984e-01
-1.2092e-01
-1.1262e-01
-1.0492e-01
-9.7769e-02
-9.1133e-02
-8.4975e-02
-7.9264e-02
-7.3967e-02
-6.9054e-02
-6.4495e-02
-7.7216e-01
-3.2270e+00
-4.8294e+00
-5.4250e+00
-5.5123e+00
-5.3520e+00
-5.0722e+00
-4.7416e+00
-4.3979e+00
-4.0615e+00
-3.7428e+00
-3.4468e+00
-3.1757e+00
-2.9296e+00
-2.7066e+00
-2.5045e+00
-2.3212e+00
-2.1548e+00
-2.0033e+00
-1.8652e+00
-1.7391e+00
-1.6237e+00
-1.5179e+00
-1.4206e+00
-1.3310e+00
-1.2483e+00
-1.1719e+00
-1.1011e+00
-1.0354e+00
-9.7436e-01
-9.1757e-01
-8.6466e-01
-8.1531e-01
-7.6922e-01
-7.2613e-01
-6.8582e-01
-1.0299e+00
-3.6642e+00
-4.8654e+00
-5.0481e+00
-4.8887e+00
-4.6231e+00
-4.3262e+00
-4.0263e+00
-3.7363e+00
-3.4622e+00
-3.2068e+00
-2.9707e+00
-2.7546e+00
-2.5577e+00
-2.3779e+00
-2.2134e+00
-2.0625e+00
-1.9240e+00
-1.7967e+00
-1.6795e+00
-1.5715e+00
-1.4717e+00
-1.3794e+00
-1.2940e+00
-1.2148e+00
-1.1412e+00
-1.0728e+00
-1.0092e+00
-9.4986e-01
-8.9456e-01
-8.4293e-01
-7.9470e-01
-7.4960e-01
-7.0740e-01
-6.6788e-01
-6.3085e-01
-7.8452e-02
-2.1492e-01
-5.5051e-01
-9.5076e-01
-1.2874e+00
-1.5272e+00
-1.6812e+00
-1.7690e+00
-1.8082e+00
-1.8120e+00
-1.7901e+00
-1.7499e+00
-1.6969e+00
-1.6351e+00
-1.5680e+00
-1.4979e+00
-1.4264e+00
-1.3550e+00
-1.2845e+00
-1.2156e+00
-1.1490e+00
-1.0848e+00
-1.0233e+00
-9.6464e-01
-9.0890e-01
-8.5606e-01
-8.0608e-01
-7.5889e-01
-7.1440e-01
-6.7251e-01
-6.3311e-01
-5.9607e-01
-5.6128e-01
-5.2862e-01
-4.9796e-01
-4.6919e-01
-6.6980e-02
-1.0738e-01
-1.8530e-01
-3.3787e-01
-5.2792e-01
-7.1331e-01
-8.7103e-01
-9.9364e-01
-1.0817e+00
-1.1392e+00
-1.1708e+00
-1.1813e+00
-1.1751e+00
-1.1561e+00
-1.1274e+00
-1.0918e+00
-1.0513e+00
-1.0078e+00
-9.6246e-01
-9.1640e-01
-8.7038e-01
-8.2500e-01
-7.8069e-01
-7.3776e-01
-6.9644e-01
-6.5687e-01
-6.1912e-01
-5.8324e-01
-5.4922e-01
-5.1705e-01
-4.8667e-01
-4.5804e-01
-4.3109e-01
-4.0575e-01
-3.8193e-01
-3.5956e-01
-1.1104e-01
-9.2941e-02
-1.2629e-01
-2.0904e-01
-3.2168e-01
-4.4046e-01
-5.4868e-01
-6.3794e-01
-7.0564e-01
-7.5254e-01
-7.8098e-01
-7.9390e-01
-7.9425e-01
-7.8476e-01
-7.6779e-01
-7.4535e-01
-7.1903e-01
-6.9016e-01
-6.5973e-01
-6.2853e-01
-5.9718e-01
-5.6613e-01
-5.3571e-01
-5.0617e-01
-4.7769e-01
-4.5038e-01
-4.2431e-01
-3.9951e-01
-3.7599e-01
-3.5374e-01
-3.3274e-01
-3.1296e-01
-2.9433e-01
-2.7683e-01
-2.6038e-01
-2.4495e-01
