2.70058454e+02
5.01755223e+01
4.01246538e+01
3.69933667e+01
3.49647092e+01
3.35473139e+01
3.27578385e+01
3.19001246e+01
3.07059670e+01
3.06312157e+01
3.03502629e+01
2.95300179e+01
2.87181646e+01
2.82788036e+01
2.78678569e+01
2.73186841e+01
2.70743270e+01
2.68071666e+01
2.64123820e+01
2.66581007e+01
2.61450729e+01
2.56076042e+01
2.59893176e+01
2.58206175e+01
2.49113339e+01
2.53563156e+01
2.52273687e+01
2.49428735e+01
2.48715764e+01
2.43365098e+01
2.44183491e+01
2.41590205e+01
2.44825468e+01
2.43370493e+01
2.40323121e+01
2.41538175e+01
2.38711079e+01
2.69698966e+02
1.49877947e+02
1.49919843e+02
1.49890311e+02
1.41538126e+02
1.34968329e+02
1.29052461e+02
1.23420661e+02
1.19046804e+02
1.15262755e+02
1.11629686e+02
1.08677667e+02
1.05835772e+02
1.03368326e+02
1.01325019e+02
9.88855388e+01
9.71581908e+01
9.58415144e+01
9.44581214e+01
9.31724975e+01
9.19170244e+01
9.06912580e+01
8.95607306e+01
8.88134958e+01
8.80519763e+01
8.69621517e+01
8.62113933e+01
8.59708148e+01
8.53292051e+01
8.47551931e+01
8.39000670e+01
8.38497901e+01
8.33243941e+01
8.30264479e+01
8.23734078e+01
8.23218347e+01
8.19977658e+01
2.70379417e+02
2.50097151e+02
2.46297415e+02
2.41625554e+02
2.36847777e+02
2.31535184e+02
2.26657947e+02
2.20683427e+02
2.15671704e+02
2.11147972e+02
2.06397382e+02
2.02433467e+02
1.99237118e+02
1.95496709e+02
1.92548653e+02
1.89780536e+02
1.87172465e+02
1.84882302e+02
1.82359291e+02
1.80630414e+02
1.78908148e+02
1.77386508e+02
1.75819234e+02
1.74785815e+02
1.73632483e+02
1.72236560e+02
1.70837869e+02
1.70149281e+02
1.69051822e+02
1.68507254e+02
1.67939656e+02
1.66827067e+02
1.66380056e+02
1.65498432e+02
1.65165670e+02
1.64388865e+02
1.63802721e+02
2.71176916e+02
2.70965338e+02
2.70526236e+02
2.69911227e+02
2.68663858e+02
2.68187238e+02
2.66471591e+02
2.64743287e+02
2.62774679e+02
2.61669689e+02
2.58919736e+02
2.57652115e+02
2.56073169e+02
2.53911045e+02
2.52613315e+02
2.51073080e+02
2.49514630e+02
2.48203645e+02
2.46917654e+02
2.45865329e+02
2.44906513e+02
2.43754458e+02
2.42891485e+02
2.42142343e+02
2.40994389e+02
2.40225747e+02
2.39791626e+02
2.39140777e+02
2.38674782e+02
2.37986097e+02
2.36854135e+02
2.36945238e+02
2.36459326e+02
2.35936800e+02
2.35409052e+02
2.34642030e+02
2.34490648e+02
2.68437240e+02
2.68131676e+02
2.68132271e+02
2.68144890e+02
2.67719316e+02
2.67957030e+02
2.67700591e+02
2.67422325e+02
2.67135351e+02
2.66941997e+02
2.66294929e+02
2.66216031e+02
2.65926722e+02
2.65679284e+02
2.65557548e+02
2.65139078e+02
2.64958285e+02
2.64975458e+02
2.64325041e+02
2.64376695e+02
2.64154041e+02
2.63865630e+02
2.63501868e+02
2.63936199e+02
2.63382595e+02
2.63208002e+02
2.62880227e+02
2.62849309e+02
2.62759179e+02
2.62909719e+02
2.62678069e+02
2.62590465e+02
2.62366514e+02
2.62563010e+02
2.62900099e+02
2.62449467e+02
2.62261614e+02
2.73241773e+02
2.72491390e+02
2.69284785e+02
2.64651780e+02
2.59017178e+02
2.54250272e+02
2.48926054e+02
2.44053133e+02
2.39058466e+02
2.34632679e+02
2.30922857e+02
2.26853657e+02
2.23804051e+02
2.20501646e+02
2.17920291e+02
2.14810823e+02
2.12667488e+02
2.10367227e+02
2.08134674e+02
2.06273022e+02
2.04568072e+02
2.02985312e+02
2.01230171e+02
1.99531430e+02
1.98124592e+02
1.96803332e+02
1.95658216e+02
1.94397930e+02
1.93209026e+02
1.92446213e+02
1.91517200e+02
1.90426962e+02
1.89882069e+02
1.88892216e+02
1.88303838e+02
1.87497603e+02
1.86776455e+02
2.73155901e+02
2.71919186e+02
2.68557550e+02
2.63739447e+02
2.58550941e+02
2.53821131e+02
2.49141041e+02
2.44938359e+02
2.41112681e+02
2.37707074e+02
2.34459660e+02
2.31059402e+02
2.27983142e+02
2.25611027e+02
2.23169022e+02
2.20398800e+02
2.18342371e+02
2.16091459e+02
2.13989882e+02
2.12955879e+02
2.11304009e+02
2.09805501e+02
2.08203084e+02
2.06833070e+02
2.05315523e+02
2.04214128e+02
2.03200246e+02
2.02241603e+02
2.01057188e+02
2.00207128e+02
1.99399993e+02
1.98594075e+02
1.97773509e+02
1.97523558e+02
1.96201880e+02
1.96013891e+02
1.94907140e+02
2.72733417e+02
2.72272264e+02
2.72231245e+02
2.71926253e+02
2.71103006e+02
2.69260915e+02
2.68632291e+02
2.66823571e+02
2.65042668e+02
2.63029338e+02
2.61510635e+02
2.59611915e+02
2.58011954e+02
2.56450921e+02
2.54735801e+02
2.53037038e+02
2.51488442e+02
2.50352237e+02
2.49144687e+02
2.47632100e+02
2.46583085e+02
2.45247741e+02
2.44100085e+02
2.43340660e+02
2.42012202e+02
2.41600384e+02
2.40491399e+02
2.39680260e+02
2.39268541e+02
2.38839968e+02
2.37886898e+02
2.37115759e+02
2.36315404e+02
2.35848209e+02
2.35962735e+02
2.35243457e+02
2.34700548e+02
2.72377149e+02
2.72273460e+02
2.72024803e+02
2.72126301e+02
2.71570646e+02
2.71044087e+02
2.70526265e+02
2.69759767e+02
2.68517150e+02
2.67682463e+02
2.66627856e+02
2.65306873e+02
2.64013065e+02
2.63250996e+02
2.61947026e+02
2.60506324e+02
2.59568580e+02
2.58295907e+02
2.57268041e+02
2.56778574e+02
2.55612031e+02
2.54595416e+02
2.53894723e+02
2.53053986e+02
2.52215923e+02
2.51859745e+02
2.51293658e+02
2.50134019e+02
2.49854399e+02
2.49462002e+02
2.48806916e+02
2.48146585e+02
2.47662688e+02
2.47517468e+02
2.46731666e+02
2.46412746e+02
2.46205094e+02
2.72331406e+02
2.72230446e+02
2.72212294e+02
2.72006684e+02
2.71865534e+02
2.71232846e+02
2.70871989e+02
2.70285700e+02
2.69804954e+02
2.68938923e+02
2.68011070e+02
2.67218239e+02
2.66923574e+02
2.65692077e+02
2.65111094e+02
2.64406734e+02
2.63765591e+02
2.62876883e+02
2.61971539e+02
2.61538524e+02
2.61356886e+02
2.60090563e+02
2.59663784e+02
2.59063449e+02
2.58539027e+02
2.58099223e+02
2.57657696e+02
2.56988073e+02
2.56566395e+02
2.56255450e+02
2.55930528e+02
2.55591321e+02
2.55592820e+02
2.55313751e+02
2.54684105e+02
2.54215556e+02
2.54638653e+02
