2.69817901e+02
4.96882751e+01
4.00483655e+01
3.73862159e+01
3.52497367e+01
3.35595159e+01
3.23011787e+01
3.17563958e+01
3.10659445e+01
3.04257643e+01
2.98101465e+01
2.93795479e+01
2.88003637e+01
2.86280391e+01
2.80096400e+01
2.80374634e+01
2.72311212e+01
2.65979305e+01
2.61833045e+01
2.65430802e+01
2.60161168e+01
2.60037958e+01
2.53872377e+01
2.55421183e+01
2.56545796e+01
2.52025430e+01
2.49736480e+01
2.51201094e+01
2.50058077e+01
2.46918450e+01
2.43986109e+01
2.45475473e+01
2.45302440e+01
2.42878541e+01
2.43701577e+01
2.42793972e+01
2.37077851e+01
2.69944513e+02
1.49874688e+02
1.49952170e+02
1.49752548e+02
1.41758628e+02
1.35166849e+02
1.29153703e+02
1.23921471e+02
1.19527586e+02
1.15347563e+02
1.12160947e+02
1.08705671e+02
1.06052811e+02
1.03651486e+02
1.01678508e+02
9.95294465e+01
9.79873183e+01
9.61790695e+01
9.45271904e+01
9.35724399e+01
9.21646923e+01
9.12176813e+01
8.97376799e+01
8.88670295e+01
8.82897693e+01
8.75750715e+01
8.71115891e+01
8.61137825e+01
8.56851011e+01
8.48934473e+01
8.43642361e+01
8.39629048e+01
8.37948041e+01
8.34387372e+01
8.32032217e+01
8.24652438e+01
8.24226865e+01
2.70370104e+02
2.50127375e+02
2.46440481e+02
2.41751062e+02
2.36823127e+02
2.32379120e+02
2.26401096e+02
2.21432252e+02
2.16585277e+02
2.11235217e+02
2.06969495e+02
2.02877838e+02
1.99156894e+02
1.95968730e+02
1.92734979e+02
1.89935897e+02
1.87618432e+02
1.85397313e+02
1.83025742e+02
1.80852860e+02
1.79114574e+02
1.77748042e+02
1.76442141e+02
1.74770212e+02
1.73768474e+02
1.72109373e+02
1.71480360e+02
1.70638542e+02
1.69395013e+02
1.68497950e+02
1.68236252e+02
1.67079989e+02
1.66640488e+02
1.66282645e+02
1.65357492e+02
1.64626593e+02
1.64434962e+02
2.70997263e+02
2.70526776e+02
2.70297848e+02
2.69625499e+02
2.68692991e+02
2.67639712e+02
2.66144312e+02
2.64676190e+02
2.62880012e+02
2.60910414e+02
2.59129045e+02
2.57176966e+02
2.55678986e+02
2.53884945e+02
2.52401224e+02
2.51414922e+02
2.49232002e+02
2.48406596e+02
2.46717684e+02
2.45557815e+02
2.44582898e+02
2.44085162e+02
2.42613597e+02
2.41944771e+02
2.41208848e+02
2.40689230e+02
2.39823931e+02
2.39117851e+02
2.37982276e+02
2.38014960e+02
2.37326479e+02
2.37049423e+02
2.36360440e+02
2.36066275e+02
2.35497803e+02
2.35217802e+02
2.34974073e+02
2.68322474e+02
2.67990553e+02
2.68125328e+02
2.68291831e+02
2.68410258e+02
2.67897006e+02
2.67714669e+02
2.67222581e+02
2.67190207e+02
2.67038514e+02
2.66099654e+02
2.65554681e+02
2.65345387e+02
2.65326771e+02
2.65262612e+02
2.64951590e+02
2.64642844e+02
2.64284646e+02
2.63854029e+02
2.63487918e+02
2.63392945e+02
2.63117723e+02
2.63152804e+02
2.63106928e+02
2.62898403e+02
2.62556710e+02
2.62830821e+02
2.62469138e+02
2.62264936e+02
2.62283027e+02
2.62455188e+02
2.61851063e+02
2.62119734e+02
2.61807569e+02
2.61845958e+02
2.61575560e+02
2.62097218e+02
2.73668409e+02
2.72647921e+02
2.69571613e+02
2.65113206e+02
2.60287377e+02
2.54602110e+02
2.49531696e+02
2.45090625e+02
2.40215858e+02
2.35907158e+02
2.32138945e+02
2.28187940e+02
2.24558353e+02
2.21632672e+02
2.18544279e+02
2.15884604e+02
2.13423366e+02
2.11155304e+02
2.09071891e+02
2.07139893e+02
2.05576000e+02
2.03464495e+02
2.01980323e+02
2.00773257e+02
1.99111993e+02
1.97510625e+02
1.96608438e+02
1.95342631e+02
1.94615898e+02
1.92917732e+02
1.92301630e+02
1.91414143e+02
1.90451299e+02
1.89474523e+02
1.89013513e+02
1.88213929e+02
1.87287811e+02
2.73019192e+02
2.72296420e+02
2.68550341e+02
2.63671021e+02
2.58631672e+02
2.54092871e+02
2.49765875e+02
2.45441113e+02
2.41521908e+02
2.38108997e+02
2.34714308e+02
2.31493051e+02
2.28267333e+02
2.26092892e+02
2.23392538e+02
2.20973627e+02
2.19000053e+02
2.16772775e+02
2.15155980e+02
2.13112630e+02
2.11570417e+02
2.10143787e+02
2.08701555e+02
2.07261225e+02
2.06126141e+02
2.04627365e+02
2.03887303e+02
2.02278605e+02
2.01453521e+02
2.00903124e+02
1.99802345e+02
1.99401050e+02
1.97912428e+02
1.97082981e+02
1.96606577e+02
1.95844693e+02
1.95127141e+02
2.72687394e+02
2.72592621e+02
2.72601264e+02
2.71999034e+02
2.70960783e+02
2.69599154e+02
2.68360579e+02
2.66773309e+02
2.65440632e+02
2.63309883e+02
2.61739969e+02
2.59244859e+02
2.57687909e+02
2.56045199e+02
2.54581675e+02
2.52970685e+02
2.52102019e+02
2.50214807e+02
2.48786627e+02
2.47735581e+02
2.46743244e+02
2.45245655e+02
2.44196909e+02
2.43450018e+02
2.42082647e+02
2.41633069e+02
2.40009341e+02
2.40036341e+02
2.39148205e+02
2.38170121e+02
2.37398838e+02
2.37220347e+02
2.36293319e+02
2.36015437e+02
2.35355624e+02
2.35210929e+02
2.34097841e+02
2.72194360e+02
2.72310806e+02
2.72600136e+02
2.71774849e+02
2.71381099e+02
2.71393185e+02
2.70338138e+02
2.69893019e+02
2.68893112e+02
2.67859878e+02
2.66692583e+02
2.65349417e+02
2.64316235e+02
2.63344740e+02
2.62206636e+02
2.61313140e+02
2.59862858e+02
2.58956811e+02
2.57872673e+02
2.57015756e+02
2.56382607e+02
2.55031438e+02
2.54484788e+02
2.53788146e+02
2.53017305e+02
2.52277280e+02
2.51728356e+02
2.50982060e+02
2.50673864e+02
2.50245045e+02
2.49414698e+02
2.48511975e+02
2.48383420e+02
2.48160528e+02
2.47434444e+02
2.46896131e+02
2.46778977e+02
2.72054828e+02
2.71978467e+02
2.72157613e+02
2.71329060e+02
2.71643797e+02
2.71537065e+02
2.71006501e+02
2.70484209e+02
2.69813711e+02
2.68763986e+02
2.68004122e+02
2.68130642e+02
2.66601172e+02
2.66255498e+02
2.64940555e+02
2.64573516e+02
2.63741440e+02
2.63430706e+02
2.62428373e+02
2.61769648e+02
2.60886936e+02
2.60698408e+02
2.60105302e+02
2.59695238e+02
2.59130933e+02
2.58581444e+02
2.58238955e+02
2.57521987e+02
2.57454898e+02
2.57159750e+02
2.56560404e+02
2.56361399e+02
2.55972262e+02
2.56021881e+02
2.55768019e+02
2.54829748e+02
2.55236962e+02
