-2.2000e+02
-9.4905e+00
-2.8475e+00
-2.1450e+00
-1.5031e+00
-1.1386e+00
-9.0755e-01
-7.4730e-01
-6.2905e-01
-5.3799e-01
-4.6572e-01
-4.3962e-01
-4.9069e-01
-4.4631e-01
-4.0192e-01
-3.6250e-01
-3.2793e-01
-2.9763e-01
-2.7097e-01
-2.4742e-01
-2.2653e-01
-2.0791e-01
-1.9126e-01
-1.7630e-01
-1.6282e-01
-1.5063e-01
-1.3958e-01
-1.2952e-01
-1.2035e-01
-1.1197e-01
-1.0429e-01
-9.7247e-02
-9.0766e-02
-8.4796e-02
-7.9287e-02
-7.4197e-02
-1.2000e+02
0.0000e+00
0.0000e+00
-8.1239e+00
-6.5028e+00
-5.9380e+00
-5.2352e+00
-4.5762e+00
-4.0037e+00
-3.5165e+00
-3.1028e+00
-2.7510e+00
-2.4660e+00
-2.2257e+00
-2.0095e+00
-1.8159e+00
-1.6433e+00
-1.4894e+00
-1.3521e+00
-1.2296e+00
-1.1198e+00
-1.0215e+00
-9.3314e-01
-8.5363e-01
-7.8195e-01
-7.1722e-01
-6.5866e-01
-6.0562e-01
-5.5748e-01
-5.1374e-01
-4.7393e-01
-4.3766e-01
-4.0457e-01
-3.7434e-01
-3.4668e-01
-3.2136e-01
-2.0000e+01
-3.2909e+00
-4.2260e+00
-4.6059e+00
-5.1397e+00
-5.5011e+00
-5.4435e+00
-5.1767e+00
-4.8254e+00
-4.4502e+00
-4.0800e+00
-3.7286e+00
-3.4020e+00
-3.1033e+00
-2.8323e+00
-2.5868e+00
-2.3640e+00
-2.1617e+00
-1.9781e+00
-1.8114e+00
-1.6599e+00
-1.5223e+00
-1.3972e+00
-1.2834e+00
-1.1798e+00
-1.0855e+00
-9.9960e-01
-9.2123e-01
-8.4970e-01
-7.8437e-01
-7.2464e-01
-6.6999e-01
-6.1996e-01
-5.7410e-01
-5.3204e-01
-4.9343e-01
-4.1705e-01
-5.3305e-01
-7.2621e-01
-1.0125e+00
-1.3184e+00
-1.5788e+00
-1.7659e+00
-1.8768e+00
-1.9223e+00
-1.9178e+00
-1.8775e+00
-1.8133e+00
-1.7341e+00
-1.6462e+00
-1.5545e+00
-1.4621e+00
-1.3713e+00
-1.2834e+00
-1.1991e+00
-1.1191e+00
-1.0436e+00
-9.7249e-01
-9.0587e-01
-8.4359e-01
-7.8549e-01
-7.3137e-01
-6.8102e-01
-6.3422e-01
-5.9075e-01
-5.5040e-01
-5.1295e-01
-4.7821e-01
-4.4598e-01
-4.1609e-01
-3.8835e-01
-3.6262e-01
-3.0866e-02
-6.8725e-02
-9.5635e-02
-1.3436e-01
-1.8279e-01
-2.3007e-01
-2.6838e-01
-2.9467e-01
-3.0926e-01
-3.1410e-01
-3.1157e-01
-3.0384e-01
-2.9264e-01
-2.7931e-01
-2.6481e-01
-2.4982e-01
-2.3483e-01
-2.2014e-01
-2.0597e-01
-1.9242e-01
-1.7956e-01
-1.6743e-01
-1.5603e-01
-1.4535e-01
-1.3537e-01
-1.2606e-01
-1.1739e-01
-1.0933e-01
-1.0183e-01
-9.4871e-02
-8.8406e-02
-8.2408e-02
-7.6843e-02
-7.1678e-02
-6.6887e-02
-6.2443e-02
-1.0211e+00
-3.5110e+00
-5.0665e+00
-5.6239e+00
-5.6916e+00
-5.5223e+00
-5.2370e+00
-4.9013e+00
-4.5519e+00
-4.2092e+00
-3.8836e+00
-3.5803e+00
-3.3013e+00
-3.0473e+00
-2.8169e+00
-2.6078e+00
-2.4179e+00
-2.2451e+00
-2.0877e+00
-1.9440e+00
-1.8126e+00
-1.6923e+00
-1.5818e+00
-1.4802e+00
-1.3865e+00
-1.2999e+00
-1.2199e+00
-1.1457e+00
-1.0769e+00
-1.0129e+00
-9.5335e-01
-8.9785e-01
-8.4607e-01
-7.9770e-01
-7.5249e-01
-7.1018e-01
-1.3404e+00
-4.0124e+00
-5.1630e+00
-5.2915e+00
-5.0933e+00
-4.8017e+00
-4.4865e+00
-4.1728e+00
-3.8716e+00
-3.5879e+00
-3.3240e+00
-3.0801e+00
-2.8564e+00
-2.6526e+00
-2.4666e+00
-2.2962e+00
-2.1400e+00
-1.9964e+00
-1.8643e+00
-1.7425e+00
-1.6302e+00
-1.5264e+00
-1.4303e+00
-1.3413e+00
-1.2587e+00
-1.1820e+00
-1.1107e+00
-1.0443e+00
-9.8235e-01
-9.2462e-01
-8.7071e-01
-8.2035e-01
-7.7326e-01
-7.2919e-01
-6.8792e-01
-6.4926e-01
-1.8299e-01
-3.4553e-01
-6.9669e-01
-1.1002e+00
-1.4309e+00
-1.6609e+00
-1.8043e+00
-1.8822e+00
-1.9124e+00
-1.9081e+00
-1.8790e+00
-1.8321e+00
-1.7729e+00
-1.7055e+00
-1.6329e+00
-1.5577e+00
-1.4815e+00
-1.4057e+00
-1.3311e+00
-1.2584e+00
-1.1882e+00
-1.1206e+00
-1.0561e+00
-9.9461e-01
-9.3624e-01
-8.8096e-01
-8.2873e-01
-7.7947e-01
-7.3307e-01
-6.8942e-01
-6.4840e-01
-6.0987e-01
-5.7371e-01
-5.3978e-01
-5.0796e-01
-4.7813e-01
-1.6042e-01
-2.3034e-01
-3.0292e-01
-4.4866e-01
-6.3202e-01
-8.1072e-01
-9.6193e-01
-1.0784e+00
-1.1608e+00
-1.2128e+00
-1.2393e+00
-1.2450e+00
-1.2342e+00
-1.2108e+00
-1.1779e+00
-1.1382e+00
-1.0940e+00
-1.0468e+00
-9.9816e-01
-9.4895e-01
-9.0001e-01
-8.5192e-01
-8.0510e-01
-7.5987e-01
-7.1642e-01
-6.7488e-01
-6.3534e-01
-5.9781e-01
-5.6229e-01
-5.2873e-01
-4.9710e-01
-4.6732e-01
-4.3931e-01
-4.1300e-01
-3.8831e-01
-3.6513e-01
-2.5382e-01
-1.9702e-01
-2.1224e-01
-2.8352e-01
-3.8892e-01
-5.0291e-01
-6.0763e-01
-6.9393e-01
-7.5887e-01
-8.0300e-01
-8.2862e-01
-8.3866e-01
-8.3611e-01
-8.2372e-01
-8.0389e-01
-7.7865e-01
-7.4964e-01
-7.1820e-01
-6.8534e-01
-6.5186e-01
-6.1838e-01
-5.8535e-01
-5.5310e-01
-5.2188e-01
-4.9184e-01
-4.6310e-01
-4.3571e-01
-4.0972e-01
-3.8510e-01
-3.6185e-01
-3.3994e-01
-3.1932e-01
-2.9993e-01
-2.8173e-01
-2.6466e-01
-2.4865e-01
