2.70000000e+02
5.00000000e+01
4.01906740e+01
3.72617990e+01
3.51522160e+01
3.36858230e+01
3.25772940e+01
3.16943360e+01
3.09676460e+01
3.03562470e+01
2.98336460e+01
2.93815450e+01
2.88752630e+01
2.83909380e+01
2.79562280e+01
2.75661450e+01
2.72150640e+01
2.68979780e+01
2.66106040e+01
2.63493060e+01
2.61109970e+01
2.58930470e+01
2.56932050e+01
2.55095360e+01
2.53403660e+01
2.51842420e+01
2.50398940e+01
2.49062110e+01
2.47822130e+01
2.46670330e+01
2.45599040e+01
2.44601380e+01
2.43671240e+01
2.42803110e+01
2.41992050e+01
2.41233590e+01
2.40523690e+01
2.70000000e+02
1.50000000e+02
1.50000000e+02
1.50000000e+02
1.41456407e+02
1.34918987e+02
1.28927252e+02
1.23666206e+02
1.19082012e+02
1.15081648e+02
1.11575927e+02
1.08488866e+02
1.05748937e+02
1.03289336e+02
1.01076875e+02
9.90850260e+01
9.72891300e+01
9.56670410e+01
9.41992350e+01
9.28686120e+01
9.16602130e+01
9.05609450e+01
8.95593210e+01
8.86452450e+01
8.78098200e+01
8.70451880e+01
8.63443930e+01
8.57012620e+01
8.51103080e+01
8.45666390e+01
8.40658900e+01
8.36041550e+01
8.31779360e+01
8.27840910e+01
8.24197940e+01
8.20825010e+01
8.17699170e+01
2.70000000e+02
2.50000000e+02
2.46238257e+02
2.41790310e+02
2.37080080e+02
2.31861964e+02
2.26318216e+02
2.20862465e+02
2.15691901e+02
2.10884288e+02
2.06459712e+02
2.02410521e+02
1.98716095e+02
1.95349513e+02
1.92281466e+02
1.89484012e+02
1.86931771e+02
1.84601796e+02
1.82473305e+02
1.80527474e+02
1.78747261e+02
1.77117257e+02
1.75623545e+02
1.74253559e+02
1.72995962e+02
1.71840527e+02
1.70778024e+02
1.69800125e+02
1.68899310e+02
1.68068789e+02
1.67302420e+02
1.66594653e+02
1.65940460e+02
1.65335289e+02
1.64775013e+02
1.64255887e+02
1.63774510e+02
2.70619057e+02
2.70507522e+02
2.70209767e+02
2.69671867e+02
2.68815015e+02
2.67628093e+02
2.66162412e+02
2.64495637e+02
2.62707164e+02
2.60864413e+02
2.59018841e+02
2.57207092e+02
2.55453846e+02
2.53774756e+02
2.52178826e+02
2.50670330e+02
2.49250274e+02
2.47917500e+02
2.46669463e+02
2.45502758e+02
2.44413470e+02
2.43397423e+02
2.42450341e+02
2.41567964e+02
2.40746123e+02
2.39980793e+02
2.39268124e+02
2.38604463e+02
2.37986362e+02
2.37410580e+02
2.36874086e+02
2.36374048e+02
2.35907830e+02
2.35472979e+02
2.35067223e+02
2.34688449e+02
2.34334706e+02
2.68135703e+02
2.68128813e+02
2.68098332e+02
2.68032216e+02
2.67916467e+02
2.67742183e+02
2.67512110e+02
2.67237165e+02
2.66931254e+02
2.66607685e+02
2.66277437e+02
2.65948777e+02
2.65627536e+02
2.65317606e+02
2.65021409e+02
2.64740293e+02
2.64474848e+02
2.64225140e+02
2.63990893e+02
2.63771612e+02
2.63566663e+02
2.63375336e+02
2.63196883e+02
2.63030541e+02
2.62875555e+02
2.62731190e+02
2.62596735e+02
2.62471515e+02
2.62354886e+02
2.62246245e+02
2.62145023e+02
2.62050688e+02
2.61962745e+02
2.61880732e+02
2.61804220e+02
2.61732811e+02
2.61666135e+02
2.73510396e+02
2.72653523e+02
2.69407135e+02
2.64598924e+02
2.59209740e+02
2.53739021e+02
2.48429591e+02
2.43398484e+02
2.38695618e+02
2.34334017e+02
2.30306656e+02
2.26596109e+02
2.23180002e+02
2.20033527e+02
2.17131824e+02
2.14451922e+02
2.11973001e+02
2.09676303e+02
2.07545002e+02
2.05564053e+02
2.03720030e+02
2.02000961e+02
2.00396164e+02
1.98896097e+02
1.97492228e+02
1.96176903e+02
1.94943248e+02
1.93785065e+02
1.92696757e+02
1.91673250e+02
1.90709937e+02
1.89802619e+02
1.88947461e+02
1.88140950e+02
1.87379864e+02
1.86661238e+02
1.85982340e+02
2.73348336e+02
2.72222099e+02
2.68557048e+02
2.63734589e+02
2.58743486e+02
2.53915125e+02
2.49349242e+02
2.45074006e+02
2.41091622e+02
2.37392803e+02
2.33962631e+02
2.30783556e+02
2.27836996e+02
2.25103601e+02
2.22564833e+02
2.20204166e+02
2.18006753e+02
2.15959137e+02
2.14049107e+02
2.12265589e+02
2.10598551e+02
2.09038902e+02
2.07578402e+02
2.06209569e+02
2.04925605e+02
2.03720321e+02
2.02588070e+02
2.01523695e+02
2.00522472e+02
1.99580072e+02
1.98692516e+02
1.97856143e+02
1.97067576e+02
1.96323699e+02
1.95621633e+02
1.94958708e+02
1.94332454e+02
2.72545813e+02
2.72505806e+02
2.72330299e+02
2.71821172e+02
2.70914758e+02
2.69670968e+02
2.68183308e+02
2.66535928e+02
2.64794498e+02
2.63008075e+02
2.61212834e+02
2.59435277e+02
2.57694617e+02
2.56004497e+02
2.54374229e+02
2.52809786e+02
2.51314657e+02
2.49890486e+02
2.48537537e+02
2.47255042e+02
2.46041477e+02
2.44894772e+02
2.43812477e+02
2.42791896e+02
2.41830186e+02
2.40924433e+02
2.40071716e+02
2.39269144e+02
2.38513893e+02
2.37803230e+02
2.37134523e+02
2.36505257e+02
2.35913037e+02
2.35355591e+02
2.34830771e+02
2.34336551e+02
2.33871023e+02
2.72214367e+02
2.72186837e+02
2.72132906e+02
2.71978494e+02
2.71643692e+02
2.71098106e+02
2.70354965e+02
2.69448107e+02
2.68416337e+02
2.67296239e+02
2.66119625e+02
2.64912978e+02
2.63697710e+02
2.62490690e+02
2.61304870e+02
2.60149886e+02
2.59032656e+02
2.57957921e+02
2.56928704e+02
2.55946683e+02
2.55012499e+02
2.54125995e+02
2.53286420e+02
2.52492581e+02
2.51742974e+02
2.51035881e+02
2.50369446e+02
2.49741736e+02
2.49150788e+02
2.48594646e+02
2.48071382e+02
2.47579119e+02
2.47116044e+02
2.46680417e+02
2.46270577e+02
2.45884944e+02
2.45522022e+02
2.71825445e+02
2.71805319e+02
2.71776644e+02
2.71701434e+02
2.71534714e+02
2.71248651e+02
2.70838337e+02
2.70315250e+02
2.69699141e+02
2.69012239e+02
2.68275934e+02
2.67509180e+02
2.66727917e+02
2.65945062e+02
2.65170747e+02
2.64412677e+02
2.63676519e+02
2.62966276e+02
2.62284623e+02
2.61633192e+02
2.61012799e+02
2.60423637e+02
2.59865431e+02
2.59337549e+02
2.58839111e+02
2.58369055e+02
2.57926202e+02
2.57509301e+02
2.57117063e+02
2.56748194e+02
2.56401408e+02
2.56075449e+02
2.55769096e+02
2.55481177e+02
2.55210569e+02
2.54956202e+02
2.54717063e+02
