-2.2000e+02
-9.9052e+00
-2.9196e+00
-2.1014e+00
-1.4655e+00
-1.1089e+00
-8.8265e-01
-7.2530e-01
-6.0911e-01
-5.1972e-01
-4.5412e-01
-5.2587e-01
-4.8176e-01
-4.3149e-01
-3.8713e-01
-3.4867e-01
-3.1532e-01
-2.8630e-01
-2.6091e-01
-2.3859e-01
-2.1886e-01
-2.0135e-01
-1.8572e-01
-1.7171e-01
-1.5911e-01
-1.4774e-01
-1.3742e-01
-1.2805e-01
-1.1950e-01
-1.1167e-01
-1.0451e-01
-9.7915e-02
-9.1845e-02
-8.6242e-02
-8.1062e-02
-7.6263e-02
-1.2000e+02
0.0000e+00
0.0000e+00
-8.6211e+00
-6.5617e+00
-6.0003e+00
-5.2595e+00
-4.5771e+00
-3.9897e+00
-3.4928e+00
-3.0729e+00
-2.7294e+00
-2.4490e+00
-2.2005e+00
-1.9796e+00
-1.7841e+00
-1.6113e+00
-1.4582e+00
-1.3225e+00
-1.2018e+00
-1.0942e+00
-9.9808e-01
-9.1205e-01
-8.3488e-01
-7.6550e-01
-7.0300e-01
-6.4660e-01
-5.9562e-01
-5.4944e-01
-5.0754e-01
-4.6947e-01
-4.3482e-01
-4.0323e-01
-3.7439e-01
-3.4803e-01
-3.2389e-01
-2.0000e+01
-3.9096e+00
-4.5202e+00
-4.7407e+00
-5.2322e+00
-5.5410e+00
-5.4397e+00
-5.1465e+00
-4.7792e+00
-4.3943e+00
-4.0188e+00
-3.6652e+00
-3.3396e+00
-3.0438e+00
-2.7760e+00
-2.5336e+00
-2.3142e+00
-2.1155e+00
-1.9356e+00
-1.7727e+00
-1.6251e+00
-1.4913e+00
-1.3700e+00
-1.2599e+00
-1.1599e+00
-1.0690e+00
-9.8635e-01
-9.1109e-01
-8.4249e-01
-7.7991e-01
-7.2276e-01
-6.7052e-01
-6.2270e-01
-5.7890e-01
-5.3874e-01
-5.0186e-01
-3.9153e-02
-2.5009e-01
-5.0134e-01
-8.2454e-01
-1.1551e+00
-1.4337e+00
-1.6357e+00
-1.7599e+00
-1.8178e+00
-1.8250e+00
-1.7958e+00
-1.7419e+00
-1.6722e+00
-1.5932e+00
-1.5096e+00
-1.4246e+00
-1.3405e+00
-1.2586e+00
-1.1799e+00
-1.1049e+00
-1.0338e+00
-9.6687e-01
-9.0402e-01
-8.4518e-01
-7.9023e-01
-7.3899e-01
-6.9127e-01
-6.4687e-01
-6.0558e-01
-5.6720e-01
-5.3154e-01
-4.9838e-01
-4.6757e-01
-4.3893e-01
-4.1228e-01
-3.8750e-01
-6.7000e-05
-1.8938e-02
-5.4622e-02
-1.0336e-01
-1.6015e-01
-2.1435e-01
-2.5834e-01
-2.8920e-01
-3.0741e-01
-3.1506e-01
-3.1470e-01
-3.0861e-01
-2.9866e-01
-2.8625e-01
-2.7243e-01
-2.5795e-01
-2.4332e-01
-2.2889e-01
-2.1488e-01
-2.0143e-01
-1.8862e-01
-1.7651e-01
-1.6510e-01
-1.5439e-01
-1.4437e-01
-1.3501e-01
-1.2629e-01
-1.1816e-01
-1.1061e-01
-1.0357e-01
-9.7035e-02
-9.0958e-02
-8.5310e-02
-8.0057e-02
-7.5174e-02
-7.0630e-02
-8.0259e-01
-3.2036e+00
-4.6738e+00
-5.2059e+00
-5.2851e+00
-5.1416e+00
-4.8866e+00
-4.5815e+00
-4.2616e+00
-3.9468e+00
-3.6478e+00
-3.3699e+00
-3.1158e+00
-2.8852e+00
-2.6764e+00
-2.4871e+00
-2.3156e+00
-2.1597e+00
-2.0179e+00
-1.8885e+00
-1.7702e+00
-1.6616e+00
-1.5618e+00
-1.4698e+00
-1.3847e+00
-1.3059e+00
-1.2327e+00
-1.1645e+00
-1.1010e+00
-1.0417e+00
-9.8626e-01
-9.3430e-01
-8.8556e-01
-8.3978e-01
-7.9675e-01
-7.5626e-01
-9.4136e-01
-3.4093e+00
-4.5749e+00
-4.7867e+00
-4.6677e+00
-4.4402e+00
-4.1772e+00
-3.9072e+00
-3.6435e+00
-3.3926e+00
-3.1577e+00
-2.9401e+00
-2.7406e+00
-2.5583e+00
-2.3913e+00
-2.2379e+00
-2.0968e+00
-1.9670e+00
-1.8472e+00
-1.7365e+00
-1.6341e+00
-1.5392e+00
-1.4510e+00
-1.3690e+00
-1.2925e+00
-1.2212e+00
-1.1546e+00
-1.0923e+00
-1.0339e+00
-9.7910e-01
-9.2770e-01
-8.7940e-01
-8.3399e-01
-7.9125e-01
-7.5099e-01
-7.1305e-01
1.2921e-02
-1.1202e-01
-4.3772e-01
-8.3798e-01
-1.1895e+00
-1.4543e+00
-1.6373e+00
-1.7542e+00
-1.8200e+00
-1.8471e+00
-1.8450e+00
-1.8212e+00
-1.7815e+00
-1.7307e+00
-1.6722e+00
-1.6090e+00
-1.5429e+00
-1.4757e+00
-1.4084e+00
-1.3418e+00
-1.2768e+00
-1.2137e+00
-1.1527e+00
-1.0942e+00
-1.0383e+00
-9.8487e-01
-9.3405e-01
-8.8578e-01
-8.3999e-01
-7.9660e-01
-7.5553e-01
-7.1668e-01
-6.7994e-01
-6.4521e-01
-6.1239e-01
-5.8138e-01
1.3627e-02
-1.3100e-03
-8.6854e-02
-2.5227e-01
-4.5923e-01
-6.6465e-01
-8.4330e-01
-9.8580e-01
-1.0916e+00
-1.1640e+00
-1.2078e+00
-1.2282e+00
-1.2299e+00
-1.2170e+00
-1.1931e+00
-1.1613e+00
-1.1238e+00
-1.0825e+00
-1.0390e+00
-9.9440e-01
-9.4948e-01
-9.0493e-01
-8.6122e-01
-8.1870e-01
-7.7761e-01
-7.3810e-01
-7.0026e-01
-6.6414e-01
-6.2976e-01
-5.9709e-01
-5.6610e-01
-5.3674e-01
-5.0895e-01
-4.8267e-01
-4.5783e-01
-4.3435e-01
1.3820e-03
-2.6590e-03
-4.9780e-02
-1.4272e-01
-2.6319e-01
-3.8831e-01
-5.0179e-01
-5.9533e-01
-6.6641e-01
-7.1588e-01
-7.4628e-01
-7.6074e-01
-7.6240e-01
-7.5413e-01
-7.3843e-01
-7.1736e-01
-6.9257e-01
-6.6537e-01
-6.3677e-01
-6.0753e-01
-5.7823e-01
-5.4930e-01
-5.2105e-01
-4.9369e-01
-4.6736e-01
-4.4216e-01
-4.1814e-01
-3.9531e-01
-3.7367e-01
-3.5320e-01
-3.3387e-01
-3.1563e-01
-2.9844e-01
-2.8224e-01
-2.6700e-01
-2.5265e-01
