-2.2000e+02
-1.0022e+01
-2.9558e+00
-2.0824e+00
-1.4442e+00
-1.0906e+00
-8.6758e-01
-7.1314e-01
-5.9929e-01
-5.1173e-01
-4.5651e-01
-5.2185e-01
-4.7558e-01
-4.2559e-01
-3.8146e-01
-3.4311e-01
-3.0976e-01
-2.8066e-01
-2.5515e-01
-2.3268e-01
-2.1279e-01
-1.9510e-01
-1.7931e-01
-1.6516e-01
-1.5242e-01
-1.4093e-01
-1.3053e-01
-1.2108e-01
-1.1248e-01
-1.0463e-01
-9.7445e-02
-9.0863e-02
-8.4817e-02
-7.9255e-02
-7.4129e-02
-6.9399e-02
-1.2000e+02
0.0000e+00
0.0000e+00
-8.6720e+00
-6.5664e+00
-5.9973e+00
-5.2546e+00
-4.5722e+00
-3.9857e+00
-3.4899e+00
-3.0712e+00
-2.7304e+00
-2.4497e+00
-2.2006e+00
-1.9792e+00
-1.7832e+00
-1.6096e+00
-1.4557e+00
-1.3190e+00
-1.1973e+00
-1.0887e+00
-9.9162e-01
-9.0458e-01
-8.2642e-01
-7.5609e-01
-6.9270e-01
-6.3546e-01
-5.8369e-01
-5.3678e-01
-4.9422e-01
-4.5555e-01
-4.2036e-01
-3.8830e-01
-3.5905e-01
-3.3233e-01
-3.0789e-01
-2.0000e+01
-3.8986e+00
-4.5153e+00
-4.7384e+00
-5.2330e+00
-5.5449e+00
-5.4452e+00
-5.1528e+00
-4.7856e+00
-4.4004e+00
-4.0241e+00
-3.6693e+00
-3.3425e+00
-3.0451e+00
-2.7756e+00
-2.5313e+00
-2.3099e+00
-2.1093e+00
-1.9275e+00
-1.7627e+00
-1.6132e+00
-1.4777e+00
-1.3547e+00
-1.2431e+00
-1.1416e+00
-1.0493e+00
-9.6535e-01
-8.8888e-01
-8.1917e-01
-7.5558e-01
-6.9752e-01
-6.4446e-01
-5.9593e-01
-5.5151e-01
-5.1082e-01
-4.7350e-01
-8.5036e-02
-2.8143e-01
-5.2194e-01
-8.3649e-01
-1.1604e+00
-1.4341e+00
-1.6320e+00
-1.7521e+00
-1.8062e+00
-1.8096e+00
-1.7769e+00
-1.7198e+00
-1.6473e+00
-1.5658e+00
-1.4800e+00
-1.3932e+00
-1.3074e+00
-1.2242e+00
-1.1442e+00
-1.0681e+00
-9.9600e-01
-9.2816e-01
-8.6451e-01
-8.0497e-01
-7.4939e-01
-6.9762e-01
-6.4945e-01
-6.0468e-01
-5.6311e-01
-5.2453e-01
-4.8875e-01
-4.5557e-01
-4.2481e-01
-3.9629e-01
-3.6985e-01
-3.4534e-01
-4.2250e-03
-2.6506e-02
-6.2040e-02
-1.1062e-01
-1.6745e-01
-2.2158e-01
-2.6524e-01
-2.9551e-01
-3.1291e-01
-3.1964e-01
-3.1831e-01
-3.1127e-01
-3.0040e-01
-2.8716e-01
-2.7257e-01
-2.5740e-01
-2.4214e-01
-2.2713e-01
-2.1260e-01
-1.9867e-01
-1.8543e-01
-1.7291e-01
-1.6114e-01
-1.5010e-01
-1.3977e-01
-1.3014e-01
-1.2116e-01
-1.1282e-01
-1.0506e-01
-9.7854e-02
-9.1169e-02
-8.4967e-02
-7.9217e-02
-7.3885e-02
-6.8941e-02
-6.4357e-02
-7.1559e-01
-3.0606e+00
-4.6133e+00
-5.2027e+00
-5.3002e+00
-5.1556e+00
-4.8925e+00
-4.5774e+00
-4.2476e+00
-3.9234e+00
-3.6156e+00
-3.3292e+00
-3.0672e+00
-2.8292e+00
-2.6134e+00
-2.4178e+00
-2.2405e+00
-2.0795e+00
-1.9332e+00
-1.8000e+00
-1.6785e+00
-1.5673e+00
-1.4654e+00
-1.3718e+00
-1.2857e+00
-1.2063e+00
-1.1329e+00
-1.0649e+00
-1.0019e+00
-9.4337e-01
-8.8892e-01
-8.3821e-01
-7.9093e-01
-7.4678e-01
-7.0552e-01
-6.6692e-01
-9.5532e-01
-3.4575e+00
-4.6114e+00
-4.7982e+00
-4.6598e+00
-4.4194e+00
-4.1470e+00
-3.8690e+00
-3.5975e+00
-3.3391e+00
-3.0967e+00
-2.8719e+00
-2.6657e+00
-2.4770e+00
-2.3041e+00
-2.1455e+00
-1.9998e+00
-1.8660e+00
-1.7428e+00
-1.6294e+00
-1.5248e+00
-1.4282e+00
-1.3389e+00
-1.2562e+00
-1.1795e+00
-1.1084e+00
-1.0422e+00
-9.8066e-01
-9.2333e-01
-8.6989e-01
-8.2002e-01
-7.7345e-01
-7.2992e-01
-6.8921e-01
-6.5110e-01
-6.1541e-01
1.8700e-04
-1.2491e-01
-4.4626e-01
-8.3707e-01
-1.1741e+00
-1.4209e+00
-1.5847e+00
-1.6831e+00
-1.7322e+00
-1.7448e+00
-1.7305e+00
-1.6966e+00
-1.6488e+00
-1.5915e+00
-1.5280e+00
-1.4608e+00
-1.3918e+00
-1.3224e+00
-1.2536e+00
-1.1863e+00
-1.1209e+00
-1.0579e+00
-9.9747e-01
-9.3985e-01
-8.8507e-01
-8.3316e-01
-7.8409e-01
-7.3779e-01
-6.9418e-01
-6.5316e-01
-6.1461e-01
-5.7842e-01
-5.4447e-01
-5.1262e-01
-4.8277e-01
-4.5479e-01
7.1270e-03
-1.5198e-02
-1.1112e-01
-2.8446e-01
-4.9018e-01
-6.8561e-01
-8.4942e-01
-9.7581e-01
-1.0663e+00
-1.1254e+00
-1.1580e+00
-1.1692e+00
-1.1634e+00
-1.1445e+00
-1.1159e+00
-1.0802e+00
-1.0396e+00
-9.9588e-01
-9.5038e-01
-9.0414e-01
-8.5798e-01
-8.1248e-01
-7.6811e-01
-7.2518e-01
-6.8390e-01
-6.4443e-01
-6.0683e-01
-5.7115e-01
-5.3738e-01
-5.0549e-01
-4.7544e-01
-4.4715e-01
-4.2057e-01
-3.9561e-01
-3.7220e-01
-3.5025e-01
7.6610e-03
-7.8300e-03
-5.9116e-02
-1.5429e-01
-2.7532e-01
-3.9969e-01
-5.1178e-01
-6.0388e-01
-6.7381e-01
-7.2251e-01
-7.5246e-01
-7.6665e-01
-7.6807e-01
-7.5949e-01
-7.4332e-01
-7.2158e-01
-6.9589e-01
-6.6759e-01
-6.3770e-01
-6.0703e-01
-5.7619e-01
-5.4564e-01
-5.1574e-01
-4.8673e-01
-4.5879e-01
-4.3203e-01
-4.0653e-01
-3.8231e-01
-3.5938e-01
-3.3772e-01
-3.1732e-01
-2.9813e-01
-2.8010e-01
-2.6318e-01
-2.4733e-01
-2.3247e-01
