-2.2000e+02
-9.6172e+00
-2.9046e+00
-2.1485e+00
-1.4994e+00
-1.1331e+00
-9.0085e-01
-7.3956e-01
-6.2055e-01
-5.2906e-01
-4.5665e-01
-4.7332e-01
-4.8455e-01
-4.3622e-01
-3.9170e-01
-3.5275e-01
-3.1888e-01
-2.8936e-01
-2.6353e-01
-2.4082e-01
-2.2076e-01
-2.0295e-01
-1.8707e-01
-1.7285e-01
-1.6007e-01
-1.4854e-01
-1.3810e-01
-1.2861e-01
-1.1998e-01
-1.1208e-01
-1.0485e-01
-9.8215e-02
-9.2109e-02
-8.6478e-02
-8.1278e-02
-7.6465e-02
-1.2000e+02
0.0000e+00
0.0000e+00
-8.5226e+00
-6.5777e+00
-6.0355e+00
-5.3001e+00
-4.6181e+00
-4.0292e+00
-3.5297e+00
-3.1067e+00
-2.7510e+00
-2.4656e+00
-2.2179e+00
-1.9964e+00
-1.7994e+00
-1.6247e+00
-1.4697e+00
-1.3320e+00
-1.2094e+00
-1.1002e+00
-1.0026e+00
-9.1530e-01
-8.3698e-01
-7.6661e-01
-7.0327e-01
-6.4616e-01
-5.9457e-01
-5.4789e-01
-5.0559e-01
-4.6720e-01
-4.3230e-01
-4.0052e-01
-3.7155e-01
-3.4509e-01
-3.2090e-01
-2.0000e+01
-3.9710e+00
-4.5524e+00
-4.7617e+00
-5.2543e+00
-5.5705e+00
-5.4774e+00
-5.1900e+00
-4.8252e+00
-4.4402e+00
-4.0626e+00
-3.7054e+00
-3.3749e+00
-3.0737e+00
-2.8010e+00
-2.5542e+00
-2.3309e+00
-2.1286e+00
-1.9456e+00
-1.7799e+00
-1.6298e+00
-1.4939e+00
-1.3708e+00
-1.2591e+00
-1.1578e+00
-1.0659e+00
-9.8232e-01
-9.0633e-01
-8.3716e-01
-7.7414e-01
-7.1667e-01
-6.6420e-01
-6.1625e-01
-5.7238e-01
-5.3221e-01
-4.9539e-01
-9.0053e-02
-2.7288e-01
-5.1540e-01
-8.3691e-01
-1.1685e+00
-1.4478e+00
-1.6493e+00
-1.7714e+00
-1.8264e+00
-1.8303e+00
-1.7979e+00
-1.7409e+00
-1.6685e+00
-1.5870e+00
-1.5014e+00
-1.4147e+00
-1.3293e+00
-1.2464e+00
-1.1670e+00
-1.0915e+00
-1.0202e+00
-9.5311e-01
-8.9028e-01
-8.3158e-01
-7.7685e-01
-7.2590e-01
-6.7853e-01
-6.3452e-01
-5.9366e-01
-5.5573e-01
-5.2053e-01
-4.8786e-01
-4.5753e-01
-4.2937e-01
-4.0321e-01
-3.7891e-01
-4.9040e-03
-2.5753e-02
-6.0688e-02
-1.0996e-01
-1.6805e-01
-2.2338e-01
-2.6790e-01
-2.9870e-01
-3.1639e-01
-3.2326e-01
-3.2200e-01
-3.1500e-01
-3.0417e-01
-2.9094e-01
-2.7638e-01
-2.6123e-01
-2.4601e-01
-2.3107e-01
-2.1663e-01
-2.0280e-01
-1.8968e-01
-1.7730e-01
-1.6567e-01
-1.5477e-01
-1.4460e-01
-1.3512e-01
-1.2629e-01
-1.1808e-01
-1.1046e-01
-1.0338e-01
-9.6803e-02
-9.0701e-02
-8.5035e-02
-7.9776e-02
-7.4890e-02
-7.0352e-02
-8.7937e-01
-3.5263e+00
-5.0575e+00
-5.5444e+00
-5.5526e+00
-5.3410e+00
-5.0297e+00
-4.6812e+00
-4.3291e+00
-3.9907e+00
-3.6746e+00
-3.3840e+00
-3.1203e+00
-2.8828e+00
-2.6690e+00
-2.4762e+00
-2.3020e+00
-2.1444e+00
-2.0012e+00
-1.8709e+00
-1.7521e+00
-1.6432e+00
-1.5434e+00
-1.4515e+00
-1.3667e+00
-1.2883e+00
-1.2156e+00
-1.1481e+00
-1.0853e+00
-1.0267e+00
-9.7195e-01
-9.2077e-01
-8.7282e-01
-8.2785e-01
-7.8562e-01
-7.4593e-01
-9.9686e-01
-3.6610e+00
-4.8459e+00
-5.0071e+00
-4.8376e+00
-4.5702e+00
-4.2763e+00
-3.9823e+00
-3.6998e+00
-3.4342e+00
-3.1876e+00
-2.9605e+00
-2.7531e+00
-2.5648e+00
-2.3931e+00
-2.2361e+00
-2.0923e+00
-1.9602e+00
-1.8387e+00
-1.7268e+00
-1.6235e+00
-1.5279e+00
-1.4394e+00
-1.3571e+00
-1.2807e+00
-1.2095e+00
-1.1431e+00
-1.0811e+00
-1.0232e+00
-9.6888e-01
-9.1800e-01
-8.7027e-01
-8.2545e-01
-7.8331e-01
-7.4367e-01
-7.0635e-01
3.4438e-02
-9.6927e-02
-4.3853e-01
-8.5228e-01
-1.2107e+00
-1.4772e+00
-1.6590e+00
-1.7731e+00
-1.8355e+00
-1.8591e+00
-1.8537e+00
-1.8269e+00
-1.7846e+00
-1.7315e+00
-1.6711e+00
-1.6062e+00
-1.5389e+00
-1.4706e+00
-1.4025e+00
-1.3355e+00
-1.2700e+00
-1.2067e+00
-1.1457e+00
-1.0872e+00
-1.0314e+00
-9.7822e-01
-9.2768e-01
-8.7974e-01
-8.3432e-01
-7.9133e-01
-7.5069e-01
-7.1227e-01
-6.7598e-01
-6.4170e-01
-6.0933e-01
-5.7876e-01
2.9929e-02
1.9637e-02
-7.1808e-02
-2.4447e-01
-4.5754e-01
-6.6687e-01
-8.4736e-01
-9.9012e-01
-1.0951e+00
-1.1662e+00
-1.2086e+00
-1.2274e+00
-1.2275e+00
-1.2132e+00
-1.1882e+00
-1.1553e+00
-1.1170e+00
-1.0752e+00
-1.0313e+00
-9.8635e-01
-9.4129e-01
-8.9673e-01
-8.5311e-01
-8.1075e-01
-7.6990e-01
-7.3067e-01
-6.9317e-01
-6.5742e-01
-6.2343e-01
-5.9117e-01
-5.6060e-01
-5.3166e-01
-5.0430e-01
-4.7845e-01
-4.5402e-01
-4.3096e-01
2.6990e-02
7.9970e-03
-4.6258e-02
-1.4512e-01
-2.7023e-01
-3.9812e-01
-5.1252e-01
-6.0559e-01
-6.7530e-01
-7.2295e-01
-7.5135e-01
-7.6383e-01
-7.6365e-01
-7.5374e-01
-7.3662e-01
-7.1434e-01
-6.8857e-01
-6.6058e-01
-6.3138e-01
-6.0170e-01
-5.7209e-01
-5.4298e-01
-5.1463e-01
-4.8726e-01
-4.6099e-01
-4.3590e-01
-4.1204e-01
-3.8940e-01
-3.6798e-01
-3.4775e-01
-3.2867e-01
-3.1069e-01
-2.9377e-01
-2.7785e-01
-2.6288e-01
-2.4880e-01
