-2.2000e+02
-9.7968e+00
-2.8821e+00
-2.1029e+00
-1.4686e+00
-1.1118e+00
-8.8601e-01
-7.2939e-01
-6.1381e-01
-5.2485e-01
-4.5428e-01
-4.8063e-01
-4.8569e-01
-4.3759e-01
-3.9347e-01
-3.5483e-01
-3.2116e-01
-2.9174e-01
-2.6595e-01
-2.4323e-01
-2.2312e-01
-2.0524e-01
-1.8928e-01
-1.7496e-01
-1.6208e-01
-1.5044e-01
-1.3989e-01
-1.3030e-01
-1.2156e-01
-1.1356e-01
-1.0623e-01
-9.9500e-02
-9.3299e-02
-8.7578e-02
-8.2291e-02
-7.7393e-02
-1.2000e+02
0.0000e+00
0.0000e+00
-8.4227e+00
-6.4263e+00
-5.9127e+00
-5.2097e+00
-4.5505e+00
-3.9788e+00
-3.4929e+00
-3.0807e+00
-2.7349e+00
-2.4575e+00
-2.2153e+00
-1.9983e+00
-1.8050e+00
-1.6331e+00
-1.4804e+00
-1.3444e+00
-1.2231e+00
-1.1147e+00
-1.0177e+00
-9.3063e-01
-8.5237e-01
-7.8190e-01
-7.1832e-01
-6.6086e-01
-6.0885e-01
-5.6169e-01
-5.1886e-01
-4.7991e-01
-4.4444e-01
-4.1208e-01
-3.8252e-01
-3.5549e-01
-3.3073e-01
-2.0000e+01
-3.3992e+00
-4.2688e+00
-4.6152e+00
-5.1390e+00
-5.4845e+00
-5.4155e+00
-5.1435e+00
-4.7907e+00
-4.4160e+00
-4.0477e+00
-3.6988e+00
-3.3757e+00
-3.0810e+00
-2.8137e+00
-2.5714e+00
-2.3515e+00
-2.1520e+00
-1.9710e+00
-1.8067e+00
-1.6575e+00
-1.5221e+00
-1.3991e+00
-1.2872e+00
-1.1855e+00
-1.0930e+00
-1.0086e+00
-9.3179e-01
-8.6168e-01
-7.9766e-01
-7.3916e-01
-6.8563e-01
-6.3663e-01
-5.9172e-01
-5.5052e-01
-5.1268e-01
-3.3236e-01
-4.6543e-01
-6.6850e-01
-9.5645e-01
-1.2605e+00
-1.5195e+00
-1.7071e+00
-1.8206e+00
-1.8706e+00
-1.8716e+00
-1.8375e+00
-1.7797e+00
-1.7066e+00
-1.6247e+00
-1.5385e+00
-1.4513e+00
-1.3651e+00
-1.2814e+00
-1.2010e+00
-1.1244e+00
-1.0519e+00
-9.8365e-01
-9.1957e-01
-8.5958e-01
-8.0355e-01
-7.5130e-01
-7.0264e-01
-6.5736e-01
-6.1526e-01
-5.7612e-01
-5.3974e-01
-5.0594e-01
-4.7452e-01
-4.4532e-01
-4.1816e-01
-3.9290e-01
-2.6960e-02
-6.2892e-02
-9.3756e-02
-1.3743e-01
-1.9067e-01
-2.4216e-01
-2.8388e-01
-3.1276e-01
-3.2918e-01
-3.3523e-01
-3.3341e-01
-3.2599e-01
-3.1482e-01
-3.0129e-01
-2.8643e-01
-2.7098e-01
-2.5545e-01
-2.4018e-01
-2.2539e-01
-2.1122e-01
-1.9775e-01
-1.8501e-01
-1.7302e-01
-1.6177e-01
-1.5124e-01
-1.4141e-01
-1.3225e-01
-1.2372e-01
-1.1577e-01
-1.0839e-01
-1.0152e-01
-9.5142e-02
-8.9211e-02
-8.3697e-02
-7.8569e-02
-7.3801e-02
-1.2762e+00
-4.0267e+00
-5.4247e+00
-5.7870e+00
-5.7127e+00
-5.4490e+00
-5.1047e+00
-4.7349e+00
-4.3688e+00
-4.0211e+00
-3.6985e+00
-3.4036e+00
-3.1371e+00
-2.8977e+00
-2.6827e+00
-2.4890e+00
-2.3143e+00
-2.1561e+00
-2.0127e+00
-1.8822e+00
-1.7631e+00
-1.6540e+00
-1.5539e+00
-1.4617e+00
-1.3766e+00
-1.2978e+00
-1.2247e+00
-1.1568e+00
-1.0935e+00
-1.0344e+00
-9.7915e-01
-9.2743e-01
-8.7895e-01
-8.3344e-01
-7.9068e-01
-7.5045e-01
-1.1628e+00
-3.6843e+00
-4.8528e+00
-5.0394e+00
-4.8902e+00
-4.6350e+00
-4.3472e+00
-4.0552e+00
-3.7722e+00
-3.5046e+00
-3.2552e+00
-3.0249e+00
-2.8143e+00
-2.6226e+00
-2.4477e+00
-2.2877e+00
-2.1410e+00
-2.0063e+00
-1.8823e+00
-1.7680e+00
-1.6625e+00
-1.5648e+00
-1.4742e+00
-1.3900e+00
-1.3117e+00
-1.2387e+00
-1.1706e+00
-1.1069e+00
-1.0473e+00
-9.9152e-01
-9.3917e-01
-8.9001e-01
-8.4382e-01
-8.0038e-01
-7.5949e-01
-7.2098e-01
-1.8224e-01
-3.1824e-01
-6.3640e-01
-1.0257e+00
-1.3639e+00
-1.6146e+00
-1.7840e+00
-1.8883e+00
-1.9427e+00
-1.9595e+00
-1.9481e+00
-1.9160e+00
-1.8689e+00
-1.8113e+00
-1.7466e+00
-1.6777e+00
-1.6065e+00
-1.5346e+00
-1.4629e+00
-1.3925e+00
-1.3238e+00
-1.2573e+00
-1.1933e+00
-1.1320e+00
-1.0734e+00
-1.0176e+00
-9.6454e-01
-9.1421e-01
-8.6651e-01
-8.2137e-01
-7.7867e-01
-7.3831e-01
-7.0019e-01
-6.6417e-01
-6.3016e-01
-5.9805e-01
-1.7170e-01
-2.1527e-01
-2.9692e-01
-4.6358e-01
-6.6794e-01
-8.6465e-01
-1.0308e+00
-1.1595e+00
-1.2518e+00
-1.3116e+00
-1.3441e+00
-1.3544e+00
-1.3469e+00
-1.3259e+00
-1.2947e+00
-1.2562e+00
-1.2126e+00
-1.1658e+00
-1.1172e+00
-1.0678e+00
-1.0185e+00
-9.6991e-01
-9.2242e-01
-8.7637e-01
-8.3197e-01
-7.8938e-01
-7.4866e-01
-7.0984e-01
-6.7292e-01
-6.3788e-01
-6.0467e-01
-5.7322e-01
-5.4348e-01
-5.1536e-01
-4.8879e-01
-4.6370e-01
-1.6982e-01
-1.4177e-01
-1.7015e-01
-2.4615e-01
-3.5044e-01
-4.6029e-01
-5.6004e-01
-6.4186e-01
-7.0333e-01
-7.4515e-01
-7.6956e-01
-7.7938e-01
-7.7746e-01
-7.6642e-01
-7.4856e-01
-7.2579e-01
-6.9965e-01
-6.7136e-01
-6.4187e-01
-6.1190e-01
-5.8199e-01
-5.5254e-01
-5.2384e-01
-4.9610e-01
-4.6944e-01
-4.4395e-01
-4.1967e-01
-3.9661e-01
-3.7477e-01
-3.5413e-01
-3.3463e-01
-3.1625e-01
-2.9894e-01
-2.8264e-01
-2.6730e-01
-2.5286e-01
