-2.2000e+02
-9.6026e+00
-2.8743e+00
-2.1391e+00
-1.4963e+00
-1.1321e+00
-9.0103e-01
-7.4052e-01
-6.2206e-01
-5.3092e-01
-4.5868e-01
-4.6471e-01
-4.8629e-01
-4.3829e-01
-3.9353e-01
-3.5419e-01
-3.1984e-01
-2.8979e-01
-2.6341e-01
-2.4013e-01
-2.1951e-01
-2.0115e-01
-1.8475e-01
-1.7004e-01
-1.5679e-01
-1.4482e-01
-1.3398e-01
-1.2413e-01
-1.1517e-01
-1.0698e-01
-9.9490e-02
-9.2626e-02
-8.6324e-02
-8.0528e-02
-7.5190e-02
-7.0267e-02
-1.2000e+02
0.0000e+00
0.0000e+00
-8.3711e+00
-6.4728e+00
-5.9657e+00
-5.2586e+00
-4.5947e+00
-4.0184e+00
-3.5282e+00
-3.1121e+00
-2.7604e+00
-2.4779e+00
-2.2336e+00
-2.0141e+00
-1.8182e+00
-1.6437e+00
-1.4883e+00
-1.3498e+00
-1.2262e+00
-1.1155e+00
-1.0164e+00
-9.2730e-01
-8.4717e-01
-7.7495e-01
-7.0975e-01
-6.5079e-01
-5.9741e-01
-5.4899e-01
-5.0503e-01
-4.6504e-01
-4.2864e-01
-3.9546e-01
-3.6518e-01
-3.3752e-01
-3.1222e-01
-2.0000e+01
-3.6046e+00
-4.3798e+00
-4.6852e+00
-5.2037e+00
-5.5463e+00
-5.4769e+00
-5.2055e+00
-4.8522e+00
-4.4754e+00
-4.1035e+00
-3.7500e+00
-3.4212e+00
-3.1204e+00
-2.8470e+00
-2.5987e+00
-2.3731e+00
-2.1681e+00
-1.9819e+00
-1.8128e+00
-1.6591e+00
-1.5194e+00
-1.3925e+00
-1.2771e+00
-1.1721e+00
-1.0765e+00
-9.8944e-01
-9.1010e-01
-8.3775e-01
-7.7172e-01
-7.1142e-01
-6.5632e-01
-6.0592e-01
-5.5980e-01
-5.1757e-01
-4.7886e-01
-2.5923e-01
-4.2086e-01
-6.4254e-01
-9.5122e-01
-1.2748e+00
-1.5484e+00
-1.7446e+00
-1.8614e+00
-1.9106e+00
-1.9080e+00
-1.8685e+00
-1.8042e+00
-1.7243e+00
-1.6356e+00
-1.5427e+00
-1.4491e+00
-1.3570e+00
-1.2677e+00
-1.1823e+00
-1.1012e+00
-1.0246e+00
-9.5261e-01
-8.8522e-01
-8.2229e-01
-7.6367e-01
-7.0916e-01
-6.5855e-01
-6.1160e-01
-5.6809e-01
-5.2779e-01
-4.9049e-01
-4.5597e-01
-4.2403e-01
-3.9449e-01
-3.6716e-01
-3.4188e-01
-2.0922e-02
-5.6519e-02
-9.2555e-02
-1.4303e-01
-2.0411e-01
-2.6301e-01
-3.1052e-01
-3.4318e-01
-3.6149e-01
-3.6788e-01
-3.6528e-01
-3.5631e-01
-3.4311e-01
-3.2729e-01
-3.1001e-01
-2.9213e-01
-2.7423e-01
-2.5668e-01
-2.3973e-01
-2.2353e-01
-2.0816e-01
-1.9367e-01
-1.8006e-01
-1.6733e-01
-1.5544e-01
-1.4438e-01
-1.3409e-01
-1.2453e-01
-1.1567e-01
-1.0746e-01
-9.9859e-02
-9.2819e-02
-8.6304e-02
-8.0275e-02
-7.4699e-02
-6.9540e-02
-7.3121e-01
-3.0070e+00
-4.5570e+00
-5.1815e+00
-5.3222e+00
-5.2153e+00
-4.9794e+00
-4.6815e+00
-4.3605e+00
-4.0389e+00
-3.7294e+00
-3.4385e+00
-3.1696e+00
-2.9240e+00
-2.7006e+00
-2.4975e+00
-2.3130e+00
-2.1452e+00
-1.9924e+00
-1.8531e+00
-1.7259e+00
-1.6095e+00
-1.5027e+00
-1.4047e+00
-1.3145e+00
-1.2313e+00
-1.1544e+00
-1.0833e+00
-1.0174e+00
-9.5629e-01
-8.9947e-01
-8.4662e-01
-7.9739e-01
-7.5149e-01
-7.0866e-01
-6.6864e-01
-1.0519e+00
-3.6159e+00
-4.7807e+00
-4.9546e+00
-4.8024e+00
-4.5502e+00
-4.2668e+00
-3.9785e+00
-3.6973e+00
-3.4296e+00
-3.1785e+00
-2.9452e+00
-2.7306e+00
-2.5344e+00
-2.3548e+00
-2.1902e+00
-2.0390e+00
-1.9000e+00
-1.7722e+00
-1.6545e+00
-1.5460e+00
-1.4458e+00
-1.3532e+00
-1.2675e+00
-1.1882e+00
-1.1146e+00
-1.0462e+00
-9.8270e-01
-9.2362e-01
-8.6861e-01
-8.1735e-01
-7.6954e-01
-7.2493e-01
-6.8326e-01
-6.4432e-01
-6.0791e-01
-1.0164e-01
-2.4595e-01
-5.8214e-01
-9.7864e-01
-1.3098e+00
-1.5444e+00
-1.6941e+00
-1.7784e+00
-1.8141e+00
-1.8143e+00
-1.7885e+00
-1.7442e+00
-1.6870e+00
-1.6210e+00
-1.5497e+00
-1.4755e+00
-1.4004e+00
-1.3255e+00
-1.2520e+00
-1.1806e+00
-1.1117e+00
-1.0457e+00
-9.8271e-01
-9.2296e-01
-8.6642e-01
-8.1307e-01
-7.6285e-01
-7.1566e-01
-6.7137e-01
-6.2987e-01
-5.9101e-01
-5.5464e-01
-5.2064e-01
-4.8885e-01
-4.5915e-01
-4.3139e-01
-8.7541e-02
-1.3577e-01
-2.1349e-01
-3.6509e-01
-5.5345e-01
-7.3613e-01
-8.9028e-01
-1.0087e+00
-1.0922e+00
-1.1448e+00
-1.1714e+00
-1.1768e+00
-1.1657e+00
-1.1418e+00
-1.1086e+00
-1.0687e+00
-1.0244e+00
-9.7745e-01
-9.2913e-01
-8.8050e-01
-8.3234e-01
-7.8522e-01
-7.3956e-01
-6.9563e-01
-6.5364e-01
-6.1369e-01
-5.7582e-01
-5.4005e-01
-5.0634e-01
-4.7465e-01
-4.4491e-01
-4.1703e-01
-3.9093e-01
-3.6652e-01
-3.4370e-01
-3.2238e-01
-1.3237e-01
-1.1459e-01
-1.4652e-01
-2.2921e-01
-3.4145e-01
-4.5852e-01
-5.6376e-01
-6.4911e-01
-7.1239e-01
-7.5462e-01
-7.7836e-01
-7.8669e-01
-7.8267e-01
-7.6910e-01
-7.4839e-01
-7.2257e-01
-6.9328e-01
-6.6182e-01
-6.2921e-01
-5.9621e-01
-5.6342e-01
-5.3126e-01
-5.0004e-01
-4.6998e-01
-4.4122e-01
-4.1385e-01
-3.8791e-01
-3.6342e-01
-3.4034e-01
-3.1866e-01
-2.9832e-01
-2.7928e-01
-2.6146e-01
-2.4482e-01
-2.2927e-01
-2.1477e-01
