2.70000000e+02
5.00000000e+01
4.02593440e+01
3.73614620e+01
3.52332660e+01
3.37469600e+01
3.26228550e+01
3.17284490e+01
3.09935610e+01
3.03763810e+01
2.98497490e+01
2.93948630e+01
2.89051350e+01
2.84199910e+01
2.79842440e+01
2.75933010e+01
2.72415160e+01
2.69238370e+01
2.66359370e+01
2.63741520e+01
2.61353740e+01
2.59169620e+01
2.57166570e+01
2.55325200e+01
2.53628770e+01
2.52062750e+01
2.50614460e+01
2.49272790e+01
2.48027970e+01
2.46871350e+01
2.45795270e+01
2.44792870e+01
2.43858050e+01
2.42985320e+01
2.42169730e+01
2.41406820e+01
2.40692570e+01
2.70000000e+02
1.50000000e+02
1.50000000e+02
1.50000000e+02
1.41491909e+02
1.34978561e+02
1.28999371e+02
1.23742866e+02
1.19158338e+02
1.15154475e+02
1.11643051e+02
1.08548663e+02
1.05802919e+02
1.03336848e+02
1.01116048e+02
9.91147270e+01
9.73087340e+01
9.56762520e+01
9.41979810e+01
9.28569900e+01
9.16384450e+01
9.05293450e+01
8.95182740e+01
8.85951800e+01
8.77511960e+01
8.69784800e+01
8.62700800e+01
8.56198190e+01
8.50222000e+01
8.44723180e+01
8.39657870e+01
8.34986820e+01
8.30674810e+01
8.26690210e+01
8.23004530e+01
8.19592100e+01
8.16429750e+01
2.70000000e+02
2.50000000e+02
2.46242963e+02
2.41802243e+02
2.37105547e+02
2.31907429e+02
2.26382402e+02
2.20939345e+02
2.15774513e+02
2.10965918e+02
2.06534451e+02
2.02473488e+02
1.98763512e+02
1.95378794e+02
1.92290924e+02
1.89472564e+02
1.86898844e+02
1.84547257e+02
1.82397384e+02
1.80430679e+02
1.78630309e+02
1.76981010e+02
1.75468960e+02
1.74081650e+02
1.72807766e+02
1.71637080e+02
1.70560347e+02
1.69569206e+02
1.68656100e+02
1.67814191e+02
1.67037291e+02
1.66319797e+02
1.65656632e+02
1.65043192e+02
1.64475302e+02
1.63949168e+02
1.63461346e+02
2.70671787e+02
2.70528079e+02
2.70201581e+02
2.69638014e+02
2.68758088e+02
2.67549367e+02
2.66061473e+02
2.64370925e+02
2.62556781e+02
2.60686743e+02
2.58812860e+02
2.56972443e+02
2.55190774e+02
2.53483982e+02
2.51861449e+02
2.50327697e+02
2.48883875e+02
2.47528889e+02
2.46260193e+02
2.45074347e+02
2.43967375e+02
2.42935027e+02
2.41972943e+02
2.41076778e+02
2.40242278e+02
2.39465333e+02
2.38742015e+02
2.38068593e+02
2.37441548e+02
2.36857575e+02
2.36313577e+02
2.35806666e+02
2.35334153e+02
2.34893537e+02
2.34482498e+02
2.34098884e+02
2.33740704e+02
2.68145247e+02
2.68135543e+02
2.68099976e+02
2.68028910e+02
2.67908667e+02
2.67730249e+02
2.67496139e+02
2.67217002e+02
2.66906602e+02
2.66578231e+02
2.66242942e+02
2.65909111e+02
2.65582683e+02
2.65267648e+02
2.64966506e+02
2.64680666e+02
2.64410752e+02
2.64156851e+02
2.63918694e+02
2.63695782e+02
2.63487474e+02
2.63293047e+02
2.63111738e+02
2.62942770e+02
2.62785372e+02
2.62638793e+02
2.62502308e+02
2.62375227e+02
2.62256893e+02
2.62146690e+02
2.62044037e+02
2.61948392e+02
2.61859249e+02
2.61776137e+02
2.61698618e+02
2.61626286e+02
2.61558764e+02
2.72482095e+02
2.71697895e+02
2.68590565e+02
2.63927581e+02
2.58648623e+02
2.53240956e+02
2.47953573e+02
2.42915451e+02
2.38187747e+02
2.33792018e+02
2.29727004e+02
2.25978836e+02
2.22527191e+02
2.19348361e+02
2.16417786e+02
2.13712349e+02
2.11210906e+02
2.08894308e+02
2.06745335e+02
2.04748575e+02
2.02890282e+02
2.01158206e+02
1.99541434e+02
1.98030236e+02
1.96615923e+02
1.95290719e+02
1.94047648e+02
1.92880437e+02
1.91783424e+02
1.90751491e+02
1.89779989e+02
1.88864693e+02
1.88001746e+02
1.87187618e+02
1.86419075e+02
1.85693142e+02
1.85007079e+02
2.72435913e+02
2.71303035e+02
2.67547922e+02
2.62652574e+02
2.57616316e+02
2.52757366e+02
2.48169137e+02
2.43877839e+02
2.39884849e+02
2.36180157e+02
2.32748064e+02
2.29570230e+02
2.26627385e+02
2.23899584e+02
2.21367620e+02
2.19014442e+02
2.16824825e+02
2.14785030e+02
2.12882636e+02
2.11106419e+02
2.09446245e+02
2.07892957e+02
2.06438277e+02
2.05074707e+02
2.03795448e+02
2.02594321e+02
2.01465699e+02
2.00404447e+02
1.99405872e+02
1.98465670e+02
1.97579894e+02
1.96744911e+02
1.95957375e+02
1.95214199e+02
1.94512529e+02
1.93849722e+02
1.93223331e+02
2.72228201e+02
2.72176780e+02
2.71983055e+02
2.71444869e+02
2.70504121e+02
2.69228139e+02
2.67713912e+02
2.66046173e+02
2.64290003e+02
2.62493576e+02
2.60692211e+02
2.58911650e+02
2.57170468e+02
2.55481782e+02
2.53854463e+02
2.52294119e+02
2.50803934e+02
2.49385306e+02
2.48038301e+02
2.46761999e+02
2.45554754e+02
2.44414401e+02
2.43338420e+02
2.42324059e+02
2.41368435e+02
2.40468604e+02
2.39621623e+02
2.38824587e+02
2.38074665e+02
2.37369114e+02
2.36705303e+02
2.36080717e+02
2.35492962e+02
2.34939770e+02
2.34418997e+02
2.33928622e+02
2.33466743e+02
2.72037301e+02
2.72001956e+02
2.71936861e+02
2.71786724e+02
2.71474928e+02
2.70965940e+02
2.70266647e+02
2.69406280e+02
2.68420898e+02
2.67345618e+02
2.66211553e+02
2.65044929e+02
2.63867134e+02
2.62695146e+02
2.61542088e+02
2.60417790e+02
2.59329361e+02
2.58281716e+02
2.57278031e+02
2.56320117e+02
2.55408730e+02
2.54543816e+02
2.53724713e+02
2.52950307e+02
2.52219164e+02
2.51529627e+02
2.50879895e+02
2.50268087e+02
2.49692284e+02
2.49150571e+02
2.48641058e+02
2.48161902e+02
2.47711324e+02
2.47287612e+02
2.46889133e+02
2.46514335e+02
2.46161745e+02
2.71798641e+02
2.71749966e+02
2.71701667e+02
2.71609233e+02
2.71425897e+02
2.71124163e+02
2.70699880e+02
2.70164933e+02
2.69539080e+02
2.68844334e+02
2.68101793e+02
2.67330131e+02
2.66545048e+02
2.65759269e+02
2.64982777e+02
2.64223158e+02
2.63485988e+02
2.62775192e+02
2.62093381e+02
2.61442129e+02
2.60822206e+02
2.60233764e+02
2.59676487e+02
2.59149714e+02
2.58652532e+02
2.58183856e+02
2.57742483e+02
2.57327141e+02
2.56936525e+02
2.56569324e+02
2.56224237e+02
2.55899997e+02
2.55595374e+02
2.55309183e+02
2.55040296e+02
2.54787635e+02
2.54550182e+02
