2.70000000e+02
5.00000000e+01
4.01454800e+01
3.72297920e+01
3.51246450e+01
3.36588790e+01
3.25509730e+01
3.16691130e+01
3.09438000e+01
3.03338150e+01
2.98124850e+01
2.93613970e+01
2.88450730e+01
2.83604810e+01
2.79254500e+01
2.75346230e+01
2.71822990e+01
2.68634620e+01
2.65738440e+01
2.63098370e+01
2.60683850e+01
2.58468970e+01
2.56431580e+01
2.54552720e+01
2.52816030e+01
2.51207320e+01
2.49714280e+01
2.48326080e+01
2.47033250e+01
2.45827400e+01
2.44701090e+01
2.43647710e+01
2.42661330e+01
2.41736650e+01
2.40868900e+01
2.40053750e+01
2.39287310e+01
2.70000000e+02
1.50000000e+02
1.50000000e+02
1.50000000e+02
1.41474385e+02
1.34968043e+02
1.29002560e+02
1.23762391e+02
1.19194967e+02
1.15207855e+02
1.11712134e+02
1.08631956e+02
1.05894269e+02
1.03433858e+02
1.01218480e+02
9.92215190e+01
9.74183360e+01
9.57869030e+01
9.43078640e+01
9.29643110e+01
9.17414810e+01
9.06264710e+01
8.96079810e+01
8.86760840e+01
8.78220400e+01
8.70381310e+01
8.63175280e+01
8.56541730e+01
8.50426750e+01
8.44782330e+01
8.39565580e+01
8.34738130e+01
8.30265580e+01
8.26117010e+01
8.22264640e+01
8.18683410e+01
8.15350700e+01
2.70000000e+02
2.50000000e+02
2.46287195e+02
2.41871104e+02
2.37186697e+02
2.31996766e+02
2.26479777e+02
2.21046547e+02
2.15893335e+02
2.11097219e+02
2.06677942e+02
2.02627844e+02
1.98926523e+02
1.95547365e+02
1.92461577e+02
1.89641874e+02
1.87063523e+02
1.84704168e+02
1.82543561e+02
1.80563352e+02
1.78746924e+02
1.77079237e+02
1.75546693e+02
1.74137004e+02
1.72839068e+02
1.71642857e+02
1.70539312e+02
1.69520249e+02
1.68578269e+02
1.67706681e+02
1.66899432e+02
1.66151043e+02
1.65456550e+02
1.64811452e+02
1.64211667e+02
1.63653489e+02
1.63133551e+02
2.70817373e+02
2.70730902e+02
2.70441081e+02
2.69902327e+02
2.69040394e+02
2.67844706e+02
2.66365166e+02
2.64677942e+02
2.62861684e+02
2.60983895e+02
2.59096683e+02
2.57237640e+02
2.55432487e+02
2.53697877e+02
2.52043733e+02
2.50475115e+02
2.48993689e+02
2.47598838e+02
2.46288445e+02
2.45059438e+02
2.43908156e+02
2.42830611e+02
2.41822663e+02
2.40880150e+02
2.39998972e+02
2.39175151e+02
2.38404869e+02
2.37684493e+02
2.37010589e+02
2.36379924e+02
2.35789474e+02
2.35236411e+02
2.34718102e+02
2.34232099e+02
2.33776128e+02
2.33348084e+02
2.32946015e+02
2.68171896e+02
2.68167386e+02
2.68139472e+02
2.68074111e+02
2.67957930e+02
2.67782462e+02
2.67550405e+02
2.67272431e+02
2.66962241e+02
2.66633074e+02
2.66295965e+02
2.65959318e+02
2.65629144e+02
2.65309517e+02
2.65003037e+02
2.64711207e+02
2.64434752e+02
2.64173848e+02
2.63928310e+02
2.63697713e+02
2.63481477e+02
2.63278934e+02
2.63089366e+02
2.62912031e+02
2.62746192e+02
2.62591123e+02
2.62446121e+02
2.62310514e+02
2.62183664e+02
2.62064968e+02
2.61953859e+02
2.61849806e+02
2.61752314e+02
2.61660923e+02
2.61575203e+02
2.61494756e+02
2.61419214e+02
2.74078532e+02
2.73046225e+02
2.69419947e+02
2.64285125e+02
2.58671627e+02
2.53061431e+02
2.47674676e+02
2.42609161e+02
2.37899837e+02
2.33548539e+02
2.29540081e+02
2.25851218e+02
2.22455474e+02
2.19325123e+02
2.16433616e+02
2.13757127e+02
2.11274501e+02
2.08966990e+02
2.06818019e+02
2.04812954e+02
2.02938877e+02
2.01184372e+02
1.99539334e+02
1.97994795e+02
1.96542776e+02
1.95176146e+02
1.93888517e+02
1.92674141e+02
1.91527828e+02
1.90444874e+02
1.89421003e+02
1.88452311e+02
1.87535226e+02
1.86666469e+02
1.85843022e+02
1.85062099e+02
1.84321125e+02
2.73962606e+02
2.72817782e+02
2.69111626e+02
2.64232493e+02
2.59176944e+02
2.54285046e+02
2.49661608e+02
2.45335737e+02
2.41308166e+02
2.37567278e+02
2.34095838e+02
2.30874375e+02
2.27882849e+02
2.25100885e+02
2.22509458e+02
2.20091864e+02
2.17833289e+02
2.15720468e+02
2.13741494e+02
2.11885666e+02
2.10143360e+02
2.08505907e+02
2.06965483e+02
2.05515009e+02
2.04148067e+02
2.02858819e+02
2.01641945e+02
2.00492581e+02
1.99406270e+02
1.98378921e+02
1.97406766e+02
1.96486329e+02
1.95614399e+02
1.94788002e+02
1.94004381e+02
1.93260973e+02
1.92555396e+02
2.73312821e+02
2.73234930e+02
2.73017441e+02
2.72459368e+02
2.71489420e+02
2.70163363e+02
2.68573922e+02
2.66806626e+02
2.64929608e+02
2.62994763e+02
2.61041056e+02
2.59097506e+02
2.57185494e+02
2.55320464e+02
2.53513171e+02
2.51770743e+02
2.50097576e+02
2.48496021e+02
2.46966889e+02
2.45509840e+02
2.44123679e+02
2.42806594e+02
2.41556341e+02
2.40370385e+02
2.39246015e+02
2.38180424e+02
2.37170776e+02
2.36214253e+02
2.35308088e+02
2.34449592e+02
2.33636171e+02
2.32865333e+02
2.32134703e+02
2.31442017e+02
2.30785129e+02
2.30162008e+02
2.29570735e+02
2.72770675e+02
2.72723739e+02
2.72644054e+02
2.72477241e+02
2.72141260e+02
2.71594984e+02
2.70842114e+02
2.69911531e+02
2.68840901e+02
2.67667894e+02
2.66426387e+02
2.65145181e+02
2.63847869e+02
2.62553213e+02
2.61275716e+02
2.60026245e+02
2.58812664e+02
2.57640432e+02
2.56513103e+02
2.55432754e+02
2.54400318e+02
2.53415866e+02
2.52478818e+02
2.51588126e+02
2.50742401e+02
2.49940027e+02
2.49179238e+02
2.48458185e+02
2.47774982e+02
2.47127743e+02
2.46514608e+02
2.45933763e+02
2.45383454e+02
2.44861992e+02
2.44367764e+02
2.43899233e+02
2.43454941e+02
2.72111588e+02
2.72083314e+02
2.72046622e+02
2.71959735e+02
2.71777662e+02
2.71473850e+02
2.71044793e+02
2.70503037e+02
2.69869071e+02
2.69165617e+02
2.68414373e+02
2.67634432e+02
2.66841732e+02
2.66049063e+02
2.65266336e+02
2.64500972e+02
2.63758327e+02
2.63042085e+02
2.62354621e+02
2.61697287e+02
2.61070664e+02
2.60474744e+02
2.59909090e+02
2.59372955e+02
2.58865372e+02
2.58385228e+02
2.57931321e+02
2.57502401e+02
2.57097201e+02
2.56714461e+02
2.56352946e+02
2.56011455e+02
2.55688835e+02
2.55383980e+02
2.55095839e+02
2.54823415e+02
2.54565763e+02
