-2.2000e+02
-9.7445e+00
-2.9264e+00
-2.1297e+00
-1.4816e+00
-1.1179e+00
-8.8792e-01
-7.2866e-01
-6.1136e-01
-5.2126e-01
-4.4995e-01
-4.8409e-01
-4.7916e-01
-4.3023e-01
-3.8586e-01
-3.4709e-01
-3.1337e-01
-2.8395e-01
-2.5819e-01
-2.3553e-01
-2.1550e-01
-1.9772e-01
-1.8187e-01
-1.6768e-01
-1.5493e-01
-1.4344e-01
-1.3305e-01
-1.2361e-01
-1.1503e-01
-1.0720e-01
-1.0004e-01
-9.3469e-02
-8.7438e-02
-8.1883e-02
-7.6762e-02
-7.2030e-02
-1.2000e+02
0.0000e+00
0.0000e+00
-8.6265e+00
-6.5975e+00
-6.0310e+00
-5.2838e+00
-4.5967e+00
-4.0064e+00
-3.5077e+00
-3.0863e+00
-2.7347e+00
-2.4526e+00
-2.2057e+00
-1.9853e+00
-1.7894e+00
-1.6157e+00
-1.4615e+00
-1.3245e+00
-1.2025e+00
-1.0937e+00
-9.9640e-01
-9.0924e-01
-8.3102e-01
-7.6069e-01
-6.9734e-01
-6.4018e-01
-5.8852e-01
-5.4175e-01
-4.9935e-01
-4.6084e-01
-4.2582e-01
-3.9393e-01
-3.6483e-01
-3.3826e-01
-3.1396e-01
-2.0000e+01
-3.9156e+00
-4.5322e+00
-4.7613e+00
-5.2618e+00
-5.5748e+00
-5.4744e+00
-5.1809e+00
-4.8126e+00
-4.4261e+00
-4.0484e+00
-3.6920e+00
-3.3628e+00
-3.0633e+00
-2.7920e+00
-2.5465e+00
-2.3241e+00
-2.1226e+00
-1.9402e+00
-1.7748e+00
-1.6250e+00
-1.4893e+00
-1.3661e+00
-1.2544e+00
-1.1529e+00
-1.0607e+00
-9.7686e-01
-9.0053e-01
-8.3100e-01
-7.6758e-01
-7.0970e-01
-6.5682e-01
-6.0845e-01
-5.6418e-01
-5.2360e-01
-4.8639e-01
-7.2776e-02
-2.7650e-01
-5.2599e-01
-8.5060e-01
-1.1829e+00
-1.4618e+00
-1.6621e+00
-1.7826e+00
-1.8356e+00
-1.8375e+00
-1.8030e+00
-1.7442e+00
-1.6701e+00
-1.5873e+00
-1.5005e+00
-1.4130e+00
-1.3268e+00
-1.2433e+00
-1.1633e+00
-1.0872e+00
-1.0154e+00
-9.4781e-01
-8.8445e-01
-8.2520e-01
-7.6990e-01
-7.1837e-01
-6.7040e-01
-6.2578e-01
-5.8431e-01
-5.4577e-01
-5.0998e-01
-4.7673e-01
-4.4585e-01
-4.1717e-01
-3.9053e-01
-3.6577e-01
-2.6430e-03
-2.2050e-02
-5.5045e-02
-1.0033e-01
-1.5333e-01
-2.0380e-01
-2.4446e-01
-2.7259e-01
-2.8870e-01
-2.9488e-01
-2.9359e-01
-2.8705e-01
-2.7700e-01
-2.6479e-01
-2.5138e-01
-2.3746e-01
-2.2349e-01
-2.0980e-01
-1.9656e-01
-1.8390e-01
-1.7188e-01
-1.6053e-01
-1.4986e-01
-1.3986e-01
-1.3051e-01
-1.2179e-01
-1.1366e-01
-1.0609e-01
-9.9051e-02
-9.2509e-02
-8.6427e-02
-8.0779e-02
-7.5530e-02
-7.0655e-02
-6.6126e-02
-6.1917e-02
-8.9364e-01
-3.4752e+00
-4.9523e+00
-5.4200e+00
-5.4291e+00
-5.2267e+00
-4.9261e+00
-4.5874e+00
-4.2429e+00
-3.9102e+00
-3.5978e+00
-3.3096e+00
-3.0472e+00
-2.8103e+00
-2.5965e+00
-2.4034e+00
-2.2289e+00
-2.0709e+00
-1.9275e+00
-1.7972e+00
-1.6784e+00
-1.5700e+00
-1.4707e+00
-1.3795e+00
-1.2955e+00
-1.2181e+00
-1.1466e+00
-1.0803e+00
-1.0188e+00
-9.6155e-01
-9.0824e-01
-8.5851e-01
-8.1203e-01
-7.6855e-01
-7.2782e-01
-6.8961e-01
-1.0150e+00
-3.6098e+00
-4.7412e+00
-4.8821e+00
-4.7119e+00
-4.4522e+00
-4.1678e+00
-3.8821e+00
-3.6060e+00
-3.3447e+00
-3.1009e+00
-2.8755e+00
-2.6692e+00
-2.4813e+00
-2.3097e+00
-2.1527e+00
-2.0089e+00
-1.8770e+00
-1.7559e+00
-1.6445e+00
-1.5418e+00
-1.4471e+00
-1.3595e+00
-1.2784e+00
-1.2031e+00
-1.1333e+00
-1.0683e+00
-1.0077e+00
-9.5118e-01
-8.9842e-01
-8.4908e-01
-8.0290e-01
-7.5963e-01
-7.1905e-01
-6.8097e-01
-6.4520e-01
5.5140e-03
-1.2905e-01
-4.6508e-01
-8.6565e-01
-1.2060e+00
-1.4525e+00
-1.6147e+00
-1.7115e+00
-1.7594e+00
-1.7715e+00
-1.7575e+00
-1.7244e+00
-1.6780e+00
-1.6223e+00
-1.5607e+00
-1.4955e+00
-1.4285e+00
-1.3610e+00
-1.2941e+00
-1.2284e+00
-1.1645e+00
-1.1027e+00
-1.0433e+00
-9.8651e-01
-9.3229e-01
-8.8073e-01
-8.3180e-01
-7.8546e-01
-7.4164e-01
-7.0025e-01
-6.6120e-01
-6.2439e-01
-5.8971e-01
-5.5705e-01
-5.2631e-01
-4.9737e-01
1.0333e-02
-2.0781e-02
-1.2698e-01
-3.1016e-01
-5.2183e-01
-7.1948e-01
-8.8353e-01
-1.0095e+00
-1.0998e+00
-1.1590e+00
-1.1924e+00
-1.2048e+00
-1.2006e+00
-1.1836e+00
-1.1569e+00
-1.1231e+00
-1.0843e+00
-1.0423e+00
-9.9828e-01
-9.5331e-01
-9.0815e-01
-8.6342e-01
-8.1955e-01
-7.7690e-01
-7.3567e-01
-6.9604e-01
-6.5810e-01
-6.2191e-01
-5.8748e-01
-5.5481e-01
-5.2386e-01
-4.9459e-01
-4.6695e-01
-4.4087e-01
-4.1627e-01
-3.9311e-01
-1.7925e-02
-1.7879e-02
-6.6529e-02
-1.6336e-01
-2.8786e-01
-4.1632e-01
-5.3255e-01
-6.2866e-01
-7.0238e-01
-7.5464e-01
-7.8790e-01
-8.0512e-01
-8.0929e-01
-8.0315e-01
-7.8909e-01
-7.6911e-01
-7.4488e-01
-7.1771e-01
-6.8864e-01
-6.5850e-01
-6.2792e-01
-5.9739e-01
-5.6728e-01
-5.3787e-01
-5.0935e-01
-4.8185e-01
-4.5548e-01
-4.3029e-01
-4.0629e-01
-3.8350e-01
-3.6190e-01
-3.4146e-01
-3.2217e-01
-3.0396e-01
-2.8680e-01
-2.7063e-01
