2.70178675e+02
5.00304095e+01
4.02156399e+01
3.74948399e+01
3.53515930e+01
3.38675714e+01
3.25964762e+01
3.16033867e+01
3.07852310e+01
3.03423795e+01
2.99013083e+01
2.94345543e+01
2.87940151e+01
2.86312130e+01
2.80362893e+01
2.76330931e+01
2.72393536e+01
2.68674091e+01
2.66098630e+01
2.61930653e+01
2.60448883e+01
2.59046192e+01
2.58135265e+01
2.53361680e+01
2.56385838e+01
2.55441846e+01
2.52074505e+01
2.50364156e+01
2.46299773e+01
2.46260059e+01
2.46121294e+01
2.41626243e+01
2.41841356e+01
2.41584814e+01
2.42669067e+01
2.42836389e+01
2.41096616e+01
2.69794711e+02
1.49629619e+02
1.49921980e+02
1.50254877e+02
1.41487985e+02
1.35011639e+02
1.28951484e+02
1.23568116e+02
1.19148092e+02
1.14868414e+02
1.11415767e+02
1.08552393e+02
1.05535011e+02
1.03196022e+02
1.01036261e+02
9.89451188e+01
9.69826753e+01
9.60180190e+01
9.43619177e+01
9.28888320e+01
9.15739164e+01
9.06492268e+01
8.95562339e+01
8.86127116e+01
8.81517324e+01
8.70501539e+01
8.62786582e+01
8.56788815e+01
8.49697657e+01
8.46884981e+01
8.40875424e+01
8.35690127e+01
8.30274018e+01
8.26691598e+01
8.23444222e+01
8.18028946e+01
8.19538549e+01
2.70277207e+02
2.49965156e+02
2.46217035e+02
2.41428690e+02
2.36848864e+02
2.31336598e+02
2.25883569e+02
2.20942601e+02
2.15361748e+02
2.10502918e+02
2.06227941e+02
2.02237763e+02
1.98766991e+02
1.95192832e+02
1.92208432e+02
1.89286696e+02
1.86640649e+02
1.84595120e+02
1.82413341e+02
1.80225512e+02
1.78864816e+02
1.77107705e+02
1.75179903e+02
1.73848787e+02
1.72976334e+02
1.71570665e+02
1.70525115e+02
1.69706389e+02
1.68674829e+02
1.68228947e+02
1.67488132e+02
1.66029328e+02
1.65919156e+02
1.65452700e+02
1.64777389e+02
1.64024543e+02
1.63571900e+02
2.70260948e+02
2.69930555e+02
2.70005139e+02
2.69750618e+02
2.68403306e+02
2.67435384e+02
2.65931165e+02
2.64463271e+02
2.62916297e+02
2.60939358e+02
2.59157676e+02
2.57331440e+02
2.55542867e+02
2.53600387e+02
2.51717553e+02
2.50667656e+02
2.49041331e+02
2.48021813e+02
2.46281242e+02
2.45570406e+02
2.44487877e+02
2.43491535e+02
2.42318259e+02
2.41839132e+02
2.40674085e+02
2.39699017e+02
2.39250208e+02
2.38680124e+02
2.38071556e+02
2.37573014e+02
2.37019202e+02
2.36347608e+02
2.36162609e+02
2.35755098e+02
2.35581687e+02
2.34967499e+02
2.34865930e+02
2.68226753e+02
2.68127644e+02
2.68192906e+02
2.67664846e+02
2.67871044e+02
2.67808710e+02
2.67761913e+02
2.67207111e+02
2.66876373e+02
2.66597353e+02
2.65984617e+02
2.66138190e+02
2.65870627e+02
2.65469261e+02
2.65388983e+02
2.65039243e+02
2.64813795e+02
2.64538535e+02
2.64214020e+02
2.64011470e+02
2.63879923e+02
2.63944484e+02
2.63153566e+02
2.63648060e+02
2.63307502e+02
2.63301292e+02
2.62975305e+02
2.63080749e+02
2.62721181e+02
2.63106238e+02
2.62639013e+02
2.62518519e+02
2.62096218e+02
2.62466426e+02
2.62286357e+02
2.62075603e+02
2.62388525e+02
2.73359806e+02
2.72736741e+02
2.68888618e+02
2.63809036e+02
2.58362580e+02
2.52418392e+02
2.47015446e+02
2.42250743e+02
2.37717482e+02
2.33070193e+02
2.28602882e+02
2.25043841e+02
2.21738598e+02
2.18697796e+02
2.15372610e+02
2.13284300e+02
2.10572239e+02
2.08113321e+02
2.06469114e+02
2.03996429e+02
2.02331825e+02
2.00471189e+02
1.99031511e+02
1.97435421e+02
1.95960730e+02
1.94642013e+02
1.93308235e+02
1.92551710e+02
1.91047082e+02
1.89958310e+02
1.89162518e+02
1.87805299e+02
1.87189671e+02
1.86084672e+02
1.85557443e+02
1.84880198e+02
1.84476128e+02
2.73327630e+02
2.72774659e+02
2.68790071e+02
2.63453568e+02
2.59013336e+02
2.54077493e+02
2.49154520e+02
2.45333985e+02
2.41321316e+02
2.37368403e+02
2.33522852e+02
2.30730098e+02
2.27624811e+02
2.24899895e+02
2.22033101e+02
2.20159352e+02
2.17410918e+02
2.15532046e+02
2.13484684e+02
2.12055665e+02
2.10069458e+02
2.08300142e+02
2.07106785e+02
2.05988034e+02
2.04594016e+02
2.03154319e+02
2.02076376e+02
2.01011867e+02
1.99687312e+02
1.98765659e+02
1.98375008e+02
1.96977756e+02
1.96427437e+02
1.95793812e+02
1.94785945e+02
1.93983957e+02
1.93174249e+02
2.72435083e+02
2.72232243e+02
2.71957688e+02
2.71800899e+02
2.70962070e+02
2.69519804e+02
2.67554135e+02
2.66548692e+02
2.64493991e+02
2.62736500e+02
2.60947904e+02
2.59115514e+02
2.57499399e+02
2.55908924e+02
2.54299683e+02
2.52562102e+02
2.51117917e+02
2.49641951e+02
2.48246697e+02
2.47202401e+02
2.45935818e+02
2.44987699e+02
2.43762370e+02
2.42895698e+02
2.41574952e+02
2.40976028e+02
2.40135453e+02
2.39157401e+02
2.38641484e+02
2.37714687e+02
2.37170825e+02
2.36394771e+02
2.36343720e+02
2.35685671e+02
2.34998965e+02
2.34232709e+02
2.34346356e+02
2.72132308e+02
2.72056836e+02
2.71832962e+02
2.71942043e+02
2.71706029e+02
2.71126983e+02
2.70304275e+02
2.69466976e+02
2.68434581e+02
2.67458072e+02
2.66216307e+02
2.65272066e+02
2.63998837e+02
2.62465929e+02
2.61944030e+02
2.60574150e+02
2.59608251e+02
2.58839024e+02
2.57518092e+02
2.56773116e+02
2.55975157e+02
2.54411972e+02
2.54041565e+02
2.53080216e+02
2.52622060e+02
2.51690174e+02
2.51442708e+02
2.50624913e+02
2.50254088e+02
2.49379547e+02
2.49261627e+02
2.48630153e+02
2.47962121e+02
2.47797187e+02
2.47184186e+02
2.46612407e+02
2.46819377e+02
2.71746066e+02
2.71757050e+02
2.71987546e+02
2.71541221e+02
2.71445734e+02
2.71164385e+02
2.70492339e+02
2.70580744e+02
2.69887765e+02
2.68671593e+02
2.68544681e+02
2.67240230e+02
2.66512579e+02
2.65802189e+02
2.64982584e+02
2.64212146e+02
2.63247974e+02
2.62812957e+02
2.62137969e+02
2.61465306e+02
2.61052028e+02
2.60114364e+02
2.59646636e+02
2.59345587e+02
2.58854169e+02
2.58136764e+02
2.57532850e+02
2.57330086e+02
2.57156628e+02
2.56671730e+02
2.56577104e+02
2.56214980e+02
2.55970672e+02
2.55428310e+02
2.55061117e+02
2.55073431e+02
2.54897529e+02
