2.70000000e+02
5.00000000e+01
3.99778390e+01
3.70220440e+01
3.49396590e+01
3.34954970e+01
3.24049420e+01
3.15373570e+01
3.08242180e+01
3.02249240e+01
2.97131980e+01
2.92566830e+01
2.87348290e+01
2.82592490e+01
2.78336560e+01
2.74521920e+01
2.71090830e+01
2.67993200e+01
2.65186560e+01
2.62635030e+01
2.60308250e+01
2.58180400e+01
2.56229410e+01
2.54436320e+01
2.52784770e+01
2.51260530e+01
2.49851220e+01
2.48545950e+01
2.47335160e+01
2.46210390e+01
2.45164130e+01
2.44189680e+01
2.43281050e+01
2.42432880e+01
2.41640330e+01
2.40899040e+01
2.40205050e+01
2.70000000e+02
1.50000000e+02
1.50000000e+02
1.50000000e+02
1.41327964e+02
1.34761563e+02
1.28764250e+02
1.23509615e+02
1.18937377e+02
1.14951643e+02
1.11461745e+02
1.08390517e+02
1.05660089e+02
1.03210353e+02
1.01009720e+02
9.90304860e+01
9.72473140e+01
9.56377140e+01
9.41819890e+01
9.28629560e+01
9.16656200e+01
9.05768810e+01
8.95852610e+01
8.86806800e+01
8.78542600e+01
8.70981660e+01
8.64054650e+01
8.57700050e+01
8.51863190e+01
8.46495390e+01
8.41553160e+01
8.36997630e+01
8.32793990e+01
8.28910960e+01
8.25320450e+01
8.21997140e+01
8.18918220e+01
2.70000000e+02
2.50000000e+02
2.46101433e+02
2.41586149e+02
2.36847754e+02
2.31614713e+02
2.26069802e+02
2.20624634e+02
2.15471877e+02
2.10686262e+02
2.06285901e+02
2.02261847e+02
1.98592516e+02
1.95250059e+02
1.92204923e+02
1.89429321e+02
1.86898000e+02
1.84588072e+02
1.82478781e+02
1.80551319e+02
1.78788662e+02
1.77175423e+02
1.75697706e+02
1.74342972e+02
1.73099910e+02
1.71958320e+02
1.70908999e+02
1.69943645e+02
1.69054765e+02
1.68235591e+02
1.67480009e+02
1.66782489e+02
1.66138028e+02
1.65542094e+02
1.64990580e+02
1.64479763e+02
1.64006260e+02
2.70030319e+02
2.69945283e+02
2.69663854e+02
2.69141910e+02
2.68305421e+02
2.67144977e+02
2.65710886e+02
2.64078921e+02
2.62326772e+02
2.60520592e+02
2.58710987e+02
2.56934075e+02
2.55214253e+02
2.53566994e+02
2.52001236e+02
2.50521240e+02
2.49128057e+02
2.47820610e+02
2.46596446e+02
2.45452252e+02
2.44384201e+02
2.43388196e+02
2.42460036e+02
2.41595526e+02
2.40790558e+02
2.40041164e+02
2.39343546e+02
2.38694098e+02
2.38089419e+02
2.37526309e+02
2.37001775e+02
2.36513024e+02
2.36057453e+02
2.35632644e+02
2.35236353e+02
2.34866499e+02
2.34521156e+02
2.68023900e+02
2.68019675e+02
2.67993169e+02
2.67931129e+02
2.67820506e+02
2.67653052e+02
2.67431475e+02
2.67166239e+02
2.66870728e+02
2.66557816e+02
2.66238174e+02
2.65919864e+02
2.65608596e+02
2.65308191e+02
2.65021034e+02
2.64748462e+02
2.64491065e+02
2.64248928e+02
2.64021797e+02
2.63809199e+02
2.63610528e+02
2.63425099e+02
2.63252185e+02
2.63091047e+02
2.62940951e+02
2.62801181e+02
2.62671044e+02
2.62549881e+02
2.62437066e+02
2.62332009e+02
2.62234155e+02
2.62142986e+02
2.62058019e+02
2.61978802e+02
2.61904917e+02
2.61835976e+02
2.61771619e+02
2.71052251e+02
2.70336662e+02
2.67276021e+02
2.62662719e+02
2.57460058e+02
2.52159830e+02
2.47004182e+02
2.42111713e+02
2.37534279e+02
2.33286643e+02
2.29363197e+02
2.25747647e+02
2.22418407e+02
2.19351214e+02
2.16522038e+02
2.13908660e+02
2.11490863e+02
2.09250396e+02
2.07170873e+02
2.05237641e+02
2.03437627e+02
2.01759172e+02
2.00191879e+02
1.98726463e+02
1.97354619e+02
1.96068902e+02
1.94862620e+02
1.93729744e+02
1.92664826e+02
1.91662926e+02
1.90719560e+02
1.89830637e+02
1.88992423e+02
1.88201498e+02
1.87454721e+02
1.86749204e+02
1.86082285e+02
2.71099366e+02
2.70144044e+02
2.66686574e+02
2.62075159e+02
2.57276986e+02
2.52617203e+02
2.48197795e+02
2.44050796e+02
2.40181843e+02
2.36584302e+02
2.33245232e+02
2.30148568e+02
2.27276701e+02
2.24611008e+02
2.22133961e+02
2.19829830e+02
2.17684354e+02
2.15684547e+02
2.13818596e+02
2.12075780e+02
2.10446371e+02
2.08921548e+02
2.07493310e+02
2.06154387e+02
2.04898167e+02
2.03718626e+02
2.02610266e+02
2.01568061e+02
2.00587406e+02
1.99664077e+02
1.98794191e+02
1.97974172e+02
1.97200724e+02
1.96470803e+02
1.95781593e+02
1.95130490e+02
1.94515077e+02
2.71278117e+02
2.71278304e+02
2.71153398e+02
2.70707142e+02
2.69870072e+02
2.68696017e+02
2.67275160e+02
2.65690420e+02
2.64007283e+02
2.62275042e+02
2.60530238e+02
2.58799749e+02
2.57103121e+02
2.55454280e+02
2.53862760e+02
2.52334744e+02
2.50873916e+02
2.49482091e+02
2.48159680e+02
2.46906044e+02
2.45719767e+02
2.44598875e+02
2.43541003e+02
2.42543531e+02
2.41603684e+02
2.40718612e+02
2.39885449e+02
2.39101358e+02
2.38363566e+02
2.37669382e+02
2.37016220e+02
2.36401606e+02
2.35823182e+02
2.35278716e+02
2.34766093e+02
2.34283321e+02
2.33828526e+02
2.71296361e+02
2.71303488e+02
2.71288290e+02
2.71177170e+02
2.70892711e+02
2.70402529e+02
2.69716924e+02
2.68867501e+02
2.67891695e+02
2.66825365e+02
2.65699997e+02
2.64541994e+02
2.63372808e+02
2.62209419e+02
2.61064906e+02
2.59949038e+02
2.58868870e+02
2.57829273e+02
2.56833391e+02
2.55883010e+02
2.54978865e+02
2.54120890e+02
2.53308408e+02
2.52540299e+02
2.51815124e+02
2.51131223e+02
2.50486797e+02
2.49879965e+02
2.49308815e+02
2.48771435e+02
2.48265944e+02
2.47790508e+02
2.47343353e+02
2.46922781e+02
2.46527166e+02
2.46154967e+02
2.45804721e+02
2.71257452e+02
2.71265113e+02
2.71257283e+02
2.71198167e+02
2.71043875e+02
2.70768551e+02
2.70368857e+02
2.69857078e+02
2.69253199e+02
2.68579393e+02
2.67856878e+02
2.67104416e+02
2.66337770e+02
2.65569702e+02
2.64810210e+02
2.64066888e+02
2.63345313e+02
2.62649420e+02
2.61981828e+02
2.61344127e+02
2.60737099e+02
2.60160914e+02
2.59615272e+02
2.59099531e+02
2.58612799e+02
2.58154007e+02
2.57721973e+02
2.57315446e+02
2.56933141e+02
2.56573765e+02
2.56236041e+02
2.55918719e+02
2.55620588e+02
2.55340486e+02
2.55077301e+02
2.54829974e+02
2.54597504e+02
