-2.2000e+02
-9.5495e+00
-2.8654e+00
-2.1458e+00
-1.5013e+00
-1.1356e+00
-9.0360e-01
-7.4233e-01
-6.2322e-01
-5.3153e-01
-4.5884e-01
-4.4374e-01
-4.8260e-01
-4.3652e-01
-3.9190e-01
-3.5253e-01
-3.1813e-01
-2.8805e-01
-2.6165e-01
-2.3838e-01
-2.1779e-01
-1.9948e-01
-1.8312e-01
-1.6847e-01
-1.5529e-01
-1.4339e-01
-1.3261e-01
-1.2283e-01
-1.1393e-01
-1.0580e-01
-9.8370e-02
-9.1560e-02
-8.5309e-02
-7.9562e-02
-7.4267e-02
-6.9384e-02
-1.2000e+02
0.0000e+00
0.0000e+00
-8.3494e+00
-6.4591e+00
-5.9608e+00
-5.2599e+00
-4.5992e+00
-4.0242e+00
-3.5340e+00
-3.1171e+00
-2.7627e+00
-2.4761e+00
-2.2315e+00
-2.0117e+00
-1.8151e+00
-1.6399e+00
-1.4839e+00
-1.3449e+00
-1.2209e+00
-1.1100e+00
-1.0107e+00
-9.2158e-01
-8.4149e-01
-7.6938e-01
-7.0435e-01
-6.4560e-01
-5.9244e-01
-5.4427e-01
-5.0055e-01
-4.6083e-01
-4.2469e-01
-3.9176e-01
-3.6172e-01
-3.3428e-01
-3.0920e-01
-2.0000e+01
-3.5169e+00
-4.3438e+00
-4.6719e+00
-5.1982e+00
-5.5479e+00
-5.4830e+00
-5.2131e+00
-4.8593e+00
-4.4807e+00
-4.1065e+00
-3.7506e+00
-3.4194e+00
-3.1162e+00
-2.8409e+00
-2.5912e+00
-2.3647e+00
-2.1591e+00
-1.9725e+00
-1.8032e+00
-1.6496e+00
-1.5101e+00
-1.3834e+00
-1.2684e+00
-1.1638e+00
-1.0687e+00
-9.8210e-01
-9.0325e-01
-8.3138e-01
-7.6582e-01
-7.0597e-01
-6.5130e-01
-6.0131e-01
-5.5557e-01
-5.1369e-01
-4.7531e-01
-4.0729e-01
-5.2689e-01
-7.2754e-01
-1.0214e+00
-1.3312e+00
-1.5916e+00
-1.7760e+00
-1.8829e+00
-1.9242e+00
-1.9157e+00
-1.8721e+00
-1.8050e+00
-1.7234e+00
-1.6336e+00
-1.5402e+00
-1.4464e+00
-1.3544e+00
-1.2654e+00
-1.1803e+00
-1.0995e+00
-1.0233e+00
-9.5172e-01
-8.8467e-01
-8.2206e-01
-7.6372e-01
-7.0945e-01
-6.5904e-01
-6.1226e-01
-5.6888e-01
-5.2869e-01
-4.9147e-01
-4.5700e-01
-4.2509e-01
-3.9557e-01
-3.6823e-01
-3.4293e-01
-3.2848e-02
-7.2865e-02
-1.0301e-01
-1.4639e-01
-1.9988e-01
-2.5142e-01
-2.9263e-01
-3.2047e-01
-3.3550e-01
-3.3999e-01
-3.3658e-01
-3.2764e-01
-3.1504e-01
-3.0022e-01
-2.8418e-01
-2.6769e-01
-2.5123e-01
-2.3514e-01
-2.1963e-01
-2.0481e-01
-1.9077e-01
-1.7754e-01
-1.6511e-01
-1.5349e-01
-1.4263e-01
-1.3252e-01
-1.2312e-01
-1.1439e-01
-1.0629e-01
-9.8773e-02
-9.1810e-02
-8.5361e-02
-7.9391e-02
-7.3864e-02
-6.8746e-02
-6.4010e-02
-7.1408e-01
-3.2142e+00
-4.8375e+00
-5.4189e+00
-5.4855e+00
-5.3081e+00
-5.0158e+00
-4.6763e+00
-4.3264e+00
-3.9859e+00
-3.6646e+00
-3.3671e+00
-3.0951e+00
-2.8489e+00
-2.6267e+00
-2.4259e+00
-2.2442e+00
-2.0796e+00
-1.9301e+00
-1.7942e+00
-1.6702e+00
-1.5569e+00
-1.4531e+00
-1.3578e+00
-1.2702e+00
-1.1894e+00
-1.1148e+00
-1.0458e+00
-9.8180e-01
-9.2245e-01
-8.6730e-01
-8.1599e-01
-7.6819e-01
-7.2362e-01
-6.8202e-01
-6.4316e-01
-9.5226e-01
-3.6076e+00
-4.8125e+00
-4.9900e+00
-4.8300e+00
-4.5671e+00
-4.2735e+00
-3.9760e+00
-3.6874e+00
-3.4139e+00
-3.1584e+00
-2.9221e+00
-2.7052e+00
-2.5077e+00
-2.3276e+00
-2.1628e+00
-2.0119e+00
-1.8735e+00
-1.7463e+00
-1.6294e+00
-1.5217e+00
-1.4224e+00
-1.3306e+00
-1.2457e+00
-1.1671e+00
-1.0943e+00
-1.0266e+00
-9.6378e-01
-9.0533e-01
-8.5090e-01
-8.0020e-01
-7.5291e-01
-7.0879e-01
-6.6758e-01
-6.2908e-01
-5.9308e-01
-1.3622e-01
-2.6980e-01
-5.9492e-01
-9.8869e-01
-1.3227e+00
-1.5614e+00
-1.7141e+00
-1.8001e+00
-1.8364e+00
-1.8363e+00
-1.8100e+00
-1.7648e+00
-1.7066e+00
-1.6395e+00
-1.5672e+00
-1.4920e+00
-1.4159e+00
-1.3401e+00
-1.2658e+00
-1.1935e+00
-1.1238e+00
-1.0569e+00
-9.9323e-01
-9.3273e-01
-8.7548e-01
-8.2144e-01
-7.7055e-01
-7.2271e-01
-6.7780e-01
-6.3570e-01
-5.9626e-01
-5.5935e-01
-5.2483e-01
-4.9255e-01
-4.6238e-01
-4.3419e-01
-1.5209e-01
-2.0859e-01
-2.7115e-01
-4.1170e-01
-5.9376e-01
-7.7318e-01
-9.2573e-01
-1.0434e+00
-1.1265e+00
-1.1787e+00
-1.2048e+00
-1.2097e+00
-1.1978e+00
-1.1731e+00
-1.1389e+00
-1.0979e+00
-1.0524e+00
-1.0042e+00
-9.5463e-01
-9.0474e-01
-8.5532e-01
-8.0696e-01
-7.6007e-01
-7.1495e-01
-6.7179e-01
-6.3070e-01
-5.9175e-01
-5.5493e-01
-5.2022e-01
-4.8757e-01
-4.5692e-01
-4.2818e-01
-4.0125e-01
-3.7607e-01
-3.5252e-01
-3.3051e-01
-2.8029e-01
-2.0088e-01
-2.1183e-01
-2.8499e-01
-3.9459e-01
-5.1320e-01
-6.2202e-01
-7.1152e-01
-7.7859e-01
-8.2380e-01
-8.4952e-01
-8.5884e-01
-8.5489e-01
-8.4060e-01
-8.1853e-01
-7.9084e-01
-7.5930e-01
-7.2533e-01
-6.9002e-01
-6.5422e-01
-6.1857e-01
-5.8355e-01
-5.4950e-01
-5.1668e-01
-4.8524e-01
-4.5528e-01
-4.2686e-01
-3.9999e-01
-3.7465e-01
-3.5083e-01
-3.2846e-01
-3.0750e-01
-2.8787e-01
-2.6953e-01
-2.5238e-01
-2.3637e-01
