-2.2000e+02
-9.6786e+00
-2.9097e+00
-2.1345e+00
-1.4871e+00
-1.1234e+00
-8.9375e-01
-7.3476e-01
-6.1764e-01
-5.2759e-01
-4.5620e-01
-4.8544e-01
-4.8657e-01
-4.3766e-01
-3.9293e-01
-3.5371e-01
-3.1948e-01
-2.8952e-01
-2.6322e-01
-2.4001e-01
-2.1944e-01
-2.0113e-01
-1.8477e-01
-1.7009e-01
-1.5688e-01
-1.4495e-01
-1.3414e-01
-1.2432e-01
-1.1538e-01
-1.0722e-01
-9.9754e-02
-9.2912e-02
-8.6629e-02
-8.0851e-02
-7.5528e-02
-7.0618e-02
-1.2000e+02
0.0000e+00
0.0000e+00
-8.4246e+00
-6.4730e+00
-5.9554e+00
-5.2448e+00
-4.5798e+00
-4.0038e+00
-3.5147e+00
-3.0999e+00
-2.7522e+00
-2.4731e+00
-2.2288e+00
-2.0098e+00
-1.8146e+00
-1.6409e+00
-1.4863e+00
-1.3486e+00
-1.2256e+00
-1.1155e+00
-1.0168e+00
-9.2817e-01
-8.4840e-01
-7.7648e-01
-7.1154e-01
-6.5280e-01
-5.9959e-01
-5.5132e-01
-5.0747e-01
-4.6758e-01
-4.3125e-01
-3.9812e-01
-3.6787e-01
-3.4023e-01
-3.1493e-01
-2.0000e+01
-3.4622e+00
-4.3230e+00
-4.6677e+00
-5.1980e+00
-5.5434e+00
-5.4716e+00
-5.1965e+00
-4.8403e+00
-4.4619e+00
-4.0897e+00
-3.7368e+00
-3.4095e+00
-3.1106e+00
-2.8392e+00
-2.5927e+00
-2.3688e+00
-2.1653e+00
-1.9805e+00
-1.8126e+00
-1.6600e+00
-1.5213e+00
-1.3951e+00
-1.2804e+00
-1.1760e+00
-1.0808e+00
-9.9417e-01
-9.1515e-01
-8.4303e-01
-7.7719e-01
-7.1702e-01
-6.6199e-01
-6.1165e-01
-5.6554e-01
-5.2329e-01
-4.8454e-01
-4.2233e-01
-5.3291e-01
-7.2886e-01
-1.0179e+00
-1.3251e+00
-1.5859e+00
-1.7728e+00
-1.8831e+00
-1.9279e+00
-1.9225e+00
-1.8814e+00
-1.8163e+00
-1.7359e+00
-1.6470e+00
-1.5543e+00
-1.4608e+00
-1.3689e+00
-1.2799e+00
-1.1946e+00
-1.1135e+00
-1.0370e+00
-9.6496e-01
-8.9750e-01
-8.3446e-01
-7.7569e-01
-7.2099e-01
-6.7015e-01
-6.2296e-01
-5.7918e-01
-5.3860e-01
-5.0100e-01
-4.6617e-01
-4.3392e-01
-4.0406e-01
-3.7641e-01
-3.5081e-01
-3.5092e-02
-7.5767e-02
-1.0526e-01
-1.4836e-01
-2.0185e-01
-2.5369e-01
-2.9545e-01
-3.2394e-01
-3.3959e-01
-3.4459e-01
-3.4155e-01
-3.3284e-01
-3.2036e-01
-3.0556e-01
-2.8948e-01
-2.7288e-01
-2.5629e-01
-2.4004e-01
-2.2435e-01
-2.0934e-01
-1.9511e-01
-1.8168e-01
-1.6906e-01
-1.5724e-01
-1.4621e-01
-1.3592e-01
-1.2635e-01
-1.1746e-01
-1.0920e-01
-1.0155e-01
-9.4449e-02
-8.7873e-02
-8.1782e-02
-7.6140e-02
-7.0915e-02
-6.6078e-02
-1.0767e+00
-3.8176e+00
-5.2737e+00
-5.6833e+00
-5.6382e+00
-5.3918e+00
-5.0575e+00
-4.6928e+00
-4.3284e+00
-3.9799e+00
-3.6547e+00
-3.3559e+00
-3.0846e+00
-2.8400e+00
-2.6194e+00
-2.4202e+00
-2.2401e+00
-2.0769e+00
-1.9287e+00
-1.7939e+00
-1.6711e+00
-1.5587e+00
-1.4559e+00
-1.3614e+00
-1.2746e+00
-1.1945e+00
-1.1205e+00
-1.0521e+00
-9.8867e-01
-9.2981e-01
-8.7510e-01
-8.2419e-01
-7.7676e-01
-7.3252e-01
-6.9121e-01
-6.5261e-01
-1.0603e+00
-3.6658e+00
-4.8492e+00
-5.0258e+00
-4.8669e+00
-4.6046e+00
-4.3112e+00
-4.0137e+00
-3.7248e+00
-3.4506e+00
-3.1943e+00
-2.9570e+00
-2.7394e+00
-2.5409e+00
-2.3596e+00
-2.1936e+00
-2.0415e+00
-1.9019e+00
-1.7737e+00
-1.6557e+00
-1.5471e+00
-1.4469e+00
-1.3543e+00
-1.2687e+00
-1.1895e+00
-1.1160e+00
-1.0478e+00
-9.8445e-01
-9.2551e-01
-8.7064e-01
-8.1951e-01
-7.7183e-01
-7.2732e-01
-6.8575e-01
-6.4690e-01
-6.1056e-01
-1.8416e-01
-3.0861e-01
-6.1972e-01
-1.0011e+00
-1.3271e+00
-1.5617e+00
-1.7129e+00
-1.7985e+00
-1.8353e+00
-1.8361e+00
-1.8109e+00
-1.7669e+00
-1.7099e+00
-1.6440e+00
-1.5728e+00
-1.4987e+00
-1.4235e+00
-1.3486e+00
-1.2749e+00
-1.2032e+00
-1.1339e+00
-1.0675e+00
-1.0041e+00
-9.4383e-01
-8.8675e-01
-8.3284e-01
-7.8202e-01
-7.3422e-01
-6.8931e-01
-6.4718e-01
-6.0769e-01
-5.7070e-01
-5.3608e-01
-5.0368e-01
-4.7339e-01
-4.4505e-01
-1.6052e-01
-2.2082e-01
-2.8171e-01
-4.1767e-01
-5.9511e-01
-7.7103e-01
-9.2120e-01
-1.0374e+00
-1.1196e+00
-1.1716e+00
-1.1979e+00
-1.2033e+00
-1.1922e+00
-1.1684e+00
-1.1353e+00
-1.0954e+00
-1.0510e+00
-1.0039e+00
-9.5528e-01
-9.0630e-01
-8.5771e-01
-8.1009e-01
-7.6386e-01
-7.1931e-01
-6.7666e-01
-6.3600e-01
-5.9741e-01
-5.6090e-01
-5.2645e-01
-4.9401e-01
-4.6351e-01
-4.3490e-01
-4.0807e-01
-3.8295e-01
-3.5944e-01
-3.3745e-01
-2.4098e-01
-1.8746e-01
-2.0414e-01
-2.7529e-01
-3.7842e-01
-4.8882e-01
-5.8958e-01
-6.7216e-01
-7.3385e-01
-7.7528e-01
-7.9869e-01
-8.0697e-01
-8.0303e-01
-7.8958e-01
-7.6898e-01
-7.4322e-01
-7.1392e-01
-6.8237e-01
-6.4958e-01
-6.1633e-01
-5.8321e-01
-5.5066e-01
-5.1899e-01
-4.8844e-01
-4.5915e-01
-4.3123e-01
-4.0471e-01
-3.7963e-01
-3.5596e-01
-3.3368e-01
-3.1275e-01
-2.9312e-01
-2.7473e-01
-2.5753e-01
-2.4144e-01
-2.2640e-01
