-2.2000e+02
-9.5849e+00
-2.8751e+00
-2.1431e+00
-1.4986e+00
-1.1345e+00
-9.0370e-01
-7.4338e-01
-6.2493e-01
-5.3367e-01
-4.6125e-01
-4.6285e-01
-4.8882e-01
-4.4089e-01
-3.9592e-01
-3.5635e-01
-3.2179e-01
-2.9156e-01
-2.6502e-01
-2.4163e-01
-2.2092e-01
-2.0249e-01
-1.8604e-01
-1.7130e-01
-1.5804e-01
-1.4607e-01
-1.3523e-01
-1.2539e-01
-1.1643e-01
-1.0826e-01
-1.0079e-01
-9.3941e-02
-8.7652e-02
-8.1867e-02
-7.6538e-02
-7.1620e-02
-1.2000e+02
0.0000e+00
0.0000e+00
-8.4466e+00
-6.5265e+00
-6.0007e+00
-5.2784e+00
-4.6049e+00
-4.0220e+00
-3.5267e+00
-3.1065e+00
-2.7510e+00
-2.4656e+00
-2.2194e+00
-1.9985e+00
-1.8013e+00
-1.6260e+00
-1.4702e+00
-1.3315e+00
-1.2079e+00
-1.0975e+00
-9.9883e-01
-9.1039e-01
-8.3101e-01
-7.5963e-01
-6.9533e-01
-6.3732e-01
-5.8490e-01
-5.3746e-01
-4.9446e-01
-4.5543e-01
-4.1995e-01
-3.8765e-01
-3.5822e-01
-3.3136e-01
-3.0682e-01
-2.0000e+01
-3.8428e+00
-4.4843e+00
-4.7223e+00
-5.2200e+00
-5.5442e+00
-5.4596e+00
-5.1778e+00
-4.8166e+00
-4.4336e+00
-4.0568e+00
-3.6996e+00
-3.3683e+00
-3.0658e+00
-2.7918e+00
-2.5436e+00
-2.3188e+00
-2.1152e+00
-1.9307e+00
-1.7637e+00
-1.6123e+00
-1.4752e+00
-1.3509e+00
-1.2382e+00
-1.1359e+00
-1.0430e+00
-9.5859e-01
-8.8180e-01
-8.1191e-01
-7.4824e-01
-6.9018e-01
-6.3719e-01
-5.8879e-01
-5.4454e-01
-5.0404e-01
-4.6695e-01
-1.1053e-01
-2.9838e-01
-5.4109e-01
-8.6262e-01
-1.1915e+00
-1.4651e+00
-1.6590e+00
-1.7729e+00
-1.8200e+00
-1.8167e+00
-1.7780e+00
-1.7158e+00
-1.6391e+00
-1.5542e+00
-1.4658e+00
-1.3770e+00
-1.2899e+00
-1.2058e+00
-1.1254e+00
-1.0491e+00
-9.7720e-01
-9.0971e-01
-8.4656e-01
-7.8762e-01
-7.3273e-01
-6.8168e-01
-6.3426e-01
-5.9025e-01
-5.4944e-01
-5.1161e-01
-4.7655e-01
-4.4407e-01
-4.1398e-01
-3.8610e-01
-3.6027e-01
-3.3633e-01
-6.5230e-03
-2.9302e-02
-6.3446e-02
-1.1090e-01
-1.6616e-01
-2.1784e-01
-2.5850e-01
-2.8578e-01
-3.0060e-01
-3.0533e-01
-3.0260e-01
-2.9470e-01
-2.8341e-01
-2.7008e-01
-2.5566e-01
-2.4084e-01
-2.2607e-01
-2.1166e-01
-1.9778e-01
-1.8455e-01
-1.7202e-01
-1.6023e-01
-1.4916e-01
-1.3882e-01
-1.2917e-01
-1.2018e-01
-1.1183e-01
-1.0407e-01
-9.6870e-02
-9.0192e-02
-8.4002e-02
-7.8266e-02
-7.2949e-02
-6.8024e-02
-6.3459e-02
-5.9230e-02
-9.6983e-01
-3.6724e+00
-5.2255e+00
-5.7061e+00
-5.6981e+00
-5.4706e+00
-5.1461e+00
-4.7866e+00
-4.4247e+00
-4.0768e+00
-3.7511e+00
-3.4507e+00
-3.1767e+00
-2.9289e+00
-2.7050e+00
-2.5022e+00
-2.3185e+00
-2.1516e+00
-1.9999e+00
-1.8616e+00
-1.7353e+00
-1.6197e+00
-1.5137e+00
-1.4163e+00
-1.3266e+00
-1.2439e+00
-1.1674e+00
-1.0966e+00
-1.0309e+00
-9.6991e-01
-9.1319e-01
-8.6037e-01
-8.1111e-01
-7.6513e-01
-7.2217e-01
-6.8199e-01
-1.0449e+00
-3.6778e+00
-4.8879e+00
-5.0734e+00
-4.9140e+00
-4.6488e+00
-4.3527e+00
-4.0536e+00
-3.7640e+00
-3.4897e+00
-3.2336e+00
-2.9964e+00
-2.7786e+00
-2.5800e+00
-2.3985e+00
-2.2322e+00
-2.0796e+00
-1.9394e+00
-1.8105e+00
-1.6917e+00
-1.5823e+00
-1.4812e+00
-1.3877e+00
-1.3012e+00
-1.2210e+00
-1.1466e+00
-1.0774e+00
-1.0131e+00
-9.5321e-01
-8.9739e-01
-8.4532e-01
-7.9670e-01
-7.5127e-01
-7.0878e-01
-6.6902e-01
-6.3178e-01
-1.2701e-02
-1.4610e-01
-4.8319e-01
-8.8799e-01
-1.2318e+00
-1.4793e+00
-1.6402e+00
-1.7340e+00
-1.7780e+00
-1.7854e+00
-1.7663e+00
-1.7281e+00
-1.6765e+00
-1.6158e+00
-1.5493e+00
-1.4796e+00
-1.4085e+00
-1.3373e+00
-1.2669e+00
-1.1983e+00
-1.1318e+00
-1.0678e+00
-1.0065e+00
-9.4814e-01
-8.9270e-01
-8.4019e-01
-7.9057e-01
-7.4376e-01
-6.9969e-01
-6.5823e-01
-6.1927e-01
-5.8269e-01
-5.4837e-01
-5.1617e-01
-4.8598e-01
-4.5768e-01
-3.4330e-03
-2.5136e-02
-1.1209e-01
-2.7533e-01
-4.7468e-01
-6.6765e-01
-8.3126e-01
-9.5831e-01
-1.0497e+00
-1.1094e+00
-1.1427e+00
-1.1544e+00
-1.1491e+00
-1.1307e+00
-1.1025e+00
-1.0673e+00
-1.0273e+00
-9.8409e-01
-9.3917e-01
-8.9354e-01
-8.4798e-01
-8.0309e-01
-7.5931e-01
-7.1694e-01
-6.7621e-01
-6.3725e-01
-6.0013e-01
-5.6489e-01
-5.3152e-01
-5.0001e-01
-4.7029e-01
-4.4231e-01
-4.1600e-01
-3.9128e-01
-3.6808e-01
-3.4631e-01
-4.2580e-03
-1.7965e-02
-6.8740e-02
-1.6385e-01
-2.8493e-01
-4.0916e-01
-5.2078e-01
-6.1209e-01
-6.8098e-01
-7.2852e-01
-7.5729e-01
-7.7037e-01
-7.7082e-01
-7.6142e-01
-7.4458e-01
-7.2231e-01
-6.9624e-01
-6.6768e-01
-6.3763e-01
-6.0689e-01
-5.7604e-01
-5.4553e-01
-5.1570e-01
-4.8678e-01
-4.5894e-01
-4.3228e-01
-4.0687e-01
-3.8274e-01
-3.5988e-01
-3.3830e-01
-3.1795e-01
-2.9879e-01
-2.8079e-01
-2.6389e-01
-2.4803e-01
-2.3317e-01
