-2.2000e+02
-1.0037e+01
-2.9372e+00
-2.0774e+00
-1.4441e+00
-1.0912e+00
-8.6800e-01
-7.1316e-01
-5.9898e-01
-5.1117e-01
-4.5605e-01
-5.2105e-01
-4.7447e-01
-4.2451e-01
-3.8057e-01
-3.4250e-01
-3.0951e-01
-2.8082e-01
-2.5576e-01
-2.3377e-01
-2.1437e-01
-1.9719e-01
-1.8190e-01
-1.6824e-01
-1.5598e-01
-1.4494e-01
-1.3496e-01
-1.2591e-01
-1.1767e-01
-1.1016e-01
-1.0328e-01
-9.6963e-02
-9.1153e-02
-8.5795e-02
-8.0843e-02
-7.6256e-02
-1.2000e+02
0.0000e+00
0.0000e+00
-8.6525e+00
-6.5413e+00
-5.9742e+00
-5.2343e+00
-4.5544e+00
-3.9701e+00
-3.4762e+00
-3.0593e+00
-2.7201e+00
-2.4409e+00
-2.1932e+00
-1.9731e+00
-1.7784e+00
-1.6062e+00
-1.4537e+00
-1.3184e+00
-1.1981e+00
-1.0909e+00
-9.9519e-01
-9.0955e-01
-8.3277e-01
-7.6380e-01
-7.0172e-01
-6.4575e-01
-5.9519e-01
-5.4944e-01
-5.0797e-01
-4.7032e-01
-4.3607e-01
-4.0488e-01
-3.7641e-01
-3.5039e-01
-3.2658e-01
-2.0000e+01
-3.8968e+00
-4.5137e+00
-4.7313e+00
-5.2168e+00
-5.5222e+00
-5.4195e+00
-5.1266e+00
-4.7606e+00
-4.3776e+00
-4.0041e+00
-3.6525e+00
-3.3289e+00
-3.0348e+00
-2.7685e+00
-2.5274e+00
-2.3091e+00
-2.1115e+00
-1.9326e+00
-1.7706e+00
-1.6239e+00
-1.4910e+00
-1.3706e+00
-1.2613e+00
-1.1621e+00
-1.0720e+00
-9.9001e-01
-9.1541e-01
-8.4743e-01
-7.8543e-01
-7.2881e-01
-6.7704e-01
-6.2966e-01
-5.8625e-01
-5.4643e-01
-5.0985e-01
-8.9031e-02
-2.8490e-01
-5.2363e-01
-8.3553e-01
-1.1570e+00
-1.4291e+00
-1.6268e+00
-1.7480e+00
-1.8040e+00
-1.8101e+00
-1.7805e+00
-1.7269e+00
-1.6580e+00
-1.5803e+00
-1.4983e+00
-1.4153e+00
-1.3332e+00
-1.2535e+00
-1.1769e+00
-1.1039e+00
-1.0348e+00
-9.6972e-01
-9.0854e-01
-8.5121e-01
-7.9760e-01
-7.4754e-01
-7.0083e-01
-6.5729e-01
-6.1672e-01
-5.7892e-01
-5.4373e-01
-5.1094e-01
-4.8040e-01
-4.5193e-01
-4.2541e-01
-4.0067e-01
-4.1300e-03
-2.4884e-02
-5.7600e-02
-1.0215e-01
-1.5432e-01
-2.0412e-01
-2.4444e-01
-2.7257e-01
-2.8896e-01
-2.9559e-01
-2.9485e-01
-2.8889e-01
-2.7943e-01
-2.6779e-01
-2.5493e-01
-2.4151e-01
-2.2801e-01
-2.1472e-01
-2.0185e-01
-1.8951e-01
-1.7777e-01
-1.6666e-01
-1.5620e-01
-1.4637e-01
-1.3716e-01
-1.2856e-01
-1.2052e-01
-1.1302e-01
-1.0602e-01
-9.9510e-02
-9.3440e-02
-8.7783e-02
-8.2515e-02
-7.7605e-02
-7.3028e-02
-6.8761e-02
-7.3039e-01
-3.0413e+00
-4.6039e+00
-5.2055e+00
-5.3046e+00
-5.1546e+00
-4.8832e+00
-4.5603e+00
-4.2246e+00
-3.8970e+00
-3.5883e+00
-3.3037e+00
-3.0453e+00
-2.8126e+00
-2.6034e+00
-2.4153e+00
-2.2459e+00
-2.0933e+00
-1.9553e+00
-1.8303e+00
-1.7167e+00
-1.6131e+00
-1.5183e+00
-1.4314e+00
-1.3513e+00
-1.2774e+00
-1.2089e+00
-1.1454e+00
-1.0862e+00
-1.0310e+00
-9.7935e-01
-9.3097e-01
-8.8555e-01
-8.4285e-01
-8.0264e-01
-7.6473e-01
-1.0280e+00
-3.5557e+00
-4.6884e+00
-4.8439e+00
-4.6778e+00
-4.4155e+00
-4.1274e+00
-3.8396e+00
-3.5637e+00
-3.3050e+00
-3.0658e+00
-2.8468e+00
-2.6482e+00
-2.4684e+00
-2.3050e+00
-2.1561e+00
-2.0203e+00
-1.8961e+00
-1.7822e+00
-1.6775e+00
-1.5811e+00
-1.4921e+00
-1.4096e+00
-1.3331e+00
-1.2620e+00
-1.1956e+00
-1.1337e+00
-1.0758e+00
-1.0215e+00
-9.7051e-01
-9.2262e-01
-8.7756e-01
-8.3510e-01
-7.9506e-01
-7.5726e-01
-7.2155e-01
-1.1800e-02
-1.3965e-01
-4.6461e-01
-8.5711e-01
-1.1956e+00
-1.4459e+00
-1.6160e+00
-1.7230e+00
-1.7825e+00
-1.8064e+00
-1.8040e+00
-1.7820e+00
-1.7458e+00
-1.6994e+00
-1.6460e+00
-1.5881e+00
-1.5273e+00
-1.4651e+00
-1.4025e+00
-1.3403e+00
-1.2791e+00
-1.2194e+00
-1.1614e+00
-1.1054e+00
-1.0516e+00
-9.9999e-01
-9.5063e-01
-9.0353e-01
-8.5867e-01
-8.1599e-01
-7.7544e-01
-7.3695e-01
-7.0043e-01
-6.6582e-01
-6.3301e-01
-6.0193e-01
1.2630e-03
-1.7309e-02
-1.0344e-01
-2.6562e-01
-4.6481e-01
-6.6017e-01
-8.2928e-01
-9.6456e-01
-1.0661e+00
-1.1371e+00
-1.1821e+00
-1.2055e+00
-1.2113e+00
-1.2034e+00
-1.1849e+00
-1.1583e+00
-1.1259e+00
-1.0894e+00
-1.0501e+00
-1.0092e+00
-9.6738e-01
-9.2544e-01
-8.8386e-01
-8.4300e-01
-8.0316e-01
-7.6454e-01
-7.2729e-01
-6.9149e-01
-6.5719e-01
-6.2442e-01
-5.9318e-01
-5.6344e-01
-5.3518e-01
-5.0834e-01
-4.8289e-01
-4.5876e-01
1.2728e-02
-5.6100e-03
-5.8677e-02
-1.5454e-01
-2.7585e-01
-4.0052e-01
-5.1335e-01
-6.0694e-01
-6.7919e-01
-7.3101e-01
-7.6469e-01
-7.8306e-01
-7.8893e-01
-7.8491e-01
-7.7326e-01
-7.5590e-01
-7.3436e-01
-7.0991e-01
-6.8353e-01
-6.5601e-01
-6.2794e-01
-5.9978e-01
-5.7190e-01
-5.4455e-01
-5.1794e-01
-4.9219e-01
-4.6739e-01
-4.4362e-01
-4.2089e-01
-3.9922e-01
-3.7861e-01
-3.5903e-01
-3.4046e-01
-3.2287e-01
-3.0622e-01
-2.9047e-01
