-2.2000e+02
-9.5924e+00
-2.8883e+00
-2.1378e+00
-1.4892e+00
-1.1226e+00
-8.9029e-01
-7.2918e-01
-6.1050e-01
-5.1939e-01
-4.4737e-01
-4.1931e-01
-4.6677e-01
-4.2307e-01
-3.7963e-01
-3.4127e-01
-3.0780e-01
-2.7859e-01
-2.5301e-01
-2.3051e-01
-2.1063e-01
-1.9297e-01
-1.7722e-01
-1.6313e-01
-1.5046e-01
-1.3903e-01
-1.2869e-01
-1.1931e-01
-1.1077e-01
-1.0298e-01
-9.5862e-02
-8.9337e-02
-8.3347e-02
-7.7838e-02
-7.2762e-02
-6.8080e-02
-1.2000e+02
0.0000e+00
0.0000e+00
-8.4984e+00
-6.5522e+00
-6.0103e+00
-5.2761e+00
-4.5945e+00
-4.0059e+00
-3.5070e+00
-3.0846e+00
-2.7263e+00
-2.4356e+00
-2.1907e+00
-1.9715e+00
-1.7759e+00
-1.6020e+00
-1.4476e+00
-1.3102e+00
-1.1878e+00
-1.0786e+00
-9.8100e-01
-8.9355e-01
-8.1508e-01
-7.4453e-01
-6.8099e-01
-6.2367e-01
-5.7189e-01
-5.2503e-01
-4.8257e-01
-4.4404e-01
-4.0902e-01
-3.7716e-01
-3.4814e-01
-3.2166e-01
-2.9749e-01
-2.0000e+01
-3.7911e+00
-4.4761e+00
-4.7406e+00
-5.2499e+00
-5.5723e+00
-5.4791e+00
-5.1883e+00
-4.8196e+00
-4.4310e+00
-4.0504e+00
-3.6907e+00
-3.3575e+00
-3.0537e+00
-2.7788e+00
-2.5302e+00
-2.3053e+00
-2.1016e+00
-1.9172e+00
-1.7502e+00
-1.5989e+00
-1.4618e+00
-1.3375e+00
-1.2248e+00
-1.1225e+00
-1.0296e+00
-9.4520e-01
-8.6845e-01
-7.9860e-01
-7.3500e-01
-6.7702e-01
-6.2415e-01
-5.7588e-01
-5.3179e-01
-4.9147e-01
-4.5458e-01
-1.5143e-01
-3.3043e-01
-5.6257e-01
-8.7395e-01
-1.1957e+00
-1.4659e+00
-1.6591e+00
-1.7738e+00
-1.8222e+00
-1.8201e+00
-1.7822e+00
-1.7204e+00
-1.6435e+00
-1.5581e+00
-1.4687e+00
-1.3788e+00
-1.2903e+00
-1.2047e+00
-1.1229e+00
-1.0453e+00
-9.7205e-01
-9.0333e-01
-8.3906e-01
-7.7913e-01
-7.2337e-01
-6.7157e-01
-6.2352e-01
-5.7900e-01
-5.3779e-01
-4.9965e-01
-4.6438e-01
-4.3177e-01
-4.0162e-01
-3.7375e-01
-3.4799e-01
-3.2417e-01
-8.7490e-03
-3.1734e-02
-6.2380e-02
-1.0502e-01
-1.5573e-01
-2.0425e-01
-2.4326e-01
-2.7005e-01
-2.8511e-01
-2.9048e-01
-2.8855e-01
-2.8149e-01
-2.7101e-01
-2.5843e-01
-2.4469e-01
-2.3046e-01
-2.1621e-01
-2.0226e-01
-1.8879e-01
-1.7594e-01
-1.6376e-01
-1.5229e-01
-1.4153e-01
-1.3147e-01
-1.2209e-01
-1.1336e-01
-1.0526e-01
-9.7749e-02
-9.0787e-02
-8.4342e-02
-7.8377e-02
-7.2860e-02
-6.7760e-02
-6.3043e-02
-5.8683e-02
-5.4651e-02
-9.4568e-01
-3.5156e+00
-4.9480e+00
-5.3731e+00
-5.3524e+00
-5.1307e+00
-4.8187e+00
-4.4741e+00
-4.1277e+00
-3.7958e+00
-3.4862e+00
-3.2018e+00
-2.9435e+00
-2.7109e+00
-2.5018e+00
-2.3135e+00
-2.1434e+00
-1.9896e+00
-1.8500e+00
-1.7231e+00
-1.6073e+00
-1.5015e+00
-1.4045e+00
-1.3154e+00
-1.2333e+00
-1.1576e+00
-1.0875e+00
-1.0226e+00
-9.6229e-01
-9.0626e-01
-8.5410e-01
-8.0547e-01
-7.6008e-01
-7.1768e-01
-6.7803e-01
-6.4091e-01
-1.0870e+00
-3.6834e+00
-4.7607e+00
-4.8577e+00
-4.6619e+00
-4.3871e+00
-4.0934e+00
-3.8022e+00
-3.5232e+00
-3.2611e+00
-3.0178e+00
-2.7937e+00
-2.5885e+00
-2.4022e+00
-2.2325e+00
-2.0775e+00
-1.9356e+00
-1.8054e+00
-1.6859e+00
-1.5758e+00
-1.4744e+00
-1.3808e+00
-1.2943e+00
-1.2141e+00
-1.1398e+00
-1.0708e+00
-1.0067e+00
-9.4704e-01
-8.9146e-01
-8.3965e-01
-7.9129e-01
-7.4614e-01
-7.0393e-01
-6.6445e-01
-6.2750e-01
-5.9290e-01
-3.2408e-02
-1.7081e-01
-5.0189e-01
-8.8910e-01
-1.2139e+00
-1.4472e+00
-1.5994e+00
-1.6882e+00
-1.7294e+00
-1.7354e+00
-1.7153e+00
-1.6764e+00
-1.6242e+00
-1.5630e+00
-1.4960e+00
-1.4259e+00
-1.3545e+00
-1.2832e+00
-1.2129e+00
-1.1446e+00
-1.0785e+00
-1.0151e+00
-9.5468e-01
-8.9724e-01
-8.4287e-01
-7.9153e-01
-7.4318e-01
-6.9772e-01
-6.5505e-01
-6.1503e-01
-5.7755e-01
-5.4246e-01
-5.0964e-01
-4.7894e-01
-4.5023e-01
-4.2340e-01
-2.8347e-02
-5.9560e-02
-1.5417e-01
-3.2592e-01
-5.2941e-01
-7.2192e-01
-8.8230e-01
-1.0048e+00
-1.0909e+00
-1.1452e+00
-1.1728e+00
-1.1788e+00
-1.1678e+00
-1.1440e+00
-1.1106e+00
-1.0705e+00
-1.0261e+00
-9.7890e-01
-9.3045e-01
-8.8173e-01
-8.3353e-01
-7.8642e-01
-7.4080e-01
-6.9696e-01
-6.5507e-01
-6.1524e-01
-5.7752e-01
-5.4189e-01
-5.0834e-01
-4.7680e-01
-4.4721e-01
-4.1948e-01
-3.9352e-01
-3.6924e-01
-3.4654e-01
-3.2533e-01
-5.5802e-02
-4.8891e-02
-9.0282e-02
-1.8026e-01
-2.9970e-01
-4.2461e-01
-5.3788e-01
-6.3079e-01
-7.0065e-01
-7.4831e-01
-7.7632e-01
-7.8788e-01
-7.8622e-01
-7.7429e-01
-7.5467e-01
-7.2950e-01
-7.0056e-01
-6.6922e-01
-6.3657e-01
-6.0343e-01
-5.7044e-01
-5.3803e-01
-5.0656e-01
-4.7624e-01
-4.4723e-01
-4.1962e-01
-3.9345e-01
-3.6874e-01
-3.4546e-01
-3.2360e-01
-3.0309e-01
-2.8389e-01
-2.6593e-01
-2.4915e-01
-2.3348e-01
-2.1886e-01
