2.70000000e+02
5.00000000e+01
4.01006900e+01
3.71647660e+01
3.50677700e+01
3.36152810e+01
3.25219760e+01
3.16549160e+01
3.09440490e+01
3.03478810e+01
2.98396250e+01
2.94008430e+01
2.89115130e+01
2.84428780e+01
2.80226420e+01
2.76457400e+01
2.73065830e+01
2.70002360e+01
2.67224960e+01
2.64698090e+01
2.62391670e+01
2.60280180e+01
2.58341840e+01
2.56557970e+01
2.54912470e+01
2.53391410e+01
2.51982650e+01
2.50675570e+01
2.49460860e+01
2.48330280e+01
2.47276550e+01
2.46293160e+01
2.45374330e+01
2.44514870e+01
2.43710100e+01
2.42955810e+01
2.42248180e+01
2.70000000e+02
1.50000000e+02
1.50000000e+02
1.50000000e+02
1.41450532e+02
1.34935431e+02
1.28969846e+02
1.23736332e+02
1.19180283e+02
1.15208190e+02
1.11730469e+02
1.08670814e+02
1.05957901e+02
1.03525049e+02
1.01338642e+02
9.93718380e+01
9.75997740e+01
9.60001910e+01
9.45535020e+01
9.32425800e+01
9.20524680e+01
9.09700890e+01
8.99839870e+01
8.90841040e+01
8.82615920e+01
8.75086440e+01
8.68183590e+01
8.61846240e+01
8.56020100e+01
8.50656880e+01
8.45713540e+01
8.41151640e+01
8.36936780e+01
8.33038130e+01
8.29428000e+01
8.26081510e+01
8.22976210e+01
2.70000000e+02
2.50000000e+02
2.46217796e+02
2.41759787e+02
2.37051594e+02
2.31846408e+02
2.26323915e+02
2.20894853e+02
2.15754500e+02
2.10979210e+02
2.06588008e+02
2.02572439e+02
1.98911289e+02
1.95577251e+02
1.92540756e+02
1.89773664e+02
1.87250436e+02
1.84947998e+02
1.82845475e+02
1.80923977e+02
1.79166427e+02
1.77557402e+02
1.76082990e+02
1.74730651e+02
1.73489084e+02
1.72348109e+02
1.71298555e+02
1.70332159e+02
1.69441471e+02
1.68619771e+02
1.67860996e+02
1.67159671e+02
1.66510846e+02
1.65910045e+02
1.65353215e+02
1.64836684e+02
1.64357120e+02
2.70576136e+02
2.70438043e+02
2.70116710e+02
2.69560340e+02
2.68691567e+02
2.67500125e+02
2.66036753e+02
2.64377731e+02
2.62600950e+02
2.60772521e+02
2.58942853e+02
2.57147779e+02
2.55411357e+02
2.53748752e+02
2.52168620e+02
2.50674976e+02
2.49268652e+02
2.47948375e+02
2.46711538e+02
2.45554708e+02
2.44473975e+02
2.43465191e+02
2.42524124e+02
2.41646569e+02
2.40828425e+02
2.40065736e+02
2.39354729e+02
2.38691825e+02
2.38073652e+02
2.37497043e+02
2.36959037e+02
2.36456873e+02
2.35987978e+02
2.35549963e+02
2.35140611e+02
2.34757866e+02
2.34399824e+02
2.68082599e+02
2.68074399e+02
2.68043029e+02
2.67979600e+02
2.67871908e+02
2.67711947e+02
2.67502100e+02
2.67252101e+02
2.66974398e+02
2.66680939e+02
2.66381597e+02
2.66083808e+02
2.65792814e+02
2.65512103e+02
2.65243837e+02
2.64989210e+02
2.64748734e+02
2.64522451e+02
2.64310098e+02
2.64111215e+02
2.63925223e+02
2.63751477e+02
2.63589298e+02
2.63437997e+02
2.63296895e+02
2.63165328e+02
2.63042662e+02
2.62928288e+02
2.62821632e+02
2.62722153e+02
2.62629343e+02
2.62542727e+02
2.62461864e+02
2.62386340e+02
2.62315774e+02
2.62249809e+02
2.62188117e+02
2.72187504e+02
2.71312473e+02
2.68020500e+02
2.63340862e+02
2.58213108e+02
2.53067262e+02
2.48103682e+02
2.43415981e+02
2.39041405e+02
2.34986422e+02
2.31241017e+02
2.27786884e+02
2.24602018e+02
2.21662684e+02
2.18945619e+02
2.16429664e+02
2.14095813e+02
2.11927052e+02
2.09908202e+02
2.08025752e+02
2.06267690e+02
2.04623336e+02
2.03083186e+02
2.01638765e+02
2.00282499e+02
1.99007602e+02
1.97807978e+02
1.96678127e+02
1.95613080e+02
1.94608325e+02
1.93659758e+02
1.92763632e+02
1.91916517e+02
1.91115265e+02
1.90356977e+02
1.89638982e+02
1.88958807e+02
2.72178760e+02
2.71195108e+02
2.67804144e+02
2.63355229e+02
2.58757503e+02
2.54301319e+02
2.50074474e+02
2.46103787e+02
2.42393211e+02
2.38935993e+02
2.35719865e+02
2.32729846e+02
2.29949788e+02
2.27362676e+02
2.24952143e+02
2.22703589e+02
2.20603864e+02
2.18641029e+02
2.16804235e+02
2.15083638e+02
2.13470311e+02
2.11956159e+02
2.10533835e+02
2.09196660e+02
2.07938559e+02
2.06753987e+02
2.05637880e+02
2.04585600e+02
2.03592894e+02
2.02655847e+02
2.01770859e+02
2.00934603e+02
2.00144007e+02
1.99396223e+02
1.98688614e+02
1.98018729e+02
1.97384291e+02
2.72069780e+02
2.72034562e+02
2.71876867e+02
2.71413911e+02
2.70583470e+02
2.69436534e+02
2.68055948e+02
2.66517735e+02
2.64882427e+02
2.63196172e+02
2.61493657e+02
2.59800757e+02
2.58136575e+02
2.56514947e+02
2.54945567e+02
2.53434893e+02
2.51986941e+02
2.50603892e+02
2.49286533e+02
2.48034599e+02
2.46847039e+02
2.45722226e+02
2.44658121e+02
2.43652408e+02
2.42702592e+02
2.41806080e+02
2.40960238e+02
2.40162442e+02
2.39410108e+02
2.38700717e+02
2.38031836e+02
2.37401125e+02
2.36806350e+02
2.36245381e+02
2.35716200e+02
2.35216897e+02
2.34745668e+02
2.71963283e+02
2.71931958e+02
2.71873060e+02
2.71722076e+02
2.71402715e+02
2.70883431e+02
2.70174025e+02
2.69304728e+02
2.68311464e+02
2.67228812e+02
2.66087303e+02
2.64912677e+02
2.63725969e+02
2.62543920e+02
2.61379524e+02
2.60242560e+02
2.59140154e+02
2.58077288e+02
2.57057238e+02
2.56081937e+02
2.55152269e+02
2.54268311e+02
2.53429531e+02
2.52634940e+02
2.51883220e+02
2.51172824e+02
2.50502051e+02
2.49869111e+02
2.49272168e+02
2.48709378e+02
2.48178917e+02
2.47679002e+02
2.47207900e+02
2.46763946e+02
2.46345542e+02
2.45951168e+02
2.45579377e+02
2.71759900e+02
2.71713059e+02
2.71668619e+02
2.71582930e+02
2.71408747e+02
2.71116726e+02
2.70700587e+02
2.70170644e+02
2.69545819e+02
2.68847872e+02
2.68098040e+02
2.67315347e+02
2.66515955e+02
2.65713074e+02
2.64917161e+02
2.64136250e+02
2.63376316e+02
2.62641644e+02
2.61935155e+02
2.61258693e+02
2.60613253e+02
2.59999178e+02
2.59416313e+02
2.58864128e+02
2.58341821e+02
2.57848391e+02
2.57382708e+02
2.56943556e+02
2.56529671e+02
2.56139775e+02
2.55772594e+02
2.55426874e+02
2.55101395e+02
2.54794980e+02
2.54506498e+02
2.54234871e+02
2.53979074e+02
