2.69977598e+02
4.98828318e+01
4.02744775e+01
3.76765479e+01
3.56843296e+01
3.38118054e+01
3.30010367e+01
3.16086004e+01
3.08500142e+01
3.06048086e+01
3.01722878e+01
2.96989724e+01
2.89077973e+01
2.87717235e+01
2.81557279e+01
2.76242279e+01
2.71841483e+01
2.68740378e+01
2.65541545e+01
2.65094288e+01
2.60801702e+01
2.63220865e+01
2.57844587e+01
2.56398464e+01
2.56366558e+01
2.52914897e+01
2.53054751e+01
2.51551440e+01
2.48909092e+01
2.48980708e+01
2.48597333e+01
2.45224312e+01
2.45438486e+01
2.44518150e+01
2.40413543e+01
2.43556221e+01
2.43962123e+01
2.69488253e+02
1.49588063e+02
1.49848116e+02
1.49764542e+02
1.41637342e+02
1.34911786e+02
1.28950496e+02
1.23564142e+02
1.18855493e+02
1.15165193e+02
1.11538281e+02
1.08373464e+02
1.05552208e+02
1.03196177e+02
1.00575555e+02
9.89480117e+01
9.69892659e+01
9.54368120e+01
9.41663751e+01
9.26482043e+01
9.16918184e+01
9.02958280e+01
8.91886506e+01
8.84315615e+01
8.75870908e+01
8.66851085e+01
8.61989841e+01
8.58060165e+01
8.46081962e+01
8.45162434e+01
8.36573170e+01
8.31611758e+01
8.25684853e+01
8.28065028e+01
8.20286152e+01
8.22153773e+01
8.16536232e+01
2.70178486e+02
2.50154572e+02
2.46089633e+02
2.41699998e+02
2.36957453e+02
2.31576995e+02
2.26226272e+02
2.20828145e+02
2.15656574e+02
2.10971829e+02
2.06268812e+02
2.01748456e+02
1.98155715e+02
1.95001142e+02
1.91860883e+02
1.89081416e+02
1.86637933e+02
1.84200757e+02
1.81981393e+02
1.80404150e+02
1.78223069e+02
1.76772869e+02
1.75181716e+02
1.73786006e+02
1.72336260e+02
1.71307643e+02
1.69979632e+02
1.69137522e+02
1.68194983e+02
1.67773443e+02
1.66856670e+02
1.66439594e+02
1.65422301e+02
1.64890265e+02
1.64404367e+02
1.63906716e+02
1.63109040e+02
2.69903171e+02
2.70125858e+02
2.69755723e+02
2.69395716e+02
2.68503868e+02
2.67208749e+02
2.65999893e+02
2.63694728e+02
2.61876257e+02
2.60038897e+02
2.58544165e+02
2.56718033e+02
2.55007316e+02
2.52971064e+02
2.51670712e+02
2.50228662e+02
2.48764225e+02
2.47620500e+02
2.46160554e+02
2.44743328e+02
2.43852058e+02
2.42216123e+02
2.41612221e+02
2.41174159e+02
2.40065834e+02
2.39450614e+02
2.38872870e+02
2.37974482e+02
2.37785561e+02
2.36886873e+02
2.36047543e+02
2.35977982e+02
2.35265037e+02
2.34856300e+02
2.34708453e+02
2.34020611e+02
2.33702524e+02
2.68362876e+02
2.68024405e+02
2.67738041e+02
2.67769228e+02
2.67575459e+02
2.68015198e+02
2.67194768e+02
2.67094909e+02
2.66877707e+02
2.66623476e+02
2.66245500e+02
2.65801883e+02
2.65590060e+02
2.65228062e+02
2.65257915e+02
2.64617089e+02
2.64449763e+02
2.64120349e+02
2.64136252e+02
2.63600341e+02
2.63900593e+02
2.63594506e+02
2.63132775e+02
2.62948738e+02
2.62830283e+02
2.62736635e+02
2.62428931e+02
2.62348150e+02
2.62014454e+02
2.62125664e+02
2.62166415e+02
2.62070582e+02
2.62008312e+02
2.62028321e+02
2.61520398e+02
2.61600600e+02
2.61325803e+02
2.71629068e+02
2.70377813e+02
2.66998980e+02
2.62354669e+02
2.56595363e+02
2.51132159e+02
2.45690690e+02
2.40781606e+02
2.36017352e+02
2.31909540e+02
2.27315194e+02
2.23808655e+02
2.20909180e+02
2.17791033e+02
2.14892336e+02
2.11821926e+02
2.09594745e+02
2.07663983e+02
2.05607512e+02
2.03866428e+02
2.01243422e+02
1.99900988e+02
1.98404705e+02
1.96678945e+02
1.95438074e+02
1.94333037e+02
1.92711218e+02
1.91898787e+02
1.90287427e+02
1.89683332e+02
1.88721073e+02
1.88290977e+02
1.86999109e+02
1.86333734e+02
1.85305248e+02
1.84784634e+02
1.83773381e+02
2.71650789e+02
2.70493105e+02
2.66751783e+02
2.62270060e+02
2.57206271e+02
2.52443382e+02
2.47521776e+02
2.43174057e+02
2.39809749e+02
2.35806672e+02
2.32354598e+02
2.29158239e+02
2.26144158e+02
2.23430927e+02
2.20936945e+02
2.18315528e+02
2.16486083e+02
2.14623125e+02
2.12483896e+02
2.10667381e+02
2.09442296e+02
2.07871892e+02
2.06239347e+02
2.04716467e+02
2.03838413e+02
2.02725176e+02
2.01539577e+02
2.00217417e+02
1.99298957e+02
1.98054284e+02
1.97675643e+02
1.96555874e+02
1.95999617e+02
1.95178932e+02
1.94320891e+02
1.93776379e+02
1.93407958e+02
2.71677161e+02
2.71241737e+02
2.71183089e+02
2.71262879e+02
2.70239751e+02
2.68810143e+02
2.67257897e+02
2.65957414e+02
2.63810499e+02
2.62363857e+02
2.60592070e+02
2.58761862e+02
2.57207432e+02
2.55669352e+02
2.53739984e+02
2.52296062e+02
2.50850633e+02
2.49169855e+02
2.48080624e+02
2.46843077e+02
2.45666801e+02
2.44728403e+02
2.43959744e+02
2.42383214e+02
2.41654022e+02
2.40809506e+02
2.39369207e+02
2.39087691e+02
2.38364529e+02
2.37464041e+02
2.36841865e+02
2.36393627e+02
2.35670243e+02
2.35252432e+02
2.34557071e+02
2.34144131e+02
2.33402402e+02
2.71883116e+02
2.71405914e+02
2.71270893e+02
2.71610977e+02
2.71093477e+02
2.70648586e+02
2.69562161e+02
2.68734207e+02
2.68406927e+02
2.66927419e+02
2.65999552e+02
2.64822743e+02
2.63906319e+02
2.62196363e+02
2.61573138e+02
2.59927217e+02
2.59012111e+02
2.58580763e+02
2.57501270e+02
2.56401024e+02
2.55273068e+02
2.54489759e+02
2.53911916e+02
2.53167526e+02
2.52645587e+02
2.51553962e+02
2.50739819e+02
2.49874839e+02
2.49452414e+02
2.49154847e+02
2.48944468e+02
2.48470290e+02
2.47751523e+02
2.47475357e+02
2.47294287e+02
2.46342120e+02
2.46331486e+02
2.71023759e+02
2.71339565e+02
2.71374046e+02
2.71132523e+02
2.70835488e+02
2.70808546e+02
2.70311398e+02
2.69678702e+02
2.69280933e+02
2.68670122e+02
2.67712521e+02
2.67242372e+02
2.66376678e+02
2.65383605e+02
2.64587292e+02
2.64227364e+02
2.63272543e+02
2.62789733e+02
2.61991222e+02
2.61156400e+02
2.60252316e+02
2.59943041e+02
2.59955601e+02
2.59080706e+02
2.58206248e+02
2.58025302e+02
2.57921676e+02
2.57050582e+02
2.56834191e+02
2.56527168e+02
2.56040452e+02
2.56056517e+02
2.55328490e+02
2.54999842e+02
2.54965240e+02
2.54904694e+02
2.54270358e+02
