2.70021211e+02
4.98839789e+01
4.02876773e+01
3.71197396e+01
3.50199820e+01
3.36854655e+01
3.21788843e+01
3.14855465e+01
3.08635285e+01
3.02344608e+01
2.95764262e+01
2.90383089e+01
2.87326708e+01
2.81913576e+01
2.80462980e+01
2.74110756e+01
2.73253760e+01
2.69258987e+01
2.65146592e+01
2.57506240e+01
2.62327666e+01
2.57058160e+01
2.56066809e+01
2.55912219e+01
2.55406765e+01
2.51104555e+01
2.53146102e+01
2.50642977e+01
2.49690284e+01
2.47333270e+01
2.45685583e+01
2.42679838e+01
2.44380672e+01
2.41004366e+01
2.43287783e+01
2.44418148e+01
2.41134361e+01
2.69916753e+02
1.50121479e+02
1.50418070e+02
1.50166325e+02
1.41094912e+02
1.35107737e+02
1.28622318e+02
1.23628271e+02
1.18871484e+02
1.14864565e+02
1.10989277e+02
1.08414086e+02
1.05043539e+02
1.02842600e+02
1.01046069e+02
9.89150132e+01
9.74037985e+01
9.55030979e+01
9.40660757e+01
9.28356820e+01
9.14114875e+01
9.08252941e+01
8.97771647e+01
8.86363974e+01
8.77130688e+01
8.70104690e+01
8.66368034e+01
8.58578940e+01
8.51183931e+01
8.46004856e+01
8.37176443e+01
8.37052015e+01
8.34596710e+01
8.27317681e+01
8.22188462e+01
8.20114482e+01
8.17835403e+01
2.69581203e+02
2.50235214e+02
2.46024694e+02
2.41444200e+02
2.36563415e+02
2.31317467e+02
2.25729064e+02
2.20668141e+02
2.15265011e+02
2.10560610e+02
2.05831232e+02
2.02450045e+02
1.98485095e+02
1.95120338e+02
1.91881476e+02
1.89314487e+02
1.86501396e+02
1.84293571e+02
1.82050457e+02
1.80254908e+02
1.78412905e+02
1.77280703e+02
1.75197196e+02
1.74106437e+02
1.72882367e+02
1.71606722e+02
1.70387020e+02
1.69820472e+02
1.68846762e+02
1.67670303e+02
1.67522549e+02
1.66657864e+02
1.65775891e+02
1.65327882e+02
1.64688924e+02
1.64576214e+02
1.63289519e+02
2.69745386e+02
2.69856112e+02
2.69503522e+02
2.68787687e+02
2.67911311e+02
2.66884105e+02
2.65547313e+02
2.63280960e+02
2.61830400e+02
2.60260874e+02
2.58446766e+02
2.56487021e+02
2.54906958e+02
2.53025152e+02
2.51529281e+02
2.50385623e+02
2.48650521e+02
2.47400378e+02
2.46204454e+02
2.45370145e+02
2.43806410e+02
2.43344364e+02
2.42348580e+02
2.40953027e+02
2.40492631e+02
2.39304667e+02
2.38925330e+02
2.37884655e+02
2.37484813e+02
2.36657758e+02
2.35883778e+02
2.35743694e+02
2.35523343e+02
2.34794761e+02
2.34208401e+02
2.34084102e+02
2.33938869e+02
2.67979828e+02
2.68030371e+02
2.67571218e+02
2.67892372e+02
2.67809090e+02
2.67783013e+02
2.67476012e+02
2.67436879e+02
2.66742780e+02
2.66459180e+02
2.66533268e+02
2.66115680e+02
2.66087746e+02
2.65680396e+02
2.65150126e+02
2.64830200e+02
2.64637927e+02
2.64839109e+02
2.63975237e+02
2.63902386e+02
2.63826738e+02
2.63502112e+02
2.63823539e+02
2.63678576e+02
2.63400114e+02
2.62856413e+02
2.63277129e+02
2.62880822e+02
2.62923910e+02
2.62539012e+02
2.62356819e+02
2.62481412e+02
2.62463913e+02
2.62297589e+02
2.62156976e+02
2.62485603e+02
2.62285147e+02
2.69452467e+02
2.68910203e+02
2.65795946e+02
2.61486001e+02
2.56573171e+02
2.51148940e+02
2.45981312e+02
2.41208906e+02
2.37036483e+02
2.32326928e+02
2.29168570e+02
2.25650551e+02
2.22161336e+02
2.19453045e+02
2.16099820e+02
2.14033570e+02
2.11662918e+02
2.09408464e+02
2.07554750e+02
2.05428199e+02
2.03779099e+02
2.02336282e+02
2.00312724e+02
1.98962224e+02
1.98023689e+02
1.96298124e+02
1.95138507e+02
1.93920625e+02
1.93240392e+02
1.91698737e+02
1.90588051e+02
1.89559376e+02
1.89215526e+02
1.87842012e+02
1.87497517e+02
1.86280807e+02
1.85918658e+02
2.69671687e+02
2.69056970e+02
2.65138298e+02
2.60307274e+02
2.55389471e+02
2.51173797e+02
2.46963971e+02
2.42278734e+02
2.38925841e+02
2.35647794e+02
2.32257302e+02
2.29055513e+02
2.26293985e+02
2.23944597e+02
2.21633185e+02
2.19221451e+02
2.16849385e+02
2.14890892e+02
2.13455399e+02
2.11215151e+02
2.10062225e+02
2.08428101e+02
2.07006657e+02
2.05755546e+02
2.04280407e+02
2.03255863e+02
2.02062325e+02
2.01144242e+02
2.00016510e+02
1.98469371e+02
1.97782358e+02
1.96856925e+02
1.95894287e+02
1.95319117e+02
1.94770514e+02
1.93850916e+02
1.93000976e+02
2.70309366e+02
2.70342313e+02
2.70377040e+02
2.69645268e+02
2.68662558e+02
2.67148583e+02
2.66272839e+02
2.64389570e+02
2.63049961e+02
2.61306349e+02
2.59266975e+02
2.57831659e+02
2.55648534e+02
2.54093222e+02
2.52083289e+02
2.50704003e+02
2.48833991e+02
2.48078612e+02
2.46213016e+02
2.45198278e+02
2.43726887e+02
2.43027599e+02
2.41318737e+02
2.40315495e+02
2.39100933e+02
2.38383829e+02
2.37176532e+02
2.36215525e+02
2.35013343e+02
2.34690701e+02
2.33707332e+02
2.33275028e+02
2.32243067e+02
2.31408186e+02
2.30629761e+02
2.30599607e+02
2.29605404e+02
2.70070835e+02
2.70104619e+02
2.70495112e+02
2.70632288e+02
2.70450045e+02
2.70017043e+02
2.68824418e+02
2.68225465e+02
2.66925803e+02
2.66171614e+02
2.64816682e+02
2.63152864e+02
2.62415595e+02
2.61113484e+02
2.59524786e+02
2.58777074e+02
2.57442954e+02
2.56258508e+02
2.55166644e+02
2.53985269e+02
2.53286636e+02
2.52137459e+02
2.51058593e+02
2.50205595e+02
2.49207223e+02
2.48767131e+02
2.47776461e+02
2.47680528e+02
2.47008415e+02
2.46283890e+02
2.44919950e+02
2.44626770e+02
2.43925019e+02
2.43672635e+02
2.43173774e+02
2.42945355e+02
2.42223293e+02
2.70762333e+02
2.71009002e+02
2.70947756e+02
2.70625526e+02
2.71107980e+02
2.70582146e+02
2.69921396e+02
2.69455364e+02
2.69180075e+02
2.68370161e+02
2.67556797e+02
2.67064222e+02
2.66076690e+02
2.65467960e+02
2.64774764e+02
2.63721854e+02
2.63051329e+02
2.62487145e+02
2.62080577e+02
2.61460028e+02
2.60716873e+02
2.59850699e+02
2.59494341e+02
2.59196085e+02
2.58639068e+02
2.58097824e+02
2.57511996e+02
2.57280883e+02
2.57005888e+02
2.56729236e+02
2.56063967e+02
2.55990807e+02
2.55511764e+02
2.55490194e+02
2.55428935e+02
2.54429755e+02
2.54383284e+02
