2.70053377e+02
5.01020034e+01
4.00258104e+01
3.76138468e+01
3.56248319e+01
3.36501598e+01
3.27090113e+01
3.19574112e+01
3.09621667e+01
3.05620042e+01
2.97117624e+01
2.94841484e+01
2.91082336e+01
2.83507532e+01
2.80555164e+01
2.77054122e+01
2.74855052e+01
2.68902280e+01
2.68928493e+01
2.63533573e+01
2.61356598e+01
2.60705621e+01
2.56946555e+01
2.53967299e+01
2.55662731e+01
2.49223089e+01
2.51526104e+01
2.51824430e+01
2.48146648e+01
2.45230023e+01
2.46150376e+01
2.42640272e+01
2.42995910e+01
2.45767047e+01
2.43401418e+01
2.38586896e+01
2.39811203e+01
2.69880103e+02
1.50121120e+02
1.50230953e+02
1.50086790e+02
1.41614232e+02
1.35043192e+02
1.29059232e+02
1.23872985e+02
1.19313120e+02
1.15685146e+02
1.11729341e+02
1.09392158e+02
1.06279282e+02
1.03552325e+02
1.01285751e+02
9.92731431e+01
9.75172680e+01
9.57180172e+01
9.43385918e+01
9.32274115e+01
9.16527466e+01
9.07217050e+01
9.00442798e+01
8.89975273e+01
8.81977691e+01
8.75078782e+01
8.68537007e+01
8.60485730e+01
8.51612229e+01
8.46254677e+01
8.43401600e+01
8.39236424e+01
8.37244563e+01
8.25595661e+01
8.24483756e+01
8.21077239e+01
8.17411577e+01
2.69947256e+02
2.49890643e+02
2.46220425e+02
2.41748066e+02
2.37568964e+02
2.32282989e+02
2.26166426e+02
2.20837715e+02
2.16016220e+02
2.11223888e+02
2.06578705e+02
2.02548873e+02
1.98991966e+02
1.95686047e+02
1.92602210e+02
1.89384579e+02
1.86963704e+02
1.84856084e+02
1.82706099e+02
1.80526354e+02
1.79219281e+02
1.77279289e+02
1.75531575e+02
1.74957645e+02
1.73073731e+02
1.71910901e+02
1.71001473e+02
1.69967097e+02
1.69091794e+02
1.67847213e+02
1.67036608e+02
1.66788670e+02
1.65776734e+02
1.65095768e+02
1.64856129e+02
1.63919888e+02
1.63538023e+02
2.70749689e+02
2.70891148e+02
2.70354123e+02
2.69659674e+02
2.68570440e+02
2.67795555e+02
2.65608002e+02
2.64388407e+02
2.62849585e+02
2.60572741e+02
2.58345379e+02
2.56858625e+02
2.55009530e+02
2.52960332e+02
2.51675010e+02
2.50167571e+02
2.48860923e+02
2.47177735e+02
2.45978021e+02
2.45111936e+02
2.43754435e+02
2.43117735e+02
2.41726968e+02
2.40802627e+02
2.40149796e+02
2.39301696e+02
2.38090963e+02
2.38078369e+02
2.36979516e+02
2.36497531e+02
2.35927907e+02
2.35528646e+02
2.35262897e+02
2.34889499e+02
2.33667808e+02
2.34020128e+02
2.33232100e+02
2.68261701e+02
2.68205082e+02
2.68474657e+02
2.67986446e+02
2.67754069e+02
2.67804988e+02
2.67505669e+02
2.67233696e+02
2.66793092e+02
2.66502218e+02
2.66504164e+02
2.66131315e+02
2.65789524e+02
2.65052741e+02
2.65025690e+02
2.64793304e+02
2.64549042e+02
2.64050237e+02
2.64162311e+02
2.63444941e+02
2.63835756e+02
2.63545886e+02
2.63268479e+02
2.63313829e+02
2.62978002e+02
2.62390709e+02
2.62931372e+02
2.62745666e+02
2.62090338e+02
2.62452740e+02
2.62011238e+02
2.61852371e+02
2.62332739e+02
2.61944219e+02
2.61873446e+02
2.61539194e+02
2.61867924e+02
2.70028225e+02
2.69879426e+02
2.66194798e+02
2.62081258e+02
2.57006656e+02
2.51455760e+02
2.46367210e+02
2.40971412e+02
2.36988259e+02
2.33098403e+02
2.28544424e+02
2.25204402e+02
2.21282802e+02
2.18687503e+02
2.15443621e+02
2.12949643e+02
2.10390471e+02
2.08068743e+02
2.06238543e+02
2.04106425e+02
2.02372003e+02
2.00581385e+02
1.98786347e+02
1.97008437e+02
1.95898049e+02
1.94838745e+02
1.93396957e+02
1.92409590e+02
1.91014297e+02
1.90404070e+02
1.89290466e+02
1.88334611e+02
1.87380140e+02
1.86380042e+02
1.85728012e+02
1.85207808e+02
1.84321466e+02
2.70561763e+02
2.69260101e+02
2.65611156e+02
2.60767001e+02
2.55820118e+02
2.50873600e+02
2.46572978e+02
2.41624628e+02
2.37443893e+02
2.34072611e+02
2.31092463e+02
2.27558331e+02
2.24635336e+02
2.21849187e+02
2.19800035e+02
2.17415489e+02
2.15134086e+02
2.13106297e+02
2.11205544e+02
2.09872982e+02
2.07815629e+02
2.06323915e+02
2.04796378e+02
2.03730473e+02
2.02227433e+02
2.00635768e+02
2.00057525e+02
1.98688288e+02
1.98163991e+02
1.96686891e+02
1.96268923e+02
1.95083454e+02
1.94127900e+02
1.93456806e+02
1.92627500e+02
1.92148439e+02
1.91428314e+02
2.71461175e+02
2.71155146e+02
2.71848368e+02
2.71123358e+02
2.69806527e+02
2.68325765e+02
2.66940776e+02
2.65385198e+02
2.63782608e+02
2.61924952e+02
2.60239287e+02
2.58271380e+02
2.57018667e+02
2.54611614e+02
2.53063278e+02
2.51977619e+02
2.50015876e+02
2.49419104e+02
2.47875301e+02
2.45764854e+02
2.44862194e+02
2.43550682e+02
2.42486435e+02
2.41375954e+02
2.40504761e+02
2.39590930e+02
2.38955373e+02
2.37930896e+02
2.37409019e+02
2.36625747e+02
2.35985808e+02
2.35156914e+02
2.34834095e+02
2.33630234e+02
2.33491532e+02
2.32879085e+02
2.32942266e+02
2.71713328e+02
2.71648721e+02
2.71466022e+02
2.71769963e+02
2.70691650e+02
2.70298116e+02
2.69471281e+02
2.68934070e+02
2.67502948e+02
2.66743960e+02
2.65669362e+02
2.64340276e+02
2.62869495e+02
2.61774436e+02
2.60749161e+02
2.59346846e+02
2.58346702e+02
2.56825728e+02
2.56147998e+02
2.55347965e+02
2.54712200e+02
2.53418738e+02
2.52712935e+02
2.51772745e+02
2.51003084e+02
2.50309774e+02
2.49752143e+02
2.48914816e+02
2.48582780e+02
2.47364878e+02
2.47503052e+02
2.46943830e+02
2.46031428e+02
2.45976608e+02
2.45654538e+02
2.45209137e+02
2.44651606e+02
2.71709830e+02
2.71479402e+02
2.71272822e+02
2.71383364e+02
2.71589276e+02
2.71024115e+02
2.70467896e+02
2.70177428e+02
2.69112133e+02
2.68458663e+02
2.68074128e+02
2.67108477e+02
2.66664621e+02
2.65504400e+02
2.64584613e+02
2.64012588e+02
2.62905587e+02
2.62418413e+02
2.61461898e+02
2.60632948e+02
2.60309410e+02
2.59901153e+02
2.59131213e+02
2.58415450e+02
2.58008614e+02
2.57587885e+02
2.57336550e+02
2.56562443e+02
2.56192332e+02
2.56049731e+02
2.55614536e+02
2.54899807e+02
2.54565655e+02
2.54484949e+02
2.53882421e+02
2.54057186e+02
2.53833532e+02
