-2.2000e+02
-9.7407e+00
-2.8979e+00
-2.1282e+00
-1.4863e+00
-1.1241e+00
-8.9441e-01
-7.3489e-01
-6.1718e-01
-5.2663e-01
-4.5489e-01
-4.8973e-01
-4.8514e-01
-4.3575e-01
-3.9094e-01
-3.5178e-01
-3.1768e-01
-2.8790e-01
-2.6178e-01
-2.3878e-01
-2.1841e-01
-2.0031e-01
-1.8414e-01
-1.6964e-01
-1.5660e-01
-1.4483e-01
-1.3417e-01
-1.2448e-01
-1.1566e-01
-1.0761e-01
-1.0024e-01
-9.3482e-02
-8.7273e-02
-8.1559e-02
-7.6291e-02
-7.1425e-02
-1.2000e+02
0.0000e+00
0.0000e+00
-8.5081e+00
-6.5133e+00
-5.9792e+00
-5.2565e+00
-4.5845e+00
-4.0039e+00
-3.5114e+00
-3.0944e+00
-2.7457e+00
-2.4661e+00
-2.2208e+00
-2.0013e+00
-1.8060e+00
-1.6325e+00
-1.4783e+00
-1.3410e+00
-1.2185e+00
-1.1091e+00
-1.0111e+00
-9.2309e-01
-8.4398e-01
-7.7272e-01
-7.0840e-01
-6.5026e-01
-5.9762e-01
-5.4988e-01
-5.0653e-01
-4.6711e-01
-4.3120e-01
-3.9846e-01
-3.6857e-01
-3.4124e-01
-3.1623e-01
-2.0000e+01
-3.7570e+00
-4.4407e+00
-4.6967e+00
-5.1981e+00
-5.5250e+00
-5.4431e+00
-5.1648e+00
-4.8086e+00
-4.4315e+00
-4.0610e+00
-3.7100e+00
-3.3847e+00
-3.0879e+00
-2.8184e+00
-2.5737e+00
-2.3516e+00
-2.1499e+00
-1.9667e+00
-1.8004e+00
-1.6493e+00
-1.5120e+00
-1.3873e+00
-1.2739e+00
-1.1707e+00
-1.0767e+00
-9.9114e-01
-9.1311e-01
-8.4191e-01
-7.7690e-01
-7.1749e-01
-6.6316e-01
-6.1344e-01
-5.6789e-01
-5.2613e-01
-4.8782e-01
-1.4371e-01
-3.2650e-01
-5.6357e-01
-8.7993e-01
-1.2087e+00
-1.4879e+00
-1.6905e+00
-1.8141e+00
-1.8700e+00
-1.8739e+00
-1.8404e+00
-1.7817e+00
-1.7068e+00
-1.6225e+00
-1.5338e+00
-1.4438e+00
-1.3550e+00
-1.2687e+00
-1.1858e+00
-1.1070e+00
-1.0323e+00
-9.6208e-01
-8.9616e-01
-8.3450e-01
-7.7695e-01
-7.2332e-01
-6.7342e-01
-6.2704e-01
-5.8397e-01
-5.4400e-01
-5.0691e-01
-4.7251e-01
-4.4062e-01
-4.1104e-01
-3.8361e-01
-3.5818e-01
-9.7040e-03
-3.5567e-02
-7.1066e-02
-1.2024e-01
-1.7842e-01
-2.3411e-01
-2.7914e-01
-3.1040e-01
-3.2837e-01
-3.3529e-01
-3.3383e-01
-3.2643e-01
-3.1503e-01
-3.0114e-01
-2.8584e-01
-2.6991e-01
-2.5390e-01
-2.3816e-01
-2.2291e-01
-2.0831e-01
-1.9443e-01
-1.8131e-01
-1.6897e-01
-1.5740e-01
-1.4658e-01
-1.3648e-01
-1.2708e-01
-1.1833e-01
-1.1020e-01
-1.0265e-01
-9.5645e-02
-8.9143e-02
-8.3112e-02
-7.7519e-02
-7.2332e-02
-6.7522e-02
-7.8420e-01
-3.1073e+00
-4.6630e+00
-5.2790e+00
-5.4077e+00
-5.2874e+00
-5.0381e+00
-4.7277e+00
-4.3957e+00
-4.0650e+00
-3.7482e+00
-3.4516e+00
-3.1788e+00
-2.9306e+00
-2.7054e+00
-2.5014e+00
-2.3166e+00
-2.1490e+00
-1.9968e+00
-1.8583e+00
-1.7321e+00
-1.6168e+00
-1.5112e+00
-1.4143e+00
-1.3252e+00
-1.2431e+00
-1.1672e+00
-1.0970e+00
-1.0319e+00
-9.7150e-01
-9.1530e-01
-8.6295e-01
-8.1413e-01
-7.6854e-01
-7.2593e-01
-6.8606e-01
-1.1329e+00
-3.7551e+00
-4.8953e+00
-5.0363e+00
-4.8589e+00
-4.5882e+00
-4.2913e+00
-3.9930e+00
-3.7047e+00
-3.4321e+00
-3.1778e+00
-2.9428e+00
-2.7278e+00
-2.5320e+00
-2.3532e+00
-2.1896e+00
-2.0398e+00
-1.9024e+00
-1.7762e+00
-1.6602e+00
-1.5533e+00
-1.4547e+00
-1.3636e+00
-1.2793e+00
-1.2011e+00
-1.1286e+00
-1.0613e+00
-9.9858e-01
-9.4020e-01
-8.8578e-01
-8.3498e-01
-7.8754e-01
-7.4318e-01
-7.0167e-01
-6.6281e-01
-6.2639e-01
-5.1421e-02
-1.9373e-01
-5.3819e-01
-9.4075e-01
-1.2760e+00
-1.5142e+00
-1.6677e+00
-1.7562e+00
-1.7964e+00
-1.8014e+00
-1.7806e+00
-1.7412e+00
-1.6887e+00
-1.6273e+00
-1.5603e+00
-1.4902e+00
-1.4186e+00
-1.3470e+00
-1.2763e+00
-1.2072e+00
-1.1404e+00
-1.0760e+00
-1.0144e+00
-9.5562e-01
-8.9983e-01
-8.4698e-01
-7.9704e-01
-7.4992e-01
-7.0555e-01
-6.6381e-01
-6.2459e-01
-5.8775e-01
-5.5319e-01
-5.2077e-01
-4.9038e-01
-4.6188e-01
-3.5345e-02
-6.5095e-02
-1.5014e-01
-3.1180e-01
-5.0899e-01
-6.9929e-01
-8.6037e-01
-9.8538e-01
-1.0753e+00
-1.1341e+00
-1.1666e+00
-1.1778e+00
-1.1720e+00
-1.1531e+00
-1.1243e+00
-1.0884e+00
-1.0476e+00
-1.0037e+00
-9.5791e-01
-9.1139e-01
-8.6491e-01
-8.1910e-01
-7.7441e-01
-7.3114e-01
-6.8954e-01
-6.4973e-01
-6.1181e-01
-5.7580e-01
-5.4171e-01
-5.0951e-01
-4.7916e-01
-4.5058e-01
-4.2371e-01
-3.9848e-01
-3.7480e-01
-3.5259e-01
-4.8675e-02
-4.8299e-02
-9.2434e-02
-1.8334e-01
-3.0173e-01
-4.2428e-01
-5.3495e-01
-6.2585e-01
-6.9475e-01
-7.4254e-01
-7.7166e-01
-7.8508e-01
-7.8578e-01
-7.7649e-01
-7.5962e-01
-7.3717e-01
-7.1080e-01
-6.8181e-01
-6.5125e-01
-6.1992e-01
-5.8844e-01
-5.5728e-01
-5.2677e-01
-4.9718e-01
-4.6868e-01
-4.4137e-01
-4.1534e-01
-3.9062e-01
-3.6720e-01
-3.4509e-01
-3.2424e-01
-3.0462e-01
-2.8619e-01
-2.6889e-01
-2.5266e-01
-2.3745e-01
