-2.2000e+02
-1.0121e+01
-3.0082e+00
-2.0953e+00
-1.4507e+00
-1.0944e+00
-8.6949e-01
-7.1360e-01
-5.9866e-01
-5.1024e-01
-5.1066e-01
-5.3038e-01
-4.7404e-01
-4.2246e-01
-3.7770e-01
-3.3904e-01
-3.0555e-01
-2.7641e-01
-2.5092e-01
-2.2852e-01
-2.0873e-01
-1.9117e-01
-1.7553e-01
-1.6153e-01
-1.4896e-01
-1.3763e-01
-1.2739e-01
-1.1810e-01
-1.0967e-01
-1.0197e-01
-9.4947e-02
-8.8517e-02
-8.2617e-02
-7.7197e-02
-7.2208e-02
-6.7609e-02
-1.2000e+02
0.0000e+00
0.0000e+00
-8.8238e+00
-6.6539e+00
-6.0542e+00
-5.2897e+00
-4.5940e+00
-3.9986e+00
-3.4962e+00
-3.0757e+00
-2.7400e+00
-2.4529e+00
-2.1982e+00
-1.9731e+00
-1.7746e+00
-1.5994e+00
-1.4444e+00
-1.3070e+00
-1.1849e+00
-1.0761e+00
-9.7896e-01
-8.9206e-01
-8.1414e-01
-7.4413e-01
-6.8112e-01
-6.2429e-01
-5.7296e-01
-5.2651e-01
-4.8442e-01
-4.4622e-01
-4.1149e-01
-3.7989e-01
-3.5108e-01
-3.2479e-01
-3.0077e-01
-2.0000e+01
-4.3494e+00
-4.4638e+00
-4.7923e+00
-5.2803e+00
-5.5762e+00
-5.4604e+00
-5.1571e+00
-4.7822e+00
-4.3911e+00
-4.0104e+00
-3.6527e+00
-3.3243e+00
-3.0258e+00
-2.7553e+00
-2.5102e+00
-2.2882e+00
-2.0873e+00
-1.9054e+00
-1.7408e+00
-1.5918e+00
-1.4567e+00
-1.3344e+00
-1.2233e+00
-1.1226e+00
-1.0311e+00
-9.4788e-01
-8.7218e-01
-8.0325e-01
-7.4042e-01
-6.8311e-01
-6.3077e-01
-5.8295e-01
-5.3921e-01
-4.9918e-01
-4.6249e-01
1.9296e-02
-1.9965e-01
-4.5563e-01
-7.8089e-01
-1.1123e+00
-1.3908e+00
-1.5920e+00
-1.7145e+00
-1.7704e+00
-1.7755e+00
-1.7445e+00
-1.6890e+00
-1.6181e+00
-1.5382e+00
-1.4541e+00
-1.3689e+00
-1.2846e+00
-1.2027e+00
-1.1240e+00
-1.0491e+00
-9.7810e-01
-9.1126e-01
-8.4854e-01
-7.8986e-01
-7.3509e-01
-6.8407e-01
-6.3661e-01
-5.9251e-01
-5.5157e-01
-5.1359e-01
-4.7837e-01
-4.4573e-01
-4.1548e-01
-3.8746e-01
-3.6149e-01
-3.3744e-01
4.6870e-03
-1.0071e-02
-4.4574e-02
-9.1541e-02
-1.4566e-01
-1.9682e-01
-2.3795e-01
-2.6647e-01
-2.8294e-01
-2.8949e-01
-2.8855e-01
-2.8233e-01
-2.7257e-01
-2.6061e-01
-2.4741e-01
-2.3366e-01
-2.1981e-01
-2.0619e-01
-1.9298e-01
-1.8032e-01
-1.6827e-01
-1.5688e-01
-1.4616e-01
-1.3611e-01
-1.2671e-01
-1.1793e-01
-1.0976e-01
-1.0217e-01
-9.5105e-02
-8.8551e-02
-8.2470e-02
-7.6832e-02
-7.1605e-02
-6.6763e-02
-6.2273e-02
-5.8115e-02
-6.0637e-01
-2.9113e+00
-4.4543e+00
-5.0467e+00
-5.1550e+00
-5.0240e+00
-4.7746e+00
-4.4721e+00
-4.1530e+00
-3.8379e+00
-3.5375e+00
-3.2579e+00
-3.0018e+00
-2.7686e+00
-2.5570e+00
-2.3650e+00
-2.1908e+00
-2.0329e+00
-1.8893e+00
-1.7587e+00
-1.6396e+00
-1.5309e+00
-1.4313e+00
-1.3399e+00
-1.2559e+00
-1.1785e+00
-1.1071e+00
-1.0410e+00
-9.7985e-01
-9.2310e-01
-8.7036e-01
-8.2130e-01
-7.7560e-01
-7.3297e-01
-6.9317e-01
-6.5597e-01
-8.2810e-01
-3.3169e+00
-4.4831e+00
-4.6824e+00
-4.5544e+00
-4.3220e+00
-4.0559e+00
-3.7831e+00
-3.5165e+00
-3.2625e+00
-3.0242e+00
-2.8038e+00
-2.6019e+00
-2.4169e+00
-2.2473e+00
-2.0918e+00
-1.9491e+00
-1.8180e+00
-1.6976e+00
-1.5868e+00
-1.4847e+00
-1.3906e+00
-1.3036e+00
-1.2231e+00
-1.1486e+00
-1.0795e+00
-1.0153e+00
-9.5571e-01
-9.0024e-01
-8.4858e-01
-8.0041e-01
-7.5548e-01
-7.1353e-01
-6.7432e-01
-6.3766e-01
-6.0335e-01
7.2852e-02
-4.5101e-02
-3.6433e-01
-7.5190e-01
-1.0859e+00
-1.3317e+00
-1.4969e+00
-1.5982e+00
-1.6512e+00
-1.6681e+00
-1.6582e+00
-1.6286e+00
-1.5850e+00
-1.5316e+00
-1.4717e+00
-1.4079e+00
-1.3419e+00
-1.2754e+00
-1.2092e+00
-1.1443e+00
-1.0812e+00
-1.0204e+00
-9.6198e-01
-9.0626e-01
-8.5329e-01
-8.0309e-01
-7.5565e-01
-7.1090e-01
-6.6878e-01
-6.2917e-01
-5.9198e-01
-5.5709e-01
-5.2438e-01
-4.9373e-01
-4.6503e-01
-4.3815e-01
8.1089e-02
7.3328e-02
-2.8749e-02
-2.0555e-01
-4.1369e-01
-6.1234e-01
-7.8047e-01
-9.1186e-01
-1.0076e+00
-1.0717e+00
-1.1091e+00
-1.1246e+00
-1.1227e+00
-1.1072e+00
-1.0816e+00
-1.0485e+00
-1.0103e+00
-9.6859e-01
-9.2487e-01
-8.8021e-01
-8.3545e-01
-7.9122e-01
-7.4799e-01
-7.0610e-01
-6.6580e-01
-6.2722e-01
-5.9047e-01
-5.5559e-01
-5.2259e-01
-4.9142e-01
-4.6207e-01
-4.3446e-01
-4.0853e-01
-3.8420e-01
-3.6140e-01
-3.4003e-01
1.1516e-01
6.8905e-02
3.0870e-03
-1.0203e-01
-2.3168e-01
-3.6446e-01
-4.8476e-01
-5.8458e-01
-6.6143e-01
-7.1610e-01
-7.5100e-01
-7.6914e-01
-7.7364e-01
-7.6737e-01
-7.5285e-01
-7.3220e-01
-7.0718e-01
-6.7918e-01
-6.4932e-01
-6.1847e-01
-5.8729e-01
-5.5630e-01
-5.2588e-01
-4.9631e-01
-4.6779e-01
-4.4044e-01
-4.1436e-01
-3.8958e-01
-3.6612e-01
-3.4396e-01
-3.2309e-01
-3.0346e-01
-2.8504e-01
-2.6776e-01
-2.5157e-01
-2.3641e-01
