-2.2000e+02
-9.7800e+00
-2.9199e+00
-2.1167e+00
-1.4733e+00
-1.1141e+00
-8.8763e-01
-7.3077e-01
-6.1504e-01
-5.2590e-01
-4.5512e-01
-4.9873e-01
-4.8740e-01
-4.3808e-01
-3.9338e-01
-3.5425e-01
-3.2010e-01
-2.9023e-01
-2.6401e-01
-2.4086e-01
-2.2035e-01
-2.0210e-01
-1.8578e-01
-1.7114e-01
-1.5796e-01
-1.4604e-01
-1.3525e-01
-1.2544e-01
-1.1651e-01
-1.0835e-01
-1.0088e-01
-9.4025e-02
-8.7729e-02
-8.1934e-02
-7.6592e-02
-7.1660e-02
-1.2000e+02
0.0000e+00
0.0000e+00
-8.5807e+00
-6.5506e+00
-6.0012e+00
-5.2697e+00
-4.5929e+00
-4.0092e+00
-3.5146e+00
-3.0957e+00
-2.7466e+00
-2.4658e+00
-2.2189e+00
-1.9981e+00
-1.8018e+00
-1.6275e+00
-1.4728e+00
-1.3351e+00
-1.2125e+00
-1.1029e+00
-1.0049e+00
-9.1706e-01
-8.3811e-01
-7.6705e-01
-7.0297e-01
-6.4509e-01
-5.9272e-01
-5.4525e-01
-5.0216e-01
-4.6299e-01
-4.2733e-01
-3.9482e-01
-3.6514e-01
-3.3802e-01
-3.1319e-01
-2.0000e+01
-3.7014e+00
-4.4391e+00
-4.7270e+00
-5.2460e+00
-5.5752e+00
-5.4865e+00
-5.1994e+00
-4.8342e+00
-4.4488e+00
-4.0710e+00
-3.7138e+00
-3.3837e+00
-3.0830e+00
-2.8105e+00
-2.5636e+00
-2.3400e+00
-2.1372e+00
-1.9535e+00
-1.7870e+00
-1.6360e+00
-1.4990e+00
-1.3747e+00
-1.2618e+00
-1.1591e+00
-1.0658e+00
-9.8083e-01
-9.0343e-01
-8.3284e-01
-7.6841e-01
-7.0957e-01
-6.5576e-01
-6.0652e-01
-5.6142e-01
-5.2008e-01
-4.8215e-01
-2.3834e-01
-3.8454e-01
-6.0184e-01
-9.0809e-01
-1.2289e+00
-1.4996e+00
-1.6936e+00
-1.8094e+00
-1.8588e+00
-1.8578e+00
-1.8211e+00
-1.7604e+00
-1.6846e+00
-1.6003e+00
-1.5120e+00
-1.4229e+00
-1.3351e+00
-1.2501e+00
-1.1685e+00
-1.0909e+00
-1.0175e+00
-9.4835e-01
-8.8352e-01
-8.2285e-01
-7.6622e-01
-7.1343e-01
-6.6429e-01
-6.1859e-01
-5.7613e-01
-5.3670e-01
-5.0010e-01
-4.6614e-01
-4.3463e-01
-4.0541e-01
-3.7829e-01
-3.5313e-01
-1.6431e-02
-4.3554e-02
-7.2537e-02
-1.1476e-01
-1.6618e-01
-2.1568e-01
-2.5550e-01
-2.8283e-01
-2.9819e-01
-3.0368e-01
-3.0176e-01
-2.9462e-01
-2.8402e-01
-2.7128e-01
-2.5736e-01
-2.4293e-01
-2.2848e-01
-2.1430e-01
-2.0059e-01
-1.8747e-01
-1.7500e-01
-1.6322e-01
-1.5214e-01
-1.4174e-01
-1.3202e-01
-1.2295e-01
-1.1449e-01
-1.0663e-01
-9.9307e-02
-9.2506e-02
-8.6192e-02
-8.0330e-02
-7.4890e-02
-6.9842e-02
-6.5159e-02
-6.0814e-02
-9.4499e-01
-3.5690e+00
-5.0976e+00
-5.5893e+00
-5.6016e+00
-5.3939e+00
-5.0863e+00
-4.7405e+00
-4.3895e+00
-4.0503e+00
-3.7313e+00
-3.4363e+00
-3.1669e+00
-2.9225e+00
-2.7011e+00
-2.5002e+00
-2.3177e+00
-2.1517e+00
-2.0005e+00
-1.8626e+00
-1.7364e+00
-1.6208e+00
-1.5147e+00
-1.4171e+00
-1.3272e+00
-1.2442e+00
-1.1674e+00
-1.0963e+00
-1.0303e+00
-9.6906e-01
-9.1206e-01
-8.5899e-01
-8.0951e-01
-7.6333e-01
-7.2019e-01
-6.7987e-01
-1.0572e+00
-3.6746e+00
-4.8618e+00
-5.0374e+00
-4.8771e+00
-4.6147e+00
-4.3228e+00
-4.0284e+00
-3.7433e+00
-3.4733e+00
-3.2208e+00
-2.9869e+00
-2.7722e+00
-2.5760e+00
-2.3963e+00
-2.2313e+00
-2.0796e+00
-1.9400e+00
-1.8115e+00
-1.6930e+00
-1.5836e+00
-1.4824e+00
-1.3888e+00
-1.3021e+00
-1.2216e+00
-1.1469e+00
-1.0774e+00
-1.0128e+00
-9.5256e-01
-8.9643e-01
-8.4408e-01
-7.9520e-01
-7.4953e-01
-7.0683e-01
-6.6689e-01
-6.2950e-01
-3.7824e-02
-1.7313e-01
-5.0560e-01
-9.0540e-01
-1.2457e+00
-1.4913e+00
-1.6515e+00
-1.7454e+00
-1.7899e+00
-1.7983e+00
-1.7802e+00
-1.7431e+00
-1.6923e+00
-1.6323e+00
-1.5663e+00
-1.4967e+00
-1.4256e+00
-1.3541e+00
-1.2833e+00
-1.2140e+00
-1.1468e+00
-1.0820e+00
-1.0199e+00
-9.6062e-01
-9.0426e-01
-8.5082e-01
-8.0029e-01
-7.5260e-01
-7.0766e-01
-6.6538e-01
-6.2564e-01
-5.8833e-01
-5.5331e-01
-5.2047e-01
-4.8969e-01
-4.6084e-01
-2.1168e-02
-5.1666e-02
-1.3927e-01
-3.0011e-01
-4.9699e-01
-6.8871e-01
-8.5243e-01
-9.8057e-01
-1.0736e+00
-1.1351e+00
-1.1700e+00
-1.1830e+00
-1.1787e+00
-1.1608e+00
-1.1327e+00
-1.0973e+00
-1.0567e+00
-1.0128e+00
-9.6685e-01
-9.2006e-01
-8.7323e-01
-8.2700e-01
-7.8183e-01
-7.3806e-01
-6.9593e-01
-6.5559e-01
-6.1713e-01
-5.8059e-01
-5.4599e-01
-5.1328e-01
-4.8244e-01
-4.5341e-01
-4.2610e-01
-4.0046e-01
-3.7640e-01
-3.5383e-01
-9.8340e-03
-3.8866e-02
-9.0756e-02
-1.8543e-01
-3.0838e-01
-4.3688e-01
-5.5408e-01
-6.5118e-01
-7.2534e-01
-7.7723e-01
-8.0927e-01
-8.2454e-01
-8.2617e-01
-8.1709e-01
-7.9985e-01
-7.7659e-01
-7.4909e-01
-7.1874e-01
-6.8666e-01
-6.5371e-01
-6.2054e-01
-5.8767e-01
-5.5547e-01
-5.2420e-01
-4.9405e-01
-4.6516e-01
-4.3760e-01
-4.1141e-01
-3.8659e-01
-3.6315e-01
-3.4104e-01
-3.2023e-01
-3.0068e-01
-2.8232e-01
-2.6511e-01
-2.4897e-01
