-2.2000e+02
-9.6553e+00
-2.8821e+00
-2.1215e+00
-1.4774e+00
-1.1137e+00
-8.8314e-01
-7.2324e-01
-6.0544e-01
-5.1500e-01
-4.4352e-01
-4.3124e-01
-4.6515e-01
-4.1969e-01
-3.7636e-01
-3.3834e-01
-3.0530e-01
-2.7653e-01
-2.5139e-01
-2.2933e-01
-2.0988e-01
-1.9264e-01
-1.7730e-01
-1.6358e-01
-1.5127e-01
-1.4018e-01
-1.3015e-01
-1.2106e-01
-1.1278e-01
-1.0523e-01
-9.8319e-02
-9.1980e-02
-8.6154e-02
-8.0786e-02
-7.5831e-02
-7.1248e-02
-1.2000e+02
0.0000e+00
0.0000e+00
-8.4606e+00
-6.5255e+00
-5.9853e+00
-5.2534e+00
-4.5741e+00
-3.9878e+00
-3.4910e+00
-3.0706e+00
-2.7148e+00
-2.4278e+00
-2.1831e+00
-1.9642e+00
-1.7692e+00
-1.5961e+00
-1.4424e+00
-1.3059e+00
-1.1845e+00
-1.0762e+00
-9.7951e-01
-8.9297e-01
-8.1539e-01
-7.4571e-01
-6.8301e-01
-6.2651e-01
-5.7550e-01
-5.2937e-01
-4.8760e-01
-4.4971e-01
-4.1529e-01
-3.8397e-01
-3.5544e-01
-3.2942e-01
-3.0564e-01
-2.0000e+01
-3.7738e+00
-4.4640e+00
-4.7273e+00
-5.2301e+00
-5.5481e+00
-5.4536e+00
-5.1631e+00
-4.7958e+00
-4.4091e+00
-4.0307e+00
-3.6732e+00
-3.3424e+00
-3.0410e+00
-2.7682e+00
-2.5216e+00
-2.2985e+00
-2.0966e+00
-1.9138e+00
-1.7484e+00
-1.5987e+00
-1.4631e+00
-1.3402e+00
-1.2289e+00
-1.1279e+00
-1.0363e+00
-9.5312e-01
-8.7750e-01
-8.0871e-01
-7.4609e-01
-6.8902e-01
-6.3696e-01
-5.8944e-01
-5.4600e-01
-5.0627e-01
-4.6989e-01
-1.2674e-01
-3.1743e-01
-5.6161e-01
-8.8326e-01
-1.2115e+00
-1.4847e+00
-1.6787e+00
-1.7933e+00
-1.8411e+00
-1.8383e+00
-1.7999e+00
-1.7376e+00
-1.6606e+00
-1.5752e+00
-1.4861e+00
-1.3966e+00
-1.3087e+00
-1.2238e+00
-1.1426e+00
-1.0658e+00
-9.9329e-01
-9.2532e-01
-8.6176e-01
-8.0248e-01
-7.4732e-01
-6.9605e-01
-6.4847e-01
-6.0433e-01
-5.6342e-01
-5.2552e-01
-4.9041e-01
-4.5788e-01
-4.2775e-01
-3.9984e-01
-3.7397e-01
-3.4998e-01
-7.2290e-03
-3.0207e-02
-6.3344e-02
-1.0906e-01
-1.6253e-01
-2.1297e-01
-2.5309e-01
-2.8037e-01
-2.9552e-01
-3.0073e-01
-2.9852e-01
-2.9110e-01
-2.8026e-01
-2.6731e-01
-2.5322e-01
-2.3869e-01
-2.2418e-01
-2.0999e-01
-1.9632e-01
-1.8329e-01
-1.7095e-01
-1.5933e-01
-1.4844e-01
-1.3826e-01
-1.2878e-01
-1.1995e-01
-1.1174e-01
-1.0413e-01
-9.7067e-02
-9.0520e-02
-8.4455e-02
-7.8833e-02
-7.3627e-02
-6.8801e-02
-6.4330e-02
-6.0186e-02
-8.6679e-01
-3.2993e+00
-4.7343e+00
-5.1971e+00
-5.2087e+00
-5.0115e+00
-4.7184e+00
-4.3889e+00
-4.0554e+00
-3.7348e+00
-3.4354e+00
-3.1607e+00
-2.9114e+00
-2.6875e+00
-2.4865e+00
-2.3058e+00
-2.1429e+00
-1.9959e+00
-1.8627e+00
-1.7416e+00
-1.6313e+00
-1.5304e+00
-1.4379e+00
-1.3528e+00
-1.2743e+00
-1.2017e+00
-1.1343e+00
-1.0716e+00
-1.0133e+00
-9.5884e-01
-9.0793e-01
-8.6025e-01
-8.1554e-01
-7.7356e-01
-7.3409e-01
-6.9696e-01
-1.0811e+00
-3.6197e+00
-4.6766e+00
-4.7729e+00
-4.5769e+00
-4.3020e+00
-4.0100e+00
-3.7227e+00
-3.4495e+00
-3.1946e+00
-2.9594e+00
-2.7439e+00
-2.5479e+00
-2.3705e+00
-2.2095e+00
-2.0628e+00
-1.9288e+00
-1.8060e+00
-1.6933e+00
-1.5897e+00
-1.4941e+00
-1.4057e+00
-1.3239e+00
-1.2479e+00
-1.1773e+00
-1.1115e+00
-1.0502e+00
-9.9284e-01
-9.3922e-01
-8.8900e-01
-8.4190e-01
-7.9770e-01
-7.5616e-01
-7.1711e-01
-6.8035e-01
-6.4574e-01
-3.8062e-02
-1.7401e-01
-5.0373e-01
-8.8872e-01
-1.2107e+00
-1.4416e+00
-1.5924e+00
-1.6809e+00
-1.7231e+00
-1.7312e+00
-1.7143e+00
-1.6793e+00
-1.6315e+00
-1.5750e+00
-1.5129e+00
-1.4476e+00
-1.3809e+00
-1.3140e+00
-1.2478e+00
-1.1832e+00
-1.1204e+00
-1.0600e+00
-1.0020e+00
-9.4674e-01
-8.9414e-01
-8.4423e-01
-7.9698e-01
-7.5232e-01
-7.1019e-01
-6.7047e-01
-6.3305e-01
-5.9784e-01
-5.6471e-01
-5.3356e-01
-5.0426e-01
-4.7672e-01
-2.5202e-02
-5.1480e-02
-1.3402e-01
-2.9177e-01
-4.8568e-01
-6.7414e-01
-8.3455e-01
-9.5958e-01
-1.0498e+00
-1.1092e+00
-1.1424e+00
-1.1545e+00
-1.1497e+00
-1.1320e+00
-1.1046e+00
-1.0702e+00
-1.0310e+00
-9.8877e-01
-9.4479e-01
-9.0008e-01
-8.5545e-01
-8.1147e-01
-7.6856e-01
-7.2704e-01
-6.8711e-01
-6.4890e-01
-6.1248e-01
-5.7789e-01
-5.4511e-01
-5.1413e-01
-4.8488e-01
-4.5732e-01
-4.3138e-01
-4.0697e-01
-3.8402e-01
-3.6246e-01
-3.6848e-02
-3.9657e-02
-8.5674e-02
-1.7792e-01
-2.9727e-01
-4.2047e-01
-5.3151e-01
-6.2250e-01
-6.9123e-01
-7.3866e-01
-7.6733e-01
-7.8030e-01
-7.8061e-01
-7.7105e-01
-7.5403e-01
-7.3159e-01
-7.0537e-01
-6.7667e-01
-6.4652e-01
-6.1571e-01
-5.8482e-01
-5.5431e-01
-5.2451e-01
-4.9564e-01
-4.6787e-01
-4.4131e-01
-4.1600e-01
-3.9197e-01
-3.6922e-01
-3.4774e-01
-3.2750e-01
-3.0844e-01
-2.9052e-01
-2.7369e-01
-2.5789e-01
-2.4307e-01
