2.70009180e+02
4.99480334e+01
3.98020686e+01
3.74045728e+01
3.52035894e+01
3.34534136e+01
3.26801630e+01
3.16819101e+01
3.09262271e+01
3.01917254e+01
2.98254176e+01
2.89447220e+01
2.84682122e+01
2.83401162e+01
2.85500363e+01
2.73596089e+01
2.71434952e+01
2.68373666e+01
2.64334644e+01
2.60154489e+01
2.59778344e+01
2.57759557e+01
2.54644265e+01
2.52815918e+01
2.53429532e+01
2.50034765e+01
2.46862783e+01
2.48097454e+01
2.48294685e+01
2.45192072e+01
2.45918998e+01
2.47115316e+01
2.40274847e+01
2.43506673e+01
2.41808326e+01
2.37318900e+01
2.41507830e+01
2.70118019e+02
1.50163499e+02
1.49913551e+02
1.49866952e+02
1.41855962e+02
1.34883642e+02
1.28664127e+02
1.23683907e+02
1.18995989e+02
1.14806074e+02
1.11209232e+02
1.08172007e+02
1.05162592e+02
1.03094143e+02
1.00984424e+02
9.88806923e+01
9.70104014e+01
9.57799408e+01
9.39074757e+01
9.25205306e+01
9.13798960e+01
9.05003317e+01
8.92133645e+01
8.85125217e+01
8.75028255e+01
8.66154941e+01
8.60143592e+01
8.54297556e+01
8.47874584e+01
8.43263606e+01
8.40586229e+01
8.35597163e+01
8.28395625e+01
8.24797624e+01
8.19762490e+01
8.16629994e+01
8.15318506e+01
2.70191839e+02
2.49467376e+02
2.46047241e+02
2.41657815e+02
2.37262768e+02
2.31891142e+02
2.26547823e+02
2.20881345e+02
2.15184104e+02
2.10801726e+02
2.05985407e+02
2.02054042e+02
1.98481539e+02
1.95209794e+02
1.91888001e+02
1.89316294e+02
1.86758413e+02
1.84594858e+02
1.82000698e+02
1.80003356e+02
1.78419000e+02
1.76763272e+02
1.75425465e+02
1.74203507e+02
1.72269234e+02
1.71579018e+02
1.70420461e+02
1.69278103e+02
1.68546313e+02
1.68065162e+02
1.67147379e+02
1.66356445e+02
1.65756600e+02
1.65250618e+02
1.64653823e+02
1.63801630e+02
1.63354467e+02
2.70497194e+02
2.70496323e+02
2.70371409e+02
2.69621242e+02
2.68351528e+02
2.67465288e+02
2.65811440e+02
2.64047638e+02
2.62636424e+02
2.60728294e+02
2.58669420e+02
2.56869630e+02
2.55149319e+02
2.53288964e+02
2.51905411e+02
2.50375146e+02
2.49095297e+02
2.47889942e+02
2.46655724e+02
2.45151405e+02
2.43650264e+02
2.42886204e+02
2.41973510e+02
2.41185619e+02
2.40560235e+02
2.39784148e+02
2.38735125e+02
2.38561898e+02
2.37838181e+02
2.37082985e+02
2.36596160e+02
2.36178613e+02
2.35587211e+02
2.35201365e+02
2.34326546e+02
2.34467450e+02
2.34109858e+02
2.67970570e+02
2.68266157e+02
2.68090928e+02
2.68184703e+02
2.67335169e+02
2.67796180e+02
2.67606755e+02
2.67330215e+02
2.67026359e+02
2.66853447e+02
2.66099591e+02
2.65847353e+02
2.65413499e+02
2.65225388e+02
2.64635965e+02
2.65208062e+02
2.64650707e+02
2.63947386e+02
2.64146763e+02
2.63890774e+02
2.63614644e+02
2.63491472e+02
2.63150073e+02
2.62917731e+02
2.63081832e+02
2.62930420e+02
2.62776871e+02
2.62751070e+02
2.62630835e+02
2.62592952e+02
2.62384184e+02
2.61847985e+02
2.62073347e+02
2.61600608e+02
2.61586714e+02
2.62044463e+02
2.61742831e+02
2.71692934e+02
2.70634255e+02
2.67055081e+02
2.62037691e+02
2.56506049e+02
2.50681876e+02
2.45172979e+02
2.40563398e+02
2.35806361e+02
2.31299576e+02
2.26648147e+02
2.23177893e+02
2.19926447e+02
2.17109713e+02
2.13802180e+02
2.11213858e+02
2.09000237e+02
2.06530463e+02
2.03722060e+02
2.02000146e+02
2.00549524e+02
1.98918745e+02
1.96908450e+02
1.95874231e+02
1.94049177e+02
1.92799950e+02
1.91970316e+02
1.90541245e+02
1.89320957e+02
1.88285303e+02
1.87494792e+02
1.86339721e+02
1.86063810e+02
1.84905781e+02
1.84396221e+02
1.83417433e+02
1.82774161e+02
2.71173192e+02
2.70045301e+02
2.66857293e+02
2.61810915e+02
2.56501325e+02
2.52104458e+02
2.47125334e+02
2.42695919e+02
2.38899112e+02
2.34934621e+02
2.31596994e+02
2.28542461e+02
2.25631048e+02
2.23317334e+02
2.20190583e+02
2.18061512e+02
2.15378154e+02
2.13363078e+02
2.11615147e+02
2.09878172e+02
2.08138487e+02
2.06519909e+02
2.05081427e+02
2.03866350e+02
2.02193719e+02
2.00633127e+02
1.99837180e+02
1.99018766e+02
1.98505331e+02
1.96969016e+02
1.96089464e+02
1.94786314e+02
1.94292871e+02
1.93652236e+02
1.92883333e+02
1.91907753e+02
1.91342181e+02
2.71930435e+02
2.71545617e+02
2.71484341e+02
2.71212569e+02
2.70167358e+02
2.68590797e+02
2.67393087e+02
2.65765727e+02
2.64002103e+02
2.62599087e+02
2.60194010e+02
2.58797332e+02
2.56960155e+02
2.55242580e+02
2.53769513e+02
2.51792310e+02
2.50374715e+02
2.49354029e+02
2.48352594e+02
2.46593107e+02
2.45240982e+02
2.44129280e+02
2.42960615e+02
2.42531094e+02
2.41450827e+02
2.40269744e+02
2.40067448e+02
2.38694840e+02
2.37871079e+02
2.37528052e+02
2.36822820e+02
2.36324055e+02
2.35735583e+02
2.34764413e+02
2.34722007e+02
2.34136661e+02
2.33559841e+02
2.71739473e+02
2.71778583e+02
2.71728757e+02
2.71430652e+02
2.70971837e+02
2.70632988e+02
2.70199692e+02
2.68893323e+02
2.68252074e+02
2.67092002e+02
2.66102798e+02
2.64395353e+02
2.63335139e+02
2.62311799e+02
2.61071075e+02
2.60168529e+02
2.59129378e+02
2.57725737e+02
2.57107645e+02
2.55778053e+02
2.55034709e+02
2.53696202e+02
2.52916802e+02
2.52609990e+02
2.52123263e+02
2.51013462e+02
2.50586229e+02
2.49825220e+02
2.49055434e+02
2.48619381e+02
2.48034372e+02
2.47745426e+02
2.47305441e+02
2.46886688e+02
2.46448456e+02
2.45990156e+02
2.45665969e+02
2.71307816e+02
2.71871291e+02
2.71607228e+02
2.71741587e+02
2.71280688e+02
2.70963781e+02
2.70786798e+02
2.69945171e+02
2.69440810e+02
2.68889240e+02
2.68081590e+02
2.66885986e+02
2.66057158e+02
2.65334013e+02
2.64861584e+02
2.63901151e+02
2.63272033e+02
2.62484487e+02
2.61592956e+02
2.60873022e+02
2.60222409e+02
2.59790040e+02
2.59456754e+02
2.58541145e+02
2.58263231e+02
2.57670158e+02
2.57317123e+02
2.56662772e+02
2.56040209e+02
2.55844236e+02
2.55825037e+02
2.54813735e+02
2.54900864e+02
2.54623906e+02
2.54338650e+02
2.53802576e+02
2.53832523e+02
