-2.2000e+02
-9.8255e+00
-2.9352e+00
-2.1176e+00
-1.4720e+00
-1.1102e+00
-8.8165e-01
-7.2332e-01
-6.0672e-01
-5.1712e-01
-4.4618e-01
-5.0289e-01
-4.7605e-01
-4.2633e-01
-3.8186e-01
-3.4314e-01
-3.0947e-01
-2.8013e-01
-2.5443e-01
-2.3182e-01
-2.1184e-01
-1.9409e-01
-1.7827e-01
-1.6411e-01
-1.5139e-01
-1.3991e-01
-1.2953e-01
-1.2012e-01
-1.1155e-01
-1.0374e-01
-9.6590e-02
-9.0043e-02
-8.4033e-02
-7.8504e-02
-7.3409e-02
-6.8707e-02
-1.2000e+02
0.0000e+00
0.0000e+00
-8.5625e+00
-6.5531e+00
-6.0075e+00
-5.2752e+00
-4.5959e+00
-4.0092e+00
-3.5114e+00
-3.0897e+00
-2.7401e+00
-2.4568e+00
-2.2066e+00
-1.9836e+00
-1.7856e+00
-1.6102e+00
-1.4546e+00
-1.3164e+00
-1.1935e+00
-1.0838e+00
-9.8590e-01
-8.9821e-01
-8.1956e-01
-7.4889e-01
-6.8528e-01
-6.2792e-01
-5.7611e-01
-5.2925e-01
-4.8679e-01
-4.4827e-01
-4.1326e-01
-3.8141e-01
-3.5239e-01
-3.2592e-01
-3.0173e-01
-2.0000e+01
-3.7835e+00
-4.4676e+00
-4.7286e+00
-5.2392e+00
-5.5658e+00
-5.4768e+00
-5.1889e+00
-4.8220e+00
-4.4343e+00
-4.0538e+00
-3.6940e+00
-3.3615e+00
-3.0587e+00
-2.7842e+00
-2.5357e+00
-2.3106e+00
-2.1069e+00
-1.9224e+00
-1.7554e+00
-1.6043e+00
-1.4674e+00
-1.3433e+00
-1.2309e+00
-1.1288e+00
-1.0362e+00
-9.5212e-01
-8.7564e-01
-8.0604e-01
-7.4266e-01
-6.8488e-01
-6.3216e-01
-5.8402e-01
-5.4002e-01
-4.9976e-01
-4.6290e-01
-1.8372e-01
-3.5593e-01
-5.8705e-01
-9.0036e-01
-1.2237e+00
-1.4939e+00
-1.6857e+00
-1.7983e+00
-1.8442e+00
-1.8397e+00
-1.7997e+00
-1.7361e+00
-1.6579e+00
-1.5715e+00
-1.4817e+00
-1.3916e+00
-1.3032e+00
-1.2178e+00
-1.1362e+00
-1.0588e+00
-9.8584e-01
-9.1738e-01
-8.5334e-01
-7.9361e-01
-7.3799e-01
-6.8628e-01
-6.3828e-01
-5.9376e-01
-5.5249e-01
-5.1425e-01
-4.7883e-01
-4.4603e-01
-4.1566e-01
-3.8754e-01
-3.6149e-01
-3.3736e-01
-1.1839e-02
-3.7388e-02
-6.8800e-02
-1.1279e-01
-1.6510e-01
-2.1483e-01
-2.5448e-01
-2.8140e-01
-2.9621e-01
-3.0112e-01
-2.9862e-01
-2.9096e-01
-2.7991e-01
-2.6679e-01
-2.5256e-01
-2.3792e-01
-2.2331e-01
-2.0904e-01
-1.9529e-01
-1.8217e-01
-1.6975e-01
-1.5806e-01
-1.4709e-01
-1.3683e-01
-1.2727e-01
-1.1837e-01
-1.1009e-01
-1.0241e-01
-9.5289e-02
-8.8685e-02
-8.2565e-02
-7.6896e-02
-7.1647e-02
-6.6784e-02
-6.2281e-02
-5.8109e-02
-6.6901e-01
-2.8693e+00
-4.3545e+00
-4.9421e+00
-5.0678e+00
-4.9605e+00
-4.7340e+00
-4.4511e+00
-4.1482e+00
-3.8460e+00
-3.5557e+00
-3.2833e+00
-3.0320e+00
-2.8024e+00
-2.5934e+00
-2.4032e+00
-2.2303e+00
-2.0728e+00
-1.9293e+00
-1.7983e+00
-1.6786e+00
-1.5689e+00
-1.4681e+00
-1.3755e+00
-1.2900e+00
-1.2111e+00
-1.1380e+00
-1.0703e+00
-1.0074e+00
-9.4882e-01
-8.9428e-01
-8.4341e-01
-7.9589e-01
-7.5146e-01
-7.0987e-01
-6.7090e-01
-1.0053e+00
-3.5332e+00
-4.6103e+00
-4.7243e+00
-4.5470e+00
-4.2913e+00
-4.0168e+00
-3.7438e+00
-3.4810e+00
-3.2328e+00
-3.0010e+00
-2.7864e+00
-2.5896e+00
-2.4096e+00
-2.2446e+00
-2.0931e+00
-1.9537e+00
-1.8253e+00
-1.7071e+00
-1.5980e+00
-1.4971e+00
-1.4038e+00
-1.3174e+00
-1.2372e+00
-1.1627e+00
-1.0935e+00
-1.0290e+00
-9.6883e-01
-9.1272e-01
-8.6032e-01
-8.1134e-01
-7.6551e-01
-7.2260e-01
-6.8239e-01
-6.4469e-01
-6.0932e-01
-3.4563e-02
-1.7082e-01
-4.9870e-01
-8.8390e-01
-1.2076e+00
-1.4406e+00
-1.5933e+00
-1.6836e+00
-1.7270e+00
-1.7358e+00
-1.7189e+00
-1.6834e+00
-1.6347e+00
-1.5769e+00
-1.5132e+00
-1.4461e+00
-1.3773e+00
-1.3083e+00
-1.2401e+00
-1.1733e+00
-1.1085e+00
-1.0461e+00
-9.8629e-01
-9.2928e-01
-8.7510e-01
-8.2377e-01
-7.7524e-01
-7.2945e-01
-6.8632e-01
-6.4574e-01
-6.0760e-01
-5.7177e-01
-5.3814e-01
-5.0660e-01
-4.7701e-01
-4.4926e-01
-3.2484e-02
-6.5333e-02
-1.6280e-01
-3.3677e-01
-5.4048e-01
-7.3147e-01
-8.8960e-01
-1.0099e+00
-1.0945e+00
-1.1481e+00
-1.1758e+00
-1.1827e+00
-1.1733e+00
-1.1513e+00
-1.1201e+00
-1.0823e+00
-1.0401e+00
-9.9504e-01
-9.4852e-01
-9.0150e-01
-8.5476e-01
-8.0886e-01
-7.6421e-01
-7.2110e-01
-6.7974e-01
-6.4024e-01
-6.0266e-01
-5.6703e-01
-5.3334e-01
-5.0154e-01
-4.7158e-01
-4.4340e-01
-4.1692e-01
-3.9206e-01
-3.6874e-01
-3.4687e-01
-5.5662e-02
-5.3434e-02
-9.5572e-02
-1.8484e-01
-3.0171e-01
-4.2251e-01
-5.3106e-01
-6.1953e-01
-6.8582e-01
-7.3103e-01
-7.5775e-01
-7.6904e-01
-7.6796e-01
-7.5727e-01
-7.3936e-01
-7.1622e-01
-6.8945e-01
-6.6033e-01
-6.2985e-01
-5.9879e-01
-5.6772e-01
-5.3707e-01
-5.0718e-01
-4.7825e-01
-4.5046e-01
-4.2389e-01
-3.9861e-01
-3.7464e-01
-3.5197e-01
-3.3059e-01
-3.1046e-01
-2.9154e-01
-2.7377e-01
-2.5711e-01
-2.4150e-01
-2.2687e-01
