2.69798671e+02
4.97278067e+01
4.06116612e+01
3.73929136e+01
3.51227482e+01
3.40012376e+01
3.25161172e+01
3.18297475e+01
3.07968570e+01
3.01690399e+01
3.00646901e+01
2.97494375e+01
2.92071609e+01
2.81700954e+01
2.80391374e+01
2.77189733e+01
2.78511182e+01
2.70845271e+01
2.68974653e+01
2.66301422e+01
2.67106419e+01
2.62558986e+01
2.58243124e+01
2.59294008e+01
2.54271272e+01
2.55461852e+01
2.52607206e+01
2.48013368e+01
2.48785541e+01
2.47687322e+01
2.48362533e+01
2.49566254e+01
2.46907634e+01
2.44156495e+01
2.47645736e+01
2.46296030e+01
2.43247201e+01
2.69753695e+02
1.50233709e+02
1.50301925e+02
1.49990004e+02
1.41733305e+02
1.35050220e+02
1.29216663e+02
1.23752876e+02
1.19206285e+02
1.15709060e+02
1.12043411e+02
1.09224822e+02
1.06469990e+02
1.03437199e+02
1.01476968e+02
9.93818482e+01
9.80150248e+01
9.60435821e+01
9.48169038e+01
9.30685286e+01
9.22150033e+01
9.10925658e+01
9.00902595e+01
8.91193892e+01
8.84532095e+01
8.71815416e+01
8.69800840e+01
8.64784691e+01
8.57004092e+01
8.48883383e+01
8.47668773e+01
8.41320367e+01
8.36624737e+01
8.33643524e+01
8.27829771e+01
8.26588236e+01
8.21667605e+01
2.69497991e+02
2.50122002e+02
2.46006622e+02
2.42065552e+02
2.37054804e+02
2.32003996e+02
2.26294902e+02
2.21113495e+02
2.15663173e+02
2.11257080e+02
2.06677569e+02
2.02632970e+02
1.98900661e+02
1.95735177e+02
1.92769580e+02
1.90049889e+02
1.87283823e+02
1.85217825e+02
1.82961884e+02
1.80994198e+02
1.79706178e+02
1.77721351e+02
1.75948966e+02
1.74526914e+02
1.73697471e+02
1.72171875e+02
1.71824314e+02
1.70372114e+02
1.69868007e+02
1.68746603e+02
1.67752275e+02
1.67687041e+02
1.66946521e+02
1.66377986e+02
1.65157740e+02
1.65104408e+02
1.64389056e+02
2.71024557e+02
2.70656649e+02
2.70010157e+02
2.69393679e+02
2.69107221e+02
2.67920571e+02
2.66219950e+02
2.64720016e+02
2.62815900e+02
2.60975143e+02
2.59448410e+02
2.57144412e+02
2.55877354e+02
2.54181456e+02
2.52533713e+02
2.50844870e+02
2.49853869e+02
2.48136691e+02
2.46933284e+02
2.46058199e+02
2.44591186e+02
2.44041896e+02
2.42800929e+02
2.41902056e+02
2.41066542e+02
2.40688247e+02
2.39930346e+02
2.39368870e+02
2.38604212e+02
2.38046458e+02
2.37525460e+02
2.37005135e+02
2.36375811e+02
2.35893604e+02
2.35434791e+02
2.35302158e+02
2.34823555e+02
2.67681703e+02
2.67665862e+02
2.67537076e+02
2.67574246e+02
2.67509862e+02
2.67525384e+02
2.67437547e+02
2.67613820e+02
2.67321226e+02
2.67380319e+02
2.67587523e+02
2.67081634e+02
2.67556805e+02
2.67629609e+02
2.67223240e+02
2.67246296e+02
2.66866541e+02
2.67516729e+02
2.67359721e+02
2.67582900e+02
2.67328647e+02
2.67259229e+02
2.67365790e+02
2.67139246e+02
2.67487410e+02
2.66630849e+02
2.67245056e+02
2.67330934e+02
2.66983671e+02
2.67188397e+02
2.67564991e+02
2.67562581e+02
2.67154161e+02
2.67314053e+02
2.67777429e+02
2.67169989e+02
2.67469224e+02
2.74654286e+02
2.73392966e+02
2.69999027e+02
2.64740059e+02
2.59713830e+02
2.54416261e+02
2.49085261e+02
2.44466867e+02
2.40022963e+02
2.35556398e+02
2.31905512e+02
2.27770493e+02
2.25043243e+02
2.21869698e+02
2.18655889e+02
2.16341812e+02
2.13969701e+02
2.12154397e+02
2.09735772e+02
2.07309772e+02
2.05822502e+02
2.04501105e+02
2.02714257e+02
2.01023419e+02
1.99588357e+02
1.98414570e+02
1.97007061e+02
1.96285442e+02
1.94632658e+02
1.93834373e+02
1.93083741e+02
1.92295954e+02
1.91350439e+02
1.90557453e+02
1.90034546e+02
1.89077881e+02
1.88325438e+02
2.74537389e+02
2.72958168e+02
2.69400224e+02
2.64971969e+02
2.60164463e+02
2.55452485e+02
2.50913539e+02
2.46819049e+02
2.42857388e+02
2.39326865e+02
2.36181379e+02
2.33076004e+02
2.30273628e+02
2.27778397e+02
2.24951488e+02
2.22783331e+02
2.20396818e+02
2.18535498e+02
2.16402948e+02
2.14770833e+02
2.12991505e+02
2.11743484e+02
2.10301337e+02
2.08601203e+02
2.07529889e+02
2.06385884e+02
2.05247625e+02
2.04365311e+02
2.03313007e+02
2.02008231e+02
2.00647821e+02
2.00219746e+02
1.99824546e+02
1.99235769e+02
1.98483317e+02
1.97580499e+02
1.96985042e+02
2.72886274e+02
2.73110196e+02
2.72863260e+02
2.72314608e+02
2.71497415e+02
2.70266728e+02
2.68380310e+02
2.67078548e+02
2.65690721e+02
2.64131586e+02
2.61985336e+02
2.60205399e+02
2.58477770e+02
2.56545812e+02
2.54886459e+02
2.53938154e+02
2.51873332e+02
2.50568319e+02
2.49425346e+02
2.48175989e+02
2.47089409e+02
2.45433973e+02
2.44847553e+02
2.43966803e+02
2.42805716e+02
2.41817765e+02
2.40949218e+02
2.40518944e+02
2.39765461e+02
2.38632387e+02
2.38358509e+02
2.37571655e+02
2.36832225e+02
2.36317386e+02
2.35556720e+02
2.35125602e+02
2.35097522e+02
2.72276638e+02
2.72249064e+02
2.72226196e+02
2.71909066e+02
2.72060919e+02
2.71367790e+02
2.70467092e+02
2.70218084e+02
2.68978531e+02
2.67965623e+02
2.66803309e+02
2.65500349e+02
2.64708321e+02
2.63357732e+02
2.62023656e+02
2.60931302e+02
2.60245945e+02
2.58795670e+02
2.57837700e+02
2.56780225e+02
2.56247841e+02
2.55099683e+02
2.54192016e+02
2.53238110e+02
2.53254769e+02
2.52281940e+02
2.51323401e+02
2.50928312e+02
2.50298113e+02
2.49700227e+02
2.49341404e+02
2.48934230e+02
2.47906654e+02
2.47780643e+02
2.47608554e+02
2.47034941e+02
2.46549913e+02
2.72457159e+02
2.71955924e+02
2.71898402e+02
2.71960618e+02
2.71864919e+02
2.71497111e+02
2.71065161e+02
2.70224313e+02
2.69947712e+02
2.69211962e+02
2.68306726e+02
2.67570484e+02
2.66989058e+02
2.66108540e+02
2.64889412e+02
2.64456749e+02
2.63805839e+02
2.63143321e+02
2.62026747e+02
2.61554087e+02
2.60807590e+02
2.60403034e+02
2.59571490e+02
2.59183109e+02
2.58934839e+02
2.58472393e+02
2.58350664e+02
2.57025324e+02
2.56358421e+02
2.56382316e+02
2.56001414e+02
2.56039886e+02
2.55015626e+02
2.55102093e+02
2.54788448e+02
2.54843690e+02
2.54500081e+02
