2.70102049e+02
4.99780904e+01
4.04724094e+01
3.77992838e+01
3.52298113e+01
3.42161468e+01
3.28007751e+01
3.20461275e+01
3.11220841e+01
3.05895078e+01
3.00903216e+01
2.98870462e+01
2.94624536e+01
2.85562898e+01
2.79864822e+01
2.81556902e+01
2.75241797e+01
2.72299694e+01
2.66059555e+01
2.62057123e+01
2.61886245e+01
2.61044111e+01
2.61268941e+01
2.55484987e+01
2.55735613e+01
2.57436631e+01
2.49967976e+01
2.52855672e+01
2.51910239e+01
2.48376696e+01
2.50864265e+01
2.46727088e+01
2.41694062e+01
2.45675788e+01
2.42182593e+01
2.41685843e+01
2.41058907e+01
2.70043875e+02
1.49978761e+02
1.49766183e+02
1.49664732e+02
1.41400405e+02
1.35148969e+02
1.29284250e+02
1.24256304e+02
1.19385563e+02
1.15119270e+02
1.12142716e+02
1.08431170e+02
1.05948278e+02
1.03658803e+02
1.01196777e+02
9.98356523e+01
9.75119180e+01
9.58007434e+01
9.41720277e+01
9.33094967e+01
9.18930575e+01
9.04002718e+01
8.98083655e+01
8.82714179e+01
8.77629596e+01
8.67906205e+01
8.62518020e+01
8.54253085e+01
8.51900305e+01
8.44509226e+01
8.42949729e+01
8.35113986e+01
8.36698301e+01
8.26565261e+01
8.27771008e+01
8.28150664e+01
8.17860778e+01
2.70076784e+02
2.49997919e+02
2.46420947e+02
2.42250268e+02
2.37835794e+02
2.32328232e+02
2.26574047e+02
2.20987394e+02
2.15925572e+02
2.11052958e+02
2.06852821e+02
2.03094630e+02
1.98813842e+02
1.95355158e+02
1.92175264e+02
1.89365692e+02
1.86692780e+02
1.84631585e+02
1.82277711e+02
1.80494797e+02
1.78447914e+02
1.76836989e+02
1.75367541e+02
1.73962124e+02
1.72470777e+02
1.71523074e+02
1.70535416e+02
1.69576503e+02
1.68779940e+02
1.68054864e+02
1.66570967e+02
1.66104563e+02
1.65594947e+02
1.65700185e+02
1.64794548e+02
1.63985002e+02
1.63687842e+02
2.71787705e+02
2.71585677e+02
2.70919803e+02
2.69875668e+02
2.68897366e+02
2.67821279e+02
2.66075040e+02
2.64535701e+02
2.62763993e+02
2.60573314e+02
2.58693567e+02
2.56869106e+02
2.55314196e+02
2.53561658e+02
2.52098375e+02
2.50254823e+02
2.48999781e+02
2.47540437e+02
2.46197993e+02
2.45096341e+02
2.43830076e+02
2.43260555e+02
2.42171520e+02
2.41146810e+02
2.40435702e+02
2.39374617e+02
2.38452156e+02
2.38401953e+02
2.37461100e+02
2.37406070e+02
2.36791875e+02
2.35912021e+02
2.35811500e+02
2.35083479e+02
2.34644187e+02
2.34143263e+02
2.33770760e+02
2.68643469e+02
2.68439840e+02
2.68472788e+02
2.68369224e+02
2.68388132e+02
2.67676585e+02
2.67390763e+02
2.67308733e+02
2.67064216e+02
2.66470065e+02
2.66441248e+02
2.65586706e+02
2.65543026e+02
2.65368784e+02
2.65130421e+02
2.65205178e+02
2.64708492e+02
2.64202844e+02
2.63797388e+02
2.63848972e+02
2.63675384e+02
2.63494672e+02
2.63220005e+02
2.63207652e+02
2.62867057e+02
2.62937926e+02
2.62495185e+02
2.62475924e+02
2.62415696e+02
2.62034248e+02
2.62205830e+02
2.61935922e+02
2.61820832e+02
2.61931951e+02
2.61559528e+02
2.62107669e+02
2.61655388e+02
2.70848401e+02
2.70285461e+02
2.67512974e+02
2.62198640e+02
2.56408861e+02
2.51347364e+02
2.46067320e+02
2.40549532e+02
2.36160361e+02
2.31744486e+02
2.27929890e+02
2.24011082e+02
2.20946974e+02
2.18257029e+02
2.15023818e+02
2.12083356e+02
2.09630705e+02
2.07958442e+02
2.05709768e+02
2.03519070e+02
2.01868601e+02
2.00144458e+02
1.98578785e+02
1.97368398e+02
1.95921371e+02
1.94358676e+02
1.93488064e+02
1.92149619e+02
1.91217176e+02
1.89968745e+02
1.89585366e+02
1.88193117e+02
1.87864907e+02
1.86775839e+02
1.86014825e+02
1.84891475e+02
1.84849340e+02
2.71478371e+02
2.70081336e+02
2.66449395e+02
2.61774287e+02
2.56472766e+02
2.52081766e+02
2.47498067e+02
2.43204638e+02
2.39313234e+02
2.35236490e+02
2.32209517e+02
2.29085067e+02
2.25735360e+02
2.23590843e+02
2.20878656e+02
2.18408834e+02
2.16491527e+02
2.14381341e+02
2.12227478e+02
2.10732247e+02
2.09219398e+02
2.07803431e+02
2.06205771e+02
2.04635439e+02
2.03839514e+02
2.02528908e+02
2.01374189e+02
2.00255294e+02
1.99322501e+02
1.98453254e+02
1.97571939e+02
1.96830762e+02
1.95771301e+02
1.95579048e+02
1.94802790e+02
1.93725219e+02
1.93181514e+02
2.72359623e+02
2.72747200e+02
2.72129733e+02
2.71803425e+02
2.70617821e+02
2.69421199e+02
2.67845590e+02
2.66274918e+02
2.64441199e+02
2.62264489e+02
2.60593098e+02
2.59132702e+02
2.57001384e+02
2.55113592e+02
2.53392964e+02
2.52339055e+02
2.50842277e+02
2.49025612e+02
2.47807560e+02
2.46264634e+02
2.45379206e+02
2.44174351e+02
2.43455838e+02
2.42228354e+02
2.41320145e+02
2.40159987e+02
2.39493875e+02
2.38857507e+02
2.38087859e+02
2.37581588e+02
2.36254558e+02
2.35850270e+02
2.35935357e+02
2.35155946e+02
2.34367086e+02
2.34209202e+02
2.33800960e+02
2.72728966e+02
2.72691274e+02
2.72810300e+02
2.72572460e+02
2.71767316e+02
2.71056289e+02
2.70892134e+02
2.69124852e+02
2.68606036e+02
2.67148427e+02
2.66186520e+02
2.64727768e+02
2.63577210e+02
2.62537959e+02
2.61791258e+02
2.60502631e+02
2.58958581e+02
2.58299383e+02
2.57040031e+02
2.56451697e+02
2.55312938e+02
2.54292028e+02
2.53428502e+02
2.52871708e+02
2.52552611e+02
2.51391027e+02
2.50714123e+02
2.50149326e+02
2.49855452e+02
2.49367256e+02
2.48932285e+02
2.48200310e+02
2.47889429e+02
2.47314219e+02
2.47307660e+02
2.46977705e+02
2.46468277e+02
2.72786507e+02
2.72412959e+02
2.72068948e+02
2.71915067e+02
2.71815776e+02
2.71579283e+02
2.70875245e+02
2.70092355e+02
2.70061056e+02
2.68742282e+02
2.68311844e+02
2.67314204e+02
2.66750450e+02
2.65288849e+02
2.64591094e+02
2.63619750e+02
2.62771173e+02
2.62181183e+02
2.61119836e+02
2.60932076e+02
2.59829377e+02
2.59880875e+02
2.58889532e+02
2.58086049e+02
2.57914088e+02
2.57464304e+02
2.57086763e+02
2.56063551e+02
2.55854203e+02
2.55623474e+02
2.55198557e+02
2.54796325e+02
2.54622960e+02
2.54460536e+02
2.54555943e+02
2.53787546e+02
2.53320782e+02
