2.70145180e+02
4.98730720e+01
4.04499503e+01
3.76448090e+01
3.56174151e+01
3.38551064e+01
3.30408142e+01
3.18447213e+01
3.08020662e+01
3.08736537e+01
3.01364688e+01
2.94926032e+01
2.90129976e+01
2.89504852e+01
2.81156118e+01
2.74995840e+01
2.74932102e+01
2.69117100e+01
2.66271718e+01
2.60792773e+01
2.63519179e+01
2.62398953e+01
2.56384315e+01
2.58750347e+01
2.56111430e+01
2.56556923e+01
2.55100327e+01
2.53426766e+01
2.43943353e+01
2.47471929e+01
2.50372749e+01
2.47790233e+01
2.45295588e+01
2.45706111e+01
2.41735621e+01
2.40394399e+01
2.47425977e+01
2.69734237e+02
1.49818977e+02
1.49793855e+02
1.49794850e+02
1.41513069e+02
1.35003082e+02
1.29397072e+02
1.23729937e+02
1.18922544e+02
1.15461876e+02
1.11520949e+02
1.08264326e+02
1.05720044e+02
1.03540780e+02
1.01488238e+02
9.89473258e+01
9.72831818e+01
9.57352832e+01
9.39824971e+01
9.30477294e+01
9.21086718e+01
9.05094017e+01
8.92464645e+01
8.84856060e+01
8.79328824e+01
8.69811840e+01
8.64001829e+01
8.58300574e+01
8.51375104e+01
8.46385334e+01
8.39533412e+01
8.38325425e+01
8.30208576e+01
8.25694567e+01
8.23613855e+01
8.23485646e+01
8.13990999e+01
2.69826378e+02
2.49966713e+02
2.46197808e+02
2.41764190e+02
2.36981580e+02
2.31474392e+02
2.26093247e+02
2.20363843e+02
2.15371952e+02
2.10522106e+02
2.05973781e+02
2.01985265e+02
1.98544118e+02
1.94928648e+02
1.92031934e+02
1.89180413e+02
1.86492920e+02
1.84272660e+02
1.82015093e+02
1.80347485e+02
1.78276279e+02
1.77061992e+02
1.75340173e+02
1.73735351e+02
1.72318019e+02
1.72015481e+02
1.70561235e+02
1.70006802e+02
1.68240088e+02
1.67839252e+02
1.67048854e+02
1.66098542e+02
1.65690056e+02
1.65328619e+02
1.64700462e+02
1.63936563e+02
1.63707004e+02
2.69856512e+02
2.69615070e+02
2.69473616e+02
2.69302045e+02
2.68083889e+02
2.66918475e+02
2.65741028e+02
2.63912789e+02
2.62338698e+02
2.59895585e+02
2.58415419e+02
2.57062626e+02
2.55155590e+02
2.53341601e+02
2.52000393e+02
2.50128072e+02
2.48775816e+02
2.47486641e+02
2.46189608e+02
2.44939963e+02
2.43904098e+02
2.43124164e+02
2.41741225e+02
2.41164235e+02
2.40501744e+02
2.39895217e+02
2.38698755e+02
2.37920140e+02
2.37560754e+02
2.37094869e+02
2.36545019e+02
2.36149481e+02
2.35526696e+02
2.34999881e+02
2.34509615e+02
2.34204426e+02
2.33661963e+02
2.68077567e+02
2.68385903e+02
2.67628189e+02
2.67752323e+02
2.67797301e+02
2.67921198e+02
2.67293636e+02
2.66986716e+02
2.67015103e+02
2.66128104e+02
2.66013233e+02
2.66014395e+02
2.65270697e+02
2.65405796e+02
2.64842998e+02
2.64991418e+02
2.64545310e+02
2.64364424e+02
2.64053951e+02
2.63680706e+02
2.63855037e+02
2.63845162e+02
2.63339793e+02
2.63342916e+02
2.63235008e+02
2.62702919e+02
2.62816912e+02
2.62772321e+02
2.62436165e+02
2.62333150e+02
2.62515987e+02
2.62402242e+02
2.62328466e+02
2.62097342e+02
2.62162364e+02
2.62016964e+02
2.62082386e+02
2.71178376e+02
2.70618633e+02
2.66974762e+02
2.62126596e+02
2.56749169e+02
2.50880052e+02
2.45671486e+02
2.40899307e+02
2.35973752e+02
2.31626620e+02
2.28047127e+02
2.23958611e+02
2.21228760e+02
2.17856553e+02
2.14996000e+02
2.11881256e+02
2.10012634e+02
2.07935902e+02
2.05833267e+02
2.03495812e+02
2.02125146e+02
1.99771700e+02
1.98498903e+02
1.97347688e+02
1.95583504e+02
1.94253275e+02
1.93567914e+02
1.92258845e+02
1.90850950e+02
1.90225620e+02
1.88934562e+02
1.87969495e+02
1.87270961e+02
1.86699714e+02
1.85340921e+02
1.85111532e+02
1.84325782e+02
2.71665985e+02
2.70223918e+02
2.66618593e+02
2.61375334e+02
2.56880710e+02
2.51882686e+02
2.47747389e+02
2.43780750e+02
2.39326243e+02
2.35739401e+02
2.32398420e+02
2.29202268e+02
2.26746055e+02
2.23752741e+02
2.21086617e+02
2.18969667e+02
2.16340560e+02
2.14511312e+02
2.12965254e+02
2.10709582e+02
2.09275943e+02
2.07821113e+02
2.06264463e+02
2.05209659e+02
2.03959246e+02
2.02476239e+02
2.01424038e+02
2.00595645e+02
1.99230196e+02
1.98251056e+02
1.97441757e+02
1.96781761e+02
1.95583073e+02
1.95035678e+02
1.93918843e+02
1.93828153e+02
1.92486204e+02
2.71173916e+02
2.71092455e+02
2.71243630e+02
2.70813625e+02
2.69758897e+02
2.68416053e+02
2.66618210e+02
2.65456223e+02
2.63954972e+02
2.61668907e+02
2.60022854e+02
2.58764188e+02
2.56253602e+02
2.54769196e+02
2.53570784e+02
2.51597092e+02
2.50232673e+02
2.48923979e+02
2.47658723e+02
2.46210307e+02
2.44819598e+02
2.43910801e+02
2.42758612e+02
2.41850796e+02
2.41015200e+02
2.40119936e+02
2.39006153e+02
2.38083357e+02
2.37280349e+02
2.36574687e+02
2.35875714e+02
2.35280197e+02
2.34684233e+02
2.34116737e+02
2.33589318e+02
2.33348695e+02
2.32737948e+02
2.71241602e+02
2.71164420e+02
2.71244561e+02
2.71355560e+02
2.71231855e+02
2.70762696e+02
2.69661533e+02
2.68918252e+02
2.67759510e+02
2.66819833e+02
2.65863510e+02
2.65108128e+02
2.63527071e+02
2.62145858e+02
2.60933955e+02
2.59717605e+02
2.58476397e+02
2.57722673e+02
2.56682639e+02
2.55572599e+02
2.54745172e+02
2.54051798e+02
2.53105644e+02
2.52381287e+02
2.51661509e+02
2.50902226e+02
2.50338201e+02
2.49835995e+02
2.48780137e+02
2.48361652e+02
2.47867522e+02
2.46938371e+02
2.46812533e+02
2.46379386e+02
2.45739651e+02
2.45428555e+02
2.45495669e+02
2.71054874e+02
2.71202198e+02
2.71743325e+02
2.71118623e+02
2.71101732e+02
2.70978024e+02
2.70343144e+02
2.70208706e+02
2.69013200e+02
2.68071659e+02
2.67727142e+02
2.66813148e+02
2.66312544e+02
2.65255939e+02
2.64733553e+02
2.63535071e+02
2.62735374e+02
2.61814394e+02
2.60971269e+02
2.60436555e+02
2.60019622e+02
2.59498648e+02
2.58834344e+02
2.58122576e+02
2.57677628e+02
2.57137671e+02
2.57025572e+02
2.56158642e+02
2.55915939e+02
2.55911795e+02
2.55146492e+02
2.54999618e+02
2.54523124e+02
2.54453909e+02
2.54405026e+02
2.53835305e+02
2.53381167e+02
