2.69900573e+02
5.02094821e+01
3.99402269e+01
3.73784607e+01
3.53020077e+01
3.38256540e+01
3.26291517e+01
3.16554175e+01
3.07284130e+01
3.05560649e+01
2.98900381e+01
2.96826951e+01
2.87091274e+01
2.83511743e+01
2.79790926e+01
2.74769861e+01
2.73027271e+01
2.70756136e+01
2.67170066e+01
2.59795718e+01
2.62121576e+01
2.58421190e+01
2.57572499e+01
2.55858437e+01
2.51532590e+01
2.51291323e+01
2.47467705e+01
2.50303156e+01
2.50521954e+01
2.42983436e+01
2.42516628e+01
2.45759645e+01
2.42185571e+01
2.44247672e+01
2.38926034e+01
2.41428441e+01
2.36104980e+01
2.69996274e+02
1.49972970e+02
1.49891545e+02
1.49929872e+02
1.41521530e+02
1.34999971e+02
1.29105765e+02
1.23815167e+02
1.19520710e+02
1.15330007e+02
1.11997579e+02
1.08505343e+02
1.06062787e+02
1.03798500e+02
1.01209025e+02
9.89594670e+01
9.75047156e+01
9.57579081e+01
9.44813194e+01
9.29290850e+01
9.20906797e+01
9.08308341e+01
8.96151742e+01
8.88722396e+01
8.84953088e+01
8.72493410e+01
8.60810354e+01
8.60105114e+01
8.51781777e+01
8.50841366e+01
8.42096944e+01
8.38062546e+01
8.31709972e+01
8.29967315e+01
8.25736621e+01
8.22695991e+01
8.18122951e+01
2.69955151e+02
2.49482954e+02
2.46270464e+02
2.41715280e+02
2.36874437e+02
2.32051916e+02
2.26489442e+02
2.20837734e+02
2.15879443e+02
2.10905026e+02
2.06577049e+02
2.02695774e+02
1.98600054e+02
1.95432829e+02
1.92419000e+02
1.89676852e+02
1.87162207e+02
1.84692056e+02
1.82756089e+02
1.80455859e+02
1.78749110e+02
1.76945333e+02
1.75803613e+02
1.74048705e+02
1.73042248e+02
1.71618188e+02
1.70377249e+02
1.69776243e+02
1.68894356e+02
1.67436487e+02
1.67200508e+02
1.66085894e+02
1.65611412e+02
1.64766527e+02
1.64708210e+02
1.63725925e+02
1.63375561e+02
2.71076764e+02
2.70820806e+02
2.70547095e+02
2.69786672e+02
2.69028129e+02
2.67853322e+02
2.66127084e+02
2.64696747e+02
2.63215692e+02
2.61261027e+02
2.58910632e+02
2.57254286e+02
2.55660932e+02
2.53608921e+02
2.51882587e+02
2.50594583e+02
2.49168899e+02
2.47969172e+02
2.46635325e+02
2.45126414e+02
2.44345894e+02
2.43203436e+02
2.42191187e+02
2.40900235e+02
2.40234356e+02
2.39487160e+02
2.38350725e+02
2.37882988e+02
2.37546633e+02
2.36752301e+02
2.36484919e+02
2.35205833e+02
2.35192623e+02
2.34493680e+02
2.34415069e+02
2.33555000e+02
2.33171592e+02
2.68187080e+02
2.67578207e+02
2.67926228e+02
2.67939705e+02
2.68072670e+02
2.67674867e+02
2.67577642e+02
2.67363166e+02
2.66680664e+02
2.66810513e+02
2.66057220e+02
2.65749035e+02
2.65632449e+02
2.65595716e+02
2.65105988e+02
2.65000192e+02
2.64686981e+02
2.64044127e+02
2.64280482e+02
2.64199010e+02
2.64233019e+02
2.63654162e+02
2.63130377e+02
2.63522222e+02
2.63087879e+02
2.62932122e+02
2.63021937e+02
2.62907955e+02
2.62630026e+02
2.62340506e+02
2.62811436e+02
2.62262212e+02
2.62321166e+02
2.62550501e+02
2.61881402e+02
2.62227528e+02
2.61451520e+02
2.73261142e+02
2.72034114e+02
2.68379532e+02
2.63012850e+02
2.57590179e+02
2.51830861e+02
2.46678968e+02
2.40886632e+02
2.36370817e+02
2.32146542e+02
2.28137112e+02
2.23762293e+02
2.20521646e+02
2.17301809e+02
2.14685721e+02
2.11443942e+02
2.09268363e+02
2.06826873e+02
2.04427659e+02
2.02313280e+02
2.00568287e+02
1.98958780e+02
1.96801589e+02
1.95541781e+02
1.93617418e+02
1.92676869e+02
1.91337315e+02
1.90021665e+02
1.88640455e+02
1.87471192e+02
1.86585009e+02
1.85620068e+02
1.84731658e+02
1.83544210e+02
1.82639015e+02
1.81785008e+02
1.81037572e+02
2.73024481e+02
2.71971004e+02
2.68188493e+02
2.63225043e+02
2.57908277e+02
2.52914657e+02
2.48413960e+02
2.44203594e+02
2.39555606e+02
2.35826859e+02
2.32168059e+02
2.29161507e+02
2.26177521e+02
2.23337619e+02
2.20696707e+02
2.18220555e+02
2.15780200e+02
2.13617596e+02
2.11508944e+02
2.10075297e+02
2.08208426e+02
2.06124128e+02
2.04680766e+02
2.03354517e+02
2.01972086e+02
2.00476288e+02
1.99167541e+02
1.98179283e+02
1.96664154e+02
1.95681071e+02
1.95193149e+02
1.93894999e+02
1.92751191e+02
1.92125260e+02
1.91832150e+02
1.90597943e+02
1.90080707e+02
2.72802905e+02
2.72945914e+02
2.72282322e+02
2.71862844e+02
2.71027157e+02
2.69627809e+02
2.67677357e+02
2.65872819e+02
2.64116384e+02
2.62610082e+02
2.60460096e+02
2.58623330e+02
2.56564789e+02
2.55079236e+02
2.53297910e+02
2.51591101e+02
2.50038983e+02
2.48155824e+02
2.46864272e+02
2.45291866e+02
2.43752714e+02
2.42668432e+02
2.41388299e+02
2.40206557e+02
2.38754911e+02
2.38146411e+02
2.36781624e+02
2.36146923e+02
2.34665781e+02
2.34482357e+02
2.33144795e+02
2.32207773e+02
2.31559216e+02
2.30714943e+02
2.30921038e+02
2.29526992e+02
2.29165560e+02
2.72426637e+02
2.72234543e+02
2.72403605e+02
2.72254954e+02
2.72077590e+02
2.71373488e+02
2.70628183e+02
2.69655642e+02
2.68609649e+02
2.67535098e+02
2.66340840e+02
2.65009457e+02
2.63734117e+02
2.62875151e+02
2.60877757e+02
2.60186929e+02
2.58458422e+02
2.57509066e+02
2.56922137e+02
2.55274086e+02
2.54807593e+02
2.53174887e+02
2.52435184e+02
2.51660530e+02
2.51005700e+02
2.49943738e+02
2.48941021e+02
2.48759872e+02
2.48047453e+02
2.47650570e+02
2.46447748e+02
2.46354701e+02
2.45573104e+02
2.44843310e+02
2.44644002e+02
2.44308694e+02
2.43699075e+02
2.71899582e+02
2.71854228e+02
2.72277325e+02
2.71818361e+02
2.71695009e+02
2.71504708e+02
2.70762494e+02
2.70306016e+02
2.69611790e+02
2.69117622e+02
2.68308318e+02
2.67624013e+02
2.66646445e+02
2.65863049e+02
2.65336142e+02
2.64514393e+02
2.63544322e+02
2.62699920e+02
2.62276593e+02
2.61772559e+02
2.61511409e+02
2.60551259e+02
2.60183798e+02
2.59659196e+02
2.58794547e+02
2.58521748e+02
2.58379366e+02
2.57419003e+02
2.57344370e+02
2.56933269e+02
2.56661351e+02
2.56600656e+02
2.55821986e+02
2.55588340e+02
2.55132592e+02
2.54821436e+02
2.54888105e+02
