2.70000000e+02
5.00000000e+01
4.00604470e+01
3.71277320e+01
3.50262740e+01
3.35649230e+01
3.24625870e+01
3.15879330e+01
3.08713720e+01
3.02713770e+01
2.97609270e+01
2.93182440e+01
2.88054890e+01
2.83365470e+01
2.79177520e+01
2.75431370e+01
2.72067670e+01
2.69035000e+01
2.66289910e+01
2.63795820e+01
2.61521930e+01
2.59442140e+01
2.57534290e+01
2.55779410e+01
2.54161220e+01
2.52665650e+01
2.51280500e+01
2.49995130e+01
2.48800210e+01
2.47687550e+01
2.46649890e+01
2.45680810e+01
2.44774590e+01
2.43926110e+01
2.43130780e+01
2.42384480e+01
2.41683490e+01
2.70000000e+02
1.50000000e+02
1.50000000e+02
1.50000000e+02
1.41389299e+02
1.34843000e+02
1.28855990e+02
1.23607064e+02
1.19038178e+02
1.15054414e+02
1.11565600e+02
1.08495113e+02
1.05767622e+02
1.03320362e+02
1.01121549e+02
9.91438340e+01
9.73620650e+01
9.57538440e+01
9.42995160e+01
9.29819080e+01
9.17860210e+01
9.06987290e+01
8.97085260e+01
8.88052950e+01
8.79801220e+01
8.72251340e+01
8.65333610e+01
8.58986200e+01
8.53154140e+01
8.47788490e+01
8.42845590e+01
8.38286430e+01
8.34076070e+01
8.30183210e+01
8.26579740e+01
8.23240380e+01
8.20142370e+01
2.70000000e+02
2.50000000e+02
2.46075188e+02
2.41552262e+02
2.36818322e+02
2.31598621e+02
2.26069433e+02
2.20637079e+02
2.15492349e+02
2.10709664e+02
2.06307643e+02
2.02278194e+02
1.98600828e+02
1.95248758e+02
1.92193203e+02
1.89406915e+02
1.86865055e+02
1.84545036e+02
1.82426297e+02
1.80490133e+02
1.78719554e+02
1.77099149e+02
1.75614964e+02
1.74254377e+02
1.73005981e+02
1.71859469e+02
1.70805538e+02
1.69835788e+02
1.68942634e+02
1.68119227e+02
1.67359383e+02
1.66657510e+02
1.66008556e+02
1.65407950e+02
1.64851555e+02
1.64335626e+02
1.63856768e+02
2.69864854e+02
2.69823118e+02
2.69569057e+02
2.69063661e+02
2.68234612e+02
2.67072963e+02
2.65629719e+02
2.63981924e+02
2.62208960e+02
2.60378782e+02
2.58543635e+02
2.56740947e+02
2.54996080e+02
2.53325129e+02
2.51737392e+02
2.50237278e+02
2.48825825e+02
2.47501838e+02
2.46262686e+02
2.45104847e+02
2.44024278e+02
2.43016673e+02
2.42077633e+02
2.41202788e+02
2.40387877e+02
2.39628801e+02
2.38921653e+02
2.38262739e+02
2.37648585e+02
2.37075941e+02
2.36541774e+02
2.36043263e+02
2.35577792e+02
2.35142935e+02
2.34736449e+02
2.34356259e+02
2.34000451e+02
2.67994342e+02
2.67994011e+02
2.67973195e+02
2.67915227e+02
2.67806888e+02
2.67640021e+02
2.67417417e+02
2.67149715e+02
2.66850573e+02
2.66533200e+02
2.66208601e+02
2.65885126e+02
2.65568718e+02
2.65263352e+02
2.64971517e+02
2.64694606e+02
2.64433229e+02
2.64187460e+02
2.63957022e+02
2.63741409e+02
2.63539975e+02
2.63351995e+02
2.63176706e+02
2.63013334e+02
2.62861111e+02
2.62719296e+02
2.62587172e+02
2.62464061e+02
2.62349321e+02
2.62242348e+02
2.62142580e+02
2.62049491e+02
2.61962591e+02
2.61881428e+02
2.61805582e+02
2.61734663e+02
2.61668313e+02
2.71617779e+02
2.70858249e+02
2.67830681e+02
2.63345890e+02
2.58328113e+02
2.53237744e+02
2.48298672e+02
2.43619536e+02
2.39246822e+02
2.35192427e+02
2.31449268e+02
2.28000340e+02
2.24823909e+02
2.21895855e+02
2.19192394e+02
2.16691661e+02
2.14373894e+02
2.12221370e+02
2.10218288e+02
2.08350625e+02
2.06605962e+02
2.04973315e+02
2.03442966e+02
2.02006307e+02
2.00655696e+02
1.99384337e+02
1.98186162e+02
1.97055739e+02
1.95988189e+02
1.94979113e+02
1.94024527e+02
1.93120817e+02
1.92264688e+02
1.91453126e+02
1.90683371e+02
1.89952879e+02
1.89259306e+02
2.71589900e+02
2.70392184e+02
2.66556907e+02
2.61718838e+02
2.56842343e+02
2.52201666e+02
2.47863717e+02
2.43837608e+02
2.40112960e+02
2.36671660e+02
2.33492574e+02
2.30553875e+02
2.27834047e+02
2.25311776e+02
2.22967850e+02
2.20785640e+02
2.18750497e+02
2.16849400e+02
2.15070753e+02
2.13404226e+02
2.11840606e+02
2.10371664e+02
2.08990038e+02
2.07689120e+02
2.06462967e+02
2.05306215e+02
2.04214011e+02
2.03181945e+02
2.02206005e+02
2.01282524e+02
2.00408143e+02
1.99579778e+02
1.98794588e+02
1.98049951e+02
1.97343441e+02
1.96672811e+02
1.96035971e+02
2.71334379e+02
2.71343980e+02
2.71207803e+02
2.70726528e+02
2.69855764e+02
2.68666897e+02
2.67253861e+02
2.65696525e+02
2.64055541e+02
2.62375569e+02
2.60689258e+02
2.59020372e+02
2.57386055e+02
2.55798390e+02
2.54265543e+02
2.52792717e+02
2.51382928e+02
2.50037571e+02
2.48756831e+02
2.47539985e+02
2.46385651e+02
2.45291971e+02
2.44256761e+02
2.43277624e+02
2.42352039e+02
2.41477428e+02
2.40651206e+02
2.39870819e+02
2.39133774e+02
2.38437655e+02
2.37780139e+02
2.37159001e+02
2.36572125e+02
2.36017499e+02
2.35493222e+02
2.34997495e+02
2.34528626e+02
2.71231024e+02
2.71253507e+02
2.71261820e+02
2.71179472e+02
2.70932101e+02
2.70486765e+02
2.69851117e+02
2.69054179e+02
2.68131490e+02
2.67117601e+02
2.66043071e+02
2.64933622e+02
2.63810216e+02
2.62689459e+02
2.61584185e+02
2.60504016e+02
2.59455936e+02
2.58444815e+02
2.57473843e+02
2.56544902e+02
2.55658854e+02
2.54815787e+02
2.54015199e+02
2.53256156e+02
2.52537413e+02
2.51857507e+02
2.51214835e+02
2.50607710e+02
2.50034405e+02
2.49493191e+02
2.48982358e+02
2.48500233e+02
2.48045200e+02
2.47615700e+02
2.47210245e+02
2.46827418e+02
2.46465871e+02
2.71148992e+02
2.71190613e+02
2.71205771e+02
2.71163250e+02
2.71020323e+02
2.70752172e+02
2.70356585e+02
2.69846805e+02
2.69243493e+02
2.68569225e+02
2.67845436e+02
2.67090971e+02
2.66321611e+02
2.65550094e+02
2.64786381e+02
2.64038029e+02
2.63310586e+02
2.62607967e+02
2.61932792e+02
2.61286659e+02
2.60670375e+02
2.60084146e+02
2.59527717e+02
2.59000497e+02
2.58501653e+02
2.58030176e+02
2.57584949e+02
2.57164782e+02
2.56768454e+02
2.56394734e+02
2.56042405e+02
2.55710272e+02
2.55397181e+02
2.55102017e+02
2.54823718e+02
2.54561269e+02
2.54313710e+02
