2.69721667e+02
5.03857867e+01
4.00221245e+01
3.79106775e+01
3.54127128e+01
3.36519794e+01
3.23604455e+01
3.17284273e+01
3.11252911e+01
3.06348253e+01
2.97860658e+01
2.96220320e+01
2.89875471e+01
2.83378004e+01
2.81434186e+01
2.74050992e+01
2.74330324e+01
2.67785747e+01
2.70711808e+01
2.62499372e+01
2.60524726e+01
2.60537646e+01
2.58481458e+01
2.52678996e+01
2.53811409e+01
2.57542645e+01
2.48921372e+01
2.49671476e+01
2.48695714e+01
2.45805890e+01
2.46866353e+01
2.45293451e+01
2.43847494e+01
2.45408630e+01
2.43020086e+01
2.39035372e+01
2.39868652e+01
2.70046469e+02
1.49605576e+02
1.49876034e+02
1.50243047e+02
1.41051376e+02
1.34707970e+02
1.29268327e+02
1.23651085e+02
1.19159941e+02
1.15025153e+02
1.11857161e+02
1.08636382e+02
1.05784794e+02
1.03499380e+02
1.01037180e+02
9.92752386e+01
9.72787690e+01
9.57426207e+01
9.45307229e+01
9.30440204e+01
9.16078202e+01
9.10522829e+01
8.99147849e+01
8.87972368e+01
8.78216057e+01
8.71853799e+01
8.66223250e+01
8.59815843e+01
8.53924123e+01
8.45269455e+01
8.42483218e+01
8.38219269e+01
8.32661605e+01
8.28649659e+01
8.25252876e+01
8.22811424e+01
8.21939259e+01
2.70171857e+02
2.50080571e+02
2.46145516e+02
2.41936778e+02
2.37267101e+02
2.31988008e+02
2.26618265e+02
2.21017770e+02
2.15892263e+02
2.11133431e+02
2.06588558e+02
2.02187071e+02
1.98779776e+02
1.95323313e+02
1.92121104e+02
1.89127166e+02
1.87117989e+02
1.84804289e+02
1.82519478e+02
1.80535930e+02
1.78564770e+02
1.77351500e+02
1.75753823e+02
1.74399409e+02
1.73307881e+02
1.72260201e+02
1.71363590e+02
1.69776290e+02
1.69328452e+02
1.68498886e+02
1.67872210e+02
1.66651307e+02
1.66179265e+02
1.65606757e+02
1.65492533e+02
1.64977840e+02
1.64326900e+02
2.70887375e+02
2.70331674e+02
2.70341187e+02
2.69414958e+02
2.68597184e+02
2.67441581e+02
2.66171575e+02
2.64501700e+02
2.62680824e+02
2.60864927e+02
2.59012918e+02
2.56771359e+02
2.55116701e+02
2.53671428e+02
2.52206444e+02
2.50897469e+02
2.49328963e+02
2.47902772e+02
2.46858697e+02
2.45653866e+02
2.44790350e+02
2.43689864e+02
2.42791762e+02
2.41403101e+02
2.41158993e+02
2.40395645e+02
2.39280144e+02
2.39193617e+02
2.38102161e+02
2.37783099e+02
2.36993518e+02
2.36823922e+02
2.36203091e+02
2.35914810e+02
2.35392834e+02
2.35366855e+02
2.34730700e+02
2.68335543e+02
2.68249521e+02
2.67801053e+02
2.68304504e+02
2.67453139e+02
2.67751504e+02
2.67581765e+02
2.67517202e+02
2.66973184e+02
2.66523917e+02
2.66200663e+02
2.66228523e+02
2.65778700e+02
2.65447975e+02
2.65278213e+02
2.64744713e+02
2.64527724e+02
2.64562949e+02
2.64489157e+02
2.64070390e+02
2.64183462e+02
2.63459120e+02
2.63877330e+02
2.63563208e+02
2.62869514e+02
2.63126691e+02
2.63393875e+02
2.62627058e+02
2.63106659e+02
2.62629420e+02
2.62818386e+02
2.62681730e+02
2.62685375e+02
2.62888933e+02
2.62313288e+02
2.62439974e+02
2.62455724e+02
2.72639106e+02
2.71647604e+02
2.69022049e+02
2.64397868e+02
2.58842486e+02
2.54038024e+02
2.49182697e+02
2.43991683e+02
2.39529725e+02
2.35144492e+02
2.31396421e+02
2.27735789e+02
2.24359527e+02
2.21172258e+02
2.18568644e+02
2.15959301e+02
2.13341436e+02
2.11252004e+02
2.09329470e+02
2.07700893e+02
2.05502415e+02
2.03649159e+02
2.02513569e+02
2.00646879e+02
1.99374677e+02
1.98028731e+02
1.96823863e+02
1.95939302e+02
1.95048926e+02
1.93620040e+02
1.93128928e+02
1.92282242e+02
1.91132288e+02
1.90248351e+02
1.89566267e+02
1.88870394e+02
1.88148769e+02
2.72504058e+02
2.71573473e+02
2.67466563e+02
2.63197934e+02
2.57916481e+02
2.53398886e+02
2.49150059e+02
2.44773875e+02
2.41323701e+02
2.37209208e+02
2.34658418e+02
2.31232335e+02
2.28181040e+02
2.25667913e+02
2.23120835e+02
2.21039880e+02
2.18843480e+02
2.17019011e+02
2.15156715e+02
2.13367481e+02
2.12311365e+02
2.10473443e+02
2.09159443e+02
2.07684379e+02
2.06813490e+02
2.04946021e+02
2.03989424e+02
2.03090744e+02
2.02314944e+02
2.01435469e+02
2.00240315e+02
1.99755669e+02
1.98683673e+02
1.98157284e+02
1.97450483e+02
1.96701654e+02
1.95842217e+02
2.72031803e+02
2.72418867e+02
2.72004891e+02
2.71528117e+02
2.70280911e+02
2.69107611e+02
2.67619944e+02
2.66259372e+02
2.64631204e+02
2.62771806e+02
2.61228193e+02
2.59472709e+02
2.57839509e+02
2.56030734e+02
2.54564316e+02
2.52731977e+02
2.51003719e+02
2.49906021e+02
2.48794984e+02
2.47377109e+02
2.46289615e+02
2.45300125e+02
2.44277332e+02
2.43489753e+02
2.42345175e+02
2.41706506e+02
2.40400091e+02
2.40430422e+02
2.39255447e+02
2.38698448e+02
2.37996818e+02
2.37053450e+02
2.36727151e+02
2.36155865e+02
2.35536549e+02
2.34777891e+02
2.34574263e+02
2.71497042e+02
2.71702212e+02
2.71858424e+02
2.71436231e+02
2.71940682e+02
2.70906649e+02
2.70293240e+02
2.69263373e+02
2.68616923e+02
2.67594423e+02
2.66646751e+02
2.65207188e+02
2.64269122e+02
2.62965801e+02
2.61841235e+02
2.61114635e+02
2.59841399e+02
2.58602585e+02
2.57791361e+02
2.56802496e+02
2.55814903e+02
2.55189665e+02
2.54218693e+02
2.53425546e+02
2.52962185e+02
2.52520886e+02
2.51562265e+02
2.51045227e+02
2.50378419e+02
2.49770803e+02
2.49236317e+02
2.49080903e+02
2.48658197e+02
2.47892728e+02
2.47659133e+02
2.47393190e+02
2.46622114e+02
2.71626097e+02
2.71517726e+02
2.71720304e+02
2.71442724e+02
2.71376590e+02
2.70903007e+02
2.70610695e+02
2.70466132e+02
2.69527195e+02
2.68908499e+02
2.67790813e+02
2.67682058e+02
2.66716841e+02
2.65766083e+02
2.65424508e+02
2.64539522e+02
2.63851811e+02
2.63237671e+02
2.62293931e+02
2.61417173e+02
2.61120133e+02
2.60330492e+02
2.59816501e+02
2.59080752e+02
2.59096039e+02
2.58292131e+02
2.57800030e+02
2.57728972e+02
2.56902953e+02
2.56687005e+02
2.56286776e+02
2.56403833e+02
2.55892932e+02
2.55413586e+02
2.55080395e+02
2.55158791e+02
2.54726233e+02
