2.69918127e+02
5.00631223e+01
4.03250973e+01
3.73109523e+01
3.50973068e+01
3.37071917e+01
3.24215888e+01
3.15374290e+01
3.12483959e+01
3.02898688e+01
2.98781102e+01
2.91455448e+01
2.90901151e+01
2.84284124e+01
2.77788837e+01
2.77624627e+01
2.74492837e+01
2.71285264e+01
2.72548925e+01
2.62528782e+01
2.59124510e+01
2.58206398e+01
2.61813206e+01
2.54566714e+01
2.56093359e+01
2.51461981e+01
2.53258344e+01
2.47780834e+01
2.50817657e+01
2.47334203e+01
2.43300797e+01
2.40949583e+01
2.48158197e+01
2.43568545e+01
2.41671508e+01
2.40603959e+01
2.41756145e+01
2.70058170e+02
1.49965012e+02
1.50039626e+02
1.49989777e+02
1.42130192e+02
1.35401533e+02
1.29365347e+02
1.24297416e+02
1.19342593e+02
1.15182109e+02
1.12050791e+02
1.08800809e+02
1.06044602e+02
1.03513260e+02
1.01718226e+02
9.93884702e+01
9.76138616e+01
9.57479313e+01
9.44131221e+01
9.33361083e+01
9.20782185e+01
9.08752821e+01
8.98423863e+01
8.90806072e+01
8.81905637e+01
8.72857642e+01
8.68345957e+01
8.57678867e+01
8.54104959e+01
8.46655525e+01
8.41799798e+01
8.36334475e+01
8.33197824e+01
8.29181461e+01
8.27600984e+01
8.19286014e+01
8.15891499e+01
2.69682015e+02
2.50281327e+02
2.46144901e+02
2.42167127e+02
2.37421023e+02
2.31946983e+02
2.26613466e+02
2.21518280e+02
2.15690378e+02
2.11317014e+02
2.06729025e+02
2.02504436e+02
1.98881959e+02
1.95621251e+02
1.92334215e+02
1.89885933e+02
1.87106314e+02
1.84936902e+02
1.83061995e+02
1.80701535e+02
1.78866863e+02
1.77218550e+02
1.75887200e+02
1.74249713e+02
1.73400240e+02
1.72272896e+02
1.70682133e+02
1.69767327e+02
1.68926211e+02
1.67867703e+02
1.67055451e+02
1.66503509e+02
1.65859731e+02
1.64711131e+02
1.64609936e+02
1.63963441e+02
1.63588872e+02
2.70922765e+02
2.70943241e+02
2.70551920e+02
2.69687423e+02
2.68802154e+02
2.67681914e+02
2.66340018e+02
2.64520174e+02
2.62860369e+02
2.60777043e+02
2.58894864e+02
2.57037518e+02
2.55213419e+02
2.53705503e+02
2.51774652e+02
2.50628845e+02
2.49174145e+02
2.47377109e+02
2.46446084e+02
2.45236029e+02
2.43947133e+02
2.43107389e+02
2.41821149e+02
2.40807821e+02
2.40834831e+02
2.39518564e+02
2.38648034e+02
2.38347085e+02
2.37153884e+02
2.36986119e+02
2.36054837e+02
2.35917351e+02
2.35162886e+02
2.34810649e+02
2.34148743e+02
2.33944784e+02
2.33374705e+02
2.67957360e+02
2.68291884e+02
2.67764714e+02
2.68207081e+02
2.67881818e+02
2.67606759e+02
2.67788537e+02
2.67275109e+02
2.66707301e+02
2.66350163e+02
2.66674887e+02
2.66157469e+02
2.65368325e+02
2.65208411e+02
2.65243895e+02
2.64846484e+02
2.64557107e+02
2.64534050e+02
2.64067838e+02
2.63969204e+02
2.63837779e+02
2.63623349e+02
2.62957821e+02
2.63345262e+02
2.62777098e+02
2.62481689e+02
2.62769082e+02
2.62598449e+02
2.62383724e+02
2.62186022e+02
2.62372430e+02
2.62698599e+02
2.62128343e+02
2.61930140e+02
2.61882201e+02
2.61830272e+02
2.61500895e+02
2.72206857e+02
2.71165709e+02
2.67524439e+02
2.62574142e+02
2.57068313e+02
2.51872060e+02
2.46401293e+02
2.41560323e+02
2.36986968e+02
2.32879292e+02
2.28988404e+02
2.25739278e+02
2.22000498e+02
2.18502775e+02
2.16123005e+02
2.13330054e+02
2.10643754e+02
2.08680382e+02
2.06726794e+02
2.04808506e+02
2.02264517e+02
2.00751984e+02
1.99196405e+02
1.97758161e+02
1.96488979e+02
1.95129332e+02
1.93589479e+02
1.92500296e+02
1.91386077e+02
1.90016879e+02
1.89448732e+02
1.88319159e+02
1.87293099e+02
1.86627968e+02
1.85752733e+02
1.84661306e+02
1.84203548e+02
2.72247652e+02
2.71232727e+02
2.67801347e+02
2.62673863e+02
2.57709397e+02
2.52967150e+02
2.48250345e+02
2.44209728e+02
2.40201870e+02
2.37112139e+02
2.33055802e+02
2.30069628e+02
2.26950408e+02
2.24385128e+02
2.21771101e+02
2.19814133e+02
2.17299237e+02
2.15114668e+02
2.13036844e+02
2.11307133e+02
2.09794313e+02
2.08081768e+02
2.06618230e+02
2.05178286e+02
2.03851945e+02
2.02421263e+02
2.01360710e+02
2.00579062e+02
1.99288412e+02
1.98286921e+02
1.97269955e+02
1.96313300e+02
1.95462419e+02
1.94420601e+02
1.94164356e+02
1.93153630e+02
1.92624330e+02
2.72110639e+02
2.72313035e+02
2.72430639e+02
2.71361235e+02
2.70464861e+02
2.69502805e+02
2.67788223e+02
2.66032686e+02
2.64563748e+02
2.62767925e+02
2.60739731e+02
2.58797064e+02
2.56748826e+02
2.54917965e+02
2.53361899e+02
2.51913142e+02
2.49959167e+02
2.48441250e+02
2.46766790e+02
2.45050556e+02
2.44020433e+02
2.42483454e+02
2.41390362e+02
2.40097918e+02
2.38888161e+02
2.38129272e+02
2.36997795e+02
2.36366442e+02
2.35268217e+02
2.34359672e+02
2.33562000e+02
2.33064641e+02
2.31742398e+02
2.31373657e+02
2.31072321e+02
2.29948825e+02
2.29542446e+02
2.72191729e+02
2.72644626e+02
2.72138633e+02
2.72046210e+02
2.71727602e+02
2.71024498e+02
2.70307183e+02
2.69253587e+02
2.68533828e+02
2.67584164e+02
2.66182990e+02
2.64873128e+02
2.64066046e+02
2.62536276e+02
2.61073308e+02
2.60319690e+02
2.59338676e+02
2.57559466e+02
2.56346834e+02
2.55556012e+02
2.54738001e+02
2.53662619e+02
2.52949763e+02
2.52329088e+02
2.51423789e+02
2.50647347e+02
2.49697233e+02
2.49316528e+02
2.48593648e+02
2.47871129e+02
2.47254895e+02
2.46547022e+02
2.46306141e+02
2.45770517e+02
2.44743779e+02
2.44738440e+02
2.44294601e+02
2.71680407e+02
2.71771898e+02
2.71414613e+02
2.71724538e+02
2.71496595e+02
2.71196652e+02
2.70769456e+02
2.70068306e+02
2.70070711e+02
2.69271657e+02
2.68878710e+02
2.68068175e+02
2.67448371e+02
2.66642281e+02
2.66147092e+02
2.65641005e+02
2.64809503e+02
2.64325476e+02
2.63900536e+02
2.62943455e+02
2.62484382e+02
2.61681460e+02
2.61415356e+02
2.61233894e+02
2.60538324e+02
2.60720818e+02
2.59969419e+02
2.59630642e+02
2.59264719e+02
2.58782164e+02
2.58466256e+02
2.58091797e+02
2.57956946e+02
2.58095259e+02
2.57604002e+02
2.57077456e+02
2.57660973e+02
