2.70236129e+02
4.98268131e+01
4.00068890e+01
3.73780590e+01
3.55659747e+01
3.39214149e+01
3.28288511e+01
3.16601470e+01
3.08328714e+01
3.06060998e+01
2.96147870e+01
2.91072085e+01
2.90245137e+01
2.80566741e+01
2.80923257e+01
2.78431208e+01
2.69959010e+01
2.68676857e+01
2.66008324e+01
2.64542290e+01
2.59978431e+01
2.57153505e+01
2.55718269e+01
2.56617340e+01
2.55505623e+01
2.48387158e+01
2.52663739e+01
2.46071361e+01
2.46796334e+01
2.49423833e+01
2.45632399e+01
2.43728700e+01
2.43083883e+01
2.43361482e+01
2.43552373e+01
2.41297634e+01
2.39479492e+01
2.70182283e+02
1.50148456e+02
1.50350692e+02
1.49787418e+02
1.41460440e+02
1.34789173e+02
1.29226438e+02
1.23129473e+02
1.18978971e+02
1.15069522e+02
1.11674348e+02
1.08597669e+02
1.05642244e+02
1.03314954e+02
1.01086924e+02
9.94136489e+01
9.72718521e+01
9.55194864e+01
9.44981873e+01
9.29062758e+01
9.14479315e+01
9.04107800e+01
8.98657453e+01
8.83388059e+01
8.76456139e+01
8.68394818e+01
8.63407548e+01
8.56928619e+01
8.52238891e+01
8.45247665e+01
8.42025562e+01
8.39740748e+01
8.30131589e+01
8.27772805e+01
8.21094505e+01
8.21860895e+01
8.14425542e+01
2.69924488e+02
2.50188228e+02
2.46188040e+02
2.41920381e+02
2.37024873e+02
2.31832109e+02
2.26275541e+02
2.21061701e+02
2.15482946e+02
2.10883906e+02
2.06434354e+02
2.02487135e+02
1.98234766e+02
1.95513714e+02
1.92406736e+02
1.89447965e+02
1.86769728e+02
1.84650344e+02
1.82436255e+02
1.80245891e+02
1.78823920e+02
1.76820003e+02
1.75464672e+02
1.74166648e+02
1.72740789e+02
1.72002067e+02
1.70971325e+02
1.69900855e+02
1.68951368e+02
1.68196353e+02
1.66996389e+02
1.66809887e+02
1.65835410e+02
1.65103968e+02
1.64693909e+02
1.64402346e+02
1.63846135e+02
2.70554063e+02
2.70435192e+02
2.69844041e+02
2.69320453e+02
2.68605364e+02
2.67476118e+02
2.66216240e+02
2.64314416e+02
2.62309950e+02
2.60672421e+02
2.58882397e+02
2.57280898e+02
2.55256858e+02
2.53760424e+02
2.52091509e+02
2.50664221e+02
2.49362373e+02
2.48111834e+02
2.46674807e+02
2.45274827e+02
2.44714413e+02
2.43363399e+02
2.42260972e+02
2.41267395e+02
2.40740305e+02
2.39395104e+02
2.39417208e+02
2.38986743e+02
2.37868359e+02
2.37679924e+02
2.36958950e+02
2.36594350e+02
2.35840326e+02
2.35918477e+02
2.35531552e+02
2.34779195e+02
2.33995922e+02
2.68282183e+02
2.67927600e+02
2.68296803e+02
2.68043730e+02
2.67638734e+02
2.67731099e+02
2.67191425e+02
2.67337757e+02
2.66961204e+02
2.66595481e+02
2.66125995e+02
2.65895694e+02
2.65412134e+02
2.65680511e+02
2.64891818e+02
2.64801803e+02
2.64337378e+02
2.64156896e+02
2.64102706e+02
2.63923220e+02
2.63675949e+02
2.63771522e+02
2.63143589e+02
2.63110827e+02
2.62930249e+02
2.63174492e+02
2.62527149e+02
2.62792101e+02
2.62470545e+02
2.62637848e+02
2.62216774e+02
2.62517016e+02
2.62051716e+02
2.62418487e+02
2.62097402e+02
2.62016563e+02
2.61655503e+02
2.71575471e+02
2.71165698e+02
2.67893021e+02
2.62417161e+02
2.56348245e+02
2.51289977e+02
2.45904770e+02
2.40749393e+02
2.35889975e+02
2.31739957e+02
2.27969987e+02
2.24305081e+02
2.21064934e+02
2.17796758e+02
2.14920590e+02
2.12160575e+02
2.09949532e+02
2.07804775e+02
2.05197783e+02
2.03635548e+02
2.02103639e+02
2.00270580e+02
1.98762215e+02
1.96837314e+02
1.96099994e+02
1.94794181e+02
1.93490866e+02
1.92737233e+02
1.91138949e+02
1.90089749e+02
1.89262586e+02
1.88258731e+02
1.87869110e+02
1.86642100e+02
1.85794244e+02
1.85058343e+02
1.84914182e+02
2.72026753e+02
2.70932892e+02
2.67345498e+02
2.62121076e+02
2.57293148e+02
2.52325112e+02
2.47819680e+02
2.43646867e+02
2.39703537e+02
2.35520101e+02
2.32626435e+02
2.29157990e+02
2.26442368e+02
2.23601448e+02
2.21331563e+02
2.18698387e+02
2.16908637e+02
2.14780488e+02
2.13199588e+02
2.11011501e+02
2.09443168e+02
2.07688229e+02
2.06313958e+02
2.05562815e+02
2.03912019e+02
2.02990805e+02
2.01639607e+02
2.00283675e+02
1.99540882e+02
1.98910399e+02
1.97885795e+02
1.96794867e+02
1.96551476e+02
1.95556828e+02
1.94858655e+02
1.94332832e+02
1.93680376e+02
2.71954084e+02
2.71810104e+02
2.71866651e+02
2.71471441e+02
2.70421533e+02
2.69306100e+02
2.67515634e+02
2.65560143e+02
2.64262979e+02
2.62086772e+02
2.60635385e+02
2.58750876e+02
2.56840497e+02
2.54889728e+02
2.53639341e+02
2.52440201e+02
2.50673823e+02
2.49503574e+02
2.47931920e+02
2.47226362e+02
2.45603307e+02
2.44279177e+02
2.43576187e+02
2.42575494e+02
2.41306258e+02
2.40358003e+02
2.39713005e+02
2.39115273e+02
2.38105451e+02
2.37450914e+02
2.36599380e+02
2.36509070e+02
2.35685291e+02
2.35432440e+02
2.34695044e+02
2.34438454e+02
2.33788904e+02
2.71806005e+02
2.71465919e+02
2.71401734e+02
2.71435158e+02
2.71256028e+02
2.70705161e+02
2.70024287e+02
2.69347283e+02
2.68144200e+02
2.66759350e+02
2.66004235e+02
2.64915999e+02
2.63799421e+02
2.62634425e+02
2.61452210e+02
2.60376423e+02
2.58987957e+02
2.58089579e+02
2.56994749e+02
2.56258657e+02
2.55494181e+02
2.54120297e+02
2.53752639e+02
2.52823235e+02
2.52277400e+02
2.51406245e+02
2.51013857e+02
2.50219369e+02
2.49786205e+02
2.49672993e+02
2.48580670e+02
2.48560426e+02
2.47831728e+02
2.47611381e+02
2.46815620e+02
2.46773124e+02
2.46288886e+02
2.71566108e+02
2.71536724e+02
2.71933792e+02
2.71491177e+02
2.71237315e+02
2.70946799e+02
2.70037426e+02
2.70034811e+02
2.69483390e+02
2.68718277e+02
2.68089089e+02
2.67482640e+02
2.66669036e+02
2.65336278e+02
2.65170360e+02
2.64226753e+02
2.63482029e+02
2.62803083e+02
2.61987725e+02
2.61867789e+02
2.61075724e+02
2.60349945e+02
2.59839995e+02
2.59234292e+02
2.58577977e+02
2.58001627e+02
2.57879044e+02
2.57417015e+02
2.57120507e+02
2.56683866e+02
2.56298657e+02
2.56147303e+02
2.55810225e+02
2.55879049e+02
2.54926545e+02
2.54933844e+02
2.54499716e+02
