2.70044188e+02
4.98835232e+01
4.02698405e+01
3.76235183e+01
3.53102436e+01
3.40524499e+01
3.28750937e+01
3.19771113e+01
3.10472819e+01
3.05450535e+01
3.00822356e+01
2.98183471e+01
2.90781306e+01
2.88217232e+01
2.83640743e+01
2.76387458e+01
2.75969428e+01
2.71311379e+01
2.67724026e+01
2.64593883e+01
2.62582585e+01
2.61889768e+01
2.59329370e+01
2.58222527e+01
2.54188551e+01
2.54424695e+01
2.47475195e+01
2.50861370e+01
2.48734300e+01
2.48169781e+01
2.47558135e+01
2.45798486e+01
2.45164442e+01
2.43465315e+01
2.47622498e+01
2.44796701e+01
2.40105261e+01
2.69882910e+02
1.50237753e+02
1.50155857e+02
1.50182058e+02
1.41557189e+02
1.35109023e+02
1.28740978e+02
1.23794383e+02
1.19055290e+02
1.15328410e+02
1.11527508e+02
1.08287816e+02
1.05973476e+02
1.03353616e+02
1.00863490e+02
9.91374450e+01
9.74150555e+01
9.57397308e+01
9.41987393e+01
9.28935423e+01
9.18019509e+01
9.08605475e+01
8.98498032e+01
8.91073140e+01
8.78350558e+01
8.71855214e+01
8.67152971e+01
8.63447774e+01
8.51861332e+01
8.46849724e+01
8.43117160e+01
8.36334603e+01
8.36990542e+01
8.28188729e+01
8.25858453e+01
8.26353915e+01
8.18679980e+01
2.69721093e+02
2.49878366e+02
2.46047962e+02
2.41505058e+02
2.36764157e+02
2.31479313e+02
2.26255234e+02
2.20709389e+02
2.15403716e+02
2.11019051e+02
2.06250594e+02
2.02108131e+02
1.98688352e+02
1.95517722e+02
1.92343086e+02
1.89539267e+02
1.87247828e+02
1.84539966e+02
1.82336158e+02
1.80826652e+02
1.79020384e+02
1.77125266e+02
1.75359268e+02
1.74619160e+02
1.73372187e+02
1.71524446e+02
1.70935870e+02
1.69689337e+02
1.68908787e+02
1.68150534e+02
1.67125403e+02
1.66461535e+02
1.65990909e+02
1.65672215e+02
1.64901198e+02
1.64126778e+02
1.63743875e+02
2.69270981e+02
2.69294782e+02
2.69329153e+02
2.69209588e+02
2.68194916e+02
2.66983277e+02
2.65771364e+02
2.64045014e+02
2.62255959e+02
2.60954709e+02
2.58908172e+02
2.56942761e+02
2.55347349e+02
2.53745940e+02
2.52494200e+02
2.50742253e+02
2.48904436e+02
2.48158724e+02
2.46596844e+02
2.45396206e+02
2.44756445e+02
2.43416714e+02
2.42928352e+02
2.41707410e+02
2.40716203e+02
2.39648764e+02
2.39605082e+02
2.38674766e+02
2.38149897e+02
2.37762877e+02
2.36831996e+02
2.36340633e+02
2.36110320e+02
2.35549442e+02
2.35322813e+02
2.34568256e+02
2.34443622e+02
2.67820784e+02
2.68126624e+02
2.67778906e+02
2.68170283e+02
2.67626269e+02
2.67875297e+02
2.67629009e+02
2.67121491e+02
2.67319092e+02
2.66250773e+02
2.66573323e+02
2.65826076e+02
2.65253825e+02
2.65206030e+02
2.65240160e+02
2.64726929e+02
2.64790116e+02
2.64365209e+02
2.64115348e+02
2.63636378e+02
2.63670655e+02
2.63657749e+02
2.63255579e+02
2.63288612e+02
2.62934497e+02
2.62888842e+02
2.62539771e+02
2.62941694e+02
2.62030974e+02
2.62572399e+02
2.62337459e+02
2.62041086e+02
2.61747317e+02
2.62036620e+02
2.61756697e+02
2.61895515e+02
2.61854590e+02
2.75519427e+02
2.74411569e+02
2.70879140e+02
2.65472379e+02
2.59909817e+02
2.54460776e+02
2.48976799e+02
2.44264729e+02
2.39549189e+02
2.34927461e+02
2.31026565e+02
2.26865646e+02
2.23533380e+02
2.20467364e+02
2.17776983e+02
2.14995796e+02
2.12422807e+02
2.10331312e+02
2.07671204e+02
2.05895140e+02
2.04309649e+02
2.02555939e+02
2.00801295e+02
1.98909927e+02
1.97812701e+02
1.96090261e+02
1.95541716e+02
1.93933286e+02
1.92639518e+02
1.91696645e+02
1.90396006e+02
1.89276728e+02
1.88637876e+02
1.87777691e+02
1.86790699e+02
1.86438529e+02
1.85804659e+02
2.74931559e+02
2.73825426e+02
2.69712073e+02
2.65537793e+02
2.60131733e+02
2.54866910e+02
2.50844930e+02
2.46294871e+02
2.42509785e+02
2.39114575e+02
2.35141500e+02
2.31749159e+02
2.28705006e+02
2.26383083e+02
2.23758281e+02
2.21363658e+02
2.18925896e+02
2.17068838e+02
2.15060844e+02
2.12955825e+02
2.11472948e+02
2.09808015e+02
2.08354229e+02
2.06727952e+02
2.05506582e+02
2.04078035e+02
2.02953205e+02
2.01771748e+02
2.00857272e+02
2.00171237e+02
1.99214887e+02
1.98110847e+02
1.97348731e+02
1.96240383e+02
1.95387620e+02
1.95006721e+02
1.94112857e+02
2.72505801e+02
2.72325659e+02
2.72191370e+02
2.71974873e+02
2.70650577e+02
2.70283455e+02
2.68316421e+02
2.67153504e+02
2.65352292e+02
2.63486686e+02
2.61062209e+02
2.60046245e+02
2.57956165e+02
2.56642933e+02
2.55054460e+02
2.53190218e+02
2.51580012e+02
2.50173299e+02
2.48887237e+02
2.47491875e+02
2.46312191e+02
2.45140363e+02
2.44300963e+02
2.43029600e+02
2.41755052e+02
2.40837292e+02
2.39761601e+02
2.39381400e+02
2.38185567e+02
2.37491337e+02
2.36727341e+02
2.36275817e+02
2.35322583e+02
2.35176331e+02
2.34467121e+02
2.33966277e+02
2.33514189e+02
2.71509648e+02
2.71493656e+02
2.72303583e+02
2.71865589e+02
2.71419550e+02
2.71594890e+02
2.70476760e+02
2.69828584e+02
2.68865490e+02
2.67894998e+02
2.66702353e+02
2.65494006e+02
2.64095842e+02
2.63016075e+02
2.61667170e+02
2.60578615e+02
2.59743889e+02
2.58804013e+02
2.57712265e+02
2.56900436e+02
2.55393867e+02
2.54808121e+02
2.53844949e+02
2.53271583e+02
2.52117338e+02
2.51819869e+02
2.50805986e+02
2.50288738e+02
2.49931403e+02
2.48935519e+02
2.48272778e+02
2.48067932e+02
2.47426854e+02
2.46831787e+02
2.46915436e+02
2.46139100e+02
2.45863698e+02
2.71179212e+02
2.71310858e+02
2.71480082e+02
2.71356288e+02
2.71201110e+02
2.71445905e+02
2.70621941e+02
2.70240934e+02
2.69754854e+02
2.68993662e+02
2.68606697e+02
2.67347606e+02
2.66560606e+02
2.66281128e+02
2.65227560e+02
2.64426544e+02
2.62985765e+02
2.62802753e+02
2.62008351e+02
2.61540122e+02
2.60381574e+02
2.60092826e+02
2.59211421e+02
2.58711199e+02
2.58487383e+02
2.57695753e+02
2.57352414e+02
2.57184583e+02
2.56379948e+02
2.55953780e+02
2.55836109e+02
2.55415726e+02
2.54970474e+02
2.54798946e+02
2.54214409e+02
2.54098370e+02
2.54048125e+02
