-2.2000e+02
-9.7126e+00
-2.9146e+00
-2.1273e+00
-1.4815e+00
-1.1195e+00
-8.9072e-01
-7.3212e-01
-6.1517e-01
-5.2522e-01
-4.5393e-01
-4.8087e-01
-4.8375e-01
-4.3523e-01
-3.9077e-01
-3.5182e-01
-3.1786e-01
-2.8817e-01
-2.6212e-01
-2.3914e-01
-2.1880e-01
-2.0069e-01
-1.8451e-01
-1.7000e-01
-1.5693e-01
-1.4513e-01
-1.3443e-01
-1.2471e-01
-1.1586e-01
-1.0777e-01
-1.0037e-01
-9.3577e-02
-8.7340e-02
-8.1597e-02
-7.6303e-02
-7.1417e-02
-1.2000e+02
0.0000e+00
0.0000e+00
-8.5620e+00
-6.5629e+00
-6.0100e+00
-5.2726e+00
-4.5914e+00
-4.0048e+00
-3.5083e+00
-3.0884e+00
-2.7367e+00
-2.4546e+00
-2.2086e+00
-1.9886e+00
-1.7928e+00
-1.6191e+00
-1.4648e+00
-1.3276e+00
-1.2053e+00
-1.0961e+00
-9.9841e-01
-9.1082e-01
-8.3214e-01
-7.6133e-01
-6.9749e-01
-6.3983e-01
-5.8766e-01
-5.4039e-01
-4.9750e-01
-4.5852e-01
-4.2304e-01
-3.9072e-01
-3.6122e-01
-3.3427e-01
-3.0962e-01
-2.0000e+01
-3.8347e+00
-4.4856e+00
-4.7338e+00
-5.2392e+00
-5.5600e+00
-5.4672e+00
-5.1788e+00
-4.8136e+00
-4.4289e+00
-4.0521e+00
-3.6960e+00
-3.3667e+00
-3.0667e+00
-2.7949e+00
-2.5487e+00
-2.3257e+00
-2.1235e+00
-1.9402e+00
-1.7741e+00
-1.6235e+00
-1.4868e+00
-1.3628e+00
-1.2502e+00
-1.1479e+00
-1.0548e+00
-9.7018e-01
-8.9308e-01
-8.2280e-01
-7.5870e-01
-7.0018e-01
-6.4671e-01
-5.9780e-01
-5.5305e-01
-5.1205e-01
-4.7446e-01
-3.7603e-02
-2.4955e-01
-5.0819e-01
-8.4032e-01
-1.1776e+00
-1.4590e+00
-1.6605e+00
-1.7815e+00
-1.8347e+00
-1.8366e+00
-1.8018e+00
-1.7425e+00
-1.6677e+00
-1.5840e+00
-1.4960e+00
-1.4072e+00
-1.3196e+00
-1.2346e+00
-1.1531e+00
-1.0756e+00
-1.0024e+00
-9.3349e-01
-8.6892e-01
-8.0855e-01
-7.5226e-01
-6.9985e-01
-6.5111e-01
-6.0585e-01
-5.6385e-01
-5.2490e-01
-4.8879e-01
-4.5532e-01
-4.2430e-01
-3.9557e-01
-3.6894e-01
-3.4427e-01
-2.1000e-05
-1.8195e-02
-5.3024e-02
-1.0078e-01
-1.5599e-01
-2.0798e-01
-2.4949e-01
-2.7800e-01
-2.9421e-01
-3.0031e-01
-2.9881e-01
-2.9197e-01
-2.8157e-01
-2.6895e-01
-2.5509e-01
-2.4070e-01
-2.2626e-01
-2.1208e-01
-1.9837e-01
-1.8524e-01
-1.7278e-01
-1.6101e-01
-1.4995e-01
-1.3958e-01
-1.2989e-01
-1.2087e-01
-1.1246e-01
-1.0465e-01
-9.7391e-02
-9.0656e-02
-8.4410e-02
-7.8620e-02
-7.3252e-02
-6.8278e-02
-6.3668e-02
-5.9397e-02
-9.9038e-01
-3.6255e+00
-5.1549e+00
-5.6368e+00
-5.6352e+00
-5.4145e+00
-5.0962e+00
-4.7426e+00
-4.3860e+00
-4.0433e+00
-3.7225e+00
-3.4266e+00
-3.1569e+00
-2.9130e+00
-2.6924e+00
-2.4926e+00
-2.3113e+00
-2.1465e+00
-1.9966e+00
-1.8597e+00
-1.7346e+00
-1.6200e+00
-1.5148e+00
-1.4181e+00
-1.3289e+00
-1.2465e+00
-1.1703e+00
-1.0997e+00
-1.0342e+00
-9.7332e-01
-9.1669e-01
-8.6394e-01
-8.1474e-01
-7.6882e-01
-7.2591e-01
-6.8579e-01
-1.0676e+00
-3.6334e+00
-4.8317e+00
-5.0268e+00
-4.8771e+00
-4.6185e+00
-4.3270e+00
-4.0313e+00
-3.7445e+00
-3.4729e+00
-3.2192e+00
-2.9845e+00
-2.7692e+00
-2.5727e+00
-2.3931e+00
-2.2283e+00
-2.0771e+00
-1.9380e+00
-1.8100e+00
-1.6920e+00
-1.5831e+00
-1.4825e+00
-1.3894e+00
-1.3031e+00
-1.2231e+00
-1.1488e+00
-1.0798e+00
-1.0155e+00
-9.5562e-01
-8.9982e-01
-8.4776e-01
-7.9916e-01
-7.5374e-01
-7.1128e-01
-6.7156e-01
-6.3437e-01
-1.0936e-02
-1.4533e-01
-4.8798e-01
-8.9894e-01
-1.2471e+00
-1.4968e+00
-1.6585e+00
-1.7520e+00
-1.7951e+00
-1.8015e+00
-1.7812e+00
-1.7417e+00
-1.6888e+00
-1.6267e+00
-1.5589e+00
-1.4879e+00
-1.4154e+00
-1.3430e+00
-1.2715e+00
-1.2017e+00
-1.1342e+00
-1.0693e+00
-1.0072e+00
-9.4801e-01
-8.9189e-01
-8.3878e-01
-7.8865e-01
-7.4141e-01
-6.9696e-01
-6.5521e-01
-6.1601e-01
-5.7925e-01
-5.4479e-01
-5.1251e-01
-4.8228e-01
-4.5397e-01
2.2140e-03
-1.6834e-02
-1.0750e-01
-2.7682e-01
-4.8146e-01
-6.7821e-01
-8.4436e-01
-9.7304e-01
-1.0653e+00
-1.1254e+00
-1.1585e+00
-1.1696e+00
-1.1633e+00
-1.1437e+00
-1.1142e+00
-1.0776e+00
-1.0360e+00
-9.9144e-01
-9.4511e-01
-8.9813e-01
-8.5132e-01
-8.0528e-01
-7.6045e-01
-7.1714e-01
-6.7557e-01
-6.3587e-01
-5.9811e-01
-5.6232e-01
-5.2849e-01
-4.9659e-01
-4.6656e-01
-4.3833e-01
-4.1184e-01
-3.8698e-01
-3.6370e-01
-3.4189e-01
8.0730e-03
-5.2130e-03
-5.9380e-02
-1.5943e-01
-2.8575e-01
-4.1468e-01
-5.3003e-01
-6.2402e-01
-6.9460e-01
-7.4299e-01
-7.7192e-01
-7.8462e-01
-7.8429e-01
-7.7384e-01
-7.5577e-01
-7.3217e-01
-7.0475e-01
-6.7484e-01
-6.4349e-01
-6.1151e-01
-5.7951e-01
-5.4795e-01
-5.1716e-01
-4.8739e-01
-4.5878e-01
-4.3145e-01
-4.0546e-01
-3.8083e-01
-3.5755e-01
-3.3561e-01
-3.1497e-01
-2.9558e-01
-2.7740e-01
-2.6036e-01
-2.4440e-01
-2.2947e-01
