2.70083006e+02
4.98264868e+01
4.05781766e+01
3.73851719e+01
3.56506862e+01
3.41026574e+01
3.26359149e+01
3.19422919e+01
3.10236949e+01
3.01292211e+01
2.99146124e+01
2.97497428e+01
2.92440697e+01
2.86278499e+01
2.78776336e+01
2.76912120e+01
2.75689797e+01
2.69416721e+01
2.65038729e+01
2.65697266e+01
2.63395398e+01
2.59279280e+01
2.58887051e+01
2.60799991e+01
2.51443492e+01
2.54476237e+01
2.46683133e+01
2.53073598e+01
2.48396856e+01
2.44950870e+01
2.43872832e+01
2.46002347e+01
2.44430957e+01
2.40597410e+01
2.41855537e+01
2.41410852e+01
2.42521524e+01
2.69793142e+02
1.50017958e+02
1.50239930e+02
1.50301576e+02
1.41593052e+02
1.34989603e+02
1.28986623e+02
1.23958544e+02
1.19613483e+02
1.15576722e+02
1.11863559e+02
1.08631825e+02
1.06078593e+02
1.03294136e+02
1.01331665e+02
9.92031877e+01
9.74771506e+01
9.59788466e+01
9.42484534e+01
9.28651321e+01
9.19045747e+01
9.06929474e+01
8.96705104e+01
8.88574312e+01
8.76570747e+01
8.69547518e+01
8.60811915e+01
8.57820563e+01
8.51636273e+01
8.48197581e+01
8.39755097e+01
8.35056249e+01
8.32045236e+01
8.26397280e+01
8.18187887e+01
8.18679113e+01
8.18429433e+01
2.70060306e+02
2.49930041e+02
2.46405207e+02
2.41687313e+02
2.37285423e+02
2.32336800e+02
2.26706880e+02
2.20888441e+02
2.15882770e+02
2.11089607e+02
2.06941856e+02
2.02399976e+02
1.98703931e+02
1.95501439e+02
1.92447222e+02
1.89448490e+02
1.86783160e+02
1.84835442e+02
1.82256871e+02
1.80724140e+02
1.78397582e+02
1.77027202e+02
1.75591889e+02
1.74121109e+02
1.73026894e+02
1.71594202e+02
1.70580196e+02
1.69414164e+02
1.68719558e+02
1.67989854e+02
1.67374691e+02
1.66607011e+02
1.65987441e+02
1.65127406e+02
1.64251181e+02
1.63912415e+02
1.63544537e+02
2.71039337e+02
2.70577530e+02
2.70444253e+02
2.70001038e+02
2.68672475e+02
2.67666230e+02
2.66046389e+02
2.64787761e+02
2.62857909e+02
2.60734373e+02
2.59228718e+02
2.57257257e+02
2.55339929e+02
2.53695575e+02
2.51871004e+02
2.50501119e+02
2.48909954e+02
2.47419685e+02
2.46150552e+02
2.45184428e+02
2.43648844e+02
2.43177591e+02
2.41929190e+02
2.40892768e+02
2.40311179e+02
2.39518207e+02
2.38855452e+02
2.38317233e+02
2.37640109e+02
2.37058944e+02
2.36684750e+02
2.35876307e+02
2.35659616e+02
2.35433043e+02
2.34745555e+02
2.34374809e+02
2.33768867e+02
2.67912545e+02
2.68258536e+02
2.68032430e+02
2.68246860e+02
2.68182954e+02
2.68025548e+02
2.67637107e+02
2.67067145e+02
2.67027845e+02
2.66456904e+02
2.66138255e+02
2.65733194e+02
2.65840048e+02
2.65430170e+02
2.65128272e+02
2.64825862e+02
2.64608904e+02
2.64409085e+02
2.64445142e+02
2.63965027e+02
2.63806614e+02
2.63439597e+02
2.63442999e+02
2.62852671e+02
2.63011105e+02
2.63020330e+02
2.62261778e+02
2.62653674e+02
2.62237899e+02
2.62086422e+02
2.62178452e+02
2.61904021e+02
2.61670966e+02
2.61902733e+02
2.62367462e+02
2.61841294e+02
2.62023708e+02
2.74341911e+02
2.73000608e+02
2.69148720e+02
2.64188655e+02
2.58716704e+02
2.52819167e+02
2.47494734e+02
2.42725696e+02
2.37541960e+02
2.33434779e+02
2.29391682e+02
2.25090661e+02
2.21740463e+02
2.18720994e+02
2.15391455e+02
2.13007949e+02
2.10112230e+02
2.07877832e+02
2.05711954e+02
2.03462624e+02
2.01596339e+02
2.00158573e+02
1.98609031e+02
1.96948743e+02
1.95646374e+02
1.94029890e+02
1.92866694e+02
1.91873532e+02
1.90384072e+02
1.89711884e+02
1.88898406e+02
1.87746484e+02
1.86677640e+02
1.85964263e+02
1.85390439e+02
1.84507077e+02
1.83910779e+02
2.74104317e+02
2.72831453e+02
2.68460643e+02
2.63986050e+02
2.58857840e+02
2.54011196e+02
2.49510246e+02
2.45261756e+02
2.41294051e+02
2.37265035e+02
2.33756990e+02
2.30413624e+02
2.27278233e+02
2.24676729e+02
2.22031690e+02
2.19725391e+02
2.17458722e+02
2.15325916e+02
2.13319521e+02
2.11390520e+02
2.08975120e+02
2.08245380e+02
2.07085473e+02
2.04735460e+02
2.03727346e+02
2.02659203e+02
2.01595546e+02
2.00416170e+02
1.99352923e+02
1.97992850e+02
1.97515461e+02
1.96772951e+02
1.95448002e+02
1.95099999e+02
1.94246612e+02
1.93706646e+02
1.92622866e+02
2.73244631e+02
2.72994545e+02
2.72903325e+02
2.72810602e+02
2.71079874e+02
2.69833421e+02
2.68534561e+02
2.66744521e+02
2.64796351e+02
2.63431174e+02
2.61497084e+02
2.59759545e+02
2.57643788e+02
2.56219140e+02
2.54440727e+02
2.52673037e+02
2.51370779e+02
2.49845715e+02
2.48915768e+02
2.47312779e+02
2.45934900e+02
2.44910980e+02
2.44400680e+02
2.42856823e+02
2.42296988e+02
2.41037532e+02
2.40212294e+02
2.39486957e+02
2.38694731e+02
2.37908472e+02
2.37610570e+02
2.36863536e+02
2.35937418e+02
2.35949945e+02
2.35185503e+02
2.34300407e+02
2.33787196e+02
2.72867340e+02
2.72307156e+02
2.72278163e+02
2.72218947e+02
2.72186282e+02
2.71127310e+02
2.71024220e+02
2.69563953e+02
2.69098267e+02
2.67749485e+02
2.66661503e+02
2.65727565e+02
2.64314607e+02
2.63325009e+02
2.61801342e+02
2.60428625e+02
2.59847380e+02
2.58490535e+02
2.57911096e+02
2.56684851e+02
2.55859831e+02
2.54895662e+02
2.53879736e+02
2.53717574e+02
2.52647846e+02
2.52424673e+02
2.51373381e+02
2.50675264e+02
2.50470658e+02
2.49654289e+02
2.49547120e+02
2.48593303e+02
2.48276076e+02
2.47839448e+02
2.47615596e+02
2.47127159e+02
2.47058052e+02
2.72082955e+02
2.71858537e+02
2.72077822e+02
2.71389827e+02
2.72017160e+02
2.71398720e+02
2.70982121e+02
2.70604412e+02
2.69581669e+02
2.69052065e+02
2.68143077e+02
2.67590699e+02
2.66838903e+02
2.65636401e+02
2.65494396e+02
2.64520341e+02
2.64102508e+02
2.62925611e+02
2.62504887e+02
2.61996635e+02
2.61523728e+02
2.60577899e+02
2.60100282e+02
2.59379457e+02
2.59032631e+02
2.58609582e+02
2.58114155e+02
2.57885244e+02
2.57634960e+02
2.56822460e+02
2.56780627e+02
2.56226854e+02
2.56339121e+02
2.55834557e+02
2.54895475e+02
2.55440324e+02
2.55192647e+02
