-2.2000e+02
-9.6949e+00
-2.9011e+00
-2.1361e+00
-1.4931e+00
-1.1288e+00
-8.9705e-01
-7.3574e-01
-6.1658e-01
-5.2490e-01
-4.5228e-01
-4.9469e-01
-4.8006e-01
-4.2973e-01
-3.8453e-01
-3.4518e-01
-3.1102e-01
-2.8129e-01
-2.5530e-01
-2.3248e-01
-2.1235e-01
-1.9451e-01
-1.7864e-01
-1.6446e-01
-1.5175e-01
-1.4030e-01
-1.2997e-01
-1.2061e-01
-1.1211e-01
-1.0437e-01
-9.7297e-02
-9.0827e-02
-8.4894e-02
-7.9442e-02
-7.4422e-02
-6.9791e-02
-1.2000e+02
0.0000e+00
0.0000e+00
-8.4588e+00
-6.5286e+00
-5.9984e+00
-5.2728e+00
-4.5976e+00
-4.0135e+00
-3.5178e+00
-3.0975e+00
-2.7470e+00
-2.4643e+00
-2.2155e+00
-1.9931e+00
-1.7954e+00
-1.6199e+00
-1.4641e+00
-1.3256e+00
-1.2022e+00
-1.0920e+00
-9.9358e-01
-9.0539e-01
-8.2625e-01
-7.5512e-01
-6.9107e-01
-6.3332e-01
-5.8116e-01
-5.3398e-01
-4.9124e-01
-4.5247e-01
-4.1726e-01
-3.8524e-01
-3.5607e-01
-3.2948e-01
-3.0520e-01
-2.0000e+01
-3.9261e+00
-4.5216e+00
-4.7333e+00
-5.2194e+00
-5.5361e+00
-5.4483e+00
-5.1664e+00
-4.8067e+00
-4.4260e+00
-4.0516e+00
-3.6968e+00
-3.3679e+00
-3.0677e+00
-2.7951e+00
-2.5478e+00
-2.3234e+00
-2.1199e+00
-1.9353e+00
-1.7680e+00
-1.6163e+00
-1.4788e+00
-1.3541e+00
-1.2410e+00
-1.1383e+00
-1.0451e+00
-9.6034e-01
-8.8330e-01
-8.1319e-01
-7.4935e-01
-6.9116e-01
-6.3810e-01
-5.8965e-01
-5.4540e-01
-5.0493e-01
-4.6790e-01
-7.5401e-02
-2.7321e-01
-5.2140e-01
-8.4713e-01
-1.1811e+00
-1.4610e+00
-1.6614e+00
-1.7813e+00
-1.8331e+00
-1.8333e+00
-1.7967e+00
-1.7357e+00
-1.6592e+00
-1.5740e+00
-1.4848e+00
-1.3950e+00
-1.3068e+00
-1.2214e+00
-1.1397e+00
-1.0622e+00
-9.8907e-01
-9.2047e-01
-8.5632e-01
-7.9649e-01
-7.4081e-01
-6.8907e-01
-6.4107e-01
-5.9656e-01
-5.5534e-01
-5.1717e-01
-4.8184e-01
-4.4915e-01
-4.1890e-01
-3.9091e-01
-3.6499e-01
-3.4100e-01
-3.4530e-03
-2.5394e-02
-6.2205e-02
-1.1321e-01
-1.7278e-01
-2.2909e-01
-2.7404e-01
-3.0480e-01
-3.2208e-01
-3.2830e-01
-3.2622e-01
-3.1832e-01
-3.0656e-01
-2.9242e-01
-2.7700e-01
-2.6104e-01
-2.4509e-01
-2.2947e-01
-2.1441e-01
-2.0003e-01
-1.8641e-01
-1.7358e-01
-1.6155e-01
-1.5031e-01
-1.3982e-01
-1.3007e-01
-1.2101e-01
-1.1261e-01
-1.0481e-01
-9.7596e-02
-9.0914e-02
-8.4726e-02
-7.9000e-02
-7.3701e-02
-6.8796e-02
-6.4255e-02
-6.5946e-01
-2.9170e+00
-4.4515e+00
-5.0564e+00
-5.1801e+00
-5.0606e+00
-4.8163e+00
-4.5134e+00
-4.1907e+00
-3.8704e+00
-3.5647e+00
-3.2796e+00
-3.0185e+00
-2.7818e+00
-2.5680e+00
-2.3751e+00
-2.2009e+00
-2.0435e+00
-1.9011e+00
-1.7718e+00
-1.6544e+00
-1.5472e+00
-1.4494e+00
-1.3596e+00
-1.2772e+00
-1.2013e+00
-1.1311e+00
-1.0662e+00
-1.0060e+00
-9.5004e-01
-8.9794e-01
-8.4934e-01
-8.0395e-01
-7.6149e-01
-7.2171e-01
-6.8441e-01
-9.5711e-01
-3.5037e+00
-4.6586e+00
-4.8189e+00
-4.6534e+00
-4.3915e+00
-4.1028e+00
-3.8131e+00
-3.5338e+00
-3.2705e+00
-3.0259e+00
-2.8007e+00
-2.5954e+00
-2.4092e+00
-2.2398e+00
-2.0853e+00
-1.9443e+00
-1.8153e+00
-1.6972e+00
-1.5888e+00
-1.4892e+00
-1.3974e+00
-1.3127e+00
-1.2344e+00
-1.1618e+00
-1.0945e+00
-1.0319e+00
-9.7373e-01
-9.1947e-01
-8.6882e-01
-8.2151e-01
-7.7725e-01
-7.3580e-01
-6.9695e-01
-6.6050e-01
-6.2627e-01
1.0059e-02
-1.2373e-01
-4.6516e-01
-8.7051e-01
-1.2104e+00
-1.4523e+00
-1.6078e+00
-1.6971e+00
-1.7376e+00
-1.7427e+00
-1.7222e+00
-1.6834e+00
-1.6319e+00
-1.5719e+00
-1.5067e+00
-1.4386e+00
-1.3694e+00
-1.3003e+00
-1.2323e+00
-1.1661e+00
-1.1020e+00
-1.0405e+00
-9.8177e-01
-9.2583e-01
-8.7277e-01
-8.2256e-01
-7.7516e-01
-7.3047e-01
-6.8841e-01
-6.4886e-01
-6.1170e-01
-5.7680e-01
-5.4405e-01
-5.1332e-01
-4.8450e-01
-4.5746e-01
1.9830e-02
-7.2180e-03
-1.1793e-01
-3.0645e-01
-5.2098e-01
-7.1834e-01
-8.7951e-01
-1.0009e+00
-1.0855e+00
-1.1387e+00
-1.1660e+00
-1.1725e+00
-1.1629e+00
-1.1410e+00
-1.1100e+00
-1.0726e+00
-1.0309e+00
-9.8658e-01
-9.4083e-01
-8.9465e-01
-8.4879e-01
-8.0379e-01
-7.6006e-01
-7.1787e-01
-6.7740e-01
-6.3878e-01
-6.0206e-01
-5.6725e-01
-5.3433e-01
-5.0328e-01
-4.7403e-01
-4.4651e-01
-4.2066e-01
-3.9638e-01
-3.7360e-01
-3.5223e-01
2.1409e-02
1.7560e-03
-5.3017e-02
-1.5189e-01
-2.7593e-01
-4.0195e-01
-5.1434e-01
-6.0576e-01
-6.7440e-01
-7.2157e-01
-7.4996e-01
-7.6270e-01
-7.6289e-01
-7.5331e-01
-7.3639e-01
-7.1412e-01
-6.8814e-01
-6.5972e-01
-6.2989e-01
-5.9941e-01
-5.6887e-01
-5.3872e-01
-5.0928e-01
-4.8078e-01
-4.5338e-01
-4.2718e-01
-4.0224e-01
-3.7859e-01
-3.5621e-01
-3.3510e-01
-3.1523e-01
-2.9654e-01
-2.7899e-01
-2.6252e-01
-2.4709e-01
-2.3263e-01
