-2.2000e+02
-9.5295e+00
-2.9015e+00
-2.1714e+00
-1.5173e+00
-1.1452e+00
-9.0855e-01
-7.4405e-01
-6.2273e-01
-5.2953e-01
-4.5585e-01
-4.6250e-01
-4.8025e-01
-4.3165e-01
-3.8660e-01
-3.4719e-01
-3.1292e-01
-2.8308e-01
-2.5699e-01
-2.3407e-01
-2.1385e-01
-1.9591e-01
-1.7995e-01
-1.6567e-01
-1.5285e-01
-1.4131e-01
-1.3087e-01
-1.2141e-01
-1.1281e-01
-1.0497e-01
-9.7806e-02
-9.1243e-02
-8.5219e-02
-7.9679e-02
-7.4575e-02
-6.9866e-02
-1.2000e+02
0.0000e+00
0.0000e+00
-8.4626e+00
-6.5665e+00
-6.0439e+00
-5.3208e+00
-4.6458e+00
-4.0614e+00
-3.5650e+00
-3.1440e+00
-2.7887e+00
-2.5028e+00
-2.2552e+00
-2.0330e+00
-1.8346e+00
-1.6579e+00
-1.5006e+00
-1.3604e+00
-1.2352e+00
-1.1232e+00
-1.0228e+00
-9.3274e-01
-8.5174e-01
-7.7878e-01
-7.1297e-01
-6.5353e-01
-5.9975e-01
-5.5103e-01
-5.0684e-01
-4.6671e-01
-4.3021e-01
-3.9698e-01
-3.6669e-01
-3.3905e-01
-3.1380e-01
-2.0000e+01
-3.7558e+00
-4.5062e+00
-4.8097e+00
-5.3430e+00
-5.6856e+00
-5.6095e+00
-5.3318e+00
-4.9721e+00
-4.5885e+00
-4.2093e+00
-3.8481e+00
-3.5117e+00
-3.2032e+00
-2.9224e+00
-2.6670e+00
-2.4347e+00
-2.2235e+00
-2.0316e+00
-1.8572e+00
-1.6988e+00
-1.5549e+00
-1.4241e+00
-1.3053e+00
-1.1973e+00
-1.0991e+00
-1.0097e+00
-9.2837e-01
-8.5428e-01
-7.8674e-01
-7.2515e-01
-6.6894e-01
-6.1760e-01
-5.7068e-01
-5.2777e-01
-4.8849e-01
-1.8090e-01
-3.2832e-01
-5.5467e-01
-8.6645e-01
-1.1939e+00
-1.4724e+00
-1.6743e+00
-1.7972e+00
-1.8525e+00
-1.8556e+00
-1.8213e+00
-1.7616e+00
-1.6857e+00
-1.6005e+00
-1.5107e+00
-1.4200e+00
-1.3304e+00
-1.2435e+00
-1.1603e+00
-1.0812e+00
-1.0065e+00
-9.3628e-01
-8.7059e-01
-8.0928e-01
-7.5219e-01
-6.9912e-01
-6.4987e-01
-6.0420e-01
-5.6189e-01
-5.2272e-01
-4.8647e-01
-4.5292e-01
-4.2189e-01
-3.9318e-01
-3.6662e-01
-3.4204e-01
-1.4611e-02
-4.0243e-02
-7.3179e-02
-1.2158e-01
-1.7984e-01
-2.3574e-01
-2.8079e-01
-3.1192e-01
-3.2965e-01
-3.3626e-01
-3.3445e-01
-3.2666e-01
-3.1486e-01
-3.0057e-01
-2.8487e-01
-2.6857e-01
-2.5221e-01
-2.3616e-01
-2.2065e-01
-2.0582e-01
-1.9176e-01
-1.7849e-01
-1.6605e-01
-1.5440e-01
-1.4354e-01
-1.3343e-01
-1.2404e-01
-1.1532e-01
-1.0724e-01
-9.9756e-02
-9.2824e-02
-8.6409e-02
-8.0472e-02
-7.4979e-02
-6.9896e-02
-6.5193e-02
-7.4738e-01
-3.0134e+00
-4.5377e+00
-5.1325e+00
-5.2456e+00
-5.1148e+00
-4.8598e+00
-4.5475e+00
-4.2169e+00
-3.8903e+00
-3.5795e+00
-3.2907e+00
-3.0264e+00
-2.7873e+00
-2.5718e+00
-2.3776e+00
-2.2025e+00
-2.0444e+00
-1.9013e+00
-1.7716e+00
-1.6536e+00
-1.5460e+00
-1.4476e+00
-1.3574e+00
-1.2745e+00
-1.1980e+00
-1.1274e+00
-1.0619e+00
-1.0012e+00
-9.4471e-01
-8.9209e-01
-8.4299e-01
-7.9710e-01
-7.5416e-01
-7.1393e-01
-6.7619e-01
-1.0971e+00
-3.6927e+00
-4.8162e+00
-4.9311e+00
-4.7300e+00
-4.4424e+00
-4.1352e+00
-3.8322e+00
-3.5435e+00
-3.2738e+00
-3.0248e+00
-2.7966e+00
-2.5892e+00
-2.4018e+00
-2.2318e+00
-2.0771e+00
-1.9361e+00
-1.8072e+00
-1.6892e+00
-1.5808e+00
-1.4812e+00
-1.3894e+00
-1.3047e+00
-1.2263e+00
-1.1536e+00
-1.0861e+00
-1.0233e+00
-9.6488e-01
-9.1038e-01
-8.5949e-01
-8.1192e-01
-7.6740e-01
-7.2570e-01
-6.8660e-01
-6.4992e-01
-6.1547e-01
-5.2973e-02
-1.9801e-01
-5.4367e-01
-9.4399e-01
-1.2732e+00
-1.5035e+00
-1.6487e+00
-1.7294e+00
-1.7629e+00
-1.7623e+00
-1.7371e+00
-1.6943e+00
-1.6395e+00
-1.5765e+00
-1.5088e+00
-1.4384e+00
-1.3673e+00
-1.2964e+00
-1.2269e+00
-1.1593e+00
-1.0941e+00
-1.0316e+00
-9.7198e-01
-9.1529e-01
-8.6158e-01
-8.1083e-01
-7.6297e-01
-7.1790e-01
-6.7553e-01
-6.3574e-01
-5.9839e-01
-5.6336e-01
-5.3052e-01
-4.9974e-01
-4.7089e-01
-4.4386e-01
-3.7397e-02
-7.0694e-02
-1.5771e-01
-3.1966e-01
-5.1614e-01
-7.0509e-01
-8.6432e-01
-9.8705e-01
-1.0743e+00
-1.1302e+00
-1.1597e+00
-1.1679e+00
-1.1593e+00
-1.1378e+00
-1.1068e+00
-1.0691e+00
-1.0267e+00
-9.8161e-01
-9.3499e-01
-8.8793e-01
-8.4119e-01
-7.9536e-01
-7.5086e-01
-7.0797e-01
-6.6689e-01
-6.2772e-01
-5.9053e-01
-5.5533e-01
-5.2210e-01
-4.9080e-01
-4.6135e-01
-4.3370e-01
-4.0775e-01
-3.8342e-01
-3.6063e-01
-3.3929e-01
-5.1092e-02
-5.5631e-02
-1.0086e-01
-1.9394e-01
-3.1628e-01
-4.4339e-01
-5.5802e-01
-6.5160e-01
-7.2173e-01
-7.6944e-01
-7.9744e-01
-8.0900e-01
-8.0736e-01
-7.9549e-01
-7.7595e-01
-7.5087e-01
-7.2200e-01
-6.9070e-01
-6.5805e-01
-6.2487e-01
-5.9176e-01
-5.5921e-01
-5.2752e-01
-4.9694e-01
-4.6763e-01
-4.3968e-01
-4.1314e-01
-3.8803e-01
-3.6433e-01
-3.4202e-01
-3.2106e-01
-3.0139e-01
-2.8295e-01
-2.6569e-01
-2.4954e-01
-2.3444e-01
