2.69866192e+02
4.99784483e+01
4.02984408e+01
3.69776631e+01
3.52678733e+01
3.39012008e+01
3.23172544e+01
3.16164412e+01
3.11298726e+01
3.05236587e+01
3.00179184e+01
2.93085279e+01
2.90928687e+01
2.82408569e+01
2.81374982e+01
2.75636135e+01
2.67443593e+01
2.71147583e+01
2.64690120e+01
2.65316886e+01
2.65862536e+01
2.60079817e+01
2.54947231e+01
2.55628261e+01
2.53117634e+01
2.49697587e+01
2.53501659e+01
2.46864011e+01
2.47107546e+01
2.49123982e+01
2.46468166e+01
2.44341890e+01
2.44230219e+01
2.44014713e+01
2.41572151e+01
2.43756391e+01
2.41593124e+01
2.70002492e+02
1.49825455e+02
1.50319358e+02
1.49758577e+02
1.41633653e+02
1.34798301e+02
1.28765962e+02
1.23683804e+02
1.19020176e+02
1.15417687e+02
1.11770302e+02
1.08668458e+02
1.05667809e+02
1.03695211e+02
1.01337658e+02
9.90224939e+01
9.73647646e+01
9.57960387e+01
9.43033663e+01
9.27816909e+01
9.19164722e+01
9.04055035e+01
8.95138659e+01
8.83465688e+01
8.76474478e+01
8.69429757e+01
8.61690621e+01
8.58387120e+01
8.48122615e+01
8.47039159e+01
8.41638975e+01
8.35001019e+01
8.32674387e+01
8.25221003e+01
8.25527928e+01
8.22417054e+01
8.15509506e+01
2.69754066e+02
2.50049138e+02
2.46080530e+02
2.41844450e+02
2.36951026e+02
2.32131533e+02
2.26378713e+02
2.20898894e+02
2.15887899e+02
2.11230704e+02
2.07057346e+02
2.02624602e+02
1.98484328e+02
1.95234598e+02
1.92576861e+02
1.89473855e+02
1.86717306e+02
1.84200395e+02
1.82542614e+02
1.80740306e+02
1.78612302e+02
1.76826797e+02
1.75350048e+02
1.74053796e+02
1.72428876e+02
1.71586624e+02
1.70652758e+02
1.69491574e+02
1.68721064e+02
1.67872672e+02
1.67114451e+02
1.65973004e+02
1.65563466e+02
1.65167524e+02
1.64153312e+02
1.63650159e+02
1.63576209e+02
2.70475944e+02
2.70626624e+02
2.70438756e+02
2.69922178e+02
2.68900820e+02
2.67533293e+02
2.65885569e+02
2.64350217e+02
2.62360311e+02
2.60694197e+02
2.58882684e+02
2.56725811e+02
2.55002774e+02
2.53536498e+02
2.51684585e+02
2.50087577e+02
2.48990427e+02
2.47448605e+02
2.46320607e+02
2.45329629e+02
2.43850221e+02
2.42739363e+02
2.42265244e+02
2.41240078e+02
2.40343789e+02
2.39786696e+02
2.38628011e+02
2.37969439e+02
2.37748376e+02
2.36334124e+02
2.36563223e+02
2.35772554e+02
2.35234117e+02
2.35183296e+02
2.34379239e+02
2.34089292e+02
2.33777665e+02
2.68493072e+02
2.68193777e+02
2.68235520e+02
2.68001166e+02
2.67561180e+02
2.67537225e+02
2.67470958e+02
2.67043117e+02
2.66906798e+02
2.66811477e+02
2.66084046e+02
2.66187810e+02
2.65704809e+02
2.65290854e+02
2.65060801e+02
2.64846950e+02
2.64356042e+02
2.64214398e+02
2.63726595e+02
2.63710024e+02
2.63510157e+02
2.63488279e+02
2.63302153e+02
2.63133732e+02
2.62633886e+02
2.62354304e+02
2.62535196e+02
2.62506314e+02
2.62375572e+02
2.62409401e+02
2.62059288e+02
2.61642370e+02
2.62051841e+02
2.61981590e+02
2.61444756e+02
2.61921901e+02
2.61442935e+02
2.72793982e+02
2.71739780e+02
2.68379471e+02
2.63555349e+02
2.58871206e+02
2.53209691e+02
2.47680252e+02
2.43020720e+02
2.37964099e+02
2.33594118e+02
2.29811093e+02
2.25949142e+02
2.22809747e+02
2.19191717e+02
2.16304780e+02
2.13890982e+02
2.11766895e+02
2.08713718e+02
2.06895038e+02
2.04584521e+02
2.03037246e+02
2.01339974e+02
1.99350596e+02
1.97837894e+02
1.96719732e+02
1.95313354e+02
1.94409014e+02
1.93277942e+02
1.91514564e+02
1.90964769e+02
1.89484008e+02
1.89364988e+02
1.87744757e+02
1.87385581e+02
1.86396262e+02
1.85366670e+02
1.85300101e+02
2.72231387e+02
2.71534737e+02
2.67591404e+02
2.62624895e+02
2.57923054e+02
2.52636260e+02
2.48085094e+02
2.43766804e+02
2.39641270e+02
2.36230934e+02
2.33066013e+02
2.29778724e+02
2.26861790e+02
2.23827687e+02
2.21605738e+02
2.18891560e+02
2.16627507e+02
2.14861528e+02
2.13029626e+02
2.11179437e+02
2.09295865e+02
2.07807183e+02
2.06647355e+02
2.05225797e+02
2.03491443e+02
2.02012714e+02
2.01108341e+02
2.00650947e+02
1.99889317e+02
1.98771683e+02
1.97691736e+02
1.96936560e+02
1.95778514e+02
1.94931423e+02
1.94220714e+02
1.93898548e+02
1.93614972e+02
2.72245269e+02
2.71833041e+02
2.71863563e+02
2.71900077e+02
2.70343318e+02
2.69504350e+02
2.67933216e+02
2.66037503e+02
2.63980968e+02
2.62349303e+02
2.60570776e+02
2.58918947e+02
2.57168515e+02
2.55845192e+02
2.54015955e+02
2.52315040e+02
2.50631287e+02
2.49429641e+02
2.48309584e+02
2.46703143e+02
2.45212322e+02
2.44282561e+02
2.43317608e+02
2.42155456e+02
2.41452072e+02
2.40207223e+02
2.39691809e+02
2.38101284e+02
2.38053389e+02
2.37460590e+02
2.36763971e+02
2.36103523e+02
2.35834364e+02
2.34831313e+02
2.34276847e+02
2.34121328e+02
2.33295107e+02
2.72106562e+02
2.71792224e+02
2.71753484e+02
2.71914562e+02
2.71245330e+02
2.70646418e+02
2.70370746e+02
2.69409732e+02
2.68458620e+02
2.67367818e+02
2.66430766e+02
2.65132363e+02
2.64031590e+02
2.62662172e+02
2.61861796e+02
2.60658575e+02
2.59379380e+02
2.58284378e+02
2.57187447e+02
2.56419153e+02
2.55359428e+02
2.54606167e+02
2.54038115e+02
2.53163072e+02
2.52281121e+02
2.51679200e+02
2.51094791e+02
2.50081175e+02
2.50071672e+02
2.49333630e+02
2.48785845e+02
2.47606506e+02
2.47653075e+02
2.47403168e+02
2.46844987e+02
2.46686532e+02
2.45797806e+02
2.71729517e+02
2.71610622e+02
2.71666990e+02
2.71563443e+02
2.70905365e+02
2.71315149e+02
2.70934757e+02
2.70198603e+02
2.69739398e+02
2.69182342e+02
2.68144214e+02
2.67574176e+02
2.66445055e+02
2.65824900e+02
2.65106161e+02
2.64205806e+02
2.63766783e+02
2.62949513e+02
2.61888233e+02
2.61497895e+02
2.60764676e+02
2.59733011e+02
2.59914792e+02
2.59266818e+02
2.58271220e+02
2.58233749e+02
2.57841117e+02
2.57272102e+02
2.56653007e+02
2.56778642e+02
2.56276533e+02
2.56138048e+02
2.55443224e+02
2.55189436e+02
2.55049330e+02
2.55027475e+02
2.54382650e+02
