2.70163516e+02
5.02241140e+01
4.00483892e+01
3.70259050e+01
3.47201722e+01
3.36880985e+01
3.24173610e+01
3.14872040e+01
3.10073364e+01
3.03159439e+01
2.98065280e+01
2.95616640e+01
2.89692227e+01
2.86510088e+01
2.78535180e+01
2.79035722e+01
2.68086623e+01
2.68850387e+01
2.66502207e+01
2.61586148e+01
2.59565030e+01
2.60204699e+01
2.56407684e+01
2.56238400e+01
2.54246256e+01
2.54995998e+01
2.54374575e+01
2.47712211e+01
2.50207139e+01
2.52327934e+01
2.46792881e+01
2.43586621e+01
2.52361224e+01
2.43881253e+01
2.41826023e+01
2.45991569e+01
2.42954857e+01
2.70143641e+02
1.49890963e+02
1.50231140e+02
1.49917259e+02
1.41145413e+02
1.34760877e+02
1.28483748e+02
1.23490278e+02
1.18645977e+02
1.14812445e+02
1.10949083e+02
1.07853452e+02
1.05389984e+02
1.02582364e+02
1.00687888e+02
9.81475522e+01
9.67447276e+01
9.53305190e+01
9.38225800e+01
9.23888937e+01
9.12716000e+01
9.03069806e+01
8.96066611e+01
8.83757988e+01
8.74391142e+01
8.68748762e+01
8.60817736e+01
8.57532146e+01
8.51331500e+01
8.44126215e+01
8.41055509e+01
8.33766930e+01
8.30070491e+01
8.30258782e+01
8.22890705e+01
8.21039289e+01
8.13054022e+01
2.70474557e+02
2.50341793e+02
2.45852161e+02
2.41138760e+02
2.36455237e+02
2.31070220e+02
2.25603509e+02
2.19792816e+02
2.14733486e+02
2.09872755e+02
2.05313371e+02
2.01535387e+02
1.97229654e+02
1.94628810e+02
1.91184789e+02
1.88530533e+02
1.86299477e+02
1.84015837e+02
1.81838661e+02
1.79286191e+02
1.78251094e+02
1.76457054e+02
1.74761310e+02
1.73578118e+02
1.72057409e+02
1.71200068e+02
1.70128800e+02
1.69304610e+02
1.68797445e+02
1.67791748e+02
1.66978793e+02
1.66110334e+02
1.65584516e+02
1.64929732e+02
1.64201454e+02
1.63638976e+02
1.63267648e+02
2.69239314e+02
2.69008515e+02
2.68928870e+02
2.67821540e+02
2.67118311e+02
2.65981110e+02
2.64558202e+02
2.63069283e+02
2.61128335e+02
2.59581099e+02
2.57736652e+02
2.55890528e+02
2.54571856e+02
2.52839551e+02
2.51125647e+02
2.49811565e+02
2.48599901e+02
2.47319813e+02
2.45627460e+02
2.44924290e+02
2.43808363e+02
2.42639587e+02
2.41499612e+02
2.40821153e+02
2.39985463e+02
2.39417509e+02
2.38924962e+02
2.38245754e+02
2.37562893e+02
2.36792329e+02
2.36281482e+02
2.35783750e+02
2.35089848e+02
2.34891543e+02
2.34674281e+02
2.34064086e+02
2.33887574e+02
2.67925372e+02
2.67741310e+02
2.67790829e+02
2.67854977e+02
2.67799094e+02
2.67469948e+02
2.67090720e+02
2.66909064e+02
2.66514181e+02
2.65800203e+02
2.66318758e+02
2.65720915e+02
2.65369681e+02
2.64979566e+02
2.64699046e+02
2.64356087e+02
2.64350404e+02
2.64047773e+02
2.64053397e+02
2.63631235e+02
2.63547719e+02
2.63328502e+02
2.63203524e+02
2.62938327e+02
2.62545353e+02
2.62518271e+02
2.62348251e+02
2.62190981e+02
2.62494735e+02
2.61984578e+02
2.62199851e+02
2.61938283e+02
2.61584510e+02
2.61457793e+02
2.61822895e+02
2.61702512e+02
2.61741653e+02
2.65704170e+02
2.65102930e+02
2.61774859e+02
2.57383349e+02
2.51753044e+02
2.47141937e+02
2.42019387e+02
2.37442129e+02
2.33753318e+02
2.29422611e+02
2.25658339e+02
2.22302356e+02
2.19338396e+02
2.16828661e+02
2.14019632e+02
2.11409358e+02
2.09376308e+02
2.07235615e+02
2.05715423e+02
2.03662104e+02
2.01891591e+02
2.00524362e+02
1.98580583e+02
1.97904509e+02
1.96328699e+02
1.95060622e+02
1.94108531e+02
1.92542638e+02
1.91876273e+02
1.91009315e+02
1.90421654e+02
1.89769764e+02
1.88859095e+02
1.87954979e+02
1.86968588e+02
1.86522752e+02
1.85572490e+02
2.66258001e+02
2.66053906e+02
2.62024675e+02
2.57797368e+02
2.53194142e+02
2.48987296e+02
2.44495087e+02
2.40865566e+02
2.37384474e+02
2.33892894e+02
2.30834584e+02
2.28185440e+02
2.25173635e+02
2.22947545e+02
2.20449682e+02
2.18371955e+02
2.16240757e+02
2.14545990e+02
2.12695277e+02
2.11236944e+02
2.09614828e+02
2.08087590e+02
2.07243322e+02
2.05701769e+02
2.04609157e+02
2.03283933e+02
2.01956491e+02
2.01312564e+02
2.00461801e+02
1.99649172e+02
1.98824251e+02
1.97492804e+02
1.97088647e+02
1.96389626e+02
1.95671885e+02
1.95279704e+02
1.94625094e+02
2.69045643e+02
2.69008470e+02
2.68772907e+02
2.68198911e+02
2.67484227e+02
2.66439874e+02
2.65007215e+02
2.63604103e+02
2.62196545e+02
2.60420653e+02
2.58731772e+02
2.57378684e+02
2.55379779e+02
2.53953585e+02
2.53020713e+02
2.51100235e+02
2.49643700e+02
2.48357884e+02
2.46971882e+02
2.46100521e+02
2.44485763e+02
2.43451268e+02
2.42624232e+02
2.41502099e+02
2.40513312e+02
2.39693497e+02
2.39097418e+02
2.38126120e+02
2.37734225e+02
2.36832670e+02
2.36021833e+02
2.35466145e+02
2.35286053e+02
2.34627133e+02
2.33813496e+02
2.33289172e+02
2.33114867e+02
2.69250415e+02
2.69206618e+02
2.69559894e+02
2.69400405e+02
2.69241252e+02
2.68796754e+02
2.68716823e+02
2.67338066e+02
2.66473525e+02
2.65469417e+02
2.64421246e+02
2.63539786e+02
2.62047658e+02
2.60913462e+02
2.60029968e+02
2.59012967e+02
2.58257888e+02
2.56837736e+02
2.55812937e+02
2.55081804e+02
2.54044570e+02
2.53166759e+02
2.52577807e+02
2.51432738e+02
2.50937975e+02
2.50533693e+02
2.49676165e+02
2.49013133e+02
2.48539713e+02
2.47885546e+02
2.47414271e+02
2.46585197e+02
2.46222663e+02
2.45811571e+02
2.45436934e+02
2.45275536e+02
2.44877285e+02
2.70111554e+02
2.69971734e+02
2.70020679e+02
2.69998489e+02
2.70086038e+02
2.69835893e+02
2.69309496e+02
2.68505813e+02
2.68118967e+02
2.67481482e+02
2.67423239e+02
2.66058521e+02
2.65708702e+02
2.64519894e+02
2.63436583e+02
2.62728944e+02
2.62299271e+02
2.61015380e+02
2.60645240e+02
2.60057776e+02
2.59178819e+02
2.58839119e+02
2.57573928e+02
2.57622903e+02
2.57137112e+02
2.56479441e+02
2.56080363e+02
2.55659440e+02
2.54793253e+02
2.54830095e+02
2.54563252e+02
2.54171271e+02
2.53726566e+02
2.53769231e+02
2.53006456e+02
2.53576049e+02
2.53030504e+02
