-2.2000e+02
-9.4505e+00
-2.8312e+00
-2.1496e+00
-1.5102e+00
-1.1454e+00
-9.1334e-01
-7.5186e-01
-6.3243e-01
-5.4037e-01
-4.6729e-01
-4.3299e-01
-4.8972e-01
-4.4612e-01
-4.0155e-01
-3.6196e-01
-3.2728e-01
-2.9690e-01
-2.7021e-01
-2.4666e-01
-2.2579e-01
-2.0721e-01
-1.9060e-01
-1.7570e-01
-1.6228e-01
-1.5015e-01
-1.3915e-01
-1.2916e-01
-1.2005e-01
-1.1173e-01
-1.0410e-01
-9.7106e-02
-9.0673e-02
-8.4748e-02
-7.9283e-02
-7.4232e-02
-1.2000e+02
0.0000e+00
0.0000e+00
-8.0694e+00
-6.4822e+00
-5.9338e+00
-5.2399e+00
-4.5854e+00
-4.0149e+00
-3.5282e+00
-3.1141e+00
-2.7610e+00
-2.4737e+00
-2.2327e+00
-2.0158e+00
-1.8214e+00
-1.6479e+00
-1.4934e+00
-1.3555e+00
-1.2324e+00
-1.1223e+00
-1.0237e+00
-9.3508e-01
-8.5541e-01
-7.8362e-01
-7.1882e-01
-6.6023e-01
-6.0717e-01
-5.5904e-01
-5.1532e-01
-4.7554e-01
-4.3931e-01
-4.0625e-01
-3.7605e-01
-3.4842e-01
-3.2313e-01
-2.0000e+01
-3.3365e+00
-4.2347e+00
-4.5966e+00
-5.1248e+00
-5.4903e+00
-5.4407e+00
-5.1809e+00
-4.8346e+00
-4.4624e+00
-4.0937e+00
-3.7427e+00
-3.4158e+00
-3.1164e+00
-2.8445e+00
-2.5980e+00
-2.3743e+00
-2.1713e+00
-1.9869e+00
-1.8196e+00
-1.6676e+00
-1.5296e+00
-1.4041e+00
-1.2901e+00
-1.1863e+00
-1.0918e+00
-1.0057e+00
-9.2721e-01
-8.5557e-01
-7.9014e-01
-7.3032e-01
-6.7559e-01
-6.2546e-01
-5.7951e-01
-5.3737e-01
-4.9866e-01
-3.6056e-01
-4.9675e-01
-7.0489e-01
-1.0035e+00
-1.3188e+00
-1.5855e+00
-1.7764e+00
-1.8894e+00
-1.9360e+00
-1.9320e+00
-1.8919e+00
-1.8278e+00
-1.7485e+00
-1.6605e+00
-1.5687e+00
-1.4762e+00
-1.3852e+00
-1.2971e+00
-1.2127e+00
-1.1325e+00
-1.0568e+00
-9.8547e-01
-9.1861e-01
-8.5607e-01
-7.9770e-01
-7.4328e-01
-6.9263e-01
-6.4551e-01
-6.0172e-01
-5.6104e-01
-5.2326e-01
-4.8819e-01
-4.5563e-01
-4.2540e-01
-3.9733e-01
-3.7128e-01
-2.6955e-02
-6.4365e-02
-9.5048e-02
-1.3810e-01
-1.9114e-01
-2.4276e-01
-2.8458e-01
-3.1338e-01
-3.2951e-01
-3.3511e-01
-3.3274e-01
-3.2474e-01
-3.1300e-01
-2.9893e-01
-2.8359e-01
-2.6770e-01
-2.5179e-01
-2.3620e-01
-2.2113e-01
-2.0673e-01
-1.9305e-01
-1.8014e-01
-1.6799e-01
-1.5661e-01
-1.4596e-01
-1.3603e-01
-1.2677e-01
-1.1815e-01
-1.1013e-01
-1.0268e-01
-9.5752e-02
-8.9322e-02
-8.3350e-02
-7.7807e-02
-7.2659e-02
-6.7879e-02
-9.5144e-01
-3.3218e+00
-4.8818e+00
-5.4853e+00
-5.5949e+00
-5.4559e+00
-5.1913e+00
-4.8691e+00
-4.5284e+00
-4.1910e+00
-3.8688e+00
-3.5675e+00
-3.2897e+00
-3.0364e+00
-2.8066e+00
-2.5979e+00
-2.4084e+00
-2.2361e+00
-2.0793e+00
-1.9362e+00
-1.8054e+00
-1.6857e+00
-1.5758e+00
-1.4748e+00
-1.3817e+00
-1.2958e+00
-1.2164e+00
-1.1428e+00
-1.0745e+00
-1.0111e+00
-9.5209e-01
-8.9712e-01
-8.4585e-01
-7.9798e-01
-7.5324e-01
-7.1139e-01
-1.3118e+00
-3.9101e+00
-5.0444e+00
-5.1860e+00
-5.0052e+00
-4.7294e+00
-4.4274e+00
-4.1244e+00
-3.8316e+00
-3.5546e+00
-3.2960e+00
-3.0564e+00
-2.8360e+00
-2.6348e+00
-2.4510e+00
-2.2827e+00
-2.1281e+00
-1.9860e+00
-1.8552e+00
-1.7347e+00
-1.6234e+00
-1.5206e+00
-1.4255e+00
-1.3373e+00
-1.2555e+00
-1.1795e+00
-1.1088e+00
-1.0430e+00
-9.8171e-01
-9.2451e-01
-8.7111e-01
-8.2122e-01
-7.7457e-01
-7.3092e-01
-6.9005e-01
-6.5176e-01
-1.8011e-01
-3.3075e-01
-6.7251e-01
-1.0731e+00
-1.4072e+00
-1.6433e+00
-1.7934e+00
-1.8775e+00
-1.9128e+00
-1.9127e+00
-1.8870e+00
-1.8428e+00
-1.7857e+00
-1.7198e+00
-1.6485e+00
-1.5742e+00
-1.4986e+00
-1.4232e+00
-1.3488e+00
-1.2763e+00
-1.2060e+00
-1.1383e+00
-1.0736e+00
-1.0118e+00
-9.5306e-01
-8.9739e-01
-8.4475e-01
-7.9504e-01
-7.4820e-01
-7.0409e-01
-6.6260e-01
-6.2362e-01
-5.8701e-01
-5.5264e-01
-5.2039e-01
-4.9014e-01
-1.5467e-01
-2.1833e-01
-2.9042e-01
-4.3913e-01
-6.2754e-01
-8.1198e-01
-9.6866e-01
-1.0899e+00
-1.1762e+00
-1.2315e+00
-1.2606e+00
-1.2683e+00
-1.2590e+00
-1.2367e+00
-1.2045e+00
-1.1653e+00
-1.1212e+00
-1.0741e+00
-1.0252e+00
-9.7558e-01
-9.2615e-01
-8.7745e-01
-8.2996e-01
-7.8399e-01
-7.3977e-01
-6.9743e-01
-6.5707e-01
-6.1872e-01
-5.8238e-01
-5.4801e-01
-5.1558e-01
-4.8502e-01
-4.5626e-01
-4.2923e-01
-4.0383e-01
-3.7999e-01
-2.4060e-01
-1.8599e-01
-2.0553e-01
-2.8316e-01
-3.9584e-01
-5.1688e-01
-6.2774e-01
-7.1912e-01
-7.8807e-01
-8.3528e-01
-8.6317e-01
-8.7479e-01
-8.7324e-01
-8.6136e-01
-8.4163e-01
-8.1615e-01
-7.8665e-01
-7.5449e-01
-7.2075e-01
-6.8626e-01
-6.5168e-01
-6.1747e-01
-5.8401e-01
-5.5154e-01
-5.2026e-01
-4.9028e-01
-4.6167e-01
-4.3448e-01
-4.0870e-01
-3.8432e-01
-3.6132e-01
-3.3964e-01
-3.1926e-01
-3.0010e-01
-2.8211e-01
-2.6524e-01
