2.70000000e+02
5.00000000e+01
4.03037600e+01
3.74228730e+01
3.53003310e+01
3.38158460e+01
3.26915370e+01
3.17957610e+01
3.10588480e+01
3.04393190e+01
2.99102230e+01
2.94528870e+01
2.89715670e+01
2.84846430e+01
2.80465960e+01
2.76533740e+01
2.72994230e+01
2.69797150e+01
2.66899270e+01
2.64263910e+01
2.61859940e+01
2.59660850e+01
2.57643970e+01
2.55789820e+01
2.54081580e+01
2.52504640e+01
2.51046250e+01
2.49695250e+01
2.48441790e+01
2.47277180e+01
2.46193690e+01
2.45184440e+01
2.44243280e+01
2.43364680e+01
2.42543660e+01
2.41775740e+01
2.41056850e+01
2.70000000e+02
1.50000000e+02
1.50000000e+02
1.50000000e+02
1.41539904e+02
1.35033634e+02
1.29053069e+02
1.23791470e+02
1.19200700e+02
1.15190843e+02
1.11674495e+02
1.08576710e+02
1.05830446e+02
1.03366431e+02
1.01148582e+02
9.91511860e+01
9.73500910e+01
9.57233640e+01
9.42515500e+01
9.29175460e+01
9.17063590e+01
9.06048380e+01
8.96014390e+01
8.86860010e+01
8.78495670e+01
8.70842220e+01
8.63829560e+01
8.57395490e+01
8.51484700e+01
8.46047940e+01
8.41041230e+01
8.36425250e+01
8.32164780e+01
8.28228230e+01
8.24587210e+01
8.21216140e+01
8.18092000e+01
2.70000000e+02
2.50000000e+02
2.46297603e+02
2.41867922e+02
2.37159768e+02
2.31942603e+02
2.26396565e+02
2.20934150e+02
2.15754060e+02
2.10935393e+02
2.06499282e+02
2.02438841e+02
1.98734034e+02
1.95358577e+02
1.92283413e+02
1.89480439e+02
1.86924083e+02
1.84591239e+02
1.82460988e+02
1.80514366e+02
1.78734199e+02
1.77104943e+02
1.75612552e+02
1.74244343e+02
1.72988867e+02
1.71835801e+02
1.70775829e+02
1.69800549e+02
1.68902381e+02
1.68074482e+02
1.67310671e+02
1.66605365e+02
1.65953512e+02
1.65350543e+02
1.64792320e+02
1.64275090e+02
1.63795450e+02
2.71026846e+02
2.70774936e+02
2.70368061e+02
2.69745197e+02
2.68821059e+02
2.67580722e+02
2.66072720e+02
2.64372492e+02
2.62557699e+02
2.60694456e+02
2.58833221e+02
2.57009853e+02
2.55248381e+02
2.53563898e+02
2.51964940e+02
2.50455361e+02
2.49035784e+02
2.47704700e+02
2.46459256e+02
2.45295781e+02
2.44210139e+02
2.43197972e+02
2.42254859e+02
2.41376426e+02
2.40558418e+02
2.39796746e+02
2.39087516e+02
2.38427046e+02
2.37811869e+02
2.37238740e+02
2.36704626e+02
2.36206703e+02
2.35742345e+02
2.35309114e+02
2.34904751e+02
2.34527163e+02
2.34174413e+02
2.68190380e+02
2.68172541e+02
2.68124115e+02
2.68044363e+02
2.67920675e+02
2.67743555e+02
2.67514617e+02
2.67243644e+02
2.66943605e+02
2.66627116e+02
2.66304681e+02
2.65984238e+02
2.65671400e+02
2.65369898e+02
2.65082045e+02
2.64809110e+02
2.64551623e+02
2.64309605e+02
2.64082746e+02
2.63870522e+02
2.63672285e+02
2.63487315e+02
2.63314858e+02
2.63154156e+02
2.63004459e+02
2.62865041e+02
2.62735206e+02
2.62614289e+02
2.62501665e+02
2.62396744e+02
2.62298975e+02
2.62207842e+02
2.62122867e+02
2.62043603e+02
2.61969636e+02
2.61900582e+02
2.61836087e+02
2.71214120e+02
2.70441962e+02
2.67214995e+02
2.62385576e+02
2.56960617e+02
2.51448328e+02
2.46096285e+02
2.41024052e+02
2.36282475e+02
2.31884623e+02
2.27823170e+02
2.24080326e+02
2.20633486e+02
2.17457816e+02
2.14528256e+02
2.11821652e+02
2.09317112e+02
2.06995868e+02
2.04841113e+02
2.02837822e+02
2.00972587e+02
1.99233440e+02
1.97609694e+02
1.96091793e+02
1.94671175e+02
1.93340158e+02
1.92091827e+02
1.90919943e+02
1.89818863e+02
1.88783470e+02
1.87809110e+02
1.86891538e+02
1.86026876e+02
1.85211569e+02
1.84442351e+02
1.83716220e+02
1.83030403e+02
2.71359890e+02
2.70329992e+02
2.66665788e+02
2.61800430e+02
2.56752378e+02
2.51863719e+02
2.47240645e+02
2.42914480e+02
2.38888149e+02
2.35151821e+02
2.31689574e+02
2.28482808e+02
2.25512105e+02
2.22757540e+02
2.20199840e+02
2.17821900e+02
2.15608511e+02
2.13545981e+02
2.11621941e+02
2.09825212e+02
2.08145684e+02
2.06574215e+02
2.05102522e+02
2.03723094e+02
2.02429107e+02
2.01214349e+02
2.00073156e+02
1.99000349e+02
1.97991190e+02
1.97041331e+02
1.96146775e+02
1.95303844e+02
1.94509146e+02
1.93759547e+02
1.93052150e+02
1.92384270e+02
1.91753417e+02
2.72027911e+02
2.71949459e+02
2.71734543e+02
2.71184031e+02
2.70233268e+02
2.68945832e+02
2.67418599e+02
2.65737435e+02
2.63968405e+02
2.62160192e+02
2.60348221e+02
2.58558108e+02
2.56808194e+02
2.55111342e+02
2.53476201e+02
2.51908186e+02
2.50410330e+02
2.48983919e+02
2.47628953e+02
2.46344476e+02
2.45128835e+02
2.43979880e+02
2.42895119e+02
2.41871836e+02
2.40907192e+02
2.39998290e+02
2.39142230e+02
2.38336152e+02
2.37577265e+02
2.36862866e+02
2.36190357e+02
2.35557251e+02
2.34961182e+02
2.34399904e+02
2.33871289e+02
2.33373332e+02
2.32904142e+02
2.72073219e+02
2.72006239e+02
2.71898860e+02
2.71713562e+02
2.71375690e+02
2.70847766e+02
2.70134454e+02
2.69263428e+02
2.68269788e+02
2.67188045e+02
2.66048866e+02
2.64878104e+02
2.63696822e+02
2.62521708e+02
2.61365641e+02
2.60238254e+02
2.59146502e+02
2.58095188e+02
2.57087415e+02
2.56124956e+02
2.55208555e+02
2.54338170e+02
2.53513169e+02
2.52732478e+02
2.51994713e+02
2.51298269e+02
2.50641401e+02
2.50022281e+02
2.49439045e+02
2.48889826e+02
2.48372779e+02
2.47886105e+02
2.47428060e+02
2.46996966e+02
2.46591218e+02
2.46209288e+02
2.45849724e+02
2.71931962e+02
2.71820923e+02
2.71727982e+02
2.71601687e+02
2.71392649e+02
2.71070967e+02
2.70630508e+02
2.70081825e+02
2.69443884e+02
2.68738240e+02
2.67985701e+02
2.67204724e+02
2.66410827e+02
2.65616576e+02
2.64831816e+02
2.64064022e+02
2.63318677e+02
2.62599643e+02
2.61909488e+02
2.61249762e+02
2.60621229e+02
2.60024048e+02
2.59457921e+02
2.58922213e+02
2.58416040e+02
2.57938349e+02
2.57487971e+02
2.57063666e+02
2.56664161e+02
2.56288173e+02
2.55934429e+02
2.55601684e+02
2.55288727e+02
2.54994394e+02
2.54717568e+02
2.54457185e+02
2.54212234e+02
