2.70060700e+02
4.99400963e+01
4.00153611e+01
3.67483660e+01
3.48068555e+01
3.34136313e+01
3.23079106e+01
3.16908888e+01
3.08579473e+01
3.00904349e+01
2.96858565e+01
2.89512179e+01
2.85202375e+01
2.81249438e+01
2.80941481e+01
2.73249698e+01
2.69619951e+01
2.63541687e+01
2.64644771e+01
2.61624046e+01
2.57293537e+01
2.53888080e+01
2.54049619e+01
2.52300393e+01
2.50490990e+01
2.49698256e+01
2.49899158e+01
2.47895438e+01
2.45897022e+01
2.46791150e+01
2.45152898e+01
2.41280575e+01
2.41328416e+01
2.43541423e+01
2.39623471e+01
2.41971655e+01
2.38585553e+01
2.69728507e+02
1.49845168e+02
1.49996067e+02
1.49812483e+02
1.41477491e+02
1.34695417e+02
1.28672488e+02
1.23467043e+02
1.18919924e+02
1.14519063e+02
1.11718743e+02
1.08544754e+02
1.05784752e+02
1.02973997e+02
1.00955666e+02
9.88645682e+01
9.68302893e+01
9.54605881e+01
9.39363031e+01
9.26891883e+01
9.13438413e+01
9.02716915e+01
8.90445869e+01
8.85083927e+01
8.74040470e+01
8.67123979e+01
8.61421580e+01
8.54420946e+01
8.46519390e+01
8.44843201e+01
8.36457704e+01
8.32452416e+01
8.25188708e+01
8.24838070e+01
8.22142505e+01
8.16706297e+01
8.15829523e+01
2.70132539e+02
2.49590022e+02
2.46280499e+02
2.41478082e+02
2.37025748e+02
2.31585538e+02
2.25927682e+02
2.20396239e+02
2.15633895e+02
2.10192811e+02
2.06112750e+02
2.02082283e+02
1.97960888e+02
1.94799689e+02
1.91360777e+02
1.88823902e+02
1.86607229e+02
1.83830346e+02
1.82193305e+02
1.79826948e+02
1.77721377e+02
1.76702663e+02
1.75268422e+02
1.73275356e+02
1.72763235e+02
1.71129353e+02
1.69940348e+02
1.69367776e+02
1.68191284e+02
1.67267139e+02
1.66274923e+02
1.65977074e+02
1.65084063e+02
1.64160445e+02
1.63706793e+02
1.63459417e+02
1.63026021e+02
2.70336239e+02
2.69633364e+02
2.69438541e+02
2.69273158e+02
2.67897906e+02
2.66905635e+02
2.65574069e+02
2.63672267e+02
2.61765372e+02
2.60266253e+02
2.58408561e+02
2.56684042e+02
2.54793828e+02
2.52897033e+02
2.51460703e+02
2.49940021e+02
2.48496782e+02
2.47039617e+02
2.45859895e+02
2.44434203e+02
2.43642572e+02
2.42776995e+02
2.41873077e+02
2.40233638e+02
2.40077130e+02
2.38911798e+02
2.38098467e+02
2.37677916e+02
2.37019493e+02
2.36580691e+02
2.35896006e+02
2.35686700e+02
2.35397741e+02
2.34146359e+02
2.34078292e+02
2.33764026e+02
2.33012862e+02
2.68393086e+02
2.67946971e+02
2.67895558e+02
2.67896783e+02
2.67573471e+02
2.67634205e+02
2.67697250e+02
2.67152057e+02
2.66853184e+02
2.66501258e+02
2.65888988e+02
2.65893554e+02
2.65465996e+02
2.65051946e+02
2.64755832e+02
2.64822648e+02
2.64527602e+02
2.63981144e+02
2.64093213e+02
2.63422270e+02
2.63283770e+02
2.63292540e+02
2.63036054e+02
2.63075799e+02
2.63030909e+02
2.62400016e+02
2.62446875e+02
2.62037994e+02
2.62244063e+02
2.62082647e+02
2.62139254e+02
2.61640235e+02
2.62077339e+02
2.61652730e+02
2.61752139e+02
2.61412847e+02
2.61676306e+02
2.68593825e+02
2.68077954e+02
2.64939528e+02
2.60261928e+02
2.54895998e+02
2.49336882e+02
2.44290881e+02
2.40114314e+02
2.35097544e+02
2.31160604e+02
2.27209145e+02
2.23866511e+02
2.20535683e+02
2.17671062e+02
2.14747770e+02
2.12020641e+02
2.09948646e+02
2.07847552e+02
2.05267419e+02
2.03899215e+02
2.02085907e+02
1.99800933e+02
1.98719110e+02
1.97343350e+02
1.95482726e+02
1.94648220e+02
1.93114645e+02
1.92147859e+02
1.90799090e+02
1.90104954e+02
1.88762229e+02
1.87729891e+02
1.86991950e+02
1.85988937e+02
1.85315234e+02
1.84795713e+02
1.83630816e+02
2.68744473e+02
2.67894289e+02
2.64588962e+02
2.60144708e+02
2.55309155e+02
2.51008003e+02
2.46469000e+02
2.42439078e+02
2.38905664e+02
2.35289832e+02
2.32204459e+02
2.28757034e+02
2.26131355e+02
2.23568895e+02
2.21090312e+02
2.18623440e+02
2.16345754e+02
2.14548336e+02
2.12869952e+02
2.10769037e+02
2.09319660e+02
2.07757419e+02
2.06313774e+02
2.04789828e+02
2.03929556e+02
2.02478379e+02
2.00907029e+02
2.00180451e+02
1.98537821e+02
1.97803506e+02
1.96766765e+02
1.95943654e+02
1.95083187e+02
1.94363422e+02
1.93903846e+02
1.92953266e+02
1.92186541e+02
2.69878142e+02
2.69731422e+02
2.69659794e+02
2.69377785e+02
2.68462668e+02
2.67035638e+02
2.65819261e+02
2.64195827e+02
2.62564138e+02
2.60908290e+02
2.58967624e+02
2.57405317e+02
2.55666434e+02
2.53611327e+02
2.52085887e+02
2.49939142e+02
2.48502148e+02
2.47202112e+02
2.45550080e+02
2.44406701e+02
2.43362233e+02
2.41873917e+02
2.40637527e+02
2.39042743e+02
2.38362682e+02
2.37747451e+02
2.36432886e+02
2.35620216e+02
2.34356409e+02
2.33668263e+02
2.32904997e+02
2.32829664e+02
2.31973467e+02
2.30992446e+02
2.30472113e+02
2.29983066e+02
2.28837068e+02
2.70526936e+02
2.70248167e+02
2.70741373e+02
2.70473314e+02
2.70001580e+02
2.69544759e+02
2.69285224e+02
2.67897180e+02
2.67372687e+02
2.65884987e+02
2.64921265e+02
2.64039080e+02
2.61872921e+02
2.61049313e+02
2.59862290e+02
2.58758091e+02
2.57455536e+02
2.56640402e+02
2.55748672e+02
2.54659025e+02
2.53620662e+02
2.52803789e+02
2.51468920e+02
2.51018328e+02
2.50304816e+02
2.49508574e+02
2.48576766e+02
2.47888961e+02
2.47447305e+02
2.46689369e+02
2.45898467e+02
2.45883776e+02
2.45034714e+02
2.44399644e+02
2.44046823e+02
2.43799603e+02
2.43062207e+02
2.71499788e+02
2.70955348e+02
2.71226406e+02
2.70982166e+02
2.70865575e+02
2.70166651e+02
2.70259378e+02
2.69330823e+02
2.69229928e+02
2.68173839e+02
2.67627285e+02
2.67091966e+02
2.66320483e+02
2.65278337e+02
2.64653707e+02
2.64114663e+02
2.63335167e+02
2.62193924e+02
2.61841570e+02
2.61437262e+02
2.60719759e+02
2.60399980e+02
2.59598647e+02
2.59014561e+02
2.58820909e+02
2.58462268e+02
2.57716262e+02
2.57305079e+02
2.57316394e+02
2.56730589e+02
2.56278253e+02
2.56297559e+02
2.56040408e+02
2.55244512e+02
2.55043647e+02
2.54950371e+02
2.54720592e+02
