-2.2000e+02
-9.8989e+00
-2.9391e+00
-2.1005e+00
-1.4592e+00
-1.1010e+00
-8.7490e-01
-7.1849e-01
-6.0341e-01
-5.1505e-01
-4.4590e-01
-5.1957e-01
-4.7741e-01
-4.2764e-01
-3.8346e-01
-3.4501e-01
-3.1157e-01
-2.8237e-01
-2.5677e-01
-2.3421e-01
-2.1424e-01
-1.9648e-01
-1.8063e-01
-1.6642e-01
-1.5362e-01
-1.4208e-01
-1.3162e-01
-1.2213e-01
-1.1348e-01
-1.0558e-01
-9.8352e-02
-9.1725e-02
-8.5636e-02
-8.0030e-02
-7.4862e-02
-7.0089e-02
-1.2000e+02
0.0000e+00
0.0000e+00
-8.5158e+00
-6.5108e+00
-5.9724e+00
-5.2468e+00
-4.5725e+00
-3.9899e+00
-3.4960e+00
-3.0778e+00
-2.7343e+00
-2.4542e+00
-2.2058e+00
-1.9846e+00
-1.7885e+00
-1.6147e+00
-1.4605e+00
-1.3235e+00
-1.2015e+00
-1.0926e+00
-9.9516e-01
-9.0784e-01
-8.2941e-01
-7.5884e-01
-6.9522e-01
-6.3778e-01
-5.8583e-01
-5.3876e-01
-4.9605e-01
-4.5725e-01
-4.2195e-01
-3.8978e-01
-3.6043e-01
-3.3363e-01
-3.0911e-01
-2.0000e+01
-3.7678e+00
-4.4460e+00
-4.6989e+00
-5.1980e+00
-5.5214e+00
-5.4344e+00
-5.1504e+00
-4.7886e+00
-4.4065e+00
-4.0319e+00
-3.6778e+00
-3.3508e+00
-3.0530e+00
-2.7830e+00
-2.5381e+00
-2.3161e+00
-2.1149e+00
-1.9325e+00
-1.7671e+00
-1.6172e+00
-1.4812e+00
-1.3578e+00
-1.2458e+00
-1.1440e+00
-1.0514e+00
-9.6722e-01
-8.9053e-01
-8.2065e-01
-7.5691e-01
-6.9872e-01
-6.4556e-01
-5.9694e-01
-5.5245e-01
-5.1169e-01
-4.7432e-01
-1.5563e-01
-3.2984e-01
-5.5553e-01
-8.5992e-01
-1.1782e+00
-1.4489e+00
-1.6452e+00
-1.7644e+00
-1.8175e+00
-1.8199e+00
-1.7861e+00
-1.7278e+00
-1.6541e+00
-1.5715e+00
-1.4847e+00
-1.3969e+00
-1.3104e+00
-1.2264e+00
-1.1459e+00
-1.0693e+00
-9.9686e-01
-9.2874e-01
-8.6488e-01
-8.0518e-01
-7.4950e-01
-6.9765e-01
-6.4943e-01
-6.0464e-01
-5.6307e-01
-5.2450e-01
-4.8873e-01
-4.5557e-01
-4.2483e-01
-3.9633e-01
-3.6991e-01
-3.4542e-01
-1.0804e-02
-3.6854e-02
-7.0799e-02
-1.1790e-01
-1.7402e-01
-2.2796e-01
-2.7160e-01
-3.0185e-01
-3.1913e-01
-3.2564e-01
-3.2400e-01
-3.1660e-01
-3.0535e-01
-2.9170e-01
-2.7672e-01
-2.6117e-01
-2.4556e-01
-2.3023e-01
-2.1541e-01
-2.0123e-01
-1.8775e-01
-1.7503e-01
-1.6307e-01
-1.5187e-01
-1.4140e-01
-1.3164e-01
-1.2255e-01
-1.1410e-01
-1.0625e-01
-9.8967e-02
-9.2208e-02
-8.5940e-02
-8.0127e-02
-7.4737e-02
-6.9741e-02
-6.5108e-02
-7.3461e-01
-2.9666e+00
-4.4695e+00
-5.0667e+00
-5.1954e+00
-5.0857e+00
-4.8523e+00
-4.5598e+00
-4.2461e+00
-3.9328e+00
-3.6322e+00
-3.3505e+00
-3.0911e+00
-2.8546e+00
-2.6396e+00
-2.4443e+00
-2.2669e+00
-2.1057e+00
-1.9590e+00
-1.8252e+00
-1.7031e+00
-1.5912e+00
-1.4886e+00
-1.3943e+00
-1.3074e+00
-1.2272e+00
-1.1530e+00
-1.0842e+00
-1.0203e+00
-9.6088e-01
-9.0557e-01
-8.5399e-01
-8.0582e-01
-7.6080e-01
-7.1866e-01
-6.7920e-01
-1.0485e+00
-3.5466e+00
-4.6583e+00
-4.8109e+00
-4.6540e+00
-4.4055e+00
-4.1306e+00
-3.8529e+00
-3.5834e+00
-3.3275e+00
-3.0878e+00
-2.8656e+00
-2.6617e+00
-2.4752e+00
-2.3042e+00
-2.1472e+00
-2.0030e+00
-1.8703e+00
-1.7482e+00
-1.6356e+00
-1.5316e+00
-1.4355e+00
-1.3466e+00
-1.2641e+00
-1.1876e+00
-1.1165e+00
-1.0503e+00
-9.8866e-01
-9.3117e-01
-8.7751e-01
-8.2737e-01
-7.8048e-01
-7.3661e-01
-6.9551e-01
-6.5700e-01
-6.2088e-01
-4.6280e-02
-1.8011e-01
-5.0665e-01
-8.9409e-01
-1.2211e+00
-1.4564e+00
-1.6101e+00
-1.7005e+00
-1.7437e+00
-1.7521e+00
-1.7348e+00
-1.6989e+00
-1.6498e+00
-1.5916e+00
-1.5276e+00
-1.4602e+00
-1.3911e+00
-1.3218e+00
-1.2532e+00
-1.1860e+00
-1.1209e+00
-1.0581e+00
-9.9794e-01
-9.4056e-01
-8.8601e-01
-8.3429e-01
-7.8539e-01
-7.3924e-01
-6.9573e-01
-6.5479e-01
-6.1629e-01
-5.8012e-01
-5.4615e-01
-5.1427e-01
-4.8437e-01
-4.5631e-01
-3.9495e-02
-6.8635e-02
-1.6249e-01
-3.3327e-01
-5.3424e-01
-7.2332e-01
-8.8046e-01
-1.0007e+00
-1.0859e+00
-1.1405e+00
-1.1695e+00
-1.1779e+00
-1.1699e+00
-1.1494e+00
-1.1195e+00
-1.0829e+00
-1.0417e+00
-9.9754e-01
-9.5177e-01
-9.0538e-01
-8.5915e-01
-8.1365e-01
-7.6932e-01
-7.2645e-01
-6.8526e-01
-6.4587e-01
-6.0835e-01
-5.7274e-01
-5.3902e-01
-5.0717e-01
-4.7714e-01
-4.4887e-01
-4.2227e-01
-3.9729e-01
-3.7383e-01
-3.5182e-01
-4.6916e-02
-4.8015e-02
-9.1154e-02
-1.8022e-01
-2.9677e-01
-4.1773e-01
-5.2707e-01
-6.1688e-01
-6.8486e-01
-7.3192e-01
-7.6049e-01
-7.7355e-01
-7.7405e-01
-7.6473e-01
-7.4797e-01
-7.2577e-01
-6.9973e-01
-6.7116e-01
-6.4107e-01
-6.1025e-01
-5.7930e-01
-5.4867e-01
-5.1871e-01
-4.8965e-01
-4.6167e-01
-4.3487e-01
-4.0932e-01
-3.8505e-01
-3.6206e-01
-3.4035e-01
-3.1988e-01
-3.0062e-01
-2.8251e-01
-2.6551e-01
-2.4956e-01
-2.3460e-01
