-2.2000e+02
-9.6989e+00
-2.8697e+00
-2.1111e+00
-1.4767e+00
-1.1190e+00
-8.9222e-01
-7.3463e-01
-6.1820e-01
-5.2853e-01
-4.5742e-01
-4.6601e-01
-4.8713e-01
-4.3998e-01
-3.9599e-01
-3.5738e-01
-3.2371e-01
-2.9430e-01
-2.6851e-01
-2.4578e-01
-2.2566e-01
-2.0776e-01
-1.9176e-01
-1.7742e-01
-1.6449e-01
-1.5281e-01
-1.4221e-01
-1.3256e-01
-1.2376e-01
-1.1571e-01
-1.0832e-01
-1.0153e-01
-9.5274e-02
-8.9496e-02
-8.4153e-02
-7.9201e-02
-1.2000e+02
0.0000e+00
0.0000e+00
-8.3618e+00
-6.4104e+00
-5.9075e+00
-5.2096e+00
-4.5513e+00
-3.9784e+00
-3.4906e+00
-3.0764e+00
-2.7268e+00
-2.4465e+00
-2.2043e+00
-1.9874e+00
-1.7941e+00
-1.6225e+00
-1.4701e+00
-1.3345e+00
-1.2138e+00
-1.1060e+00
-1.0097e+00
-9.2328e-01
-8.4570e-01
-7.7588e-01
-7.1294e-01
-6.5609e-01
-6.0466e-01
-5.5804e-01
-5.1573e-01
-4.7725e-01
-4.4221e-01
-4.1026e-01
-3.8107e-01
-3.5437e-01
-3.2992e-01
-2.0000e+01
-3.2616e+00
-4.1688e+00
-4.5385e+00
-5.0731e+00
-5.4291e+00
-5.3665e+00
-5.0963e+00
-4.7434e+00
-4.3683e+00
-3.9999e+00
-3.6516e+00
-3.3295e+00
-3.0361e+00
-2.7707e+00
-2.5305e+00
-2.3131e+00
-2.1161e+00
-1.9375e+00
-1.7757e+00
-1.6289e+00
-1.4958e+00
-1.3750e+00
-1.2653e+00
-1.1656e+00
-1.0749e+00
-9.9233e-01
-9.1711e-01
-8.4851e-01
-7.8589e-01
-7.2868e-01
-6.7634e-01
-6.2843e-01
-5.8451e-01
-5.4422e-01
-5.0722e-01
-5.1532e-01
-6.3889e-01
-8.2176e-01
-1.0999e+00
-1.3976e+00
-1.6499e+00
-1.8292e+00
-1.9327e+00
-1.9719e+00
-1.9622e+00
-1.9180e+00
-1.8508e+00
-1.7694e+00
-1.6800e+00
-1.5873e+00
-1.4944e+00
-1.4032e+00
-1.3152e+00
-1.2311e+00
-1.1514e+00
-1.0761e+00
-1.0055e+00
-9.3933e-01
-8.7757e-01
-8.2000e-01
-7.6641e-01
-7.1658e-01
-6.7029e-01
-6.2729e-01
-5.8736e-01
-5.5029e-01
-5.1587e-01
-4.8390e-01
-4.5420e-01
-4.2660e-01
-4.0094e-01
-3.7934e-02
-8.3843e-02
-1.1136e-01
-1.4901e-01
-1.9617e-01
-2.4214e-01
-2.7915e-01
-3.0420e-01
-3.1768e-01
-3.2160e-01
-3.1834e-01
-3.1005e-01
-2.9845e-01
-2.8484e-01
-2.7014e-01
-2.5504e-01
-2.3999e-01
-2.2529e-01
-2.1113e-01
-1.9762e-01
-1.8482e-01
-1.7277e-01
-1.6145e-01
-1.5086e-01
-1.4097e-01
-1.3175e-01
-1.2318e-01
-1.1520e-01
-1.0779e-01
-1.0091e-01
-9.4515e-02
-8.8578e-02
-8.3063e-02
-7.7941e-02
-7.3180e-02
-6.8755e-02
-7.5820e-01
-3.1581e+00
-4.7597e+00
-5.3799e+00
-5.4948e+00
-5.3575e+00
-5.0951e+00
-4.7773e+00
-4.4434e+00
-4.1148e+00
-3.8028e+00
-3.5126e+00
-3.2467e+00
-3.0055e+00
-2.7872e+00
-2.5896e+00
-2.4104e+00
-2.2477e+00
-2.0996e+00
-1.9646e+00
-1.8410e+00
-1.7278e+00
-1.6237e+00
-1.5277e+00
-1.4390e+00
-1.3569e+00
-1.2808e+00
-1.2099e+00
-1.1439e+00
-1.0823e+00
-1.0247e+00
-9.7080e-01
-9.2026e-01
-8.7284e-01
-8.2827e-01
-7.8636e-01
-1.0500e+00
-3.6579e+00
-4.8365e+00
-5.0196e+00
-4.8710e+00
-4.6188e+00
-4.3353e+00
-4.0482e+00
-3.7702e+00
-3.5073e+00
-3.2621e+00
-3.0354e+00
-2.8276e+00
-2.6382e+00
-2.4651e+00
-2.3064e+00
-2.1606e+00
-2.0264e+00
-1.9027e+00
-1.7885e+00
-1.6828e+00
-1.5849e+00
-1.4940e+00
-1.4095e+00
-1.3308e+00
-1.2573e+00
-1.1888e+00
-1.1247e+00
-1.0646e+00
-1.0084e+00
-9.5556e-01
-9.0599e-01
-8.5939e-01
-8.1554e-01
-7.7427e-01
-7.3539e-01
-2.2632e-01
-3.5848e-01
-6.7480e-01
-1.0650e+00
-1.4018e+00
-1.6487e+00
-1.8130e+00
-1.9119e+00
-1.9613e+00
-1.9738e+00
-1.9588e+00
-1.9237e+00
-1.8742e+00
-1.8147e+00
-1.7487e+00
-1.6788e+00
-1.6069e+00
-1.5344e+00
-1.4625e+00
-1.3920e+00
-1.3233e+00
-1.2569e+00
-1.1930e+00
-1.1319e+00
-1.0735e+00
-1.0179e+00
-9.6516e-01
-9.1509e-01
-8.6766e-01
-8.2277e-01
-7.8033e-01
-7.4021e-01
-7.0231e-01
-6.6651e-01
-6.3271e-01
-6.0078e-01
-2.2297e-01
-2.9875e-01
-3.4831e-01
-4.7855e-01
-6.5695e-01
-8.3809e-01
-9.9554e-01
-1.1195e+00
-1.2091e+00
-1.2675e+00
-1.2994e+00
-1.3094e+00
-1.3022e+00
-1.2816e+00
-1.2511e+00
-1.2134e+00
-1.1709e+00
-1.1253e+00
-1.0780e+00
-1.0301e+00
-9.8220e-01
-9.3507e-01
-8.8908e-01
-8.4453e-01
-8.0163e-01
-7.6049e-01
-7.2120e-01
-6.8378e-01
-6.4821e-01
-6.1448e-01
-5.8252e-01
-5.5228e-01
-5.2368e-01
-4.9667e-01
-4.7115e-01
-4.4706e-01
-3.9309e-01
-2.6553e-01
-2.5545e-01
-3.1130e-01
-4.0476e-01
-5.0846e-01
-6.0411e-01
-6.8252e-01
-7.4069e-01
-7.7919e-01
-8.0029e-01
-8.0688e-01
-8.0189e-01
-7.8803e-01
-7.6760e-01
-7.4254e-01
-7.1438e-01
-6.8434e-01
-6.5334e-01
-6.2207e-01
-5.9105e-01
-5.6066e-01
-5.3116e-01
-5.0273e-01
-4.7550e-01
-4.4951e-01
-4.2481e-01
-4.0140e-01
-3.7926e-01
-3.5834e-01
-3.3863e-01
-3.2005e-01
-3.0257e-01
-2.8612e-01
-2.7065e-01
-2.5610e-01
