-2.2000e+02
-9.4350e+00
-2.8789e+00
-2.1779e+00
-1.5239e+00
-1.1515e+00
-9.1481e-01
-7.5031e-01
-6.2894e-01
-5.3564e-01
-4.6180e-01
-4.4703e-01
-4.8477e-01
-4.3817e-01
-3.9323e-01
-3.5363e-01
-3.1909e-01
-2.8892e-01
-2.6249e-01
-2.3922e-01
-2.1864e-01
-2.0036e-01
-1.8405e-01
-1.6944e-01
-1.5630e-01
-1.4445e-01
-1.3371e-01
-1.2397e-01
-1.1510e-01
-1.0700e-01
-9.9589e-02
-9.2794e-02
-8.6551e-02
-8.0805e-02
-7.5505e-02
-7.0612e-02
-1.2000e+02
0.0000e+00
0.0000e+00
-8.4306e+00
-6.5620e+00
-6.0345e+00
-5.3055e+00
-4.6259e+00
-4.0378e+00
-3.5386e+00
-3.1155e+00
-2.7570e+00
-2.4677e+00
-2.2214e+00
-2.0006e+00
-1.8035e+00
-1.6282e+00
-1.4725e+00
-1.3339e+00
-1.2105e+00
-1.1003e+00
-1.0018e+00
-9.1349e-01
-8.3423e-01
-7.6295e-01
-6.9873e-01
-6.4077e-01
-5.8836e-01
-5.4091e-01
-4.9788e-01
-4.5879e-01
-4.2323e-01
-3.9084e-01
-3.6129e-01
-3.3430e-01
-3.0962e-01
-2.0000e+01
-3.8704e+00
-4.4995e+00
-4.7426e+00
-5.2495e+00
-5.5776e+00
-5.4936e+00
-5.2115e+00
-4.8495e+00
-4.4655e+00
-4.0877e+00
-3.7296e+00
-3.3972e+00
-3.0936e+00
-2.8185e+00
-2.5694e+00
-2.3438e+00
-2.1394e+00
-1.9541e+00
-1.7863e+00
-1.6342e+00
-1.4963e+00
-1.3713e+00
-1.2578e+00
-1.1547e+00
-1.0610e+00
-9.7583e-01
-8.9828e-01
-8.2763e-01
-7.6320e-01
-7.0440e-01
-6.5068e-01
-6.0156e-01
-5.5660e-01
-5.1541e-01
-4.7765e-01
1.9996e-02
-2.3546e-01
-5.1112e-01
-8.5492e-01
-1.2014e+00
-1.4889e+00
-1.6932e+00
-1.8146e+00
-1.8667e+00
-1.8666e+00
-1.8295e+00
-1.7679e+00
-1.6908e+00
-1.6051e+00
-1.5154e+00
-1.4249e+00
-1.3360e+00
-1.2499e+00
-1.1675e+00
-1.0892e+00
-1.0153e+00
-9.4580e-01
-8.8069e-01
-8.1984e-01
-7.6309e-01
-7.1024e-01
-6.6110e-01
-6.1543e-01
-5.7304e-01
-5.3369e-01
-4.9719e-01
-4.6333e-01
-4.3193e-01
-4.0282e-01
-3.7581e-01
-3.5075e-01
3.9700e-04
-1.0230e-03
-3.8180e-03
-7.4370e-03
-1.1505e-02
-1.5258e-02
-1.8201e-02
-2.0181e-02
-2.1270e-02
-2.1642e-02
-2.1479e-02
-2.0946e-02
-2.0169e-02
-1.9242e-02
-1.8235e-02
-1.7195e-02
-1.6156e-02
-1.5140e-02
-1.4159e-02
-1.3222e-02
-1.2335e-02
-1.1497e-02
-1.0711e-02
-9.9740e-03
-9.2860e-03
-8.6450e-03
-8.0470e-03
-7.4920e-03
-6.9760e-03
-6.4970e-03
-6.0520e-03
-5.6390e-03
-5.2570e-03
-4.9020e-03
-4.5720e-03
-4.2670e-03
-7.5732e-01
-3.0699e+00
-4.6303e+00
-5.2510e+00
-5.3837e+00
-5.2674e+00
-5.0220e+00
-4.7151e+00
-4.3859e+00
-4.0574e+00
-3.7422e+00
-3.4468e+00
-3.1743e+00
-2.9260e+00
-2.7008e+00
-2.4967e+00
-2.3117e+00
-2.1437e+00
-1.9912e+00
-1.8523e+00
-1.7256e+00
-1.6097e+00
-1.5036e+00
-1.4061e+00
-1.3164e+00
-1.2336e+00
-1.1571e+00
-1.0862e+00
-1.0205e+00
-9.5944e-01
-9.0261e-01
-8.4966e-01
-8.0025e-01
-7.5410e-01
-7.1095e-01
-6.7057e-01
-1.1116e+00
-3.7593e+00
-4.9161e+00
-5.0542e+00
-4.8706e+00
-4.5951e+00
-4.2952e+00
-3.9951e+00
-3.7057e+00
-3.4324e+00
-3.1776e+00
-2.9421e+00
-2.7262e+00
-2.5296e+00
-2.3504e+00
-2.1865e+00
-2.0363e+00
-1.8985e+00
-1.7719e+00
-1.6554e+00
-1.5480e+00
-1.4489e+00
-1.3573e+00
-1.2724e+00
-1.1937e+00
-1.1206e+00
-1.0527e+00
-9.8945e-01
-9.3050e-01
-8.7551e-01
-8.2416e-01
-7.7618e-01
-7.3129e-01
-6.8928e-01
-6.4993e-01
-6.1306e-01
-3.3630e-02
-1.7073e-01
-5.1991e-01
-9.2817e-01
-1.2675e+00
-1.5089e+00
-1.6652e+00
-1.7561e+00
-1.7986e+00
-1.8053e+00
-1.7859e+00
-1.7475e+00
-1.6957e+00
-1.6346e+00
-1.5678e+00
-1.4975e+00
-1.4258e+00
-1.3539e+00
-1.2828e+00
-1.2133e+00
-1.1460e+00
-1.0812e+00
-1.0190e+00
-9.5978e-01
-9.0345e-01
-8.5007e-01
-7.9958e-01
-7.5192e-01
-7.0701e-01
-6.6474e-01
-6.2499e-01
-5.8764e-01
-5.5258e-01
-5.1967e-01
-4.8880e-01
-4.5985e-01
-2.7406e-02
-4.2397e-02
-1.4047e-01
-3.2548e-01
-5.4223e-01
-7.4487e-01
-9.1247e-01
-1.0402e+00
-1.1306e+00
-1.1885e+00
-1.2194e+00
-1.2285e+00
-1.2203e+00
-1.1989e+00
-1.1677e+00
-1.1294e+00
-1.0863e+00
-1.0401e+00
-9.9213e-01
-9.4354e-01
-8.9510e-01
-8.4742e-01
-8.0093e-01
-7.5597e-01
-7.1275e-01
-6.7140e-01
-6.3201e-01
-5.9461e-01
-5.5919e-01
-5.2572e-01
-4.9416e-01
-4.6444e-01
-4.3648e-01
-4.1021e-01
-3.8554e-01
-3.6240e-01
-3.2688e-02
-1.6966e-02
-6.3245e-02
-1.6151e-01
-2.8991e-01
-4.2306e-01
-5.4352e-01
-6.4273e-01
-7.1823e-01
-7.7102e-01
-8.0372e-01
-8.1953e-01
-8.2165e-01
-8.1300e-01
-7.9616e-01
-7.7327e-01
-7.4610e-01
-7.1607e-01
-6.8428e-01
-6.5160e-01
-6.1869e-01
-5.8605e-01
-5.5407e-01
-5.2299e-01
-4.9303e-01
-4.6430e-01
-4.3688e-01
-4.1081e-01
-3.8610e-01
-3.6275e-01
-3.4072e-01
-3.1997e-01
-3.0046e-01
-2.8213e-01
-2.6493e-01
-2.4880e-01
