2.70102799e+02
5.00147208e+01
4.02340859e+01
3.76178107e+01
3.55110594e+01
3.35676530e+01
3.24731623e+01
3.19361522e+01
3.11086603e+01
3.02936073e+01
2.95398923e+01
2.93670594e+01
2.89658475e+01
2.86187853e+01
2.80077492e+01
2.77276545e+01
2.75291778e+01
2.73393420e+01
2.68153005e+01
2.66092928e+01
2.65455250e+01
2.61163516e+01
2.59859130e+01
2.56709735e+01
2.57635466e+01
2.54163040e+01
2.53042087e+01
2.49213681e+01
2.52846895e+01
2.46959466e+01
2.47705435e+01
2.48313646e+01
2.48801463e+01
2.44340321e+01
2.42049132e+01
2.46217380e+01
2.46286820e+01
2.69906313e+02
1.50212691e+02
1.50142117e+02
1.49735571e+02
1.41733846e+02
1.34767266e+02
1.28817478e+02
1.23184307e+02
1.18396655e+02
1.14608028e+02
1.11173049e+02
1.08172689e+02
1.05456260e+02
1.03180824e+02
1.00831846e+02
9.87081327e+01
9.73201148e+01
9.55338289e+01
9.36828387e+01
9.25115882e+01
9.13553808e+01
9.01974594e+01
8.96954666e+01
8.86755825e+01
8.76827140e+01
8.68162555e+01
8.64096787e+01
8.57049375e+01
8.50224082e+01
8.47429440e+01
8.42719725e+01
8.32774564e+01
8.28794470e+01
8.26956041e+01
8.23908252e+01
8.16314935e+01
8.16758686e+01
2.69917635e+02
2.49826460e+02
2.45641291e+02
2.41194179e+02
2.36503552e+02
2.31342953e+02
2.25496956e+02
2.20406552e+02
2.14632181e+02
2.09745730e+02
2.05693039e+02
2.01592493e+02
1.97742441e+02
1.94964811e+02
1.91712703e+02
1.88687239e+02
1.86328980e+02
1.83834232e+02
1.81927594e+02
1.80038738e+02
1.77954956e+02
1.76436621e+02
1.75243019e+02
1.73485045e+02
1.72457106e+02
1.71261762e+02
1.70178034e+02
1.69432593e+02
1.68514036e+02
1.67219052e+02
1.66664789e+02
1.66035616e+02
1.65762491e+02
1.64626110e+02
1.64189664e+02
1.64133962e+02
1.63481395e+02
2.69028086e+02
2.69006399e+02
2.68795130e+02
2.68815515e+02
2.67842624e+02
2.66468048e+02
2.65242615e+02
2.63595922e+02
2.61758809e+02
2.59668364e+02
2.58021320e+02
2.56609342e+02
2.54406336e+02
2.52966453e+02
2.51194405e+02
2.49444198e+02
2.47863909e+02
2.46747772e+02
2.45768267e+02
2.44500481e+02
2.43989859e+02
2.42271122e+02
2.41903498e+02
2.40847476e+02
2.39869961e+02
2.39508593e+02
2.38754357e+02
2.38109897e+02
2.37161422e+02
2.36845412e+02
2.36379831e+02
2.35800430e+02
2.35361292e+02
2.34520485e+02
2.34560109e+02
2.34045376e+02
2.33410968e+02
2.67963538e+02
2.68278951e+02
2.67868760e+02
2.67516850e+02
2.67773803e+02
2.67210955e+02
2.67217810e+02
2.67145500e+02
2.67058639e+02
2.66608936e+02
2.65803911e+02
2.65890078e+02
2.65537869e+02
2.65409974e+02
2.64857262e+02
2.64760896e+02
2.64140041e+02
2.63799281e+02
2.64309808e+02
2.63659324e+02
2.63406878e+02
2.62938696e+02
2.62918622e+02
2.63068590e+02
2.62645141e+02
2.62866056e+02
2.62404190e+02
2.62412717e+02
2.62233586e+02
2.62575627e+02
2.62162474e+02
2.61944858e+02
2.62009200e+02
2.62056643e+02
2.61517127e+02
2.61367696e+02
2.61712882e+02
2.68881427e+02
2.67980158e+02
2.64772195e+02
2.60571154e+02
2.55665966e+02
2.50075371e+02
2.45218228e+02
2.40706361e+02
2.36050865e+02
2.31880553e+02
2.28204599e+02
2.24263226e+02
2.21367683e+02
2.18539337e+02
2.15687659e+02
2.13137864e+02
2.10715673e+02
2.09044136e+02
2.07271891e+02
2.04887774e+02
2.03403224e+02
2.01419339e+02
1.99854880e+02
1.98672312e+02
1.97510163e+02
1.95991139e+02
1.94701919e+02
1.93618505e+02
1.92987591e+02
1.91744560e+02
1.90799319e+02
1.89905257e+02
1.89121368e+02
1.87978253e+02
1.87377485e+02
1.86971255e+02
1.86025097e+02
2.69280891e+02
2.67792556e+02
2.64435177e+02
2.59711933e+02
2.54524964e+02
2.50086275e+02
2.45620063e+02
2.41413088e+02
2.37916088e+02
2.34536371e+02
2.31232866e+02
2.28089260e+02
2.25578547e+02
2.22944650e+02
2.20846552e+02
2.18183261e+02
2.16116048e+02
2.14349919e+02
2.12624076e+02
2.11125398e+02
2.09037801e+02
2.07841998e+02
2.06643629e+02
2.05266652e+02
2.04688909e+02
2.03217848e+02
2.01876600e+02
2.01180316e+02
1.99965276e+02
1.99133466e+02
1.97870083e+02
1.97392744e+02
1.96738062e+02
1.95900340e+02
1.95092538e+02
1.94222918e+02
1.93341626e+02
2.70305101e+02
2.70329595e+02
2.69933129e+02
2.69388548e+02
2.68467118e+02
2.67389688e+02
2.65989792e+02
2.64540572e+02
2.62936442e+02
2.60688650e+02
2.59151349e+02
2.57721535e+02
2.55836195e+02
2.54439232e+02
2.52866230e+02
2.51412757e+02
2.49967281e+02
2.48357207e+02
2.47341310e+02
2.46181220e+02
2.44769610e+02
2.43569651e+02
2.42919626e+02
2.41683377e+02
2.41118211e+02
2.39814239e+02
2.38844549e+02
2.38328129e+02
2.37867221e+02
2.36980022e+02
2.36352406e+02
2.35724149e+02
2.35341857e+02
2.34632550e+02
2.34326091e+02
2.33981817e+02
2.33288457e+02
2.70240215e+02
2.70666375e+02
2.70272354e+02
2.70221737e+02
2.70107916e+02
2.69654306e+02
2.68727848e+02
2.68226060e+02
2.66911055e+02
2.66159585e+02
2.64448439e+02
2.63744808e+02
2.62118423e+02
2.61486885e+02
2.60333741e+02
2.59218510e+02
2.58018570e+02
2.56778746e+02
2.56187505e+02
2.55244563e+02
2.54189573e+02
2.53471326e+02
2.52720479e+02
2.51743744e+02
2.51293770e+02
2.50555556e+02
2.49779281e+02
2.49023626e+02
2.48511868e+02
2.47730433e+02
2.47502925e+02
2.47193215e+02
2.45974894e+02
2.45736579e+02
2.45477893e+02
2.45240521e+02
2.44953800e+02
2.70772258e+02
2.70667095e+02
2.70885898e+02
2.70748185e+02
2.70423674e+02
2.70219935e+02
2.69546226e+02
2.69202850e+02
2.68707949e+02
2.67750595e+02
2.67069553e+02
2.66505997e+02
2.65677512e+02
2.64848639e+02
2.63901336e+02
2.63163303e+02
2.62673537e+02
2.62059383e+02
2.61611519e+02
2.60365527e+02
2.59894752e+02
2.59160335e+02
2.58715057e+02
2.58175638e+02
2.57965212e+02
2.56980990e+02
2.56792156e+02
2.56344307e+02
2.55945889e+02
2.55592134e+02
2.55110296e+02
2.54877417e+02
2.54374456e+02
2.54241262e+02
2.54040281e+02
2.53838724e+02
2.53430124e+02
