-2.2000e+02
-9.7097e+00
-2.8875e+00
-2.1216e+00
-1.4833e+00
-1.1233e+00
-8.9493e-01
-7.3614e-01
-6.1888e-01
-5.2864e-01
-4.5714e-01
-4.8704e-01
-4.8820e-01
-4.3952e-01
-3.9519e-01
-3.5646e-01
-3.2278e-01
-2.9341e-01
-2.6769e-01
-2.4505e-01
-2.2503e-01
-2.0725e-01
-1.9137e-01
-1.7714e-01
-1.6433e-01
-1.5276e-01
-1.4227e-01
-1.3273e-01
-1.2401e-01
-1.1605e-01
-1.0873e-01
-1.0201e-01
-9.5813e-02
-9.0087e-02
-8.4788e-02
-7.9876e-02
-1.2000e+02
0.0000e+00
0.0000e+00
-8.3958e+00
-6.4586e+00
-5.9474e+00
-5.2399e+00
-4.5762e+00
-4.0004e+00
-3.5108e+00
-3.0955e+00
-2.7473e+00
-2.4680e+00
-2.2238e+00
-2.0052e+00
-1.8106e+00
-1.6379e+00
-1.4845e+00
-1.3481e+00
-1.2266e+00
-1.1182e+00
-1.0212e+00
-9.3423e-01
-8.5615e-01
-7.8590e-01
-7.2257e-01
-6.6538e-01
-6.1364e-01
-5.6675e-01
-5.2419e-01
-4.8548e-01
-4.5023e-01
-4.1808e-01
-3.8871e-01
-3.6183e-01
-3.3720e-01
-2.0000e+01
-3.5967e+00
-4.3599e+00
-4.6589e+00
-5.1720e+00
-5.5113e+00
-5.4393e+00
-5.1661e+00
-4.8122e+00
-4.4360e+00
-4.0658e+00
-3.7151e+00
-3.3901e+00
-3.0938e+00
-2.8251e+00
-2.5816e+00
-2.3608e+00
-2.1607e+00
-1.9793e+00
-1.8148e+00
-1.6656e+00
-1.5303e+00
-1.4075e+00
-1.2960e+00
-1.1946e+00
-1.1024e+00
-1.0185e+00
-9.4205e-01
-8.7232e-01
-8.0865e-01
-7.5047e-01
-6.9724e-01
-6.4849e-01
-6.0378e-01
-5.6275e-01
-5.2504e-01
-1.5949e-01
-3.6358e-01
-5.9635e-01
-9.0209e-01
-1.2196e+00
-1.4889e+00
-1.6842e+00
-1.8033e+00
-1.8574e+00
-1.8616e+00
-1.8301e+00
-1.7744e+00
-1.7034e+00
-1.6234e+00
-1.5391e+00
-1.4536e+00
-1.3692e+00
-1.2871e+00
-1.2082e+00
-1.1331e+00
-1.0619e+00
-9.9484e-01
-9.3182e-01
-8.7277e-01
-8.1757e-01
-7.6603e-01
-7.1796e-01
-6.7316e-01
-6.3144e-01
-5.9260e-01
-5.5643e-01
-5.2276e-01
-4.9141e-01
-4.6221e-01
-4.3500e-01
-4.0964e-01
-1.0379e-02
-3.9058e-02
-7.3898e-02
-1.1949e-01
-1.7273e-01
-2.2332e-01
-2.6398e-01
-2.9202e-01
-3.0802e-01
-3.1407e-01
-3.1264e-01
-3.0591e-01
-2.9564e-01
-2.8317e-01
-2.6945e-01
-2.5519e-01
-2.4085e-01
-2.2676e-01
-2.1311e-01
-2.0002e-01
-1.8758e-01
-1.7581e-01
-1.6472e-01
-1.5432e-01
-1.4457e-01
-1.3546e-01
-1.2695e-01
-1.1902e-01
-1.1163e-01
-1.0474e-01
-9.8331e-02
-9.2359e-02
-8.6798e-02
-8.1620e-02
-7.6794e-02
-7.2296e-02
-7.8632e-01
-3.0638e+00
-4.6132e+00
-5.2383e+00
-5.3785e+00
-5.2702e+00
-5.0331e+00
-4.7345e+00
-4.4142e+00
-4.0948e+00
-3.7890e+00
-3.5031e+00
-3.2404e+00
-3.0016e+00
-2.7852e+00
-2.5893e+00
-2.4117e+00
-2.2504e+00
-2.1038e+00
-1.9701e+00
-1.8479e+00
-1.7359e+00
-1.6329e+00
-1.5379e+00
-1.4502e+00
-1.3689e+00
-1.2934e+00
-1.2232e+00
-1.1576e+00
-1.0964e+00
-1.0391e+00
-9.8543e-01
-9.3504e-01
-8.8769e-01
-8.4315e-01
-8.0120e-01
-1.1091e+00
-3.6426e+00
-4.7885e+00
-4.9598e+00
-4.8095e+00
-4.5619e+00
-4.2857e+00
-4.0063e+00
-3.7355e+00
-3.4789e+00
-3.2393e+00
-3.0175e+00
-2.8142e+00
-2.6287e+00
-2.4590e+00
-2.3033e+00
-2.1603e+00
-2.0285e+00
-1.9070e+00
-1.7948e+00
-1.6909e+00
-1.5945e+00
-1.5049e+00
-1.4215e+00
-1.3437e+00
-1.2711e+00
-1.2032e+00
-1.1397e+00
-1.0800e+00
-1.0241e+00
-9.7150e-01
-9.2204e-01
-8.7550e-01
-8.3164e-01
-7.9030e-01
-7.5130e-01
-9.2806e-02
-2.3692e-01
-5.7206e-01
-9.7548e-01
-1.3239e+00
-1.5823e+00
-1.7583e+00
-1.8687e+00
-1.9289e+00
-1.9512e+00
-1.9450e+00
-1.9177e+00
-1.8749e+00
-1.8212e+00
-1.7602e+00
-1.6945e+00
-1.6262e+00
-1.5567e+00
-1.4872e+00
-1.4186e+00
-1.3515e+00
-1.2863e+00
-1.2233e+00
-1.1628e+00
-1.1048e+00
-1.0494e+00
-9.9660e-01
-9.4639e-01
-8.9868e-01
-8.5342e-01
-8.1051e-01
-7.6987e-01
-7.3138e-01
-6.9494e-01
-6.6047e-01
-6.2785e-01
-1.1088e-01
-1.5479e-01
-2.3856e-01
-4.0916e-01
-6.1980e-01
-8.2405e-01
-9.9804e-01
-1.1344e+00
-1.2339e+00
-1.3004e+00
-1.3391e+00
-1.3549e+00
-1.3525e+00
-1.3360e+00
-1.3087e+00
-1.2737e+00
-1.2332e+00
-1.1890e+00
-1.1425e+00
-1.0949e+00
-1.0471e+00
-9.9961e-01
-9.5299e-01
-9.0757e-01
-8.6359e-01
-8.2122e-01
-7.8057e-01
-7.4168e-01
-7.0458e-01
-6.6925e-01
-6.3567e-01
-6.0379e-01
-5.7355e-01
-5.4489e-01
-5.1775e-01
-4.9205e-01
-2.3415e-01
-1.3630e-01
-1.4721e-01
-2.2229e-01
-3.3205e-01
-4.4999e-01
-5.5868e-01
-6.4943e-01
-7.1937e-01
-7.6898e-01
-8.0035e-01
-8.1623e-01
-8.1947e-01
-8.1271e-01
-7.9829e-01
-7.7819e-01
-7.5402e-01
-7.2709e-01
-6.9843e-01
-6.6883e-01
-6.3890e-01
-6.0911e-01
-5.7980e-01
-5.5122e-01
-5.2355e-01
-4.9691e-01
-4.7138e-01
-4.4699e-01
-4.2376e-01
-4.0168e-01
-3.8075e-01
-3.6091e-01
-3.4214e-01
-3.2439e-01
-3.0763e-01
-2.9180e-01
