2.70146938e+02
4.96297200e+01
3.99440858e+01
3.74419922e+01
3.50561124e+01
3.35763464e+01
3.22612840e+01
3.15576995e+01
3.04729366e+01
3.02405710e+01
2.99073384e+01
2.95315100e+01
2.88445725e+01
2.83983543e+01
2.78373788e+01
2.73273948e+01
2.73222805e+01
2.68501735e+01
2.63415705e+01
2.59425843e+01
2.62488556e+01
2.59049217e+01
2.54819807e+01
2.54708324e+01
2.50772485e+01
2.53525628e+01
2.51041141e+01
2.50858621e+01
2.47900231e+01
2.46529288e+01
2.42993597e+01
2.43973315e+01
2.39989461e+01
2.39235585e+01
2.40926581e+01
2.42697313e+01
2.40361669e+01
2.70245051e+02
1.49831954e+02
1.50061950e+02
1.50022783e+02
1.41488282e+02
1.34927441e+02
1.29379879e+02
1.23639032e+02
1.19343011e+02
1.15357833e+02
1.11730459e+02
1.08886091e+02
1.05687653e+02
1.03632173e+02
1.01184125e+02
9.92294543e+01
9.72952814e+01
9.62206150e+01
9.42787343e+01
9.30793313e+01
9.18733433e+01
9.06736659e+01
8.96990665e+01
8.83979891e+01
8.75829354e+01
8.71822776e+01
8.60534692e+01
8.55873536e+01
8.50803788e+01
8.44953683e+01
8.36277037e+01
8.37601339e+01
8.24997677e+01
8.29390476e+01
8.24455159e+01
8.14723497e+01
8.15743814e+01
2.70207068e+02
2.50028252e+02
2.46404439e+02
2.42040956e+02
2.37370056e+02
2.31782498e+02
2.26402937e+02
2.20990895e+02
2.15825198e+02
2.11163333e+02
2.06704981e+02
2.02767359e+02
1.99090426e+02
1.95611282e+02
1.92500638e+02
1.89547349e+02
1.86903467e+02
1.85080282e+02
1.82712963e+02
1.80398762e+02
1.79241495e+02
1.77128003e+02
1.75713586e+02
1.74254616e+02
1.72987199e+02
1.71760025e+02
1.70318954e+02
1.69729147e+02
1.68770600e+02
1.67700297e+02
1.66961749e+02
1.66262377e+02
1.65353946e+02
1.64889802e+02
1.64182136e+02
1.63701739e+02
1.63008672e+02
2.70963923e+02
2.70643999e+02
2.70315681e+02
2.69990138e+02
2.69093941e+02
2.67821448e+02
2.66542239e+02
2.64650197e+02
2.62989130e+02
2.61231911e+02
2.59430026e+02
2.57355924e+02
2.55246290e+02
2.54038769e+02
2.52081205e+02
2.50579485e+02
2.48900029e+02
2.47638595e+02
2.46129054e+02
2.45115746e+02
2.43862081e+02
2.43003444e+02
2.41723534e+02
2.40512372e+02
2.40163621e+02
2.39032038e+02
2.38418215e+02
2.37667869e+02
2.37050390e+02
2.36574155e+02
2.36070196e+02
2.35170936e+02
2.34469472e+02
2.34134620e+02
2.34052687e+02
2.33367869e+02
2.33204769e+02
2.68347965e+02
2.68548838e+02
2.68451936e+02
2.67994236e+02
2.68294412e+02
2.67670074e+02
2.67588781e+02
2.67496589e+02
2.66694867e+02
2.66655858e+02
2.66468311e+02
2.66109453e+02
2.65234748e+02
2.65098218e+02
2.64815751e+02
2.64878272e+02
2.64495889e+02
2.64042543e+02
2.64123830e+02
2.63671489e+02
2.63493169e+02
2.63227827e+02
2.63311587e+02
2.62913586e+02
2.62960201e+02
2.62797800e+02
2.62597904e+02
2.62104215e+02
2.62074302e+02
2.61852074e+02
2.61896460e+02
2.62134881e+02
2.61875387e+02
2.61592690e+02
2.61460908e+02
2.61571695e+02
2.61221783e+02
2.73970252e+02
2.73130675e+02
2.69251438e+02
2.64591136e+02
2.58753583e+02
2.52658723e+02
2.48069384e+02
2.42854169e+02
2.38066167e+02
2.33826863e+02
2.29648469e+02
2.25751817e+02
2.22898155e+02
2.19365189e+02
2.16592943e+02
2.13724327e+02
2.11656890e+02
2.08704451e+02
2.06937416e+02
2.04337790e+02
2.02464708e+02
2.01249940e+02
1.99789737e+02
1.98122217e+02
1.96891427e+02
1.95078913e+02
1.93755067e+02
1.92307867e+02
1.91516396e+02
1.90713326e+02
1.89372150e+02
1.88353201e+02
1.87621434e+02
1.86578280e+02
1.85791692e+02
1.85378284e+02
1.84383457e+02
2.73638531e+02
2.73227932e+02
2.69149982e+02
2.64459244e+02
2.59283316e+02
2.54290015e+02
2.49605669e+02
2.45627796e+02
2.41515733e+02
2.37411525e+02
2.33992772e+02
2.31065901e+02
2.27982968e+02
2.24953384e+02
2.22291730e+02
2.20371265e+02
2.17553247e+02
2.15552374e+02
2.13616701e+02
2.11814680e+02
2.09879028e+02
2.08359705e+02
2.06832567e+02
2.04980203e+02
2.04185598e+02
2.02813033e+02
2.01522829e+02
2.00459453e+02
1.99275278e+02
1.98361637e+02
1.97186024e+02
1.96373748e+02
1.95474813e+02
1.94711216e+02
1.94137314e+02
1.93013964e+02
1.92571372e+02
2.73447714e+02
2.73459805e+02
2.73171265e+02
2.72129076e+02
2.71739398e+02
2.69912890e+02
2.68837434e+02
2.66947451e+02
2.65221234e+02
2.63202870e+02
2.61101563e+02
2.59423829e+02
2.57101629e+02
2.55098149e+02
2.53493869e+02
2.51876394e+02
2.49952396e+02
2.48277930e+02
2.46656996e+02
2.45937308e+02
2.44291656e+02
2.42658176e+02
2.41471479e+02
2.40244030e+02
2.39570524e+02
2.38618032e+02
2.37314622e+02
2.36089777e+02
2.35501322e+02
2.34284509e+02
2.33545282e+02
2.32735397e+02
2.31923218e+02
2.30913537e+02
2.30960324e+02
2.30001163e+02
2.29960407e+02
2.72972126e+02
2.72967892e+02
2.72520373e+02
2.72629069e+02
2.72109104e+02
2.71841921e+02
2.70752618e+02
2.69588487e+02
2.69034451e+02
2.67907596e+02
2.66183169e+02
2.64875173e+02
2.63841877e+02
2.62792999e+02
2.61379298e+02
2.59813836e+02
2.58483661e+02
2.57472138e+02
2.56639683e+02
2.55400633e+02
2.54678681e+02
2.53341175e+02
2.52393242e+02
2.51317101e+02
2.50960051e+02
2.50161626e+02
2.49110694e+02
2.48351860e+02
2.47836420e+02
2.47116827e+02
2.46692201e+02
2.45875664e+02
2.45623302e+02
2.45072478e+02
2.44134661e+02
2.43583197e+02
2.43402715e+02
2.72219414e+02
2.72175445e+02
2.72139996e+02
2.72287915e+02
2.72178890e+02
2.71516072e+02
2.71230924e+02
2.70799109e+02
2.69425621e+02
2.69233768e+02
2.68222582e+02
2.67648016e+02
2.67075311e+02
2.66298807e+02
2.64973894e+02
2.64639561e+02
2.63616440e+02
2.62881905e+02
2.62232105e+02
2.62185320e+02
2.61093352e+02
2.60740826e+02
2.59756640e+02
2.59424062e+02
2.58694084e+02
2.58516696e+02
2.58271893e+02
2.57214770e+02
2.56854777e+02
2.56959482e+02
2.56604591e+02
2.56093047e+02
2.55694792e+02
2.55558039e+02
2.54722373e+02
2.54885379e+02
2.54050230e+02
