2.69624839e+02
5.00844782e+01
4.03662095e+01
3.73862346e+01
3.54007729e+01
3.38434794e+01
3.23202564e+01
3.20313831e+01
3.13252456e+01
3.03559229e+01
3.03505563e+01
2.94363689e+01
2.90671405e+01
2.87158024e+01
2.76507445e+01
2.77641694e+01
2.71009195e+01
2.72981168e+01
2.69540139e+01
2.66298840e+01
2.66156532e+01
2.63994123e+01
2.60624550e+01
2.52094326e+01
2.55941040e+01
2.55759202e+01
2.54778070e+01
2.53159664e+01
2.48283881e+01
2.49554322e+01
2.49438353e+01
2.46707629e+01
2.46200648e+01
2.44387633e+01
2.44145892e+01
2.40417207e+01
2.44451917e+01
2.70097462e+02
1.50198302e+02
1.50388763e+02
1.50007872e+02
1.41586602e+02
1.35107115e+02
1.29469293e+02
1.23794796e+02
1.19448022e+02
1.15606396e+02
1.12130472e+02
1.08675145e+02
1.06117071e+02
1.03500488e+02
1.01209361e+02
9.97303453e+01
9.80074154e+01
9.58267828e+01
9.41878125e+01
9.32682241e+01
9.24306123e+01
9.07578412e+01
9.00512188e+01
8.93601450e+01
8.82547892e+01
8.74894399e+01
8.68264099e+01
8.61723324e+01
8.53948451e+01
8.52479812e+01
8.45580228e+01
8.37716462e+01
8.34864897e+01
8.33617916e+01
8.29664421e+01
8.25127286e+01
8.19936148e+01
2.69995399e+02
2.50137219e+02
2.46485398e+02
2.41764103e+02
2.37508869e+02
2.32493909e+02
2.26518794e+02
2.20914607e+02
2.16275458e+02
2.11152460e+02
2.06769872e+02
2.02905943e+02
1.98741920e+02
1.95920566e+02
1.92561537e+02
1.89967613e+02
1.87454091e+02
1.84949093e+02
1.82736148e+02
1.81248650e+02
1.79100691e+02
1.77337889e+02
1.75848038e+02
1.75070228e+02
1.73771819e+02
1.72013846e+02
1.71511760e+02
1.70057263e+02
1.69525600e+02
1.68761566e+02
1.67962205e+02
1.67269020e+02
1.66390960e+02
1.65448362e+02
1.65404849e+02
1.64819925e+02
1.64447143e+02
2.70677034e+02
2.70971163e+02
2.70640968e+02
2.69888922e+02
2.69070499e+02
2.68021161e+02
2.66584083e+02
2.65050480e+02
2.63263380e+02
2.61230823e+02
2.59214123e+02
2.57648400e+02
2.55754041e+02
2.54115353e+02
2.52609356e+02
2.50917123e+02
2.49636195e+02
2.47976306e+02
2.47066536e+02
2.45680130e+02
2.44591901e+02
2.43765420e+02
2.42747755e+02
2.41845123e+02
2.41042415e+02
2.40083515e+02
2.39672018e+02
2.39010095e+02
2.38049823e+02
2.37651076e+02
2.37174856e+02
2.36784541e+02
2.36200694e+02
2.35752531e+02
2.35289065e+02
2.34488906e+02
2.34720966e+02
2.67788219e+02
2.68039546e+02
2.68195766e+02
2.68151936e+02
2.68188385e+02
2.67526563e+02
2.67671744e+02
2.67156895e+02
2.67314624e+02
2.66800105e+02
2.66779801e+02
2.66163031e+02
2.65998449e+02
2.65433582e+02
2.65088868e+02
2.65162632e+02
2.64933082e+02
2.64331557e+02
2.64472995e+02
2.64138055e+02
2.64698056e+02
2.63869585e+02
2.63868515e+02
2.63591761e+02
2.63319722e+02
2.63320215e+02
2.62723484e+02
2.63091214e+02
2.63170557e+02
2.62697315e+02
2.62659628e+02
2.62603893e+02
2.62547976e+02
2.62394291e+02
2.62060620e+02
2.62539496e+02
2.62363789e+02
2.75254997e+02
2.74527055e+02
2.70572524e+02
2.65546122e+02
2.59346505e+02
2.53961791e+02
2.48641898e+02
2.43590240e+02
2.38250239e+02
2.34341410e+02
2.30323686e+02
2.26632320e+02
2.23485137e+02
2.20018189e+02
2.17129123e+02
2.14396265e+02
2.12313535e+02
2.09867487e+02
2.07915308e+02
2.06218472e+02
2.03992635e+02
2.02525451e+02
2.01058131e+02
1.99417299e+02
1.98123741e+02
1.96468250e+02
1.95071666e+02
1.94188014e+02
1.93736398e+02
1.92204760e+02
1.91162936e+02
1.90291219e+02
1.89483147e+02
1.88094931e+02
1.87908841e+02
1.87739063e+02
1.86386515e+02
2.75260953e+02
2.73781012e+02
2.70405481e+02
2.65594965e+02
2.60076540e+02
2.55064043e+02
2.50456818e+02
2.46132794e+02
2.41878150e+02
2.38147526e+02
2.35051004e+02
2.31712400e+02
2.28581062e+02
2.26118320e+02
2.23442419e+02
2.20886724e+02
2.18823137e+02
2.17113899e+02
2.15289300e+02
2.12996942e+02
2.11618385e+02
2.10300753e+02
2.08649921e+02
2.07167874e+02
2.06284536e+02
2.04831485e+02
2.03916557e+02
2.02223381e+02
2.01472091e+02
2.00556332e+02
1.99866077e+02
1.98557389e+02
1.98135368e+02
1.97206579e+02
1.96257965e+02
1.95493286e+02
1.94980976e+02
2.73647630e+02
2.74277046e+02
2.73568937e+02
2.72947834e+02
2.72423779e+02
2.70531953e+02
2.69076812e+02
2.67370989e+02
2.65582277e+02
2.64308698e+02
2.61893294e+02
2.60136995e+02
2.58535383e+02
2.56625725e+02
2.55281886e+02
2.53515122e+02
2.52024810e+02
2.50296444e+02
2.49134589e+02
2.47844325e+02
2.46595789e+02
2.45236365e+02
2.44600584e+02
2.43327019e+02
2.42265074e+02
2.41490104e+02
2.40579641e+02
2.39686117e+02
2.38858936e+02
2.38362969e+02
2.38020235e+02
2.36910966e+02
2.36265556e+02
2.36022979e+02
2.35271017e+02
2.34795816e+02
2.34395672e+02
2.73033003e+02
2.72774860e+02
2.72852061e+02
2.72860423e+02
2.72595128e+02
2.71823215e+02
2.71337847e+02
2.69941543e+02
2.68866058e+02
2.68033998e+02
2.66883140e+02
2.66018408e+02
2.65019582e+02
2.63513248e+02
2.62151547e+02
2.60940809e+02
2.60328293e+02
2.59165628e+02
2.57974878e+02
2.57241507e+02
2.56557173e+02
2.55253152e+02
2.54586466e+02
2.53712827e+02
2.52977826e+02
2.52382721e+02
2.51911526e+02
2.50862879e+02
2.50560528e+02
2.50440694e+02
2.49586788e+02
2.49317978e+02
2.48700795e+02
2.48295987e+02
2.47798377e+02
2.47694746e+02
2.47293435e+02
2.72399502e+02
2.71972911e+02
2.72021272e+02
2.72123635e+02
2.71817201e+02
2.71508970e+02
2.71357882e+02
2.71124070e+02
2.70093448e+02
2.69795513e+02
2.68877273e+02
2.68447672e+02
2.67599348e+02
2.66726234e+02
2.66293603e+02
2.65414001e+02
2.64985649e+02
2.64202549e+02
2.63793627e+02
2.63283245e+02
2.62541898e+02
2.61972337e+02
2.61677644e+02
2.61004707e+02
2.60311314e+02
2.60413847e+02
2.59768960e+02
2.59644035e+02
2.59249075e+02
2.58706620e+02
2.58147708e+02
2.58077364e+02
2.57819552e+02
2.57692317e+02
2.57475393e+02
2.57548585e+02
2.56756655e+02
