2.69956721e+02
5.00732908e+01
4.04035898e+01
3.71630867e+01
3.52446706e+01
3.38258384e+01
3.27414703e+01
3.18182149e+01
3.09434906e+01
3.05650812e+01
2.97011997e+01
2.98652918e+01
2.92706461e+01
2.86468852e+01
2.81745369e+01
2.74511678e+01
2.73947470e+01
2.69512971e+01
2.67558383e+01
2.63309910e+01
2.58827740e+01
2.60810632e+01
2.54884410e+01
2.54761379e+01
2.53336134e+01
2.54240023e+01
2.51086765e+01
2.47796426e+01
2.48124760e+01
2.48157629e+01
2.45306210e+01
2.46377484e+01
2.43964736e+01
2.39846658e+01
2.41114813e+01
2.42098832e+01
2.39929077e+01
2.69939798e+02
1.49952977e+02
1.49922389e+02
1.50194359e+02
1.41679827e+02
1.35197051e+02
1.29067123e+02
1.23812171e+02
1.19155743e+02
1.15407050e+02
1.12005772e+02
1.08767753e+02
1.06442742e+02
1.03389313e+02
1.01431720e+02
9.96326033e+01
9.74741519e+01
9.57257885e+01
9.44189557e+01
9.28627452e+01
9.17253495e+01
9.07761432e+01
8.95019840e+01
8.87403283e+01
8.77543772e+01
8.72182739e+01
8.64653090e+01
8.56080399e+01
8.49703421e+01
8.43392263e+01
8.41854168e+01
8.31696377e+01
8.30406415e+01
8.27513119e+01
8.19004270e+01
8.19367143e+01
8.12634096e+01
2.70110938e+02
2.50026890e+02
2.46243828e+02
2.42487618e+02
2.37273252e+02
2.32089403e+02
2.26932153e+02
2.21322907e+02
2.15832541e+02
2.10926182e+02
2.06477366e+02
2.03021794e+02
1.98888325e+02
1.95556954e+02
1.92414787e+02
1.89635552e+02
1.86964528e+02
1.84756721e+02
1.82642607e+02
1.80585192e+02
1.78712907e+02
1.77372937e+02
1.75742536e+02
1.74270098e+02
1.72861361e+02
1.71860087e+02
1.70592489e+02
1.69748987e+02
1.68769636e+02
1.67684891e+02
1.67335199e+02
1.66346035e+02
1.65536220e+02
1.65069136e+02
1.64214259e+02
1.63611666e+02
1.63500893e+02
2.71546670e+02
2.71487344e+02
2.70873910e+02
2.70097904e+02
2.69446305e+02
2.68060619e+02
2.66337233e+02
2.65146640e+02
2.63313046e+02
2.61363669e+02
2.59739023e+02
2.57796316e+02
2.55838961e+02
2.54431391e+02
2.52441327e+02
2.50964604e+02
2.49448959e+02
2.48191946e+02
2.46866204e+02
2.45526164e+02
2.44396658e+02
2.43809611e+02
2.42369554e+02
2.41484966e+02
2.40509234e+02
2.39919841e+02
2.39142702e+02
2.38313104e+02
2.38059123e+02
2.37350387e+02
2.36507786e+02
2.35520245e+02
2.35352617e+02
2.34596304e+02
2.34399737e+02
2.33766870e+02
2.33803402e+02
2.67911413e+02
2.68378701e+02
2.68218921e+02
2.68212156e+02
2.67983040e+02
2.67643343e+02
2.67821827e+02
2.67505880e+02
2.66868627e+02
2.66637592e+02
2.66302691e+02
2.66239645e+02
2.66496160e+02
2.65602505e+02
2.65072671e+02
2.64895704e+02
2.64667913e+02
2.64413809e+02
2.64097839e+02
2.63866956e+02
2.64003084e+02
2.63448490e+02
2.63189055e+02
2.63294647e+02
2.62658226e+02
2.63104709e+02
2.63108240e+02
2.62512607e+02
2.62452804e+02
2.62410692e+02
2.62512034e+02
2.62328055e+02
2.62166709e+02
2.62350412e+02
2.62030695e+02
2.62000784e+02
2.61902303e+02
2.73603919e+02
2.72864454e+02
2.70247429e+02
2.65584739e+02
2.60219766e+02
2.54611429e+02
2.49284494e+02
2.44691169e+02
2.39868035e+02
2.35336220e+02
2.31026412e+02
2.27319894e+02
2.23927653e+02
2.20688860e+02
2.17769495e+02
2.14762234e+02
2.12710100e+02
2.10196782e+02
2.07730917e+02
2.05667660e+02
2.03717383e+02
2.01859085e+02
1.99774743e+02
1.98418165e+02
1.97357942e+02
1.95415152e+02
1.94421142e+02
1.92733340e+02
1.91599718e+02
1.90482191e+02
1.89785458e+02
1.88014920e+02
1.87041547e+02
1.86591863e+02
1.85646624e+02
1.84470800e+02
1.83794739e+02
2.73655907e+02
2.72434026e+02
2.69100798e+02
2.65122676e+02
2.59073012e+02
2.54371359e+02
2.50021593e+02
2.45659571e+02
2.41768287e+02
2.38277052e+02
2.34344917e+02
2.31011659e+02
2.28546994e+02
2.25156948e+02
2.22726942e+02
2.20161857e+02
2.18148968e+02
2.15487968e+02
2.13821140e+02
2.11557160e+02
2.10186370e+02
2.08193300e+02
2.07151185e+02
2.05426578e+02
2.04069905e+02
2.02708789e+02
2.01181038e+02
2.00151182e+02
1.98932224e+02
1.97571359e+02
1.97016517e+02
1.95772643e+02
1.94764241e+02
1.94109393e+02
1.93434699e+02
1.92458229e+02
1.91390667e+02
2.73893199e+02
2.73076484e+02
2.73145230e+02
2.72705545e+02
2.71743845e+02
2.70283725e+02
2.68717373e+02
2.66909878e+02
2.64850478e+02
2.63426573e+02
2.61065385e+02
2.59354374e+02
2.57563027e+02
2.55514860e+02
2.53848720e+02
2.52112465e+02
2.50107874e+02
2.48934663e+02
2.47031538e+02
2.45565155e+02
2.44070258e+02
2.42758618e+02
2.41500571e+02
2.40306726e+02
2.39408290e+02
2.37926330e+02
2.37152808e+02
2.35833789e+02
2.34901095e+02
2.34406340e+02
2.32940471e+02
2.32472458e+02
2.31959125e+02
2.30938991e+02
2.30262383e+02
2.29574666e+02
2.29106331e+02
2.73520443e+02
2.72973995e+02
2.72723033e+02
2.72667838e+02
2.72206200e+02
2.72189610e+02
2.70932043e+02
2.70071298e+02
2.69073202e+02
2.67649757e+02
2.66181036e+02
2.64684278e+02
2.63426407e+02
2.62331292e+02
2.60703105e+02
2.59400300e+02
2.58514055e+02
2.57336629e+02
2.55688120e+02
2.54680998e+02
2.53349779e+02
2.52390454e+02
2.51484431e+02
2.50563248e+02
2.49782287e+02
2.48843783e+02
2.48150634e+02
2.46942379e+02
2.46519317e+02
2.45698685e+02
2.45287607e+02
2.44470128e+02
2.43650513e+02
2.43874165e+02
2.43048138e+02
2.41979037e+02
2.41538384e+02
2.72981354e+02
2.72315380e+02
2.72186639e+02
2.72284662e+02
2.72198822e+02
2.71564103e+02
2.71048315e+02
2.70774759e+02
2.69813567e+02
2.69305299e+02
2.68679170e+02
2.67695739e+02
2.66721915e+02
2.66270452e+02
2.65010449e+02
2.64492812e+02
2.63791351e+02
2.62795381e+02
2.62346449e+02
2.61692810e+02
2.60859441e+02
2.60334727e+02
2.59284798e+02
2.59138503e+02
2.58495347e+02
2.57849535e+02
2.57838438e+02
2.56948174e+02
2.56479818e+02
2.55952029e+02
2.55834685e+02
2.55210920e+02
2.54981427e+02
2.54697084e+02
2.54433255e+02
2.53686883e+02
2.53988037e+02
