-2.2000e+02
-9.8205e+00
-2.9201e+00
-2.1108e+00
-1.4705e+00
-1.1123e+00
-8.8571e-01
-7.2835e-01
-6.1212e-01
-5.2259e-01
-4.5154e-01
-4.9973e-01
-4.8248e-01
-4.3282e-01
-3.8806e-01
-3.4895e-01
-3.1489e-01
-2.8515e-01
-2.5907e-01
-2.3609e-01
-2.1575e-01
-1.9767e-01
-1.8153e-01
-1.6706e-01
-1.5405e-01
-1.4231e-01
-1.3169e-01
-1.2204e-01
-1.1326e-01
-1.0525e-01
-9.7926e-02
-9.1216e-02
-8.5055e-02
-7.9389e-02
-7.4172e-02
-6.9357e-02
-1.2000e+02
0.0000e+00
0.0000e+00
-8.5617e+00
-6.5356e+00
-5.9906e+00
-5.2614e+00
-4.5857e+00
-4.0026e+00
-3.5082e+00
-3.0896e+00
-2.7416e+00
-2.4609e+00
-2.2139e+00
-1.9931e+00
-1.7969e+00
-1.6228e+00
-1.4682e+00
-1.3306e+00
-1.2080e+00
-1.0985e+00
-1.0005e+00
-9.1260e-01
-8.3359e-01
-7.6247e-01
-6.9832e-01
-6.4038e-01
-5.8794e-01
-5.4042e-01
-4.9729e-01
-4.5810e-01
-4.2243e-01
-3.8992e-01
-3.6027e-01
-3.3318e-01
-3.0841e-01
-2.0000e+01
-3.8010e+00
-4.4634e+00
-4.7109e+00
-5.2126e+00
-5.5362e+00
-5.4486e+00
-5.1650e+00
-4.8038e+00
-4.4224e+00
-4.0484e+00
-3.6946e+00
-3.3673e+00
-3.0690e+00
-2.7984e+00
-2.5530e+00
-2.3304e+00
-2.1284e+00
-1.9452e+00
-1.7790e+00
-1.6282e+00
-1.4913e+00
-1.3669e+00
-1.2539e+00
-1.1512e+00
-1.0577e+00
-9.7266e-01
-8.9514e-01
-8.2447e-01
-7.5998e-01
-7.0110e-01
-6.4729e-01
-5.9807e-01
-5.5302e-01
-5.1176e-01
-4.7393e-01
-1.2367e-01
-3.1532e-01
-5.5036e-01
-8.6242e-01
-1.1865e+00
-1.4613e+00
-1.6604e+00
-1.7814e+00
-1.8355e+00
-1.8384e+00
-1.8047e+00
-1.7462e+00
-1.6719e+00
-1.5886e+00
-1.5008e+00
-1.4120e+00
-1.3242e+00
-1.2390e+00
-1.1573e+00
-1.0794e+00
-1.0058e+00
-9.3648e-01
-8.7149e-01
-8.1071e-01
-7.5401e-01
-7.0121e-01
-6.5212e-01
-6.0652e-01
-5.6420e-01
-5.2495e-01
-4.8857e-01
-4.5487e-01
-4.2364e-01
-3.9471e-01
-3.6791e-01
-3.4309e-01
-7.0730e-03
-3.1048e-02
-6.5055e-02
-1.1160e-01
-1.6686e-01
-2.2016e-01
-2.6355e-01
-2.9388e-01
-3.1146e-01
-3.1840e-01
-3.1724e-01
-3.1033e-01
-2.9954e-01
-2.8632e-01
-2.7173e-01
-2.5651e-01
-2.4119e-01
-2.2612e-01
-2.1152e-01
-1.9753e-01
-1.8423e-01
-1.7166e-01
-1.5983e-01
-1.4875e-01
-1.3839e-01
-1.2872e-01
-1.1973e-01
-1.1136e-01
-1.0359e-01
-9.6380e-02
-8.9691e-02
-8.3493e-02
-7.7747e-02
-7.2424e-02
-6.7493e-02
-6.2924e-02
-9.7396e-01
-3.5791e+00
-5.0866e+00
-5.5613e+00
-5.5603e+00
-5.3422e+00
-5.0258e+00
-4.6724e+00
-4.3149e+00
-3.9705e+00
-3.6477e+00
-3.3502e+00
-3.0796e+00
-2.8352e+00
-2.6147e+00
-2.4154e+00
-2.2353e+00
-2.0721e+00
-1.9240e+00
-1.7893e+00
-1.6666e+00
-1.5545e+00
-1.4518e+00
-1.3576e+00
-1.2710e+00
-1.1911e+00
-1.1174e+00
-1.0492e+00
-9.8597e-01
-9.2729e-01
-8.7275e-01
-8.2198e-01
-7.7467e-01
-7.3053e-01
-6.8931e-01
-6.5078e-01
-1.0974e+00
-3.7063e+00
-4.8707e+00
-5.0250e+00
-4.8488e+00
-4.5748e+00
-4.2739e+00
-3.9721e+00
-3.6810e+00
-3.4065e+00
-3.1508e+00
-2.9150e+00
-2.6995e+00
-2.5034e+00
-2.3245e+00
-2.1608e+00
-2.0110e+00
-1.8737e+00
-1.7476e+00
-1.6316e+00
-1.5249e+00
-1.4265e+00
-1.3356e+00
-1.2515e+00
-1.1736e+00
-1.1014e+00
-1.0344e+00
-9.7207e-01
-9.1409e-01
-8.6010e-01
-8.0976e-01
-7.6279e-01
-7.1893e-01
-6.7794e-01
-6.3961e-01
-6.0375e-01
-4.2478e-02
-1.7638e-01
-5.1188e-01
-9.1299e-01
-1.2522e+00
-1.4953e+00
-1.6526e+00
-1.7434e+00
-1.7849e+00
-1.7903e+00
-1.7694e+00
-1.7296e+00
-1.6764e+00
-1.6143e+00
-1.5464e+00
-1.4754e+00
-1.4031e+00
-1.3307e+00
-1.2593e+00
-1.1897e+00
-1.1223e+00
-1.0575e+00
-9.9557e-01
-9.3663e-01
-8.8071e-01
-8.2782e-01
-7.7792e-01
-7.3090e-01
-6.8669e-01
-6.4517e-01
-6.0621e-01
-5.6968e-01
-5.3545e-01
-5.0339e-01
-4.7338e-01
-4.4529e-01
-2.7286e-02
-5.4319e-02
-1.3855e-01
-2.9942e-01
-4.9654e-01
-6.8748e-01
-8.4946e-01
-9.7527e-01
-1.0657e+00
-1.1246e+00
-1.1570e+00
-1.1677e+00
-1.1612e+00
-1.1415e+00
-1.1119e+00
-1.0752e+00
-1.0336e+00
-9.8898e-01
-9.4258e-01
-8.9553e-01
-8.4864e-01
-8.0250e-01
-7.5758e-01
-7.1419e-01
-6.7253e-01
-6.3275e-01
-5.9493e-01
-5.5908e-01
-5.2520e-01
-4.9326e-01
-4.6320e-01
-4.3495e-01
-4.0843e-01
-3.8357e-01
-3.6028e-01
-3.3847e-01
-3.6404e-02
-3.8829e-02
-8.3466e-02
-1.7391e-01
-2.9211e-01
-4.1505e-01
-5.2641e-01
-6.1799e-01
-6.8731e-01
-7.3521e-01
-7.6415e-01
-7.7716e-01
-7.7730e-01
-7.6737e-01
-7.4984e-01
-7.2675e-01
-6.9978e-01
-6.7027e-01
-6.3926e-01
-6.0757e-01
-5.7581e-01
-5.4445e-01
-5.1382e-01
-4.8418e-01
-4.5569e-01
-4.2846e-01
-4.0255e-01
-3.7799e-01
-3.5477e-01
-3.3289e-01
-3.1230e-01
-2.9296e-01
-2.7482e-01
-2.5783e-01
-2.4192e-01
-2.2703e-01
