-2.2000e+02
-9.8293e+00
-2.9278e+00
-2.1142e+00
-1.4713e+00
-1.1118e+00
-8.8449e-01
-7.2678e-01
-6.1041e-01
-5.2084e-01
-4.4981e-01
-5.1356e-01
-4.8103e-01
-4.3085e-01
-3.8611e-01
-3.4714e-01
-3.1326e-01
-2.8371e-01
-2.5782e-01
-2.3503e-01
-2.1487e-01
-1.9697e-01
-1.8100e-01
-1.6669e-01
-1.5383e-01
-1.4223e-01
-1.3173e-01
-1.2221e-01
-1.1353e-01
-1.0562e-01
-9.8388e-02
-9.1756e-02
-8.5668e-02
-8.0066e-02
-7.4903e-02
-7.0138e-02
-1.2000e+02
0.0000e+00
0.0000e+00
-8.5041e+00
-6.5099e+00
-5.9770e+00
-5.2556e+00
-4.5848e+00
-4.0046e+00
-3.5119e+00
-3.0941e+00
-2.7486e+00
-2.4678e+00
-2.2191e+00
-1.9970e+00
-1.7997e+00
-1.6247e+00
-1.4692e+00
-1.3310e+00
-1.2078e+00
-1.0979e+00
-9.9951e-01
-9.1133e-01
-8.3215e-01
-7.6091e-01
-6.9672e-01
-6.3877e-01
-5.8638e-01
-5.3894e-01
-4.9592e-01
-4.5685e-01
-4.2133e-01
-3.8898e-01
-3.5949e-01
-3.3257e-01
-3.0796e-01
-2.0000e+01
-3.8200e+00
-4.4789e+00
-4.7205e+00
-5.2177e+00
-5.5423e+00
-5.4589e+00
-5.1788e+00
-4.8197e+00
-4.4390e+00
-4.0643e+00
-3.7092e+00
-3.3803e+00
-3.0801e+00
-2.8074e+00
-2.5599e+00
-2.3353e+00
-2.1316e+00
-1.9468e+00
-1.7793e+00
-1.6274e+00
-1.4896e+00
-1.3646e+00
-1.2511e+00
-1.1480e+00
-1.0543e+00
-9.6913e-01
-8.9160e-01
-8.2099e-01
-7.5662e-01
-6.9791e-01
-6.4431e-01
-5.9533e-01
-5.5054e-01
-5.0954e-01
-4.7199e-01
-1.6755e-01
-3.4211e-01
-5.7808e-01
-8.9549e-01
-1.2225e+00
-1.4963e+00
-1.6915e+00
-1.8074e+00
-1.8562e+00
-1.8541e+00
-1.8159e+00
-1.7535e+00
-1.6759e+00
-1.5899e+00
-1.4999e+00
-1.4094e+00
-1.3204e+00
-1.2343e+00
-1.1518e+00
-1.0735e+00
-9.9967e-01
-9.3029e-01
-8.6535e-01
-8.0473e-01
-7.4827e-01
-6.9577e-01
-6.4702e-01
-6.0179e-01
-5.5987e-01
-5.2102e-01
-4.8505e-01
-4.5175e-01
-4.2091e-01
-3.9237e-01
-3.6594e-01
-3.4146e-01
-1.0554e-02
-3.4928e-02
-6.6781e-02
-1.1155e-01
-1.6459e-01
-2.1502e-01
-2.5534e-01
-2.8288e-01
-2.9826e-01
-3.0364e-01
-3.0151e-01
-2.9411e-01
-2.8321e-01
-2.7017e-01
-2.5594e-01
-2.4124e-01
-2.2654e-01
-2.1214e-01
-1.9825e-01
-1.8497e-01
-1.7239e-01
-1.6052e-01
-1.4939e-01
-1.3897e-01
-1.2925e-01
-1.2020e-01
-1.1178e-01
-1.0397e-01
-9.6721e-02
-9.0002e-02
-8.3777e-02
-7.8011e-02
-7.2672e-02
-6.7728e-02
-6.3151e-02
-5.8912e-02
-8.4086e-01
-3.3803e+00
-4.8819e+00
-5.3800e+00
-5.4062e+00
-5.2118e+00
-4.9152e+00
-4.5787e+00
-4.2359e+00
-3.9046e+00
-3.5935e+00
-3.3064e+00
-3.0453e+00
-2.8092e+00
-2.5959e+00
-2.4030e+00
-2.2284e+00
-2.0700e+00
-1.9261e+00
-1.7951e+00
-1.6755e+00
-1.5661e+00
-1.4657e+00
-1.3735e+00
-1.2885e+00
-1.2100e+00
-1.1374e+00
-1.0701e+00
-1.0077e+00
-9.4959e-01
-8.9549e-01
-8.4503e-01
-7.9791e-01
-7.5387e-01
-7.1264e-01
-6.7403e-01
-9.3664e-01
-3.4849e+00
-4.6750e+00
-4.8665e+00
-4.7168e+00
-4.4612e+00
-4.1748e+00
-3.8858e+00
-3.6064e+00
-3.3425e+00
-3.0967e+00
-2.8699e+00
-2.6625e+00
-2.4737e+00
-2.3011e+00
-2.1432e+00
-1.9984e+00
-1.8655e+00
-1.7433e+00
-1.6309e+00
-1.5271e+00
-1.4314e+00
-1.3428e+00
-1.2607e+00
-1.1846e+00
-1.1139e+00
-1.0482e+00
-9.8697e-01
-9.2990e-01
-8.7666e-01
-8.2693e-01
-7.8044e-01
-7.3694e-01
-6.9622e-01
-6.5805e-01
-6.2227e-01
-3.1639e-02
-1.5977e-01
-4.8409e-01
-8.7685e-01
-1.2120e+00
-1.4538e+00
-1.6107e+00
-1.7017e+00
-1.7436e+00
-1.7497e+00
-1.7298e+00
-1.6913e+00
-1.6396e+00
-1.5793e+00
-1.5134e+00
-1.4445e+00
-1.3742e+00
-1.3040e+00
-1.2348e+00
-1.1673e+00
-1.1019e+00
-1.0391e+00
-9.7912e-01
-9.2198e-01
-8.6777e-01
-8.1648e-01
-7.6806e-01
-7.2244e-01
-6.7951e-01
-6.3918e-01
-6.0131e-01
-5.6578e-01
-5.3246e-01
-5.0123e-01
-4.7197e-01
-4.4456e-01
-2.8892e-02
-5.8353e-02
-1.3900e-01
-2.9466e-01
-4.8750e-01
-6.7527e-01
-8.3467e-01
-9.5821e-01
-1.0466e+00
-1.1037e+00
-1.1347e+00
-1.1444e+00
-1.1374e+00
-1.1175e+00
-1.0880e+00
-1.0518e+00
-1.0109e+00
-9.6715e-01
-9.2178e-01
-8.7585e-01
-8.3014e-01
-7.8523e-01
-7.4154e-01
-6.9936e-01
-6.5891e-01
-6.2029e-01
-5.8359e-01
-5.4881e-01
-5.1594e-01
-4.8495e-01
-4.5579e-01
-4.2838e-01
-4.0264e-01
-3.7851e-01
-3.5589e-01
-3.3470e-01
-6.4636e-02
-5.4741e-02
-9.6582e-02
-1.8729e-01
-3.0585e-01
-4.2815e-01
-5.3791e-01
-6.2723e-01
-6.9401e-01
-7.3936e-01
-7.6593e-01
-7.7684e-01
-7.7521e-01
-7.6386e-01
-7.4522e-01
-7.2133e-01
-6.9383e-01
-6.6400e-01
-6.3286e-01
-6.0118e-01
-5.6955e-01
-5.3841e-01
-5.0808e-01
-4.7877e-01
-4.5066e-01
-4.2381e-01
-3.9831e-01
-3.7415e-01
-3.5133e-01
-3.2984e-01
-3.0962e-01
-2.9064e-01
-2.7284e-01
-2.5616e-01
-2.4055e-01
-2.2594e-01
