2.70140511e+02
4.99802621e+01
4.00878205e+01
3.72405910e+01
3.47209837e+01
3.38054683e+01
3.23551445e+01
3.19580504e+01
3.07669216e+01
3.00370802e+01
2.95244297e+01
2.91267888e+01
2.87724331e+01
2.84749118e+01
2.80043375e+01
2.71731461e+01
2.69684999e+01
2.69236875e+01
2.66563342e+01
2.68079182e+01
2.56742014e+01
2.58623240e+01
2.54487895e+01
2.58729891e+01
2.52137348e+01
2.55522038e+01
2.48411870e+01
2.48871769e+01
2.45036189e+01
2.45830935e+01
2.45655800e+01
2.48852628e+01
2.44213152e+01
2.40586978e+01
2.41933723e+01
2.41835961e+01
2.40444821e+01
2.69511377e+02
1.49794051e+02
1.49778693e+02
1.49928991e+02
1.41400535e+02
1.34832589e+02
1.28656794e+02
1.23620447e+02
1.18755042e+02
1.15183639e+02
1.11114324e+02
1.08612790e+02
1.05664510e+02
1.03538522e+02
1.01290722e+02
9.88036099e+01
9.69919039e+01
9.58217264e+01
9.38829393e+01
9.31497962e+01
9.18048543e+01
9.05359219e+01
8.97308432e+01
8.84382704e+01
8.77149893e+01
8.67872264e+01
8.59844979e+01
8.56839323e+01
8.51143301e+01
8.44300693e+01
8.40856265e+01
8.35631974e+01
8.30476449e+01
8.32835559e+01
8.23781442e+01
8.21090888e+01
8.17691391e+01
2.69703749e+02
2.50109299e+02
2.46165070e+02
2.41802138e+02
2.36816277e+02
2.31357281e+02
2.25547321e+02
2.19996345e+02
2.15041811e+02
2.10452418e+02
2.05769596e+02
2.01644889e+02
1.98243716e+02
1.94900765e+02
1.91646341e+02
1.88985956e+02
1.86627561e+02
1.84375752e+02
1.82294124e+02
1.80326388e+02
1.78578789e+02
1.76918249e+02
1.75739310e+02
1.73772824e+02
1.72698843e+02
1.71741548e+02
1.70466444e+02
1.69800524e+02
1.68888963e+02
1.67821795e+02
1.67005203e+02
1.66710511e+02
1.65846623e+02
1.65615408e+02
1.64993844e+02
1.64492794e+02
1.64093504e+02
2.69239009e+02
2.69596532e+02
2.69284327e+02
2.68937815e+02
2.68006703e+02
2.66646999e+02
2.65285622e+02
2.63691219e+02
2.62141650e+02
2.60274273e+02
2.58172396e+02
2.56238859e+02
2.54681090e+02
2.52647395e+02
2.51514674e+02
2.49943965e+02
2.48920574e+02
2.47423213e+02
2.45954638e+02
2.44870557e+02
2.43790915e+02
2.42827611e+02
2.41930757e+02
2.41396029e+02
2.40202774e+02
2.39325471e+02
2.38918761e+02
2.38188760e+02
2.37738700e+02
2.36730661e+02
2.36205750e+02
2.35835670e+02
2.35590930e+02
2.35187702e+02
2.34899836e+02
2.34865639e+02
2.33816851e+02
2.68152066e+02
2.67652740e+02
2.67653782e+02
2.68100093e+02
2.67452388e+02
2.67939106e+02
2.67421637e+02
2.67149784e+02
2.66753182e+02
2.66817150e+02
2.66218992e+02
2.66203778e+02
2.65572789e+02
2.65398208e+02
2.65088641e+02
2.64895892e+02
2.65042986e+02
2.64409623e+02
2.64170637e+02
2.64009799e+02
2.63825437e+02
2.63451610e+02
2.63310805e+02
2.63153076e+02
2.63097077e+02
2.62924726e+02
2.62986779e+02
2.62496608e+02
2.62735870e+02
2.62735558e+02
2.62490142e+02
2.62590958e+02
2.62502885e+02
2.62445832e+02
2.62125245e+02
2.62443766e+02
2.62615890e+02
2.70938586e+02
2.70150311e+02
2.67214268e+02
2.62696951e+02
2.57249780e+02
2.52251542e+02
2.47602322e+02
2.42852617e+02
2.38110227e+02
2.33963273e+02
2.29753716e+02
2.26052233e+02
2.22653113e+02
2.19729947e+02
2.16972611e+02
2.14442442e+02
2.11997689e+02
2.09643039e+02
2.07762554e+02
2.05878671e+02
2.03850715e+02
2.01991008e+02
2.01072619e+02
1.99166290e+02
1.97647672e+02
1.96702219e+02
1.95447791e+02
1.94081591e+02
1.93623583e+02
1.92256749e+02
1.91364944e+02
1.90645897e+02
1.89416432e+02
1.89061159e+02
1.88458640e+02
1.87681988e+02
1.86629886e+02
2.70639626e+02
2.70191109e+02
2.66263530e+02
2.61514372e+02
2.56959118e+02
2.52119298e+02
2.47643827e+02
2.43619481e+02
2.39635505e+02
2.36057053e+02
2.32895134e+02
2.29913593e+02
2.27213329e+02
2.24582541e+02
2.22119897e+02
2.19781789e+02
2.17866690e+02
2.15279151e+02
2.13403688e+02
2.12124309e+02
2.10575716e+02
2.08528731e+02
2.07392163e+02
2.06300712e+02
2.04837585e+02
2.03430088e+02
2.02828812e+02
2.01388014e+02
2.00308526e+02
1.99728522e+02
1.98870299e+02
1.97951847e+02
1.97291397e+02
1.96592172e+02
1.95999710e+02
1.95317246e+02
1.94841209e+02
2.70727996e+02
2.70459841e+02
2.70742476e+02
2.70728291e+02
2.69407151e+02
2.68330974e+02
2.66977735e+02
2.65293466e+02
2.63400264e+02
2.61810382e+02
2.60261672e+02
2.58807861e+02
2.56700946e+02
2.55377784e+02
2.53652517e+02
2.52436086e+02
2.50870058e+02
2.49291481e+02
2.48008752e+02
2.46723099e+02
2.45717896e+02
2.44567832e+02
2.43702145e+02
2.42505316e+02
2.41796752e+02
2.40804687e+02
2.40271449e+02
2.38843911e+02
2.38780567e+02
2.37500684e+02
2.37022914e+02
2.36733817e+02
2.36174938e+02
2.35705543e+02
2.34996535e+02
2.34827505e+02
2.33970592e+02
2.70704229e+02
2.71037504e+02
2.70310839e+02
2.70916283e+02
2.70699276e+02
2.70135168e+02
2.69403338e+02
2.68785234e+02
2.67996515e+02
2.66959246e+02
2.65792427e+02
2.64874970e+02
2.63410508e+02
2.62473653e+02
2.61182204e+02
2.60081959e+02
2.59562462e+02
2.58020990e+02
2.57115882e+02
2.56340518e+02
2.55721452e+02
2.54873737e+02
2.53811779e+02
2.53135649e+02
2.52771209e+02
2.51851906e+02
2.50749904e+02
2.50352786e+02
2.50326508e+02
2.49464306e+02
2.49040084e+02
2.48379087e+02
2.47940017e+02
2.47674485e+02
2.47474049e+02
2.46922108e+02
2.46978249e+02
2.70482230e+02
2.70947992e+02
2.70495925e+02
2.70922994e+02
2.70973821e+02
2.70419488e+02
2.69864426e+02
2.69924688e+02
2.69085974e+02
2.68414021e+02
2.67726917e+02
2.67097951e+02
2.66075328e+02
2.65461432e+02
2.64887042e+02
2.64109109e+02
2.63421007e+02
2.62070945e+02
2.61759218e+02
2.61339386e+02
2.60976798e+02
2.60142449e+02
2.59720137e+02
2.58775879e+02
2.58409546e+02
2.58253285e+02
2.57800572e+02
2.57173862e+02
2.56736465e+02
2.56324886e+02
2.56501098e+02
2.56214043e+02
2.55719059e+02
2.55433788e+02
2.54817526e+02
2.54942535e+02
2.55003196e+02
