2.70141208e+02
4.97707514e+01
4.00516904e+01
3.74081503e+01
3.51195154e+01
3.35775191e+01
3.28356454e+01
3.19690382e+01
3.11282289e+01
3.03375020e+01
2.99263758e+01
2.92479863e+01
2.86738962e+01
2.85680445e+01
2.78480747e+01
2.77177634e+01
2.72823087e+01
2.70705584e+01
2.70289084e+01
2.65265121e+01
2.58347459e+01
2.60076173e+01
2.57637683e+01
2.54560834e+01
2.55182112e+01
2.53010102e+01
2.51657822e+01
2.49241663e+01
2.49698572e+01
2.47276090e+01
2.48586575e+01
2.44945794e+01
2.46106235e+01
2.46758328e+01
2.42151933e+01
2.42413532e+01
2.43773543e+01
2.69688571e+02
1.50179099e+02
1.49796095e+02
1.50146855e+02
1.41494737e+02
1.34703203e+02
1.28663271e+02
1.23496281e+02
1.18823166e+02
1.14945493e+02
1.11381170e+02
1.08259597e+02
1.05692567e+02
1.03111724e+02
1.00787649e+02
9.87432250e+01
9.73011276e+01
9.54383390e+01
9.43720864e+01
9.29626547e+01
9.12270545e+01
9.02353204e+01
8.94641262e+01
8.88190952e+01
8.81399933e+01
8.70485818e+01
8.66137482e+01
8.58343662e+01
8.54964829e+01
8.45716412e+01
8.40769917e+01
8.37154574e+01
8.35113910e+01
8.29606870e+01
8.29136149e+01
8.19832655e+01
8.20132222e+01
2.70247261e+02
2.49695405e+02
2.46200430e+02
2.41579879e+02
2.36985671e+02
2.31650302e+02
2.25934621e+02
2.20858236e+02
2.15434990e+02
2.10542406e+02
2.06196360e+02
2.01998295e+02
1.98392742e+02
1.95164596e+02
1.92163578e+02
1.89388678e+02
1.87380042e+02
1.84492398e+02
1.82277966e+02
1.80450491e+02
1.78895125e+02
1.76947603e+02
1.75514802e+02
1.73893771e+02
1.73188530e+02
1.71914595e+02
1.71018523e+02
1.69996829e+02
1.69041803e+02
1.68188054e+02
1.67600156e+02
1.66527493e+02
1.66273163e+02
1.65935864e+02
1.64960834e+02
1.64515974e+02
1.64343840e+02
2.70464420e+02
2.70601771e+02
2.69570642e+02
2.69544757e+02
2.68781971e+02
2.67216937e+02
2.65754645e+02
2.64248952e+02
2.62209020e+02
2.60426006e+02
2.58348693e+02
2.56618777e+02
2.54944264e+02
2.53350094e+02
2.51759824e+02
2.50389097e+02
2.49078755e+02
2.47498414e+02
2.46931226e+02
2.45098901e+02
2.44330709e+02
2.43403646e+02
2.42794454e+02
2.41464023e+02
2.40937910e+02
2.40025879e+02
2.38998536e+02
2.38873707e+02
2.37967477e+02
2.37764936e+02
2.36968709e+02
2.36495400e+02
2.36085488e+02
2.35821806e+02
2.35574599e+02
2.34718949e+02
2.34535910e+02
2.68149308e+02
2.68174671e+02
2.67701263e+02
2.68010020e+02
2.67755471e+02
2.67733101e+02
2.67327635e+02
2.67047932e+02
2.67114918e+02
2.66902043e+02
2.66206715e+02
2.65918350e+02
2.65887923e+02
2.65558378e+02
2.65282766e+02
2.65241904e+02
2.64307215e+02
2.64587587e+02
2.64748220e+02
2.64368799e+02
2.63687980e+02
2.63470668e+02
2.63657781e+02
2.63421535e+02
2.63779283e+02
2.63333433e+02
2.63019670e+02
2.62879783e+02
2.62689092e+02
2.62438464e+02
2.62532579e+02
2.62507246e+02
2.62348709e+02
2.62372982e+02
2.62517521e+02
2.61973150e+02
2.62771741e+02
2.70808248e+02
2.70625040e+02
2.67953957e+02
2.63495069e+02
2.58384036e+02
2.53683539e+02
2.48300477e+02
2.43483131e+02
2.38935129e+02
2.34934249e+02
2.31496413e+02
2.27959386e+02
2.24630306e+02
2.21097085e+02
2.18301468e+02
2.16284555e+02
2.13768755e+02
2.11407478e+02
2.09380136e+02
2.07125290e+02
2.05425155e+02
2.03903986e+02
2.02106774e+02
2.00673180e+02
1.99410572e+02
1.98022419e+02
1.96697597e+02
1.95951607e+02
1.94948175e+02
1.93782150e+02
1.93005393e+02
1.91940841e+02
1.91051041e+02
1.90356083e+02
1.89481142e+02
1.88700131e+02
1.88000373e+02
2.71611917e+02
2.70564930e+02
2.66700438e+02
2.62055777e+02
2.57653471e+02
2.52815345e+02
2.48303192e+02
2.44483185e+02
2.40831256e+02
2.37455624e+02
2.34074809e+02
2.31407187e+02
2.28078452e+02
2.25404830e+02
2.23735225e+02
2.21233538e+02
2.19133499e+02
2.17000478e+02
2.15282914e+02
2.13318922e+02
2.11739798e+02
2.10456398e+02
2.09153426e+02
2.07484206e+02
2.06261577e+02
2.05204306e+02
2.04358442e+02
2.03292182e+02
2.02400092e+02
2.01554028e+02
2.00406308e+02
1.99728280e+02
1.98486087e+02
1.97708872e+02
1.97365374e+02
1.96414105e+02
1.96208470e+02
2.71647441e+02
2.72233850e+02
2.71693328e+02
2.71095723e+02
2.70456974e+02
2.68865542e+02
2.67268759e+02
2.65938929e+02
2.64432119e+02
2.62289089e+02
2.60976955e+02
2.59064808e+02
2.57205752e+02
2.55645402e+02
2.54195198e+02
2.52753239e+02
2.51060968e+02
2.49835117e+02
2.48358621e+02
2.47302813e+02
2.46181975e+02
2.44895535e+02
2.44207385e+02
2.43059689e+02
2.41901955e+02
2.40926144e+02
2.40263673e+02
2.39622454e+02
2.38674128e+02
2.38026853e+02
2.37713374e+02
2.37155859e+02
2.36059623e+02
2.35622510e+02
2.34772462e+02
2.34778275e+02
2.34016123e+02
2.71663447e+02
2.71354450e+02
2.71624218e+02
2.71484812e+02
2.71025040e+02
2.70417627e+02
2.69829608e+02
2.68838996e+02
2.68212207e+02
2.67013458e+02
2.65727384e+02
2.64572893e+02
2.63365353e+02
2.62249028e+02
2.61096278e+02
2.60199899e+02
2.59201373e+02
2.57857326e+02
2.56784782e+02
2.55914332e+02
2.55057571e+02
2.53895892e+02
2.53499088e+02
2.52718139e+02
2.51597752e+02
2.50968489e+02
2.50578612e+02
2.49523080e+02
2.49656493e+02
2.48812961e+02
2.48423315e+02
2.47466057e+02
2.47518145e+02
2.46403698e+02
2.46582373e+02
2.46125467e+02
2.45494115e+02
2.71492039e+02
2.71394188e+02
2.71815804e+02
2.71491059e+02
2.71148039e+02
2.71015605e+02
2.70809509e+02
2.70248066e+02
2.69498903e+02
2.68666346e+02
2.67767967e+02
2.67106744e+02
2.66656460e+02
2.65775592e+02
2.64862959e+02
2.63723840e+02
2.63497846e+02
2.62853589e+02
2.62378018e+02
2.61163431e+02
2.61149708e+02
2.60246722e+02
2.59753868e+02
2.59345978e+02
2.59020081e+02
2.58111742e+02
2.57846642e+02
2.57627791e+02
2.57205157e+02
2.56855022e+02
2.56339495e+02
2.56087794e+02
2.55728800e+02
2.55413406e+02
2.55093881e+02
2.54790358e+02
2.55050670e+02
