-2.2000e+02
-9.9264e+00
-2.9520e+00
-2.1060e+00
-1.4637e+00
-1.1052e+00
-8.7804e-01
-7.2005e-01
-6.0332e-01
-5.1350e-01
-4.4840e-01
-5.1693e-01
-4.7232e-01
-4.2195e-01
-3.7760e-01
-3.3924e-01
-3.0609e-01
-2.7733e-01
-2.5226e-01
-2.3030e-01
-2.1097e-01
-1.9387e-01
-1.7867e-01
-1.6510e-01
-1.5294e-01
-1.4199e-01
-1.3210e-01
-1.2314e-01
-1.1499e-01
-1.0756e-01
-1.0076e-01
-9.4527e-02
-8.8794e-02
-8.3513e-02
-7.8635e-02
-7.4123e-02
-1.2000e+02
0.0000e+00
0.0000e+00
-8.6709e+00
-6.5955e+00
-6.0274e+00
-5.2808e+00
-4.5939e+00
-4.0026e+00
-3.5022e+00
-3.0792e+00
-2.7330e+00
-2.4496e+00
-2.1986e+00
-1.9757e+00
-1.7785e+00
-1.6042e+00
-1.4500e+00
-1.3132e+00
-1.1917e+00
-1.0835e+00
-9.8702e-01
-9.0071e-01
-8.2338e-01
-7.5396e-01
-6.9153e-01
-6.3529e-01
-5.8452e-01
-5.3864e-01
-4.9709e-01
-4.5941e-01
-4.2519e-01
-3.9406e-01
-3.6569e-01
-3.3982e-01
-3.1618e-01
-2.0000e+01
-3.9747e+00
-4.5626e+00
-4.7700e+00
-5.2609e+00
-5.5679e+00
-5.4634e+00
-5.1671e+00
-4.7964e+00
-4.4080e+00
-4.0291e+00
-3.6721e+00
-3.3434e+00
-3.0446e+00
-2.7741e+00
-2.5292e+00
-2.3076e+00
-2.1070e+00
-1.9254e+00
-1.7611e+00
-1.6124e+00
-1.4777e+00
-1.3557e+00
-1.2451e+00
-1.1449e+00
-1.0539e+00
-9.7123e-01
-8.9611e-01
-8.2777e-01
-7.6555e-01
-7.0883e-01
-6.5710e-01
-6.0986e-01
-5.6667e-01
-5.2715e-01
-4.9095e-01
-1.3543e-01
-3.0030e-01
-5.2431e-01
-8.3013e-01
-1.1503e+00
-1.4234e+00
-1.6225e+00
-1.7449e+00
-1.8016e+00
-1.8077e+00
-1.7775e+00
-1.7227e+00
-1.6522e+00
-1.5726e+00
-1.4885e+00
-1.4032e+00
-1.3189e+00
-1.2370e+00
-1.1584e+00
-1.0837e+00
-1.0130e+00
-9.4659e-01
-8.8435e-01
-8.2621e-01
-7.7203e-01
-7.2162e-01
-6.7478e-01
-6.3130e-01
-5.9095e-01
-5.5353e-01
-5.1882e-01
-4.8664e-01
-4.5678e-01
-4.2908e-01
-4.0336e-01
-3.7947e-01
-8.1050e-03
-2.9281e-02
-5.9131e-02
-1.0185e-01
-1.5323e-01
-2.0286e-01
-2.4327e-01
-2.7155e-01
-2.8805e-01
-2.9472e-01
-2.9394e-01
-2.8784e-01
-2.7818e-01
-2.6627e-01
-2.5310e-01
-2.3934e-01
-2.2549e-01
-2.1186e-01
-1.9867e-01
-1.8603e-01
-1.7402e-01
-1.6269e-01
-1.5204e-01
-1.4207e-01
-1.3276e-01
-1.2409e-01
-1.1602e-01
-1.0852e-01
-1.0156e-01
-9.5106e-02
-8.9115e-02
-8.3557e-02
-7.8402e-02
-7.3619e-02
-6.9179e-02
-6.5056e-02
-6.5017e-01
-2.9583e+00
-4.5110e+00
-5.1023e+00
-5.1990e+00
-5.0507e+00
-4.7826e+00
-4.4631e+00
-4.1307e+00
-3.8065e+00
-3.5014e+00
-3.2205e+00
-2.9661e+00
-2.7376e+00
-2.5327e+00
-2.3489e+00
-2.1838e+00
-2.0352e+00
-1.9011e+00
-1.7796e+00
-1.6693e+00
-1.5688e+00
-1.4767e+00
-1.3923e+00
-1.3145e+00
-1.2426e+00
-1.1760e+00
-1.1141e+00
-1.0565e+00
-1.0026e+00
-9.5229e-01
-9.0511e-01
-8.6080e-01
-8.1914e-01
-7.7992e-01
-7.4294e-01
-9.4887e-01
-3.5472e+00
-4.6945e+00
-4.8299e+00
-4.6414e+00
-4.3622e+00
-4.0627e+00
-3.7679e+00
-3.4884e+00
-3.2287e+00
-2.9901e+00
-2.7727e+00
-2.5765e+00
-2.3995e+00
-2.2392e+00
-2.0934e+00
-1.9607e+00
-1.8394e+00
-1.7283e+00
-1.6263e+00
-1.5324e+00
-1.4457e+00
-1.3655e+00
-1.2911e+00
-1.2219e+00
-1.1574e+00
-1.0972e+00
-1.0409e+00
-9.8818e-01
-9.3872e-01
-8.9227e-01
-8.4858e-01
-8.0744e-01
-7.6867e-01
-7.3209e-01
-6.9754e-01
6.6059e-02
-7.1593e-02
-4.1778e-01
-8.2608e-01
-1.1733e+00
-1.4284e+00
-1.6014e+00
-1.7098e+00
-1.7694e+00
-1.7921e+00
-1.7874e+00
-1.7623e+00
-1.7225e+00
-1.6724e+00
-1.6155e+00
-1.5542e+00
-1.4905e+00
-1.4260e+00
-1.3615e+00
-1.2980e+00
-1.2361e+00
-1.1761e+00
-1.1183e+00
-1.0629e+00
-1.0100e+00
-9.5952e-01
-9.1157e-01
-8.6605e-01
-8.2290e-01
-7.8203e-01
-7.4335e-01
-7.0676e-01
-6.7215e-01
-6.3943e-01
-6.0848e-01
-5.7923e-01
7.2860e-02
4.7186e-02
-7.1085e-02
-2.6632e-01
-4.9218e-01
-7.0586e-01
-8.8592e-01
-1.0263e+00
-1.1284e+00
-1.1968e+00
-1.2369e+00
-1.2538e+00
-1.2525e+00
-1.2371e+00
-1.2113e+00
-1.1778e+00
-1.1391e+00
-1.0970e+00
-1.0529e+00
-1.0079e+00
-9.6283e-01
-9.1825e-01
-8.7465e-01
-8.3233e-01
-7.9152e-01
-7.5234e-01
-7.1488e-01
-6.7916e-01
-6.4519e-01
-6.1294e-01
-5.8235e-01
-5.5339e-01
-5.2598e-01
-5.0005e-01
-4.7553e-01
-4.5235e-01
7.1867e-02
2.6797e-02
-3.1296e-02
-1.2886e-01
-2.5188e-01
-3.7854e-01
-4.9288e-01
-5.8684e-01
-6.5805e-01
-7.0752e-01
-7.3785e-01
-7.5220e-01
-7.5378e-01
-7.4547e-01
-7.2977e-01
-7.0876e-01
-6.8409e-01
-6.5708e-01
-6.2874e-01
-5.9982e-01
-5.7090e-01
-5.4240e-01
-5.1461e-01
-4.8776e-01
-4.6197e-01
-4.3733e-01
-4.1388e-01
-3.9163e-01
-3.7058e-01
-3.5069e-01
-3.3193e-01
-3.1425e-01
-2.9760e-01
-2.8194e-01
-2.6720e-01
-2.5334e-01
