-2.2000e+02
-1.0047e+01
-2.9787e+00
-2.0922e+00
-1.4471e+00
-1.0877e+00
-8.6064e-01
-7.0355e-01
-5.8813e-01
-4.9972e-01
-4.5011e-01
-5.0740e-01
-4.5868e-01
-4.0885e-01
-3.6526e-01
-3.2759e-01
-2.9502e-01
-2.6675e-01
-2.4208e-01
-2.2045e-01
-2.0140e-01
-1.8453e-01
-1.6953e-01
-1.5613e-01
-1.4412e-01
-1.3332e-01
-1.2356e-01
-1.1472e-01
-1.0669e-01
-9.9378e-02
-9.2693e-02
-8.6572e-02
-8.0953e-02
-7.5787e-02
-7.1024e-02
-6.6629e-02
-1.2000e+02
0.0000e+00
0.0000e+00
-8.7485e+00
-6.6225e+00
-6.0331e+00
-5.2734e+00
-4.5800e+00
-3.9858e+00
-3.4845e+00
-3.0619e+00
-2.7190e+00
-2.4348e+00
-2.1830e+00
-1.9597e+00
-1.7624e+00
-1.5880e+00
-1.4336e+00
-1.2966e+00
-1.1748e+00
-1.0663e+00
-9.6943e-01
-8.8276e-01
-8.0506e-01
-7.3530e-01
-6.7254e-01
-6.1600e-01
-5.6497e-01
-5.1885e-01
-4.7710e-01
-4.3926e-01
-4.0491e-01
-3.7368e-01
-3.4526e-01
-3.1936e-01
-2.9573e-01
-2.0000e+01
-4.3078e+00
-4.4621e+00
-4.7926e+00
-5.2784e+00
-5.5740e+00
-5.4599e+00
-5.1580e+00
-4.7842e+00
-4.3938e+00
-4.0134e+00
-3.6552e+00
-3.3254e+00
-3.0255e+00
-2.7535e+00
-2.5071e+00
-2.2839e+00
-2.0818e+00
-1.8987e+00
-1.7330e+00
-1.5830e+00
-1.4472e+00
-1.3241e+00
-1.2126e+00
-1.1115e+00
-1.0197e+00
-9.3645e-01
-8.6078e-01
-7.9198e-01
-7.2939e-01
-6.7238e-01
-6.2043e-01
-5.7304e-01
-5.2978e-01
-4.9025e-01
-4.5409e-01
-7.3664e-02
-2.6905e-01
-5.0953e-01
-8.2396e-01
-1.1485e+00
-1.4230e+00
-1.6210e+00
-1.7405e+00
-1.7929e+00
-1.7940e+00
-1.7587e+00
-1.6989e+00
-1.6238e+00
-1.5399e+00
-1.4522e+00
-1.3638e+00
-1.2768e+00
-1.1928e+00
-1.1124e+00
-1.0361e+00
-9.6426e-01
-8.9686e-01
-8.3388e-01
-7.7517e-01
-7.2058e-01
-6.6990e-01
-6.2291e-01
-5.7938e-01
-5.3909e-01
-5.0180e-01
-4.6731e-01
-4.3542e-01
-4.0592e-01
-3.7864e-01
-3.5339e-01
-3.3003e-01
-2.8910e-03
-2.2995e-02
-5.7198e-02
-1.0435e-01
-1.5986e-01
-2.1313e-01
-2.5634e-01
-2.8639e-01
-3.0365e-01
-3.1026e-01
-3.0879e-01
-3.0162e-01
-2.9064e-01
-2.7731e-01
-2.6268e-01
-2.4752e-01
-2.3233e-01
-2.1745e-01
-2.0308e-01
-1.8937e-01
-1.7639e-01
-1.6416e-01
-1.5270e-01
-1.4200e-01
-1.3202e-01
-1.2275e-01
-1.1414e-01
-1.0615e-01
-9.8758e-02
-9.1913e-02
-8.5578e-02
-7.9717e-02
-7.4296e-02
-6.9282e-02
-6.4642e-02
-6.0350e-02
-4.4933e-01
-2.5586e+00
-3.9939e+00
-4.5644e+00
-4.6897e+00
-4.5878e+00
-4.3689e+00
-4.0956e+00
-3.8042e+00
-3.5154e+00
-3.2405e+00
-2.9852e+00
-2.7522e+00
-2.5414e+00
-2.3511e+00
-2.1794e+00
-2.0244e+00
-1.8842e+00
-1.7572e+00
-1.6418e+00
-1.5366e+00
-1.4406e+00
-1.3525e+00
-1.2715e+00
-1.1969e+00
-1.1279e+00
-1.0640e+00
-1.0046e+00
-9.4935e-01
-8.9781e-01
-8.4964e-01
-8.0458e-01
-7.6234e-01
-7.2271e-01
-6.8547e-01
-6.5045e-01
-7.4715e-01
-3.2241e+00
-4.2762e+00
-4.3926e+00
-4.2265e+00
-3.9825e+00
-3.7193e+00
-3.4579e+00
-3.2075e+00
-2.9726e+00
-2.7549e+00
-2.5551e+00
-2.3737e+00
-2.2089e+00
-2.0587e+00
-1.9216e+00
-1.7961e+00
-1.6812e+00
-1.5757e+00
-1.4787e+00
-1.3892e+00
-1.3065e+00
-1.2299e+00
-1.1589e+00
-1.0929e+00
-1.0314e+00
-9.7409e-01
-9.2056e-01
-8.7050e-01
-8.2363e-01
-7.7970e-01
-7.3847e-01
-6.9974e-01
-6.6334e-01
-6.2909e-01
-5.9685e-01
4.9541e-02
-6.8614e-02
-3.7963e-01
-7.4821e-01
-1.0592e+00
-1.2843e+00
-1.4331e+00
-1.5226e+00
-1.5676e+00
-1.5798e+00
-1.5678e+00
-1.5382e+00
-1.4960e+00
-1.4454e+00
-1.3891e+00
-1.3295e+00
-1.2683e+00
-1.2066e+00
-1.1454e+00
-1.0855e+00
-1.0272e+00
-9.7108e-01
-9.1722e-01
-8.6579e-01
-8.1686e-01
-7.7044e-01
-7.2652e-01
-6.8503e-01
-6.4590e-01
-6.0905e-01
-5.7437e-01
-5.4175e-01
-5.1110e-01
-4.8230e-01
-4.5525e-01
-4.2986e-01
4.4935e-02
3.1853e-02
-6.0118e-02
-2.2379e-01
-4.1802e-01
-6.0309e-01
-7.5881e-01
-8.7949e-01
-9.6646e-01
-1.0238e+00
-1.0562e+00
-1.0684e+00
-1.0645e+00
-1.0484e+00
-1.0230e+00
-9.9100e-01
-9.5440e-01
-9.1483e-01
-8.7356e-01
-8.3158e-01
-7.8963e-01
-7.4828e-01
-7.0794e-01
-6.6892e-01
-6.3140e-01
-5.9552e-01
-5.6134e-01
-5.2891e-01
-4.9821e-01
-4.6922e-01
-4.4189e-01
-4.1616e-01
-3.9196e-01
-3.6924e-01
-3.4790e-01
-3.2788e-01
4.3962e-02
2.1712e-02
-3.0489e-02
-1.2300e-01
-2.3928e-01
-3.5821e-01
-4.6509e-01
-5.5274e-01
-6.1918e-01
-6.6539e-01
-6.9378e-01
-7.0724e-01
-7.0866e-01
-7.0069e-01
-6.8562e-01
-6.6536e-01
-6.4148e-01
-6.1520e-01
-5.8750e-01
-5.5912e-01
-5.3064e-01
-5.0248e-01
-4.7495e-01
-4.4829e-01
-4.2264e-01
-3.9811e-01
-3.7476e-01
-3.5261e-01
-3.3166e-01
-3.1189e-01
-2.9327e-01
-2.7577e-01
-2.5934e-01
-2.4392e-01
-2.2948e-01
-2.1594e-01
