2.70000000e+02
5.00000000e+01
4.03365140e+01
3.74439630e+01
3.53125390e+01
3.38246320e+01
3.26996760e+01
3.18047170e+01
3.10694570e+01
3.04520650e+01
2.99253600e+01
2.94705050e+01
2.89806290e+01
2.84962030e+01
2.80611860e+01
2.76707710e+01
2.73192450e+01
2.70015090e+01
2.67132110e+01
2.64506690e+01
2.62107710e+01
2.59908770e+01
2.57887400e+01
2.56024340e+01
2.54303050e+01
2.52709210e+01
2.51230380e+01
2.49855700e+01
2.48575640e+01
2.47381790e+01
2.46266730e+01
2.45223830e+01
2.44247200e+01
2.43331560e+01
2.42472160e+01
2.41664730e+01
2.40905400e+01
2.70000000e+02
1.50000000e+02
1.50000000e+02
1.50000000e+02
1.41642416e+02
1.35177401e+02
1.29222600e+02
1.23978200e+02
1.19399990e+02
1.15399805e+02
1.11891125e+02
1.08799481e+02
1.06056903e+02
1.03594682e+02
1.01378487e+02
9.93822910e+01
9.75816740e+01
9.59545590e+01
9.44814130e+01
9.31451010e+01
9.19306190e+01
9.08248320e+01
8.98162200e+01
8.88946630e+01
8.80512480e+01
8.72781100e+01
8.65682950e+01
8.59156390e+01
8.53146680e+01
8.47605110e+01
8.42488260e+01
8.37757330e+01
8.33377630e+01
8.29318050e+01
8.25550650e+01
8.22050330e+01
8.18794470e+01
2.70000000e+02
2.50000000e+02
2.46303916e+02
2.41890356e+02
2.37206802e+02
2.32024429e+02
2.26513485e+02
2.21080978e+02
2.15925270e+02
2.11125803e+02
2.06704164e+02
2.02653919e+02
1.98955425e+02
1.95582651e+02
1.92506828e+02
1.89700252e+02
1.87137708e+02
1.84796381e+02
1.82655591e+02
1.80696586e+02
1.78902376e+02
1.77257588e+02
1.75748325e+02
1.74362041e+02
1.73087412e+02
1.71914224e+02
1.70833266e+02
1.69836227e+02
1.68915611e+02
1.68064655e+02
1.67277249e+02
1.66547879e+02
1.65871557e+02
1.65243774e+02
1.64660447e+02
1.64117879e+02
1.63612719e+02
2.71005158e+02
2.70794879e+02
2.70418616e+02
2.69818391e+02
2.68912210e+02
2.67686724e+02
2.66190677e+02
2.64498894e+02
2.62688254e+02
2.60824321e+02
2.58957347e+02
2.57123292e+02
2.55346514e+02
2.53642567e+02
2.52020515e+02
2.50484750e+02
2.49036405e+02
2.47674445e+02
2.46396429e+02
2.45199036e+02
2.44078424e+02
2.43030472e+02
2.42050950e+02
2.41135637e+02
2.40280402e+02
2.39481255e+02
2.38734383e+02
2.38036173e+02
2.37383216e+02
2.36772318e+02
2.36200494e+02
2.35664961e+02
2.35163134e+02
2.34692615e+02
2.34251182e+02
2.33836778e+02
2.33447501e+02
2.68187035e+02
2.68172635e+02
2.68129982e+02
2.68054950e+02
2.67934852e+02
2.67760511e+02
2.67533703e+02
2.67264202e+02
2.66964882e+02
2.66648266e+02
2.66324805e+02
2.66002444e+02
2.65686837e+02
2.65381797e+02
2.65089725e+02
2.64811991e+02
2.64549219e+02
2.64301520e+02
2.64068661e+02
2.63850190e+02
2.63645515e+02
2.63453961e+02
2.63274815e+02
2.63107347e+02
2.62950832e+02
2.62804563e+02
2.62667857e+02
2.62540063e+02
2.62420566e+02
2.62308785e+02
2.62204176e+02
2.62106230e+02
2.62014475e+02
2.61928470e+02
2.61847808e+02
2.61772111e+02
2.61701028e+02
2.72172677e+02
2.71248674e+02
2.67754375e+02
2.62765668e+02
2.57297520e+02
2.51819568e+02
2.46548326e+02
2.41582675e+02
2.36960053e+02
2.32684785e+02
2.28743757e+02
2.25115320e+02
2.21774283e+02
2.18694006e+02
2.15848498e+02
2.13214310e+02
2.10770605e+02
2.08498910e+02
2.06382884e+02
2.04408101e+02
2.02561831e+02
2.00832831e+02
1.99211161e+02
1.97688005e+02
1.96255526e+02
1.94906733e+02
1.93635367e+02
1.92435804e+02
1.91302972e+02
1.90232279e+02
1.89219552e+02
1.88260989e+02
1.87353111e+02
1.86492728e+02
1.85676904e+02
1.84902932e+02
1.84168309e+02
2.72221152e+02
2.71175028e+02
2.67544859e+02
2.62755597e+02
2.57803242e+02
2.53015090e+02
2.48489478e+02
2.44253691e+02
2.40308472e+02
2.36642775e+02
2.33240053e+02
2.30081492e+02
2.27147734e+02
2.24419086e+02
2.21876819e+02
2.19504497e+02
2.17287601e+02
2.15213146e+02
2.13269479e+02
2.11446133e+02
2.09733696e+02
2.08123696e+02
2.06608490e+02
2.05181170e+02
2.03835476e+02
2.02565718e+02
2.01366715e+02
2.00233734e+02
1.99162439e+02
1.98148854e+02
1.97189319e+02
1.96280459e+02
1.95419157e+02
1.94602528e+02
1.93827897e+02
1.93092780e+02
1.92394865e+02
2.72392701e+02
2.72324244e+02
2.72123106e+02
2.71594405e+02
2.70667002e+02
2.69392643e+02
2.67859175e+02
2.66148380e+02
2.64326157e+02
2.62443320e+02
2.60538456e+02
2.58640575e+02
2.56771215e+02
2.54946045e+02
2.53176068e+02
2.51468629e+02
2.49828300e+02
2.48257582e+02
2.46757413e+02
2.45327562e+02
2.43966935e+02
2.42673812e+02
2.41446035e+02
2.40281153e+02
2.39176531e+02
2.38129439e+02
2.37137115e+02
2.36196812e+02
2.35305831e+02
2.34461552e+02
2.33661443e+02
2.32903077e+02
2.32184138e+02
2.31502421e+02
2.30855835e+02
2.30242402e+02
2.29660252e+02
2.72265137e+02
2.72202016e+02
2.72106512e+02
2.71935295e+02
2.71609208e+02
2.71086997e+02
2.70370240e+02
2.69484995e+02
2.68466295e+02
2.67349688e+02
2.66167427e+02
2.64947075e+02
2.63711273e+02
2.62478043e+02
2.61261313e+02
2.60071507e+02
2.58916151e+02
2.57800446e+02
2.56727759e+02
2.55700034e+02
2.54718123e+02
2.53782053e+02
2.52891235e+02
2.52044635e+02
2.51240900e+02
2.50478464e+02
2.49755624e+02
2.49070601e+02
2.48421586e+02
2.47806773e+02
2.47224386e+02
2.46672692e+02
2.46150019e+02
2.45654761e+02
2.45185386e+02
2.44740434e+02
2.44318521e+02
2.71884986e+02
2.71811949e+02
2.71745989e+02
2.71657355e+02
2.71504843e+02
2.71259733e+02
2.70912983e+02
2.70471097e+02
2.69949226e+02
2.69365737e+02
2.68738887e+02
2.68085107e+02
2.67418303e+02
2.66749743e+02
2.66088227e+02
2.65440391e+02
2.64811056e+02
2.64203567e+02
2.63620100e+02
2.63061928e+02
2.62529629e+02
2.62023263e+02
2.61542504e+02
2.61086749e+02
2.60655200e+02
2.60246929e+02
2.59860923e+02
2.59496129e+02
2.59151475e+02
2.58825893e+02
2.58518337e+02
2.58227790e+02
2.57953273e+02
2.57693847e+02
2.57448623e+02
2.57216753e+02
2.56997441e+02
