-2.2000e+02
-1.0013e+01
-2.9505e+00
-2.0788e+00
-1.4411e+00
-1.0884e+00
-8.6657e-01
-7.1317e-01
-6.0017e-01
-5.1325e-01
-4.5376e-01
-5.2308e-01
-4.7872e-01
-4.2902e-01
-3.8497e-01
-3.4659e-01
-3.1316e-01
-2.8395e-01
-2.5830e-01
-2.3568e-01
-2.1563e-01
-1.9780e-01
-1.8187e-01
-1.6757e-01
-1.5471e-01
-1.4310e-01
-1.3258e-01
-1.2302e-01
-1.1432e-01
-1.0638e-01
-9.9107e-02
-9.2442e-02
-8.6318e-02
-8.0684e-02
-7.5489e-02
-7.0693e-02
-1.2000e+02
0.0000e+00
0.0000e+00
-8.6578e+00
-6.5433e+00
-5.9756e+00
-5.2365e+00
-4.5572e+00
-3.9735e+00
-3.4802e+00
-3.0637e+00
-2.7239e+00
-2.4453e+00
-2.1981e+00
-1.9781e+00
-1.7832e+00
-1.6105e+00
-1.4573e+00
-1.3211e+00
-1.1997e+00
-1.0914e+00
-9.9448e-01
-9.0757e-01
-8.2948e-01
-7.5918e-01
-6.9579e-01
-6.3852e-01
-5.8670e-01
-5.3974e-01
-4.9712e-01
-4.5838e-01
-4.2312e-01
-3.9097e-01
-3.6164e-01
-3.3484e-01
-3.1032e-01
-2.0000e+01
-3.7418e+00
-4.4508e+00
-4.7169e+00
-5.2215e+00
-5.5369e+00
-5.4376e+00
-5.1445e+00
-4.7769e+00
-4.3918e+00
-4.0162e+00
-3.6624e+00
-3.3366e+00
-3.0404e+00
-2.7720e+00
-2.5288e+00
-2.3083e+00
-2.1085e+00
-1.9274e+00
-1.7632e+00
-1.6143e+00
-1.4791e+00
-1.3565e+00
-1.2451e+00
-1.1438e+00
-1.0517e+00
-9.6783e-01
-8.9143e-01
-8.2178e-01
-7.5822e-01
-7.0016e-01
-6.4710e-01
-5.9856e-01
-5.5411e-01
-5.1337e-01
-4.7601e-01
-2.0643e-01
-3.6185e-01
-5.7524e-01
-8.7030e-01
-1.1808e+00
-1.4458e+00
-1.6384e+00
-1.7554e+00
-1.8075e+00
-1.8098e+00
-1.7764e+00
-1.7189e+00
-1.6462e+00
-1.5647e+00
-1.4789e+00
-1.3922e+00
-1.3067e+00
-1.2236e+00
-1.1438e+00
-1.0679e+00
-9.9602e-01
-9.2837e-01
-8.6491e-01
-8.0555e-01
-7.5013e-01
-6.9850e-01
-6.5045e-01
-6.0579e-01
-5.6431e-01
-5.2581e-01
-4.9009e-01
-4.5695e-01
-4.2622e-01
-3.9773e-01
-3.7130e-01
-3.4680e-01
-1.4182e-02
-4.1168e-02
-7.1813e-02
-1.1499e-01
-1.6746e-01
-2.1860e-01
-2.6046e-01
-2.8980e-01
-3.0680e-01
-3.1347e-01
-3.1226e-01
-3.0545e-01
-2.9487e-01
-2.8193e-01
-2.6767e-01
-2.5282e-01
-2.3787e-01
-2.2318e-01
-2.0894e-01
-1.9529e-01
-1.8232e-01
-1.7005e-01
-1.5851e-01
-1.4769e-01
-1.3757e-01
-1.2812e-01
-1.1932e-01
-1.1113e-01
-1.0352e-01
-9.6449e-02
-8.9886e-02
-8.3796e-02
-7.8147e-02
-7.2908e-02
-6.8049e-02
-6.3541e-02
-7.8407e-01
-3.1965e+00
-4.7540e+00
-5.3174e+00
-5.3881e+00
-5.2240e+00
-4.9485e+00
-4.6263e+00
-4.2925e+00
-3.9661e+00
-3.6568e+00
-3.3694e+00
-3.1064e+00
-2.8675e+00
-2.6506e+00
-2.4540e+00
-2.2755e+00
-2.1134e+00
-1.9659e+00
-1.8314e+00
-1.7087e+00
-1.5964e+00
-1.4933e+00
-1.3987e+00
-1.3115e+00
-1.2310e+00
-1.1566e+00
-1.0877e+00
-1.0237e+00
-9.6431e-01
-9.0900e-01
-8.5745e-01
-8.0935e-01
-7.6442e-01
-7.2240e-01
-6.8306e-01
-1.0269e+00
-3.5674e+00
-4.7171e+00
-4.8900e+00
-4.7397e+00
-4.4897e+00
-4.2095e+00
-3.9250e+00
-3.6484e+00
-3.3858e+00
-3.1399e+00
-2.9121e+00
-2.7034e+00
-2.5126e+00
-2.3378e+00
-2.1774e+00
-2.0302e+00
-1.8950e+00
-1.7706e+00
-1.6560e+00
-1.5503e+00
-1.4527e+00
-1.3624e+00
-1.2787e+00
-1.2012e+00
-1.1292e+00
-1.0622e+00
-9.9987e-01
-9.4179e-01
-8.8762e-01
-8.3705e-01
-7.8979e-01
-7.4560e-01
-7.0424e-01
-6.6550e-01
-6.2920e-01
3.1475e-02
-1.3181e-01
-4.7824e-01
-8.7652e-01
-1.2100e+00
-1.4491e+00
-1.6049e+00
-1.6964e+00
-1.7402e+00
-1.7489e+00
-1.7320e+00
-1.6965e+00
-1.6478e+00
-1.5901e+00
-1.5266e+00
-1.4597e+00
-1.3911e+00
-1.3222e+00
-1.2539e+00
-1.1871e+00
-1.1222e+00
-1.0596e+00
-9.9963e-01
-9.4237e-01
-8.8791e-01
-8.3626e-01
-7.8740e-01
-7.4127e-01
-6.9779e-01
-6.5686e-01
-6.1836e-01
-5.8220e-01
-5.4824e-01
-5.1637e-01
-4.8647e-01
-4.5843e-01
-3.4350e-03
-4.5144e-02
-1.3430e-01
-2.8978e-01
-4.7838e-01
-6.6153e-01
-8.1789e-01
-9.4044e-01
-1.0296e+00
-1.0888e+00
-1.1227e+00
-1.1357e+00
-1.1321e+00
-1.1155e+00
-1.0892e+00
-1.0558e+00
-1.0174e+00
-9.7573e-01
-9.3214e-01
-8.8766e-01
-8.4309e-01
-7.9906e-01
-7.5601e-01
-7.1427e-01
-6.7407e-01
-6.3555e-01
-5.9882e-01
-5.6390e-01
-5.3081e-01
-4.9953e-01
-4.7002e-01
-4.4222e-01
-4.1606e-01
-3.9148e-01
-3.6840e-01
-3.4675e-01
-1.3386e-01
-7.9445e-02
-1.0069e-01
-1.7712e-01
-2.8532e-01
-4.0101e-01
-5.0747e-01
-5.9612e-01
-6.6411e-01
-7.1190e-01
-7.4162e-01
-7.5602e-01
-7.5795e-01
-7.5006e-01
-7.3467e-01
-7.1375e-01
-6.8889e-01
-6.6138e-01
-6.3225e-01
-6.0228e-01
-5.7209e-01
-5.4214e-01
-5.1277e-01
-4.8424e-01
-4.5672e-01
-4.3033e-01
-4.0515e-01
-3.8120e-01
-3.5852e-01
-3.3707e-01
-3.1685e-01
-2.9780e-01
-2.7990e-01
-2.6308e-01
-2.4731e-01
-2.3252e-01
