2.69682171e+02
5.00853617e+01
3.97621409e+01
3.70092361e+01
3.53050797e+01
3.37213285e+01
3.23852236e+01
3.16530179e+01
3.09787703e+01
3.05374918e+01
2.93576446e+01
2.91963890e+01
2.89843744e+01
2.87255991e+01
2.80044947e+01
2.73243045e+01
2.70611342e+01
2.71686811e+01
2.62314600e+01
2.64941177e+01
2.58318206e+01
2.58587457e+01
2.55519035e+01
2.57056393e+01
2.51285845e+01
2.51691741e+01
2.48037753e+01
2.50972568e+01
2.48959930e+01
2.42089306e+01
2.42953924e+01
2.41776223e+01
2.45278781e+01
2.39259653e+01
2.38664440e+01
2.38333712e+01
2.43157036e+01
2.70275400e+02
1.49921456e+02
1.50109579e+02
1.50126706e+02
1.41466662e+02
1.35159532e+02
1.28992681e+02
1.23648733e+02
1.19058925e+02
1.15563289e+02
1.11841342e+02
1.09241551e+02
1.05757531e+02
1.03575288e+02
1.01384631e+02
9.98725916e+01
9.76106524e+01
9.61892691e+01
9.44621444e+01
9.28809402e+01
9.21277406e+01
9.09726795e+01
9.02363432e+01
8.90283579e+01
8.82296595e+01
8.75068079e+01
8.65994791e+01
8.59536433e+01
8.54817006e+01
8.47783196e+01
8.45603284e+01
8.39504575e+01
8.34476004e+01
8.29498604e+01
8.29316482e+01
8.23355884e+01
8.23745843e+01
2.69791715e+02
2.50167532e+02
2.46404620e+02
2.42152078e+02
2.37030465e+02
2.31958713e+02
2.26861255e+02
2.20965359e+02
2.16095973e+02
2.11234771e+02
2.06887489e+02
2.03081782e+02
1.99245839e+02
1.95507720e+02
1.92903159e+02
1.90285877e+02
1.87285419e+02
1.84806998e+02
1.83167015e+02
1.81276174e+02
1.79418374e+02
1.78047561e+02
1.76397066e+02
1.75226332e+02
1.73391727e+02
1.72329831e+02
1.71570769e+02
1.70393931e+02
1.69518878e+02
1.68872551e+02
1.68119302e+02
1.67004576e+02
1.66420926e+02
1.66093175e+02
1.65713104e+02
1.65041620e+02
1.64450472e+02
2.71258412e+02
2.70797660e+02
2.70363162e+02
2.69956090e+02
2.69136178e+02
2.67792864e+02
2.66607611e+02
2.64986619e+02
2.63199835e+02
2.60822402e+02
2.59413604e+02
2.57840685e+02
2.55755334e+02
2.54076971e+02
2.52629317e+02
2.51251494e+02
2.49697836e+02
2.48458157e+02
2.47096351e+02
2.45817405e+02
2.44950851e+02
2.43822688e+02
2.42673041e+02
2.42017491e+02
2.41112531e+02
2.40116833e+02
2.39506072e+02
2.38782405e+02
2.38469231e+02
2.38086866e+02
2.37200607e+02
2.36882616e+02
2.36559231e+02
2.36253833e+02
2.35444640e+02
2.35194338e+02
2.34909909e+02
2.68471445e+02
2.67795905e+02
2.68035380e+02
2.67905568e+02
2.67966326e+02
2.67882893e+02
2.67648131e+02
2.67204984e+02
2.67025509e+02
2.66569073e+02
2.66279878e+02
2.66010889e+02
2.65569277e+02
2.65842628e+02
2.65168935e+02
2.65197276e+02
2.64904766e+02
2.64392508e+02
2.64421484e+02
2.63847658e+02
2.63907020e+02
2.64261798e+02
2.63316359e+02
2.63767117e+02
2.63125338e+02
2.63034928e+02
2.63269178e+02
2.62949543e+02
2.63125370e+02
2.62799374e+02
2.62426107e+02
2.62686324e+02
2.62406223e+02
2.62879032e+02
2.62464901e+02
2.61968037e+02
2.62199302e+02
2.74105996e+02
2.73058456e+02
2.69663077e+02
2.65332943e+02
2.59669021e+02
2.54520107e+02
2.49371353e+02
2.43963728e+02
2.39264448e+02
2.35046901e+02
2.31018591e+02
2.27150947e+02
2.23789013e+02
2.20706540e+02
2.17807917e+02
2.14441514e+02
2.12568075e+02
2.09813622e+02
2.07645714e+02
2.05631532e+02
2.04412816e+02
2.02718863e+02
2.01048034e+02
1.99416689e+02
1.97908574e+02
1.96601429e+02
1.95017665e+02
1.94129015e+02
1.92914311e+02
1.91874139e+02
1.91216911e+02
1.90216130e+02
1.88801322e+02
1.87982502e+02
1.87277040e+02
1.86873677e+02
1.85914052e+02
2.73708592e+02
2.72254287e+02
2.68759605e+02
2.64221164e+02
2.59223091e+02
2.54291111e+02
2.50179156e+02
2.45632220e+02
2.41341658e+02
2.37986466e+02
2.34434797e+02
2.31397129e+02
2.28661677e+02
2.25408231e+02
2.23233550e+02
2.20570069e+02
2.18618158e+02
2.16794265e+02
2.14584315e+02
2.12544179e+02
2.11194104e+02
2.09718841e+02
2.07906576e+02
2.06875366e+02
2.05619895e+02
2.04271060e+02
2.02693898e+02
2.02006763e+02
2.01019869e+02
1.99881484e+02
1.99399140e+02
1.98219369e+02
1.97814007e+02
1.96621058e+02
1.96390906e+02
1.95320193e+02
1.94640945e+02
2.73031554e+02
2.73054630e+02
2.72628225e+02
2.72297076e+02
2.71085339e+02
2.70299080e+02
2.68579755e+02
2.66727975e+02
2.65025892e+02
2.63421594e+02
2.61617101e+02
2.59820064e+02
2.58257054e+02
2.56517354e+02
2.55136258e+02
2.53252705e+02
2.52219062e+02
2.50475664e+02
2.49424010e+02
2.47853172e+02
2.46588320e+02
2.45744344e+02
2.44625338e+02
2.43575164e+02
2.42583210e+02
2.41916236e+02
2.41144117e+02
2.39942387e+02
2.39266094e+02
2.38544103e+02
2.38016205e+02
2.37537485e+02
2.36610010e+02
2.36295478e+02
2.35770369e+02
2.35404897e+02
2.34714125e+02
2.72474512e+02
2.72716627e+02
2.72602023e+02
2.72155711e+02
2.71971369e+02
2.71362607e+02
2.70736531e+02
2.69668041e+02
2.68437744e+02
2.67360302e+02
2.66404800e+02
2.65282787e+02
2.63584135e+02
2.62859532e+02
2.61707372e+02
2.60349725e+02
2.59431640e+02
2.58395653e+02
2.57317280e+02
2.56218679e+02
2.55562697e+02
2.54514106e+02
2.53907840e+02
2.52505014e+02
2.52440827e+02
2.51529884e+02
2.50616863e+02
2.50478324e+02
2.49913801e+02
2.49255193e+02
2.48436808e+02
2.47933046e+02
2.47657330e+02
2.47235762e+02
2.47027831e+02
2.46750712e+02
2.46383175e+02
2.71829991e+02
2.72201390e+02
2.72064452e+02
2.72093824e+02
2.71293491e+02
2.71330202e+02
2.70886716e+02
2.70176345e+02
2.69787426e+02
2.69518006e+02
2.68357848e+02
2.67360753e+02
2.67134076e+02
2.66434833e+02
2.65502283e+02
2.64909328e+02
2.64029096e+02
2.63292119e+02
2.62541447e+02
2.62127015e+02
2.61179285e+02
2.60802367e+02
2.60456816e+02
2.59729769e+02
2.59308577e+02
2.58418335e+02
2.58556000e+02
2.57883227e+02
2.57697828e+02
2.56920418e+02
2.56565524e+02
2.56587568e+02
2.55970599e+02
2.56000004e+02
2.55874912e+02
2.55793991e+02
2.55436716e+02
