-2.2000e+02
-9.8672e+00
-2.9325e+00
-2.1089e+00
-1.4679e+00
-1.1092e+00
-8.8191e-01
-7.2398e-01
-6.0735e-01
-5.1760e-01
-4.4649e-01
-5.0373e-01
-4.7640e-01
-4.2659e-01
-3.8207e-01
-3.4332e-01
-3.0967e-01
-2.8035e-01
-2.5469e-01
-2.3213e-01
-2.1219e-01
-1.9449e-01
-1.7871e-01
-1.6459e-01
-1.5189e-01
-1.4045e-01
-1.3010e-01
-1.2071e-01
-1.1216e-01
-1.0436e-01
-9.7233e-02
-9.0701e-02
-8.4703e-02
-7.9185e-02
-7.4101e-02
-6.9408e-02
-1.2000e+02
0.0000e+00
0.0000e+00
-8.6164e+00
-6.5596e+00
-6.0049e+00
-5.2697e+00
-4.5905e+00
-4.0049e+00
-3.5088e+00
-3.0888e+00
-2.7412e+00
-2.4596e+00
-2.2110e+00
-1.9893e+00
-1.7925e+00
-1.6180e+00
-1.4632e+00
-1.3257e+00
-1.2031e+00
-1.0938e+00
-9.9602e-01
-9.0840e-01
-8.2973e-01
-7.5896e-01
-6.9518e-01
-6.3760e-01
-5.8554e-01
-5.3840e-01
-4.9563e-01
-4.5678e-01
-4.2145e-01
-3.8926e-01
-3.5990e-01
-3.3309e-01
-3.0858e-01
-2.0000e+01
-3.8468e+00
-4.4931e+00
-4.7335e+00
-5.2367e+00
-5.5585e+00
-5.4676e+00
-5.1812e+00
-4.8176e+00
-4.4339e+00
-4.0578e+00
-3.7021e+00
-3.3732e+00
-3.0736e+00
-2.8018e+00
-2.5553e+00
-2.3319e+00
-2.1293e+00
-1.9456e+00
-1.7790e+00
-1.6280e+00
-1.4910e+00
-1.3667e+00
-1.2538e+00
-1.1512e+00
-1.0579e+00
-9.7306e-01
-8.9579e-01
-8.2537e-01
-7.6115e-01
-7.0252e-01
-6.4897e-01
-5.9999e-01
-5.5518e-01
-5.1413e-01
-4.7651e-01
-1.3114e-01
-3.3423e-01
-5.7457e-01
-8.9246e-01
-1.2201e+00
-1.4956e+00
-1.6932e+00
-1.8115e+00
-1.8626e+00
-1.8625e+00
-1.8260e+00
-1.7651e+00
-1.6889e+00
-1.6038e+00
-1.5147e+00
-1.4248e+00
-1.3363e+00
-1.2504e+00
-1.1681e+00
-1.0898e+00
-1.0158e+00
-9.4617e-01
-8.8092e-01
-8.1992e-01
-7.6302e-01
-7.1004e-01
-6.6078e-01
-6.1503e-01
-5.7257e-01
-5.3319e-01
-4.9668e-01
-4.6283e-01
-4.3148e-01
-4.0242e-01
-3.7550e-01
-3.5055e-01
-7.2460e-03
-3.2229e-02
-6.5741e-02
-1.1094e-01
-1.6404e-01
-2.1457e-01
-2.5513e-01
-2.8300e-01
-2.9873e-01
-3.0444e-01
-3.0262e-01
-2.9549e-01
-2.8483e-01
-2.7199e-01
-2.5794e-01
-2.4338e-01
-2.2879e-01
-2.1447e-01
-2.0063e-01
-1.8739e-01
-1.7481e-01
-1.6293e-01
-1.5177e-01
-1.4131e-01
-1.3154e-01
-1.2242e-01
-1.1394e-01
-1.0605e-01
-9.8728e-02
-9.1929e-02
-8.5624e-02
-7.9778e-02
-7.4359e-02
-6.9338e-02
-6.4683e-02
-6.0370e-02
-6.0029e-01
-2.8640e+00
-4.4177e+00
-5.0352e+00
-5.1674e+00
-5.0542e+00
-4.8149e+00
-4.5164e+00
-4.1975e+00
-3.8803e+00
-3.5769e+00
-3.2936e+00
-3.0335e+00
-2.7973e+00
-2.5833e+00
-2.3896e+00
-2.2142e+00
-2.0553e+00
-1.9111e+00
-1.7799e+00
-1.6604e+00
-1.5512e+00
-1.4513e+00
-1.3595e+00
-1.2751e+00
-1.1973e+00
-1.1254e+00
-1.0589e+00
-9.9715e-01
-9.3982e-01
-8.8647e-01
-8.3676e-01
-7.9038e-01
-7.4705e-01
-7.0653e-01
-6.6859e-01
-9.0611e-01
-3.4917e+00
-4.6485e+00
-4.8017e+00
-4.6364e+00
-4.3795e+00
-4.0975e+00
-3.8142e+00
-3.5403e+00
-3.2813e+00
-3.0398e+00
-2.8166e+00
-2.6126e+00
-2.4268e+00
-2.2571e+00
-2.1017e+00
-1.9594e+00
-1.8288e+00
-1.7088e+00
-1.5984e+00
-1.4967e+00
-1.4029e+00
-1.3161e+00
-1.2357e+00
-1.1612e+00
-1.0921e+00
-1.0278e+00
-9.6800e-01
-9.1227e-01
-8.6028e-01
-8.1175e-01
-7.6640e-01
-7.2400e-01
-6.8430e-01
-6.4712e-01
-6.1228e-01
-3.1034e-02
-1.5763e-01
-4.8350e-01
-8.7508e-01
-1.2067e+00
-1.4455e+00
-1.6015e+00
-1.6934e+00
-1.7374e+00
-1.7462e+00
-1.7291e+00
-1.6931e+00
-1.6438e+00
-1.5854e+00
-1.5211e+00
-1.4534e+00
-1.3841e+00
-1.3145e+00
-1.2456e+00
-1.1783e+00
-1.1130e+00
-1.0502e+00
-9.9001e-01
-9.3263e-01
-8.7813e-01
-8.2652e-01
-7.7776e-01
-7.3178e-01
-6.8850e-01
-6.4780e-01
-6.0958e-01
-5.7371e-01
-5.4007e-01
-5.0854e-01
-4.7899e-01
-4.5130e-01
-3.7254e-02
-6.2883e-02
-1.4055e-01
-2.9540e-01
-4.8816e-01
-6.7647e-01
-8.3737e-01
-9.6333e-01
-1.0547e+00
-1.1152e+00
-1.1494e+00
-1.1620e+00
-1.1574e+00
-1.1395e+00
-1.1115e+00
-1.0763e+00
-1.0360e+00
-9.9239e-01
-9.4694e-01
-9.0069e-01
-8.5446e-01
-8.0889e-01
-7.6443e-01
-7.2142e-01
-6.8007e-01
-6.4054e-01
-6.0291e-01
-5.6721e-01
-5.3344e-01
-5.0157e-01
-4.7156e-01
-4.4333e-01
-4.1682e-01
-3.9194e-01
-3.6862e-01
-3.4677e-01
-9.0563e-02
-6.1158e-02
-9.8552e-02
-1.8798e-01
-3.0825e-01
-4.3470e-01
-5.5011e-01
-6.4573e-01
-7.1875e-01
-7.6983e-01
-8.0131e-01
-8.1620e-01
-8.1758e-01
-8.0833e-01
-7.9098e-01
-7.6766e-01
-7.4013e-01
-7.0980e-01
-6.7777e-01
-6.4490e-01
-6.1187e-01
-5.7917e-01
-5.4717e-01
-5.1615e-01
-4.8629e-01
-4.5771e-01
-4.3048e-01
-4.0465e-01
-3.8021e-01
-3.5715e-01
-3.3543e-01
-3.1502e-01
-2.9586e-01
-2.7790e-01
-2.6107e-01
-2.4532e-01
