2.70000000e+02
5.00000000e+01
4.04548880e+01
3.75733940e+01
3.54204000e+01
3.39148170e+01
3.27759910e+01
3.18700550e+01
3.11260750e+01
3.05017430e+01
2.99695270e+01
2.95103300e+01
2.90556440e+01
2.85713820e+01
2.81346160e+01
2.77427510e+01
2.73903700e+01
2.70724190e+01
2.67845260e+01
2.65229700e+01
2.62845920e+01
2.60667020e+01
2.58670040e+01
2.56835260e+01
2.55145680e+01
2.53586540e+01
2.52145010e+01
2.50809850e+01
2.49571170e+01
2.48420270e+01
2.47349410e+01
2.46351720e+01
2.45421080e+01
2.44551970e+01
2.43739480e+01
2.42979140e+01
2.42266940e+01
2.70000000e+02
1.50000000e+02
1.50000000e+02
1.50000000e+02
1.41571214e+02
1.35041670e+02
1.29034713e+02
1.23749668e+02
1.19138653e+02
1.15111408e+02
1.11580098e+02
1.08469385e+02
1.05714622e+02
1.03246135e+02
1.01023392e+02
9.90210520e+01
9.72153460e+01
9.55844910e+01
9.41090670e+01
9.27719550e+01
9.15581230e+01
9.04543740e+01
8.94491130e+01
8.85321310e+01
8.76944240e+01
8.69280360e+01
8.62259170e+01
8.55818150e+01
8.49901680e+01
8.44460210e+01
8.39449560e+01
8.34830180e+01
8.30566680e+01
8.26627310e+01
8.22983540e+01
8.19609690e+01
8.16482640e+01
2.70000000e+02
2.50000000e+02
2.46164763e+02
2.41684319e+02
2.36962109e+02
2.31739427e+02
2.26189053e+02
2.20719839e+02
2.15529375e+02
2.10697283e+02
2.06245625e+02
2.02168409e+02
1.98446346e+02
1.95053949e+02
1.91962697e+02
1.89144555e+02
1.86573919e+02
1.84227673e+02
1.82084893e+02
1.80126606e+02
1.78335615e+02
1.76696347e+02
1.75194714e+02
1.73817985e+02
1.72554663e+02
1.71394371e+02
1.70327743e+02
1.69346325e+02
1.68442486e+02
1.67609337e+02
1.66840651e+02
1.66130803e+02
1.65474704e+02
1.64867748e+02
1.64305763e+02
1.63784968e+02
1.63301933e+02
2.70306455e+02
2.70191129e+02
2.69883797e+02
2.69333300e+02
2.68458879e+02
2.67250019e+02
2.65759703e+02
2.64067173e+02
2.62253020e+02
2.60385491e+02
2.58516569e+02
2.56683207e+02
2.54910231e+02
2.53213320e+02
2.51601463e+02
2.50078856e+02
2.48646368e+02
2.47302655e+02
2.46044976e+02
2.44869726e+02
2.43772812e+02
2.42749895e+02
2.41796557e+02
2.40908414e+02
2.40081191e+02
2.39310777e+02
2.38593249e+02
2.37924892e+02
2.37302209e+02
2.36721924e+02
2.36180972e+02
2.35676499e+02
2.35205852e+02
2.34766569e+02
2.34356366e+02
2.33973129e+02
2.33614903e+02
2.68063947e+02
2.68057510e+02
2.68027834e+02
2.67963613e+02
2.67851206e+02
2.67681598e+02
2.67457138e+02
2.67188346e+02
2.66888817e+02
2.66571657e+02
2.66247729e+02
2.65925239e+02
2.65609988e+02
2.65305849e+02
2.65015238e+02
2.64739504e+02
2.64479233e+02
2.64234487e+02
2.64004982e+02
2.63790213e+02
2.63589540e+02
2.63402247e+02
2.63227584e+02
2.63064790e+02
2.62913113e+02
2.62771820e+02
2.62640210e+02
2.62517613e+02
2.62403395e+02
2.62296961e+02
2.62197753e+02
2.62105249e+02
2.62018964e+02
2.61938446e+02
2.61863276e+02
2.61793065e+02
2.61727454e+02
2.71709938e+02
2.70734588e+02
2.67073454e+02
2.61870952e+02
2.56190662e+02
2.50519118e+02
2.45077779e+02
2.39966512e+02
2.35222229e+02
2.30848082e+02
2.26829484e+02
2.23143168e+02
2.19762333e+02
2.16658952e+02
2.13805276e+02
2.11176042e+02
2.08748799e+02
2.06503611e+02
2.04422806e+02
2.02490738e+02
2.00693564e+02
1.99019035e+02
1.97456301e+02
1.95995735e+02
1.94628775e+02
1.93347791e+02
1.92145959e+02
1.91017160e+02
1.89955891e+02
1.88957187e+02
1.88016553e+02
1.87129908e+02
1.86293538e+02
1.85504049e+02
1.84758338e+02
1.84053553e+02
1.83387074e+02
2.71702486e+02
2.70602040e+02
2.66808836e+02
2.61832059e+02
2.56709132e+02
2.51773511e+02
2.47122371e+02
2.42781929e+02
2.38752356e+02
2.35022044e+02
2.31573612e+02
2.28387106e+02
2.25441858e+02
2.22716945e+02
2.20191884e+02
2.17848441e+02
2.15670519e+02
2.13643712e+02
2.11755074e+02
2.09992965e+02
2.08346920e+02
2.06807526e+02
2.05366309e+02
2.04015624e+02
2.02748566e+02
2.01558886e+02
2.00440912e+02
1.99389487e+02
1.98399911e+02
1.97467892e+02
1.96589502e+02
1.95761137e+02
1.94979485e+02
1.94241498e+02
1.93544363e+02
1.92885483e+02
1.92262454e+02
2.71635911e+02
2.71618757e+02
2.71465716e+02
2.70970084e+02
2.70064194e+02
2.68810234e+02
2.67305849e+02
2.65638765e+02
2.63877150e+02
2.62071612e+02
2.60259172e+02
2.58466675e+02
2.56713353e+02
2.55012687e+02
2.53373740e+02
2.51802169e+02
2.50301108e+02
2.48871859e+02
2.47514385e+02
2.46227665e+02
2.45009971e+02
2.43859073e+02
2.42772403e+02
2.41747179e+02
2.40780498e+02
2.39869413e+02
2.39010986e+02
2.38202323e+02
2.37440612e+02
2.36723134e+02
2.36047283e+02
2.35410571e+02
2.34810633e+02
2.34245231e+02
2.33712249e+02
2.33209693e+02
2.32735688e+02
2.71549763e+02
2.71543050e+02
2.71515559e+02
2.71401366e+02
2.71121702e+02
2.70638850e+02
2.69958772e+02
2.69111099e+02
2.68132948e+02
2.67060628e+02
2.65926305e+02
2.64757037e+02
2.63574824e+02
2.62397079e+02
2.61237225e+02
2.60105298e+02
2.59008546e+02
2.57951967e+02
2.56938795e+02
2.55970881e+02
2.55049017e+02
2.54173183e+02
2.53342753e+02
2.52556651e+02
2.51813484e+02
2.51111635e+02
2.50449349e+02
2.49824784e+02
2.49236067e+02
2.48681323e+02
2.48158701e+02
2.47666399e+02
2.47202671e+02
2.46765840e+02
2.46354304e+02
2.45966538e+02
2.45601097e+02
2.71432509e+02
2.71426789e+02
2.71408888e+02
2.71341539e+02
2.71178971e+02
2.70893350e+02
2.70480254e+02
2.69951783e+02
2.69328267e+02
2.68632425e+02
2.67886040e+02
2.67108366e+02
2.66315572e+02
2.65520744e+02
2.64734145e+02
2.63963581e+02
2.63214793e+02
2.62491836e+02
2.61797423e+02
2.61133212e+02
2.60500041e+02
2.59898124e+02
2.59327199e+02
2.58786657e+02
2.58275630e+02
2.57793074e+02
2.57337826e+02
2.56908651e+02
2.56504274e+02
2.56123415e+02
2.55764801e+02
2.55427187e+02
2.55109365e+02
2.54810170e+02
2.54528488e+02
2.54263257e+02
2.54013470e+02
