-2.2000e+02
-9.8565e+00
-2.9189e+00
-2.0980e+00
-1.4587e+00
-1.1021e+00
-8.7710e-01
-7.2132e-01
-6.0652e-01
-5.1820e-01
-4.4816e-01
-4.9545e-01
-4.7970e-01
-4.3077e-01
-3.8665e-01
-3.4810e-01
-3.1451e-01
-2.8516e-01
-2.5941e-01
-2.3672e-01
-2.1662e-01
-1.9875e-01
-1.8279e-01
-1.6848e-01
-1.5560e-01
-1.4398e-01
-1.3344e-01
-1.2387e-01
-1.1516e-01
-1.0720e-01
-9.9910e-02
-9.3225e-02
-8.7081e-02
-8.1422e-02
-7.6203e-02
-7.1382e-02
-1.2000e+02
0.0000e+00
0.0000e+00
-8.5219e+00
-6.5115e+00
-5.9727e+00
-5.2481e+00
-4.5754e+00
-3.9946e+00
-3.5022e+00
-3.0852e+00
-2.7384e+00
-2.4587e+00
-2.2126e+00
-1.9928e+00
-1.7974e+00
-1.6241e+00
-1.4702e+00
-1.3333e+00
-1.2113e+00
-1.1024e+00
-1.0050e+00
-9.1761e-01
-8.3910e-01
-7.6843e-01
-7.0469e-01
-6.4711e-01
-5.9500e-01
-5.4776e-01
-5.0487e-01
-4.6587e-01
-4.3035e-01
-3.9796e-01
-3.6839e-01
-3.4135e-01
-3.1659e-01
-2.0000e+01
-3.7548e+00
-4.4355e+00
-4.6945e+00
-5.2002e+00
-5.5294e+00
-5.4472e+00
-5.1671e+00
-4.8083e+00
-4.4284e+00
-4.0554e+00
-3.7023e+00
-3.3756e+00
-3.0778e+00
-2.8078e+00
-2.5630e+00
-2.3410e+00
-2.1397e+00
-1.9571e+00
-1.7915e+00
-1.6413e+00
-1.5050e+00
-1.3813e+00
-1.2688e+00
-1.1665e+00
-1.0735e+00
-9.8873e-01
-9.1149e-01
-8.4102e-01
-7.7668e-01
-7.1788e-01
-6.6409e-01
-6.1484e-01
-5.6971e-01
-5.2832e-01
-4.9033e-01
-9.6317e-02
-3.0221e-01
-5.5351e-01
-8.7900e-01
-1.2116e+00
-1.4906e+00
-1.6909e+00
-1.8116e+00
-1.8651e+00
-1.8673e+00
-1.8331e+00
-1.7743e+00
-1.7000e+00
-1.6166e+00
-1.5290e+00
-1.4404e+00
-1.3529e+00
-1.2679e+00
-1.1863e+00
-1.1086e+00
-1.0349e+00
-9.6559e-01
-9.0046e-01
-8.3948e-01
-7.8250e-01
-7.2935e-01
-6.7985e-01
-6.3378e-01
-5.9095e-01
-5.5115e-01
-5.1418e-01
-4.7985e-01
-4.4797e-01
-4.1838e-01
-3.9091e-01
-3.6540e-01
-7.0150e-03
-4.2052e-02
-9.8852e-02
-1.7647e-01
-2.6790e-01
-3.5601e-01
-4.2788e-01
-4.7837e-01
-5.0798e-01
-5.2012e-01
-5.1896e-01
-5.0833e-01
-4.9131e-01
-4.7028e-01
-4.4696e-01
-4.2258e-01
-3.9800e-01
-3.7378e-01
-3.5028e-01
-3.2773e-01
-3.0626e-01
-2.8595e-01
-2.6681e-01
-2.4884e-01
-2.3202e-01
-2.1630e-01
-2.0164e-01
-1.8798e-01
-1.7528e-01
-1.6346e-01
-1.5248e-01
-1.4227e-01
-1.3280e-01
-1.2400e-01
-1.1583e-01
-1.0824e-01
-1.1397e+00
-3.8879e+00
-5.3034e+00
-5.6646e+00
-5.5829e+00
-5.3149e+00
-4.9710e+00
-4.6051e+00
-4.2444e+00
-3.9026e+00
-3.5854e+00
-3.2950e+00
-3.0321e+00
-2.7954e+00
-2.5820e+00
-2.3892e+00
-2.2149e+00
-2.0569e+00
-1.9134e+00
-1.7827e+00
-1.6635e+00
-1.5544e+00
-1.4544e+00
-1.3624e+00
-1.2777e+00
-1.1995e+00
-1.1272e+00
-1.0602e+00
-9.9793e-01
-9.4006e-01
-8.8616e-01
-8.3590e-01
-7.8898e-01
-7.4511e-01
-7.0407e-01
-6.6562e-01
-1.0918e+00
-3.6425e+00
-4.7907e+00
-4.9567e+00
-4.7969e+00
-4.5375e+00
-4.2490e+00
-3.9576e+00
-3.6752e+00
-3.4078e+00
-3.1580e+00
-2.9270e+00
-2.7153e+00
-2.5223e+00
-2.3458e+00
-2.1842e+00
-2.0360e+00
-1.8999e+00
-1.7748e+00
-1.6597e+00
-1.5536e+00
-1.4556e+00
-1.3649e+00
-1.2810e+00
-1.2032e+00
-1.1309e+00
-1.0637e+00
-1.0012e+00
-9.4289e-01
-8.8851e-01
-8.3772e-01
-7.9026e-01
-7.4586e-01
-7.0430e-01
-6.6535e-01
-6.2885e-01
-6.3775e-02
-1.8953e-01
-5.0835e-01
-8.9256e-01
-1.2215e+00
-1.4612e+00
-1.6198e+00
-1.7145e+00
-1.7613e+00
-1.7725e+00
-1.7575e+00
-1.7234e+00
-1.6755e+00
-1.6183e+00
-1.5548e+00
-1.4877e+00
-1.4188e+00
-1.3493e+00
-1.2804e+00
-1.2129e+00
-1.1472e+00
-1.0839e+00
-1.0230e+00
-9.6492e-01
-9.0958e-01
-8.5706e-01
-8.0733e-01
-7.6034e-01
-7.1601e-01
-6.7424e-01
-6.3493e-01
-5.9796e-01
-5.6323e-01
-5.3060e-01
-4.9998e-01
-4.7123e-01
-5.1358e-02
-8.2007e-02
-1.5914e-01
-3.1452e-01
-5.0862e-01
-6.9862e-01
-8.6113e-01
-9.8845e-01
-1.0809e+00
-1.1423e+00
-1.1773e+00
-1.1906e+00
-1.1866e+00
-1.1693e+00
-1.1418e+00
-1.1070e+00
-1.0671e+00
-1.0237e+00
-9.7834e-01
-9.3206e-01
-8.8568e-01
-8.3984e-01
-7.9501e-01
-7.5152e-01
-7.0960e-01
-6.6943e-01
-6.3108e-01
-5.9461e-01
-5.6002e-01
-5.2730e-01
-4.9640e-01
-4.6727e-01
-4.3984e-01
-4.1404e-01
-3.8980e-01
-3.6703e-01
-9.5714e-02
-6.8771e-02
-1.0408e-01
-1.9123e-01
-3.0895e-01
-4.3298e-01
-5.4636e-01
-6.4045e-01
-7.1247e-01
-7.6305e-01
-7.9450e-01
-8.0976e-01
-8.1184e-01
-8.0353e-01
-7.8728e-01
-7.6514e-01
-7.3883e-01
-7.0969e-01
-6.7881e-01
-6.4701e-01
-6.1495e-01
-5.8313e-01
-5.5190e-01
-5.2153e-01
-4.9222e-01
-4.6409e-01
-4.3722e-01
-4.1165e-01
-3.8740e-01
-3.6446e-01
-3.4280e-01
-3.2238e-01
-3.0318e-01
-2.8512e-01
-2.6816e-01
-2.5225e-01
