2.70000000e+02
5.00000000e+01
4.03215960e+01
3.73755010e+01
3.52317710e+01
3.37413700e+01
3.26173980e+01
3.17252560e+01
3.09938410e+01
3.03808310e+01
2.98587480e+01
2.94085800e+01
2.89161390e+01
2.84374460e+01
2.80082360e+01
2.76236280e+01
2.72779080e+01
2.69659910e+01
2.66835450e+01
2.64269070e+01
2.61929810e+01
2.59791410e+01
2.57831450e+01
2.56030740e+01
2.54372720e+01
2.52843050e+01
2.51429210e+01
2.50120260e+01
2.48906570e+01
2.47779620e+01
2.46731860e+01
2.45756540e+01
2.44847630e+01
2.43999740e+01
2.43207980e+01
2.42467960e+01
2.41775680e+01
2.70000000e+02
1.50000000e+02
1.50000000e+02
1.50000000e+02
1.41383859e+02
1.34752900e+02
1.28692450e+02
1.23386000e+02
1.18771815e+02
1.14752183e+02
1.11234972e+02
1.08142244e+02
1.05402685e+02
1.02947408e+02
1.00741598e+02
9.87582680e+01
9.69723920e+01
9.53614970e+01
9.39057740e+01
9.25878790e+01
9.13926510e+01
9.03068290e+01
8.93187900e+01
8.84183270e+01
8.75964550e+01
8.68452450e+01
8.61576840e+01
8.55275590e+01
8.49493470e+01
8.44181340e+01
8.39295350e+01
8.34796320e+01
8.30649180e+01
8.26822450e+01
8.23287860e+01
8.20019960e+01
8.16995790e+01
2.70000000e+02
2.50000000e+02
2.45985900e+02
2.41398780e+02
2.36599991e+02
2.31303028e+02
2.25697921e+02
2.20198594e+02
2.14997058e+02
2.10167901e+02
2.05729235e+02
2.01672083e+02
1.97974886e+02
1.94610088e+02
1.91547784e+02
1.88759418e+02
1.86219067e+02
1.83903317e+02
1.81790979e+02
1.79862865e+02
1.78101620e+02
1.76491555e+02
1.75018507e+02
1.73669699e+02
1.72433610e+02
1.71299853e+02
1.70259065e+02
1.69302805e+02
1.68423457e+02
1.67614148e+02
1.66868674e+02
1.66181429e+02
1.65547342e+02
1.64961826e+02
1.64420726e+02
1.63920278e+02
1.63457066e+02
2.69475470e+02
2.69473976e+02
2.69254279e+02
2.68772236e+02
2.67954033e+02
2.66794604e+02
2.65350507e+02
2.63702943e+02
2.61933338e+02
2.60110106e+02
2.58285112e+02
2.56495101e+02
2.54764712e+02
2.53109489e+02
2.51538311e+02
2.50055318e+02
2.48661380e+02
2.47355205e+02
2.46134120e+02
2.44994598e+02
2.43932614e+02
2.42943884e+02
2.42024035e+02
2.41168718e+02
2.40373682e+02
2.39634829e+02
2.38948246e+02
2.38310221e+02
2.37717258e+02
2.37166076e+02
2.36653607e+02
2.36176992e+02
2.35733572e+02
2.35320880e+02
2.34936628e+02
2.34578699e+02
2.34245136e+02
2.67899529e+02
2.67902504e+02
2.67889412e+02
2.67841159e+02
2.67744526e+02
2.67592010e+02
2.67386892e+02
2.67139806e+02
2.66863923e+02
2.66571697e+02
2.66273332e+02
2.65976474e+02
2.65686496e+02
2.65406973e+02
2.65140120e+02
2.64887165e+02
2.64648634e+02
2.64424575e+02
2.64214718e+02
2.64018593e+02
2.63835605e+02
2.63665087e+02
2.63506339e+02
2.63358650e+02
2.63221316e+02
2.63093650e+02
2.62974992e+02
2.62864714e+02
2.62762220e+02
2.62666948e+02
2.62578373e+02
2.62496003e+02
2.62419380e+02
2.62348078e+02
2.62281703e+02
2.62219888e+02
2.62162294e+02
2.70464091e+02
2.69601533e+02
2.66206074e+02
2.61355683e+02
2.56042278e+02
2.50713687e+02
2.45576381e+02
2.40726840e+02
2.36203622e+02
2.32013538e+02
2.28146325e+02
2.24583117e+02
2.21301207e+02
2.18276105e+02
2.15483664e+02
2.12901929e+02
2.10511181e+02
2.08293748e+02
2.06233835e+02
2.04317348e+02
2.02531722e+02
2.00865752e+02
1.99309430e+02
1.97853805e+02
1.96490850e+02
1.95213350e+02
1.94014802e+02
1.92889327e+02
1.91831595e+02
1.90836761e+02
1.89900409e+02
1.89018503e+02
1.88187346e+02
1.87403543e+02
1.86663970e+02
1.85965747e+02
1.85306216e+02
2.70525319e+02
2.69531507e+02
2.65970465e+02
2.61293389e+02
2.56482456e+02
2.51841997e+02
2.47457205e+02
2.43350554e+02
2.39522434e+02
2.35963387e+02
2.32659081e+02
2.29592941e+02
2.26747565e+02
2.24104890e+02
2.21647549e+02
2.19360160e+02
2.17228936e+02
2.15241367e+02
2.13386075e+02
2.11652713e+02
2.10031873e+02
2.08514997e+02
2.07094296e+02
2.05762669e+02
2.04513636e+02
2.03341273e+02
2.02240154e+02
2.01205303e+02
2.00232151e+02
1.99316490e+02
1.98454447e+02
1.97642447e+02
1.96877187e+02
1.96155612e+02
1.95474893e+02
1.94832407e+02
1.94225722e+02
2.70758710e+02
2.70792053e+02
2.70700305e+02
2.70286499e+02
2.69488554e+02
2.68363027e+02
2.66997793e+02
2.65472102e+02
2.63848511e+02
2.62174559e+02
2.60485983e+02
2.58809453e+02
2.57164650e+02
2.55565774e+02
2.54022706e+02
2.52541923e+02
2.51127331e+02
2.49780903e+02
2.48503154e+02
2.47293504e+02
2.46150560e+02
2.45072345e+02
2.44056475e+02
2.43100296e+02
2.42200994e+02
2.41355681e+02
2.40561450e+02
2.39815430e+02
2.39114815e+02
2.38456889e+02
2.37839047e+02
2.37258797e+02
2.36713776e+02
2.36201744e+02
2.35720590e+02
2.35268325e+02
2.34843085e+02
2.70834307e+02
2.70879807e+02
2.70912100e+02
2.70847983e+02
2.70611062e+02
2.70167943e+02
2.69527217e+02
2.68719419e+02
2.67781763e+02
2.66750480e+02
2.65657730e+02
2.64530662e+02
2.63391424e+02
2.62257559e+02
2.61142592e+02
2.60056599e+02
2.59006809e+02
2.57998163e+02
2.57033796e+02
2.56115427e+02
2.55243694e+02
2.54418406e+02
2.53638760e+02
2.52903503e+02
2.52211073e+02
2.51559691e+02
2.50947454e+02
2.50372386e+02
2.49832494e+02
2.49325797e+02
2.48850356e+02
2.48404291e+02
2.47985792e+02
2.47593132e+02
2.47224667e+02
2.46878842e+02
2.46554189e+02
2.70883871e+02
2.70952218e+02
2.70987840e+02
2.70962518e+02
2.70833372e+02
2.70574433e+02
2.70182656e+02
2.69671350e+02
2.69062022e+02
2.68378527e+02
2.67643683e+02
2.66877629e+02
2.66097239e+02
2.65316120e+02
2.64544866e+02
2.63791469e+02
2.63061730e+02
2.62359676e+02
2.61687922e+02
2.61047980e+02
2.60440514e+02
2.59865545e+02
2.59322612e+02
2.58810906e+02
2.58329369e+02
2.57876776e+02
2.57451796e+02
2.57053041e+02
2.56679100e+02
2.56328568e+02
2.56000066e+02
2.55692255e+02
2.55403844e+02
2.55133602e+02
2.54880356e+02
2.54642996e+02
2.54420476e+02
