-2.2000e+02
-9.7154e+00
-2.9137e+00
-2.1324e+00
-1.4883e+00
-1.1260e+00
-8.9628e-01
-7.3666e-01
-6.1877e-01
-5.2803e-01
-4.5614e-01
-4.9649e-01
-4.8699e-01
-4.3753e-01
-3.9285e-01
-3.5389e-01
-3.2003e-01
-2.9054e-01
-2.6474e-01
-2.4205e-01
-2.2200e-01
-2.0421e-01
-1.8834e-01
-1.7412e-01
-1.6134e-01
-1.4980e-01
-1.3935e-01
-1.2986e-01
-1.2120e-01
-1.1329e-01
-1.0603e-01
-9.9369e-02
-9.3234e-02
-8.7572e-02
-8.2338e-02
-7.7492e-02
-1.2000e+02
0.0000e+00
0.0000e+00
-8.5574e+00
-6.5555e+00
-6.0073e+00
-5.2738e+00
-4.5949e+00
-4.0097e+00
-3.5142e+00
-3.0950e+00
-2.7457e+00
-2.4653e+00
-2.2193e+00
-1.9996e+00
-1.8044e+00
-1.6313e+00
-1.4777e+00
-1.3411e+00
-1.2196e+00
-1.1111e+00
-1.0141e+00
-9.2711e-01
-8.4904e-01
-7.7880e-01
-7.1547e-01
-6.5829e-01
-6.0654e-01
-5.5965e-01
-5.1708e-01
-4.7836e-01
-4.4310e-01
-4.1094e-01
-3.8155e-01
-3.5467e-01
-3.3004e-01
-2.0000e+01
-3.7525e+00
-4.4531e+00
-4.7234e+00
-5.2353e+00
-5.5608e+00
-5.4714e+00
-5.1856e+00
-4.8229e+00
-4.4407e+00
-4.0665e+00
-3.7131e+00
-3.3866e+00
-3.0892e+00
-2.8199e+00
-2.5759e+00
-2.3548e+00
-2.1543e+00
-1.9726e+00
-1.8078e+00
-1.6584e+00
-1.5228e+00
-1.3997e+00
-1.2879e+00
-1.1862e+00
-1.0937e+00
-1.0094e+00
-9.3263e-01
-8.6257e-01
-7.9858e-01
-7.4008e-01
-6.8654e-01
-6.3751e-01
-5.9254e-01
-5.5126e-01
-5.1333e-01
-1.6829e-01
-3.4214e-01
-5.8079e-01
-9.0020e-01
-1.2302e+00
-1.5086e+00
-1.7094e+00
-1.8313e+00
-1.8860e+00
-1.8895e+00
-1.8566e+00
-1.7989e+00
-1.7257e+00
-1.6433e+00
-1.5566e+00
-1.4688e+00
-1.3821e+00
-1.2978e+00
-1.2168e+00
-1.1396e+00
-1.0665e+00
-9.9762e-01
-9.3285e-01
-8.7215e-01
-8.1538e-01
-7.6238e-01
-7.1294e-01
-6.6688e-01
-6.2400e-01
-5.8407e-01
-5.4693e-01
-5.1238e-01
-4.8023e-01
-4.5032e-01
-4.2248e-01
-3.9658e-01
-1.0771e-02
-3.4968e-02
-6.7135e-02
-1.1222e-01
-1.6564e-01
-2.1666e-01
-2.5779e-01
-2.8629e-01
-3.0266e-01
-3.0901e-01
-3.0779e-01
-3.0123e-01
-2.9109e-01
-2.7871e-01
-2.6507e-01
-2.5087e-01
-2.3659e-01
-2.2253e-01
-2.0892e-01
-1.9586e-01
-1.8343e-01
-1.7167e-01
-1.6059e-01
-1.5018e-01
-1.4043e-01
-1.3131e-01
-1.2280e-01
-1.1486e-01
-1.0746e-01
-1.0058e-01
-9.4166e-02
-8.8199e-02
-8.2647e-02
-7.7482e-02
-7.2674e-02
-6.8200e-02
-1.0777e+00
-3.7211e+00
-5.1016e+00
-5.4920e+00
-5.4616e+00
-5.2426e+00
-4.9374e+00
-4.5999e+00
-4.2593e+00
-3.9317e+00
-3.6249e+00
-3.3425e+00
-3.0859e+00
-2.8545e+00
-2.6458e+00
-2.4573e+00
-2.2869e+00
-2.1326e+00
-1.9923e+00
-1.8646e+00
-1.7481e+00
-1.6413e+00
-1.5432e+00
-1.4530e+00
-1.3696e+00
-1.2925e+00
-1.2209e+00
-1.1544e+00
-1.0924e+00
-1.0345e+00
-9.8046e-01
-9.2983e-01
-8.8237e-01
-8.3781e-01
-7.9593e-01
-7.5653e-01
-1.0499e+00
-3.5588e+00
-4.6996e+00
-4.8761e+00
-4.7332e+00
-4.4916e+00
-4.2197e+00
-3.9434e+00
-3.6749e+00
-3.4201e+00
-3.1821e+00
-2.9617e+00
-2.7598e+00
-2.5756e+00
-2.4071e+00
-2.2526e+00
-2.1106e+00
-1.9801e+00
-1.8597e+00
-1.7486e+00
-1.6458e+00
-1.5505e+00
-1.4621e+00
-1.3799e+00
-1.3033e+00
-1.2319e+00
-1.1651e+00
-1.1027e+00
-1.0443e+00
-9.8951e-01
-9.3811e-01
-8.8984e-01
-8.4446e-01
-8.0178e-01
-7.6159e-01
-7.2373e-01
-6.2522e-02
-1.9420e-01
-5.2446e-01
-9.2595e-01
-1.2743e+00
-1.5345e+00
-1.7138e+00
-1.8287e+00
-1.8940e+00
-1.9214e+00
-1.9201e+00
-1.8971e+00
-1.8578e+00
-1.8069e+00
-1.7478e+00
-1.6833e+00
-1.6154e+00
-1.5458e+00
-1.4757e+00
-1.4061e+00
-1.3376e+00
-1.2709e+00
-1.2063e+00
-1.1440e+00
-1.0843e+00
-1.0272e+00
-9.7283e-01
-9.2109e-01
-8.7199e-01
-8.2546e-01
-7.8143e-01
-7.3980e-01
-7.0047e-01
-6.6335e-01
-6.2832e-01
-5.9528e-01
-4.4000e-02
-7.4950e-02
-1.5801e-01
-3.1993e-01
-5.2244e-01
-7.2278e-01
-8.9678e-01
-1.0357e+00
-1.1392e+00
-1.2104e+00
-1.2538e+00
-1.2742e+00
-1.2760e+00
-1.2631e+00
-1.2390e+00
-1.2066e+00
-1.1682e+00
-1.1256e+00
-1.0805e+00
-1.0339e+00
-9.8686e-01
-9.3997e-01
-8.9378e-01
-8.4871e-01
-8.0503e-01
-7.6293e-01
-7.2256e-01
-6.8397e-01
-6.4720e-01
-6.1226e-01
-5.7912e-01
-5.4774e-01
-5.1807e-01
-4.9004e-01
-4.6359e-01
-4.3865e-01
-4.0498e-02
-5.0723e-02
-9.3387e-02
-1.8101e-01
-2.9446e-01
-4.1095e-01
-5.1517e-01
-5.9994e-01
-6.6349e-01
-7.0702e-01
-7.3307e-01
-7.4458e-01
-7.4444e-01
-7.3527e-01
-7.1931e-01
-6.9840e-01
-6.7406e-01
-6.4745e-01
-6.1950e-01
-5.9092e-01
-5.6224e-01
-5.3387e-01
-5.0611e-01
-4.7916e-01
-4.5318e-01
-4.2827e-01
-4.0448e-01
-3.8184e-01
-3.6035e-01
-3.4001e-01
-3.2079e-01
-3.0265e-01
-2.8555e-01
-2.6946e-01
-2.5432e-01
-2.4008e-01
