2.70444033e+02
5.00299525e+01
3.99412998e+01
3.68078957e+01
3.51208641e+01
3.38706853e+01
3.19378831e+01
3.15301418e+01
3.05392953e+01
3.02706621e+01
2.95219891e+01
2.91488647e+01
2.88316596e+01
2.82721254e+01
2.79800205e+01
2.73658719e+01
2.70584231e+01
2.70099145e+01
2.66370558e+01
2.60115190e+01
2.61447343e+01
2.59673174e+01
2.56341590e+01
2.56452651e+01
2.55513345e+01
2.50271187e+01
2.51161385e+01
2.50107105e+01
2.46457587e+01
2.44010720e+01
2.43533205e+01
2.42523928e+01
2.41123074e+01
2.41398644e+01
2.40864719e+01
2.43227425e+01
2.40703582e+01
2.70090595e+02
1.49766101e+02
1.50413906e+02
1.49977574e+02
1.41109467e+02
1.34575636e+02
1.28651051e+02
1.23742357e+02
1.19008183e+02
1.15172854e+02
1.11309621e+02
1.08414435e+02
1.05674075e+02
1.03443710e+02
1.01673761e+02
9.91403922e+01
9.71508985e+01
9.55474749e+01
9.48108357e+01
9.30758970e+01
9.21972020e+01
9.07987497e+01
8.99153639e+01
8.88896739e+01
8.81649070e+01
8.71901117e+01
8.60945948e+01
8.56842253e+01
8.51609132e+01
8.49323444e+01
8.41960645e+01
8.36477745e+01
8.35898402e+01
8.31396409e+01
8.28011784e+01
8.21139672e+01
8.18239279e+01
2.69770311e+02
2.49826261e+02
2.46150758e+02
2.41628552e+02
2.36893500e+02
2.31507084e+02
2.25956397e+02
2.20687774e+02
2.15721592e+02
2.10748098e+02
2.06261089e+02
2.02562636e+02
1.98643634e+02
1.95563364e+02
1.92537177e+02
1.90132492e+02
1.86760941e+02
1.84859192e+02
1.82780037e+02
1.80966720e+02
1.79000356e+02
1.77256713e+02
1.76147386e+02
1.74692197e+02
1.73411926e+02
1.72092229e+02
1.70959338e+02
1.70323739e+02
1.69161539e+02
1.68277908e+02
1.67392741e+02
1.67101501e+02
1.66145639e+02
1.65281223e+02
1.64735327e+02
1.64194495e+02
1.63952907e+02
2.69731012e+02
2.69925865e+02
2.69636499e+02
2.69112739e+02
2.68081167e+02
2.67194354e+02
2.65877082e+02
2.64064071e+02
2.62301849e+02
2.60692675e+02
2.58697300e+02
2.56775483e+02
2.55382174e+02
2.53648181e+02
2.51849877e+02
2.50555463e+02
2.49215163e+02
2.47833318e+02
2.46238599e+02
2.45365141e+02
2.43961185e+02
2.43231150e+02
2.42166827e+02
2.41394054e+02
2.40656561e+02
2.39665753e+02
2.38819243e+02
2.38310416e+02
2.37333679e+02
2.37151143e+02
2.36419855e+02
2.35801566e+02
2.35184859e+02
2.34778980e+02
2.33992236e+02
2.34113236e+02
2.33810405e+02
2.68138257e+02
2.68208046e+02
2.68136445e+02
2.67777053e+02
2.67974046e+02
2.67822227e+02
2.67673355e+02
2.66985330e+02
2.66892188e+02
2.66832400e+02
2.66622384e+02
2.65875434e+02
2.65665361e+02
2.65322522e+02
2.65017680e+02
2.65411541e+02
2.64205312e+02
2.64449470e+02
2.64698948e+02
2.64246969e+02
2.63881867e+02
2.63677107e+02
2.63239159e+02
2.63680650e+02
2.63421394e+02
2.63000424e+02
2.63194638e+02
2.62943511e+02
2.62413417e+02
2.62126106e+02
2.62427773e+02
2.62412353e+02
2.62382839e+02
2.62677940e+02
2.61996912e+02
2.61852553e+02
2.62498100e+02
2.71370457e+02
2.70538911e+02
2.67658635e+02
2.62870981e+02
2.58213205e+02
2.52171473e+02
2.47289847e+02
2.42305293e+02
2.37857767e+02
2.33475771e+02
2.29701015e+02
2.26394436e+02
2.23045990e+02
2.19602847e+02
2.17056597e+02
2.14520411e+02
2.12096722e+02
2.09768048e+02
2.08104616e+02
2.06409971e+02
2.03975693e+02
2.02666142e+02
2.00654986e+02
1.99757665e+02
1.97424925e+02
1.96330440e+02
1.94859593e+02
1.93820378e+02
1.92398560e+02
1.91707034e+02
1.90939856e+02
1.89310650e+02
1.88285663e+02
1.87772381e+02
1.86968685e+02
1.86049376e+02
1.84817705e+02
2.71288493e+02
2.70528725e+02
2.67025767e+02
2.62183104e+02
2.57202669e+02
2.52475570e+02
2.48223747e+02
2.44019344e+02
2.39971228e+02
2.36840632e+02
2.33129790e+02
2.30433986e+02
2.27447542e+02
2.25075795e+02
2.22747154e+02
2.19856578e+02
2.17711588e+02
2.15661518e+02
2.13772825e+02
2.12031833e+02
2.10840095e+02
2.08815918e+02
2.07236551e+02
2.06011505e+02
2.04488177e+02
2.03398308e+02
2.02198557e+02
2.01149673e+02
1.99841699e+02
1.98674026e+02
1.97853111e+02
1.97030365e+02
1.95980451e+02
1.95133617e+02
1.94538816e+02
1.93833422e+02
1.93444078e+02
2.71300743e+02
2.71389134e+02
2.70786740e+02
2.70672283e+02
2.69673248e+02
2.68630855e+02
2.67306667e+02
2.65720250e+02
2.63641316e+02
2.61848427e+02
2.60202187e+02
2.58431802e+02
2.56579756e+02
2.54932686e+02
2.53266451e+02
2.51349737e+02
2.50285903e+02
2.48499138e+02
2.46540227e+02
2.45401970e+02
2.44017819e+02
2.42617955e+02
2.41951209e+02
2.40727047e+02
2.39319072e+02
2.38125401e+02
2.37752851e+02
2.36232894e+02
2.35744893e+02
2.34606233e+02
2.33606955e+02
2.32500339e+02
2.31996132e+02
2.31588615e+02
2.30917690e+02
2.30510603e+02
2.29431395e+02
2.71292852e+02
2.71305459e+02
2.71154211e+02
2.70941778e+02
2.70963768e+02
2.70304316e+02
2.69346030e+02
2.68848291e+02
2.68035306e+02
2.66939083e+02
2.65609627e+02
2.64595138e+02
2.63690334e+02
2.62147125e+02
2.60973201e+02
2.59734805e+02
2.58637630e+02
2.57263319e+02
2.56310925e+02
2.55244925e+02
2.53975870e+02
2.52941210e+02
2.52217082e+02
2.51674301e+02
2.51044915e+02
2.50032454e+02
2.49190477e+02
2.48198161e+02
2.47639069e+02
2.46903544e+02
2.46476026e+02
2.46010454e+02
2.45140089e+02
2.44807395e+02
2.44018952e+02
2.43662239e+02
2.43152922e+02
2.71231215e+02
2.71222063e+02
2.71425909e+02
2.71266023e+02
2.71071619e+02
2.70644927e+02
2.70336766e+02
2.69874782e+02
2.69157423e+02
2.68453366e+02
2.67829605e+02
2.67010545e+02
2.66273267e+02
2.65460203e+02
2.64736466e+02
2.63842546e+02
2.63205936e+02
2.62139744e+02
2.61760499e+02
2.61058074e+02
2.60648777e+02
2.59515081e+02
2.59146284e+02
2.58483036e+02
2.57930590e+02
2.57481856e+02
2.56936255e+02
2.56720018e+02
2.56284667e+02
2.55901118e+02
2.55487594e+02
2.54759613e+02
2.54759734e+02
2.54193595e+02
2.54111698e+02
2.53213599e+02
2.53330111e+02
