2.70052258e+02
5.00431189e+01
3.98902172e+01
3.72374804e+01
3.51473060e+01
3.35028519e+01
3.22529531e+01
3.11325888e+01
3.07304881e+01
3.00585181e+01
2.98423168e+01
2.95184985e+01
2.86915379e+01
2.79890188e+01
2.76771412e+01
2.77561990e+01
2.68328026e+01
2.67716983e+01
2.64712279e+01
2.60696929e+01
2.59035111e+01
2.55124297e+01
2.58916793e+01
2.54093498e+01
2.54178823e+01
2.50850637e+01
2.49404597e+01
2.44187287e+01
2.43924746e+01
2.41234732e+01
2.44099931e+01
2.44025147e+01
2.43273339e+01
2.40447316e+01
2.42710954e+01
2.42432918e+01
2.36635905e+01
2.69612837e+02
1.50235692e+02
1.49653679e+02
1.50079261e+02
1.41440081e+02
1.34820653e+02
1.28722360e+02
1.23546472e+02
1.18995613e+02
1.14914885e+02
1.11483949e+02
1.08642040e+02
1.05842167e+02
1.03314442e+02
1.01152217e+02
9.89867617e+01
9.73836407e+01
9.55013354e+01
9.38841755e+01
9.30008162e+01
9.16621145e+01
9.02974093e+01
8.95038443e+01
8.87398089e+01
8.79269421e+01
8.69114194e+01
8.61030328e+01
8.61330720e+01
8.51230058e+01
8.45531049e+01
8.41698898e+01
8.31519057e+01
8.30311023e+01
8.27042671e+01
8.26363272e+01
8.19303402e+01
8.21526755e+01
2.70125066e+02
2.50010408e+02
2.46416527e+02
2.42048216e+02
2.36975150e+02
2.31842206e+02
2.26232827e+02
2.20538511e+02
2.15291159e+02
2.10924220e+02
2.06295237e+02
2.02167671e+02
1.98642681e+02
1.95249111e+02
1.92200248e+02
1.89187681e+02
1.86551780e+02
1.84645385e+02
1.82440927e+02
1.80376292e+02
1.78401179e+02
1.76730827e+02
1.75557736e+02
1.74211223e+02
1.72198533e+02
1.72162632e+02
1.71043570e+02
1.69565298e+02
1.68837817e+02
1.68076709e+02
1.67202319e+02
1.66583415e+02
1.65703565e+02
1.65246906e+02
1.64904836e+02
1.63850240e+02
1.63802484e+02
2.70512719e+02
2.70499043e+02
2.69751889e+02
2.69293053e+02
2.68490259e+02
2.67519895e+02
2.66077511e+02
2.64036096e+02
2.62806086e+02
2.60785812e+02
2.58696012e+02
2.57167260e+02
2.55369265e+02
2.53507724e+02
2.52447858e+02
2.50421425e+02
2.49400611e+02
2.48006680e+02
2.46704138e+02
2.45820175e+02
2.43879046e+02
2.42856860e+02
2.42110908e+02
2.41567017e+02
2.40383389e+02
2.39895373e+02
2.39279557e+02
2.38747126e+02
2.38038439e+02
2.37786520e+02
2.36713860e+02
2.36116732e+02
2.35815852e+02
2.35293084e+02
2.34868168e+02
2.34808875e+02
2.34362450e+02
2.67966127e+02
2.68226239e+02
2.68159841e+02
2.67905038e+02
2.67675391e+02
2.68165980e+02
2.67173616e+02
2.67220451e+02
2.67130818e+02
2.66621361e+02
2.66418187e+02
2.66047842e+02
2.65590741e+02
2.65591773e+02
2.65176093e+02
2.65135595e+02
2.64896093e+02
2.64459574e+02
2.64375736e+02
2.64270946e+02
2.63506945e+02
2.63954593e+02
2.63899964e+02
2.63457989e+02
2.63297530e+02
2.62773221e+02
2.63166994e+02
2.62315923e+02
2.62857607e+02
2.62910428e+02
2.62357242e+02
2.62389538e+02
2.62277312e+02
2.62361869e+02
2.62177435e+02
2.61998449e+02
2.62415537e+02
2.72045040e+02
2.71299429e+02
2.68231527e+02
2.63217953e+02
2.58035344e+02
2.52722325e+02
2.46871886e+02
2.42372233e+02
2.37952734e+02
2.33610528e+02
2.29520409e+02
2.25721351e+02
2.22783451e+02
2.19179599e+02
2.16422485e+02
2.13694328e+02
2.11314071e+02
2.08823917e+02
2.06429864e+02
2.04990080e+02
2.03017108e+02
2.01039348e+02
1.99353365e+02
1.97843079e+02
1.96694343e+02
1.95112892e+02
1.94416157e+02
1.92633097e+02
1.91748133e+02
1.90569023e+02
1.89852417e+02
1.89093199e+02
1.87606784e+02
1.87286931e+02
1.86526969e+02
1.85274041e+02
1.84693930e+02
2.71827624e+02
2.70885264e+02
2.67095661e+02
2.62712807e+02
2.57972830e+02
2.52697787e+02
2.48212971e+02
2.44589931e+02
2.40555717e+02
2.36965706e+02
2.33042104e+02
2.29920137e+02
2.26834345e+02
2.23919115e+02
2.21667995e+02
2.19191865e+02
2.17435309e+02
2.15295475e+02
2.13345385e+02
2.11124757e+02
2.10014953e+02
2.08360524e+02
2.06964996e+02
2.05222621e+02
2.04058566e+02
2.03095505e+02
2.02469674e+02
2.00651276e+02
1.99734699e+02
1.98715625e+02
1.98126831e+02
1.96936154e+02
1.96250249e+02
1.95533538e+02
1.94607950e+02
1.94330220e+02
1.93389700e+02
2.71964065e+02
2.72377966e+02
2.71300133e+02
2.70877772e+02
2.70260940e+02
2.69009003e+02
2.67323433e+02
2.66062641e+02
2.64652063e+02
2.62436167e+02
2.61016422e+02
2.59468920e+02
2.57361164e+02
2.55718588e+02
2.53988725e+02
2.52545829e+02
2.51199098e+02
2.49565859e+02
2.48277952e+02
2.47116247e+02
2.45825615e+02
2.44771849e+02
2.43656315e+02
2.42514775e+02
2.41823682e+02
2.40858410e+02
2.39924887e+02
2.39252797e+02
2.38350939e+02
2.37428490e+02
2.37114456e+02
2.36314578e+02
2.35994389e+02
2.35192898e+02
2.34819646e+02
2.33817856e+02
2.34055473e+02
2.71890360e+02
2.71691264e+02
2.71647214e+02
2.71215534e+02
2.70950386e+02
2.70961485e+02
2.70336633e+02
2.69586090e+02
2.68186431e+02
2.67276838e+02
2.66139812e+02
2.65072349e+02
2.64040319e+02
2.62912078e+02
2.61254719e+02
2.60412838e+02
2.59313954e+02
2.58330939e+02
2.57460306e+02
2.56606899e+02
2.55568097e+02
2.54977027e+02
2.53549187e+02
2.52855058e+02
2.52113097e+02
2.51958523e+02
2.50793530e+02
2.50727144e+02
2.49474241e+02
2.49508990e+02
2.48509088e+02
2.48481569e+02
2.47690061e+02
2.47087568e+02
2.47571965e+02
2.46616469e+02
2.46379424e+02
2.71520098e+02
2.71681640e+02
2.71750333e+02
2.71534516e+02
2.70804814e+02
2.71267143e+02
2.70681883e+02
2.70027747e+02
2.69323412e+02
2.68697693e+02
2.67797704e+02
2.67054110e+02
2.66384601e+02
2.65894537e+02
2.65290875e+02
2.64228591e+02
2.62799325e+02
2.62367112e+02
2.62327211e+02
2.61489249e+02
2.60642483e+02
2.60319032e+02
2.59449853e+02
2.58790581e+02
2.58201094e+02
2.57816038e+02
2.57423523e+02
2.56915596e+02
2.56472165e+02
2.55924546e+02
2.55856895e+02
2.55368166e+02
2.54871866e+02
2.54925014e+02
2.54555701e+02
2.54441169e+02
2.54172783e+02
