-2.2000e+02
-9.7760e+00
-2.9256e+00
-2.1184e+00
-1.4734e+00
-1.1126e+00
-8.8469e-01
-7.2665e-01
-6.1011e-01
-5.2047e-01
-4.4943e-01
-4.8298e-01
-4.7872e-01
-4.2981e-01
-3.8534e-01
-3.4642e-01
-3.1248e-01
-2.8282e-01
-2.5677e-01
-2.3380e-01
-2.1345e-01
-1.9533e-01
-1.7914e-01
-1.6462e-01
-1.5154e-01
-1.3973e-01
-1.2903e-01
-1.1932e-01
-1.1047e-01
-1.0240e-01
-9.5021e-02
-8.8263e-02
-8.2064e-02
-7.6367e-02
-7.1127e-02
-6.6298e-02
-1.2000e+02
0.0000e+00
0.0000e+00
-8.6275e+00
-6.5872e+00
-6.0214e+00
-5.2760e+00
-4.5900e+00
-4.0003e+00
-3.5016e+00
-3.0801e+00
-2.7281e+00
-2.4457e+00
-2.1986e+00
-1.9778e+00
-1.7816e+00
-1.6075e+00
-1.4529e+00
-1.3154e+00
-1.1929e+00
-1.0834e+00
-9.8550e-01
-8.9765e-01
-8.1871e-01
-7.4765e-01
-6.8357e-01
-6.2568e-01
-5.7331e-01
-5.2587e-01
-4.8282e-01
-4.4372e-01
-4.0816e-01
-3.7578e-01
-3.4626e-01
-3.1933e-01
-2.9472e-01
-2.0000e+01
-3.8671e+00
-4.5058e+00
-4.7465e+00
-5.2502e+00
-5.5651e+00
-5.4649e+00
-5.1705e+00
-4.8008e+00
-4.4128e+00
-4.0338e+00
-3.6763e+00
-3.3460e+00
-3.0453e+00
-2.7730e+00
-2.5264e+00
-2.3028e+00
-2.1002e+00
-1.9164e+00
-1.7498e+00
-1.5987e+00
-1.4616e+00
-1.3371e+00
-1.2241e+00
-1.1213e+00
-1.0280e+00
-9.4300e-01
-8.6567e-01
-7.9524e-01
-7.3104e-01
-6.7248e-01
-6.1904e-01
-5.7023e-01
-5.2563e-01
-4.8483e-01
-4.4751e-01
-7.3266e-02
-2.7645e-01
-5.2392e-01
-8.4540e-01
-1.1745e+00
-1.4507e+00
-1.6489e+00
-1.7678e+00
-1.8195e+00
-1.8198e+00
-1.7836e+00
-1.7228e+00
-1.6463e+00
-1.5609e+00
-1.4712e+00
-1.3806e+00
-1.2913e+00
-1.2047e+00
-1.1218e+00
-1.0430e+00
-9.6859e-01
-8.9873e-01
-8.3336e-01
-7.7239e-01
-7.1566e-01
-6.6298e-01
-6.1414e-01
-5.6891e-01
-5.2707e-01
-4.8839e-01
-4.5265e-01
-4.1965e-01
-3.8918e-01
-3.6106e-01
-3.3510e-01
-3.1113e-01
-2.9040e-03
-2.3776e-02
-5.9065e-02
-1.0739e-01
-1.6392e-01
-2.1778e-01
-2.6120e-01
-2.9124e-01
-3.0840e-01
-3.1488e-01
-3.1327e-01
-3.0592e-01
-2.9474e-01
-2.8116e-01
-2.6623e-01
-2.5071e-01
-2.3512e-01
-2.1982e-01
-2.0502e-01
-1.9086e-01
-1.7743e-01
-1.6476e-01
-1.5287e-01
-1.4175e-01
-1.3139e-01
-1.2175e-01
-1.1280e-01
-1.0450e-01
-9.6815e-02
-8.9707e-02
-8.3138e-02
-7.7068e-02
-7.1461e-02
-6.6285e-02
-6.1507e-02
-5.7096e-02
-9.0910e-01
-3.4876e+00
-4.9954e+00
-5.4862e+00
-5.5038e+00
-5.3011e+00
-4.9962e+00
-4.6513e+00
-4.3000e+00
-3.9600e+00
-3.6404e+00
-3.3449e+00
-3.0753e+00
-2.8312e+00
-2.6103e+00
-2.4102e+00
-2.2288e+00
-2.0640e+00
-1.9141e+00
-1.7775e+00
-1.6527e+00
-1.5385e+00
-1.4338e+00
-1.3375e+00
-1.2490e+00
-1.1673e+00
-1.0919e+00
-1.0222e+00
-9.5762e-01
-8.9774e-01
-8.4215e-01
-7.9048e-01
-7.4242e-01
-6.9766e-01
-6.5596e-01
-6.1706e-01
-1.0266e+00
-3.6157e+00
-4.7815e+00
-4.9495e+00
-4.7891e+00
-4.5287e+00
-4.2386e+00
-3.9452e+00
-3.6604e+00
-3.3902e+00
-3.1374e+00
-2.9031e+00
-2.6879e+00
-2.4914e+00
-2.3114e+00
-2.1462e+00
-1.9945e+00
-1.8551e+00
-1.7269e+00
-1.6088e+00
-1.4999e+00
-1.3995e+00
-1.3066e+00
-1.2208e+00
-1.1414e+00
-1.0678e+00
-9.9949e-01
-9.3613e-01
-8.7728e-01
-8.2257e-01
-7.7168e-01
-7.2430e-01
-6.8017e-01
-6.3904e-01
-6.0068e-01
-5.6488e-01
-4.8220e-03
-1.3501e-01
-4.6544e-01
-8.6224e-01
-1.1998e+00
-1.4432e+00
-1.6011e+00
-1.6921e+00
-1.7328e+00
-1.7365e+00
-1.7132e+00
-1.6705e+00
-1.6141e+00
-1.5488e+00
-1.4779e+00
-1.4041e+00
-1.3294e+00
-1.2550e+00
-1.1821e+00
-1.1114e+00
-1.0434e+00
-9.7841e-01
-9.1664e-01
-8.5818e-01
-8.0304e-01
-7.5118e-01
-7.0251e-01
-6.5691e-01
-6.1427e-01
-5.7442e-01
-5.3723e-01
-5.0253e-01
-4.7018e-01
-4.4003e-01
-4.1194e-01
-3.8577e-01
3.4660e-03
-2.3197e-02
-1.2771e-01
-3.1117e-01
-5.2316e-01
-7.1971e-01
-8.8040e-01
-1.0006e+00
-1.0830e+00
-1.1328e+00
-1.1555e+00
-1.1568e+00
-1.1415e+00
-1.1136e+00
-1.0768e+00
-1.0338e+00
-9.8693e-01
-9.3786e-01
-8.8792e-01
-8.3812e-01
-7.8920e-01
-7.4167e-01
-6.9591e-01
-6.5217e-01
-6.1057e-01
-5.7121e-01
-5.3408e-01
-4.9917e-01
-4.6641e-01
-4.3575e-01
-4.0709e-01
-3.8032e-01
-3.5536e-01
-3.3209e-01
-3.1042e-01
-2.9024e-01
-5.7000e-05
-1.2319e-02
-6.2577e-02
-1.5845e-01
-2.8054e-01
-4.0522e-01
-5.1622e-01
-6.0566e-01
-6.7154e-01
-7.1516e-01
-7.3940e-01
-7.4760e-01
-7.4311e-01
-7.2889e-01
-7.0754e-01
-6.8116e-01
-6.5147e-01
-6.1980e-01
-5.8717e-01
-5.5435e-01
-5.2191e-01
-4.9027e-01
-4.5972e-01
-4.3045e-01
-4.0259e-01
-3.7620e-01
-3.5130e-01
-3.2789e-01
-3.0593e-01
-2.8539e-01
-2.6619e-01
-2.4829e-01
-2.3161e-01
-2.1608e-01
-2.0163e-01
-1.8820e-01
