-2.2000e+02
-9.7147e+00
-2.8760e+00
-2.1148e+00
-1.4763e+00
-1.1160e+00
-8.8794e-01
-7.2983e-01
-6.1329e-01
-5.2366e-01
-4.5259e-01
-4.5908e-01
-4.8042e-01
-4.3307e-01
-3.8890e-01
-3.5009e-01
-3.1623e-01
-2.8664e-01
-2.6069e-01
-2.3784e-01
-2.1762e-01
-1.9966e-01
-1.8363e-01
-1.6928e-01
-1.5638e-01
-1.4474e-01
-1.3420e-01
-1.2464e-01
-1.1594e-01
-1.0800e-01
-1.0073e-01
-9.4071e-02
-8.7952e-02
-8.2318e-02
-7.7124e-02
-7.2325e-02
-1.2000e+02
0.0000e+00
0.0000e+00
-8.4252e+00
-6.4719e+00
-5.9498e+00
-5.2342e+00
-4.5656e+00
-3.9867e+00
-3.4954e+00
-3.0791e+00
-2.7280e+00
-2.4463e+00
-2.2032e+00
-1.9853e+00
-1.7911e+00
-1.6186e+00
-1.4652e+00
-1.3287e+00
-1.2071e+00
-1.0984e+00
-1.0011e+00
-9.1387e-01
-8.3548e-01
-7.6490e-01
-7.0126e-01
-6.4377e-01
-5.9175e-01
-5.4460e-01
-5.0181e-01
-4.6292e-01
-4.2752e-01
-3.9526e-01
-3.6581e-01
-3.3891e-01
-3.1430e-01
-2.0000e+01
-3.6654e+00
-4.3793e+00
-4.6556e+00
-5.1613e+00
-5.4942e+00
-5.4171e+00
-5.1406e+00
-4.7846e+00
-4.4070e+00
-4.0360e+00
-3.6847e+00
-3.3591e+00
-3.0620e+00
-2.7928e+00
-2.5489e+00
-2.3277e+00
-2.1271e+00
-1.9452e+00
-1.7801e+00
-1.6303e+00
-1.4944e+00
-1.3709e+00
-1.2587e+00
-1.1566e+00
-1.0638e+00
-9.7928e-01
-9.0227e-01
-8.3205e-01
-7.6797e-01
-7.0944e-01
-6.5594e-01
-6.0700e-01
-5.6219e-01
-5.2113e-01
-4.8348e-01
-4.6179e-02
-2.7592e-01
-5.3620e-01
-8.6419e-01
-1.1977e+00
-1.4773e+00
-1.6784e+00
-1.8000e+00
-1.8542e+00
-1.8569e+00
-1.8229e+00
-1.7641e+00
-1.6895e+00
-1.6058e+00
-1.5177e+00
-1.4286e+00
-1.3406e+00
-1.2552e+00
-1.1733e+00
-1.0953e+00
-1.0215e+00
-9.5213e-01
-8.8704e-01
-8.2618e-01
-7.6939e-01
-7.1651e-01
-6.6733e-01
-6.2164e-01
-5.7922e-01
-5.3987e-01
-5.0338e-01
-4.6955e-01
-4.3819e-01
-4.0912e-01
-3.8217e-01
-3.5719e-01
-5.4600e-04
-2.1282e-02
-5.7588e-02
-1.0519e-01
-1.5970e-01
-2.1112e-01
-2.5234e-01
-2.8078e-01
-2.9705e-01
-3.0325e-01
-3.0187e-01
-2.9512e-01
-2.8478e-01
-2.7219e-01
-2.5835e-01
-2.4394e-01
-2.2946e-01
-2.1523e-01
-2.0146e-01
-1.8827e-01
-1.7574e-01
-1.6390e-01
-1.5277e-01
-1.4233e-01
-1.3258e-01
-1.2349e-01
-1.1502e-01
-1.0714e-01
-9.9824e-02
-9.3032e-02
-8.6732e-02
-8.0888e-02
-7.5469e-02
-7.0447e-02
-6.5789e-02
-6.1472e-02
-1.0843e+00
-3.7586e+00
-5.2768e+00
-5.7328e+00
-5.7036e+00
-5.4568e+00
-5.1149e+00
-4.7405e+00
-4.3667e+00
-4.0101e+00
-3.6787e+00
-3.3754e+00
-3.1009e+00
-2.8545e+00
-2.6335e+00
-2.4349e+00
-2.2560e+00
-2.0946e+00
-1.9486e+00
-1.8161e+00
-1.6955e+00
-1.5856e+00
-1.4850e+00
-1.3927e+00
-1.3078e+00
-1.2295e+00
-1.1571e+00
-1.0901e+00
-1.0278e+00
-9.6995e-01
-9.1604e-01
-8.6573e-01
-8.1873e-01
-7.7476e-01
-7.3356e-01
-6.9494e-01
-1.2094e+00
-3.8484e+00
-5.0039e+00
-5.1427e+00
-4.9504e+00
-4.6607e+00
-4.3455e+00
-4.0316e+00
-3.7309e+00
-3.4489e+00
-3.1879e+00
-2.9483e+00
-2.7301e+00
-2.5326e+00
-2.3533e+00
-2.1900e+00
-2.0410e+00
-1.9047e+00
-1.7799e+00
-1.6654e+00
-1.5601e+00
-1.4630e+00
-1.3734e+00
-1.2906e+00
-1.2138e+00
-1.1425e+00
-1.0763e+00
-1.0146e+00
-9.5719e-01
-9.0358e-01
-8.5349e-01
-8.0664e-01
-7.6279e-01
-7.2169e-01
-6.8316e-01
-6.4699e-01
-1.0147e-01
-2.3194e-01
-5.6724e-01
-9.6771e-01
-1.3051e+00
-1.5456e+00
-1.6999e+00
-1.7873e+00
-1.8256e+00
-1.8279e+00
-1.8043e+00
-1.7623e+00
-1.7074e+00
-1.6439e+00
-1.5752e+00
-1.5035e+00
-1.4308e+00
-1.3583e+00
-1.2870e+00
-1.2175e+00
-1.1503e+00
-1.0858e+00
-1.0241e+00
-9.6540e-01
-9.0970e-01
-8.5698e-01
-8.0721e-01
-7.6028e-01
-7.1610e-01
-6.7456e-01
-6.3552e-01
-5.9886e-01
-5.6446e-01
-5.3218e-01
-5.0191e-01
-4.7351e-01
-9.0256e-02
-1.1763e-01
-1.8774e-01
-3.4093e-01
-5.3228e-01
-7.1773e-01
-8.7457e-01
-9.9586e-01
-1.0825e+00
-1.1383e+00
-1.1682e+00
-1.1771e+00
-1.1694e+00
-1.1489e+00
-1.1189e+00
-1.0820e+00
-1.0406e+00
-9.9617e-01
-9.5019e-01
-9.0365e-01
-8.5732e-01
-8.1179e-01
-7.6747e-01
-7.2467e-01
-6.8358e-01
-6.4433e-01
-6.0700e-01
-5.7160e-01
-5.3811e-01
-5.0652e-01
-4.7675e-01
-4.4874e-01
-4.2243e-01
-3.9772e-01
-3.7453e-01
-3.5279e-01
-1.0174e-01
-8.0141e-02
-9.7191e-02
-1.6297e-01
-2.5985e-01
-3.6568e-01
-4.6418e-01
-5.4666e-01
-6.1007e-01
-6.5464e-01
-6.8229e-01
-6.9561e-01
-6.9724e-01
-6.8969e-01
-6.7515e-01
-6.5547e-01
-6.3218e-01
-6.0649e-01
-5.7935e-01
-5.5151e-01
-5.2354e-01
-4.9585e-01
-4.6876e-01
-4.4250e-01
-4.1723e-01
-3.9303e-01
-3.6998e-01
-3.4810e-01
-3.2740e-01
-3.0786e-01
-2.8945e-01
-2.7214e-01
-2.5588e-01
-2.4062e-01
-2.2632e-01
-2.1292e-01
