2.70035932e+02
4.98474006e+01
3.98647739e+01
3.68426127e+01
3.46207692e+01
3.31682097e+01
3.18113444e+01
3.13170675e+01
3.05061528e+01
2.99062063e+01
2.93818020e+01
2.89251275e+01
2.86096312e+01
2.81813709e+01
2.72420878e+01
2.72239262e+01
2.69771454e+01
2.61966066e+01
2.62193441e+01
2.63027152e+01
2.56271137e+01
2.52917328e+01
2.56755518e+01
2.52649391e+01
2.45776522e+01
2.49445103e+01
2.44715325e+01
2.42245119e+01
2.42928502e+01
2.39641988e+01
2.40810382e+01
2.36732089e+01
2.41054422e+01
2.35468275e+01
2.36544222e+01
2.36464055e+01
2.35729889e+01
2.70126082e+02
1.50335374e+02
1.49622200e+02
1.49871048e+02
1.41124940e+02
1.34322595e+02
1.28371519e+02
1.22904164e+02
1.18457092e+02
1.13873175e+02
1.10738369e+02
1.07791305e+02
1.04749118e+02
1.02432117e+02
1.00119185e+02
9.78516999e+01
9.59243185e+01
9.46793064e+01
9.31450973e+01
9.21418966e+01
9.08112681e+01
8.93735748e+01
8.85560964e+01
8.78585888e+01
8.65604419e+01
8.55938087e+01
8.53681636e+01
8.43307363e+01
8.37959817e+01
8.29318345e+01
8.27286208e+01
8.21169245e+01
8.14103927e+01
8.16396291e+01
8.12816069e+01
8.08265984e+01
8.00767121e+01
2.70212571e+02
2.50251898e+02
2.45588450e+02
2.40716841e+02
2.35543382e+02
2.30578257e+02
2.24565775e+02
2.19482640e+02
2.13744621e+02
2.08848648e+02
2.04347134e+02
2.00596552e+02
1.96742262e+02
1.93103417e+02
1.90141312e+02
1.86963432e+02
1.84349529e+02
1.81678368e+02
1.79364360e+02
1.77702479e+02
1.75763260e+02
1.74288627e+02
1.72619796e+02
1.71162473e+02
1.69693377e+02
1.68540087e+02
1.67221983e+02
1.66110585e+02
1.65538654e+02
1.64690519e+02
1.63794022e+02
1.62896581e+02
1.62353801e+02
1.61510336e+02
1.60760929e+02
1.60338268e+02
1.59667082e+02
2.68623222e+02
2.68695959e+02
2.68202177e+02
2.67523574e+02
2.66890094e+02
2.65819740e+02
2.64241984e+02
2.62831687e+02
2.60825394e+02
2.59530915e+02
2.57871214e+02
2.55502065e+02
2.53732054e+02
2.52567466e+02
2.50516409e+02
2.49564316e+02
2.47819755e+02
2.46296407e+02
2.45400207e+02
2.44103082e+02
2.42798513e+02
2.41845272e+02
2.40848970e+02
2.39833200e+02
2.38606677e+02
2.37891656e+02
2.37726267e+02
2.36329298e+02
2.36015306e+02
2.35285275e+02
2.34618890e+02
2.33882401e+02
2.33635242e+02
2.33236227e+02
2.32407101e+02
2.31649978e+02
2.31459773e+02
2.67739853e+02
2.67744961e+02
2.67848969e+02
2.67577765e+02
2.67594411e+02
2.67834638e+02
2.67152742e+02
2.67013965e+02
2.66594009e+02
2.66448382e+02
2.66183541e+02
2.66100546e+02
2.65643979e+02
2.65337511e+02
2.64897004e+02
2.64300608e+02
2.64117250e+02
2.64129510e+02
2.63502665e+02
2.63774278e+02
2.63152143e+02
2.63049799e+02
2.62970629e+02
2.62614853e+02
2.62516480e+02
2.62626256e+02
2.62317970e+02
2.62319874e+02
2.61743712e+02
2.62066860e+02
2.61438343e+02
2.61833397e+02
2.61246144e+02
2.61902605e+02
2.60969620e+02
2.61267582e+02
2.61153108e+02
2.66576352e+02
2.65850013e+02
2.62838109e+02
2.58480622e+02
2.53052159e+02
2.48368419e+02
2.42723308e+02
2.38405498e+02
2.34237054e+02
2.29822179e+02
2.26121804e+02
2.23054439e+02
2.19515786e+02
2.16468426e+02
2.14211407e+02
2.11054543e+02
2.08683451e+02
2.06568208e+02
2.04487231e+02
2.02535256e+02
2.00887612e+02
1.98929240e+02
1.97568751e+02
1.95886900e+02
1.94840530e+02
1.93055601e+02
1.92260949e+02
1.90768898e+02
1.89789120e+02
1.88447296e+02
1.87279889e+02
1.86593702e+02
1.85619380e+02
1.84876180e+02
1.83886396e+02
1.83246596e+02
1.82439039e+02
2.66686460e+02
2.65725830e+02
2.62880155e+02
2.58531982e+02
2.53894344e+02
2.49344705e+02
2.45281931e+02
2.41147391e+02
2.37691220e+02
2.33969484e+02
2.30603588e+02
2.27786136e+02
2.25077452e+02
2.22392562e+02
2.19936850e+02
2.17611371e+02
2.15525802e+02
2.13414786e+02
2.11332053e+02
2.09929314e+02
2.07963314e+02
2.06750038e+02
2.04860677e+02
2.03401482e+02
2.02192208e+02
2.01227937e+02
1.99983908e+02
1.98394842e+02
1.97227767e+02
1.96441484e+02
1.95748259e+02
1.94706468e+02
1.93797853e+02
1.92790160e+02
1.92159153e+02
1.91396316e+02
1.90399423e+02
2.67350276e+02
2.67618183e+02
2.67678424e+02
2.67389753e+02
2.66552862e+02
2.65675240e+02
2.64043513e+02
2.62799296e+02
2.61258616e+02
2.59271712e+02
2.57546701e+02
2.55620139e+02
2.54388179e+02
2.52138247e+02
2.50321846e+02
2.48714438e+02
2.46896978e+02
2.45543644e+02
2.44475086e+02
2.42650792e+02
2.41260303e+02
2.40392108e+02
2.39000180e+02
2.37506629e+02
2.36908941e+02
2.35804996e+02
2.34656136e+02
2.33979880e+02
2.32789083e+02
2.31636417e+02
2.31012119e+02
2.29961085e+02
2.28938817e+02
2.28665017e+02
2.28012821e+02
2.27238748e+02
2.26629270e+02
2.68433473e+02
2.68242966e+02
2.68319739e+02
2.68456370e+02
2.68254569e+02
2.67842736e+02
2.66858403e+02
2.66280549e+02
2.65217233e+02
2.64425471e+02
2.62977296e+02
2.61698595e+02
2.60620090e+02
2.59178723e+02
2.58012191e+02
2.56461075e+02
2.55025541e+02
2.53554833e+02
2.52928485e+02
2.51594944e+02
2.50206165e+02
2.49280870e+02
2.48651624e+02
2.47749846e+02
2.46176179e+02
2.45863593e+02
2.44291193e+02
2.43984371e+02
2.43407508e+02
2.42303813e+02
2.42287183e+02
2.41341803e+02
2.40721279e+02
2.40048023e+02
2.39142232e+02
2.38476451e+02
2.38404579e+02
2.69175853e+02
2.69287274e+02
2.69358036e+02
2.68798843e+02
2.68748833e+02
2.68854515e+02
2.68159640e+02
2.67230807e+02
2.66480054e+02
2.65995522e+02
2.64463734e+02
2.63761341e+02
2.62543349e+02
2.61998119e+02
2.60364088e+02
2.59415593e+02
2.58631600e+02
2.57509703e+02
2.57041968e+02
2.55491707e+02
2.54823205e+02
2.54006907e+02
2.53709198e+02
2.52836117e+02
2.52078594e+02
2.51445148e+02
2.50448091e+02
2.49682291e+02
2.49159974e+02
2.49055664e+02
2.48193532e+02
2.47796252e+02
2.47336602e+02
2.47176192e+02
2.46378003e+02
2.46237237e+02
2.45898303e+02
