2.69956411e+02
4.98824286e+01
4.04146213e+01
3.75082013e+01
3.50098921e+01
3.37253986e+01
3.26110435e+01
3.19976162e+01
3.12393593e+01
3.05025818e+01
2.98637581e+01
2.92095802e+01
2.86732001e+01
2.81824256e+01
2.77038535e+01
2.75924229e+01
2.74920320e+01
2.70910964e+01
2.63318861e+01
2.63802900e+01
2.62051725e+01
2.59235098e+01
2.58584242e+01
2.56221531e+01
2.49583308e+01
2.54521325e+01
2.51085411e+01
2.48545539e+01
2.47561882e+01
2.49207111e+01
2.47861649e+01
2.42474654e+01
2.41244283e+01
2.39275903e+01
2.41374114e+01
2.42665382e+01
2.37650403e+01
2.70179392e+02
1.49893261e+02
1.49736002e+02
1.50231812e+02
1.41448497e+02
1.35363505e+02
1.29148395e+02
1.23493766e+02
1.18977300e+02
1.15061231e+02
1.11603902e+02
1.08341139e+02
1.05536583e+02
1.03162642e+02
1.01687613e+02
9.90980468e+01
9.73080282e+01
9.57024134e+01
9.44730726e+01
9.29788603e+01
9.15992468e+01
9.04527805e+01
8.94989008e+01
8.84844796e+01
8.79924747e+01
8.63172389e+01
8.65817995e+01
8.58238091e+01
8.48854165e+01
8.46736273e+01
8.42630061e+01
8.29488367e+01
8.29693183e+01
8.23671548e+01
8.24578081e+01
8.16993220e+01
8.17345256e+01
2.69334845e+02
2.49808350e+02
2.46546018e+02
2.42090660e+02
2.37342155e+02
2.31936267e+02
2.26610415e+02
2.20830542e+02
2.16075647e+02
2.11041479e+02
2.06767077e+02
2.02832645e+02
1.98586717e+02
1.95464350e+02
1.92462077e+02
1.89902476e+02
1.87163288e+02
1.84655412e+02
1.82364679e+02
1.80280656e+02
1.78529862e+02
1.76963630e+02
1.75460437e+02
1.73947775e+02
1.72665951e+02
1.71723775e+02
1.70343878e+02
1.69352380e+02
1.68773489e+02
1.67995243e+02
1.66747234e+02
1.66303747e+02
1.65301904e+02
1.64656595e+02
1.64244025e+02
1.63648597e+02
1.63397080e+02
2.71049085e+02
2.70531509e+02
2.70335839e+02
2.69708322e+02
2.68798019e+02
2.67670956e+02
2.66226619e+02
2.64379888e+02
2.62602152e+02
2.60902254e+02
2.59035141e+02
2.56881888e+02
2.55023695e+02
2.53433143e+02
2.52160100e+02
2.50382964e+02
2.49384151e+02
2.47442635e+02
2.46194008e+02
2.45071850e+02
2.44083012e+02
2.42803070e+02
2.42048666e+02
2.41046925e+02
2.40006833e+02
2.39445482e+02
2.38154677e+02
2.37530706e+02
2.37385623e+02
2.36360442e+02
2.35823382e+02
2.35083263e+02
2.34737930e+02
2.34040275e+02
2.33850114e+02
2.33335590e+02
2.33212159e+02
2.68567412e+02
2.68115097e+02
2.68137754e+02
2.67982824e+02
2.67945532e+02
2.67702723e+02
2.67615646e+02
2.67382539e+02
2.66585828e+02
2.66475241e+02
2.66176784e+02
2.65888312e+02
2.65446465e+02
2.65292742e+02
2.65178789e+02
2.64897501e+02
2.64237646e+02
2.64089224e+02
2.63933954e+02
2.63697009e+02
2.63625135e+02
2.63208051e+02
2.63317358e+02
2.62659468e+02
2.62474749e+02
2.62482813e+02
2.62749751e+02
2.62344515e+02
2.61999844e+02
2.62434218e+02
2.62428014e+02
2.62141469e+02
2.61532504e+02
2.61398166e+02
2.61728195e+02
2.61539220e+02
2.61391382e+02
2.72391536e+02
2.71510572e+02
2.67757654e+02
2.62735175e+02
2.56522483e+02
2.51334810e+02
2.45608223e+02
2.40286287e+02
2.35694155e+02
2.31580451e+02
2.27677923e+02
2.24021662e+02
2.20591847e+02
2.17375122e+02
2.14448524e+02
2.11805929e+02
2.09233466e+02
2.06818699e+02
2.04892512e+02
2.02881895e+02
2.00678070e+02
1.98612653e+02
1.97203928e+02
1.95878208e+02
1.94616798e+02
1.93343866e+02
1.91789698e+02
1.90459506e+02
1.89142554e+02
1.88386681e+02
1.87431624e+02
1.86523845e+02
1.85661311e+02
1.84490418e+02
1.83449933e+02
1.83442448e+02
1.81812884e+02
2.72411717e+02
2.71439087e+02
2.67608317e+02
2.61947465e+02
2.57356185e+02
2.52265118e+02
2.47780341e+02
2.43439629e+02
2.39445314e+02
2.35619898e+02
2.32070545e+02
2.29091022e+02
2.25877792e+02
2.23183723e+02
2.20746039e+02
2.18415123e+02
2.16005279e+02
2.13606339e+02
2.11474537e+02
2.10081577e+02
2.08090657e+02
2.06591215e+02
2.05175256e+02
2.03589367e+02
2.02058783e+02
2.00898209e+02
1.99499604e+02
1.98393271e+02
1.97622691e+02
1.96226883e+02
1.95314943e+02
1.94409633e+02
1.93543136e+02
1.92902911e+02
1.91984026e+02
1.91284672e+02
1.90453953e+02
2.72397373e+02
2.72479789e+02
2.72516133e+02
2.71337244e+02
2.70526584e+02
2.69202689e+02
2.67980722e+02
2.66217636e+02
2.63994573e+02
2.61813084e+02
2.60297972e+02
2.58556950e+02
2.56669681e+02
2.54683558e+02
2.52956051e+02
2.50812608e+02
2.49572532e+02
2.47371912e+02
2.46350774e+02
2.44752890e+02
2.43007476e+02
2.41863400e+02
2.40647787e+02
2.39342848e+02
2.38408182e+02
2.37218127e+02
2.36385098e+02
2.35420445e+02
2.34445784e+02
2.33475232e+02
2.32484342e+02
2.31976970e+02
2.30632992e+02
2.30647308e+02
2.29689686e+02
2.28998157e+02
2.28572611e+02
2.72277005e+02
2.72400009e+02
2.72029527e+02
2.71727930e+02
2.71677744e+02
2.70912297e+02
2.70361135e+02
2.69427292e+02
2.68395019e+02
2.67052305e+02
2.66044661e+02
2.64735266e+02
2.63320874e+02
2.62277923e+02
2.60962823e+02
2.59242893e+02
2.58419022e+02
2.56833904e+02
2.55808247e+02
2.54681114e+02
2.54002075e+02
2.52876108e+02
2.52083308e+02
2.51080798e+02
2.50634064e+02
2.49605828e+02
2.48918326e+02
2.48215996e+02
2.47552404e+02
2.46971185e+02
2.46419753e+02
2.45840866e+02
2.44809633e+02
2.44493128e+02
2.44042057e+02
2.43637731e+02
2.43283861e+02
2.72331063e+02
2.72277629e+02
2.72199835e+02
2.71841951e+02
2.71580077e+02
2.70968793e+02
2.70839356e+02
2.70197339e+02
2.69481688e+02
2.68782342e+02
2.68578140e+02
2.67209471e+02
2.66801100e+02
2.65634022e+02
2.65022441e+02
2.64359187e+02
2.63815050e+02
2.62707873e+02
2.62262317e+02
2.61631311e+02
2.60906329e+02
2.60701746e+02
2.59686639e+02
2.59386462e+02
2.58917137e+02
2.58430831e+02
2.58126514e+02
2.57533037e+02
2.57059045e+02
2.56905828e+02
2.56370029e+02
2.55941156e+02
2.55849621e+02
2.55614757e+02
2.55039678e+02
2.54965369e+02
2.54262000e+02
