2.70000000e+02
5.00000000e+01
4.04704730e+01
3.75689880e+01
3.53976070e+01
3.38802700e+01
3.27350530e+01
3.18265010e+01
3.10824470e+01
3.04597180e+01
2.99301830e+01
2.94743330e+01
2.90118330e+01
2.85315870e+01
2.80999410e+01
2.77133390e+01
2.73661520e+01
2.70532280e+01
2.67701450e+01
2.65131520e+01
2.62790780e+01
2.60652310e+01
2.58693170e+01
2.56893710e+01
2.55237040e+01
2.53708520e+01
2.52295450e+01
2.50986720e+01
2.49772590e+01
2.48644470e+01
2.47594750e+01
2.46616690e+01
2.45704260e+01
2.44852070e+01
2.44055280e+01
2.43309530e+01
2.42610870e+01
2.70000000e+02
1.50000000e+02
1.50000000e+02
1.50000000e+02
1.41537382e+02
1.34970888e+02
1.28926992e+02
1.23606168e+02
1.18960367e+02
1.14899008e+02
1.11334016e+02
1.08189986e+02
1.05401289e+02
1.02898497e+02
1.00643315e+02
9.86103550e+01
9.67757940e+01
9.51178870e+01
9.36172760e+01
9.22568860e+01
9.10217010e+01
8.98985100e+01
8.88756790e+01
8.79429360e+01
8.70912000e+01
8.63124190e+01
8.55994460e+01
8.49459210e+01
8.43461750e+01
8.37951460e+01
8.32883060e+01
8.28216010e+01
8.23913930e+01
8.19944120e+01
8.16277200e+01
8.12886670e+01
8.09748630e+01
2.70000000e+02
2.50000000e+02
2.46244199e+02
2.41737962e+02
2.36928284e+02
2.31585297e+02
2.25899668e+02
2.20290130e+02
2.14958301e+02
2.09986179e+02
2.05397709e+02
2.01188458e+02
1.97340338e+02
1.93828677e+02
1.90625463e+02
1.87703074e+02
1.85036099e+02
1.82601405e+02
1.80377894e+02
1.78346317e+02
1.76489126e+02
1.74790356e+02
1.73235497e+02
1.71811383e+02
1.70506082e+02
1.69308784e+02
1.68209703e+02
1.67199983e+02
1.66271611e+02
1.65417334e+02
1.64630590e+02
1.63905437e+02
1.63236496e+02
1.62618891e+02
1.62048207e+02
1.61520437e+02
1.61031949e+02
2.70875337e+02
2.70694433e+02
2.70366118e+02
2.69811447e+02
2.68944997e+02
2.67751049e+02
2.66278672e+02
2.64604411e+02
2.62807205e+02
2.60954746e+02
2.59099173e+02
2.57277909e+02
2.55516321e+02
2.53830601e+02
2.52230122e+02
2.50719375e+02
2.49299424e+02
2.47969043e+02
2.46725528e+02
2.45565268e+02
2.44484116e+02
2.43477657e+02
2.42541377e+02
2.41670790e+02
2.40861513e+02
2.40109326e+02
2.39410205e+02
2.38760337e+02
2.38156137e+02
2.37594245e+02
2.37071525e+02
2.36585057e+02
2.36132134e+02
2.35710243e+02
2.35317061e+02
2.34950442e+02
2.34608403e+02
2.68189751e+02
2.68175140e+02
2.68134897e+02
2.68061718e+02
2.67940134e+02
2.67760292e+02
2.67524556e+02
2.67243763e+02
2.66931841e+02
2.66602187e+02
2.66265923e+02
2.65931471e+02
2.65604810e+02
2.65289946e+02
2.64989379e+02
2.64704508e+02
2.64435938e+02
2.64183726e+02
2.63947566e+02
2.63726917e+02
2.63521097e+02
2.63329342e+02
2.63150848e+02
2.62984802e+02
2.62830399e+02
2.62686857e+02
2.62553423e+02
2.62429382e+02
2.62314058e+02
2.62206816e+02
2.62107060e+02
2.62014236e+02
2.61927827e+02
2.61847355e+02
2.61772376e+02
2.61702480e+02
2.61637287e+02
2.72436100e+02
2.71688723e+02
2.68675289e+02
2.64137570e+02
2.59005023e+02
2.53759461e+02
2.48644620e+02
2.43784852e+02
2.39237380e+02
2.35020480e+02
2.31130229e+02
2.27550682e+02
2.24259997e+02
2.21233609e+02
2.18446294e+02
2.15874477e+02
2.13496851e+02
2.11294334e+02
2.09249940e+02
2.07348613e+02
2.05577038e+02
2.03923447e+02
2.02377441e+02
2.00929812e+02
1.99572391e+02
1.98297912e+02
1.97099891e+02
1.95972523e+02
1.94910595e+02
1.93909403e+02
1.92964694e+02
1.92072605e+02
1.91229619e+02
1.90432520e+02
1.89678362e+02
1.88964436e+02
1.88288248e+02
2.72417003e+02
2.71319865e+02
2.67627196e+02
2.62810976e+02
2.57879873e+02
2.53149877e+02
2.48707498e+02
2.44572265e+02
2.40740046e+02
2.37196524e+02
2.33922743e+02
2.30897989e+02
2.28101388e+02
2.25512157e+02
2.23110386e+02
2.20878589e+02
2.18801449e+02
2.16865357e+02
2.15058162e+02
2.13369001e+02
2.11788157e+02
2.10306923e+02
2.08917482e+02
2.07612806e+02
2.06386551e+02
2.05232983e+02
2.04146901e+02
2.03123576e+02
2.02158696e+02
2.01248318e+02
2.00388830e+02
1.99576914e+02
1.98809515e+02
1.98083816e+02
1.97397213e+02
1.96747295e+02
1.96131828e+02
2.72293535e+02
2.72240562e+02
2.72042548e+02
2.71498874e+02
2.70554882e+02
2.69281649e+02
2.67778169e+02
2.66129505e+02
2.64400130e+02
2.62637207e+02
2.60874907e+02
2.59137834e+02
2.57443491e+02
2.55804027e+02
2.54227478e+02
2.52718714e+02
2.51280278e+02
2.49913026e+02
2.48616576e+02
2.47389644e+02
2.46230298e+02
2.45136153e+02
2.44104523e+02
2.43132542e+02
2.42217252e+02
2.41355671e+02
2.40544844e+02
2.39781879e+02
2.39063976e+02
2.38388441e+02
2.37752702e+02
2.37154311e+02
2.36590951e+02
2.36060433e+02
2.35560697e+02
2.35089806e+02
2.34645943e+02
2.72115764e+02
2.72078367e+02
2.72007673e+02
2.71849959e+02
2.71530295e+02
2.71014158e+02
2.70309070e+02
2.69444754e+02
2.68457707e+02
2.67383423e+02
2.66253264e+02
2.65093555e+02
2.63925640e+02
2.62766332e+02
2.61628499e+02
2.60521664e+02
2.59452593e+02
2.58425843e+02
2.57444234e+02
2.56509245e+02
2.55621320e+02
2.54780129e+02
2.53984764e+02
2.53233902e+02
2.52525929e+02
2.51859042e+02
2.51231321e+02
2.50640788e+02
2.50085454e+02
2.49563351e+02
2.49072555e+02
2.48611203e+02
2.48177507e+02
2.47769758e+02
2.47386334e+02
2.47025701e+02
2.46686409e+02
2.71864891e+02
2.71813799e+02
2.71758168e+02
2.71657309e+02
2.71463370e+02
2.71147091e+02
2.70703698e+02
2.70145677e+02
2.69494072e+02
2.68772345e+02
2.68002906e+02
2.67205464e+02
2.66396462e+02
2.65589098e+02
2.64793606e+02
2.64017661e+02
2.63266793e+02
2.62544797e+02
2.61854097e+02
2.61196045e+02
2.60571178e+02
2.59979413e+02
2.59420206e+02
2.58892684e+02
2.58395739e+02
2.57928107e+02
2.57488427e+02
2.57075288e+02
2.56687262e+02
2.56322933e+02
2.55980913e+02
2.55659856e+02
2.55358468e+02
2.55075515e+02
2.54809823e+02
2.54560283e+02
2.54325847e+02
