2.70000000e+02
5.00000000e+01
4.05494850e+01
3.77183270e+01
3.55687480e+01
3.40585670e+01
3.29132050e+01
3.19998670e+01
3.12480070e+01
3.06155730e+01
3.00752020e+01
2.96079110e+01
2.91749170e+01
2.86851990e+01
2.82390810e+01
2.78375260e+01
2.74755650e+01
2.71482890e+01
2.68513900e+01
2.65811820e+01
2.63345230e+01
2.61087370e+01
2.59015300e+01
2.57109290e+01
2.55352310e+01
2.53729530e+01
2.52228040e+01
2.50836490e+01
2.49544880e+01
2.48344380e+01
2.47227120e+01
2.46186100e+01
2.45215040e+01
2.44308310e+01
2.43460830e+01
2.42668000e+01
2.41925680e+01
2.70000000e+02
1.50000000e+02
1.50000000e+02
1.50000000e+02
1.41930594e+02
1.35448422e+02
1.29514598e+02
1.24274680e+02
1.19689264e+02
1.15674341e+02
1.12146163e+02
1.09032113e+02
1.06271146e+02
1.03797407e+02
1.01564751e+02
9.95489450e+01
9.77275530e+01
9.60796200e+01
9.45862680e+01
9.32307580e+01
9.19983350e+01
9.08760130e+01
8.98523540e+01
8.89172750e+01
8.80618700e+01
8.72782540e+01
8.65594390e+01
8.58992120e+01
8.52920450e+01
8.47330050e+01
8.42176860e+01
8.37421430e+01
8.33028380e+01
8.28965920e+01
8.25205460e+01
8.21721220e+01
8.18489920e+01
2.70000000e+02
2.50000000e+02
2.46663532e+02
2.42428821e+02
2.37832174e+02
2.32707345e+02
2.27217061e+02
2.21776348e+02
2.16595487e+02
2.11760906e+02
2.07298539e+02
2.03204817e+02
1.99462086e+02
1.96046243e+02
1.92929867e+02
1.90085371e+02
1.87487399e+02
1.85113105e+02
1.82941844e+02
1.80954902e+02
1.79135308e+02
1.77467684e+02
1.75938105e+02
1.74533978e+02
1.73243917e+02
1.72057633e+02
1.70965834e+02
1.69960122e+02
1.69032909e+02
1.68177335e+02
1.67387196e+02
1.66656877e+02
1.65981292e+02
1.65355832e+02
1.64776317e+02
1.64238951e+02
1.63740286e+02
2.72641476e+02
2.72280917e+02
2.71784164e+02
2.71079278e+02
2.70075800e+02
2.68756988e+02
2.67171468e+02
2.65395037e+02
2.63505630e+02
2.61569609e+02
2.59637628e+02
2.57745685e+02
2.55917902e+02
2.54169433e+02
2.52508894e+02
2.50940208e+02
2.49464029e+02
2.48078838e+02
2.46781745e+02
2.45569028e+02
2.44436498e+02
2.43379741e+02
2.42394276e+02
2.41475667e+02
2.40619594e+02
2.39821899e+02
2.39078616e+02
2.38385988e+02
2.37740474e+02
2.37138751e+02
2.36577709e+02
2.36054446e+02
2.35566259e+02
2.35110633e+02
2.34685236e+02
2.34287901e+02
2.33916622e+02
2.68474711e+02
2.68447756e+02
2.68383391e+02
2.68288343e+02
2.68150238e+02
2.67959094e+02
2.67716336e+02
2.67431761e+02
2.67118386e+02
2.66788873e+02
2.66453762e+02
2.66121019e+02
2.65796276e+02
2.65483275e+02
2.65184341e+02
2.64900754e+02
2.64633053e+02
2.64381262e+02
2.64145065e+02
2.63923932e+02
2.63717206e+02
2.63524157e+02
2.63344022e+02
2.63176030e+02
2.63019421e+02
2.62873458e+02
2.62737431e+02
2.62610663e+02
2.62492516e+02
2.62382387e+02
2.62279711e+02
2.62183959e+02
2.62094637e+02
2.62011287e+02
2.61933480e+02
2.61860821e+02
2.61792942e+02
2.76055867e+02
2.75104425e+02
2.71782675e+02
2.66900916e+02
2.61415604e+02
2.55820742e+02
2.50364799e+02
2.45173488e+02
2.40304344e+02
2.35775934e+02
2.31584902e+02
2.27716101e+02
2.24148594e+02
2.20858892e+02
2.17822450e+02
2.15015891e+02
2.12417970e+02
2.10009542e+02
2.07773403e+02
2.05694143e+02
2.03757976e+02
2.01952577e+02
2.00266924e+02
1.98691145e+02
1.97216390e+02
1.95834703e+02
1.94538919e+02
1.93322569e+02
1.92179794e+02
1.91105279e+02
1.90094185e+02
1.89142098e+02
1.88244981e+02
1.87399133e+02
1.86601155e+02
1.85847916e+02
1.85136531e+02
2.75833769e+02
2.74521925e+02
2.70611851e+02
2.65567439e+02
2.60381434e+02
2.55376218e+02
2.50646804e+02
2.46219395e+02
2.42095013e+02
2.38263392e+02
2.34708749e+02
2.31412784e+02
2.28356430e+02
2.25520472e+02
2.22885689e+02
2.20434658e+02
2.18151999e+02
2.16023908e+02
2.14037902e+02
2.12182676e+02
2.10447983e+02
2.08824534e+02
2.07303897e+02
2.05878408e+02
2.04541091e+02
2.03285585e+02
2.02106077e+02
2.00997249e+02
1.99954222e+02
1.98972516e+02
1.98048008e+02
1.97176899e+02
1.96355681e+02
1.95581112e+02
1.94850193e+02
1.94160141e+02
1.93508378e+02
2.74821721e+02
2.74641607e+02
2.74310859e+02
2.73638354e+02
2.72565243e+02
2.71158076e+02
2.69514730e+02
2.67721293e+02
2.65843830e+02
2.63931009e+02
2.62018278e+02
2.60131313e+02
2.58288521e+02
2.56502845e+02
2.54783020e+02
2.53134514e+02
2.51560333e+02
2.50061692e+02
2.48638489e+02
2.47289649e+02
2.46013390e+02
2.44807417e+02
2.43669089e+02
2.42595537e+02
2.41583761e+02
2.40630706e+02
2.39733313e+02
2.38888566e+02
2.38093521e+02
2.37345326e+02
2.36641239e+02
2.35978636e+02
2.35355019e+02
2.34768014e+02
2.34215376e+02
2.33694984e+02
2.33204842e+02
2.74180422e+02
2.74025757e+02
2.73807424e+02
2.73517003e+02
2.73077868e+02
2.72450323e+02
2.71638346e+02
2.70669688e+02
2.69579784e+02
2.68403542e+02
2.67172015e+02
2.65911416e+02
2.64643119e+02
2.63384079e+02
2.62147389e+02
2.60942856e+02
2.59777543e+02
2.58656304e+02
2.57582239e+02
2.56557079e+02
2.55581497e+02
2.54655352e+02
2.53777899e+02
2.52947936e+02
2.52163944e+02
2.51424175e+02
2.50726741e+02
2.50069668e+02
2.49450949e+02
2.48868574e+02
2.48320563e+02
2.47804982e+02
2.47319959e+02
2.46863695e+02
2.46434467e+02
2.46030636e+02
2.45650645e+02
2.73452522e+02
2.73211920e+02
2.73025928e+02
2.72820393e+02
2.72537231e+02
2.72141387e+02
2.71624511e+02
2.70996769e+02
2.70277651e+02
2.69489578e+02
2.68654296e+02
2.67791126e+02
2.66916334e+02
2.66043096e+02
2.65181741e+02
2.64340113e+02
2.63523960e+02
2.62737312e+02
2.61982826e+02
2.61262080e+02
2.60575819e+02
2.59924143e+02
2.59306671e+02
2.58722663e+02
2.58171119e+02
2.57650858e+02
2.57160578e+02
2.56698905e+02
2.56264430e+02
2.55855734e+02
2.55471415e+02
2.55110100e+02
2.54770455e+02
2.54451198e+02
2.54151099e+02
2.53868987e+02
2.53603751e+02
