-2.2000e+02
-9.8712e+00
-2.9396e+00
-2.1205e+00
-1.4761e+00
-1.1134e+00
-8.8294e-01
-7.2274e-01
-6.0455e-01
-5.1373e-01
-4.4189e-01
-5.1282e-01
-4.6975e-01
-4.1906e-01
-3.7433e-01
-3.3560e-01
-3.0209e-01
-2.7300e-01
-2.4763e-01
-2.2540e-01
-2.0581e-01
-1.8849e-01
-1.7309e-01
-1.5935e-01
-1.4703e-01
-1.3596e-01
-1.2596e-01
-1.1691e-01
-1.0869e-01
-1.0121e-01
-9.4376e-02
-8.8120e-02
-8.2381e-02
-7.7105e-02
-7.2244e-02
-6.7758e-02
-1.2000e+02
0.0000e+00
0.0000e+00
-8.6866e+00
-6.6276e+00
-6.0519e+00
-5.2977e+00
-4.6065e+00
-4.0128e+00
-3.5109e+00
-3.0866e+00
-2.7380e+00
-2.4537e+00
-2.2020e+00
-1.9781e+00
-1.7797e+00
-1.6041e+00
-1.4486e+00
-1.3105e+00
-1.1878e+00
-1.0784e+00
-9.8069e-01
-8.9328e-01
-8.1493e-01
-7.4457e-01
-6.8127e-01
-6.2423e-01
-5.7276e-01
-5.2622e-01
-4.8409e-01
-4.4589e-01
-4.1121e-01
-3.7968e-01
-3.5097e-01
-3.2479e-01
-3.0090e-01
-2.0000e+01
-4.3525e+00
-4.4574e+00
-4.7897e+00
-5.2807e+00
-5.5851e+00
-5.4800e+00
-5.1852e+00
-4.8160e+00
-4.4282e+00
-4.0487e+00
-3.6902e+00
-3.3591e+00
-3.0576e+00
-2.7841e+00
-2.5362e+00
-2.3115e+00
-2.1080e+00
-1.9236e+00
-1.7567e+00
-1.6055e+00
-1.4685e+00
-1.3444e+00
-1.2319e+00
-1.1299e+00
-1.0373e+00
-9.5320e-01
-8.7676e-01
-8.0724e-01
-7.4395e-01
-6.8628e-01
-6.3370e-01
-5.8571e-01
-5.4187e-01
-5.0179e-01
-4.6511e-01
1.3260e-01
-1.5058e-01
-4.4226e-01
-7.9157e-01
-1.1397e+00
-1.4286e+00
-1.6350e+00
-1.7591e+00
-1.8142e+00
-1.8169e+00
-1.7825e+00
-1.7233e+00
-1.6484e+00
-1.5646e+00
-1.4767e+00
-1.3881e+00
-1.3009e+00
-1.2164e+00
-1.1355e+00
-1.0587e+00
-9.8630e-01
-9.1829e-01
-8.5466e-01
-7.9530e-01
-7.4003e-01
-6.8867e-01
-6.4099e-01
-5.9678e-01
-5.5580e-01
-5.1784e-01
-4.8270e-01
-4.5016e-01
-4.2003e-01
-3.9213e-01
-3.6629e-01
-3.4236e-01
1.4359e-02
1.9990e-03
-3.8641e-02
-9.0670e-02
-1.4844e-01
-2.0208e-01
-2.4470e-01
-2.7394e-01
-2.9058e-01
-2.9693e-01
-2.9556e-01
-2.8876e-01
-2.7836e-01
-2.6573e-01
-2.5189e-01
-2.3752e-01
-2.2313e-01
-2.0902e-01
-1.9539e-01
-1.8237e-01
-1.7003e-01
-1.5840e-01
-1.4749e-01
-1.3729e-01
-1.2777e-01
-1.1891e-01
-1.1069e-01
-1.0304e-01
-9.5961e-02
-8.9394e-02
-8.3312e-02
-7.7679e-02
-7.2462e-02
-6.7631e-02
-6.3157e-02
-5.9013e-02
-6.1464e-01
-2.8453e+00
-4.3568e+00
-4.9366e+00
-5.0379e+00
-4.9018e+00
-4.6477e+00
-4.3416e+00
-4.0205e+00
-3.7053e+00
-3.4069e+00
-3.1306e+00
-2.8790e+00
-2.6520e+00
-2.4475e+00
-2.2635e+00
-2.0977e+00
-1.9481e+00
-1.8129e+00
-1.6903e+00
-1.5790e+00
-1.4775e+00
-1.3848e+00
-1.2998e+00
-1.2216e+00
-1.1496e+00
-1.0830e+00
-1.0213e+00
-9.6403e-01
-9.1073e-01
-8.6104e-01
-8.1463e-01
-7.7122e-01
-7.3055e-01
-6.9241e-01
-6.5660e-01
-9.0725e-01
-3.4592e+00
-4.5909e+00
-4.7209e+00
-4.5338e+00
-4.2589e+00
-3.9638e+00
-3.6726e+00
-3.3953e+00
-3.1364e+00
-2.8977e+00
-2.6795e+00
-2.4819e+00
-2.3032e+00
-2.1412e+00
-1.9937e+00
-1.8594e+00
-1.7367e+00
-1.6245e+00
-1.5216e+00
-1.4270e+00
-1.3398e+00
-1.2594e+00
-1.1849e+00
-1.1160e+00
-1.0519e+00
-9.9229e-01
-9.3675e-01
-8.8492e-01
-8.3649e-01
-7.9117e-01
-7.4872e-01
-7.0892e-01
-6.7155e-01
-6.3644e-01
-6.0344e-01
-5.6000e-05
-1.2092e-01
-4.5399e-01
-8.4789e-01
-1.1750e+00
-1.4064e+00
-1.5551e+00
-1.6407e+00
-1.6801e+00
-1.6858e+00
-1.6671e+00
-1.6308e+00
-1.5824e+00
-1.5257e+00
-1.4638e+00
-1.3990e+00
-1.3330e+00
-1.2670e+00
-1.2018e+00
-1.1382e+00
-1.0767e+00
-1.0174e+00
-9.6068e-01
-9.0662e-01
-8.5525e-01
-8.0657e-01
-7.6054e-01
-7.1710e-01
-6.7614e-01
-6.3758e-01
-6.0130e-01
-5.6719e-01
-5.3513e-01
-5.0502e-01
-4.7674e-01
-4.5018e-01
-6.6080e-03
-1.5853e-02
-9.0923e-02
-2.4886e-01
-4.4514e-01
-6.3574e-01
-7.9768e-01
-9.2386e-01
-1.0151e+00
-1.0754e+00
-1.1097e+00
-1.1227e+00
-1.1190e+00
-1.1024e+00
-1.0760e+00
-1.0427e+00
-1.0046e+00
-9.6333e-01
-9.2028e-01
-8.7646e-01
-8.3265e-01
-7.8945e-01
-7.4728e-01
-7.0645e-01
-6.6717e-01
-6.2958e-01
-5.9376e-01
-5.5973e-01
-5.2750e-01
-4.9704e-01
-4.6831e-01
-4.4124e-01
-4.1576e-01
-3.9182e-01
-3.6932e-01
-3.4820e-01
-6.0567e-02
-1.6851e-02
-5.2499e-02
-1.4474e-01
-2.6793e-01
-3.9630e-01
-5.1263e-01
-6.0849e-01
-6.8145e-01
-7.3247e-01
-7.6409e-01
-7.7942e-01
-7.8159e-01
-7.7345e-01
-7.5750e-01
-7.3582e-01
-7.1010e-01
-6.8170e-01
-6.5166e-01
-6.2083e-01
-5.8981e-01
-5.5908e-01
-5.2900e-01
-4.9981e-01
-4.7169e-01
-4.4476e-01
-4.1907e-01
-3.9467e-01
-3.7156e-01
-3.4973e-01
-3.2914e-01
-3.0976e-01
-2.9154e-01
-2.7442e-01
-2.5836e-01
-2.4330e-01
