2.70501503e+02
5.01975538e+01
4.03500751e+01
3.76943641e+01
3.53480469e+01
3.41402541e+01
3.29661869e+01
3.17595722e+01
3.12788765e+01
3.03703852e+01
2.98163562e+01
2.96518314e+01
2.90988617e+01
2.84966955e+01
2.84058663e+01
2.76040747e+01
2.73271109e+01
2.71951500e+01
2.64734034e+01
2.66620956e+01
2.64763989e+01
2.56726356e+01
2.59281314e+01
2.58428795e+01
2.52866707e+01
2.54238247e+01
2.50332294e+01
2.45009650e+01
2.51570496e+01
2.49006603e+01
2.47901702e+01
2.46588487e+01
2.45655608e+01
2.43100627e+01
2.40817780e+01
2.44816479e+01
2.41227613e+01
2.69964965e+02
1.50031918e+02
1.50198473e+02
1.49972654e+02
1.41398901e+02
1.34985782e+02
1.28790267e+02
1.23588370e+02
1.19292773e+02
1.15220693e+02
1.11233812e+02
1.08676665e+02
1.05845002e+02
1.03393384e+02
1.01033101e+02
9.90174190e+01
9.76377281e+01
9.59236253e+01
9.43273917e+01
9.30065776e+01
9.15270408e+01
9.03534369e+01
8.98458306e+01
8.86769801e+01
8.79403695e+01
8.71062665e+01
8.65720881e+01
8.56683385e+01
8.52265154e+01
8.49517418e+01
8.42788435e+01
8.37821905e+01
8.34427269e+01
8.28177334e+01
8.25211672e+01
8.27680505e+01
8.21708684e+01
2.69972943e+02
2.50184020e+02
2.46299439e+02
2.41405324e+02
2.36643885e+02
2.31486274e+02
2.25791367e+02
2.20545946e+02
2.15144353e+02
2.10536711e+02
2.06257130e+02
2.02474594e+02
1.98510149e+02
1.95212613e+02
1.91770579e+02
1.89410950e+02
1.86810072e+02
1.84300318e+02
1.82698117e+02
1.80454371e+02
1.78457166e+02
1.76835347e+02
1.75398876e+02
1.74149423e+02
1.72822572e+02
1.71470848e+02
1.70533797e+02
1.69886847e+02
1.68632160e+02
1.68352743e+02
1.67116346e+02
1.66562033e+02
1.65806380e+02
1.65331028e+02
1.64083577e+02
1.64739949e+02
1.64022718e+02
2.69798159e+02
2.69597504e+02
2.69400938e+02
2.68823101e+02
2.68059095e+02
2.66761382e+02
2.65539379e+02
2.63946941e+02
2.62276864e+02
2.60017689e+02
2.58167403e+02
2.56482210e+02
2.55040037e+02
2.53339766e+02
2.51715754e+02
2.50090142e+02
2.48653784e+02
2.47309770e+02
2.46376882e+02
2.45540078e+02
2.44193849e+02
2.42634680e+02
2.41947100e+02
2.41257760e+02
2.40729467e+02
2.39839754e+02
2.39076283e+02
2.38664215e+02
2.37920076e+02
2.37239198e+02
2.36643016e+02
2.36400990e+02
2.35681250e+02
2.35503838e+02
2.34731749e+02
2.34845023e+02
2.34459766e+02
2.67760779e+02
2.67990317e+02
2.68070446e+02
2.67876771e+02
2.67967845e+02
2.67256195e+02
2.67183678e+02
2.67326227e+02
2.66785018e+02
2.66607960e+02
2.65987987e+02
2.65626492e+02
2.65490523e+02
2.64998414e+02
2.65140342e+02
2.64955677e+02
2.64694440e+02
2.64471755e+02
2.63732348e+02
2.63575670e+02
2.63639255e+02
2.63180551e+02
2.63477217e+02
2.63114984e+02
2.62841892e+02
2.62696590e+02
2.62759289e+02
2.62552352e+02
2.62487248e+02
2.62356886e+02
2.62353339e+02
2.61865718e+02
2.62026150e+02
2.61918635e+02
2.61485211e+02
2.61501137e+02
2.61585535e+02
2.70926585e+02
2.70023641e+02
2.67229611e+02
2.62696634e+02
2.57589720e+02
2.52157652e+02
2.47410803e+02
2.42256622e+02
2.38015599e+02
2.33797789e+02
2.30157166e+02
2.26267663e+02
2.22994885e+02
2.20019739e+02
2.17052340e+02
2.14404898e+02
2.12505680e+02
2.10457359e+02
2.08373144e+02
2.06167236e+02
2.04204750e+02
2.02779981e+02
2.01616391e+02
1.99887627e+02
1.98625962e+02
1.97446604e+02
1.96337481e+02
1.94911859e+02
1.93659551e+02
1.93175763e+02
1.91872878e+02
1.91234497e+02
1.89740054e+02
1.89243614e+02
1.88684176e+02
1.87854396e+02
1.87085117e+02
2.70687379e+02
2.69947004e+02
2.66293409e+02
2.61895240e+02
2.57063224e+02
2.52133383e+02
2.47750440e+02
2.43808743e+02
2.40112459e+02
2.36235290e+02
2.32887141e+02
2.29855736e+02
2.27276258e+02
2.24854716e+02
2.21950981e+02
2.19867239e+02
2.17793475e+02
2.15948353e+02
2.14267221e+02
2.12434344e+02
2.10476358e+02
2.09810508e+02
2.07751213e+02
2.06104399e+02
2.05592352e+02
2.03908919e+02
2.03363552e+02
2.02051261e+02
2.00989956e+02
2.00117234e+02
1.99145549e+02
1.98479935e+02
1.97790804e+02
1.96739195e+02
1.96423421e+02
1.96004319e+02
1.95149395e+02
2.71133496e+02
2.70894442e+02
2.70703302e+02
2.70687841e+02
2.69438411e+02
2.68352613e+02
2.66790250e+02
2.65345846e+02
2.63563908e+02
2.62025019e+02
2.60156181e+02
2.58689078e+02
2.56944866e+02
2.54670371e+02
2.53508103e+02
2.52111159e+02
2.50556936e+02
2.48863560e+02
2.48044508e+02
2.46805924e+02
2.45447912e+02
2.44334543e+02
2.43743417e+02
2.42675963e+02
2.41397221e+02
2.40598143e+02
2.39856590e+02
2.38681196e+02
2.38270906e+02
2.37295988e+02
2.37067297e+02
2.36159128e+02
2.36038016e+02
2.35291188e+02
2.35041558e+02
2.34143617e+02
2.33938774e+02
2.71059835e+02
2.71036433e+02
2.71054514e+02
2.70963434e+02
2.70612505e+02
2.70367368e+02
2.69410069e+02
2.68128168e+02
2.67758248e+02
2.66641778e+02
2.65542547e+02
2.64289835e+02
2.62761020e+02
2.61794950e+02
2.60818361e+02
2.59752370e+02
2.58615953e+02
2.57398247e+02
2.56404575e+02
2.55911536e+02
2.54497965e+02
2.53706946e+02
2.52981012e+02
2.52010255e+02
2.51515277e+02
2.50620997e+02
2.50153315e+02
2.49722791e+02
2.49230070e+02
2.48276888e+02
2.48163901e+02
2.47675032e+02
2.46954750e+02
2.46943103e+02
2.46269210e+02
2.46003112e+02
2.45914217e+02
2.71123577e+02
2.71264686e+02
2.71348947e+02
2.71052609e+02
2.70613258e+02
2.70383240e+02
2.69994657e+02
2.69428053e+02
2.69383339e+02
2.68651239e+02
2.67519433e+02
2.67175148e+02
2.66156587e+02
2.65364936e+02
2.64779764e+02
2.64302554e+02
2.63450666e+02
2.62395299e+02
2.62172107e+02
2.61060427e+02
2.60803155e+02
2.60490062e+02
2.59602601e+02
2.59192487e+02
2.58570756e+02
2.58476266e+02
2.57632051e+02
2.57198676e+02
2.56931179e+02
2.56854531e+02
2.56671737e+02
2.55855473e+02
2.55905336e+02
2.55282479e+02
2.55185885e+02
2.54818713e+02
2.54484874e+02
