2.70016479e+02
4.99037063e+01
4.00573861e+01
3.71924809e+01
3.49757824e+01
3.35372619e+01
3.24290722e+01
3.18634721e+01
3.11573192e+01
3.05655141e+01
2.97091410e+01
2.91097792e+01
2.87472628e+01
2.85829754e+01
2.77647724e+01
2.76123824e+01
2.70552959e+01
2.68190322e+01
2.68093787e+01
2.64066928e+01
2.63410282e+01
2.58748124e+01
2.54874080e+01
2.52922432e+01
2.55188719e+01
2.51816593e+01
2.51728423e+01
2.47593301e+01
2.45223909e+01
2.44134743e+01
2.48980619e+01
2.45273894e+01
2.41585865e+01
2.46682368e+01
2.44043233e+01
2.42749236e+01
2.36981297e+01
2.69874159e+02
1.50151223e+02
1.49888237e+02
1.49830561e+02
1.41751921e+02
1.34811427e+02
1.29002034e+02
1.23355613e+02
1.19277870e+02
1.15066692e+02
1.11668374e+02
1.08413541e+02
1.05815905e+02
1.03345809e+02
1.00722304e+02
9.89003437e+01
9.75779216e+01
9.54736549e+01
9.39489902e+01
9.29088387e+01
9.14317094e+01
9.06385621e+01
8.93453532e+01
8.86016039e+01
8.74876416e+01
8.73999196e+01
8.64292087e+01
8.58969400e+01
8.50112721e+01
8.44906803e+01
8.38153615e+01
8.33398292e+01
8.36218633e+01
8.26885072e+01
8.25828976e+01
8.22686762e+01
8.21429409e+01
2.69552266e+02
2.50209579e+02
2.45773529e+02
2.41178982e+02
2.36928380e+02
2.31770720e+02
2.26319888e+02
2.20554024e+02
2.15320148e+02
2.10364125e+02
2.06305488e+02
2.02496023e+02
1.98309608e+02
1.94900890e+02
1.91880818e+02
1.89198299e+02
1.87104437e+02
1.84180438e+02
1.82152546e+02
1.80589815e+02
1.78203284e+02
1.76773383e+02
1.75372785e+02
1.73920625e+02
1.72125794e+02
1.71504350e+02
1.70615529e+02
1.69345787e+02
1.68542893e+02
1.67851459e+02
1.67049479e+02
1.66465503e+02
1.65641241e+02
1.64990185e+02
1.64436973e+02
1.63533937e+02
1.63494566e+02
2.70124072e+02
2.69641523e+02
2.70076055e+02
2.69428890e+02
2.68351616e+02
2.66889067e+02
2.65513179e+02
2.64211192e+02
2.62207051e+02
2.60401014e+02
2.58587296e+02
2.56770364e+02
2.55157147e+02
2.53366265e+02
2.51472563e+02
2.50402955e+02
2.48918594e+02
2.47117653e+02
2.45945483e+02
2.44955754e+02
2.43997510e+02
2.42607246e+02
2.41922527e+02
2.40783304e+02
2.40171327e+02
2.39286794e+02
2.38773310e+02
2.37866569e+02
2.37241844e+02
2.36709927e+02
2.36101959e+02
2.35467022e+02
2.35128604e+02
2.35067930e+02
2.34599765e+02
2.33765929e+02
2.33516954e+02
2.68184023e+02
2.67781499e+02
2.68306418e+02
2.68204992e+02
2.67908189e+02
2.67213657e+02
2.67375072e+02
2.67471256e+02
2.66499421e+02
2.66386453e+02
2.65981794e+02
2.65849799e+02
2.65175114e+02
2.65191696e+02
2.65115990e+02
2.64793693e+02
2.64405985e+02
2.64094883e+02
2.63789880e+02
2.63695856e+02
2.63202706e+02
2.63410233e+02
2.63294932e+02
2.62671293e+02
2.62705013e+02
2.62517140e+02
2.62437967e+02
2.62779258e+02
2.62274215e+02
2.62398553e+02
2.62200544e+02
2.61812722e+02
2.61780477e+02
2.61411012e+02
2.61914287e+02
2.61335383e+02
2.61907986e+02
2.71561928e+02
2.70473405e+02
2.67404266e+02
2.62097729e+02
2.56502669e+02
2.50859454e+02
2.45938234e+02
2.40599977e+02
2.36145829e+02
2.32110357e+02
2.28200643e+02
2.24523078e+02
2.21301886e+02
2.17856977e+02
2.15259674e+02
2.12379792e+02
2.09678977e+02
2.08058961e+02
2.05506066e+02
2.03733677e+02
2.02123596e+02
2.00482384e+02
1.98859163e+02
1.97035286e+02
1.95687404e+02
1.94646840e+02
1.93228090e+02
1.92020450e+02
1.91065377e+02
1.89985945e+02
1.89258320e+02
1.88617577e+02
1.87685392e+02
1.86697422e+02
1.85977280e+02
1.84787447e+02
1.84567084e+02
2.71779319e+02
2.70937431e+02
2.67127989e+02
2.62235834e+02
2.57353028e+02
2.52400719e+02
2.47808034e+02
2.43415914e+02
2.39630930e+02
2.36086503e+02
2.32436006e+02
2.29481021e+02
2.26808106e+02
2.24029631e+02
2.21442400e+02
2.18618689e+02
2.17058739e+02
2.15040888e+02
2.13165342e+02
2.11674074e+02
2.09602985e+02
2.07623310e+02
2.06616369e+02
2.05458769e+02
2.04096809e+02
2.02722888e+02
2.01626783e+02
2.00126679e+02
1.99799963e+02
1.99327531e+02
1.97916830e+02
1.97233633e+02
1.96275413e+02
1.95710553e+02
1.95002933e+02
1.94073159e+02
1.93494074e+02
2.71230755e+02
2.71514140e+02
2.71657525e+02
2.70967582e+02
2.69934847e+02
2.68865327e+02
2.67379915e+02
2.65768540e+02
2.63555586e+02
2.62019115e+02
2.60469605e+02
2.58520576e+02
2.57172890e+02
2.54925796e+02
2.53763367e+02
2.51944390e+02
2.50149183e+02
2.48995598e+02
2.47964684e+02
2.46422933e+02
2.45367458e+02
2.44413575e+02
2.43162855e+02
2.41912293e+02
2.41263078e+02
2.39933703e+02
2.39796197e+02
2.38470436e+02
2.37885078e+02
2.36958092e+02
2.36385693e+02
2.35936783e+02
2.35403457e+02
2.34705970e+02
2.33902140e+02
2.33521876e+02
2.32970976e+02
2.71213905e+02
2.71501422e+02
2.71273870e+02
2.71405442e+02
2.70966877e+02
2.70377194e+02
2.69891038e+02
2.69248111e+02
2.68034123e+02
2.67150673e+02
2.65978404e+02
2.64859242e+02
2.63780383e+02
2.62325992e+02
2.61076559e+02
2.59971997e+02
2.58753700e+02
2.58033437e+02
2.56920797e+02
2.56256349e+02
2.54742423e+02
2.54326914e+02
2.53831867e+02
2.52404573e+02
2.51605930e+02
2.50892916e+02
2.50324253e+02
2.49917178e+02
2.48929927e+02
2.48845095e+02
2.48053882e+02
2.47437889e+02
2.47113878e+02
2.46751367e+02
2.46336600e+02
2.46030821e+02
2.45755287e+02
2.71192020e+02
2.71449135e+02
2.71681057e+02
2.71252629e+02
2.71069361e+02
2.70888412e+02
2.70535547e+02
2.70150082e+02
2.69095334e+02
2.68401676e+02
2.68068205e+02
2.66871426e+02
2.65591284e+02
2.65649615e+02
2.64402631e+02
2.64046196e+02
2.63028529e+02
2.61901019e+02
2.61546631e+02
2.60737028e+02
2.60304584e+02
2.59499683e+02
2.58881810e+02
2.58052576e+02
2.57880971e+02
2.57359496e+02
2.57042644e+02
2.56654614e+02
2.55914333e+02
2.55602786e+02
2.55123912e+02
2.55364459e+02
2.54752255e+02
2.53953052e+02
2.53506017e+02
2.53650148e+02
2.53144324e+02
