2.70000000e+02
5.00000000e+01
3.99550800e+01
3.70012430e+01
3.49164000e+01
3.34689080e+01
3.23760750e+01
3.15073450e+01
3.07939140e+01
3.01949100e+01
2.96838460e+01
2.92181130e+01
2.86935720e+01
2.82187360e+01
2.77941360e+01
2.74135720e+01
2.70711450e+01
2.67617760e+01
2.64811800e+01
2.62257480e+01
2.59924330e+01
2.57786530e+01
2.55822080e+01
2.54012120e+01
2.52340460e+01
2.50793040e+01
2.49357680e+01
2.48023700e+01
2.46781770e+01
2.45623630e+01
2.44541990e+01
2.43530370e+01
2.42582980e+01
2.41694660e+01
2.40860750e+01
2.40077090e+01
2.39339870e+01
2.70000000e+02
1.50000000e+02
1.50000000e+02
1.50000000e+02
1.41305545e+02
1.34722745e+02
1.28715901e+02
1.23457521e+02
1.18885084e+02
1.14901458e+02
1.11415230e+02
1.08348503e+02
1.05621063e+02
1.03175249e+02
1.00979503e+02
9.90055870e+01
9.72277990e+01
9.56234040e+01
9.41725240e+01
9.28578390e+01
9.16642540e+01
9.05785910e+01
8.95893150e+01
8.86863080e+01
8.78606680e+01
8.71045480e+01
8.64110110e+01
8.57739110e+01
8.51877950e+01
8.46478120e+01
8.41496380e+01
8.36894150e+01
8.32636900e+01
8.28693720e+01
8.25036870e+01
8.21641420e+01
8.18484950e+01
2.70000000e+02
2.50000000e+02
2.46018473e+02
2.41454251e+02
2.36684796e+02
2.31427933e+02
2.25868624e+02
2.20417490e+02
2.15264645e+02
2.10482970e+02
2.06089237e+02
2.02073512e+02
1.98413414e+02
1.95080402e+02
1.92044543e+02
1.89277836e+02
1.86754849e+02
1.84452532e+02
1.82349987e+02
1.80428289e+02
1.78670320e+02
1.77060615e+02
1.75585222e+02
1.74231559e+02
1.72988287e+02
1.71845189e+02
1.70793061e+02
1.69823608e+02
1.68929354e+02
1.68103559e+02
1.67340143e+02
1.66633619e+02
1.65979032e+02
1.65371904e+02
1.64808189e+02
1.64284222e+02
1.63796687e+02
2.69660458e+02
2.69596657e+02
2.69337503e+02
2.68836804e+02
2.68020355e+02
2.66880322e+02
2.65468052e+02
2.63859231e+02
2.62130736e+02
2.60347739e+02
2.58560014e+02
2.56803094e+02
2.55101009e+02
2.53469050e+02
2.51916074e+02
2.50446343e+02
2.49060955e+02
2.47758902e+02
2.46537812e+02
2.45394451e+02
2.44325070e+02
2.43325648e+02
2.42392057e+02
2.41520180e+02
2.40705988e+02
2.39945594e+02
2.39235286e+02
2.38571552e+02
2.37951081e+02
2.37370776e+02
2.36827743e+02
2.36319291e+02
2.35842922e+02
2.35396322e+02
2.34977349e+02
2.34584025e+02
2.34214520e+02
2.67930334e+02
2.67928190e+02
2.67907342e+02
2.67853946e+02
2.67755481e+02
2.67604325e+02
2.67403139e+02
2.67161692e+02
2.66892315e+02
2.66606797e+02
2.66314876e+02
2.66023903e+02
2.65739088e+02
2.65463922e+02
2.65200593e+02
2.64950334e+02
2.64713696e+02
2.64490768e+02
2.64281329e+02
2.64084956e+02
2.63901102e+02
2.63729145e+02
2.63568428e+02
2.63418278e+02
2.63278030e+02
2.63147033e+02
2.63024662e+02
2.62910322e+02
2.62803448e+02
2.62703510e+02
2.62610013e+02
2.62522492e+02
2.62440518e+02
2.62363690e+02
2.62291640e+02
2.62224024e+02
2.62160525e+02
2.70219095e+02
2.69403689e+02
2.66130808e+02
2.61403666e+02
2.56185489e+02
2.50928310e+02
2.45846482e+02
2.41041793e+02
2.36555918e+02
2.32397354e+02
2.28556616e+02
2.25015042e+02
2.21749566e+02
2.18735115e+02
2.15947577e+02
2.13365004e+02
2.10967628e+02
2.08737764e+02
2.06659672e+02
2.04719389e+02
2.02904548e+02
2.01204198e+02
1.99608637e+02
1.98109245e+02
1.96698354e+02
1.95369118e+02
1.94115408e+02
1.92931716e+02
1.91813076e+02
1.90754996e+02
1.89753397e+02
1.88804564e+02
1.87905102e+02
1.87051901e+02
1.86242100e+02
1.85473066e+02
1.84742364e+02
2.70268467e+02
2.69345942e+02
2.65945576e+02
2.61409922e+02
2.56692291e+02
2.52110332e+02
2.47763371e+02
2.43682024e+02
2.39870713e+02
2.36321778e+02
2.33021569e+02
2.29953660e+02
2.27100309e+02
2.24443064e+02
2.21964880e+02
2.19650595e+02
2.17486556e+02
2.15460421e+02
2.13561033e+02
2.11778324e+02
2.10103209e+02
2.08527485e+02
2.07043741e+02
2.05645264e+02
2.04325971e+02
2.03080327e+02
2.01903294e+02
2.00790268e+02
1.99737037e+02
1.98739737e+02
1.97794815e+02
1.96898999e+02
1.96049267e+02
1.95242826e+02
1.94477086e+02
1.93749647e+02
1.93058275e+02
2.70464888e+02
2.70512277e+02
2.70434142e+02
2.70031957e+02
2.69235175e+02
2.68093295e+02
2.66691787e+02
2.65110562e+02
2.63414149e+02
2.61652422e+02
2.59863368e+02
2.58075663e+02
2.56310700e+02
2.54584113e+02
2.52906946e+02
2.51286686e+02
2.49728129e+02
2.48234022e+02
2.46805563e+02
2.45442779e+02
2.44144825e+02
2.42910223e+02
2.41737048e+02
2.40623072e+02
2.39565871e+02
2.38562920e+02
2.37611647e+02
2.36709487e+02
2.35853918e+02
2.35042479e+02
2.34272798e+02
2.33542592e+02
2.32849684e+02
2.32192001e+02
2.31567574e+02
2.30974543e+02
2.30411147e+02
2.70695461e+02
2.70734178e+02
2.70762991e+02
2.70701132e+02
2.70472137e+02
2.70038159e+02
2.69402756e+02
2.68593116e+02
2.67644946e+02
2.66594201e+02
2.65473406e+02
2.64310339e+02
2.63127837e+02
2.61944119e+02
2.60773296e+02
2.59625977e+02
2.58509884e+02
2.57430418e+02
2.56391144e+02
2.55394200e+02
2.54440620e+02
2.53530600e+02
2.52663710e+02
2.51839061e+02
2.51055437e+02
2.50311397e+02
2.49605356e+02
2.48935643e+02
2.48300549e+02
2.47698363e+02
2.47127395e+02
2.46585994e+02
2.46072565e+02
2.45585574e+02
2.45123552e+02
2.44685103e+02
2.44268902e+02
2.71001536e+02
2.71029955e+02
2.71041188e+02
2.71001513e+02
2.70869180e+02
2.70620087e+02
2.70251818e+02
2.69776843e+02
2.69214857e+02
2.68587458e+02
2.67915130e+02
2.67215797e+02
2.66504349e+02
2.65792668e+02
2.65089907e+02
2.64402882e+02
2.63736476e+02
2.63094027e+02
2.62477661e+02
2.61888571e+02
2.61327240e+02
2.60793622e+02
2.60287281e+02
2.59807503e+02
2.59353381e+02
2.58923880e+02
2.58517890e+02
2.58134260e+02
2.57771830e+02
2.57429451e+02
2.57105999e+02
2.56800387e+02
2.56511570e+02
2.56238554e+02
2.55980390e+02
2.55736185e+02
2.55505095e+02
