2.69716829e+02
4.97385466e+01
4.02637539e+01
3.73234142e+01
3.52319940e+01
3.37603975e+01
3.26851289e+01
3.16326451e+01
3.09163298e+01
3.04011259e+01
2.96178280e+01
2.93498952e+01
2.88567248e+01
2.84386239e+01
2.78304032e+01
2.74116397e+01
2.72087021e+01
2.65924061e+01
2.64142461e+01
2.65979290e+01
2.63452736e+01
2.58544790e+01
2.56483093e+01
2.57813485e+01
2.53591120e+01
2.51893122e+01
2.54066441e+01
2.48952730e+01
2.49743359e+01
2.47176340e+01
2.47261334e+01
2.45759608e+01
2.45551097e+01
2.43839821e+01
2.41260291e+01
2.41085007e+01
2.40861502e+01
2.69703176e+02
1.50281430e+02
1.49814895e+02
1.49727317e+02
1.41495222e+02
1.34646063e+02
1.28566310e+02
1.23511019e+02
1.19467103e+02
1.14744385e+02
1.11481441e+02
1.08713026e+02
1.05808303e+02
1.03078886e+02
1.00821922e+02
9.89044291e+01
9.72876367e+01
9.56998622e+01
9.39194553e+01
9.29760425e+01
9.18554449e+01
9.08196821e+01
8.91379160e+01
8.88358194e+01
8.76848450e+01
8.69793609e+01
8.62857855e+01
8.56221678e+01
8.49174294e+01
8.43709989e+01
8.40735152e+01
8.39124795e+01
8.29336778e+01
8.26816068e+01
8.26081473e+01
8.19374677e+01
8.17016392e+01
2.70349321e+02
2.50148410e+02
2.46326254e+02
2.41584102e+02
2.36898719e+02
2.31609267e+02
2.26166887e+02
2.20815592e+02
2.15674526e+02
2.10507355e+02
2.06360032e+02
2.02163972e+02
1.98252486e+02
1.95666523e+02
1.92229121e+02
1.89297843e+02
1.86514686e+02
1.84371746e+02
1.82151483e+02
1.80340522e+02
1.78482310e+02
1.76990094e+02
1.75275981e+02
1.74132772e+02
1.72639692e+02
1.71589817e+02
1.70542986e+02
1.69413836e+02
1.68645497e+02
1.67942716e+02
1.67397975e+02
1.66220235e+02
1.65751481e+02
1.65083024e+02
1.64699298e+02
1.64545717e+02
1.63587987e+02
2.70228534e+02
2.70603221e+02
2.70269419e+02
2.69342636e+02
2.68475010e+02
2.67111904e+02
2.65609634e+02
2.63836523e+02
2.62057057e+02
2.60448155e+02
2.58716466e+02
2.56383110e+02
2.54951897e+02
2.53412169e+02
2.51617282e+02
2.49950270e+02
2.48599540e+02
2.47145802e+02
2.46223710e+02
2.44467556e+02
2.43718805e+02
2.42464183e+02
2.41658387e+02
2.41075342e+02
2.40149625e+02
2.39392894e+02
2.38796431e+02
2.37778615e+02
2.37497745e+02
2.36785383e+02
2.36642993e+02
2.36078234e+02
2.35031726e+02
2.34566489e+02
2.34677445e+02
2.34128418e+02
2.34058880e+02
2.67957457e+02
2.68190681e+02
2.67912519e+02
2.67858137e+02
2.67449881e+02
2.67463686e+02
2.67495039e+02
2.67242060e+02
2.66981590e+02
2.66668541e+02
2.66171066e+02
2.65984553e+02
2.65841669e+02
2.65636054e+02
2.65261967e+02
2.64998645e+02
2.64572819e+02
2.64101873e+02
2.64365894e+02
2.63817882e+02
2.63938710e+02
2.63913181e+02
2.63593078e+02
2.63360009e+02
2.63305374e+02
2.63348193e+02
2.62665148e+02
2.62561447e+02
2.62967749e+02
2.62342088e+02
2.62347799e+02
2.62273153e+02
2.62415205e+02
2.62576001e+02
2.62185168e+02
2.62045235e+02
2.61735017e+02
2.70350561e+02
2.69716425e+02
2.66768675e+02
2.62247893e+02
2.56998904e+02
2.52014429e+02
2.47320699e+02
2.42249970e+02
2.37690759e+02
2.33246314e+02
2.29637052e+02
2.25821925e+02
2.22887858e+02
2.19376576e+02
2.16674408e+02
2.14017451e+02
2.11729766e+02
2.09792890e+02
2.07842343e+02
2.05616674e+02
2.04012162e+02
2.02158257e+02
2.00471506e+02
1.99277816e+02
1.97705480e+02
1.96531127e+02
1.95530200e+02
1.94140420e+02
1.92945451e+02
1.92330382e+02
1.91440327e+02
1.90597498e+02
1.89193870e+02
1.88725087e+02
1.88122450e+02
1.87427812e+02
1.86858875e+02
2.70317951e+02
2.69150974e+02
2.66188046e+02
2.61301521e+02
2.56584373e+02
2.51781421e+02
2.47298079e+02
2.43714720e+02
2.39392987e+02
2.35870457e+02
2.32664046e+02
2.29545742e+02
2.27067491e+02
2.24306073e+02
2.21642672e+02
2.19318080e+02
2.17883924e+02
2.15324426e+02
2.13668107e+02
2.12102125e+02
2.10513706e+02
2.09316425e+02
2.07319098e+02
2.06147176e+02
2.05259814e+02
2.03707730e+02
2.02584602e+02
2.01546282e+02
2.00715306e+02
1.99826620e+02
1.99015243e+02
1.98014190e+02
1.97266004e+02
1.96643764e+02
1.95999336e+02
1.95514017e+02
1.94712923e+02
2.71517539e+02
2.71130763e+02
2.71134754e+02
2.70525260e+02
2.69524088e+02
2.68169167e+02
2.67205286e+02
2.65620489e+02
2.63716319e+02
2.61765523e+02
2.60192526e+02
2.58703493e+02
2.57019299e+02
2.55271608e+02
2.53578924e+02
2.52060698e+02
2.50422992e+02
2.49187572e+02
2.47735159e+02
2.46408482e+02
2.45801046e+02
2.44505368e+02
2.43380904e+02
2.42384855e+02
2.41348876e+02
2.40859669e+02
2.39616549e+02
2.38926429e+02
2.38306623e+02
2.37750718e+02
2.37271166e+02
2.36427488e+02
2.35711497e+02
2.35316808e+02
2.34467712e+02
2.34156039e+02
2.33400492e+02
2.71189896e+02
2.71411761e+02
2.71256651e+02
2.71550825e+02
2.71076397e+02
2.70403985e+02
2.69733413e+02
2.69044293e+02
2.67758630e+02
2.67057933e+02
2.65939436e+02
2.64787137e+02
2.63790351e+02
2.62390384e+02
2.61133921e+02
2.60272185e+02
2.58972957e+02
2.57934598e+02
2.57212729e+02
2.55924027e+02
2.55305136e+02
2.54434418e+02
2.53594211e+02
2.52745119e+02
2.52060729e+02
2.51481256e+02
2.50786181e+02
2.49619071e+02
2.49680704e+02
2.48961541e+02
2.48628221e+02
2.47646182e+02
2.47884900e+02
2.47487452e+02
2.46865810e+02
2.45925498e+02
2.46352402e+02
2.71419629e+02
2.71380522e+02
2.71255534e+02
2.71311334e+02
2.71252273e+02
2.70838800e+02
2.70453972e+02
2.69571182e+02
2.69055983e+02
2.68206581e+02
2.67617985e+02
2.66975274e+02
2.66210778e+02
2.65190900e+02
2.64444928e+02
2.63739225e+02
2.62746495e+02
2.61890405e+02
2.61361728e+02
2.60863555e+02
2.59782051e+02
2.59701316e+02
2.58536933e+02
2.58061962e+02
2.57594959e+02
2.57475462e+02
2.56894447e+02
2.56534931e+02
2.56084734e+02
2.56060480e+02
2.55530444e+02
2.54904202e+02
2.54657672e+02
2.54591764e+02
2.54355693e+02
2.53912275e+02
2.53878851e+02
