-2.2000e+02
-9.7140e+00
-2.9267e+00
-2.1328e+00
-1.4851e+00
-1.1222e+00
-8.9300e-01
-7.3425e-01
-6.1730e-01
-5.2740e-01
-4.5618e-01
-5.0134e-01
-4.8828e-01
-4.3896e-01
-3.9439e-01
-3.5546e-01
-3.2157e-01
-2.9198e-01
-2.6605e-01
-2.4322e-01
-2.2301e-01
-2.0506e-01
-1.8903e-01
-1.7466e-01
-1.6174e-01
-1.5006e-01
-1.3949e-01
-1.2988e-01
-1.2112e-01
-1.1311e-01
-1.0577e-01
-9.9030e-02
-9.2825e-02
-8.7103e-02
-8.1815e-02
-7.6921e-02
-1.2000e+02
0.0000e+00
0.0000e+00
-8.5665e+00
-6.5866e+00
-6.0328e+00
-5.2911e+00
-4.6059e+00
-4.0158e+00
-3.5166e+00
-3.0946e+00
-2.7438e+00
-2.4620e+00
-2.2147e+00
-1.9942e+00
-1.7985e+00
-1.6251e+00
-1.4715e+00
-1.3350e+00
-1.2136e+00
-1.1052e+00
-1.0084e+00
-9.2171e-01
-8.4386e-01
-7.7384e-01
-7.1073e-01
-6.5376e-01
-6.0222e-01
-5.5552e-01
-5.1314e-01
-4.7462e-01
-4.3954e-01
-4.0755e-01
-3.7834e-01
-3.5162e-01
-3.2716e-01
-2.0000e+01
-3.9670e+00
-4.5420e+00
-4.7529e+00
-5.2481e+00
-5.5635e+00
-5.4679e+00
-5.1784e+00
-4.8128e+00
-4.4281e+00
-4.0519e+00
-3.6969e+00
-3.3693e+00
-3.0714e+00
-2.8019e+00
-2.5580e+00
-2.3371e+00
-2.1372e+00
-1.9561e+00
-1.7921e+00
-1.6434e+00
-1.5086e+00
-1.3862e+00
-1.2752e+00
-1.1743e+00
-1.0825e+00
-9.9896e-01
-9.2286e-01
-8.5347e-01
-7.9013e-01
-7.3225e-01
-6.7932e-01
-6.3085e-01
-5.8643e-01
-5.4569e-01
-5.0826e-01
1.4962e-02
-2.1235e-01
-4.7863e-01
-8.1733e-01
-1.1625e+00
-1.4526e+00
-1.6624e+00
-1.7909e+00
-1.8508e+00
-1.8583e+00
-1.8285e+00
-1.7735e+00
-1.7023e+00
-1.6217e+00
-1.5365e+00
-1.4499e+00
-1.3643e+00
-1.2810e+00
-1.2010e+00
-1.1246e+00
-1.0524e+00
-9.8427e-01
-9.2031e-01
-8.6042e-01
-8.0447e-01
-7.5228e-01
-7.0365e-01
-6.5839e-01
-6.1629e-01
-5.7715e-01
-5.4076e-01
-5.0693e-01
-4.7548e-01
-4.4624e-01
-4.1904e-01
-3.9373e-01
4.2950e-03
-1.1449e-02
-4.7425e-02
-9.6276e-02
-1.5261e-01
-2.0588e-01
-2.4873e-01
-2.7851e-01
-2.9586e-01
-3.0296e-01
-3.0235e-01
-2.9628e-01
-2.8655e-01
-2.7451e-01
-2.6116e-01
-2.4721e-01
-2.3315e-01
-2.1929e-01
-2.0586e-01
-1.9297e-01
-1.8070e-01
-1.6910e-01
-1.5817e-01
-1.4791e-01
-1.3831e-01
-1.2934e-01
-1.2098e-01
-1.1319e-01
-1.0593e-01
-9.9187e-02
-9.2913e-02
-8.7079e-02
-8.1655e-02
-7.6611e-02
-7.1921e-02
-6.7556e-02
-8.5332e-01
-3.2990e+00
-4.8764e+00
-5.4494e+00
-5.5210e+00
-5.3519e+00
-5.0682e+00
-4.7366e+00
-4.3937e+00
-4.0593e+00
-3.7435e+00
-3.4510e+00
-3.1840e+00
-2.9424e+00
-2.7242e+00
-2.5269e+00
-2.3484e+00
-2.1866e+00
-2.0396e+00
-1.9058e+00
-1.7836e+00
-1.6718e+00
-1.5692e+00
-1.4748e+00
-1.3877e+00
-1.3072e+00
-1.2325e+00
-1.1632e+00
-1.0987e+00
-1.0385e+00
-9.8230e-01
-9.2974e-01
-8.8052e-01
-8.3436e-01
-7.9103e-01
-7.5030e-01
-1.1357e+00
-3.7641e+00
-4.9325e+00
-5.0830e+00
-4.9044e+00
-4.6305e+00
-4.3319e+00
-4.0340e+00
-3.7480e+00
-3.4791e+00
-3.2293e+00
-2.9991e+00
-2.7890e+00
-2.5980e+00
-2.4237e+00
-2.2641e+00
-2.1179e+00
-1.9836e+00
-1.8601e+00
-1.7462e+00
-1.6411e+00
-1.5438e+00
-1.4537e+00
-1.3700e+00
-1.2921e+00
-1.2196e+00
-1.1520e+00
-1.0888e+00
-1.0297e+00
-9.7439e-01
-9.2253e-01
-8.7386e-01
-8.2815e-01
-7.8519e-01
-7.4477e-01
-7.0672e-01
1.1390e-03
-1.4188e-01
-5.0046e-01
-9.2510e-01
-1.2866e+00
-1.5518e+00
-1.7308e+00
-1.8419e+00
-1.9017e+00
-1.9228e+00
-1.9151e+00
-1.8861e+00
-1.8417e+00
-1.7864e+00
-1.7239e+00
-1.6568e+00
-1.5873e+00
-1.5167e+00
-1.4464e+00
-1.3771e+00
-1.3094e+00
-1.2439e+00
-1.1807e+00
-1.1201e+00
-1.0622e+00
-1.0070e+00
-9.5454e-01
-9.0473e-01
-8.5751e-01
-8.1280e-01
-7.7051e-01
-7.3053e-01
-6.9275e-01
-6.5705e-01
-6.2335e-01
-5.9151e-01
2.5817e-02
3.8690e-03
-1.1175e-01
-3.1054e-01
-5.3974e-01
-7.5456e-01
-9.3388e-01
-1.0724e+00
-1.1720e+00
-1.2378e+00
-1.2752e+00
-1.2895e+00
-1.2857e+00
-1.2680e+00
-1.2398e+00
-1.2042e+00
-1.1634e+00
-1.1191e+00
-1.0730e+00
-1.0259e+00
-9.7880e-01
-9.3226e-01
-8.8672e-01
-8.4252e-01
-7.9988e-01
-7.5893e-01
-7.1976e-01
-6.8241e-01
-6.4687e-01
-6.1313e-01
-5.8114e-01
-5.5084e-01
-5.2218e-01
-4.9509e-01
-4.6949e-01
-4.4530e-01
4.7391e-02
2.9046e-02
-1.9756e-02
-1.0425e-01
-2.1205e-01
-3.2373e-01
-4.2490e-01
-5.0825e-01
-5.7167e-01
-6.1600e-01
-6.4354e-01
-6.5706e-01
-6.5930e-01
-6.5280e-01
-6.3971e-01
-6.2185e-01
-6.0067e-01
-5.7732e-01
-5.5268e-01
-5.2743e-01
-5.0208e-01
-4.7701e-01
-4.5250e-01
-4.2874e-01
-4.0585e-01
-3.8393e-01
-3.6302e-01
-3.4314e-01
-3.2428e-01
-3.0644e-01
-2.8959e-01
-2.7369e-01
-2.5870e-01
-2.4458e-01
-2.3129e-01
-2.1878e-01
