-2.2000e+02
-9.9391e+00
-2.9290e+00
-2.0977e+00
-1.4612e+00
-1.1053e+00
-8.7981e-01
-7.2325e-01
-6.0766e-01
-5.1868e-01
-4.5985e-01
-5.2740e-01
-4.8095e-01
-4.3017e-01
-3.8534e-01
-3.4638e-01
-3.1251e-01
-2.8295e-01
-2.5703e-01
-2.3419e-01
-2.1396e-01
-1.9598e-01
-1.7992e-01
-1.6552e-01
-1.5256e-01
-1.4086e-01
-1.3026e-01
-1.2064e-01
-1.1187e-01
-1.0387e-01
-9.6554e-02
-8.9848e-02
-8.3690e-02
-7.8026e-02
-7.2809e-02
-6.7996e-02
-1.2000e+02
0.0000e+00
0.0000e+00
-8.6389e+00
-6.5582e+00
-5.9916e+00
-5.2490e+00
-4.5662e+00
-3.9794e+00
-3.4835e+00
-3.0650e+00
-2.7241e+00
-2.4443e+00
-2.1961e+00
-1.9754e+00
-1.7800e+00
-1.6070e+00
-1.4537e+00
-1.3174e+00
-1.1961e+00
-1.0878e+00
-9.9092e-01
-9.0404e-01
-8.2597e-01
-7.5568e-01
-6.9227e-01
-6.3497e-01
-5.8310e-01
-5.3608e-01
-4.9338e-01
-4.5454e-01
-4.1918e-01
-3.8693e-01
-3.5750e-01
-3.3059e-01
-3.0596e-01
-2.0000e+01
-3.8931e+00
-4.5113e+00
-4.7294e+00
-5.2154e+00
-5.5197e+00
-5.4158e+00
-5.1220e+00
-4.7555e+00
-4.3721e+00
-3.9984e+00
-3.6467e+00
-3.3228e+00
-3.0284e+00
-2.7616e+00
-2.5198e+00
-2.3006e+00
-2.1017e+00
-1.9214e+00
-1.7579e+00
-1.6094e+00
-1.4747e+00
-1.3523e+00
-1.2410e+00
-1.1398e+00
-1.0477e+00
-9.6375e-01
-8.8725e-01
-8.1744e-01
-7.5370e-01
-6.9546e-01
-6.4219e-01
-5.9343e-01
-5.4876e-01
-5.0781e-01
-4.7024e-01
-9.6899e-02
-2.9480e-01
-5.3929e-01
-8.5732e-01
-1.1841e+00
-1.4601e+00
-1.6599e+00
-1.7815e+00
-1.8364e+00
-1.8401e+00
-1.8073e+00
-1.7496e+00
-1.6760e+00
-1.5933e+00
-1.5060e+00
-1.4175e+00
-1.3301e+00
-1.2450e+00
-1.1632e+00
-1.0853e+00
-1.0115e+00
-9.4195e-01
-8.7667e-01
-8.1557e-01
-7.5851e-01
-7.0534e-01
-6.5586e-01
-6.0987e-01
-5.6716e-01
-5.2752e-01
-4.9076e-01
-4.5667e-01
-4.2508e-01
-3.9580e-01
-3.6867e-01
-3.4353e-01
-5.3980e-03
-2.9171e-02
-6.6046e-02
-1.1600e-01
-1.7412e-01
-2.2928e-01
-2.7368e-01
-3.0443e-01
-3.2207e-01
-3.2884e-01
-3.2739e-01
-3.2012e-01
-3.0893e-01
-2.9530e-01
-2.8027e-01
-2.6463e-01
-2.4889e-01
-2.3340e-01
-2.1838e-01
-2.0398e-01
-1.9028e-01
-1.7732e-01
-1.6512e-01
-1.5367e-01
-1.4296e-01
-1.3297e-01
-1.2366e-01
-1.1500e-01
-1.0695e-01
-9.9471e-02
-9.2533e-02
-8.6099e-02
-8.0134e-02
-7.4603e-02
-6.9478e-02
-6.4728e-02
-6.9576e-01
-3.0099e+00
-4.5936e+00
-5.2294e+00
-5.3623e+00
-5.2382e+00
-4.9834e+00
-4.6685e+00
-4.3336e+00
-4.0017e+00
-3.6847e+00
-3.3889e+00
-3.1176e+00
-2.8709e+00
-2.6470e+00
-2.4441e+00
-2.2601e+00
-2.0932e+00
-1.9416e+00
-1.8035e+00
-1.6776e+00
-1.5626e+00
-1.4572e+00
-1.3605e+00
-1.2716e+00
-1.1897e+00
-1.1141e+00
-1.0441e+00
-9.7939e-01
-9.1934e-01
-8.6357e-01
-8.1172e-01
-7.6345e-01
-7.1847e-01
-6.7651e-01
-6.3734e-01
-9.8217e-01
-3.5116e+00
-4.6712e+00
-4.8609e+00
-4.7223e+00
-4.4784e+00
-4.2005e+00
-3.9160e+00
-3.6379e+00
-3.3729e+00
-3.1242e+00
-2.8935e+00
-2.6819e+00
-2.4882e+00
-2.3107e+00
-2.1478e+00
-1.9983e+00
-1.8609e+00
-1.7345e+00
-1.6182e+00
-1.5109e+00
-1.4119e+00
-1.3204e+00
-1.2357e+00
-1.1573e+00
-1.0845e+00
-1.0170e+00
-9.5420e-01
-8.9581e-01
-8.4145e-01
-7.9080e-01
-7.4358e-01
-6.9952e-01
-6.5838e-01
-6.1995e-01
-5.8403e-01
-9.5510e-03
-1.3351e-01
-4.5305e-01
-8.4247e-01
-1.1792e+00
-1.4265e+00
-1.5911e+00
-1.6898e+00
-1.7388e+00
-1.7507e+00
-1.7352e+00
-1.6998e+00
-1.6503e+00
-1.5910e+00
-1.5255e+00
-1.4563e+00
-1.3853e+00
-1.3139e+00
-1.2434e+00
-1.1743e+00
-1.1074e+00
-1.0429e+00
-9.8126e-01
-9.2248e-01
-8.6669e-01
-8.1389e-01
-7.6404e-01
-7.1708e-01
-6.7291e-01
-6.3143e-01
-5.9251e-01
-5.5603e-01
-5.2186e-01
-4.8987e-01
-4.5994e-01
-4.3194e-01
-3.6320e-03
-2.8587e-02
-1.2767e-01
-3.0550e-01
-5.1468e-01
-7.1198e-01
-8.7637e-01
-1.0023e+00
-1.0917e+00
-1.1490e+00
-1.1796e+00
-1.1884e+00
-1.1800e+00
-1.1586e+00
-1.1273e+00
-1.0891e+00
-1.0461e+00
-1.0001e+00
-9.5244e-01
-9.0421e-01
-8.5620e-01
-8.0903e-01
-7.6314e-01
-7.1883e-01
-6.7633e-01
-6.3576e-01
-5.9720e-01
-5.6067e-01
-5.2616e-01
-4.9363e-01
-4.6303e-01
-4.3428e-01
-4.0731e-01
-3.8204e-01
-3.5837e-01
-3.3622e-01
-1.1543e-02
-1.8321e-02
-6.5856e-02
-1.5904e-01
-2.7965e-01
-4.0461e-01
-5.1771e-01
-6.1077e-01
-6.8138e-01
-7.3038e-01
-7.6023e-01
-7.7397e-01
-7.7468e-01
-7.6517e-01
-7.4794e-01
-7.2504e-01
-6.9817e-01
-6.6869e-01
-6.3765e-01
-6.0587e-01
-5.7400e-01
-5.4249e-01
-5.1170e-01
-4.8189e-01
-4.5322e-01
-4.2581e-01
-3.9972e-01
-3.7500e-01
-3.5162e-01
-3.2959e-01
-3.0886e-01
-2.8940e-01
-2.7114e-01
-2.5404e-01
-2.3804e-01
-2.2308e-01
