-2.2000e+02
-9.8323e+00
-2.9341e+00
-2.1191e+00
-1.4748e+00
-1.1136e+00
-8.8522e-01
-7.2703e-01
-6.1051e-01
-5.2099e-01
-4.5011e-01
-5.1030e-01
-4.8189e-01
-4.3214e-01
-3.8760e-01
-3.4877e-01
-3.1498e-01
-2.8549e-01
-2.5964e-01
-2.3686e-01
-2.1671e-01
-1.9879e-01
-1.8280e-01
-1.6846e-01
-1.5557e-01
-1.4393e-01
-1.3339e-01
-1.2381e-01
-1.1509e-01
-1.0713e-01
-9.9850e-02
-9.3169e-02
-8.7031e-02
-8.1379e-02
-7.6168e-02
-7.1354e-02
-1.2000e+02
0.0000e+00
0.0000e+00
-8.5950e+00
-6.5585e+00
-6.0108e+00
-5.2790e+00
-4.6008e+00
-4.0154e+00
-3.5192e+00
-3.0991e+00
-2.7516e+00
-2.4701e+00
-2.2215e+00
-1.9997e+00
-1.8028e+00
-1.6282e+00
-1.4733e+00
-1.3356e+00
-1.2129e+00
-1.1033e+00
-1.0054e+00
-9.1756e-01
-8.3869e-01
-7.6772e-01
-7.0374e-01
-6.4597e-01
-5.9370e-01
-5.4635e-01
-5.0338e-01
-4.6433e-01
-4.2878e-01
-3.9638e-01
-3.6681e-01
-3.3979e-01
-3.1506e-01
-2.0000e+01
-3.7380e+00
-4.4452e+00
-4.7201e+00
-5.2388e+00
-5.5718e+00
-5.4874e+00
-5.2035e+00
-4.8402e+00
-4.4560e+00
-4.0788e+00
-3.7220e+00
-3.3921e+00
-3.0915e+00
-2.8190e+00
-2.5719e+00
-2.3480e+00
-2.1449e+00
-1.9609e+00
-1.7941e+00
-1.6428e+00
-1.5056e+00
-1.3811e+00
-1.2680e+00
-1.1652e+00
-1.0718e+00
-9.8674e-01
-9.0925e-01
-8.3861e-01
-7.7414e-01
-7.1526e-01
-6.6143e-01
-6.1218e-01
-5.6707e-01
-5.2571e-01
-4.8777e-01
-1.9873e-01
-3.7349e-01
-6.0562e-01
-9.1893e-01
-1.2437e+00
-1.5172e+00
-1.7133e+00
-1.8303e+00
-1.8804e+00
-1.8794e+00
-1.8422e+00
-1.7809e+00
-1.7042e+00
-1.6190e+00
-1.5298e+00
-1.4399e+00
-1.3514e+00
-1.2656e+00
-1.1833e+00
-1.1051e+00
-1.0312e+00
-9.6165e-01
-8.9640e-01
-8.3537e-01
-7.7840e-01
-7.2531e-01
-6.7589e-01
-6.2993e-01
-5.8723e-01
-5.4757e-01
-5.1075e-01
-4.7658e-01
-4.4486e-01
-4.1542e-01
-3.8810e-01
-3.6274e-01
-1.4290e-02
-4.3309e-02
-7.7881e-02
-1.2566e-01
-1.8238e-01
-2.3653e-01
-2.8001e-01
-3.0986e-01
-3.2663e-01
-3.3262e-01
-3.3049e-01
-3.2267e-01
-3.1105e-01
-2.9710e-01
-2.8186e-01
-2.6610e-01
-2.5030e-01
-2.3482e-01
-2.1985e-01
-2.0554e-01
-1.9194e-01
-1.7910e-01
-1.6702e-01
-1.5570e-01
-1.4512e-01
-1.3524e-01
-1.2603e-01
-1.1747e-01
-1.0950e-01
-1.0210e-01
-9.5223e-02
-8.8838e-02
-8.2912e-02
-7.7412e-02
-7.2305e-02
-6.7565e-02
-8.5202e-01
-3.4055e+00
-4.9009e+00
-5.3945e+00
-5.4236e+00
-5.2351e+00
-4.9445e+00
-4.6127e+00
-4.2729e+00
-3.9432e+00
-3.6324e+00
-3.3448e+00
-3.0823e+00
-2.8444e+00
-2.6290e+00
-2.4339e+00
-2.2570e+00
-2.0964e+00
-1.9503e+00
-1.8173e+00
-1.6958e+00
-1.5846e+00
-1.4826e+00
-1.3889e+00
-1.3026e+00
-1.2229e+00
-1.1493e+00
-1.0810e+00
-1.0176e+00
-9.5874e-01
-9.0392e-01
-8.5280e-01
-8.0508e-01
-7.6049e-01
-7.1877e-01
-6.7970e-01
-9.6953e-01
-3.5505e+00
-4.7167e+00
-4.8893e+00
-4.7370e+00
-4.4861e+00
-4.2058e+00
-3.9218e+00
-3.6458e+00
-3.3838e+00
-3.1385e+00
-2.9112e+00
-2.7028e+00
-2.5124e+00
-2.3381e+00
-2.1782e+00
-2.0314e+00
-1.8965e+00
-1.7724e+00
-1.6581e+00
-1.5527e+00
-1.4553e+00
-1.3652e+00
-1.2817e+00
-1.2043e+00
-1.1323e+00
-1.0654e+00
-1.0032e+00
-9.4511e-01
-8.9094e-01
-8.4034e-01
-7.9304e-01
-7.4879e-01
-7.0736e-01
-6.6853e-01
-6.3213e-01
-6.1349e-02
-1.8950e-01
-5.0957e-01
-8.9660e-01
-1.2273e+00
-1.4673e+00
-1.6249e+00
-1.7181e+00
-1.7631e+00
-1.7726e+00
-1.7560e+00
-1.7206e+00
-1.6717e+00
-1.6137e+00
-1.5498e+00
-1.4824e+00
-1.4132e+00
-1.3438e+00
-1.2750e+00
-1.2076e+00
-1.1422e+00
-1.0790e+00
-1.0185e+00
-9.6062e-01
-9.0557e-01
-8.5333e-01
-8.0388e-01
-7.5715e-01
-7.1307e-01
-6.7155e-01
-6.3247e-01
-5.9572e-01
-5.6118e-01
-5.2875e-01
-4.9830e-01
-4.6971e-01
-6.1834e-02
-9.7680e-02
-1.7088e-01
-3.1934e-01
-5.0678e-01
-6.9126e-01
-8.4950e-01
-9.7368e-01
-1.0640e+00
-1.1240e+00
-1.1582e+00
-1.1712e+00
-1.1674e+00
-1.1504e+00
-1.1236e+00
-1.0895e+00
-1.0503e+00
-1.0078e+00
-9.6332e-01
-9.1792e-01
-8.7241e-01
-8.2741e-01
-7.8337e-01
-7.4064e-01
-6.9945e-01
-6.5994e-01
-6.2223e-01
-5.8635e-01
-5.5231e-01
-5.2009e-01
-4.8967e-01
-4.6097e-01
-4.3395e-01
-4.0853e-01
-3.8463e-01
-3.6219e-01
-1.1991e-01
-9.1515e-02
-1.2393e-01
-2.0892e-01
-3.2533e-01
-4.4869e-01
-5.6184e-01
-6.5598e-01
-7.2820e-01
-7.7904e-01
-8.1073e-01
-8.2618e-01
-8.2836e-01
-8.2005e-01
-8.0372e-01
-7.8142e-01
-7.5487e-01
-7.2543e-01
-6.9418e-01
-6.6198e-01
-6.2949e-01
-5.9719e-01
-5.6547e-01
-5.3461e-01
-5.0479e-01
-4.7614e-01
-4.4876e-01
-4.2269e-01
-3.9795e-01
-3.7452e-01
-3.5239e-01
-3.3152e-01
-3.1187e-01
-2.9339e-01
-2.7602e-01
-2.5972e-01
