2.69686773e+02
5.00133596e+01
4.04717137e+01
3.79567156e+01
3.54596294e+01
3.36999991e+01
3.27776642e+01
3.18285735e+01
3.11882414e+01
3.05674497e+01
2.96306244e+01
2.94919684e+01
2.90910107e+01
2.84191033e+01
2.79337712e+01
2.80620907e+01
2.72820504e+01
2.68924476e+01
2.69678553e+01
2.65421986e+01
2.60548061e+01
2.60410917e+01
2.57805964e+01
2.56224504e+01
2.53526536e+01
2.52520933e+01
2.52977522e+01
2.46911402e+01
2.49446978e+01
2.47331949e+01
2.47652419e+01
2.46298443e+01
2.46498118e+01
2.44684829e+01
2.42973688e+01
2.42205460e+01
2.37748654e+01
2.69725334e+02
1.50195729e+02
1.50124168e+02
1.50144979e+02
1.42010318e+02
1.34892304e+02
1.28635195e+02
1.23691341e+02
1.18830080e+02
1.14722731e+02
1.11369503e+02
1.08049607e+02
1.05557515e+02
1.03190802e+02
1.00640081e+02
9.86114109e+01
9.64188606e+01
9.56628923e+01
9.35909666e+01
9.20628037e+01
9.09305410e+01
9.00849927e+01
8.89556380e+01
8.78343612e+01
8.71551493e+01
8.62509114e+01
8.56454316e+01
8.49021731e+01
8.46738841e+01
8.38617720e+01
8.36220506e+01
8.32746563e+01
8.24614082e+01
8.21629678e+01
8.17714771e+01
8.14040594e+01
8.11677468e+01
2.70006105e+02
2.49804366e+02
2.46198409e+02
2.41726783e+02
2.36920716e+02
2.31506197e+02
2.25626492e+02
2.20088324e+02
2.14867317e+02
2.10167193e+02
2.05278144e+02
2.01275880e+02
1.96995077e+02
1.93527638e+02
1.90396459e+02
1.87695603e+02
1.85093509e+02
1.82512891e+02
1.80622966e+02
1.78214377e+02
1.76214802e+02
1.74942908e+02
1.73123136e+02
1.71829694e+02
1.70287874e+02
1.69471332e+02
1.68274252e+02
1.67125982e+02
1.66243278e+02
1.65382239e+02
1.64383098e+02
1.64015048e+02
1.63338113e+02
1.62297075e+02
1.61726656e+02
1.61939724e+02
1.60851291e+02
2.71129408e+02
2.70690611e+02
2.70211256e+02
2.69572701e+02
2.68776336e+02
2.67769255e+02
2.65936241e+02
2.64532925e+02
2.62994100e+02
2.61213506e+02
2.58769278e+02
2.57334268e+02
2.55258881e+02
2.53749880e+02
2.52062511e+02
2.50607734e+02
2.49191359e+02
2.47721210e+02
2.46479873e+02
2.45491064e+02
2.44216557e+02
2.43498195e+02
2.42388815e+02
2.42231138e+02
2.40966033e+02
2.40154224e+02
2.39649642e+02
2.38748663e+02
2.38558519e+02
2.38306691e+02
2.36950736e+02
2.36526846e+02
2.36316209e+02
2.35416255e+02
2.35316502e+02
2.34933212e+02
2.34731601e+02
2.68267167e+02
2.67774074e+02
2.68117502e+02
2.68389890e+02
2.68126675e+02
2.67983421e+02
2.67845118e+02
2.67296136e+02
2.66958126e+02
2.66914057e+02
2.65990731e+02
2.65827782e+02
2.65743468e+02
2.65113904e+02
2.64524712e+02
2.64819617e+02
2.64371081e+02
2.63998348e+02
2.64157719e+02
2.63810291e+02
2.63301548e+02
2.63343749e+02
2.63321482e+02
2.62802291e+02
2.62478651e+02
2.63012494e+02
2.62741316e+02
2.62680717e+02
2.62269951e+02
2.61970281e+02
2.61873533e+02
2.61560508e+02
2.61813417e+02
2.61840997e+02
2.62050150e+02
2.61599356e+02
2.61965101e+02
2.72688879e+02
2.71655741e+02
2.68542386e+02
2.64054058e+02
2.58975009e+02
2.53683895e+02
2.49210695e+02
2.43838110e+02
2.39133733e+02
2.34622623e+02
2.31358686e+02
2.27562024e+02
2.24317037e+02
2.21160206e+02
2.18221404e+02
2.16073287e+02
2.13588929e+02
2.11624931e+02
2.09248374e+02
2.07575625e+02
2.05222371e+02
2.03884691e+02
2.02299434e+02
2.01046220e+02
1.99462683e+02
1.98041283e+02
1.96783822e+02
1.95989588e+02
1.95029288e+02
1.94019055e+02
1.93219029e+02
1.92241634e+02
1.91080705e+02
1.90293390e+02
1.89715810e+02
1.89306851e+02
1.88635319e+02
2.72339622e+02
2.71256755e+02
2.67604840e+02
2.62902401e+02
2.57993685e+02
2.53310025e+02
2.48430418e+02
2.44358140e+02
2.40674455e+02
2.37092329e+02
2.33761797e+02
2.30821260e+02
2.28114423e+02
2.25591885e+02
2.23320443e+02
2.20746087e+02
2.18706757e+02
2.16855389e+02
2.15275162e+02
2.13336822e+02
2.11576315e+02
2.10480897e+02
2.08498027e+02
2.07770824e+02
2.06119615e+02
2.05054731e+02
2.04439473e+02
2.03114361e+02
2.02549878e+02
2.01204719e+02
2.00017920e+02
1.99484454e+02
1.98736727e+02
1.98090188e+02
1.97465902e+02
1.96974807e+02
1.95831886e+02
2.71996781e+02
2.72105767e+02
2.71937029e+02
2.71660716e+02
2.70311475e+02
2.69120523e+02
2.67617283e+02
2.66236186e+02
2.64319874e+02
2.62762147e+02
2.61012814e+02
2.59014503e+02
2.57870318e+02
2.55987515e+02
2.54364465e+02
2.52769678e+02
2.51417478e+02
2.50028385e+02
2.48519518e+02
2.47586492e+02
2.46039430e+02
2.44822570e+02
2.44394958e+02
2.43112189e+02
2.42512066e+02
2.41409163e+02
2.40427035e+02
2.39877951e+02
2.38820061e+02
2.38328929e+02
2.37521845e+02
2.37210303e+02
2.36617239e+02
2.36069981e+02
2.35232711e+02
2.35327314e+02
2.34941572e+02
2.72228452e+02
2.71906520e+02
2.71958919e+02
2.71979036e+02
2.71472430e+02
2.70929223e+02
2.70337671e+02
2.69538136e+02
2.68486008e+02
2.67193522e+02
2.66303955e+02
2.65098823e+02
2.64172961e+02
2.62468488e+02
2.61663046e+02
2.60474411e+02
2.59926415e+02
2.58724328e+02
2.57414949e+02
2.56527352e+02
2.55878294e+02
2.55188126e+02
2.54057642e+02
2.53144566e+02
2.52326318e+02
2.51806623e+02
2.51259370e+02
2.50806313e+02
2.50081645e+02
2.49536585e+02
2.49184993e+02
2.48518750e+02
2.48139423e+02
2.47645433e+02
2.47352078e+02
2.46999177e+02
2.46640868e+02
2.71722388e+02
2.71961810e+02
2.71726123e+02
2.72076287e+02
2.71581094e+02
2.71195138e+02
2.71018824e+02
2.70073544e+02
2.69211728e+02
2.68540500e+02
2.68171148e+02
2.67250832e+02
2.66410860e+02
2.65458803e+02
2.65066632e+02
2.63946936e+02
2.63402658e+02
2.62636000e+02
2.61663468e+02
2.61225243e+02
2.60626967e+02
2.60211869e+02
2.59305776e+02
2.58448944e+02
2.58724825e+02
2.57524491e+02
2.57078294e+02
2.56933068e+02
2.56791789e+02
2.56426125e+02
2.55995138e+02
2.55807868e+02
2.55727271e+02
2.54697013e+02
2.54422239e+02
2.54699390e+02
2.54080240e+02
