-2.2000e+02
-1.0144e+01
-2.9931e+00
-2.0741e+00
-1.4310e+00
-1.0765e+00
-8.5328e-01
-6.9888e-01
-5.8531e-01
-4.9816e-01
-4.5709e-01
-5.1056e-01
-4.5986e-01
-4.1011e-01
-3.6663e-01
-3.2903e-01
-2.9649e-01
-2.6820e-01
-2.4350e-01
-2.2182e-01
-2.0270e-01
-1.8576e-01
-1.7068e-01
-1.5721e-01
-1.4513e-01
-1.3425e-01
-1.2442e-01
-1.1552e-01
-1.0743e-01
-1.0005e-01
-9.3317e-02
-8.7148e-02
-8.1488e-02
-7.6281e-02
-7.1484e-02
-6.7057e-02
-1.2000e+02
0.0000e+00
0.0000e+00
-8.8952e+00
-6.6922e+00
-6.0706e+00
-5.2901e+00
-4.5856e+00
-3.9852e+00
-3.4802e+00
-3.0558e+00
-2.7137e+00
-2.4290e+00
-2.1767e+00
-1.9536e+00
-1.7566e+00
-1.5827e+00
-1.4289e+00
-1.2926e+00
-1.1715e+00
-1.0636e+00
-9.6728e-01
-8.8114e-01
-8.0393e-01
-7.3459e-01
-6.7221e-01
-6.1599e-01
-5.6524e-01
-5.1936e-01
-4.7781e-01
-4.4012e-01
-4.0590e-01
-3.7477e-01
-3.4643e-01
-3.2058e-01
-2.9699e-01
-2.0000e+01
-4.5959e+00
-4.5087e+00
-4.8301e+00
-5.3075e+00
-5.5897e+00
-5.4622e+00
-5.1520e+00
-4.7732e+00
-4.3801e+00
-3.9983e+00
-3.6399e+00
-3.3107e+00
-3.0118e+00
-2.7411e+00
-2.4961e+00
-2.2743e+00
-2.0736e+00
-1.8920e+00
-1.7276e+00
-1.5788e+00
-1.4441e+00
-1.3220e+00
-1.2114e+00
-1.1110e+00
-1.0200e+00
-9.3724e-01
-8.6204e-01
-7.9364e-01
-7.3136e-01
-6.7461e-01
-6.2285e-01
-5.7560e-01
-5.3244e-01
-4.9297e-01
-4.5685e-01
2.6933e-01
-5.6953e-02
-3.3939e-01
-6.8010e-01
-1.0249e+00
-1.3161e+00
-1.5285e+00
-1.6604e+00
-1.7237e+00
-1.7345e+00
-1.7077e+00
-1.6554e+00
-1.5868e+00
-1.5087e+00
-1.4260e+00
-1.3419e+00
-1.2587e+00
-1.1779e+00
-1.1002e+00
-1.0263e+00
-9.5639e-01
-8.9066e-01
-8.2909e-01
-7.7157e-01
-7.1797e-01
-6.6811e-01
-6.2181e-01
-5.7884e-01
-5.3901e-01
-5.0211e-01
-4.6793e-01
-4.3628e-01
-4.0698e-01
-3.7985e-01
-3.5473e-01
-3.3146e-01
2.9025e-02
1.8873e-02
-2.5123e-02
-8.0711e-02
-1.4287e-01
-2.0129e-01
-2.4839e-01
-2.8136e-01
-3.0081e-01
-3.0908e-01
-3.0889e-01
-3.0270e-01
-2.9249e-01
-2.7975e-01
-2.6557e-01
-2.5074e-01
-2.3578e-01
-2.2105e-01
-2.0678e-01
-1.9311e-01
-1.8011e-01
-1.6785e-01
-1.5632e-01
-1.4552e-01
-1.3545e-01
-1.2606e-01
-1.1733e-01
-1.0922e-01
-1.0170e-01
-9.4723e-02
-8.8261e-02
-8.2276e-02
-7.6733e-02
-7.1600e-02
-6.6846e-02
-6.2444e-02
-6.2857e-01
-2.9475e+00
-4.4605e+00
-5.0016e+00
-5.0617e+00
-4.8938e+00
-4.6194e+00
-4.3023e+00
-3.9770e+00
-3.6618e+00
-3.3658e+00
-3.0934e+00
-2.8463e+00
-2.6236e+00
-2.4230e+00
-2.2424e+00
-2.0795e+00
-1.9324e+00
-1.7992e+00
-1.6784e+00
-1.5684e+00
-1.4681e+00
-1.3764e+00
-1.2922e+00
-1.2147e+00
-1.1432e+00
-1.0771e+00
-1.0159e+00
-9.5900e-01
-9.0605e-01
-8.5670e-01
-8.1060e-01
-7.6749e-01
-7.2711e-01
-6.8925e-01
-6.5370e-01
-8.6875e-01
-3.4210e+00
-4.5595e+00
-4.6926e+00
-4.5052e+00
-4.2293e+00
-3.9344e+00
-3.6444e+00
-3.3691e+00
-3.1127e+00
-2.8766e+00
-2.6612e+00
-2.4662e+00
-2.2898e+00
-2.1294e+00
-1.9835e+00
-1.8503e+00
-1.7286e+00
-1.6171e+00
-1.5148e+00
-1.4208e+00
-1.3340e+00
-1.2539e+00
-1.1798e+00
-1.1111e+00
-1.0472e+00
-9.8786e-01
-9.3253e-01
-8.8091e-01
-8.3269e-01
-7.8758e-01
-7.4534e-01
-7.0575e-01
-6.6860e-01
-6.3371e-01
-6.0092e-01
1.5118e-01
1.9743e-02
-3.2951e-01
-7.3518e-01
-1.0707e+00
-1.3083e+00
-1.4620e+00
-1.5524e+00
-1.5965e+00
-1.6069e+00
-1.5929e+00
-1.5614e+00
-1.5175e+00
-1.4651e+00
-1.4073e+00
-1.3462e+00
-1.2837e+00
-1.2208e+00
-1.1585e+00
-1.0975e+00
-1.0383e+00
-9.8130e-01
-9.2665e-01
-8.7449e-01
-8.2491e-01
-7.7790e-01
-7.3343e-01
-6.9146e-01
-6.5189e-01
-6.1463e-01
-5.7960e-01
-5.4666e-01
-5.1572e-01
-4.8666e-01
-4.5939e-01
-4.3378e-01
1.8250e-01
1.7026e-01
3.8379e-02
-1.6493e-01
-3.8902e-01
-5.9382e-01
-7.6195e-01
-8.9035e-01
-9.8215e-01
-1.0424e+00
-1.0767e+00
-1.0899e+00
-1.0865e+00
-1.0704e+00
-1.0449e+00
-1.0126e+00
-9.7554e-01
-9.3541e-01
-8.9352e-01
-8.5087e-01
-8.0822e-01
-7.6616e-01
-7.2512e-01
-6.8538e-01
-6.4717e-01
-6.1061e-01
-5.7577e-01
-5.4271e-01
-5.1139e-01
-4.8181e-01
-4.5392e-01
-4.2766e-01
-4.0295e-01
-3.7974e-01
-3.5795e-01
-3.3749e-01
2.5845e-01
1.6025e-01
7.6360e-02
-4.0469e-02
-1.7828e-01
-3.1643e-01
-4.3987e-01
-5.4123e-01
-6.1868e-01
-6.7350e-01
-7.0847e-01
-7.2684e-01
-7.3180e-01
-7.2629e-01
-7.1282e-01
-6.9348e-01
-6.7000e-01
-6.4371e-01
-6.1569e-01
-5.8676e-01
-5.5756e-01
-5.2855e-01
-5.0011e-01
-4.7246e-01
-4.4581e-01
-4.2027e-01
-3.9591e-01
-3.7277e-01
-3.5085e-01
-3.3014e-01
-3.1062e-01
-2.9225e-01
-2.7499e-01
-2.5878e-01
-2.4358e-01
-2.2934e-01
