2.70000000e+02
5.00000000e+01
4.04635140e+01
3.76001750e+01
3.54569290e+01
3.39594670e+01
3.28277710e+01
3.19280310e+01
3.11893900e+01
3.05696470e+01
3.00413810e+01
2.95855950e+01
2.91600650e+01
2.86834700e+01
2.82508900e+01
2.78623270e+01
2.75127120e+01
2.71971150e+01
2.69112250e+01
2.66513580e+01
2.64143820e+01
2.61976310e+01
2.59988270e+01
2.58160140e+01
2.56475090e+01
2.54918510e+01
2.53477720e+01
2.52141620e+01
2.50900480e+01
2.49745710e+01
2.48669710e+01
2.47665740e+01
2.46727770e+01
2.45850440e+01
2.45028900e+01
2.44258800e+01
2.43536220e+01
2.70000000e+02
1.50000000e+02
1.50000000e+02
1.50000000e+02
1.41572133e+02
1.35057565e+02
1.29076259e+02
1.23823776e+02
1.19249705e+02
1.15262152e+02
1.11772131e+02
1.08703425e+02
1.05992240e+02
1.03570759e+02
1.01392570e+02
9.94321490e+01
9.76659970e+01
9.60724280e+01
9.46320560e+01
9.33277870e+01
9.21446270e+01
9.10694340e+01
9.00906810e+01
8.91982400e+01
8.83831980e+01
8.76376910e+01
8.69547690e+01
8.63282790e+01
8.57527560e+01
8.52233430e+01
8.47357120e+01
8.42860010e+01
8.38707540e+01
8.34868790e+01
8.31315980e+01
8.28024180e+01
8.24970910e+01
2.70000000e+02
2.50000000e+02
2.46120548e+02
2.41699113e+02
2.37079027e+02
2.31976407e+02
2.26554852e+02
2.21219092e+02
2.16164232e+02
2.11467578e+02
2.07149061e+02
2.03200958e+02
1.99602727e+02
1.96328260e+02
1.93348802e+02
1.90635975e+02
1.88163972e+02
1.85909697e+02
1.83852402e+02
1.81973380e+02
1.80255744e+02
1.78684257e+02
1.77245174e+02
1.75926106e+02
1.74715889e+02
1.73604463e+02
1.72582768e+02
1.71642637e+02
1.70776713e+02
1.69978356e+02
1.69241579e+02
1.68560976e+02
1.67931661e+02
1.67349219e+02
1.66809654e+02
1.66309347e+02
1.65845019e+02
2.69798870e+02
2.69780550e+02
2.69534226e+02
2.69025788e+02
2.68178030e+02
2.66985597e+02
2.65505936e+02
2.63822085e+02
2.62017252e+02
2.60160921e+02
2.58305379e+02
2.56487396e+02
2.54731394e+02
2.53052636e+02
2.51459686e+02
2.49956392e+02
2.48543326e+02
2.47218902e+02
2.45980180e+02
2.44823405e+02
2.43744369e+02
2.42738650e+02
2.41801772e+02
2.40929312e+02
2.40116973e+02
2.39360632e+02
2.38656365e+02
2.38000464e+02
2.37389447e+02
2.36820051e+02
2.36289236e+02
2.35794173e+02
2.35332234e+02
2.34900985e+02
2.34498173e+02
2.34121713e+02
2.33769683e+02
2.67953378e+02
2.67955637e+02
2.67939765e+02
2.67887941e+02
2.67787296e+02
2.67630230e+02
2.67420104e+02
2.67167769e+02
2.66886672e+02
2.66589483e+02
2.66286521e+02
2.65985463e+02
2.65691667e+02
2.65408662e+02
2.65138614e+02
2.64882699e+02
2.64641396e+02
2.64414704e+02
2.64202309e+02
2.64003700e+02
2.63818251e+02
2.63645269e+02
2.63484034e+02
2.63333822e+02
2.63193921e+02
2.63063640e+02
2.62942317e+02
2.62829323e+02
2.62724066e+02
2.62625987e+02
2.62534567e+02
2.62449319e+02
2.62369791e+02
2.62295564e+02
2.62226249e+02
2.62161487e+02
2.62100945e+02
2.72964283e+02
2.71953562e+02
2.68282478e+02
2.63104393e+02
2.57474242e+02
2.51867769e+02
2.46497425e+02
2.41456742e+02
2.36778690e+02
2.32464243e+02
2.28497791e+02
2.24855761e+02
2.21511478e+02
2.18437480e+02
2.15606555e+02
2.12993827e+02
2.10577302e+02
2.08337539e+02
2.06257360e+02
2.04321599e+02
2.02516869e+02
2.00831351e+02
1.99254595e+02
1.97777346e+02
1.96391387e+02
1.95089400e+02
1.93864850e+02
1.92711881e+02
1.91625229e+02
1.90600142e+02
1.89632320e+02
1.88717859e+02
1.87853200e+02
1.87035091e+02
1.86260553e+02
1.85526845e+02
1.84831446e+02
2.72816331e+02
2.71648611e+02
2.67789739e+02
2.62787691e+02
2.57669952e+02
2.52756550e+02
2.48137211e+02
2.43833602e+02
2.39842611e+02
2.36150201e+02
2.32737274e+02
2.29582743e+02
2.26665283e+02
2.23963858e+02
2.21457897e+02
2.19129066e+02
2.16961368e+02
2.14940615e+02
2.13054134e+02
2.11290585e+02
2.09639812e+02
2.08092711e+02
2.06641107e+02
2.05277648e+02
2.03995701e+02
2.02789273e+02
2.01652931e+02
2.00581742e+02
1.99571210e+02
1.98617230e+02
1.97716046e+02
1.96864209e+02
1.96058550e+02
1.95296148e+02
1.94574306e+02
1.93890529e+02
1.93242507e+02
2.71846920e+02
2.71838749e+02
2.71695399e+02
2.71198424e+02
2.70285743e+02
2.69026929e+02
2.67522702e+02
2.65860947e+02
2.64108888e+02
2.62315986e+02
2.60518230e+02
2.58741635e+02
2.57004800e+02
2.55320734e+02
2.53698184e+02
2.52142577e+02
2.50656879e+02
2.49242268e+02
2.47898619e+02
2.46624859e+02
2.45419226e+02
2.44279473e+02
2.43203027e+02
2.42187113e+02
2.41228842e+02
2.40325288e+02
2.39473538e+02
2.38670728e+02
2.37914079e+02
2.37200907e+02
2.36528643e+02
2.35894838e+02
2.35297168e+02
2.34733431e+02
2.34201552e+02
2.33699577e+02
2.33225668e+02
2.71513783e+02
2.71537885e+02
2.71548034e+02
2.71442450e+02
2.71138242e+02
2.70609146e+02
2.69873346e+02
2.68968407e+02
2.67935577e+02
2.66812986e+02
2.65633392e+02
2.64423838e+02
2.63206029e+02
2.61996949e+02
2.60809572e+02
2.59653488e+02
2.58535517e+02
2.57460271e+02
2.56430634e+02
2.55448152e+02
2.54513344e+02
2.53625952e+02
2.52785142e+02
2.51989658e+02
2.51237947e+02
2.50528258e+02
2.49858719e+02
2.49227389e+02
2.48632310e+02
2.48071534e+02
2.47543152e+02
2.47045311e+02
2.46576224e+02
2.46134181e+02
2.45717551e+02
2.45324790e+02
2.44954434e+02
2.71197676e+02
2.71314014e+02
2.71361996e+02
2.71337082e+02
2.71202263e+02
2.70934632e+02
2.70533100e+02
2.70012011e+02
2.69393190e+02
2.68700355e+02
2.67955976e+02
2.67179783e+02
2.66388270e+02
2.65594762e+02
2.64809657e+02
2.64040851e+02
2.63294130e+02
2.62573563e+02
2.61881847e+02
2.61220612e+02
2.60590655e+02
2.59992145e+02
2.59424773e+02
2.58887879e+02
2.58380555e+02
2.57901713e+02
2.57450152e+02
2.57024604e+02
2.56623767e+02
2.56246335e+02
2.55891016e+02
2.55556549e+02
2.55241714e+02
2.54945337e+02
2.54666298e+02
2.54403533e+02
2.54156032e+02
