-2.2000e+02
-9.8993e+00
-2.9359e+00
-2.0970e+00
-1.4525e+00
-1.0933e+00
-8.6706e-01
-7.1087e-01
-5.9617e-01
-5.0826e-01
-4.3878e-01
-4.8933e-01
-4.6863e-01
-4.2024e-01
-3.7690e-01
-3.3916e-01
-3.0635e-01
-2.7774e-01
-2.5269e-01
-2.3064e-01
-2.1115e-01
-1.9383e-01
-1.7839e-01
-1.6455e-01
-1.5211e-01
-1.4088e-01
-1.3071e-01
-1.2147e-01
-1.1306e-01
-1.0537e-01
-9.8339e-02
-9.1883e-02
-8.5946e-02
-8.0477e-02
-7.5429e-02
-7.0763e-02
-1.2000e+02
0.0000e+00
0.0000e+00
-8.5495e+00
-6.5151e+00
-5.9656e+00
-5.2335e+00
-4.5560e+00
-3.9721e+00
-3.4777e+00
-3.0597e+00
-2.7129e+00
-2.4329e+00
-2.1864e+00
-1.9668e+00
-1.7721e+00
-1.5996e+00
-1.4467e+00
-1.3109e+00
-1.1901e+00
-1.0824e+00
-9.8610e-01
-8.9988e-01
-8.2251e-01
-7.5295e-01
-6.9029e-01
-6.3374e-01
-5.8261e-01
-5.3632e-01
-4.9433e-01
-4.5619e-01
-4.2149e-01
-3.8987e-01
-3.6101e-01
-3.3465e-01
-3.1053e-01
-2.0000e+01
-3.7822e+00
-4.4580e+00
-4.7082e+00
-5.2052e+00
-5.5225e+00
-5.4291e+00
-5.1404e+00
-4.7753e+00
-4.3912e+00
-4.0156e+00
-3.6611e+00
-3.3340e+00
-3.0365e+00
-2.7671e+00
-2.5232e+00
-2.3024e+00
-2.1025e+00
-1.9215e+00
-1.7576e+00
-1.6090e+00
-1.4744e+00
-1.3523e+00
-1.2416e+00
-1.1410e+00
-1.0496e+00
-9.6640e-01
-8.9069e-01
-8.2170e-01
-7.5877e-01
-7.0132e-01
-6.4883e-01
-6.0080e-01
-5.5683e-01
-5.1653e-01
-4.7956e-01
-1.3809e-01
-3.2133e-01
-5.5637e-01
-8.6877e-01
-1.1914e+00
-1.4634e+00
-1.6590e+00
-1.7768e+00
-1.8284e+00
-1.8297e+00
-1.7951e+00
-1.7364e+00
-1.6626e+00
-1.5801e+00
-1.4936e+00
-1.4063e+00
-1.3203e+00
-1.2368e+00
-1.1568e+00
-1.0807e+00
-1.0088e+00
-9.4107e-01
-8.7756e-01
-8.1814e-01
-7.6269e-01
-7.1101e-01
-6.6290e-01
-6.1817e-01
-5.7661e-01
-5.3801e-01
-5.0216e-01
-4.6890e-01
-4.3802e-01
-4.0935e-01
-3.8274e-01
-3.5804e-01
-8.2000e-03
-3.1370e-02
-6.3429e-02
-1.0769e-01
-1.5996e-01
-2.0985e-01
-2.5000e-01
-2.7770e-01
-2.9346e-01
-2.9934e-01
-2.9779e-01
-2.9099e-01
-2.8071e-01
-2.6827e-01
-2.5463e-01
-2.4048e-01
-2.2628e-01
-2.1235e-01
-1.9888e-01
-1.8599e-01
-1.7375e-01
-1.6218e-01
-1.5130e-01
-1.4110e-01
-1.3157e-01
-1.2267e-01
-1.1437e-01
-1.0666e-01
-9.9479e-02
-9.2810e-02
-8.6616e-02
-8.0863e-02
-7.5524e-02
-7.0566e-02
-6.5965e-02
-6.1692e-02
-8.7503e-01
-3.2920e+00
-4.6796e+00
-5.1278e+00
-5.1458e+00
-4.9636e+00
-4.6877e+00
-4.3746e+00
-4.0550e+00
-3.7454e+00
-3.4541e+00
-3.1849e+00
-2.9393e+00
-2.7171e+00
-2.5160e+00
-2.3339e+00
-2.1688e+00
-2.0189e+00
-1.8824e+00
-1.7581e+00
-1.6444e+00
-1.5401e+00
-1.4444e+00
-1.3563e+00
-1.2749e+00
-1.1996e+00
-1.1299e+00
-1.0650e+00
-1.0048e+00
-9.4857e-01
-8.9613e-01
-8.4712e-01
-8.0125e-01
-7.5829e-01
-7.1800e-01
-6.8017e-01
-9.8365e-01
-3.3910e+00
-4.4489e+00
-4.5977e+00
-4.4562e+00
-4.2268e+00
-3.9707e+00
-3.7106e+00
-3.4572e+00
-3.2161e+00
-2.9900e+00
-2.7801e+00
-2.5871e+00
-2.4105e+00
-2.2486e+00
-2.0997e+00
-1.9628e+00
-1.8368e+00
-1.7206e+00
-1.6133e+00
-1.5142e+00
-1.4223e+00
-1.3372e+00
-1.2581e+00
-1.1846e+00
-1.1161e+00
-1.0523e+00
-9.9271e-01
-9.3705e-01
-8.8499e-01
-8.3626e-01
-7.9060e-01
-7.4778e-01
-7.0761e-01
-6.6988e-01
-6.3444e-01
-3.5218e-02
-1.5769e-01
-4.6296e-01
-8.3044e-01
-1.1469e+00
-1.3806e+00
-1.5382e+00
-1.6353e+00
-1.6863e+00
-1.7025e+00
-1.6929e+00
-1.6642e+00
-1.6216e+00
-1.5694e+00
-1.5107e+00
-1.4480e+00
-1.3830e+00
-1.3174e+00
-1.2519e+00
-1.1876e+00
-1.1248e+00
-1.0641e+00
-1.0057e+00
-9.4982e-01
-8.9651e-01
-8.4584e-01
-7.9780e-01
-7.5233e-01
-7.0939e-01
-6.6888e-01
-6.3071e-01
-5.9477e-01
-5.6097e-01
-5.2918e-01
-4.9930e-01
-4.7123e-01
-3.1325e-02
-5.8898e-02
-1.5098e-01
-3.1936e-01
-5.1928e-01
-7.0941e-01
-8.6930e-01
-9.9326e-01
-1.0827e+00
-1.1415e+00
-1.1746e+00
-1.1867e+00
-1.1820e+00
-1.1644e+00
-1.1370e+00
-1.1024e+00
-1.0629e+00
-1.0201e+00
-9.7530e-01
-9.2967e-01
-8.8396e-01
-8.3878e-01
-7.9459e-01
-7.5172e-01
-7.1040e-01
-6.7077e-01
-6.3294e-01
-5.9694e-01
-5.6279e-01
-5.3046e-01
-4.9992e-01
-4.7110e-01
-4.4395e-01
-4.1840e-01
-3.9437e-01
-3.7179e-01
-4.6841e-02
-4.4440e-02
-8.5689e-02
-1.7418e-01
-2.9202e-01
-4.1614e-01
-5.2994e-01
-6.2482e-01
-6.9795e-01
-7.4983e-01
-7.8269e-01
-7.9939e-01
-8.0288e-01
-7.9591e-01
-7.8091e-01
-7.5993e-01
-7.3467e-01
-7.0649e-01
-6.7646e-01
-6.4544e-01
-6.1408e-01
-5.8286e-01
-5.5219e-01
-5.2231e-01
-4.9343e-01
-4.6568e-01
-4.3915e-01
-4.1388e-01
-3.8990e-01
-3.6718e-01
-3.4572e-01
-3.2548e-01
-3.0641e-01
-2.8848e-01
-2.7163e-01
-2.5580e-01
