-2.2000e+02
-9.5793e+00
-2.8700e+00
-2.1421e+00
-1.4993e+00
-1.1351e+00
-9.0396e-01
-7.4341e-01
-6.2491e-01
-5.3372e-01
-4.6143e-01
-4.6673e-01
-4.8984e-01
-4.4191e-01
-3.9713e-01
-3.5775e-01
-3.2335e-01
-2.9326e-01
-2.6683e-01
-2.4352e-01
-2.2284e-01
-2.0444e-01
-1.8798e-01
-1.7321e-01
-1.5990e-01
-1.4787e-01
-1.3696e-01
-1.2705e-01
-1.1800e-01
-1.0974e-01
-1.0218e-01
-9.5233e-02
-8.8851e-02
-8.2974e-02
-7.7555e-02
-7.2549e-02
-1.2000e+02
0.0000e+00
0.0000e+00
-8.3670e+00
-6.4787e+00
-5.9683e+00
-5.2571e+00
-4.5905e+00
-4.0124e+00
-3.5211e+00
-3.1044e+00
-2.7525e+00
-2.4703e+00
-2.2265e+00
-2.0078e+00
-1.8126e+00
-1.6389e+00
-1.4843e+00
-1.3467e+00
-1.2238e+00
-1.1139e+00
-1.0155e+00
-9.2714e-01
-8.4764e-01
-7.7601e-01
-7.1134e-01
-6.5286e-01
-5.9990e-01
-5.5186e-01
-5.0821e-01
-4.6851e-01
-4.3234e-01
-3.9935e-01
-3.6922e-01
-3.4167e-01
-3.1646e-01
-2.0000e+01
-3.6784e+00
-4.4001e+00
-4.6789e+00
-5.1862e+00
-5.5216e+00
-5.4480e+00
-5.1746e+00
-4.8207e+00
-4.4444e+00
-4.0736e+00
-3.7218e+00
-3.3951e+00
-3.0965e+00
-2.8256e+00
-2.5797e+00
-2.3566e+00
-2.1540e+00
-1.9700e+00
-1.8030e+00
-1.6512e+00
-1.5134e+00
-1.3881e+00
-1.2742e+00
-1.1706e+00
-1.0762e+00
-9.9023e-01
-9.1184e-01
-8.4033e-01
-7.7503e-01
-7.1536e-01
-6.6079e-01
-6.1085e-01
-5.6510e-01
-5.2317e-01
-4.8470e-01
-1.5480e-01
-3.3961e-01
-5.8144e-01
-9.0336e-01
-1.2354e+00
-1.5146e+00
-1.7152e+00
-1.8357e+00
-1.8883e+00
-1.8891e+00
-1.8528e+00
-1.7917e+00
-1.7148e+00
-1.6287e+00
-1.5383e+00
-1.4469e+00
-1.3568e+00
-1.2694e+00
-1.1855e+00
-1.1057e+00
-1.0302e+00
-9.5924e-01
-8.9267e-01
-8.3043e-01
-7.7237e-01
-7.1831e-01
-6.6804e-01
-6.2134e-01
-5.7800e-01
-5.3780e-01
-5.0054e-01
-4.6601e-01
-4.3401e-01
-4.0436e-01
-3.7689e-01
-3.5144e-01
-9.8080e-03
-3.5304e-02
-6.9855e-02
-1.1777e-01
-1.7459e-01
-2.2902e-01
-2.7301e-01
-3.0348e-01
-3.2094e-01
-3.2757e-01
-3.2601e-01
-3.1865e-01
-3.0739e-01
-2.9370e-01
-2.7863e-01
-2.6295e-01
-2.4720e-01
-2.3172e-01
-2.1673e-01
-2.0238e-01
-1.8874e-01
-1.7586e-01
-1.6374e-01
-1.5238e-01
-1.4177e-01
-1.3187e-01
-1.2266e-01
-1.1409e-01
-1.0613e-01
-9.8745e-02
-9.1894e-02
-8.5543e-02
-7.9655e-02
-7.4200e-02
-6.9146e-02
-6.4461e-02
-1.0541e+00
-3.6457e+00
-5.1481e+00
-5.6393e+00
-5.6579e+00
-5.4548e+00
-5.1481e+00
-4.8003e+00
-4.4452e+00
-4.1012e+00
-3.7774e+00
-3.4777e+00
-3.2038e+00
-2.9556e+00
-2.7311e+00
-2.5277e+00
-2.3432e+00
-2.1756e+00
-2.0230e+00
-1.8838e+00
-1.7566e+00
-1.6400e+00
-1.5330e+00
-1.4346e+00
-1.3438e+00
-1.2600e+00
-1.1825e+00
-1.1106e+00
-1.0439e+00
-9.8196e-01
-9.2428e-01
-8.7053e-01
-8.2040e-01
-7.7360e-01
-7.2986e-01
-6.8896e-01
-1.1817e+00
-3.7679e+00
-4.9186e+00
-5.0835e+00
-4.9231e+00
-4.6623e+00
-4.3710e+00
-4.0759e+00
-3.7890e+00
-3.5166e+00
-3.2615e+00
-3.0247e+00
-2.8069e+00
-2.6079e+00
-2.4257e+00
-2.2585e+00
-2.1049e+00
-1.9635e+00
-1.8334e+00
-1.7133e+00
-1.6025e+00
-1.5001e+00
-1.4053e+00
-1.3174e+00
-1.2359e+00
-1.1602e+00
-1.0898e+00
-1.0243e+00
-9.6332e-01
-9.0644e-01
-8.5338e-01
-8.0384e-01
-7.5754e-01
-7.1427e-01
-6.7377e-01
-6.3587e-01
-6.9319e-02
-2.0297e-01
-5.3143e-01
-9.2465e-01
-1.2609e+00
-1.5058e+00
-1.6671e+00
-1.7622e+00
-1.8074e+00
-1.8155e+00
-1.7962e+00
-1.7571e+00
-1.7041e+00
-1.6414e+00
-1.5727e+00
-1.5006e+00
-1.4270e+00
-1.3533e+00
-1.2805e+00
-1.2095e+00
-1.1408e+00
-1.0748e+00
-1.0116e+00
-9.5155e-01
-8.9454e-01
-8.4063e-01
-7.8976e-01
-7.4185e-01
-6.9680e-01
-6.5449e-01
-6.1480e-01
-5.7759e-01
-5.4273e-01
-5.1008e-01
-4.7952e-01
-4.5092e-01
-4.7974e-02
-7.8690e-02
-1.5750e-01
-3.1315e-01
-5.0748e-01
-6.9779e-01
-8.6021e-01
-9.8669e-01
-1.0775e+00
-1.1365e+00
-1.1685e+00
-1.1786e+00
-1.1714e+00
-1.1507e+00
-1.1202e+00
-1.0825e+00
-1.0399e+00
-9.9435e-01
-9.4711e-01
-8.9929e-01
-8.5171e-01
-8.0497e-01
-7.5951e-01
-7.1565e-01
-6.7359e-01
-6.3345e-01
-5.9532e-01
-5.5921e-01
-5.2509e-01
-4.9295e-01
-4.6271e-01
-4.3431e-01
-4.0767e-01
-3.8269e-01
-3.5931e-01
-3.3741e-01
-6.0971e-02
-5.8129e-02
-1.0118e-01
-1.9093e-01
-3.0807e-01
-4.2943e-01
-5.3897e-01
-6.2870e-01
-6.9625e-01
-7.4250e-01
-7.6992e-01
-7.8154e-01
-7.8043e-01
-7.6939e-01
-7.5087e-01
-7.2692e-01
-6.9921e-01
-6.6908e-01
-6.3757e-01
-6.0546e-01
-5.7338e-01
-5.4177e-01
-5.1096e-01
-4.8119e-01
-4.5261e-01
-4.2533e-01
-3.9940e-01
-3.7485e-01
-3.5166e-01
-3.2981e-01
-3.0927e-01
-2.8999e-01
-2.7191e-01
-2.5498e-01
-2.3914e-01
-2.2432e-01
