-2.2000e+02
-9.7264e+00
-2.9041e+00
-2.1318e+00
-1.4877e+00
-1.1231e+00
-8.9106e-01
-7.2952e-01
-6.1029e-01
-5.1869e-01
-4.4629e-01
-4.6432e-01
-4.7113e-01
-4.2265e-01
-3.7832e-01
-3.3968e-01
-3.0616e-01
-2.7702e-01
-2.5157e-01
-2.2924e-01
-2.0956e-01
-1.9213e-01
-1.7662e-01
-1.6277e-01
-1.5034e-01
-1.3915e-01
-1.2903e-01
-1.1987e-01
-1.1154e-01
-1.0394e-01
-9.6997e-02
-9.0636e-02
-8.4796e-02
-7.9421e-02
-7.4466e-02
-6.9892e-02
-1.2000e+02
0.0000e+00
0.0000e+00
-8.6534e+00
-6.6219e+00
-6.0485e+00
-5.2942e+00
-4.6024e+00
-4.0086e+00
-3.5071e+00
-3.0838e+00
-2.7291e+00
-2.4445e+00
-2.1975e+00
-1.9770e+00
-1.7810e+00
-1.6072e+00
-1.4530e+00
-1.3159e+00
-1.1939e+00
-1.0851e+00
-9.8778e-01
-9.0061e-01
-8.2239e-01
-7.5205e-01
-6.8871e-01
-6.3156e-01
-5.7992e-01
-5.3318e-01
-4.9083e-01
-4.5239e-01
-4.1745e-01
-3.8565e-01
-3.5667e-01
-3.3023e-01
-3.0607e-01
-2.0000e+01
-4.2662e+00
-4.4480e+00
-4.7850e+00
-5.2775e+00
-5.5799e+00
-5.4721e+00
-5.1755e+00
-4.8060e+00
-4.4193e+00
-4.0419e+00
-3.6859e+00
-3.3569e+00
-3.0572e+00
-2.7857e+00
-2.5399e+00
-2.3170e+00
-2.1150e+00
-1.9319e+00
-1.7659e+00
-1.6154e+00
-1.4788e+00
-1.3550e+00
-1.2425e+00
-1.1404e+00
-1.0477e+00
-9.6333e-01
-8.8658e-01
-8.1670e-01
-7.5302e-01
-6.9495e-01
-6.4195e-01
-5.9354e-01
-5.4929e-01
-5.0879e-01
-4.7171e-01
1.7565e-02
-2.1740e-01
-4.7963e-01
-8.1159e-01
-1.1504e+00
-1.4359e+00
-1.6423e+00
-1.7681e+00
-1.8253e+00
-1.8302e+00
-1.7975e+00
-1.7396e+00
-1.6655e+00
-1.5822e+00
-1.4943e+00
-1.4054e+00
-1.3177e+00
-1.2326e+00
-1.1510e+00
-1.0735e+00
-1.0003e+00
-9.3147e-01
-8.6703e-01
-8.0686e-01
-7.5082e-01
-6.9870e-01
-6.5030e-01
-6.0541e-01
-5.6379e-01
-5.2523e-01
-4.8952e-01
-4.5645e-01
-4.2584e-01
-3.9749e-01
-3.7125e-01
-3.4694e-01
5.1650e-03
-1.3130e-02
-5.2089e-02
-1.0419e-01
-1.6409e-01
-2.2079e-01
-2.6645e-01
-2.9815e-01
-3.1646e-01
-3.2369e-01
-3.2255e-01
-3.1546e-01
-3.0440e-01
-2.9084e-01
-2.7589e-01
-2.6032e-01
-2.4467e-01
-2.2929e-01
-2.1442e-01
-2.0020e-01
-1.8669e-01
-1.7396e-01
-1.6200e-01
-1.5080e-01
-1.4036e-01
-1.3063e-01
-1.2159e-01
-1.1319e-01
-1.0539e-01
-9.8174e-02
-9.1482e-02
-8.5285e-02
-7.9545e-02
-7.4231e-02
-6.9309e-02
-6.4751e-02
-6.5181e-01
-2.9602e+00
-4.5051e+00
-5.0904e+00
-5.1857e+00
-5.0386e+00
-4.7719e+00
-4.4530e+00
-4.1202e+00
-3.7944e+00
-3.4869e+00
-3.2027e+00
-2.9441e+00
-2.7111e+00
-2.5019e+00
-2.3138e+00
-2.1446e+00
-1.9922e+00
-1.8544e+00
-1.7297e+00
-1.6164e+00
-1.5131e+00
-1.4187e+00
-1.3322e+00
-1.2527e+00
-1.1794e+00
-1.1116e+00
-1.0488e+00
-9.9045e-01
-9.3618e-01
-8.8557e-01
-8.3831e-01
-7.9410e-01
-7.5268e-01
-7.1384e-01
-6.7736e-01
-9.7825e-01
-3.6316e+00
-4.7667e+00
-4.8717e+00
-4.6613e+00
-4.3680e+00
-4.0584e+00
-3.7554e+00
-3.4685e+00
-3.2018e+00
-2.9567e+00
-2.7331e+00
-2.5306e+00
-2.3481e+00
-2.1829e+00
-2.0329e+00
-1.8964e+00
-1.7718e+00
-1.6578e+00
-1.5532e+00
-1.4572e+00
-1.3687e+00
-1.2870e+00
-1.2114e+00
-1.1413e+00
-1.0762e+00
-1.0156e+00
-9.5915e-01
-9.0648e-01
-8.5726e-01
-8.1120e-01
-7.6806e-01
-7.2761e-01
-6.8965e-01
-6.5398e-01
-6.2046e-01
2.9617e-02
-1.0816e-01
-4.6055e-01
-8.6865e-01
-1.2037e+00
-1.4386e+00
-1.5880e+00
-1.6730e+00
-1.7110e+00
-1.7150e+00
-1.6945e+00
-1.6564e+00
-1.6061e+00
-1.5476e+00
-1.4839e+00
-1.4175e+00
-1.3499e+00
-1.2824e+00
-1.2159e+00
-1.1510e+00
-1.0882e+00
-1.0279e+00
-9.7020e-01
-9.1525e-01
-8.6308e-01
-8.1368e-01
-7.6701e-01
-7.2299e-01
-6.8153e-01
-6.4252e-01
-6.0585e-01
-5.7141e-01
-5.3906e-01
-5.0870e-01
-4.8021e-01
-4.5347e-01
3.6901e-02
1.8156e-02
-8.9773e-02
-2.7758e-01
-4.9336e-01
-6.9352e-01
-8.5838e-01
-9.8377e-01
-1.0724e+00
-1.1292e+00
-1.1597e+00
-1.1690e+00
-1.1616e+00
-1.1414e+00
-1.1118e+00
-1.0754e+00
-1.0344e+00
-9.9053e-01
-9.4508e-01
-8.9907e-01
-8.5326e-01
-8.0824e-01
-7.6443e-01
-7.2211e-01
-6.8150e-01
-6.4270e-01
-6.0579e-01
-5.7079e-01
-5.3769e-01
-5.0645e-01
-4.7701e-01
-4.4932e-01
-4.2329e-01
-3.9885e-01
-3.7591e-01
-3.5439e-01
3.4653e-02
2.1620e-02
-3.4162e-02
-1.3725e-01
-2.6767e-01
-4.0125e-01
-5.2136e-01
-6.1991e-01
-6.9470e-01
-7.4683e-01
-7.7899e-01
-7.9441e-01
-7.9630e-01
-7.8762e-01
-7.7094e-01
-7.4839e-01
-7.2173e-01
-6.9236e-01
-6.6136e-01
-6.2958e-01
-5.9767e-01
-5.6610e-01
-5.3523e-01
-5.0533e-01
-4.7655e-01
-4.4902e-01
-4.2281e-01
-3.9793e-01
-3.7441e-01
-3.5220e-01
-3.3129e-01
-3.1163e-01
-2.9316e-01
-2.7584e-01
-2.5960e-01
-2.4438e-01
