-2.2000e+02
-9.9950e+00
-2.9448e+00
-2.0880e+00
-1.4489e+00
-1.0931e+00
-8.6861e-01
-7.1331e-01
-5.9902e-01
-5.1124e-01
-4.4540e-01
-5.1683e-01
-4.7418e-01
-4.2456e-01
-3.8055e-01
-3.4225e-01
-3.0893e-01
-2.7983e-01
-2.5431e-01
-2.3182e-01
-2.1190e-01
-1.9418e-01
-1.7835e-01
-1.6416e-01
-1.5138e-01
-1.3985e-01
-1.2940e-01
-1.1992e-01
-1.1128e-01
-1.0340e-01
-9.6187e-02
-8.9580e-02
-8.3515e-02
-7.7937e-02
-7.2800e-02
-6.8063e-02
-1.2000e+02
0.0000e+00
0.0000e+00
-8.6944e+00
-6.5862e+00
-6.0112e+00
-5.2628e+00
-4.5762e+00
-3.9867e+00
-3.4887e+00
-3.0682e+00
-2.7240e+00
-2.4430e+00
-2.1943e+00
-1.9731e+00
-1.7772e+00
-1.6038e+00
-1.4501e+00
-1.3135e+00
-1.1920e+00
-1.0835e+00
-9.8646e-01
-8.9948e-01
-8.2137e-01
-7.5107e-01
-6.8768e-01
-6.3043e-01
-5.7863e-01
-5.3169e-01
-4.8910e-01
-4.5039e-01
-4.1517e-01
-3.8307e-01
-3.5380e-01
-3.2706e-01
-3.0261e-01
-2.0000e+01
-3.9553e+00
-4.5411e+00
-4.7528e+00
-5.2461e+00
-5.5550e+00
-5.4516e+00
-5.1564e+00
-4.7871e+00
-4.4000e+00
-4.0224e+00
-3.6665e+00
-3.3386e+00
-3.0404e+00
-2.7703e+00
-2.5256e+00
-2.3039e+00
-2.1030e+00
-1.9209e+00
-1.7558e+00
-1.6062e+00
-1.4704e+00
-1.3471e+00
-1.2352e+00
-1.1335e+00
-1.0410e+00
-9.5677e-01
-8.8008e-01
-8.1017e-01
-7.4640e-01
-6.8819e-01
-6.3500e-01
-5.8637e-01
-5.4187e-01
-5.0112e-01
-4.6378e-01
8.0800e-03
-2.0930e-01
-4.6534e-01
-7.9168e-01
-1.1252e+00
-1.4063e+00
-1.6100e+00
-1.7347e+00
-1.7922e+00
-1.7981e+00
-1.7672e+00
-1.7113e+00
-1.6393e+00
-1.5581e+00
-1.4722e+00
-1.3851e+00
-1.2989e+00
-1.2151e+00
-1.1345e+00
-1.0578e+00
-9.8509e-01
-9.1666e-01
-8.5248e-01
-7.9245e-01
-7.3646e-01
-6.8433e-01
-6.3587e-01
-5.9088e-01
-5.4916e-01
-5.1048e-01
-4.7466e-01
-4.4149e-01
-4.1079e-01
-3.8238e-01
-3.5608e-01
-3.3174e-01
3.6800e-03
-1.1622e-02
-4.6157e-02
-9.3224e-02
-1.4765e-01
-1.9927e-01
-2.4090e-01
-2.6987e-01
-2.8672e-01
-2.9350e-01
-2.9268e-01
-2.8644e-01
-2.7657e-01
-2.6440e-01
-2.5094e-01
-2.3688e-01
-2.2270e-01
-2.0874e-01
-1.9520e-01
-1.8221e-01
-1.6985e-01
-1.5817e-01
-1.4718e-01
-1.3688e-01
-1.2725e-01
-1.1827e-01
-1.0991e-01
-1.0214e-01
-9.4928e-02
-8.8239e-02
-8.2040e-02
-7.6298e-02
-7.0981e-02
-6.6060e-02
-6.1503e-02
-5.7287e-02
-7.9887e-01
-3.1407e+00
-4.6546e+00
-5.2151e+00
-5.2951e+00
-5.1403e+00
-4.8714e+00
-4.5539e+00
-4.2235e+00
-3.9000e+00
-3.5934e+00
-3.3086e+00
-3.0480e+00
-2.8113e+00
-2.5966e+00
-2.4020e+00
-2.2253e+00
-2.0648e+00
-1.9188e+00
-1.7856e+00
-1.6640e+00
-1.5527e+00
-1.4506e+00
-1.3568e+00
-1.2705e+00
-1.1908e+00
-1.1171e+00
-1.0490e+00
-9.8576e-01
-9.2709e-01
-8.7256e-01
-8.2181e-01
-7.7452e-01
-7.3043e-01
-6.8926e-01
-6.5080e-01
-1.0499e+00
-3.5295e+00
-4.6387e+00
-4.7998e+00
-4.6484e+00
-4.4012e+00
-4.1255e+00
-3.8463e+00
-3.5750e+00
-3.3173e+00
-3.0760e+00
-2.8522e+00
-2.6468e+00
-2.4588e+00
-2.2864e+00
-2.1280e+00
-1.9824e+00
-1.8485e+00
-1.7252e+00
-1.6115e+00
-1.5067e+00
-1.4098e+00
-1.3201e+00
-1.2371e+00
-1.1602e+00
-1.0888e+00
-1.0225e+00
-9.6085e-01
-9.0348e-01
-8.5005e-01
-8.0025e-01
-7.5380e-01
-7.1045e-01
-6.6995e-01
-6.3211e-01
-5.9672e-01
2.5545e-02
-1.0557e-01
-4.3873e-01
-8.3605e-01
-1.1743e+00
-1.4197e+00
-1.5813e+00
-1.6772e+00
-1.7237e+00
-1.7337e+00
-1.7168e+00
-1.6804e+00
-1.6301e+00
-1.5703e+00
-1.5044e+00
-1.4350e+00
-1.3641e+00
-1.2929e+00
-1.2226e+00
-1.1540e+00
-1.0876e+00
-1.0239e+00
-9.6291e-01
-9.0495e-01
-8.5002e-01
-7.9813e-01
-7.4923e-01
-7.0324e-01
-6.6005e-01
-6.1955e-01
-5.8161e-01
-5.4609e-01
-5.1287e-01
-4.8180e-01
-4.5276e-01
-4.2562e-01
4.3171e-02
2.7210e-02
-7.8797e-02
-2.6227e-01
-4.7528e-01
-6.7528e-01
-8.4164e-01
-9.6906e-01
-1.0595e+00
-1.1175e+00
-1.1485e+00
-1.1575e+00
-1.1493e+00
-1.1280e+00
-1.0968e+00
-1.0588e+00
-1.0160e+00
-9.7035e-01
-9.2316e-01
-8.7551e-01
-8.2819e-01
-7.8181e-01
-7.3680e-01
-6.9345e-01
-6.5196e-01
-6.1245e-01
-5.7498e-01
-5.3956e-01
-5.0617e-01
-4.7477e-01
-4.4528e-01
-4.1763e-01
-3.9174e-01
-3.6752e-01
-3.4487e-01
-3.2371e-01
8.0371e-02
3.9884e-02
-2.1844e-02
-1.2447e-01
-2.5242e-01
-3.8331e-01
-5.0100e-01
-5.9742e-01
-6.7028e-01
-7.2062e-01
-7.5112e-01
-7.6498e-01
-7.6547e-01
-7.5555e-01
-7.3779e-01
-7.1435e-01
-6.8697e-01
-6.5704e-01
-6.2564e-01
-5.9362e-01
-5.6160e-01
-5.3006e-01
-4.9933e-01
-4.6966e-01
-4.4121e-01
-4.1410e-01
-3.8836e-01
-3.6402e-01
-3.4108e-01
-3.1950e-01
-2.9925e-01
-2.8027e-01
-2.6252e-01
-2.4592e-01
-2.3041e-01
-2.1594e-01
