-2.2000e+02
-1.0117e+01
-3.0288e+00
-2.1032e+00
-1.4509e+00
-1.0897e+00
-8.6190e-01
-7.0457e-01
-5.8909e-01
-5.0068e-01
-4.9585e-01
-5.1756e-01
-4.6204e-01
-4.1124e-01
-3.6724e-01
-3.2930e-01
-2.9650e-01
-2.6801e-01
-2.4312e-01
-2.2127e-01
-2.0199e-01
-1.8490e-01
-1.6968e-01
-1.5607e-01
-1.4385e-01
-1.3285e-01
-1.2290e-01
-1.1389e-01
-1.0569e-01
-9.8225e-02
-9.1401e-02
-8.5153e-02
-7.9422e-02
-7.4152e-02
-6.9301e-02
-6.4827e-02
-1.2000e+02
0.0000e+00
0.0000e+00
-8.8685e+00
-6.7017e+00
-6.0908e+00
-5.3149e+00
-4.6112e+00
-4.0100e+00
-3.5033e+00
-3.0791e+00
-2.7402e+00
-2.4510e+00
-2.1948e+00
-1.9685e+00
-1.7691e+00
-1.5931e+00
-1.4376e+00
-1.2997e+00
-1.1772e+00
-1.0682e+00
-9.7083e-01
-8.8379e-01
-8.0579e-01
-7.3574e-01
-6.7274e-01
-6.1596e-01
-5.6471e-01
-5.1837e-01
-4.7640e-01
-4.3835e-01
-4.0379e-01
-3.7236e-01
-3.4373e-01
-3.1764e-01
-2.9381e-01
-2.0000e+01
-4.5419e+00
-4.5104e+00
-4.8377e+00
-5.3225e+00
-5.6133e+00
-5.4925e+00
-5.1858e+00
-4.8079e+00
-4.4139e+00
-4.0300e+00
-3.6692e+00
-3.3375e+00
-3.0359e+00
-2.7623e+00
-2.5145e+00
-2.2901e+00
-2.0869e+00
-1.9031e+00
-1.7368e+00
-1.5863e+00
-1.4500e+00
-1.3266e+00
-1.2148e+00
-1.1134e+00
-1.0214e+00
-9.3778e-01
-8.6182e-01
-7.9272e-01
-7.2981e-01
-6.7249e-01
-6.2021e-01
-5.7249e-01
-5.2889e-01
-4.8902e-01
-4.5254e-01
4.6225e-02
-1.8101e-01
-4.4002e-01
-7.6960e-01
-1.1071e+00
-1.3917e+00
-1.5974e+00
-1.7223e+00
-1.7788e+00
-1.7832e+00
-1.7505e+00
-1.6929e+00
-1.6196e+00
-1.5374e+00
-1.4511e+00
-1.3638e+00
-1.2778e+00
-1.1944e+00
-1.1144e+00
-1.0384e+00
-9.6669e-01
-8.9926e-01
-8.3611e-01
-7.7716e-01
-7.2226e-01
-6.7120e-01
-6.2379e-01
-5.7982e-01
-5.3906e-01
-5.0131e-01
-4.6636e-01
-4.3401e-01
-4.0407e-01
-3.7636e-01
-3.5072e-01
-3.2699e-01
7.2280e-03
-6.5250e-03
-4.2988e-02
-9.3030e-02
-1.5116e-01
-2.0663e-01
-2.5157e-01
-2.8292e-01
-3.0114e-01
-3.0847e-01
-3.0756e-01
-3.0083e-01
-2.9022e-01
-2.7719e-01
-2.6283e-01
-2.4787e-01
-2.3284e-01
-2.1808e-01
-2.0380e-01
-1.9013e-01
-1.7715e-01
-1.6492e-01
-1.5342e-01
-1.4266e-01
-1.3261e-01
-1.2326e-01
-1.1457e-01
-1.0649e-01
-9.9006e-02
-9.2065e-02
-8.5635e-02
-7.9683e-02
-7.4171e-02
-6.9071e-02
-6.4349e-02
-5.9978e-02
-4.2223e-01
-2.5462e+00
-4.0206e+00
-4.6105e+00
-4.7442e+00
-4.6491e+00
-4.4377e+00
-4.1718e+00
-3.8865e+00
-3.6017e+00
-3.3282e+00
-3.0720e+00
-2.8363e+00
-2.6209e+00
-2.4246e+00
-2.2460e+00
-2.0836e+00
-1.9358e+00
-1.8012e+00
-1.6783e+00
-1.5661e+00
-1.4633e+00
-1.3689e+00
-1.2822e+00
-1.2022e+00
-1.1284e+00
-1.0601e+00
-9.9684e-01
-9.3809e-01
-8.8346e-01
-8.3259e-01
-7.8517e-01
-7.4090e-01
-6.9952e-01
-6.6081e-01
-6.2457e-01
-6.7802e-01
-3.1320e+00
-4.2280e+00
-4.3771e+00
-4.2318e+00
-4.0028e+00
-3.7512e+00
-3.4985e+00
-3.2540e+00
-3.0223e+00
-2.8056e+00
-2.6054e+00
-2.4220e+00
-2.2538e+00
-2.0993e+00
-1.9573e+00
-1.8266e+00
-1.7063e+00
-1.5954e+00
-1.4931e+00
-1.3985e+00
-1.3110e+00
-1.2300e+00
-1.1548e+00
-1.0850e+00
-1.0201e+00
-9.5969e-01
-9.0340e-01
-8.5089e-01
-8.0188e-01
-7.5608e-01
-7.1327e-01
-6.7320e-01
-6.3567e-01
-6.0052e-01
-5.6755e-01
1.1854e-01
6.7400e-03
-3.0399e-01
-6.8075e-01
-1.0051e+00
-1.2445e+00
-1.4066e+00
-1.5074e+00
-1.5617e+00
-1.5811e+00
-1.5744e+00
-1.5484e+00
-1.5085e+00
-1.4590e+00
-1.4029e+00
-1.3428e+00
-1.2804e+00
-1.2173e+00
-1.1543e+00
-1.0925e+00
-1.0323e+00
-9.7411e-01
-9.1827e-01
-8.6493e-01
-8.1419e-01
-7.6607e-01
-7.2056e-01
-6.7762e-01
-6.3717e-01
-5.9912e-01
-5.6338e-01
-5.2982e-01
-4.9834e-01
-4.6883e-01
-4.4118e-01
-4.1527e-01
1.2247e-01
1.0901e-01
-1.8110e-03
-1.8596e-01
-3.9767e-01
-5.9622e-01
-7.6205e-01
-8.9018e-01
-9.8252e-01
-1.0435e+00
-1.0783e+00
-1.0917e+00
-1.0882e+00
-1.0718e+00
-1.0456e+00
-1.0124e+00
-9.7439e-01
-9.3318e-01
-8.9016e-01
-8.4636e-01
-8.0258e-01
-7.5942e-01
-7.1733e-01
-6.7661e-01
-6.3748e-01
-6.0008e-01
-5.6449e-01
-5.3073e-01
-4.9882e-01
-4.6870e-01
-4.4035e-01
-4.1369e-01
-3.8866e-01
-3.6518e-01
-3.4318e-01
-3.2256e-01
1.3482e-01
8.6925e-02
2.2014e-02
-8.0293e-02
-2.0533e-01
-3.3237e-01
-4.4660e-01
-5.4063e-01
-6.1238e-01
-6.6285e-01
-6.9452e-01
-7.1039e-01
-7.1350e-01
-7.0662e-01
-6.9215e-01
-6.7212e-01
-6.4815e-01
-6.2156e-01
-5.9338e-01
-5.6440e-01
-5.3523e-01
-5.0633e-01
-4.7804e-01
-4.5061e-01
-4.2421e-01
-3.9895e-01
-3.7490e-01
-3.5208e-01
-3.3051e-01
-3.1016e-01
-2.9102e-01
-2.7303e-01
-2.5615e-01
-2.4034e-01
-2.2553e-01
-2.1168e-01
