-2.2000e+02
-9.9357e+00
-2.9323e+00
-2.0896e+00
-1.4527e+00
-1.0989e+00
-8.7563e-01
-7.2076e-01
-6.0643e-01
-5.1836e-01
-4.4945e-01
-5.2426e-01
-4.8202e-01
-4.3201e-01
-3.8759e-01
-3.4889e-01
-3.1521e-01
-2.8580e-01
-2.6000e-01
-2.3726e-01
-2.1711e-01
-1.9920e-01
-1.8319e-01
-1.6884e-01
-1.5592e-01
-1.4425e-01
-1.3368e-01
-1.2408e-01
-1.1532e-01
-1.0733e-01
-1.0001e-01
-9.3298e-02
-8.7125e-02
-8.1442e-02
-7.6199e-02
-7.1354e-02
-1.2000e+02
0.0000e+00
0.0000e+00
-8.5969e+00
-6.5316e+00
-5.9748e+00
-5.2408e+00
-4.5645e+00
-3.9825e+00
-3.4900e+00
-3.0735e+00
-2.7318e+00
-2.4533e+00
-2.2062e+00
-1.9860e+00
-1.7906e+00
-1.6175e+00
-1.4638e+00
-1.3272e+00
-1.2056e+00
-1.0970e+00
-9.9978e-01
-9.1266e-01
-8.3440e-01
-7.6397e-01
-7.0046e-01
-6.4309e-01
-5.9117e-01
-5.4413e-01
-5.0142e-01
-4.6259e-01
-4.2724e-01
-3.9500e-01
-3.6557e-01
-3.3867e-01
-3.1405e-01
-2.0000e+01
-3.8452e+00
-4.4881e+00
-4.7221e+00
-5.2154e+00
-5.5295e+00
-5.4345e+00
-5.1467e+00
-4.7838e+00
-4.4020e+00
-4.0286e+00
-3.6760e+00
-3.3506e+00
-3.0544e+00
-2.7858e+00
-2.5422e+00
-2.3214e+00
-2.1212e+00
-1.9397e+00
-1.7751e+00
-1.6258e+00
-1.4904e+00
-1.3675e+00
-1.2558e+00
-1.1543e+00
-1.0619e+00
-9.7785e-01
-9.0124e-01
-8.3137e-01
-7.6759e-01
-7.0931e-01
-6.5602e-01
-6.0724e-01
-5.6256e-01
-5.2157e-01
-4.8397e-01
-9.9136e-02
-3.0106e-01
-5.4763e-01
-8.6992e-01
-1.1993e+00
-1.4751e+00
-1.6726e+00
-1.7912e+00
-1.8431e+00
-1.8443e+00
-1.8096e+00
-1.7506e+00
-1.6765e+00
-1.5936e+00
-1.5066e+00
-1.4188e+00
-1.3321e+00
-1.2481e+00
-1.1674e+00
-1.0905e+00
-1.0179e+00
-9.4941e-01
-8.8515e-01
-8.2502e-01
-7.6885e-01
-7.1648e-01
-6.6772e-01
-6.2235e-01
-5.8018e-01
-5.4100e-01
-5.0462e-01
-4.7084e-01
-4.3948e-01
-4.1038e-01
-3.8335e-01
-3.5827e-01
-4.8010e-03
-2.6963e-02
-6.0744e-02
-1.0676e-01
-1.6040e-01
-2.1114e-01
-2.5175e-01
-2.7964e-01
-2.9545e-01
-3.0133e-01
-2.9975e-01
-2.9292e-01
-2.8259e-01
-2.7010e-01
-2.5640e-01
-2.4219e-01
-2.2792e-01
-2.1391e-01
-2.0036e-01
-1.8737e-01
-1.7502e-01
-1.6336e-01
-1.5237e-01
-1.4207e-01
-1.3243e-01
-1.2343e-01
-1.1504e-01
-1.0723e-01
-9.9960e-02
-9.3204e-02
-8.6927e-02
-8.1098e-02
-7.5685e-02
-7.0660e-02
-6.5994e-02
-6.1662e-02
-7.5619e-01
-3.1286e+00
-4.7021e+00
-5.2973e+00
-5.3916e+00
-5.2411e+00
-4.9727e+00
-4.6540e+00
-4.3221e+00
-3.9968e+00
-3.6883e+00
-3.4013e+00
-3.1383e+00
-2.8991e+00
-2.6818e+00
-2.4845e+00
-2.3051e+00
-2.1418e+00
-1.9930e+00
-1.8572e+00
-1.7330e+00
-1.6192e+00
-1.5147e+00
-1.4185e+00
-1.3299e+00
-1.2480e+00
-1.1722e+00
-1.1020e+00
-1.0368e+00
-9.7611e-01
-9.1964e-01
-8.6698e-01
-8.1783e-01
-7.7190e-01
-7.2893e-01
-6.8870e-01
-1.0269e+00
-3.5685e+00
-4.7206e+00
-4.8957e+00
-4.7442e+00
-4.4923e+00
-4.2112e+00
-3.9272e+00
-3.6519e+00
-3.3910e+00
-3.1470e+00
-2.9209e+00
-2.7137e+00
-2.5240e+00
-2.3502e+00
-2.1904e+00
-2.0436e+00
-1.9084e+00
-1.7839e+00
-1.6690e+00
-1.5629e+00
-1.4648e+00
-1.3739e+00
-1.2897e+00
-1.2114e+00
-1.1387e+00
-1.0710e+00
-1.0080e+00
-9.4918e-01
-8.9430e-01
-8.4304e-01
-7.9510e-01
-7.5025e-01
-7.0825e-01
-6.6889e-01
-6.3199e-01
-1.8079e-02
-1.4680e-01
-4.7492e-01
-8.7082e-01
-1.2088e+00
-1.4535e+00
-1.6139e+00
-1.7086e+00
-1.7545e+00
-1.7646e+00
-1.7485e+00
-1.7135e+00
-1.6651e+00
-1.6074e+00
-1.5438e+00
-1.4767e+00
-1.4078e+00
-1.3386e+00
-1.2699e+00
-1.2027e+00
-1.1373e+00
-1.0743e+00
-1.0138e+00
-9.5606e-01
-9.0108e-01
-8.4890e-01
-7.9950e-01
-7.5283e-01
-7.0880e-01
-6.6732e-01
-6.2829e-01
-5.9158e-01
-5.5709e-01
-5.2469e-01
-4.9428e-01
-4.6573e-01
-7.8730e-03
-3.3764e-02
-1.2999e-01
-3.0424e-01
-5.1045e-01
-7.0566e-01
-8.6882e-01
-9.9441e-01
-1.0842e+00
-1.1427e+00
-1.1750e+00
-1.1861e+00
-1.1803e+00
-1.1615e+00
-1.1330e+00
-1.0975e+00
-1.0571e+00
-1.0135e+00
-9.6808e-01
-9.2187e-01
-8.7567e-01
-8.3008e-01
-7.8554e-01
-7.4238e-01
-7.0081e-01
-6.6100e-01
-6.2302e-01
-5.8690e-01
-5.5266e-01
-5.2027e-01
-4.8970e-01
-4.6087e-01
-4.3373e-01
-4.0820e-01
-3.8422e-01
-3.6168e-01
-1.5099e-02
-2.1853e-02
-7.4095e-02
-1.7362e-01
-3.0102e-01
-4.3222e-01
-5.5061e-01
-6.4800e-01
-7.2209e-01
-7.7387e-01
-8.0593e-01
-8.2135e-01
-8.2333e-01
-8.1474e-01
-7.9810e-01
-7.7551e-01
-7.4871e-01
-7.1908e-01
-6.8770e-01
-6.5542e-01
-6.2288e-01
-5.9060e-01
-5.5893e-01
-5.2814e-01
-4.9842e-01
-4.6991e-01
-4.4267e-01
-4.1675e-01
-3.9217e-01
-3.6891e-01
-3.4695e-01
-3.2625e-01
-3.0677e-01
-2.8845e-01
-2.7124e-01
-2.5510e-01
