-2.2000e+02
-9.8217e+00
-2.9628e+00
-2.1313e+00
-1.4796e+00
-1.1154e+00
-8.8541e-01
-7.2628e-01
-6.0922e-01
-5.1939e-01
-4.5053e-01
-5.2315e-01
-4.8025e-01
-4.3004e-01
-3.8555e-01
-3.4691e-01
-3.1339e-01
-2.8420e-01
-2.5867e-01
-2.3623e-01
-2.1641e-01
-1.9882e-01
-1.8314e-01
-1.6911e-01
-1.5651e-01
-1.4514e-01
-1.3485e-01
-1.2551e-01
-1.1700e-01
-1.0924e-01
-1.0213e-01
-9.5610e-02
-8.9614e-02
-8.4088e-02
-7.8986e-02
-7.4269e-02
-1.2000e+02
0.0000e+00
0.0000e+00
-8.6940e+00
-6.6475e+00
-6.0675e+00
-5.3081e+00
-4.6126e+00
-4.0159e+00
-3.5120e+00
-3.0867e+00
-2.7384e+00
-2.4547e+00
-2.2037e+00
-1.9808e+00
-1.7836e+00
-1.6092e+00
-1.4549e+00
-1.3180e+00
-1.1964e+00
-1.0881e+00
-9.9134e-01
-9.0482e-01
-8.2726e-01
-7.5759e-01
-6.9489e-01
-6.3835e-01
-5.8729e-01
-5.4110e-01
-4.9923e-01
-4.6122e-01
-4.2667e-01
-3.9521e-01
-3.6653e-01
-3.4033e-01
-3.1638e-01
-2.0000e+01
-4.3133e+00
-4.4523e+00
-4.7866e+00
-5.2800e+00
-5.5830e+00
-5.4736e+00
-5.1739e+00
-4.8008e+00
-4.4105e+00
-4.0301e+00
-3.6720e+00
-3.3424e+00
-3.0432e+00
-2.7725e+00
-2.5277e+00
-2.3062e+00
-2.1059e+00
-1.9247e+00
-1.7607e+00
-1.6123e+00
-1.4779e+00
-1.3561e+00
-1.2457e+00
-1.1455e+00
-1.0545e+00
-9.7183e-01
-8.9663e-01
-8.2815e-01
-7.6575e-01
-7.0882e-01
-6.5683e-01
-6.0931e-01
-5.6583e-01
-5.2600e-01
-4.8948e-01
5.1270e-02
-1.7206e-01
-4.3426e-01
-7.6517e-01
-1.1022e+00
-1.3859e+00
-1.5917e+00
-1.7183e+00
-1.7778e+00
-1.7863e+00
-1.7582e+00
-1.7054e+00
-1.6367e+00
-1.5588e+00
-1.4764e+00
-1.3926e+00
-1.3097e+00
-1.2290e+00
-1.1514e+00
-1.0775e+00
-1.0075e+00
-9.4160e-01
-8.7975e-01
-8.2189e-01
-7.6787e-01
-7.1753e-01
-6.7068e-01
-6.2712e-01
-5.8665e-01
-5.4907e-01
-5.1417e-01
-4.8176e-01
-4.5168e-01
-4.2374e-01
-3.9778e-01
-3.7366e-01
8.0230e-03
-6.2570e-03
-4.4926e-02
-9.7587e-02
-1.5798e-01
-2.1494e-01
-2.6072e-01
-2.9257e-01
-3.1116e-01
-3.1884e-01
-3.1829e-01
-3.1191e-01
-3.0162e-01
-2.8888e-01
-2.7474e-01
-2.5995e-01
-2.4504e-01
-2.3035e-01
-2.1610e-01
-2.0243e-01
-1.8943e-01
-1.7713e-01
-1.6556e-01
-1.5471e-01
-1.4456e-01
-1.3509e-01
-1.2627e-01
-1.1806e-01
-1.1042e-01
-1.0333e-01
-9.6735e-02
-9.0615e-02
-8.4932e-02
-7.9654e-02
-7.4752e-02
-7.0195e-02
-9.3751e-01
-3.7303e+00
-5.2193e+00
-5.6177e+00
-5.5497e+00
-5.2839e+00
-4.9377e+00
-4.5688e+00
-4.2061e+00
-3.8639e+00
-3.5481e+00
-3.2609e+00
-3.0026e+00
-2.7712e+00
-2.5637e+00
-2.3770e+00
-2.2088e+00
-2.0568e+00
-1.9190e+00
-1.7938e+00
-1.6796e+00
-1.5751e+00
-1.4793e+00
-1.3911e+00
-1.3098e+00
-1.2346e+00
-1.1649e+00
-1.1001e+00
-1.0398e+00
-9.8360e-01
-9.3109e-01
-8.8199e-01
-8.3599e-01
-7.9285e-01
-7.5235e-01
-7.1429e-01
-8.2671e-01
-3.3142e+00
-4.5482e+00
-4.7867e+00
-4.6729e+00
-4.4437e+00
-4.1765e+00
-3.9015e+00
-3.6325e+00
-3.3766e+00
-3.1371e+00
-2.9154e+00
-2.7126e+00
-2.5276e+00
-2.3584e+00
-2.2034e+00
-2.0613e+00
-1.9307e+00
-1.8106e+00
-1.6999e+00
-1.5976e+00
-1.5031e+00
-1.4155e+00
-1.3342e+00
-1.2586e+00
-1.1882e+00
-1.1225e+00
-1.0612e+00
-1.0039e+00
-9.5032e-01
-9.0009e-01
-8.5297e-01
-8.0875e-01
-7.6720e-01
-7.2813e-01
-6.9136e-01
8.0646e-02
-3.2061e-02
-3.6091e-01
-7.7573e-01
-1.1464e+00
-1.4289e+00
-1.6258e+00
-1.7528e+00
-1.8253e+00
-1.8565e+00
-1.8566e+00
-1.8336e+00
-1.7938e+00
-1.7422e+00
-1.6826e+00
-1.6180e+00
-1.5505e+00
-1.4817e+00
-1.4130e+00
-1.3451e+00
-1.2788e+00
-1.2146e+00
-1.1527e+00
-1.0933e+00
-1.0366e+00
-9.8258e-01
-9.3126e-01
-8.8260e-01
-8.3651e-01
-7.9292e-01
-7.5172e-01
-7.1281e-01
-6.7607e-01
-6.4141e-01
-6.0869e-01
-5.7783e-01
9.2348e-02
8.0108e-02
-3.4377e-02
-2.3229e-01
-4.6482e-01
-6.8667e-01
-8.7454e-01
-1.0215e+00
-1.1289e+00
-1.2012e+00
-1.2440e+00
-1.2628e+00
-1.2626e+00
-1.2477e+00
-1.2218e+00
-1.1880e+00
-1.1486e+00
-1.1057e+00
-1.0605e+00
-1.0143e+00
-9.6795e-01
-9.2208e-01
-8.7716e-01
-8.3354e-01
-7.9144e-01
-7.5102e-01
-7.1237e-01
-6.7552e-01
-6.4048e-01
-6.0722e-01
-5.7572e-01
-5.4590e-01
-5.1770e-01
-4.9107e-01
-4.6592e-01
-4.4217e-01
9.1898e-02
6.2600e-02
8.3000e-05
-1.0134e-01
-2.2526e-01
-3.5055e-01
-4.6256e-01
-5.5417e-01
-6.2352e-01
-6.7178e-01
-7.0155e-01
-7.1591e-01
-7.1794e-01
-7.1041e-01
-6.9571e-01
-6.7583e-01
-6.5237e-01
-6.2657e-01
-5.9941e-01
-5.7163e-01
-5.4379e-01
-5.1630e-01
-4.8946e-01
-4.6348e-01
-4.3850e-01
-4.1460e-01
-3.9184e-01
-3.7023e-01
-3.4977e-01
-3.3044e-01
-3.1219e-01
-2.9501e-01
-2.7883e-01
-2.6361e-01
-2.4929e-01
-2.3584e-01
