2.70000000e+02
5.00000000e+01
4.02874240e+01
3.73728140e+01
3.52455460e+01
3.37640360e+01
3.26445300e+01
3.17538060e+01
3.10216870e+01
3.04065180e+01
2.98813000e+01
2.94273690e+01
2.89465000e+01
2.84627470e+01
2.80275210e+01
2.76367480e+01
2.72849270e+01
2.69670710e+01
2.66789020e+01
2.64167860e+01
2.61776410e+01
2.59588450e+01
2.57581550e+01
2.55736440e+01
2.54036450e+01
2.52467120e+01
2.51015840e+01
2.49671500e+01
2.48424370e+01
2.47265790e+01
2.46188090e+01
2.45184420e+01
2.44248650e+01
2.43375250e+01
2.42559280e+01
2.41796250e+01
2.41082080e+01
2.70000000e+02
1.50000000e+02
1.50000000e+02
1.50000000e+02
1.41437960e+02
1.34875076e+02
1.28865067e+02
1.23592483e+02
1.19001040e+02
1.14996213e+02
1.11487897e+02
1.08399543e+02
1.05662875e+02
1.03208270e+02
1.00999687e+02
9.90111190e+01
9.72182750e+01
9.55991800e+01
9.41343860e+01
9.28068220e+01
9.16015390e+01
9.05054390e+01
8.95070310e+01
8.85962080e+01
8.77640640e+01
8.70027310e+01
8.63052410e+01
8.56654140e+01
8.50777510e+01
8.45373570e+01
8.40398550e+01
8.35813360e+01
8.31582930e+01
8.27675780e+01
8.24063620e+01
8.20720940e+01
8.17624750e+01
2.70000000e+02
2.50000000e+02
2.46165267e+02
2.41679685e+02
2.36945842e+02
2.31706632e+02
2.26146644e+02
2.20679480e+02
2.15500713e+02
2.10687119e+02
2.06258243e+02
2.02206148e+02
1.98510110e+02
1.95143398e+02
1.92076695e+02
1.89281787e+02
1.86733059e+02
1.84407404e+02
1.82283924e+02
1.80343699e+02
1.78569602e+02
1.76946144e+02
1.75459330e+02
1.74096526e+02
1.72846329e+02
1.71698453e+02
1.70643614e+02
1.69673438e+02
1.68780362e+02
1.67957559e+02
1.67198857e+02
1.66498678e+02
1.65851971e+02
1.65254166e+02
1.64701117e+02
1.64189067e+02
1.63714604e+02
2.70255792e+02
2.70218189e+02
2.69968637e+02
2.69460446e+02
2.68620128e+02
2.67442563e+02
2.65983519e+02
2.64323063e+02
2.62541601e+02
2.60706856e+02
2.58870290e+02
2.57068453e+02
2.55325908e+02
2.53658191e+02
2.52074227e+02
2.50578205e+02
2.49171044e+02
2.47851491e+02
2.46616909e+02
2.45463802e+02
2.44388179e+02
2.43385789e+02
2.42452295e+02
2.41583379e+02
2.40774826e+02
2.40022569e+02
2.39322724e+02
2.38671610e+02
2.38065756e+02
2.37501903e+02
2.36977004e+02
2.36488219e+02
2.36032903e+02
2.35608601e+02
2.35213035e+02
2.34844094e+02
2.34499827e+02
2.68029440e+02
2.68029419e+02
2.68011224e+02
2.67958200e+02
2.67857415e+02
2.67701424e+02
2.67493443e+02
2.67243953e+02
2.66965950e+02
2.66671743e+02
2.66371437e+02
2.66072623e+02
2.65780650e+02
2.65499079e+02
2.65230130e+02
2.64975035e+02
2.64734330e+02
2.64508068e+02
2.64295987e+02
2.64097620e+02
2.63912378e+02
2.63739601e+02
2.63578593e+02
2.63428648e+02
2.63289068e+02
2.63159173e+02
2.63038306e+02
2.62925845e+02
2.62821197e+02
2.62723806e+02
2.62633150e+02
2.62548740e+02
2.62470120e+02
2.62396868e+02
2.62328590e+02
2.62264922e+02
2.62205525e+02
2.73585156e+02
2.72594775e+02
2.68969270e+02
2.63814417e+02
2.58177628e+02
2.52542406e+02
2.47127936e+02
2.42031716e+02
2.37289163e+02
2.32903138e+02
2.28859799e+02
2.25137343e+02
2.21710781e+02
2.18553849e+02
2.15640825e+02
2.12948417e+02
2.10455845e+02
2.08144561e+02
2.05998017e+02
2.04001456e+02
2.02141724e+02
2.00407080e+02
1.98787033e+02
1.97272192e+02
1.95854132e+02
1.94525275e+02
1.93278790e+02
1.92108500e+02
1.91008804e+02
1.89974614e+02
1.89001291e+02
1.88084601e+02
1.87220664e+02
1.86405921e+02
1.85637099e+02
1.84911185e+02
1.84225396e+02
2.73404151e+02
2.72336515e+02
2.68703078e+02
2.63871380e+02
2.58844614e+02
2.53967532e+02
2.49349003e+02
2.45022045e+02
2.40990780e+02
2.37246299e+02
2.33773428e+02
2.30554194e+02
2.27569704e+02
2.24800510e+02
2.22227767e+02
2.19834710e+02
2.17606395e+02
2.15529343e+02
2.13591349e+02
2.11781356e+02
2.10089338e+02
2.08506202e+02
2.07023687e+02
2.05634281e+02
2.04331137e+02
2.03108009e+02
2.01959184e+02
2.00879430e+02
1.99863948e+02
1.98908327e+02
1.98008507e+02
1.97160746e+02
1.96361590e+02
1.95607848e+02
1.94896565e+02
1.94225005e+02
1.93590631e+02
2.72375863e+02
2.72364927e+02
2.72219601e+02
2.71731623e+02
2.70832682e+02
2.69585552e+02
2.68088716e+02
2.66430258e+02
2.64678280e+02
2.62883147e+02
2.61081631e+02
2.59300419e+02
2.57558678e+02
2.55869900e+02
2.54243191e+02
2.52684283e+02
2.51196410e+02
2.49780966e+02
2.48437984e+02
2.47166488e+02
2.45964766e+02
2.44830577e+02
2.43761323e+02
2.42754172e+02
2.41806162e+02
2.40914275e+02
2.40075493e+02
2.39286847e+02
2.38545440e+02
2.37848476e+02
2.37193269e+02
2.36577259e+02
2.35998010e+02
2.35453219e+02
2.34940709e+02
2.34458432e+02
2.34004462e+02
2.71967487e+02
2.71969701e+02
2.71952867e+02
2.71845363e+02
2.71568541e+02
2.71087082e+02
2.70408873e+02
2.69564510e+02
2.68591474e+02
2.67526175e+02
2.66400783e+02
2.65242329e+02
2.64072770e+02
2.62909457e+02
2.61765730e+02
2.60651521e+02
2.59573955e+02
2.58537905e+02
2.57546469e+02
2.56601359e+02
2.55703224e+02
2.54851901e+02
2.54046620e+02
2.53286173e+02
2.52569033e+02
2.51893465e+02
2.51257598e+02
2.50659488e+02
2.50097166e+02
2.49568672e+02
2.49072081e+02
2.48605520e+02
2.48167187e+02
2.47755351e+02
2.47368367e+02
2.47004671e+02
2.46662785e+02
2.71637844e+02
2.71645917e+02
2.71640704e+02
2.71581324e+02
2.71421895e+02
2.71136145e+02
2.70721469e+02
2.70191435e+02
2.69567415e+02
2.68872812e+02
2.68129819e+02
2.67357900e+02
2.66573278e+02
2.65788984e+02
2.65015145e+02
2.64259379e+02
2.63527208e+02
2.62822461e+02
2.62147623e+02
2.61504134e+02
2.60892623e+02
2.60313111e+02
2.59765159e+02
2.59247996e+02
2.58760610e+02
2.58301828e+02
2.57870375e+02
2.57464913e+02
2.57084084e+02
2.56726532e+02
2.56390920e+02
2.56075950e+02
2.55780368e+02
2.55502971e+02
2.55242615e+02
2.54998214e+02
2.54768740e+02
