2.70000000e+02
5.00000000e+01
4.04504810e+01
3.75850860e+01
3.54392680e+01
3.39380130e+01
3.28023660e+01
3.18987670e+01
3.11564420e+01
3.05332210e+01
3.00016900e+01
2.95428520e+01
2.90991170e+01
2.86165150e+01
2.81799980e+01
2.77880940e+01
2.74355640e+01
2.71174370e+01
2.68293920e+01
2.65677440e+01
2.63293600e+01
2.61115720e+01
2.59120960e+01
2.57289710e+01
2.55605010e+01
2.54052150e+01
2.52618280e+01
2.51292160e+01
2.50063850e+01
2.48924590e+01
2.47866590e+01
2.46882890e+01
2.45967290e+01
2.45114200e+01
2.44318580e+01
2.43575910e+01
2.42882070e+01
2.70000000e+02
1.50000000e+02
1.50000000e+02
1.50000000e+02
1.41650581e+02
1.35191456e+02
1.29230660e+02
1.23970735e+02
1.19371520e+02
1.15347354e+02
1.11813387e+02
1.08696323e+02
1.05933597e+02
1.03457510e+02
1.01225972e+02
9.92142450e+01
9.73991390e+01
9.57592260e+01
9.42753010e+01
9.29303770e+01
9.17094980e+01
9.05995090e+01
8.95888300e+01
8.86672530e+01
8.78257630e+01
8.70563810e+01
8.63520360e+01
8.57064410e+01
8.51140050e+01
8.45697390e+01
8.40691840e+01
8.36083510e+01
8.31836620e+01
8.27919040e+01
8.24301850e+01
8.20959000e+01
8.17866980e+01
2.70000000e+02
2.50000000e+02
2.46483105e+02
2.42139272e+02
2.37467323e+02
2.32269092e+02
2.26721239e+02
2.21238212e+02
2.16025092e+02
2.11165832e+02
2.06685113e+02
2.02578586e+02
1.98828006e+02
1.95408623e+02
1.92292402e+02
1.89451467e+02
1.86860232e+02
1.84495563e+02
1.82336493e+02
1.80363992e+02
1.78560791e+02
1.76911232e+02
1.75401143e+02
1.74017699e+02
1.72749311e+02
1.71585506e+02
1.70516825e+02
1.69534721e+02
1.68631470e+02
1.67800092e+02
1.67034275e+02
1.66328304e+02
1.65677009e+02
1.65075701e+02
1.64520133e+02
1.64006447e+02
1.63531142e+02
2.71994226e+02
2.71586941e+02
2.71060056e+02
2.70332515e+02
2.69311164e+02
2.67979963e+02
2.66388333e+02
2.64612290e+02
2.62729379e+02
2.60805176e+02
2.58889441e+02
2.57017340e+02
2.55212293e+02
2.53488904e+02
2.51855334e+02
2.50315153e+02
2.48868737e+02
2.47514356e+02
2.46248943e+02
2.45068626e+02
2.43969077e+02
2.42945748e+02
2.41994029e+02
2.41109361e+02
2.40287303e+02
2.39523584e+02
2.38814133e+02
2.38155095e+02
2.37542836e+02
2.36973952e+02
2.36445261e+02
2.35953794e+02
2.35496793e+02
2.35071698e+02
2.34676133e+02
2.34307901e+02
2.33964968e+02
2.68376843e+02
2.68343995e+02
2.68271130e+02
2.68168124e+02
2.68021732e+02
2.67821851e+02
2.67570427e+02
2.67277794e+02
2.66957320e+02
2.66621815e+02
2.66281821e+02
2.65945237e+02
2.65617599e+02
2.65302555e+02
2.65002339e+02
2.64718154e+02
2.64450465e+02
2.64199235e+02
2.63964097e+02
2.63744472e+02
2.63539658e+02
2.63348883e+02
2.63171342e+02
2.63006227e+02
2.62852739e+02
2.62710105e+02
2.62577580e+02
2.62454458e+02
2.62340069e+02
2.62233784e+02
2.62135011e+02
2.62043201e+02
2.61957840e+02
2.61878449e+02
2.61804585e+02
2.61735839e+02
2.61671829e+02
2.70922639e+02
2.70208559e+02
2.66994316e+02
2.62156770e+02
2.56737918e+02
2.51252427e+02
2.45944327e+02
2.40928560e+02
2.36252271e+02
2.31925835e+02
2.27939946e+02
2.24275309e+02
2.20908173e+02
2.17813039e+02
2.14964096e+02
2.12337400e+02
2.09911511e+02
2.07667295e+02
2.05587706e+02
2.03657577e+02
2.01863426e+02
2.00193260e+02
1.98636401e+02
1.97183327e+02
1.95825524e+02
1.94555363e+02
1.93365988e+02
1.92251219e+02
1.91205468e+02
1.90223670e+02
1.89301221e+02
1.88433921e+02
1.87617934e+02
1.86849743e+02
1.86126121e+02
1.85444098e+02
1.84800936e+02
2.71236688e+02
2.70284426e+02
2.66676874e+02
2.61864330e+02
2.56874346e+02
2.52044374e+02
2.47477224e+02
2.43203764e+02
2.39227746e+02
2.35540359e+02
2.32126488e+02
2.28968055e+02
2.26045975e+02
2.23340767e+02
2.20833082e+02
2.18505531e+02
2.16342719e+02
2.14330820e+02
2.12457347e+02
2.10711013e+02
2.09081614e+02
2.07559918e+02
2.06137563e+02
2.04806964e+02
2.03561231e+02
2.02394089e+02
2.01299816e+02
2.00273182e+02
1.99309398e+02
1.98404072e+02
1.97553168e+02
1.96752972e+02
1.96000060e+02
1.95291273e+02
1.94623690e+02
1.93994608e+02
1.93401526e+02
2.72663400e+02
2.72527184e+02
2.72257381e+02
2.71662464e+02
2.70673777e+02
2.69351071e+02
2.67789689e+02
2.66075540e+02
2.64275453e+02
2.62439076e+02
2.60602728e+02
2.58792726e+02
2.57027880e+02
2.55321313e+02
2.53681764e+02
2.52114573e+02
2.50622550e+02
2.49206658e+02
2.47866511e+02
2.46600740e+02
2.45407266e+02
2.44283512e+02
2.43226574e+02
2.42233343e+02
2.41300608e+02
2.40425127e+02
2.39603685e+02
2.38833136e+02
2.38110428e+02
2.37432627e+02
2.36796929e+02
2.36200665e+02
2.35641311e+02
2.35116481e+02
2.34623929e+02
2.34161549e+02
2.33727362e+02
2.72891241e+02
2.72739148e+02
2.72530563e+02
2.72259411e+02
2.71847706e+02
2.71253949e+02
2.70480772e+02
2.69555039e+02
2.68511632e+02
2.67385141e+02
2.66206441e+02
2.65001617e+02
2.63791903e+02
2.62594073e+02
2.61420978e+02
2.60282127e+02
2.59184250e+02
2.58131842e+02
2.57127637e+02
2.56173003e+02
2.55268260e+02
2.54412938e+02
2.53605982e+02
2.52845915e+02
2.52130969e+02
2.51459182e+02
2.50828479e+02
2.50236732e+02
2.49681803e+02
2.49161583e+02
2.48674010e+02
2.48217093e+02
2.47788918e+02
2.47387663e+02
2.47011595e+02
2.46659077e+02
2.46328564e+02
2.72777202e+02
2.72496913e+02
2.72296036e+02
2.72084211e+02
2.71799221e+02
2.71404628e+02
2.70891430e+02
2.70269414e+02
2.69557897e+02
2.68779306e+02
2.67955508e+02
2.67105984e+02
2.66247144e+02
2.65392257e+02
2.64551660e+02
2.63733134e+02
2.62942295e+02
2.62182992e+02
2.61457664e+02
2.60767647e+02
2.60113431e+02
2.59494865e+02
2.58911318e+02
2.58361815e+02
2.57845134e+02
2.57359895e+02
2.56904613e+02
2.56477754e+02
2.56077767e+02
2.55703114e+02
2.55352287e+02
2.55023827e+02
2.54716331e+02
2.54428456e+02
2.54158930e+02
2.53906548e+02
2.53670174e+02
