-2.2000e+02
-9.7223e+00
-2.8912e+00
-2.1210e+00
-1.4809e+00
-1.1198e+00
-8.9102e-01
-7.3236e-01
-6.1541e-01
-5.2551e-01
-4.5427e-01
-4.8036e-01
-4.8416e-01
-4.3557e-01
-3.9105e-01
-3.5204e-01
-3.1801e-01
-2.8826e-01
-2.6214e-01
-2.3911e-01
-2.1871e-01
-2.0057e-01
-1.8436e-01
-1.6982e-01
-1.5674e-01
-1.4493e-01
-1.3424e-01
-1.2452e-01
-1.1567e-01
-1.0760e-01
-1.0021e-01
-9.3434e-02
-8.7211e-02
-8.1485e-02
-7.6206e-02
-7.1335e-02
-1.2000e+02
0.0000e+00
0.0000e+00
-8.4428e+00
-6.4887e+00
-5.9673e+00
-5.2520e+00
-4.5833e+00
-4.0040e+00
-3.5118e+00
-3.0946e+00
-2.7444e+00
-2.4633e+00
-2.2178e+00
-1.9980e+00
-1.8022e+00
-1.6283e+00
-1.4737e+00
-1.3361e+00
-1.2134e+00
-1.1038e+00
-1.0057e+00
-9.1765e-01
-8.3856e-01
-7.6735e-01
-7.0313e-01
-6.4512e-01
-5.9262e-01
-5.4505e-01
-5.0187e-01
-4.6263e-01
-4.2691e-01
-3.9436e-01
-3.6466e-01
-3.3752e-01
-3.1270e-01
-2.0000e+01
-3.6156e+00
-4.3818e+00
-4.6840e+00
-5.2022e+00
-5.5401e+00
-5.4633e+00
-5.1850e+00
-4.8260e+00
-4.4450e+00
-4.0703e+00
-3.7153e+00
-3.3863e+00
-3.0862e+00
-2.8140e+00
-2.5672e+00
-2.3434e+00
-2.1405e+00
-1.9564e+00
-1.7895e+00
-1.6380e+00
-1.5006e+00
-1.3758e+00
-1.2625e+00
-1.1595e+00
-1.0658e+00
-9.8053e-01
-9.0285e-01
-8.3203e-01
-7.6742e-01
-7.0843e-01
-6.5451e-01
-6.0519e-01
-5.6005e-01
-5.1868e-01
-4.8075e-01
-2.1730e-01
-3.8207e-01
-6.0910e-01
-9.1895e-01
-1.2406e+00
-1.5112e+00
-1.7049e+00
-1.8201e+00
-1.8688e+00
-1.8668e+00
-1.8290e+00
-1.7670e+00
-1.6899e+00
-1.6042e+00
-1.5146e+00
-1.4243e+00
-1.3355e+00
-1.2495e+00
-1.1671e+00
-1.0888e+00
-1.0148e+00
-9.4529e-01
-8.8013e-01
-8.1923e-01
-7.6244e-01
-7.0956e-01
-6.6040e-01
-6.1473e-01
-5.7234e-01
-5.3302e-01
-4.9655e-01
-4.6275e-01
-4.3142e-01
-4.0237e-01
-3.7545e-01
-3.5050e-01
-1.4646e-02
-4.1932e-02
-7.2859e-02
-1.1627e-01
-1.6819e-01
-2.1786e-01
-2.5773e-01
-2.8505e-01
-3.0035e-01
-3.0573e-01
-3.0364e-01
-2.9631e-01
-2.8548e-01
-2.7250e-01
-2.5834e-01
-2.4369e-01
-2.2903e-01
-2.1465e-01
-2.0077e-01
-1.8750e-01
-1.7491e-01
-1.6303e-01
-1.5186e-01
-1.4140e-01
-1.3163e-01
-1.2252e-01
-1.1404e-01
-1.0616e-01
-9.8834e-02
-9.2037e-02
-8.5731e-02
-7.9884e-02
-7.4461e-02
-6.9436e-02
-6.4776e-02
-6.0457e-02
-8.1755e-01
-3.0984e+00
-4.6114e+00
-5.2065e+00
-5.3290e+00
-5.2117e+00
-4.9706e+00
-4.6709e+00
-4.3502e+00
-4.0303e+00
-3.7231e+00
-3.4349e+00
-3.1689e+00
-2.9261e+00
-2.7052e+00
-2.5045e+00
-2.3221e+00
-2.1562e+00
-2.0052e+00
-1.8675e+00
-1.7417e+00
-1.6265e+00
-1.5209e+00
-1.4238e+00
-1.3344e+00
-1.2519e+00
-1.1757e+00
-1.1050e+00
-1.0395e+00
-9.7862e-01
-9.2199e-01
-8.6923e-01
-8.2001e-01
-7.7406e-01
-7.3111e-01
-6.9092e-01
-1.1573e+00
-3.7025e+00
-4.8148e+00
-4.9586e+00
-4.7921e+00
-4.5338e+00
-4.2489e+00
-3.9614e+00
-3.6826e+00
-3.4179e+00
-3.1702e+00
-2.9404e+00
-2.7293e+00
-2.5364e+00
-2.3598e+00
-2.1979e+00
-2.0491e+00
-1.9124e+00
-1.7865e+00
-1.6706e+00
-1.5636e+00
-1.4648e+00
-1.3734e+00
-1.2887e+00
-1.2102e+00
-1.1372e+00
-1.0694e+00
-1.0063e+00
-9.4752e-01
-8.9268e-01
-8.4149e-01
-7.9367e-01
-7.4896e-01
-7.0713e-01
-6.6796e-01
-6.3127e-01
-9.9507e-02
-2.4391e-01
-5.8310e-01
-9.7736e-01
-1.3039e+00
-1.5348e+00
-1.6828e+00
-1.7673e+00
-1.8049e+00
-1.8080e+00
-1.7860e+00
-1.7457e+00
-1.6927e+00
-1.6308e+00
-1.5635e+00
-1.4930e+00
-1.4212e+00
-1.3493e+00
-1.2783e+00
-1.2090e+00
-1.1419e+00
-1.0773e+00
-1.0155e+00
-9.5654e-01
-9.0057e-01
-8.4755e-01
-7.9746e-01
-7.5022e-01
-7.0573e-01
-6.6389e-01
-6.2458e-01
-5.8768e-01
-5.5306e-01
-5.2059e-01
-4.9015e-01
-4.6163e-01
-7.4750e-02
-1.1593e-01
-1.9670e-01
-3.5197e-01
-5.4220e-01
-7.2596e-01
-8.8144e-01
-1.0019e+00
-1.0881e+00
-1.1440e+00
-1.1742e+00
-1.1835e+00
-1.1763e+00
-1.1561e+00
-1.1264e+00
-1.0897e+00
-1.0483e+00
-1.0038e+00
-9.5764e-01
-9.1078e-01
-8.6403e-01
-8.1800e-01
-7.7313e-01
-7.2973e-01
-6.8802e-01
-6.4814e-01
-6.1017e-01
-5.7413e-01
-5.4002e-01
-5.0782e-01
-4.7747e-01
-4.4892e-01
-4.2208e-01
-3.9688e-01
-3.7325e-01
-3.5108e-01
-9.7207e-02
-8.7348e-02
-1.2469e-01
-2.0914e-01
-3.2192e-01
-4.3981e-01
-5.4662e-01
-6.3428e-01
-7.0043e-01
-7.4590e-01
-7.7307e-01
-7.8487e-01
-7.8427e-01
-7.7394e-01
-7.5625e-01
-7.3319e-01
-7.0636e-01
-6.7705e-01
-6.4628e-01
-6.1483e-01
-5.8330e-01
-5.5214e-01
-5.2169e-01
-4.9218e-01
-4.6378e-01
-4.3661e-01
-4.1072e-01
-3.8615e-01
-3.6290e-01
-3.4095e-01
-3.2027e-01
-3.0082e-01
-2.8255e-01
-2.6541e-01
-2.4934e-01
-2.3429e-01
