2.69785370e+02
4.98238516e+01
4.03632875e+01
3.71620381e+01
3.49876348e+01
3.33153140e+01
3.21786268e+01
3.12482883e+01
3.10016242e+01
3.03353256e+01
2.97531220e+01
2.90564325e+01
2.86057387e+01
2.82141977e+01
2.82382253e+01
2.72585565e+01
2.68787900e+01
2.63277821e+01
2.67714090e+01
2.63120178e+01
2.58972831e+01
2.56569506e+01
2.58954929e+01
2.53584713e+01
2.51314053e+01
2.50634807e+01
2.49539126e+01
2.46661316e+01
2.45183308e+01
2.48267124e+01
2.46073518e+01
2.45944117e+01
2.44242075e+01
2.42846630e+01
2.41584628e+01
2.38323528e+01
2.38721269e+01
2.69957986e+02
1.49823035e+02
1.49908283e+02
1.50278722e+02
1.41580104e+02
1.34645103e+02
1.28800953e+02
1.23300158e+02
1.18613482e+02
1.14807568e+02
1.10991755e+02
1.08301636e+02
1.05238250e+02
1.02639442e+02
1.00657955e+02
9.87422133e+01
9.68854934e+01
9.55342972e+01
9.37675797e+01
9.27603512e+01
9.11283601e+01
9.03405380e+01
8.95247348e+01
8.82129141e+01
8.74191843e+01
8.66732387e+01
8.60823003e+01
8.53362385e+01
8.48504252e+01
8.42374524e+01
8.36042356e+01
8.33575482e+01
8.30696205e+01
8.24272731e+01
8.22428089e+01
8.22472925e+01
8.14658075e+01
2.70067638e+02
2.49868398e+02
2.46249377e+02
2.41475213e+02
2.36497720e+02
2.31418227e+02
2.25733005e+02
2.20046198e+02
2.14981606e+02
2.10018747e+02
2.06000837e+02
2.01910455e+02
1.98156788e+02
1.94051658e+02
1.91245785e+02
1.89072416e+02
1.86236862e+02
1.84049704e+02
1.81867296e+02
1.79305300e+02
1.77763857e+02
1.76470769e+02
1.74639683e+02
1.73411508e+02
1.72277936e+02
1.71133520e+02
1.70404085e+02
1.68845134e+02
1.68242283e+02
1.67229251e+02
1.66501037e+02
1.65837106e+02
1.65268298e+02
1.64538822e+02
1.64031074e+02
1.63599814e+02
1.62897722e+02
2.69227638e+02
2.69276554e+02
2.68877611e+02
2.68474779e+02
2.67581206e+02
2.66613300e+02
2.65490996e+02
2.63358379e+02
2.61449221e+02
2.59835911e+02
2.57986288e+02
2.56057399e+02
2.54524264e+02
2.52558674e+02
2.50893796e+02
2.50131321e+02
2.48288266e+02
2.47260232e+02
2.45450662e+02
2.44498802e+02
2.43586908e+02
2.42508121e+02
2.41293948e+02
2.40790556e+02
2.39637529e+02
2.38968013e+02
2.37870100e+02
2.37241334e+02
2.36760239e+02
2.36226641e+02
2.35238939e+02
2.35013726e+02
2.34552030e+02
2.34132543e+02
2.33694360e+02
2.33179176e+02
2.32495441e+02
2.67949913e+02
2.67810871e+02
2.67934675e+02
2.67926904e+02
2.67776506e+02
2.67347738e+02
2.67235539e+02
2.66992363e+02
2.66493098e+02
2.66668475e+02
2.66196725e+02
2.65521857e+02
2.65493802e+02
2.65274344e+02
2.65162310e+02
2.64663663e+02
2.64132298e+02
2.63819001e+02
2.63863360e+02
2.63736510e+02
2.63101947e+02
2.62993558e+02
2.62755479e+02
2.62874760e+02
2.62622737e+02
2.62137228e+02
2.62388770e+02
2.62052316e+02
2.62117355e+02
2.61857138e+02
2.62109965e+02
2.62216337e+02
2.61724844e+02
2.61448565e+02
2.61355179e+02
2.61153640e+02
2.61279138e+02
2.68523012e+02
2.67791067e+02
2.65131125e+02
2.60700664e+02
2.55950853e+02
2.50741394e+02
2.45875579e+02
2.41041592e+02
2.36884041e+02
2.32677257e+02
2.29001234e+02
2.25366956e+02
2.22096663e+02
2.19265391e+02
2.16251632e+02
2.13711224e+02
2.11306129e+02
2.09314576e+02
2.06950494e+02
2.05516607e+02
2.03622401e+02
2.01581204e+02
2.00055752e+02
1.98824140e+02
1.97000697e+02
1.96262530e+02
1.94997705e+02
1.93673058e+02
1.92339844e+02
1.91168938e+02
1.90150036e+02
1.89299529e+02
1.88632105e+02
1.87856960e+02
1.86433891e+02
1.86010659e+02
1.85260136e+02
2.68401474e+02
2.67818980e+02
2.63970033e+02
2.59669990e+02
2.55093532e+02
2.50363358e+02
2.45500116e+02
2.42266926e+02
2.38309800e+02
2.34830918e+02
2.31715499e+02
2.28626394e+02
2.25830665e+02
2.23184347e+02
2.20580541e+02
2.18527513e+02
2.16770641e+02
2.14543686e+02
2.12719228e+02
2.10870654e+02
2.09004001e+02
2.07714958e+02
2.06033292e+02
2.04895536e+02
2.03827691e+02
2.02038249e+02
2.01277256e+02
2.00204907e+02
1.99324685e+02
1.97993326e+02
1.97189616e+02
1.96325959e+02
1.95481125e+02
1.95048129e+02
1.93576456e+02
1.93131622e+02
1.92356912e+02
2.69318940e+02
2.69206162e+02
2.69075055e+02
2.68750507e+02
2.67849549e+02
2.66555945e+02
2.65329956e+02
2.63381777e+02
2.62350313e+02
2.60239116e+02
2.58484244e+02
2.56622571e+02
2.54640943e+02
2.53512351e+02
2.51443408e+02
2.49532614e+02
2.48354769e+02
2.46687029e+02
2.45245583e+02
2.43804314e+02
2.42542353e+02
2.41302214e+02
2.40214396e+02
2.38693364e+02
2.38039389e+02
2.36672565e+02
2.35999573e+02
2.35031667e+02
2.34074977e+02
2.33300837e+02
2.32069615e+02
2.31530515e+02
2.31245411e+02
2.29958137e+02
2.29680064e+02
2.28899457e+02
2.28506840e+02
2.69495038e+02
2.69832295e+02
2.69668377e+02
2.69783994e+02
2.69725159e+02
2.68781175e+02
2.68730688e+02
2.67590846e+02
2.66546892e+02
2.65822597e+02
2.64220640e+02
2.62998269e+02
2.62018676e+02
2.60879692e+02
2.60133875e+02
2.58560752e+02
2.57482482e+02
2.56422407e+02
2.55394791e+02
2.54114319e+02
2.53218962e+02
2.52200676e+02
2.51390042e+02
2.50511962e+02
2.49304917e+02
2.48939147e+02
2.47947882e+02
2.47258392e+02
2.46689484e+02
2.45613978e+02
2.45282559e+02
2.44996183e+02
2.44038486e+02
2.43328265e+02
2.43174148e+02
2.42971924e+02
2.42518972e+02
2.70375069e+02
2.70242319e+02
2.70325413e+02
2.70538880e+02
2.70204444e+02
2.70126200e+02
2.69815468e+02
2.69165324e+02
2.69222551e+02
2.67743339e+02
2.67429864e+02
2.66677886e+02
2.65994717e+02
2.65453238e+02
2.64737853e+02
2.63532495e+02
2.63041109e+02
2.62293785e+02
2.61612037e+02
2.61274004e+02
2.60247602e+02
2.59803530e+02
2.59308228e+02
2.59048004e+02
2.58170891e+02
2.58140372e+02
2.57280304e+02
2.56973908e+02
2.56575591e+02
2.56392336e+02
2.55670547e+02
2.55604480e+02
2.55100944e+02
2.54687396e+02
2.54666957e+02
2.54219387e+02
2.53992232e+02
