2.69935844e+02
5.02980405e+01
4.02793818e+01
3.75405299e+01
3.58741252e+01
3.36886728e+01
3.28359341e+01
3.17846863e+01
3.07829818e+01
3.06109071e+01
3.01512080e+01
2.96567905e+01
2.90215880e+01
2.84892769e+01
2.81377603e+01
2.78407081e+01
2.72809674e+01
2.67326489e+01
2.64740247e+01
2.66048993e+01
2.64088416e+01
2.64804304e+01
2.55683859e+01
2.56699565e+01
2.54951240e+01
2.50464728e+01
2.51750148e+01
2.50425884e+01
2.49054061e+01
2.45958630e+01
2.43069318e+01
2.43193559e+01
2.42050219e+01
2.40119592e+01
2.40259087e+01
2.41460965e+01
2.39227921e+01
2.69865160e+02
1.50060557e+02
1.49901354e+02
1.50224441e+02
1.41366521e+02
1.34684513e+02
1.29130520e+02
1.23207575e+02
1.18602423e+02
1.14910353e+02
1.11540279e+02
1.08158069e+02
1.05341310e+02
1.03527889e+02
1.01016725e+02
9.85499046e+01
9.71390749e+01
9.56389048e+01
9.38031211e+01
9.26265909e+01
9.13385104e+01
9.01877857e+01
8.94838883e+01
8.87470052e+01
8.78742946e+01
8.69074611e+01
8.62125540e+01
8.53067345e+01
8.49351395e+01
8.45127362e+01
8.36732337e+01
8.31921277e+01
8.27313835e+01
8.21085285e+01
8.23983633e+01
8.16920336e+01
8.13118666e+01
2.70015412e+02
2.49861873e+02
2.46126762e+02
2.41698184e+02
2.36827475e+02
2.31527980e+02
2.25830632e+02
2.20178640e+02
2.14841285e+02
2.10336034e+02
2.06350751e+02
2.02036917e+02
1.98300592e+02
1.94865316e+02
1.91858752e+02
1.89127510e+02
1.86420135e+02
1.84290247e+02
1.82164747e+02
1.80223344e+02
1.78315217e+02
1.76542754e+02
1.75152583e+02
1.73836565e+02
1.72011145e+02
1.70973506e+02
1.69913834e+02
1.69239515e+02
1.68611563e+02
1.67587647e+02
1.66331396e+02
1.65825539e+02
1.65595945e+02
1.64575314e+02
1.64042481e+02
1.63430858e+02
1.62671410e+02
2.69346036e+02
2.69194011e+02
2.69051558e+02
2.68935254e+02
2.68045070e+02
2.67091731e+02
2.65752774e+02
2.63760164e+02
2.62197327e+02
2.60127128e+02
2.58764139e+02
2.57164283e+02
2.54883499e+02
2.53314372e+02
2.51857262e+02
2.50407251e+02
2.48666772e+02
2.47461668e+02
2.46274725e+02
2.44981681e+02
2.44212211e+02
2.42785597e+02
2.41752695e+02
2.40512400e+02
2.39829444e+02
2.39204447e+02
2.38678095e+02
2.37669592e+02
2.37353620e+02
2.36614872e+02
2.35906929e+02
2.35324789e+02
2.34912281e+02
2.34387284e+02
2.33810435e+02
2.33833002e+02
2.33257134e+02
2.67824245e+02
2.67693650e+02
2.68015046e+02
2.67859824e+02
2.67907499e+02
2.67473011e+02
2.67478302e+02
2.66730202e+02
2.66720489e+02
2.66313390e+02
2.66203193e+02
2.66146073e+02
2.65484598e+02
2.65384912e+02
2.65008025e+02
2.64536273e+02
2.64347422e+02
2.64215569e+02
2.63673832e+02
2.63577216e+02
2.63303154e+02
2.63249275e+02
2.62872941e+02
2.63005219e+02
2.62786160e+02
2.62449806e+02
2.62638200e+02
2.62445412e+02
2.62421865e+02
2.62150057e+02
2.62083330e+02
2.61415010e+02
2.61771025e+02
2.61633578e+02
2.61614891e+02
2.61299745e+02
2.61445722e+02
2.72908469e+02
2.72271871e+02
2.68785634e+02
2.64106305e+02
2.59183561e+02
2.53444962e+02
2.48511496e+02
2.43494180e+02
2.38971325e+02
2.34308287e+02
2.30501779e+02
2.26448572e+02
2.23403049e+02
2.20359155e+02
2.17124707e+02
2.14721172e+02
2.12178397e+02
2.09669815e+02
2.07732760e+02
2.05591855e+02
2.03592968e+02
2.01906740e+02
2.00260980e+02
1.98667750e+02
1.96861071e+02
1.95544583e+02
1.94234108e+02
1.93006779e+02
1.91637616e+02
1.90752808e+02
1.89813174e+02
1.88498708e+02
1.87371742e+02
1.86822905e+02
1.85718288e+02
1.84971669e+02
1.84142233e+02
2.72638364e+02
2.71611823e+02
2.68042125e+02
2.63006550e+02
2.58068336e+02
2.53335841e+02
2.49333023e+02
2.44244539e+02
2.40614423e+02
2.36971492e+02
2.33310866e+02
2.30598393e+02
2.27483491e+02
2.24626401e+02
2.21598674e+02
2.19555981e+02
2.17087121e+02
2.15266802e+02
2.12971856e+02
2.11283998e+02
2.09456459e+02
2.08209904e+02
2.06612895e+02
2.04794254e+02
2.03455057e+02
2.02251647e+02
2.00888608e+02
1.99664387e+02
1.98671924e+02
1.97698952e+02
1.96360585e+02
1.95658895e+02
1.94951046e+02
1.93643032e+02
1.92844384e+02
1.92603477e+02
1.91451339e+02
2.71115629e+02
2.71202867e+02
2.70930794e+02
2.70840647e+02
2.69803031e+02
2.68800492e+02
2.67370971e+02
2.65692488e+02
2.63556179e+02
2.62005752e+02
2.60125038e+02
2.58044673e+02
2.56134960e+02
2.54546832e+02
2.52435741e+02
2.50958319e+02
2.49047033e+02
2.47993331e+02
2.46430165e+02
2.44440250e+02
2.43215356e+02
2.41911634e+02
2.41066190e+02
2.39827206e+02
2.38116089e+02
2.37396536e+02
2.36484436e+02
2.35067537e+02
2.34186330e+02
2.33264383e+02
2.32320030e+02
2.31744566e+02
2.30979293e+02
2.30295226e+02
2.29637586e+02
2.29236973e+02
2.28611805e+02
2.70830485e+02
2.71192844e+02
2.71265294e+02
2.70954891e+02
2.70953009e+02
2.70215850e+02
2.69615787e+02
2.68986120e+02
2.68261254e+02
2.67019500e+02
2.65552806e+02
2.64374986e+02
2.63390286e+02
2.61937202e+02
2.60802239e+02
2.59469860e+02
2.58065224e+02
2.57200470e+02
2.55823713e+02
2.54681931e+02
2.53520934e+02
2.52901166e+02
2.51628339e+02
2.50788170e+02
2.49966661e+02
2.49243377e+02
2.48122679e+02
2.47731215e+02
2.46867419e+02
2.46348504e+02
2.45601087e+02
2.44918754e+02
2.44461547e+02
2.44043529e+02
2.43033840e+02
2.42825908e+02
2.42281829e+02
2.70713163e+02
2.70921640e+02
2.70997464e+02
2.71028713e+02
2.71410393e+02
2.70604454e+02
2.70134450e+02
2.69639935e+02
2.69140238e+02
2.68506987e+02
2.67827280e+02
2.67318437e+02
2.66692209e+02
2.65605415e+02
2.64769687e+02
2.64036975e+02
2.62996909e+02
2.62368979e+02
2.61742545e+02
2.61489285e+02
2.60006986e+02
2.59844735e+02
2.59019055e+02
2.58080295e+02
2.57783477e+02
2.57904592e+02
2.57290972e+02
2.56548601e+02
2.56120158e+02
2.55716817e+02
2.55391795e+02
2.54727540e+02
2.54413251e+02
2.53979517e+02
2.54139240e+02
2.53911579e+02
2.53109648e+02
