2.70045755e+02
4.98632108e+01
4.01543069e+01
3.70336641e+01
3.52227431e+01
3.36121039e+01
3.27810941e+01
3.14014714e+01
3.07102219e+01
2.99708814e+01
2.93511745e+01
2.92949740e+01
2.90134721e+01
2.83394754e+01
2.72940541e+01
2.75705949e+01
2.72700692e+01
2.63735349e+01
2.64844791e+01
2.59793542e+01
2.58202787e+01
2.52948765e+01
2.54995776e+01
2.53739771e+01
2.53053301e+01
2.46981040e+01
2.48186805e+01
2.52435322e+01
2.47792648e+01
2.43753067e+01
2.43240137e+01
2.41022371e+01
2.41173267e+01
2.44783377e+01
2.40939780e+01
2.43356710e+01
2.39068295e+01
2.69461342e+02
1.50065996e+02
1.50278106e+02
1.50062265e+02
1.41378061e+02
1.34770624e+02
1.28912011e+02
1.23248575e+02
1.18610625e+02
1.14831003e+02
1.11474780e+02
1.09012640e+02
1.05927772e+02
1.03068458e+02
1.01369863e+02
9.92678403e+01
9.70554812e+01
9.57124822e+01
9.42667112e+01
9.32338477e+01
9.18170056e+01
9.05031696e+01
9.00427557e+01
8.85116852e+01
8.81151986e+01
8.74770901e+01
8.63919059e+01
8.57896873e+01
8.57058607e+01
8.47001015e+01
8.42215490e+01
8.36755429e+01
8.33403151e+01
8.30557287e+01
8.26355152e+01
8.27469196e+01
8.18231172e+01
2.70202465e+02
2.49892363e+02
2.45967138e+02
2.41853098e+02
2.36667869e+02
2.31694098e+02
2.26485426e+02
2.20934196e+02
2.15352755e+02
2.10728263e+02
2.06622367e+02
2.02371218e+02
1.98823298e+02
1.95308881e+02
1.92536856e+02
1.89932524e+02
1.87265043e+02
1.84821159e+02
1.82656170e+02
1.80851415e+02
1.79158151e+02
1.77156384e+02
1.76154007e+02
1.74519026e+02
1.73739352e+02
1.72633921e+02
1.71087860e+02
1.70532669e+02
1.69372252e+02
1.68678084e+02
1.67886523e+02
1.66798058e+02
1.66759625e+02
1.65233776e+02
1.65624078e+02
1.64751276e+02
1.64265587e+02
2.69951287e+02
2.69812496e+02
2.70120291e+02
2.69606457e+02
2.68187776e+02
2.66738599e+02
2.65972449e+02
2.63743125e+02
2.62003200e+02
2.60351586e+02
2.58816542e+02
2.56591505e+02
2.55074074e+02
2.53187251e+02
2.51636369e+02
2.50375748e+02
2.49062250e+02
2.47717662e+02
2.46064767e+02
2.45043519e+02
2.44037675e+02
2.42886106e+02
2.42108824e+02
2.41317299e+02
2.40248968e+02
2.39587012e+02
2.38696559e+02
2.38328559e+02
2.37472320e+02
2.37045036e+02
2.36494068e+02
2.35721730e+02
2.35369752e+02
2.35261262e+02
2.34532987e+02
2.34524618e+02
2.34119208e+02
2.67859881e+02
2.67606455e+02
2.67793656e+02
2.67561714e+02
2.67670083e+02
2.67670229e+02
2.67244698e+02
2.67073783e+02
2.66916951e+02
2.66425917e+02
2.66167174e+02
2.65703776e+02
2.65870045e+02
2.65368614e+02
2.64931472e+02
2.64439423e+02
2.64189222e+02
2.64447708e+02
2.63801190e+02
2.63528407e+02
2.63443775e+02
2.63247212e+02
2.63017820e+02
2.63011336e+02
2.62885041e+02
2.62428365e+02
2.62619691e+02
2.62083027e+02
2.62061279e+02
2.61852438e+02
2.61930734e+02
2.62231542e+02
2.61810324e+02
2.61869631e+02
2.61330831e+02
2.62086626e+02
2.61864640e+02
2.70993609e+02
2.70009694e+02
2.67089437e+02
2.62279711e+02
2.57040149e+02
2.51835282e+02
2.46525461e+02
2.41925255e+02
2.36905201e+02
2.32656420e+02
2.28176681e+02
2.24776925e+02
2.21397524e+02
2.18407286e+02
2.15461683e+02
2.12809906e+02
2.10618590e+02
2.08091489e+02
2.06026892e+02
2.04330400e+02
2.02395183e+02
2.00784426e+02
1.99242881e+02
1.97384307e+02
1.96184664e+02
1.95024030e+02
1.93863844e+02
1.92402754e+02
1.91710437e+02
1.90737296e+02
1.89846001e+02
1.89094733e+02
1.87923439e+02
1.87195440e+02
1.86731351e+02
1.85662988e+02
1.85320341e+02
2.70897917e+02
2.69718855e+02
2.66219345e+02
2.61740359e+02
2.56667429e+02
2.52118455e+02
2.48031264e+02
2.42972284e+02
2.39445837e+02
2.35999202e+02
2.32462229e+02
2.29408979e+02
2.26310075e+02
2.23485658e+02
2.21297387e+02
2.19165397e+02
2.16717099e+02
2.14618689e+02
2.12951540e+02
2.11213612e+02
2.09710820e+02
2.07866823e+02
2.06744793e+02
2.05681735e+02
2.03479197e+02
2.02775955e+02
2.02055663e+02
2.00965624e+02
1.99651652e+02
1.98876418e+02
1.98321048e+02
1.97220447e+02
1.96685419e+02
1.96064695e+02
1.95607008e+02
1.94394797e+02
1.93789218e+02
2.71091303e+02
2.71057636e+02
2.71194925e+02
2.70939140e+02
2.69683727e+02
2.68259195e+02
2.67163564e+02
2.65419374e+02
2.63722733e+02
2.62122789e+02
2.60579800e+02
2.58820444e+02
2.56460276e+02
2.55190090e+02
2.53581998e+02
2.52106928e+02
2.50791813e+02
2.49540168e+02
2.47976615e+02
2.46404429e+02
2.45754353e+02
2.44397036e+02
2.43648972e+02
2.42792930e+02
2.41721269e+02
2.40799626e+02
2.39777307e+02
2.39260779e+02
2.38259765e+02
2.37822737e+02
2.36719935e+02
2.36565535e+02
2.35744831e+02
2.35248504e+02
2.34741991e+02
2.34444553e+02
2.33988554e+02
2.71025853e+02
2.71327590e+02
2.71370924e+02
2.70820184e+02
2.71120146e+02
2.70121883e+02
2.69791983e+02
2.68656480e+02
2.67786372e+02
2.66692678e+02
2.65514857e+02
2.64170146e+02
2.63054358e+02
2.61926031e+02
2.60530633e+02
2.59892790e+02
2.58389249e+02
2.57553167e+02
2.56617514e+02
2.55399456e+02
2.54768299e+02
2.53858930e+02
2.52887271e+02
2.52384721e+02
2.51909301e+02
2.50782686e+02
2.50107311e+02
2.49717358e+02
2.49299787e+02
2.48294017e+02
2.48226879e+02
2.47294918e+02
2.47163400e+02
2.46724483e+02
2.46365938e+02
2.45792442e+02
2.45928797e+02
2.71219538e+02
2.71652230e+02
2.70930285e+02
2.71114751e+02
2.70855854e+02
2.70720116e+02
2.70323039e+02
2.70039540e+02
2.69330222e+02
2.68607112e+02
2.67899634e+02
2.67244179e+02
2.66089207e+02
2.65521247e+02
2.64776796e+02
2.63995656e+02
2.63707780e+02
2.62535608e+02
2.62102785e+02
2.61091715e+02
2.60206062e+02
2.60156294e+02
2.59483980e+02
2.59259161e+02
2.58694654e+02
2.58129491e+02
2.57703764e+02
2.57376529e+02
2.57035676e+02
2.56587916e+02
2.55938043e+02
2.55924222e+02
2.55603641e+02
2.55318861e+02
2.55275415e+02
2.54839665e+02
2.54636410e+02
