2.70114667e+02
5.01240687e+01
4.02044387e+01
3.71383739e+01
3.51165724e+01
3.36163227e+01
3.26322879e+01
3.18962830e+01
3.05358202e+01
3.05221733e+01
2.99607950e+01
2.93191523e+01
2.91239422e+01
2.83635079e+01
2.80935874e+01
2.74752977e+01
2.70325792e+01
2.74801049e+01
2.64104052e+01
2.65284082e+01
2.56677421e+01
2.62093829e+01
2.57824343e+01
2.54843217e+01
2.57700657e+01
2.48678730e+01
2.50538782e+01
2.48779534e+01
2.50081393e+01
2.48667231e+01
2.43115557e+01
2.45770605e+01
2.46602185e+01
2.45826232e+01
2.41577280e+01
2.43489690e+01
2.40311049e+01
2.69869226e+02
1.49971603e+02
1.50090158e+02
1.49982570e+02
1.41164666e+02
1.34976751e+02
1.28475222e+02
1.23729215e+02
1.19289398e+02
1.15669894e+02
1.12035016e+02
1.08753910e+02
1.06272703e+02
1.03558847e+02
1.01824898e+02
9.94229703e+01
9.76559462e+01
9.59185613e+01
9.47492611e+01
9.30734315e+01
9.25683249e+01
9.09190701e+01
8.99784058e+01
8.88344082e+01
8.82727644e+01
8.74999558e+01
8.63814112e+01
8.59150935e+01
8.57917797e+01
8.49295153e+01
8.41410282e+01
8.38216389e+01
8.35085323e+01
8.31936806e+01
8.27699751e+01
8.27767569e+01
8.23346943e+01
2.69988397e+02
2.49877330e+02
2.46666434e+02
2.41558276e+02
2.37182973e+02
2.32375399e+02
2.26344827e+02
2.20865034e+02
2.15920044e+02
2.11401023e+02
2.06817059e+02
2.02818604e+02
1.99282436e+02
1.95455060e+02
1.92569906e+02
1.89719655e+02
1.87498869e+02
1.85446139e+02
1.82746420e+02
1.81250324e+02
1.79159075e+02
1.77700723e+02
1.75885140e+02
1.74414243e+02
1.73499295e+02
1.71999642e+02
1.71196816e+02
1.70171673e+02
1.69243073e+02
1.68416879e+02
1.67830471e+02
1.67052761e+02
1.66513870e+02
1.65973599e+02
1.65386216e+02
1.65130545e+02
1.64258275e+02
2.71183648e+02
2.70927221e+02
2.70545067e+02
2.69830371e+02
2.68926732e+02
2.67875616e+02
2.66314880e+02
2.64635521e+02
2.62943589e+02
2.61330976e+02
2.59213666e+02
2.57054404e+02
2.55953169e+02
2.54105302e+02
2.52314789e+02
2.51359331e+02
2.49573949e+02
2.48151780e+02
2.46671243e+02
2.45597746e+02
2.44773254e+02
2.43369096e+02
2.42877462e+02
2.41458281e+02
2.41060237e+02
2.39935549e+02
2.39817964e+02
2.38718173e+02
2.38102435e+02
2.37562882e+02
2.36854973e+02
2.36347543e+02
2.36461624e+02
2.35913870e+02
2.35207852e+02
2.35338677e+02
2.34403089e+02
2.68273427e+02
2.67853591e+02
2.68059921e+02
2.68138120e+02
2.67762562e+02
2.67640405e+02
2.67395611e+02
2.67454023e+02
2.66822050e+02
2.66811734e+02
2.66457798e+02
2.65880093e+02
2.65623489e+02
2.65246056e+02
2.65247883e+02
2.64968044e+02
2.64540533e+02
2.63955000e+02
2.64347409e+02
2.63780020e+02
2.63671386e+02
2.63608498e+02
2.63557504e+02
2.62973709e+02
2.63025775e+02
2.62955955e+02
2.62916613e+02
2.62775969e+02
2.62262584e+02
2.62645925e+02
2.62272097e+02
2.61920344e+02
2.62469218e+02
2.61980316e+02
2.62290336e+02
2.61874923e+02
2.61773756e+02
2.74037948e+02
2.73122358e+02
2.69582948e+02
2.64610076e+02
2.58637803e+02
2.52841957e+02
2.47846177e+02
2.42852524e+02
2.38479433e+02
2.33907131e+02
2.29516514e+02
2.26426389e+02
2.22693182e+02
2.19574847e+02
2.17139098e+02
2.14294666e+02
2.11854095e+02
2.09616996e+02
2.07451401e+02
2.05565007e+02
2.04120781e+02
2.01791735e+02
2.00731244e+02
1.99109047e+02
1.97688624e+02
1.95990646e+02
1.94919731e+02
1.93741875e+02
1.92688467e+02
1.91691983e+02
1.91060888e+02
1.90114932e+02
1.89102979e+02
1.88763380e+02
1.87544539e+02
1.86586703e+02
1.85893980e+02
2.73922587e+02
2.72849581e+02
2.68947693e+02
2.64514427e+02
2.59123164e+02
2.54445999e+02
2.49761569e+02
2.45561976e+02
2.41599610e+02
2.37979373e+02
2.34497025e+02
2.31311352e+02
2.28570691e+02
2.25376769e+02
2.22863418e+02
2.20424591e+02
2.18087978e+02
2.16357264e+02
2.14568865e+02
2.13020340e+02
2.11017428e+02
2.09306428e+02
2.08343982e+02
2.06712302e+02
2.05558782e+02
2.04590437e+02
2.03565265e+02
2.01746437e+02
2.00761425e+02
2.00203237e+02
1.99046910e+02
1.98410747e+02
1.97401952e+02
1.96653731e+02
1.96284031e+02
1.95538701e+02
1.94411456e+02
2.72866133e+02
2.72908488e+02
2.72983837e+02
2.72344288e+02
2.71402848e+02
2.69705352e+02
2.68314192e+02
2.67319030e+02
2.65148808e+02
2.63617050e+02
2.61585973e+02
2.59865313e+02
2.58042627e+02
2.56476631e+02
2.54655644e+02
2.52965667e+02
2.51623773e+02
2.50268549e+02
2.48936910e+02
2.47883127e+02
2.46563340e+02
2.45593111e+02
2.44106761e+02
2.43272547e+02
2.41990101e+02
2.41701548e+02
2.40808464e+02
2.39834474e+02
2.39268026e+02
2.38233523e+02
2.37753953e+02
2.36925307e+02
2.36753053e+02
2.36107084e+02
2.35836968e+02
2.35002785e+02
2.34689669e+02
2.72676099e+02
2.72664705e+02
2.72188611e+02
2.72676386e+02
2.72534958e+02
2.70964356e+02
2.70722415e+02
2.69834020e+02
2.68750869e+02
2.67629258e+02
2.66388064e+02
2.65191681e+02
2.64058215e+02
2.62452107e+02
2.61468920e+02
2.60250254e+02
2.59389957e+02
2.58564384e+02
2.57594874e+02
2.56394750e+02
2.55283040e+02
2.54684391e+02
2.53817767e+02
2.53171212e+02
2.52397941e+02
2.51157825e+02
2.50712955e+02
2.50360537e+02
2.49571626e+02
2.49257358e+02
2.48616432e+02
2.47907079e+02
2.47709601e+02
2.47469751e+02
2.46975058e+02
2.46512435e+02
2.46198139e+02
2.72623944e+02
2.72210874e+02
2.72246860e+02
2.72021316e+02
2.72008847e+02
2.71278222e+02
2.71070516e+02
2.70650113e+02
2.70166325e+02
2.69616883e+02
2.68606245e+02
2.67456641e+02
2.66735092e+02
2.65860041e+02
2.65642183e+02
2.64217602e+02
2.64207693e+02
2.63135154e+02
2.62532056e+02
2.62118010e+02
2.61264064e+02
2.61006557e+02
2.60192930e+02
2.59740284e+02
2.59227335e+02
2.58823126e+02
2.58433859e+02
2.58080019e+02
2.57590538e+02
2.56880894e+02
2.56528569e+02
2.56605559e+02
2.56443645e+02
2.55941474e+02
2.55662620e+02
2.55119512e+02
2.55416854e+02
