2.70064966e+02
4.99381532e+01
3.99276758e+01
3.69296808e+01
3.53970409e+01
3.37392280e+01
3.24421788e+01
3.15340986e+01
3.10402736e+01
3.05552169e+01
2.96067628e+01
2.92747290e+01
2.91062630e+01
2.86362937e+01
2.77999508e+01
2.72516246e+01
2.72713211e+01
2.68308609e+01
2.65028477e+01
2.64080355e+01
2.61076488e+01
2.60095391e+01
2.54496779e+01
2.57045956e+01
2.55586626e+01
2.54721260e+01
2.48484906e+01
2.52073123e+01
2.50479137e+01
2.48333778e+01
2.42550245e+01
2.45769258e+01
2.43629893e+01
2.41832975e+01
2.42349509e+01
2.40045672e+01
2.39623310e+01
2.69646323e+02
1.49770701e+02
1.49671214e+02
1.49756410e+02
1.41644655e+02
1.35156621e+02
1.29087344e+02
1.23769662e+02
1.19045946e+02
1.15130064e+02
1.11467901e+02
1.08501227e+02
1.05827102e+02
1.03039242e+02
1.01244685e+02
9.93529718e+01
9.73714623e+01
9.59250927e+01
9.44577568e+01
9.30604094e+01
9.16977484e+01
9.11682769e+01
8.96623625e+01
8.85923975e+01
8.79467264e+01
8.72201849e+01
8.65029528e+01
8.60314201e+01
8.58870878e+01
8.50182528e+01
8.41373278e+01
8.38860784e+01
8.33204041e+01
8.31713102e+01
8.27543436e+01
8.22076352e+01
8.20501747e+01
2.70062851e+02
2.50152303e+02
2.46129178e+02
2.41648245e+02
2.37153609e+02
2.31890389e+02
2.26347702e+02
2.20937669e+02
2.15974317e+02
2.11019162e+02
2.06437209e+02
2.02578024e+02
1.98743574e+02
1.95269514e+02
1.92587526e+02
1.89648232e+02
1.86891546e+02
1.84761210e+02
1.82563905e+02
1.80754352e+02
1.78817038e+02
1.77338886e+02
1.76016563e+02
1.74422817e+02
1.73335449e+02
1.72552891e+02
1.70953650e+02
1.70286099e+02
1.69295008e+02
1.68261537e+02
1.67574009e+02
1.67079295e+02
1.65937942e+02
1.65510463e+02
1.65096071e+02
1.64725314e+02
1.64261769e+02
2.70234940e+02
2.70517699e+02
2.70084126e+02
2.69824521e+02
2.68558807e+02
2.67208560e+02
2.66271589e+02
2.64763266e+02
2.62506093e+02
2.60559351e+02
2.58941275e+02
2.57137382e+02
2.55299995e+02
2.53853631e+02
2.52440476e+02
2.50464805e+02
2.49461366e+02
2.48272569e+02
2.46988107e+02
2.46156199e+02
2.44678685e+02
2.43695006e+02
2.42569887e+02
2.41718208e+02
2.41037326e+02
2.40211063e+02
2.39797116e+02
2.39246329e+02
2.38167262e+02
2.37965301e+02
2.37199439e+02
2.36981151e+02
2.36746424e+02
2.36025615e+02
2.35300738e+02
2.35367463e+02
2.34747988e+02
2.68105140e+02
2.68392154e+02
2.67802363e+02
2.67810304e+02
2.67985006e+02
2.67718969e+02
2.67610442e+02
2.67564811e+02
2.67102760e+02
2.66791663e+02
2.66441638e+02
2.66010658e+02
2.65748468e+02
2.65329655e+02
2.64878188e+02
2.64488025e+02
2.64490198e+02
2.64282567e+02
2.64190472e+02
2.63737682e+02
2.63323715e+02
2.63457116e+02
2.63363803e+02
2.63176756e+02
2.62825281e+02
2.63038035e+02
2.62682941e+02
2.62486201e+02
2.62223292e+02
2.62196753e+02
2.62271915e+02
2.62051427e+02
2.62139053e+02
2.61892798e+02
2.62181060e+02
2.61572760e+02
2.61760500e+02
2.72362942e+02
2.71351334e+02
2.68152886e+02
2.63824619e+02
2.59202606e+02
2.53591693e+02
2.48776282e+02
2.43686320e+02
2.39344204e+02
2.34769537e+02
2.31302788e+02
2.27115107e+02
2.24196725e+02
2.21127313e+02
2.18086244e+02
2.15263069e+02
2.12910329e+02
2.10548788e+02
2.08210343e+02
2.06710057e+02
2.05105294e+02
2.03192302e+02
2.01784896e+02
2.00046568e+02
1.98762022e+02
1.97290657e+02
1.96205950e+02
1.94942328e+02
1.93575365e+02
1.92644571e+02
1.92275616e+02
1.90942640e+02
1.90168209e+02
1.89302090e+02
1.88776101e+02
1.87948609e+02
1.87556739e+02
2.72005016e+02
2.70935658e+02
2.67289079e+02
2.62853061e+02
2.58403132e+02
2.53183037e+02
2.49378370e+02
2.44899055e+02
2.41036953e+02
2.37602675e+02
2.34308526e+02
2.30750888e+02
2.28267948e+02
2.25372407e+02
2.23096850e+02
2.20642104e+02
2.18512110e+02
2.16799504e+02
2.14926561e+02
2.12976716e+02
2.11203327e+02
2.09701135e+02
2.08526273e+02
2.06890556e+02
2.05874724e+02
2.04503716e+02
2.03478672e+02
2.02757648e+02
2.01394501e+02
2.00135905e+02
1.99585929e+02
1.98856684e+02
1.98103239e+02
1.97318349e+02
1.96653386e+02
1.95621531e+02
1.95754966e+02
2.72189479e+02
2.71908831e+02
2.71821743e+02
2.71379222e+02
2.70186295e+02
2.69222495e+02
2.67997405e+02
2.66341827e+02
2.64544064e+02
2.62543847e+02
2.60969605e+02
2.59505456e+02
2.57419242e+02
2.55593509e+02
2.54404789e+02
2.52454180e+02
2.51498253e+02
2.49467974e+02
2.48597772e+02
2.47764183e+02
2.46092532e+02
2.45044398e+02
2.44150366e+02
2.43030491e+02
2.42027910e+02
2.41343364e+02
2.40069474e+02
2.39857006e+02
2.38893934e+02
2.38091153e+02
2.37569769e+02
2.36713309e+02
2.36515210e+02
2.35996015e+02
2.35214051e+02
2.34784573e+02
2.34206569e+02
2.71649719e+02
2.72001682e+02
2.71937430e+02
2.71924611e+02
2.71048693e+02
2.70805943e+02
2.70187907e+02
2.68852516e+02
2.68125730e+02
2.67436178e+02
2.65960356e+02
2.64655761e+02
2.63749810e+02
2.62117925e+02
2.61256980e+02
2.60157028e+02
2.59143559e+02
2.58387579e+02
2.57057903e+02
2.56392169e+02
2.55249481e+02
2.54179218e+02
2.53479447e+02
2.52762990e+02
2.52190829e+02
2.51258872e+02
2.50379270e+02
2.50107544e+02
2.49247241e+02
2.48716004e+02
2.48593738e+02
2.48072990e+02
2.47729972e+02
2.47183989e+02
2.46583489e+02
2.46125988e+02
2.45821531e+02
2.71868701e+02
2.71536808e+02
2.71504916e+02
2.71711694e+02
2.71062129e+02
2.71055363e+02
2.70861388e+02
2.70027288e+02
2.69457761e+02
2.68739084e+02
2.67763439e+02
2.67319390e+02
2.66463193e+02
2.65742937e+02
2.64956505e+02
2.64402446e+02
2.63660985e+02
2.62630224e+02
2.61830534e+02
2.61744171e+02
2.61182391e+02
2.60457868e+02
2.59770194e+02
2.58868899e+02
2.58445421e+02
2.58059442e+02
2.57795466e+02
2.57870034e+02
2.57220460e+02
2.56587606e+02
2.56518381e+02
2.56223278e+02
2.55504673e+02
2.55577253e+02
2.55345199e+02
2.55035663e+02
2.55046620e+02
