-2.2000e+02
-9.8244e+00
-2.8823e+00
-2.0950e+00
-1.4636e+00
-1.1090e+00
-8.8426e-01
-7.2808e-01
-6.1272e-01
-5.2389e-01
-4.5347e-01
-4.9903e-01
-4.8625e-01
-4.3733e-01
-3.9328e-01
-3.5486e-01
-3.2143e-01
-2.9226e-01
-2.6668e-01
-2.4414e-01
-2.2418e-01
-2.0642e-01
-1.9055e-01
-1.7631e-01
-1.6348e-01
-1.5188e-01
-1.4135e-01
-1.3177e-01
-1.2302e-01
-1.1501e-01
-1.0767e-01
-1.0092e-01
-9.4691e-02
-8.8943e-02
-8.3627e-02
-7.8699e-02
-1.2000e+02
0.0000e+00
0.0000e+00
-8.4811e+00
-6.4857e+00
-5.9525e+00
-5.2323e+00
-4.5629e+00
-3.9845e+00
-3.4942e+00
-3.0790e+00
-2.7335e+00
-2.4558e+00
-2.2117e+00
-1.9936e+00
-1.7998e+00
-1.6280e+00
-1.4754e+00
-1.3399e+00
-1.2191e+00
-1.1113e+00
-1.0148e+00
-9.2828e-01
-8.5056e-01
-7.8060e-01
-7.1749e-01
-6.6046e-01
-6.0884e-01
-5.6204e-01
-5.1953e-01
-4.8086e-01
-4.4563e-01
-4.1348e-01
-3.8411e-01
-3.5723e-01
-3.3261e-01
-2.0000e+01
-3.6797e+00
-4.4170e+00
-4.6998e+00
-5.2063e+00
-5.5310e+00
-5.4442e+00
-5.1607e+00
-4.8002e+00
-4.4202e+00
-4.0481e+00
-3.6968e+00
-3.3722e+00
-3.0767e+00
-2.8090e+00
-2.5664e+00
-2.3466e+00
-2.1473e+00
-1.9666e+00
-1.8027e+00
-1.6541e+00
-1.5192e+00
-1.3968e+00
-1.2855e+00
-1.1843e+00
-1.0923e+00
-1.0085e+00
-9.3210e-01
-8.6242e-01
-7.9880e-01
-7.4064e-01
-6.8743e-01
-6.3871e-01
-5.9404e-01
-5.5304e-01
-5.1538e-01
-1.9191e-01
-3.6110e-01
-5.9185e-01
-9.0247e-01
-1.2240e+00
-1.4956e+00
-1.6919e+00
-1.8113e+00
-1.8653e+00
-1.8691e+00
-1.8370e+00
-1.7804e+00
-1.7082e+00
-1.6270e+00
-1.5412e+00
-1.4543e+00
-1.3684e+00
-1.2849e+00
-1.2046e+00
-1.1282e+00
-1.0558e+00
-9.8760e-01
-9.2359e-01
-8.6367e-01
-8.0770e-01
-7.5551e-01
-7.0689e-01
-6.6165e-01
-6.1957e-01
-5.8044e-01
-5.4408e-01
-5.1027e-01
-4.7884e-01
-4.4962e-01
-4.2243e-01
-3.9714e-01
-1.2640e-02
-3.8288e-02
-6.9643e-02
-1.1341e-01
-1.6542e-01
-2.1516e-01
-2.5532e-01
-2.8319e-01
-2.9927e-01
-3.0555e-01
-3.0441e-01
-2.9800e-01
-2.8804e-01
-2.7585e-01
-2.6238e-01
-2.4834e-01
-2.3420e-01
-2.2028e-01
-2.0679e-01
-1.9385e-01
-1.8155e-01
-1.6991e-01
-1.5896e-01
-1.4868e-01
-1.3906e-01
-1.3007e-01
-1.2170e-01
-1.1390e-01
-1.0664e-01
-9.9883e-02
-9.3603e-02
-8.7764e-02
-8.2336e-02
-7.7287e-02
-7.2592e-02
-6.8225e-02
-1.0362e+00
-3.6661e+00
-5.1763e+00
-5.6552e+00
-5.6597e+00
-5.4468e+00
-5.1355e+00
-4.7871e+00
-4.4346e+00
-4.0950e+00
-3.7768e+00
-3.4835e+00
-3.2167e+00
-2.9757e+00
-2.7580e+00
-2.5612e+00
-2.3829e+00
-2.2211e+00
-2.0740e+00
-1.9398e+00
-1.8171e+00
-1.7047e+00
-1.6014e+00
-1.5062e+00
-1.4183e+00
-1.3369e+00
-1.2614e+00
-1.1912e+00
-1.1258e+00
-1.0649e+00
-1.0079e+00
-9.5457e-01
-9.0461e-01
-8.5775e-01
-8.1374e-01
-7.7236e-01
-1.1563e+00
-3.7789e+00
-4.9606e+00
-5.1342e+00
-4.9704e+00
-4.7022e+00
-4.4039e+00
-4.1039e+00
-3.8149e+00
-3.5428e+00
-3.2899e+00
-3.0570e+00
-2.8443e+00
-2.6509e+00
-2.4744e+00
-2.3129e+00
-2.1647e+00
-2.0286e+00
-1.9034e+00
-1.7879e+00
-1.6812e+00
-1.5824e+00
-1.4908e+00
-1.4057e+00
-1.3266e+00
-1.2528e+00
-1.1840e+00
-1.1197e+00
-1.0595e+00
-1.0031e+00
-9.5029e-01
-9.0071e-01
-8.5412e-01
-8.1032e-01
-7.6911e-01
-7.3031e-01
-9.0613e-02
-2.3152e-01
-5.7025e-01
-9.7392e-01
-1.3198e+00
-1.5749e+00
-1.7472e+00
-1.8536e+00
-1.9097e+00
-1.9281e+00
-1.9182e+00
-1.8876e+00
-1.8420e+00
-1.7859e+00
-1.7229e+00
-1.6556e+00
-1.5860e+00
-1.5156e+00
-1.4454e+00
-1.3764e+00
-1.3091e+00
-1.2439e+00
-1.1812e+00
-1.1210e+00
-1.0634e+00
-1.0086e+00
-9.5654e-01
-9.0708e-01
-8.6021e-01
-8.1583e-01
-7.7384e-01
-7.3415e-01
-6.9663e-01
-6.6119e-01
-6.2771e-01
-5.9608e-01
-6.6104e-02
-1.0192e-01
-1.8029e-01
-3.3782e-01
-5.3715e-01
-7.3497e-01
-9.0633e-01
-1.0421e+00
-1.1418e+00
-1.2090e+00
-1.2483e+00
-1.2648e+00
-1.2631e+00
-1.2474e+00
-1.2210e+00
-1.1870e+00
-1.1476e+00
-1.1048e+00
-1.0598e+00
-1.0139e+00
-9.6782e-01
-9.2223e-01
-8.7759e-01
-8.3421e-01
-7.9234e-01
-7.5211e-01
-7.1361e-01
-6.7689e-01
-6.4194e-01
-6.0876e-01
-5.7729e-01
-5.4748e-01
-5.1928e-01
-4.9262e-01
-4.6742e-01
-4.4361e-01
-7.7822e-02
-7.0486e-02
-1.0969e-01
-1.9505e-01
-3.0797e-01
-4.2565e-01
-5.3215e-01
-6.1948e-01
-6.8529e-01
-7.3042e-01
-7.5732e-01
-7.6902e-01
-7.6852e-01
-7.5859e-01
-7.4162e-01
-7.1958e-01
-6.9407e-01
-6.6634e-01
-6.3736e-01
-6.0785e-01
-5.7838e-01
-5.4934e-01
-5.2102e-01
-4.9363e-01
-4.6730e-01
-4.4212e-01
-4.1812e-01
-3.9534e-01
-3.7374e-01
-3.5333e-01
-3.3404e-01
-3.1586e-01
-2.9872e-01
-2.8258e-01
-2.6739e-01
-2.5310e-01
