-2.2000e+02
-9.8056e+00
-2.9266e+00
-2.1178e+00
-1.4734e+00
-1.1127e+00
-8.8480e-01
-7.2683e-01
-6.1041e-01
-5.2091e-01
-4.5001e-01
-4.9575e-01
-4.8081e-01
-4.3152e-01
-3.8705e-01
-3.4822e-01
-3.1439e-01
-2.8486e-01
-2.5896e-01
-2.3615e-01
-2.1595e-01
-1.9799e-01
-1.8195e-01
-1.6758e-01
-1.5465e-01
-1.4298e-01
-1.3241e-01
-1.2281e-01
-1.1407e-01
-1.0610e-01
-9.8802e-02
-9.2113e-02
-8.5972e-02
-8.0321e-02
-7.5114e-02
-7.0309e-02
-1.2000e+02
0.0000e+00
0.0000e+00
-8.6924e+00
-6.6382e+00
-6.0500e+00
-5.2858e+00
-4.5886e+00
-3.9922e+00
-3.4901e+00
-3.0672e+00
-2.7168e+00
-2.4357e+00
-2.1893e+00
-1.9698e+00
-1.7753e+00
-1.6029e+00
-1.4501e+00
-1.3144e+00
-1.1935e+00
-1.0856e+00
-9.8912e-01
-9.0259e-01
-8.2485e-01
-7.5486e-01
-6.9174e-01
-6.3471e-01
-5.8309e-01
-5.3630e-01
-4.9382e-01
-4.5519e-01
-4.2003e-01
-3.8797e-01
-3.5871e-01
-3.3197e-01
-3.0750e-01
-2.0000e+01
-4.4180e+00
-4.4425e+00
-4.7603e+00
-5.2392e+00
-5.5332e+00
-5.4205e+00
-5.1223e+00
-4.7534e+00
-4.3688e+00
-3.9945e+00
-3.6424e+00
-3.3179e+00
-3.0231e+00
-2.7562e+00
-2.5146e+00
-2.2958e+00
-2.0974e+00
-1.9175e+00
-1.7543e+00
-1.6063e+00
-1.4719e+00
-1.3498e+00
-1.2389e+00
-1.1380e+00
-1.0462e+00
-9.6257e-01
-8.8635e-01
-8.1683e-01
-7.5337e-01
-6.9539e-01
-6.4238e-01
-5.9388e-01
-5.4947e-01
-5.0877e-01
-4.7145e-01
3.5434e-01
3.5822e-02
-2.7775e-01
-6.4401e-01
-1.0096e+00
-1.3174e+00
-1.5427e+00
-1.6847e+00
-1.7558e+00
-1.7723e+00
-1.7497e+00
-1.7002e+00
-1.6332e+00
-1.5558e+00
-1.4730e+00
-1.3882e+00
-1.3039e+00
-1.2215e+00
-1.1421e+00
-1.0663e+00
-9.9436e-01
-9.2652e-01
-8.6279e-01
-8.0311e-01
-7.4737e-01
-6.9540e-01
-6.4705e-01
-6.0210e-01
-5.6036e-01
-5.2164e-01
-4.8573e-01
-4.5244e-01
-4.2159e-01
-3.9301e-01
-3.6652e-01
-3.4198e-01
3.5741e-02
3.5514e-02
-1.1181e-02
-7.1502e-02
-1.3789e-01
-1.9978e-01
-2.4965e-01
-2.8477e-01
-3.0589e-01
-3.1541e-01
-3.1615e-01
-3.1061e-01
-3.0081e-01
-2.8829e-01
-2.7417e-01
-2.5927e-01
-2.4415e-01
-2.2918e-01
-2.1461e-01
-2.0061e-01
-1.8725e-01
-1.7460e-01
-1.6269e-01
-1.5150e-01
-1.4103e-01
-1.3125e-01
-1.2214e-01
-1.1366e-01
-1.0578e-01
-9.8468e-02
-9.1680e-02
-8.5387e-02
-7.9552e-02
-7.4145e-02
-6.9134e-02
-6.4491e-02
-8.6760e-01
-3.1629e+00
-4.6900e+00
-5.2929e+00
-5.4111e+00
-5.2819e+00
-5.0264e+00
-4.7124e+00
-4.3790e+00
-4.0485e+00
-3.7329e+00
-3.4382e+00
-3.1674e+00
-2.9211e+00
-2.6978e+00
-2.4954e+00
-2.3118e+00
-2.1453e+00
-1.9939e+00
-1.8562e+00
-1.7304e+00
-1.6155e+00
-1.5102e+00
-1.4135e+00
-1.3245e+00
-1.2425e+00
-1.1667e+00
-1.0966e+00
-1.0315e+00
-9.7117e-01
-9.1502e-01
-8.6275e-01
-8.1401e-01
-7.6853e-01
-7.2604e-01
-6.8630e-01
-1.2341e+00
-3.7838e+00
-4.8855e+00
-5.0139e+00
-4.8289e+00
-4.5541e+00
-4.2567e+00
-3.9603e+00
-3.6753e+00
-3.4065e+00
-3.1561e+00
-2.9246e+00
-2.7127e+00
-2.5195e+00
-2.3428e+00
-2.1809e+00
-2.0324e+00
-1.8960e+00
-1.7705e+00
-1.6551e+00
-1.5486e+00
-1.4503e+00
-1.3594e+00
-1.2752e+00
-1.1972e+00
-1.1249e+00
-1.0576e+00
-9.9505e-01
-9.3680e-01
-8.8251e-01
-8.3187e-01
-7.8459e-01
-7.4042e-01
-6.9912e-01
-6.6047e-01
-6.2428e-01
1.5669e-01
6.1660e-03
-3.6483e-01
-7.9195e-01
-1.1500e+00
-1.4082e+00
-1.5781e+00
-1.6798e+00
-1.7308e+00
-1.7442e+00
-1.7303e+00
-1.6963e+00
-1.6481e+00
-1.5901e+00
-1.5257e+00
-1.4577e+00
-1.3878e+00
-1.3176e+00
-1.2480e+00
-1.1799e+00
-1.1139e+00
-1.0504e+00
-9.8956e-01
-9.3159e-01
-8.7656e-01
-8.2447e-01
-7.7529e-01
-7.2895e-01
-6.8536e-01
-6.4441e-01
-6.0597e-01
-5.6993e-01
-5.3615e-01
-5.0450e-01
-4.7488e-01
-4.4714e-01
1.9161e-01
1.8449e-01
4.1772e-02
-1.7832e-01
-4.1980e-01
-6.3986e-01
-8.1994e-01
-9.5683e-01
-1.0540e+00
-1.1171e+00
-1.1520e+00
-1.1643e+00
-1.1588e+00
-1.1397e+00
-1.1105e+00
-1.0741e+00
-1.0328e+00
-9.8834e-01
-9.4214e-01
-8.9528e-01
-8.4858e-01
-8.0266e-01
-7.5795e-01
-7.1477e-01
-6.7335e-01
-6.3380e-01
-5.9620e-01
-5.6058e-01
-5.2693e-01
-4.9520e-01
-4.6534e-01
-4.3729e-01
-4.1097e-01
-3.8629e-01
-3.6316e-01
-3.4151e-01
2.7081e-01
1.8019e-01
9.0377e-02
-3.2129e-02
-1.7444e-01
-3.1570e-01
-4.4100e-01
-5.4326e-01
-6.2087e-01
-6.7535e-01
-7.0964e-01
-7.2712e-01
-7.3109e-01
-7.2452e-01
-7.0998e-01
-6.8961e-01
-6.6512e-01
-6.3791e-01
-6.0905e-01
-5.7936e-01
-5.4948e-01
-5.1988e-01
-4.9091e-01
-4.6283e-01
-4.3581e-01
-4.0996e-01
-3.8535e-01
-3.6201e-01
-3.3994e-01
-3.1914e-01
-2.9956e-01
-2.8117e-01
-2.6392e-01
-2.4776e-01
-2.3262e-01
-2.1847e-01
