-2.2000e+02
-9.5451e+00
-2.8815e+00
-2.1530e+00
-1.5056e+00
-1.1388e+00
-9.0594e-01
-7.4398e-01
-6.2433e-01
-5.3222e-01
-4.5920e-01
-4.5469e-01
-4.8426e-01
-4.3677e-01
-3.9187e-01
-3.5238e-01
-3.1795e-01
-2.8789e-01
-2.6156e-01
-2.3838e-01
-2.1789e-01
-1.9970e-01
-1.8348e-01
-1.6896e-01
-1.5591e-01
-1.4415e-01
-1.3352e-01
-1.2387e-01
-1.1509e-01
-1.0709e-01
-9.9769e-02
-9.3064e-02
-8.6911e-02
-8.1249e-02
-7.6034e-02
-7.1220e-02
-1.2000e+02
0.0000e+00
0.0000e+00
-8.4288e+00
-6.5295e+00
-6.0070e+00
-5.2850e+00
-4.6110e+00
-4.0272e+00
-3.5313e+00
-3.1107e+00
-2.7548e+00
-2.4685e+00
-2.2227e+00
-2.0023e+00
-1.8057e+00
-1.6309e+00
-1.4754e+00
-1.3371e+00
-1.2138e+00
-1.1037e+00
-1.0053e+00
-9.1698e-01
-8.3771e-01
-7.6639e-01
-7.0212e-01
-6.4410e-01
-5.9165e-01
-5.4415e-01
-5.0106e-01
-4.6194e-01
-4.2635e-01
-3.9394e-01
-3.6438e-01
-3.3738e-01
-3.1271e-01
-2.0000e+01
-3.8352e+00
-4.4804e+00
-4.7222e+00
-5.2227e+00
-5.5504e+00
-5.4692e+00
-5.1905e+00
-4.8321e+00
-4.4517e+00
-4.0772e+00
-3.7221e+00
-3.3924e+00
-3.0913e+00
-2.8181e+00
-2.5706e+00
-2.3462e+00
-2.1428e+00
-1.9583e+00
-1.7910e+00
-1.6393e+00
-1.5016e+00
-1.3767e+00
-1.2633e+00
-1.1603e+00
-1.0666e+00
-9.8142e-01
-9.0384e-01
-8.3315e-01
-7.6869e-01
-7.0985e-01
-6.5610e-01
-6.0696e-01
-5.6198e-01
-5.2080e-01
-4.8304e-01
-1.1533e-01
-3.0733e-01
-5.5050e-01
-8.7442e-01
-1.2089e+00
-1.4903e+00
-1.6925e+00
-1.8142e+00
-1.8675e+00
-1.8689e+00
-1.8334e+00
-1.7730e+00
-1.6969e+00
-1.6119e+00
-1.5226e+00
-1.4325e+00
-1.3437e+00
-1.2577e+00
-1.1752e+00
-1.0969e+00
-1.0229e+00
-9.5334e-01
-8.8814e-01
-8.2722e-01
-7.7041e-01
-7.1753e-01
-6.6836e-01
-6.2268e-01
-5.8029e-01
-5.4095e-01
-5.0447e-01
-4.7065e-01
-4.3928e-01
-4.1020e-01
-3.8324e-01
-3.5823e-01
-6.4370e-03
-2.9676e-02
-6.4221e-02
-1.1241e-01
-1.6961e-01
-2.2446e-01
-2.6879e-01
-2.9953e-01
-3.1716e-01
-3.2393e-01
-3.2249e-01
-3.1525e-01
-3.0414e-01
-2.9061e-01
-2.7573e-01
-2.6027e-01
-2.4475e-01
-2.2951e-01
-2.1477e-01
-2.0067e-01
-1.8729e-01
-1.7466e-01
-1.6279e-01
-1.5168e-01
-1.4129e-01
-1.3161e-01
-1.2260e-01
-1.1422e-01
-1.0643e-01
-9.9208e-02
-9.2504e-02
-8.6285e-02
-8.0518e-02
-7.5170e-02
-7.0211e-02
-6.5611e-02
-9.7535e-01
-3.6611e+00
-5.2025e+00
-5.6803e+00
-5.6715e+00
-5.4413e+00
-5.1113e+00
-4.7443e+00
-4.3741e+00
-4.0186e+00
-3.6863e+00
-3.3808e+00
-3.1034e+00
-2.8537e+00
-2.6292e+00
-2.4272e+00
-2.2452e+00
-2.0808e+00
-1.9321e+00
-1.7972e+00
-1.6745e+00
-1.5627e+00
-1.4606e+00
-1.3670e+00
-1.2810e+00
-1.2018e+00
-1.1288e+00
-1.0613e+00
-9.9870e-01
-9.4063e-01
-8.8664e-01
-8.3637e-01
-7.8949e-01
-7.4571e-01
-7.0479e-01
-6.6648e-01
-1.1004e+00
-3.7932e+00
-4.9768e+00
-5.1229e+00
-4.9356e+00
-4.6511e+00
-4.3404e+00
-4.0296e+00
-3.7303e+00
-3.4484e+00
-3.1865e+00
-2.9452e+00
-2.7249e+00
-2.5251e+00
-2.3434e+00
-2.1779e+00
-2.0268e+00
-1.8886e+00
-1.7621e+00
-1.6460e+00
-1.5394e+00
-1.4412e+00
-1.3507e+00
-1.2671e+00
-1.1897e+00
-1.1180e+00
-1.0514e+00
-9.8958e-01
-9.3202e-01
-8.7839e-01
-8.2837e-01
-7.8165e-01
-7.3799e-01
-6.9714e-01
-6.5888e-01
-6.2303e-01
-1.7154e-02
-1.5304e-01
-4.9563e-01
-9.0589e-01
-1.2540e+00
-1.5044e+00
-1.6671e+00
-1.7616e+00
-1.8055e+00
-1.8124e+00
-1.7925e+00
-1.7533e+00
-1.7007e+00
-1.6389e+00
-1.5716e+00
-1.5011e+00
-1.4292e+00
-1.3575e+00
-1.2867e+00
-1.2177e+00
-1.1509e+00
-1.0867e+00
-1.0252e+00
-9.6668e-01
-9.1108e-01
-8.5843e-01
-8.0866e-01
-7.6171e-01
-7.1748e-01
-6.7585e-01
-6.3671e-01
-5.9994e-01
-5.6540e-01
-5.3298e-01
-5.0256e-01
-4.7400e-01
-6.7130e-03
-2.7491e-02
-1.1419e-01
-2.7966e-01
-4.8285e-01
-6.8008e-01
-8.4767e-01
-9.7815e-01
-1.0723e+00
-1.1343e+00
-1.1693e+00
-1.1822e+00
-1.1777e+00
-1.1599e+00
-1.1319e+00
-1.0968e+00
-1.0566e+00
-1.0132e+00
-9.6791e-01
-9.2186e-01
-8.7583e-01
-8.3043e-01
-7.8610e-01
-7.4317e-01
-7.0185e-01
-6.6229e-01
-6.2457e-01
-5.8872e-01
-5.5474e-01
-5.2262e-01
-4.9230e-01
-4.6373e-01
-4.3683e-01
-4.1154e-01
-3.8777e-01
-3.6544e-01
-5.7200e-03
-1.7901e-02
-6.7349e-02
-1.6257e-01
-2.8562e-01
-4.1310e-01
-5.2847e-01
-6.2352e-01
-6.9584e-01
-7.4639e-01
-7.7767e-01
-7.9279e-01
-7.9483e-01
-7.8660e-01
-7.7056e-01
-7.4879e-01
-7.2296e-01
-6.9441e-01
-6.6421e-01
-6.3317e-01
-6.0192e-01
-5.7092e-01
-5.4054e-01
-5.1103e-01
-4.8256e-01
-4.5525e-01
-4.2917e-01
-4.0438e-01
-3.8086e-01
-3.5861e-01
-3.3761e-01
-3.1782e-01
-2.9919e-01
-2.8168e-01
-2.6523e-01
-2.4979e-01
