2.70077638e+02
5.01612786e+01
4.04747219e+01
3.76575956e+01
3.52601726e+01
3.38199640e+01
3.24806797e+01
3.14789488e+01
3.08068632e+01
3.05993627e+01
2.94599964e+01
2.93297493e+01
2.90641154e+01
2.83279543e+01
2.78971320e+01
2.77488579e+01
2.73868641e+01
2.69070742e+01
2.66080245e+01
2.66283418e+01
2.62978958e+01
2.58216834e+01
2.59298289e+01
2.59041625e+01
2.53756863e+01
2.52798263e+01
2.49499331e+01
2.51375095e+01
2.49888995e+01
2.44706922e+01
2.43524678e+01
2.46838467e+01
2.43532071e+01
2.43160727e+01
2.43332539e+01
2.40568193e+01
2.38942739e+01
2.70259552e+02
1.49873101e+02
1.50276328e+02
1.49986135e+02
1.41338530e+02
1.34490537e+02
1.28612326e+02
1.23475919e+02
1.18975548e+02
1.14902836e+02
1.11472314e+02
1.08087265e+02
1.05365724e+02
1.03196998e+02
1.00626441e+02
9.92485851e+01
9.72626283e+01
9.52411690e+01
9.41493344e+01
9.28072302e+01
9.17083942e+01
9.05840602e+01
8.97818717e+01
8.85714612e+01
8.77772229e+01
8.71028829e+01
8.66976072e+01
8.58294281e+01
8.51320936e+01
8.45676475e+01
8.42365097e+01
8.37159568e+01
8.33571244e+01
8.28956745e+01
8.25049832e+01
8.24666576e+01
8.19546446e+01
2.69703274e+02
2.49751169e+02
2.46314427e+02
2.41192825e+02
2.36520603e+02
2.31495928e+02
2.26274504e+02
2.20701735e+02
2.15347084e+02
2.10370790e+02
2.06153196e+02
2.02084707e+02
1.98394921e+02
1.94998444e+02
1.92169368e+02
1.89194112e+02
1.86900284e+02
1.84847259e+02
1.82092799e+02
1.80449592e+02
1.78715118e+02
1.77079749e+02
1.75653141e+02
1.74265871e+02
1.73130292e+02
1.72029648e+02
1.70755943e+02
1.69955807e+02
1.69099077e+02
1.68305321e+02
1.67764591e+02
1.66920607e+02
1.66022091e+02
1.65619445e+02
1.65273597e+02
1.65082498e+02
1.64200697e+02
2.70316930e+02
2.70004370e+02
2.69865860e+02
2.69252849e+02
2.68613726e+02
2.67285043e+02
2.65843658e+02
2.64422880e+02
2.62499968e+02
2.60707244e+02
2.58571707e+02
2.56991705e+02
2.55441289e+02
2.53701831e+02
2.52126776e+02
2.50639984e+02
2.49459678e+02
2.47820152e+02
2.47158102e+02
2.45433518e+02
2.44209795e+02
2.44101674e+02
2.42920034e+02
2.42257516e+02
2.40951575e+02
2.40624595e+02
2.39540644e+02
2.38995689e+02
2.38498056e+02
2.38076120e+02
2.37649952e+02
2.37233480e+02
2.36809466e+02
2.36209558e+02
2.35756229e+02
2.35525533e+02
2.35514660e+02
2.68129784e+02
2.67876515e+02
2.68017168e+02
2.67755758e+02
2.67961803e+02
2.67586433e+02
2.67778851e+02
2.67133194e+02
2.67151521e+02
2.66646846e+02
2.66403868e+02
2.66221463e+02
2.65682899e+02
2.64975761e+02
2.65095351e+02
2.64917675e+02
2.64392488e+02
2.64173641e+02
2.64268899e+02
2.63903267e+02
2.63878263e+02
2.63817660e+02
2.63233915e+02
2.63434699e+02
2.63058847e+02
2.63037678e+02
2.62851742e+02
2.62771089e+02
2.62764465e+02
2.62436971e+02
2.62375662e+02
2.62455675e+02
2.62063826e+02
2.62187217e+02
2.62282041e+02
2.61879929e+02
2.61821606e+02
2.71920020e+02
2.70758748e+02
2.67346238e+02
2.62494149e+02
2.56932268e+02
2.51690227e+02
2.45798350e+02
2.41042537e+02
2.36590553e+02
2.31837305e+02
2.27924655e+02
2.24574097e+02
2.21100972e+02
2.17749912e+02
2.15228227e+02
2.12617654e+02
2.10189098e+02
2.07668389e+02
2.06205745e+02
2.03877356e+02
2.02185259e+02
2.00696718e+02
1.99151631e+02
1.97913911e+02
1.96090850e+02
1.94731431e+02
1.94005927e+02
1.92768502e+02
1.91530498e+02
1.90655062e+02
1.90213545e+02
1.89170022e+02
1.88071374e+02
1.87410682e+02
1.87035120e+02
1.86494875e+02
1.85409031e+02
2.71630159e+02
2.70691637e+02
2.67003391e+02
2.62614809e+02
2.57477620e+02
2.52265160e+02
2.47857598e+02
2.43863969e+02
2.39856429e+02
2.35957371e+02
2.32594548e+02
2.29764510e+02
2.26749469e+02
2.24128921e+02
2.21489607e+02
2.19656393e+02
2.17102896e+02
2.15081480e+02
2.13224984e+02
2.11517023e+02
2.09640550e+02
2.08600654e+02
2.06958391e+02
2.05842968e+02
2.04248959e+02
2.03059872e+02
2.02440905e+02
2.01640425e+02
2.00420586e+02
1.99060181e+02
1.98888454e+02
1.98006769e+02
1.97116661e+02
1.96640474e+02
1.95472457e+02
1.95047578e+02
1.94816092e+02
2.71688392e+02
2.71981714e+02
2.71466466e+02
2.71194943e+02
2.70042206e+02
2.68722911e+02
2.67658879e+02
2.65899431e+02
2.64151640e+02
2.62809900e+02
2.60584986e+02
2.59222598e+02
2.57511625e+02
2.56033641e+02
2.54115332e+02
2.52737343e+02
2.51304376e+02
2.49899190e+02
2.48630516e+02
2.47374504e+02
2.46444593e+02
2.45510885e+02
2.44492509e+02
2.43505931e+02
2.42587448e+02
2.41705168e+02
2.40964881e+02
2.40596390e+02
2.39677712e+02
2.39081614e+02
2.38627765e+02
2.38101553e+02
2.37613384e+02
2.37362540e+02
2.36473111e+02
2.36424303e+02
2.36237875e+02
2.71472043e+02
2.71697810e+02
2.71305438e+02
2.71414150e+02
2.71217555e+02
2.70548328e+02
2.70124315e+02
2.69070114e+02
2.67857558e+02
2.67222301e+02
2.65914791e+02
2.64532350e+02
2.63371188e+02
2.62618519e+02
2.61491507e+02
2.59889835e+02
2.59074459e+02
2.58197000e+02
2.57077947e+02
2.56424545e+02
2.54989927e+02
2.54786049e+02
2.54360433e+02
2.53469017e+02
2.52867578e+02
2.51947768e+02
2.51682098e+02
2.50730807e+02
2.50936176e+02
2.50249780e+02
2.48963919e+02
2.49122779e+02
2.48633092e+02
2.48374483e+02
2.48116906e+02
2.47549835e+02
2.47140517e+02
2.71314225e+02
2.71719750e+02
2.71262200e+02
2.71635596e+02
2.71653315e+02
2.70858736e+02
2.70383754e+02
2.69922458e+02
2.69612855e+02
2.68895901e+02
2.68128647e+02
2.67195871e+02
2.66460969e+02
2.65350186e+02
2.65001339e+02
2.64108251e+02
2.63605681e+02
2.62853727e+02
2.62393654e+02
2.61319830e+02
2.60954587e+02
2.60615878e+02
2.60024214e+02
2.59585737e+02
2.59356821e+02
2.59037558e+02
2.58948480e+02
2.58289861e+02
2.58058653e+02
2.57476096e+02
2.56935449e+02
2.57015167e+02
2.56558864e+02
2.56824245e+02
2.56365806e+02
2.56007307e+02
2.56137382e+02
