2.69826429e+02
5.00460793e+01
3.99707500e+01
3.70928075e+01
3.50643585e+01
3.35189965e+01
3.21938988e+01
3.18516058e+01
3.08118141e+01
3.05548062e+01
2.99730077e+01
2.95569807e+01
2.87025142e+01
2.79601052e+01
2.77368830e+01
2.75195921e+01
2.73850326e+01
2.69472711e+01
2.61878274e+01
2.65574779e+01
2.60438371e+01
2.55915659e+01
2.57191220e+01
2.57898455e+01
2.51651732e+01
2.52950018e+01
2.47436077e+01
2.51432619e+01
2.50302353e+01
2.49888435e+01
2.44768876e+01
2.41577485e+01
2.41099829e+01
2.42764513e+01
2.41362557e+01
2.39003431e+01
2.41445408e+01
2.69656122e+02
1.49993876e+02
1.49542429e+02
1.49797038e+02
1.41102243e+02
1.34612365e+02
1.28777207e+02
1.23448834e+02
1.18802091e+02
1.14990522e+02
1.11540675e+02
1.08468689e+02
1.06124124e+02
1.03464553e+02
1.00972385e+02
9.92526612e+01
9.74546298e+01
9.59103684e+01
9.47636377e+01
9.26934010e+01
9.15274221e+01
9.08375238e+01
8.95639494e+01
8.86794337e+01
8.79993996e+01
8.76493837e+01
8.66380719e+01
8.56268035e+01
8.56559545e+01
8.44710231e+01
8.41463587e+01
8.36383992e+01
8.31934110e+01
8.28190817e+01
8.25501062e+01
8.22231656e+01
8.15939451e+01
2.69789337e+02
2.49688515e+02
2.45727888e+02
2.41549498e+02
2.36881876e+02
2.31993865e+02
2.26480426e+02
2.20835864e+02
2.15605485e+02
2.10772302e+02
2.06562079e+02
2.02617344e+02
1.98771588e+02
1.95436981e+02
1.92652834e+02
1.89749491e+02
1.86809084e+02
1.84841094e+02
1.82965599e+02
1.80752414e+02
1.79056678e+02
1.77897157e+02
1.75930281e+02
1.74644631e+02
1.73623371e+02
1.71785703e+02
1.71193737e+02
1.70285379e+02
1.69230048e+02
1.68409226e+02
1.67282723e+02
1.66948605e+02
1.66246268e+02
1.65885693e+02
1.65379991e+02
1.65042117e+02
1.64633744e+02
2.70835418e+02
2.70905203e+02
2.70441081e+02
2.69895152e+02
2.68834410e+02
2.67790477e+02
2.66192877e+02
2.64775815e+02
2.62670206e+02
2.60879819e+02
2.59269754e+02
2.57230573e+02
2.55831232e+02
2.54370730e+02
2.52634283e+02
2.51101588e+02
2.49569978e+02
2.48182678e+02
2.47244394e+02
2.45984816e+02
2.44846472e+02
2.43375203e+02
2.42925093e+02
2.41895959e+02
2.41177645e+02
2.40481195e+02
2.39653131e+02
2.39391293e+02
2.38732445e+02
2.38525077e+02
2.37784105e+02
2.36877040e+02
2.36679908e+02
2.35975220e+02
2.35491826e+02
2.34925881e+02
2.35089384e+02
2.68013442e+02
2.68251966e+02
2.68096049e+02
2.67782979e+02
2.68149197e+02
2.67420055e+02
2.67348447e+02
2.67283318e+02
2.67020424e+02
2.66647121e+02
2.65987680e+02
2.66387363e+02
2.65546559e+02
2.65496732e+02
2.65441380e+02
2.65088955e+02
2.64565260e+02
2.64463480e+02
2.64281561e+02
2.64325590e+02
2.63987000e+02
2.63676454e+02
2.63091670e+02
2.63483162e+02
2.63300865e+02
2.63163107e+02
2.62645561e+02
2.62804318e+02
2.62390506e+02
2.62699234e+02
2.62519160e+02
2.62467114e+02
2.62253604e+02
2.62136004e+02
2.62160348e+02
2.61713703e+02
2.61715764e+02
2.72336594e+02
2.71621781e+02
2.68379156e+02
2.63510087e+02
2.58206103e+02
2.52892469e+02
2.47708543e+02
2.42596740e+02
2.38078956e+02
2.34105861e+02
2.29492456e+02
2.26143061e+02
2.22681805e+02
2.20025060e+02
2.16492866e+02
2.14327614e+02
2.11669911e+02
2.09488331e+02
2.07434051e+02
2.05491358e+02
2.03391380e+02
2.01817107e+02
2.00025998e+02
1.98871858e+02
1.97181919e+02
1.95982654e+02
1.94619540e+02
1.94122970e+02
1.92719816e+02
1.91464293e+02
1.90661196e+02
1.89842206e+02
1.88784606e+02
1.87886630e+02
1.87013559e+02
1.86158319e+02
1.85740215e+02
2.72307309e+02
2.71354447e+02
2.67456217e+02
2.63007911e+02
2.57985589e+02
2.53440858e+02
2.48803379e+02
2.44364999e+02
2.40823455e+02
2.37037661e+02
2.33865681e+02
2.30229134e+02
2.27325273e+02
2.24782145e+02
2.22560726e+02
2.20314845e+02
2.17593824e+02
2.15785184e+02
2.13891277e+02
2.12025060e+02
2.10393183e+02
2.09203920e+02
2.07144984e+02
2.06091865e+02
2.04929868e+02
2.03320040e+02
2.02271635e+02
2.01535611e+02
2.00245285e+02
1.99314772e+02
1.98770626e+02
1.97997762e+02
1.97102778e+02
1.96137696e+02
1.95440406e+02
1.95159998e+02
1.94289612e+02
2.72036889e+02
2.72053173e+02
2.71875950e+02
2.71750146e+02
2.70541523e+02
2.69299816e+02
2.67785501e+02
2.65990131e+02
2.64690293e+02
2.62769399e+02
2.61268224e+02
2.59274443e+02
2.57958733e+02
2.56165986e+02
2.54576548e+02
2.53109041e+02
2.51375105e+02
2.50022617e+02
2.48939031e+02
2.47733893e+02
2.45935908e+02
2.45358057e+02
2.43977572e+02
2.43387450e+02
2.42095428e+02
2.41008288e+02
2.40800169e+02
2.39697652e+02
2.38905579e+02
2.38182067e+02
2.37538087e+02
2.36629623e+02
2.36594876e+02
2.35630217e+02
2.35720708e+02
2.35177035e+02
2.34112992e+02
2.72054708e+02
2.71614537e+02
2.72038810e+02
2.71915721e+02
2.71735132e+02
2.71093019e+02
2.70268652e+02
2.69574345e+02
2.68347574e+02
2.67549168e+02
2.66947878e+02
2.65280923e+02
2.63908500e+02
2.62819686e+02
2.61576694e+02
2.61008960e+02
2.59731583e+02
2.58801485e+02
2.57992094e+02
2.57058413e+02
2.55961068e+02
2.54824819e+02
2.54651360e+02
2.53399507e+02
2.52915228e+02
2.52053344e+02
2.51677588e+02
2.50942570e+02
2.50468427e+02
2.49755929e+02
2.49306068e+02
2.49146927e+02
2.48437115e+02
2.48068797e+02
2.47655829e+02
2.47195961e+02
2.46882006e+02
2.72106604e+02
2.72300622e+02
2.71929818e+02
2.71793280e+02
2.71508694e+02
2.71210342e+02
2.70445081e+02
2.70324131e+02
2.69607242e+02
2.69128967e+02
2.68438483e+02
2.67553516e+02
2.66727001e+02
2.65926669e+02
2.65724034e+02
2.64770197e+02
2.63782329e+02
2.63362366e+02
2.62548424e+02
2.62197637e+02
2.61380498e+02
2.60531336e+02
2.60326199e+02
2.59305359e+02
2.58992414e+02
2.58369343e+02
2.58059106e+02
2.57715140e+02
2.57516535e+02
2.57201528e+02
2.56675750e+02
2.56212580e+02
2.55875219e+02
2.56212442e+02
2.55720397e+02
2.55278514e+02
2.55131755e+02
