2.70000000e+02
5.00000000e+01
4.00609310e+01
3.71319080e+01
3.50341810e+01
3.35729400e+01
3.24676690e+01
3.15878590e+01
3.08646140e+01
3.02569520e+01
2.97382750e+01
2.92784270e+01
2.87510310e+01
2.82700820e+01
2.78399140e+01
2.74545720e+01
2.71081910e+01
2.67956830e+01
2.65127360e+01
2.62557100e+01
2.60215240e+01
2.58075590e+01
2.56115790e+01
2.54316600e+01
2.52661430e+01
2.51135840e+01
2.49727270e+01
2.48424670e+01
2.47218320e+01
2.46099610e+01
2.45060890e+01
2.44095350e+01
2.43196870e+01
2.42359970e+01
2.41579710e+01
2.40851620e+01
2.40171660e+01
2.70000000e+02
1.50000000e+02
1.50000000e+02
1.50000000e+02
1.41361089e+02
1.34802915e+02
1.28811276e+02
1.23562235e+02
1.18995988e+02
1.15016540e+02
1.11532993e+02
1.08468013e+02
1.05743867e+02
1.03299545e+02
1.01103466e+02
9.91280480e+01
9.73480290e+01
9.57409890e+01
9.42873020e+01
9.29698570e+01
9.17737380e+01
9.06859190e+01
8.96949960e+01
8.87909570e+01
8.79649890e+01
8.72093120e+01
8.65170420e+01
8.58820710e+01
8.52989670e+01
8.47628900e+01
8.42695150e+01
8.38149730e+01
8.33957940e+01
8.30088610e+01
8.26513660e+01
8.23207800e+01
8.20148190e+01
2.70000000e+02
2.50000000e+02
2.46106872e+02
2.41595600e+02
2.36866165e+02
2.31650783e+02
2.26131035e+02
2.20715197e+02
2.15593170e+02
2.10837700e+02
2.06465597e+02
2.02467163e+02
1.98820479e+02
1.95497651e+02
1.92469213e+02
1.89707575e+02
1.87187765e+02
1.84887210e+02
1.82785474e+02
1.80864051e+02
1.79106196e+02
1.77496773e+02
1.76022107e+02
1.74669850e+02
1.73428859e+02
1.72289072e+02
1.71241407e+02
1.70277658e+02
1.69390413e+02
1.68572970e+02
1.67819265e+02
1.67123806e+02
1.66481619e+02
1.65888193e+02
1.65339434e+02
1.64831624e+02
1.64361382e+02
2.70067355e+02
2.69970456e+02
2.69675659e+02
2.69136366e+02
2.68279049e+02
2.67094927e+02
2.65634831e+02
2.63974960e+02
2.62193489e+02
2.60357109e+02
2.58516969e+02
2.56709690e+02
2.54960115e+02
2.53284086e+02
2.51690833e+02
2.50184834e+02
2.48767290e+02
2.47437219e+02
2.46192220e+02
2.45028992e+02
2.43943695e+02
2.42932198e+02
2.41990244e+02
2.41113573e+02
2.40298005e+02
2.39539490e+02
2.38834148e+02
2.38178288e+02
2.37568421e+02
2.37001266e+02
2.36473746e+02
2.35982989e+02
2.35526316e+02
2.35101234e+02
2.34705429e+02
2.34336755e+02
2.33993222e+02
2.68034837e+02
2.68029439e+02
2.68000268e+02
2.67934222e+02
2.67818223e+02
2.67644107e+02
2.67414827e+02
2.67141144e+02
2.66836712e+02
2.66514644e+02
2.66185806e+02
2.65858412e+02
2.65538293e+02
2.65229361e+02
2.64934066e+02
2.64653793e+02
2.64389161e+02
2.64140270e+02
2.63906871e+02
2.63688490e+02
2.63484510e+02
2.63294233e+02
2.63116915e+02
2.62951798e+02
2.62798127e+02
2.62655163e+02
2.62522191e+02
2.62398531e+02
2.62283533e+02
2.62176587e+02
2.62077116e+02
2.61984583e+02
2.61898484e+02
2.61818350e+02
2.61743747e+02
2.61674269e+02
2.61609541e+02
2.70674484e+02
2.69978727e+02
2.66968828e+02
2.62375267e+02
2.57145846e+02
2.51783498e+02
2.46545249e+02
2.41561816e+02
2.36893354e+02
2.32559706e+02
2.28558053e+02
2.24873375e+02
2.21484449e+02
2.18366837e+02
2.15495973e+02
2.12848954e+02
2.10404846e+02
2.08144699e+02
2.06051475e+02
2.04109921e+02
2.02306416e+02
2.00628808e+02
1.99066252e+02
1.97609058e+02
1.96248556e+02
1.94976968e+02
1.93787300e+02
1.92673248e+02
1.91629110e+02
1.90649720e+02
1.89730378e+02
1.88866804e+02
1.88055084e+02
1.87291635e+02
1.86573168e+02
1.85896658e+02
1.85259315e+02
2.70777415e+02
2.69795245e+02
2.66283603e+02
2.61612410e+02
2.56751497e+02
2.52029224e+02
2.47550799e+02
2.43350286e+02
2.39434251e+02
2.35796313e+02
2.32423419e+02
2.29299207e+02
2.26405698e+02
2.23723834e+02
2.21235639e+02
2.18924966e+02
2.16777171e+02
2.14778912e+02
2.12918046e+02
2.11183544e+02
2.09565390e+02
2.08054498e+02
2.06642614e+02
2.05322233e+02
2.04086525e+02
2.02929259e+02
2.01844745e+02
2.00827776e+02
1.99873578e+02
1.98977768e+02
1.98136318e+02
1.97345515e+02
1.96601934e+02
1.95902415e+02
1.95244034e+02
1.94624083e+02
1.94040055e+02
2.71214820e+02
2.71205269e+02
2.71071755e+02
2.70618704e+02
2.69776230e+02
2.68597029e+02
2.67170502e+02
2.65579431e+02
2.63889606e+02
2.62150826e+02
2.60400164e+02
2.58664965e+02
2.56965143e+02
2.55314884e+02
2.53723888e+02
2.52198414e+02
2.50742156e+02
2.49356889e+02
2.48042946e+02
2.46799582e+02
2.45625262e+02
2.44517882e+02
2.43474941e+02
2.42493683e+02
2.41571199e+02
2.40704509e+02
2.39890621e+02
2.39126580e+02
2.38409500e+02
2.37736589e+02
2.37105161e+02
2.36512653e+02
2.35956626e+02
2.35434768e+02
2.34944899e+02
2.34484962e+02
2.34053024e+02
2.71298515e+02
2.71294883e+02
2.71266296e+02
2.71138623e+02
2.70833127e+02
2.70318447e+02
2.69606463e+02
2.68730093e+02
2.67727757e+02
2.66636052e+02
2.65487019e+02
2.64307458e+02
2.63119089e+02
2.61939049e+02
2.60780481e+02
2.59653149e+02
2.58564042e+02
2.57517933e+02
2.56517836e+02
2.55565392e+02
2.54661182e+02
2.53804978e+02
2.52995946e+02
2.52232809e+02
2.51513978e+02
2.50837650e+02
2.50201889e+02
2.49604691e+02
2.49044023e+02
2.48517866e+02
2.48024237e+02
2.47561211e+02
2.47126931e+02
2.46719619e+02
2.46337582e+02
2.45979214e+02
2.45642996e+02
2.71289628e+02
2.71278085e+02
2.71259764e+02
2.71193908e+02
2.71034865e+02
2.70755220e+02
2.70350607e+02
2.69832899e+02
2.69222125e+02
2.68540745e+02
2.67810364e+02
2.67050132e+02
2.66276159e+02
2.65501481e+02
2.64736306e+02
2.63988369e+02
2.63263329e+02
2.62565155e+02
2.61896466e+02
2.61258817e+02
2.60652943e+02
2.60078946e+02
2.59536458e+02
2.59024755e+02
2.58542867e+02
2.58089648e+02
2.57663838e+02
2.57264113e+02
2.56889117e+02
2.56537494e+02
2.56207904e+02
2.55899042e+02
2.55609646e+02
2.55338504e+02
2.55084462e+02
2.54846422e+02
2.54623346e+02
