2.70354068e+02
4.98093148e+01
3.99770026e+01
3.71728399e+01
3.50059800e+01
3.37675572e+01
3.27753518e+01
3.15527659e+01
3.08740971e+01
3.07147672e+01
2.96768974e+01
2.95793788e+01
2.89156071e+01
2.85814978e+01
2.81429895e+01
2.78153089e+01
2.72883210e+01
2.68378209e+01
2.65746887e+01
2.64334832e+01
2.58279660e+01
2.60087226e+01
2.55120785e+01
2.59766261e+01
2.52096655e+01
2.57445095e+01
2.52041078e+01
2.50429855e+01
2.48006371e+01
2.45577593e+01
2.42395821e+01
2.45192355e+01
2.44259346e+01
2.43796759e+01
2.42166729e+01
2.39957467e+01
2.39080567e+01
2.69840968e+02
1.49960014e+02
1.49844022e+02
1.49926590e+02
1.41471054e+02
1.35196844e+02
1.28620755e+02
1.23814932e+02
1.19203773e+02
1.15234736e+02
1.11525602e+02
1.08504445e+02
1.05469747e+02
1.03339499e+02
1.01111104e+02
9.90418244e+01
9.72929536e+01
9.58894102e+01
9.43075616e+01
9.28896656e+01
9.17641596e+01
9.05247245e+01
8.93211405e+01
8.85445472e+01
8.78090420e+01
8.70180561e+01
8.61762571e+01
8.55087505e+01
8.49788583e+01
8.46451368e+01
8.41398999e+01
8.36670493e+01
8.33291925e+01
8.27034905e+01
8.25306230e+01
8.19550207e+01
8.16868603e+01
2.70074867e+02
2.49541815e+02
2.46311345e+02
2.42017342e+02
2.37339963e+02
2.31723733e+02
2.26289954e+02
2.20816363e+02
2.15742360e+02
2.10980828e+02
2.06499866e+02
2.02456809e+02
1.98936309e+02
1.94926639e+02
1.92036610e+02
1.89850916e+02
1.86992722e+02
1.84642073e+02
1.82450880e+02
1.80290173e+02
1.78481352e+02
1.77385623e+02
1.75512871e+02
1.74292678e+02
1.73055787e+02
1.71762690e+02
1.70644579e+02
1.69958159e+02
1.68832857e+02
1.67799647e+02
1.67014442e+02
1.66855498e+02
1.65581359e+02
1.65266968e+02
1.64874188e+02
1.64380614e+02
1.64022256e+02
2.70934961e+02
2.70579581e+02
2.69975946e+02
2.69688920e+02
2.69237490e+02
2.67525278e+02
2.66008216e+02
2.64330746e+02
2.62678032e+02
2.61244469e+02
2.58912243e+02
2.57320088e+02
2.55353856e+02
2.53763775e+02
2.52266360e+02
2.50809761e+02
2.49385404e+02
2.48312161e+02
2.46657479e+02
2.45629339e+02
2.44399387e+02
2.43469169e+02
2.42425554e+02
2.41367934e+02
2.40985579e+02
2.39863535e+02
2.39210331e+02
2.38485284e+02
2.38197165e+02
2.37574599e+02
2.37092242e+02
2.36264168e+02
2.35912943e+02
2.35253866e+02
2.35567372e+02
2.34675858e+02
2.34356704e+02
2.68068270e+02
2.67916724e+02
2.68495113e+02
2.68180148e+02
2.67749746e+02
2.67746459e+02
2.67318954e+02
2.67038746e+02
2.67035076e+02
2.66865636e+02
2.66385759e+02
2.65792962e+02
2.65509979e+02
2.65107632e+02
2.65278877e+02
2.64682427e+02
2.64371815e+02
2.64003132e+02
2.63963269e+02
2.63696995e+02
2.63842379e+02
2.63290755e+02
2.63459918e+02
2.63110788e+02
2.62565675e+02
2.62605068e+02
2.61923364e+02
2.62227080e+02
2.62377301e+02
2.62189429e+02
2.62238241e+02
2.62171522e+02
2.61947483e+02
2.61802818e+02
2.61922799e+02
2.61779632e+02
2.61546997e+02
2.73415738e+02
2.72772905e+02
2.69608557e+02
2.64681095e+02
2.58904370e+02
2.53623597e+02
2.48684147e+02
2.43802683e+02
2.38403972e+02
2.34297018e+02
2.30165861e+02
2.26854412e+02
2.23120602e+02
2.20318348e+02
2.17195920e+02
2.14726563e+02
2.11955596e+02
2.09960630e+02
2.07715506e+02
2.05482549e+02
2.03693330e+02
2.02019844e+02
2.00589160e+02
1.99066332e+02
1.97478780e+02
1.96251441e+02
1.94963371e+02
1.93848732e+02
1.92851876e+02
1.92064276e+02
1.90590766e+02
1.89967085e+02
1.89342996e+02
1.88033429e+02
1.87310142e+02
1.86475794e+02
1.85954599e+02
2.73444810e+02
2.72469210e+02
2.68469722e+02
2.63419721e+02
2.58710367e+02
2.53920866e+02
2.49397738e+02
2.45142377e+02
2.40996207e+02
2.37183975e+02
2.33833377e+02
2.30636023e+02
2.27659343e+02
2.25144630e+02
2.22373010e+02
2.20324506e+02
2.17725037e+02
2.16017180e+02
2.13954277e+02
2.12510451e+02
2.10530153e+02
2.08939101e+02
2.07377459e+02
2.06424863e+02
2.04812581e+02
2.03359414e+02
2.02360208e+02
2.01428517e+02
2.00662684e+02
1.99380478e+02
1.98614873e+02
1.97704086e+02
1.96865504e+02
1.96290817e+02
1.95648056e+02
1.95173720e+02
1.94426795e+02
2.72225477e+02
2.72442625e+02
2.72120522e+02
2.71306463e+02
2.70859275e+02
2.69392771e+02
2.68492298e+02
2.66304749e+02
2.64914224e+02
2.63195922e+02
2.61170900e+02
2.59168360e+02
2.57879152e+02
2.56061703e+02
2.54310838e+02
2.52814637e+02
2.51417530e+02
2.49838108e+02
2.48788995e+02
2.47009765e+02
2.46269172e+02
2.45112837e+02
2.43768180e+02
2.42829545e+02
2.41813973e+02
2.40857557e+02
2.39799770e+02
2.39755304e+02
2.38682807e+02
2.37950880e+02
2.37424971e+02
2.36553328e+02
2.35676600e+02
2.35198273e+02
2.34803991e+02
2.34062660e+02
2.33750169e+02
2.72352551e+02
2.72093879e+02
2.71896063e+02
2.71703601e+02
2.71793888e+02
2.71134024e+02
2.70301797e+02
2.69194521e+02
2.68436285e+02
2.67010041e+02
2.66329608e+02
2.64731369e+02
2.63626401e+02
2.62347665e+02
2.61210363e+02
2.60296888e+02
2.58986732e+02
2.57752467e+02
2.56931776e+02
2.55695773e+02
2.54474932e+02
2.54164447e+02
2.53136370e+02
2.52465739e+02
2.52011904e+02
2.51091130e+02
2.50453650e+02
2.49897266e+02
2.49379770e+02
2.48703126e+02
2.48340352e+02
2.47534685e+02
2.47256615e+02
2.46559655e+02
2.46266450e+02
2.45559072e+02
2.45439198e+02
2.71728017e+02
2.71567730e+02
2.71579045e+02
2.71732228e+02
2.71324337e+02
2.71215153e+02
2.70796011e+02
2.70126290e+02
2.69922642e+02
2.68869147e+02
2.68276597e+02
2.67370388e+02
2.66999964e+02
2.65960421e+02
2.65075711e+02
2.64331587e+02
2.63614151e+02
2.63321231e+02
2.62261058e+02
2.61714967e+02
2.61134133e+02
2.60433240e+02
2.59950852e+02
2.59579846e+02
2.58550600e+02
2.58115746e+02
2.57975482e+02
2.57326471e+02
2.57191129e+02
2.57075148e+02
2.56620791e+02
2.56318389e+02
2.55663506e+02
2.55243316e+02
2.55161681e+02
2.54602493e+02
2.54587555e+02
