-2.2000e+02
-9.5635e+00
-2.8882e+00
-2.1584e+00
-1.5094e+00
-1.1413e+00
-9.0754e-01
-7.4511e-01
-6.2520e-01
-5.3294e-01
-4.5984e-01
-4.7040e-01
-4.8673e-01
-4.3797e-01
-3.9276e-01
-3.5313e-01
-3.1859e-01
-2.8844e-01
-2.6203e-01
-2.3879e-01
-2.1825e-01
-2.0000e-01
-1.8374e-01
-1.6918e-01
-1.5610e-01
-1.4431e-01
-1.3365e-01
-1.2397e-01
-1.1517e-01
-1.0715e-01
-9.9810e-02
-9.3088e-02
-8.6915e-02
-8.1238e-02
-7.6006e-02
-7.1176e-02
-1.2000e+02
0.0000e+00
0.0000e+00
-8.4547e+00
-6.5432e+00
-6.0156e+00
-5.2902e+00
-4.6144e+00
-4.0297e+00
-3.5333e+00
-3.1124e+00
-2.7578e+00
-2.4730e+00
-2.2263e+00
-2.0051e+00
-1.8079e+00
-1.6327e+00
-1.4769e+00
-1.3382e+00
-1.2146e+00
-1.1042e+00
-1.0054e+00
-9.1686e-01
-8.3731e-01
-7.6573e-01
-7.0123e-01
-6.4299e-01
-5.9034e-01
-5.4266e-01
-4.9942e-01
-4.6015e-01
-4.2445e-01
-3.9193e-01
-3.6228e-01
-3.3522e-01
-3.1049e-01
-2.0000e+01
-3.8799e+00
-4.5002e+00
-4.7294e+00
-5.2266e+00
-5.5518e+00
-5.4692e+00
-5.1902e+00
-4.8321e+00
-4.4520e+00
-4.0778e+00
-3.7227e+00
-3.3931e+00
-3.0920e+00
-2.8187e+00
-2.5708e+00
-2.3459e+00
-2.1419e+00
-1.9568e+00
-1.7890e+00
-1.6367e+00
-1.4985e+00
-1.3731e+00
-1.2593e+00
-1.1558e+00
-1.0618e+00
-9.7626e-01
-8.9840e-01
-8.2748e-01
-7.6282e-01
-7.0383e-01
-6.4997e-01
-6.0074e-01
-5.5572e-01
-5.1450e-01
-4.7674e-01
-7.9459e-02
-2.7382e-01
-5.2610e-01
-8.5786e-01
-1.1986e+00
-1.4846e+00
-1.6896e+00
-1.8126e+00
-1.8664e+00
-1.8676e+00
-1.8313e+00
-1.7700e+00
-1.6929e+00
-1.6068e+00
-1.5166e+00
-1.4255e+00
-1.3359e+00
-1.2491e+00
-1.1660e+00
-1.0871e+00
-1.0127e+00
-9.4270e-01
-8.7720e-01
-8.1605e-01
-7.5909e-01
-7.0612e-01
-6.5691e-01
-6.1125e-01
-5.6892e-01
-5.2969e-01
-4.9334e-01
-4.5968e-01
-4.2850e-01
-3.9963e-01
-3.7288e-01
-3.4811e-01
-3.9040e-03
-2.5098e-02
-6.1623e-02
-1.1272e-01
-1.7265e-01
-2.2953e-01
-2.7512e-01
-3.0646e-01
-3.2423e-01
-3.3081e-01
-3.2900e-01
-3.2129e-01
-3.0964e-01
-2.9556e-01
-2.8013e-01
-2.6415e-01
-2.4813e-01
-2.3243e-01
-2.1727e-01
-2.0278e-01
-1.8904e-01
-1.7609e-01
-1.6393e-01
-1.5255e-01
-1.4194e-01
-1.3205e-01
-1.2285e-01
-1.1431e-01
-1.0639e-01
-9.9042e-02
-9.2232e-02
-8.5924e-02
-8.0080e-02
-7.4667e-02
-6.9653e-02
-6.5008e-02
-9.2472e-01
-3.5357e+00
-5.0611e+00
-5.5522e+00
-5.5620e+00
-5.3493e+00
-5.0349e+00
-4.6819e+00
-4.3244e+00
-3.9800e+00
-3.6576e+00
-3.3606e+00
-3.0906e+00
-2.8471e+00
-2.6278e+00
-2.4299e+00
-2.2512e+00
-2.0894e+00
-1.9428e+00
-1.8095e+00
-1.6880e+00
-1.5771e+00
-1.4756e+00
-1.3823e+00
-1.2965e+00
-1.2174e+00
-1.1443e+00
-1.0766e+00
-1.0137e+00
-9.5529e-01
-9.0089e-01
-8.5016e-01
-8.0278e-01
-7.5848e-01
-7.1701e-01
-6.7814e-01
-1.0475e+00
-3.6800e+00
-4.8653e+00
-5.0267e+00
-4.8511e+00
-4.5754e+00
-4.2728e+00
-3.9699e+00
-3.6787e+00
-3.4045e+00
-3.1498e+00
-2.9151e+00
-2.7007e+00
-2.5060e+00
-2.3287e+00
-2.1669e+00
-2.0189e+00
-1.8834e+00
-1.7591e+00
-1.6448e+00
-1.5396e+00
-1.4426e+00
-1.3531e+00
-1.2702e+00
-1.1934e+00
-1.1221e+00
-1.0559e+00
-9.9426e-01
-9.3682e-01
-8.8324e-01
-8.3319e-01
-7.8640e-01
-7.4262e-01
-7.0161e-01
-6.6316e-01
-6.2710e-01
9.1600e-04
-1.3272e-01
-4.7294e-01
-8.8060e-01
-1.2261e+00
-1.4738e+00
-1.6339e+00
-1.7263e+00
-1.7686e+00
-1.7745e+00
-1.7541e+00
-1.7149e+00
-1.6625e+00
-1.6013e+00
-1.5345e+00
-1.4648e+00
-1.3938e+00
-1.3229e+00
-1.2531e+00
-1.1850e+00
-1.1191e+00
-1.0558e+00
-9.9530e-01
-9.3768e-01
-8.8300e-01
-8.3126e-01
-7.8239e-01
-7.3632e-01
-6.9295e-01
-6.5217e-01
-6.1386e-01
-5.7789e-01
-5.4413e-01
-5.1247e-01
-4.8277e-01
-4.5492e-01
8.4120e-03
-9.7080e-03
-1.0058e-01
-2.6949e-01
-4.7380e-01
-6.7016e-01
-8.3569e-01
-9.6357e-01
-1.0550e+00
-1.1145e+00
-1.1472e+00
-1.1582e+00
-1.1521e+00
-1.1329e+00
-1.1039e+00
-1.0680e+00
-1.0273e+00
-9.8359e-01
-9.3821e-01
-8.9220e-01
-8.4634e-01
-8.0123e-01
-7.5729e-01
-7.1483e-01
-6.7405e-01
-6.3509e-01
-5.9801e-01
-5.6284e-01
-5.2957e-01
-4.9816e-01
-4.6857e-01
-4.4072e-01
-4.1455e-01
-3.8998e-01
-3.6692e-01
-3.4530e-01
1.1058e-02
-4.2250e-03
-5.7981e-02
-1.5751e-01
-2.8338e-01
-4.1184e-01
-5.2673e-01
-6.2032e-01
-6.9065e-01
-7.3897e-01
-7.6800e-01
-7.8096e-01
-7.8103e-01
-7.7105e-01
-7.5353e-01
-7.3051e-01
-7.0368e-01
-6.7436e-01
-6.4359e-01
-6.1216e-01
-5.8068e-01
-5.4960e-01
-5.1925e-01
-4.8987e-01
-4.6163e-01
-4.3462e-01
-4.0890e-01
-3.8451e-01
-3.6144e-01
-3.3967e-01
-3.1916e-01
-2.9988e-01
-2.8177e-01
-2.6478e-01
-2.4885e-01
-2.3393e-01
