-2.2000e+02
-9.7744e+00
-2.9384e+00
-2.1359e+00
-1.4882e+00
-1.1249e+00
-8.9493e-01
-7.3536e-01
-6.1762e-01
-5.2703e-01
-4.5524e-01
-5.2531e-01
-4.8762e-01
-4.3686e-01
-3.9164e-01
-3.5226e-01
-3.1801e-01
-2.8812e-01
-2.6192e-01
-2.3883e-01
-2.1840e-01
-2.0024e-01
-1.8402e-01
-1.6948e-01
-1.5640e-01
-1.4459e-01
-1.3389e-01
-1.2417e-01
-1.1533e-01
-1.0725e-01
-9.9859e-02
-9.3084e-02
-8.6860e-02
-8.1134e-02
-7.5855e-02
-7.0983e-02
-1.2000e+02
0.0000e+00
0.0000e+00
-8.5800e+00
-6.5692e+00
-6.0219e+00
-5.2878e+00
-4.6074e+00
-4.0200e+00
-3.5219e+00
-3.1002e+00
-2.7529e+00
-2.4707e+00
-2.2208e+00
-1.9981e+00
-1.8005e+00
-1.6254e+00
-1.4701e+00
-1.3321e+00
-1.2093e+00
-1.0996e+00
-1.0016e+00
-9.1366e-01
-8.3473e-01
-7.6372e-01
-6.9970e-01
-6.4189e-01
-5.8960e-01
-5.4221e-01
-4.9922e-01
-4.6014e-01
-4.2458e-01
-3.9217e-01
-3.6260e-01
-3.3558e-01
-3.1086e-01
-2.0000e+01
-3.8175e+00
-4.4778e+00
-4.7284e+00
-5.2366e+00
-5.5625e+00
-5.4735e+00
-5.1870e+00
-4.8223e+00
-4.4372e+00
-4.0598e+00
-3.7030e+00
-3.3736e+00
-3.0736e+00
-2.8017e+00
-2.5553e+00
-2.3319e+00
-2.1295e+00
-1.9460e+00
-1.7797e+00
-1.6289e+00
-1.4922e+00
-1.3680e+00
-1.2553e+00
-1.1528e+00
-1.0597e+00
-9.7488e-01
-8.9765e-01
-8.2723e-01
-7.6299e-01
-7.0432e-01
-6.5069e-01
-6.0163e-01
-5.5671e-01
-5.1556e-01
-4.7781e-01
-1.3185e-01
-3.1938e-01
-5.5847e-01
-8.7506e-01
-1.2013e+00
-1.4762e+00
-1.6741e+00
-1.7934e+00
-1.8461e+00
-1.8478e+00
-1.8132e+00
-1.7541e+00
-1.6795e+00
-1.5960e+00
-1.5082e+00
-1.4195e+00
-1.3319e+00
-1.2468e+00
-1.1652e+00
-1.0875e+00
-1.0140e+00
-9.4477e-01
-8.7983e-01
-8.1907e-01
-7.6237e-01
-7.0953e-01
-6.6036e-01
-6.1467e-01
-5.7223e-01
-5.3285e-01
-4.9632e-01
-4.6243e-01
-4.3102e-01
-4.0189e-01
-3.7489e-01
-3.4986e-01
-7.8350e-03
-3.1821e-02
-6.6019e-02
-1.1322e-01
-1.6901e-01
-2.2245e-01
-2.6568e-01
-2.9570e-01
-3.1296e-01
-3.1963e-01
-3.1827e-01
-3.1122e-01
-3.0035e-01
-2.8710e-01
-2.7251e-01
-2.5732e-01
-2.4205e-01
-2.2703e-01
-2.1249e-01
-1.9855e-01
-1.8529e-01
-1.7277e-01
-1.6098e-01
-1.4992e-01
-1.3958e-01
-1.2993e-01
-1.2094e-01
-1.1258e-01
-1.0481e-01
-9.7590e-02
-9.0889e-02
-8.4674e-02
-7.8909e-02
-7.3563e-02
-6.8606e-02
-6.4010e-02
-9.1066e-01
-3.5248e+00
-5.0655e+00
-5.5716e+00
-5.5948e+00
-5.3936e+00
-5.0886e+00
-4.7428e+00
-4.3900e+00
-4.0483e+00
-3.7267e+00
-3.4292e+00
-3.1579e+00
-2.9121e+00
-2.6895e+00
-2.4879e+00
-2.3050e+00
-2.1389e+00
-1.9879e+00
-1.8503e+00
-1.7247e+00
-1.6097e+00
-1.5043e+00
-1.4075e+00
-1.3183e+00
-1.2361e+00
-1.1601e+00
-1.0898e+00
-1.0245e+00
-9.6397e-01
-9.0765e-01
-8.5522e-01
-8.0634e-01
-7.6072e-01
-7.1811e-01
-6.7828e-01
-1.0527e+00
-3.7188e+00
-4.9194e+00
-5.0887e+00
-4.9188e+00
-4.6467e+00
-4.3459e+00
-4.0434e+00
-3.7513e+00
-3.4753e+00
-3.2181e+00
-2.9805e+00
-2.7633e+00
-2.5651e+00
-2.3840e+00
-2.2181e+00
-2.0659e+00
-1.9262e+00
-1.7977e+00
-1.6795e+00
-1.5705e+00
-1.4700e+00
-1.3770e+00
-1.2909e+00
-1.2112e+00
-1.1372e+00
-1.0685e+00
-1.0046e+00
-9.4512e-01
-8.8970e-01
-8.3801e-01
-7.8977e-01
-7.4470e-01
-7.0258e-01
-6.6318e-01
-6.2629e-01
-2.8448e-02
-1.6298e-01
-4.9691e-01
-8.9435e-01
-1.2311e+00
-1.4743e+00
-1.6335e+00
-1.7273e+00
-1.7722e+00
-1.7808e+00
-1.7630e+00
-1.7260e+00
-1.6753e+00
-1.6152e+00
-1.5493e+00
-1.4798e+00
-1.4087e+00
-1.3374e+00
-1.2669e+00
-1.1979e+00
-1.1310e+00
-1.0666e+00
-1.0050e+00
-9.4618e-01
-8.9035e-01
-8.3746e-01
-7.8751e-01
-7.4040e-01
-6.9605e-01
-6.5436e-01
-6.1520e-01
-5.7845e-01
-5.4400e-01
-5.1170e-01
-4.8144e-01
-4.5310e-01
-2.2202e-02
-4.8535e-02
-1.3778e-01
-3.0552e-01
-5.0863e-01
-7.0377e-01
-8.6845e-01
-9.9595e-01
-1.0874e+00
-1.1470e+00
-1.1797e+00
-1.1906e+00
-1.1841e+00
-1.1644e+00
-1.1346e+00
-1.0977e+00
-1.0559e+00
-1.0109e+00
-9.6413e-01
-9.1664e-01
-8.6927e-01
-8.2262e-01
-7.7715e-01
-7.3318e-01
-6.9093e-01
-6.5055e-01
-6.1210e-01
-5.7563e-01
-5.4113e-01
-5.0857e-01
-4.7789e-01
-4.4904e-01
-4.2193e-01
-3.9650e-01
-3.7265e-01
-3.5030e-01
-3.8831e-02
-3.9045e-02
-8.4944e-02
-1.7912e-01
-3.0247e-01
-4.3108e-01
-5.4796e-01
-6.4444e-01
-7.1785e-01
-7.6894e-01
-8.0021e-01
-8.1477e-01
-8.1579e-01
-8.0621e-01
-7.8857e-01
-7.6503e-01
-7.3734e-01
-7.0691e-01
-6.7482e-01
-6.4195e-01
-6.0893e-01
-5.7626e-01
-5.4431e-01
-5.1333e-01
-4.8352e-01
-4.5497e-01
-4.2779e-01
-4.0198e-01
-3.7756e-01
-3.5451e-01
-3.3280e-01
-3.1239e-01
-2.9322e-01
-2.7525e-01
-2.5841e-01
-2.4264e-01
