2.70000000e+02
5.00000000e+01
4.01944340e+01
3.72678640e+01
3.51500700e+01
3.36767100e+01
3.25639800e+01
3.16791830e+01
3.09523550e+01
3.03419430e+01
2.98210300e+01
2.93710220e+01
2.88752690e+01
2.83944610e+01
2.79629370e+01
2.75758830e+01
2.72276660e+01
2.69132720e+01
2.66284100e+01
2.63694470e+01
2.61333020e+01
2.59173560e+01
2.57193680e+01
2.55374140e+01
2.53698330e+01
2.52151820e+01
2.50722030e+01
2.49397930e+01
2.48169800e+01
2.47029060e+01
2.45968090e+01
2.44980070e+01
2.44058940e+01
2.43199220e+01
2.42396010e+01
2.41644870e+01
2.40941780e+01
2.70000000e+02
1.50000000e+02
1.50000000e+02
1.50000000e+02
1.41307636e+02
1.34669448e+02
1.28619422e+02
1.23333668e+02
1.18745094e+02
1.14752855e+02
1.11262775e+02
1.08195575e+02
1.05478726e+02
1.03043037e+02
1.00853744e+02
9.88839080e+01
9.71086530e+01
9.55057340e+01
9.40556120e+01
9.27412350e+01
9.15477280e+01
9.04621020e+01
8.94729850e+01
8.85703950e+01
8.77455460e+01
8.69906830e+01
8.62989410e+01
8.56642330e+01
8.50811430e+01
8.45448460e+01
8.40510310e+01
8.35958400e+01
8.31758140e+01
8.27878460e+01
8.24291390e+01
8.20971710e+01
8.17896680e+01
2.70000000e+02
2.50000000e+02
2.45582020e+02
2.41139491e+02
2.36379201e+02
2.31139975e+02
2.25606753e+02
2.20186214e+02
2.15063953e+02
2.10310581e+02
2.05941793e+02
2.01947269e+02
1.98304859e+02
1.94986930e+02
1.91963865e+02
1.89207642e+02
1.86692999e+02
1.84397230e+02
1.82299851e+02
1.80382357e+02
1.78628018e+02
1.77021720e+02
1.75549811e+02
1.74199966e+02
1.72961058e+02
1.71823041e+02
1.70776844e+02
1.69814270e+02
1.68927916e+02
1.68111084e+02
1.67357715e+02
1.66662323e+02
1.66019939e+02
1.65426055e+02
1.64876583e+02
1.64367811e+02
1.63896362e+02
2.68247852e+02
2.68602195e+02
2.68638017e+02
2.68360267e+02
2.67716258e+02
2.66706657e+02
2.65389284e+02
2.63846541e+02
2.62161838e+02
2.60406082e+02
2.58633755e+02
2.56884087e+02
2.55183925e+02
2.53550702e+02
2.51994878e+02
2.50521893e+02
2.49133682e+02
2.47829813e+02
2.46608311e+02
2.45466209e+02
2.44399935e+02
2.43405575e+02
2.42479055e+02
2.41616268e+02
2.40813161e+02
2.40065796e+02
2.39370393e+02
2.38723346e+02
2.38121246e+02
2.37560882e+02
2.37039242e+02
2.36553513e+02
2.36101072e+02
2.35679480e+02
2.35286472e+02
2.34919947e+02
2.34577962e+02
2.67704456e+02
2.67740197e+02
2.67775711e+02
2.67764530e+02
2.67693028e+02
2.67555134e+02
2.67355351e+02
2.67105703e+02
2.66820929e+02
2.66515041e+02
2.66199627e+02
2.65883476e+02
2.65572863e+02
2.65272050e+02
2.64983759e+02
2.64709585e+02
2.64450313e+02
2.64206165e+02
2.63976985e+02
2.63762371e+02
2.63561764e+02
2.63374511e+02
2.63199906e+02
2.63037219e+02
2.62885721e+02
2.62744695e+02
2.62613446e+02
2.62491308e+02
2.62377647e+02
2.62271864e+02
2.62173396e+02
2.62081716e+02
2.61996329e+02
2.61916777e+02
2.61842632e+02
2.61773498e+02
2.61709007e+02
2.75091732e+02
2.74224131e+02
2.71061271e+02
2.66371309e+02
2.61078382e+02
2.55667331e+02
2.50385439e+02
2.45359052e+02
2.40646658e+02
2.36267618e+02
2.32219093e+02
2.28486207e+02
2.25048053e+02
2.21880673e+02
2.18959555e+02
2.16261771e+02
2.13766410e+02
2.11454570e+02
2.09309270e+02
2.07315321e+02
2.05459168e+02
2.03728722e+02
2.02113205e+02
2.00602990e+02
1.99189469e+02
1.97864923e+02
1.96622416e+02
1.95455701e+02
1.94359129e+02
1.93327584e+02
1.92356419e+02
1.91441396e+02
1.90578648e+02
1.89764633e+02
1.88996101e+02
1.88270062e+02
1.87583763e+02
2.74465352e+02
2.73231294e+02
2.69447542e+02
2.64562005e+02
2.59548104e+02
2.54719217e+02
2.50165124e+02
2.45908467e+02
2.41948143e+02
2.38272815e+02
2.34866284e+02
2.31710217e+02
2.28785597e+02
2.26072881e+02
2.23553402e+02
2.21210619e+02
2.19029734e+02
2.16997371e+02
2.15101411e+02
2.13330876e+02
2.11675824e+02
2.10127247e+02
2.08676975e+02
2.07317590e+02
2.06042346e+02
2.04845098e+02
2.03720235e+02
2.02662629e+02
2.01667582e+02
2.00730783e+02
1.99848272e+02
1.99016401e+02
1.98231807e+02
1.97491388e+02
1.96792272e+02
1.96131805e+02
1.95507526e+02
2.71421722e+02
2.71578409e+02
2.71584575e+02
2.71219740e+02
2.70427792e+02
2.69277746e+02
2.67869586e+02
2.66291496e+02
2.64611686e+02
2.62880936e+02
2.61136691e+02
2.59406431e+02
2.57710145e+02
2.56062082e+02
2.54472022e+02
2.52946284e+02
2.51488606e+02
2.50100804e+02
2.48783254e+02
2.47535256e+02
2.46355320e+02
2.45241385e+02
2.44190995e+02
2.43201437e+02
2.42269847e+02
2.41393290e+02
2.40568819e+02
2.39793526e+02
2.39064572e+02
2.38379210e+02
2.37734803e+02
2.37128834e+02
2.36558908e+02
2.36022762e+02
2.35518258e+02
2.35043382e+02
2.34596243e+02
2.70704017e+02
2.70895625e+02
2.71080115e+02
2.71121887e+02
2.70943570e+02
2.70523769e+02
2.69883907e+02
2.69063966e+02
2.68107136e+02
2.67053140e+02
2.65936067e+02
2.64784079e+02
2.63619818e+02
2.62461048e+02
2.61321367e+02
2.60210857e+02
2.59136737e+02
2.58103941e+02
2.57115606e+02
2.56173469e+02
2.55278189e+02
2.54429606e+02
2.53626949e+02
2.52869000e+02
2.52154226e+02
2.51480879e+02
2.50847081e+02
2.50250879e+02
2.49690299e+02
2.49163373e+02
2.48668175e+02
2.48202832e+02
2.47765540e+02
2.47354572e+02
2.46968286e+02
2.46605123e+02
2.46263611e+02
2.70440087e+02
2.70710898e+02
2.70891085e+02
2.70981462e+02
2.70949333e+02
2.70774896e+02
2.70459201e+02
2.70018197e+02
2.69474941e+02
2.68854073e+02
2.68178723e+02
2.67469080e+02
2.66741956e+02
2.66010863e+02
2.65286339e+02
2.64576356e+02
2.63886750e+02
2.63221625e+02
2.62583711e+02
2.61974662e+02
2.61395303e+02
2.60845828e+02
2.60325952e+02
2.59835042e+02
2.59372212e+02
2.58936405e+02
2.58526448e+02
2.58141100e+02
2.57779092e+02
2.57439148e+02
2.57120010e+02
2.56820448e+02
2.56539276e+02
2.56275355e+02
2.56027598e+02
2.55794974e+02
2.55576507e+02
