-2.2000e+02
-9.7827e+00
-2.8915e+00
-2.1117e+00
-1.4738e+00
-1.1136e+00
-8.8450e-01
-7.2515e-01
-6.0747e-01
-5.1695e-01
-4.4528e-01
-4.6746e-01
-4.7110e-01
-4.2253e-01
-3.7827e-01
-3.3967e-01
-3.0617e-01
-2.7703e-01
-2.5156e-01
-2.2921e-01
-2.0951e-01
-1.9205e-01
-1.7652e-01
-1.6265e-01
-1.5020e-01
-1.3900e-01
-1.2888e-01
-1.1972e-01
-1.1138e-01
-1.0379e-01
-9.6853e-02
-9.0497e-02
-8.4664e-02
-7.9297e-02
-7.4350e-02
-6.9784e-02
-1.2000e+02
0.0000e+00
0.0000e+00
-8.5359e+00
-6.5353e+00
-5.9938e+00
-5.2646e+00
-4.5882e+00
-4.0037e+00
-3.5078e+00
-3.0876e+00
-2.7347e+00
-2.4509e+00
-2.2034e+00
-1.9821e+00
-1.7853e+00
-1.6106e+00
-1.4556e+00
-1.3179e+00
-1.1952e+00
-1.0859e+00
-9.8810e-01
-9.0058e-01
-8.2207e-01
-7.5153e-01
-6.8804e-01
-6.3080e-01
-5.7910e-01
-5.3235e-01
-4.9001e-01
-4.5160e-01
-4.1671e-01
-3.8498e-01
-3.5607e-01
-3.2971e-01
-3.0563e-01
-2.0000e+01
-3.8515e+00
-4.5026e+00
-4.7407e+00
-5.2378e+00
-5.5560e+00
-5.4645e+00
-5.1779e+00
-4.8141e+00
-4.4300e+00
-4.0531e+00
-3.6964e+00
-3.3660e+00
-3.0647e+00
-2.7915e+00
-2.5440e+00
-2.3197e+00
-2.1164e+00
-1.9322e+00
-1.7653e+00
-1.6141e+00
-1.4771e+00
-1.3529e+00
-1.2403e+00
-1.1381e+00
-1.0453e+00
-9.6101e-01
-8.8437e-01
-8.1463e-01
-7.5112e-01
-6.9324e-01
-6.4045e-01
-5.9224e-01
-5.4819e-01
-5.0791e-01
-4.7102e-01
-2.0103e-01
-3.6656e-01
-5.9204e-01
-9.0071e-01
-1.2222e+00
-1.4934e+00
-1.6878e+00
-1.8037e+00
-1.8527e+00
-1.8509e+00
-1.8129e+00
-1.7507e+00
-1.6733e+00
-1.5873e+00
-1.4975e+00
-1.4072e+00
-1.3184e+00
-1.2326e+00
-1.1506e+00
-1.0728e+00
-9.9948e-01
-9.3066e-01
-8.6630e-01
-8.0627e-01
-7.5041e-01
-6.9850e-01
-6.5031e-01
-6.0564e-01
-5.6423e-01
-5.2588e-01
-4.9036e-01
-4.5748e-01
-4.2703e-01
-3.9883e-01
-3.7271e-01
-3.4851e-01
-1.3594e-02
-4.0995e-02
-7.3312e-02
-1.1868e-01
-1.7328e-01
-2.2592e-01
-2.6851e-01
-2.9792e-01
-3.1456e-01
-3.2059e-01
-3.1861e-01
-3.1097e-01
-2.9958e-01
-2.8586e-01
-2.7087e-01
-2.5536e-01
-2.3983e-01
-2.2464e-01
-2.0998e-01
-1.9599e-01
-1.8273e-01
-1.7025e-01
-1.5854e-01
-1.4760e-01
-1.3740e-01
-1.2790e-01
-1.1908e-01
-1.1089e-01
-1.0329e-01
-9.6256e-02
-8.9735e-02
-8.3698e-02
-7.8105e-02
-7.2926e-02
-6.8128e-02
-6.3685e-02
-5.9382e-01
-2.8545e+00
-4.3894e+00
-4.9864e+00
-5.1011e+00
-4.9739e+00
-4.7246e+00
-4.4196e+00
-4.0975e+00
-3.7797e+00
-3.4779e+00
-3.1978e+00
-2.9419e+00
-2.7108e+00
-2.5026e+00
-2.3152e+00
-2.1464e+00
-1.9940e+00
-1.8562e+00
-1.7313e+00
-1.6178e+00
-1.5144e+00
-1.4198e+00
-1.3331e+00
-1.2534e+00
-1.1799e+00
-1.1119e+00
-1.0490e+00
-9.9055e-01
-9.3617e-01
-8.8546e-01
-8.3811e-01
-7.9381e-01
-7.5232e-01
-7.1340e-01
-6.7685e-01
-9.0652e-01
-3.5377e+00
-4.6914e+00
-4.8177e+00
-4.6231e+00
-4.3410e+00
-4.0395e+00
-3.7426e+00
-3.4601e+00
-3.1967e+00
-2.9538e+00
-2.7317e+00
-2.5303e+00
-2.3484e+00
-2.1837e+00
-2.0339e+00
-1.8974e+00
-1.7728e+00
-1.6588e+00
-1.5542e+00
-1.4581e+00
-1.3695e+00
-1.2878e+00
-1.2121e+00
-1.1420e+00
-1.0769e+00
-1.0163e+00
-9.5979e-01
-9.0708e-01
-8.5783e-01
-8.1174e-01
-7.6856e-01
-7.2807e-01
-6.9007e-01
-6.5435e-01
-6.2077e-01
-3.1220e-02
-1.6972e-01
-5.1074e-01
-9.0750e-01
-1.2334e+00
-1.4613e+00
-1.6056e+00
-1.6867e+00
-1.7219e+00
-1.7239e+00
-1.7019e+00
-1.6629e+00
-1.6120e+00
-1.5531e+00
-1.4894e+00
-1.4231e+00
-1.3557e+00
-1.2884e+00
-1.2222e+00
-1.1576e+00
-1.0951e+00
-1.0351e+00
-9.7763e-01
-9.2288e-01
-8.7088e-01
-8.2161e-01
-7.7502e-01
-7.3105e-01
-6.8960e-01
-6.5058e-01
-6.1385e-01
-5.7933e-01
-5.4687e-01
-5.1638e-01
-4.8774e-01
-4.6084e-01
-3.4448e-02
-6.7471e-02
-1.5853e-01
-3.2635e-01
-5.2607e-01
-7.1489e-01
-8.7202e-01
-9.9218e-01
-1.0773e+00
-1.1318e+00
-1.1609e+00
-1.1694e+00
-1.1617e+00
-1.1416e+00
-1.1123e+00
-1.0764e+00
-1.0360e+00
-9.9273e-01
-9.4792e-01
-9.0252e-01
-8.5731e-01
-8.1283e-01
-7.6950e-01
-7.2760e-01
-6.8734e-01
-6.4885e-01
-6.1218e-01
-5.7737e-01
-5.4440e-01
-5.1325e-01
-4.8386e-01
-4.5617e-01
-4.3011e-01
-4.0561e-01
-3.8259e-01
-3.6097e-01
-7.6073e-02
-6.3423e-02
-1.0029e-01
-1.8681e-01
-3.0393e-01
-4.2744e-01
-5.4014e-01
-6.3329e-01
-7.0421e-01
-7.5362e-01
-7.8395e-01
-7.9821e-01
-7.9946e-01
-7.9050e-01
-7.7381e-01
-7.5144e-01
-7.2507e-01
-6.9606e-01
-6.6545e-01
-6.3407e-01
-6.0254e-01
-5.7132e-01
-5.4077e-01
-5.1113e-01
-4.8258e-01
-4.5523e-01
-4.2915e-01
-4.0437e-01
-3.8090e-01
-3.5872e-01
-3.3780e-01
-3.1810e-01
-2.9957e-01
-2.8217e-01
-2.6583e-01
-2.5050e-01
