2.69973082e+02
4.97650862e+01
4.04767838e+01
3.76515872e+01
3.54308632e+01
3.38505384e+01
3.27916721e+01
3.20189668e+01
3.12881820e+01
3.07736283e+01
3.03159420e+01
2.97359234e+01
2.92766948e+01
2.87165412e+01
2.85732468e+01
2.78698727e+01
2.71825435e+01
2.75100406e+01
2.65717790e+01
2.62495080e+01
2.64618172e+01
2.61135721e+01
2.60337584e+01
2.57040672e+01
2.58636818e+01
2.50545556e+01
2.57533229e+01
2.50733302e+01
2.51196639e+01
2.46512291e+01
2.46448627e+01
2.44225327e+01
2.43767413e+01
2.44503605e+01
2.38841797e+01
2.42672512e+01
2.42170292e+01
2.70045369e+02
1.50216556e+02
1.50106760e+02
1.50290225e+02
1.42010203e+02
1.35290698e+02
1.29316854e+02
1.24467652e+02
1.19857184e+02
1.15508264e+02
1.12087145e+02
1.08524069e+02
1.06193356e+02
1.03727878e+02
1.01688593e+02
9.97338663e+01
9.80116468e+01
9.61873800e+01
9.47947446e+01
9.29859369e+01
9.20815407e+01
9.11185405e+01
8.99783114e+01
8.86940378e+01
8.75463661e+01
8.74351233e+01
8.67452629e+01
8.56358892e+01
8.49750492e+01
8.48229361e+01
8.39997773e+01
8.38684418e+01
8.32544233e+01
8.26625389e+01
8.26489129e+01
8.21107609e+01
8.17759743e+01
2.70234220e+02
2.50168603e+02
2.46664426e+02
2.42132643e+02
2.38022222e+02
2.32950157e+02
2.27157515e+02
2.21845296e+02
2.16511728e+02
2.11872073e+02
2.07163266e+02
2.03201033e+02
1.99474830e+02
1.95927623e+02
1.92637586e+02
1.90006775e+02
1.87741768e+02
1.85212454e+02
1.82967485e+02
1.81105548e+02
1.79202743e+02
1.77617704e+02
1.75982040e+02
1.74353500e+02
1.73167352e+02
1.71774942e+02
1.70838210e+02
1.69948261e+02
1.68774628e+02
1.68150553e+02
1.67368382e+02
1.66946323e+02
1.65636532e+02
1.65381120e+02
1.65172291e+02
1.64311123e+02
1.63971510e+02
2.72660819e+02
2.72281114e+02
2.71790503e+02
2.71276877e+02
2.70100179e+02
2.68633108e+02
2.66949971e+02
2.65338644e+02
2.63473182e+02
2.61474140e+02
2.59863632e+02
2.57765840e+02
2.56085636e+02
2.53989089e+02
2.52463590e+02
2.50820184e+02
2.49602547e+02
2.48189909e+02
2.46778447e+02
2.45582197e+02
2.44428049e+02
2.43413193e+02
2.42302722e+02
2.41151281e+02
2.40615538e+02
2.39608686e+02
2.38826853e+02
2.37961273e+02
2.37413832e+02
2.37383509e+02
2.36619941e+02
2.35855772e+02
2.35723112e+02
2.35130250e+02
2.34624243e+02
2.34457648e+02
2.34006089e+02
2.68507516e+02
2.68371968e+02
2.68181931e+02
2.68321559e+02
2.68119550e+02
2.68097378e+02
2.67609179e+02
2.67700504e+02
2.67183846e+02
2.66493175e+02
2.66231817e+02
2.66179362e+02
2.65977415e+02
2.65347462e+02
2.65246919e+02
2.65212215e+02
2.64497609e+02
2.64615448e+02
2.64194244e+02
2.64075031e+02
2.63663973e+02
2.63803670e+02
2.63707201e+02
2.63128285e+02
2.62954578e+02
2.62490049e+02
2.62907906e+02
2.62840692e+02
2.62353809e+02
2.62428360e+02
2.62179213e+02
2.62180710e+02
2.61913740e+02
2.62214214e+02
2.62017212e+02
2.62123553e+02
2.61913813e+02
2.76199628e+02
2.75376517e+02
2.71689666e+02
2.66443084e+02
2.61616794e+02
2.55878981e+02
2.50528552e+02
2.45409956e+02
2.40221382e+02
2.35328621e+02
2.31691606e+02
2.27487507e+02
2.24043565e+02
2.20794895e+02
2.18060326e+02
2.14844628e+02
2.12378495e+02
2.09783086e+02
2.07721250e+02
2.05793046e+02
2.03772899e+02
2.02089583e+02
2.00175124e+02
1.98535990e+02
1.97393486e+02
1.95644256e+02
1.94578653e+02
1.93145288e+02
1.92094816e+02
1.91029122e+02
1.90176129e+02
1.89074945e+02
1.88295521e+02
1.87526985e+02
1.86130457e+02
1.85659642e+02
1.84931012e+02
2.75977971e+02
2.74317518e+02
2.70629999e+02
2.65627970e+02
2.60314822e+02
2.55402718e+02
2.50794319e+02
2.46144652e+02
2.42181892e+02
2.37987154e+02
2.34639208e+02
2.31431844e+02
2.28377700e+02
2.25616530e+02
2.23148510e+02
2.20502162e+02
2.17991043e+02
2.16073836e+02
2.13915639e+02
2.11654448e+02
2.10447566e+02
2.09193842e+02
2.07101332e+02
2.05702584e+02
2.04820480e+02
2.03534164e+02
2.02073657e+02
2.01161474e+02
1.99866586e+02
1.99342573e+02
1.97865645e+02
1.97144378e+02
1.96192455e+02
1.95732682e+02
1.95167920e+02
1.94248428e+02
1.93409463e+02
2.74965201e+02
2.74480312e+02
2.74384183e+02
2.73717783e+02
2.72760817e+02
2.71185294e+02
2.69739888e+02
2.67671290e+02
2.65681277e+02
2.64131122e+02
2.62227288e+02
2.60037265e+02
2.58497907e+02
2.56617687e+02
2.54868761e+02
2.53087628e+02
2.51633658e+02
2.50052183e+02
2.48668607e+02
2.47094624e+02
2.46045335e+02
2.44931545e+02
2.43884152e+02
2.42404020e+02
2.42004170e+02
2.40579146e+02
2.39879087e+02
2.38539856e+02
2.38145063e+02
2.37208182e+02
2.36635713e+02
2.36130945e+02
2.35473813e+02
2.34680927e+02
2.34254732e+02
2.33653712e+02
2.33624382e+02
2.74460169e+02
2.73872003e+02
2.73981395e+02
2.73694641e+02
2.73033910e+02
2.72293649e+02
2.71368172e+02
2.70868963e+02
2.69201537e+02
2.68271359e+02
2.66932615e+02
2.65633496e+02
2.64642974e+02
2.63270964e+02
2.62225581e+02
2.60881022e+02
2.59477392e+02
2.58541049e+02
2.57787209e+02
2.56374198e+02
2.55374746e+02
2.54887435e+02
2.53844259e+02
2.53267543e+02
2.52204174e+02
2.51253728e+02
2.50902984e+02
2.49769435e+02
2.49437269e+02
2.49208082e+02
2.48580874e+02
2.47643302e+02
2.46881161e+02
2.47048644e+02
2.46575511e+02
2.45843215e+02
2.45333023e+02
2.73563171e+02
2.73052813e+02
2.72917515e+02
2.72712433e+02
2.72421844e+02
2.72137702e+02
2.71693629e+02
2.71020899e+02
2.70332372e+02
2.69177341e+02
2.68831138e+02
2.67560206e+02
2.67092738e+02
2.66205227e+02
2.64819436e+02
2.64190715e+02
2.63284021e+02
2.62604989e+02
2.62090222e+02
2.61186819e+02
2.60527203e+02
2.59674025e+02
2.59805314e+02
2.58830037e+02
2.58303357e+02
2.57600947e+02
2.56914287e+02
2.56694699e+02
2.56162188e+02
2.56154904e+02
2.55646862e+02
2.55326870e+02
2.55042333e+02
2.54436157e+02
2.53839480e+02
2.53886710e+02
2.53551965e+02
