2.70000000e+02
5.00000000e+01
4.01708850e+01
3.72088910e+01
3.50814850e+01
3.36079860e+01
3.25003970e+01
3.16239600e+01
3.09074140e+01
3.03083660e+01
2.97993380e+01
2.93613520e+01
2.88784650e+01
2.84139340e+01
2.79982890e+01
2.76264630e+01
2.72927200e+01
2.69919910e+01
2.67199630e+01
2.64729980e+01
2.62480260e+01
2.60424440e+01
2.58540390e+01
2.56809160e+01
2.55214490e+01
2.53742290e+01
2.52380360e+01
2.51118040e+01
2.49945990e+01
2.48855990e+01
2.47840780e+01
2.46893900e+01
2.46009620e+01
2.45182810e+01
2.44408850e+01
2.43683600e+01
2.43003340e+01
2.70000000e+02
1.50000000e+02
1.50000000e+02
1.50000000e+02
1.41222852e+02
1.34539952e+02
1.28454557e+02
1.23138824e+02
1.18523967e+02
1.14508978e+02
1.10999887e+02
1.07917610e+02
1.05189578e+02
1.02747459e+02
1.00556213e+02
9.85882610e+01
9.68181610e+01
9.52231460e+01
9.37831830e+01
9.24807550e+01
9.13005580e+01
9.02292120e+01
8.92549980e+01
8.83676280e+01
8.75580530e+01
8.68182940e+01
8.61413060e+01
8.55208490e+01
8.49513930e+01
8.44280220e+01
8.39463620e+01
8.35025130e+01
8.30929900e+01
8.27146770e+01
8.23647810e+01
8.20407960e+01
8.17404680e+01
2.70000000e+02
2.50000000e+02
2.45666778e+02
2.41179963e+02
2.36346335e+02
2.31013334e+02
2.25382744e+02
2.19870882e+02
2.14666640e+02
2.09842160e+02
2.05413669e+02
2.01370705e+02
1.97690523e+02
1.94344629e+02
1.91302429e+02
1.88534857e+02
1.86015558e+02
1.83720742e+02
1.81628901e+02
1.79720583e+02
1.77978214e+02
1.76385928e+02
1.74929427e+02
1.73595829e+02
1.72373541e+02
1.71252132e+02
1.70222216e+02
1.69275350e+02
1.68403934e+02
1.67601128e+02
1.66860769e+02
1.66177305e+02
1.65545726e+02
1.64961513e+02
1.64420583e+02
1.63919244e+02
1.63454157e+02
2.69078628e+02
2.68962566e+02
2.68666697e+02
2.68137536e+02
2.67296762e+02
2.66133840e+02
2.64699650e+02
2.63070942e+02
2.61326010e+02
2.59531037e+02
2.57736243e+02
2.55977137e+02
2.54277401e+02
2.52651831e+02
2.51108731e+02
2.49651809e+02
2.48281625e+02
2.46996681e+02
2.45794181e+02
2.44670544e+02
2.43621748e+02
2.42643559e+02
2.41731691e+02
2.40881907e+02
2.40090092e+02
2.39352297e+02
2.38664765e+02
2.38023947e+02
2.37426509e+02
2.36869328e+02
2.36349493e+02
2.35864294e+02
2.35411216e+02
2.34987923e+02
2.34592256e+02
2.34222214e+02
2.33875949e+02
2.67852485e+02
2.67845544e+02
2.67815624e+02
2.67751611e+02
2.67639843e+02
2.67471619e+02
2.67249560e+02
2.66984253e+02
2.66689229e+02
2.66377446e+02
2.66059572e+02
2.65743608e+02
2.65435163e+02
2.65137946e+02
2.64854231e+02
2.64585254e+02
2.64331514e+02
2.64093012e+02
2.63869427e+02
2.63660231e+02
2.63464773e+02
2.63282336e+02
2.63112173e+02
2.62953531e+02
2.62805669e+02
2.62667871e+02
2.62539448e+02
2.62419749e+02
2.62308157e+02
2.62204093e+02
2.62107017e+02
2.62016425e+02
2.61931846e+02
2.61852845e+02
2.61779018e+02
2.61709989e+02
2.61645414e+02
2.65669166e+02
2.64994496e+02
2.61771771e+02
2.57115410e+02
2.52032382e+02
2.46961307e+02
2.42096733e+02
2.37525014e+02
2.33277336e+02
2.29355608e+02
2.25746494e+02
2.22429299e+02
2.19380280e+02
2.16574402e+02
2.13987423e+02
2.11597531e+02
2.09385298e+02
2.07333435e+02
2.05426601e+02
2.03651212e+02
2.01995246e+02
2.00448066e+02
1.99000251e+02
1.97643441e+02
1.96370204e+02
1.95173908e+02
1.94048623e+02
1.92989029e+02
1.91990333e+02
1.91048206e+02
1.90158724e+02
1.89318317e+02
1.88523729e+02
1.87771980e+02
1.87060336e+02
1.86386281e+02
1.85747493e+02
2.66199648e+02
2.65434686e+02
2.62143468e+02
2.57757736e+02
2.53236844e+02
2.48872649e+02
2.44748364e+02
2.40887344e+02
2.37291079e+02
2.33950902e+02
2.30852968e+02
2.27980986e+02
2.25317719e+02
2.22845230e+02
2.20546398e+02
2.18406086e+02
2.16410771e+02
2.14548255e+02
2.12807526e+02
2.11178652e+02
2.09652684e+02
2.08221554e+02
2.06877983e+02
2.05615395e+02
2.04427834e+02
2.03309900e+02
2.02256680e+02
2.01263696e+02
2.00326857e+02
1.99442417e+02
1.98606937e+02
1.97817253e+02
1.97070450e+02
1.96363835e+02
1.95694915e+02
1.95061383e+02
1.94461094e+02
2.68617665e+02
2.68667362e+02
2.68600960e+02
2.68226961e+02
2.67478090e+02
2.66406021e+02
2.65095857e+02
2.63625356e+02
2.62056022e+02
2.60434409e+02
2.58795255e+02
2.57164289e+02
2.55560368e+02
2.53997051e+02
2.52483768e+02
2.51026747e+02
2.49629829e+02
2.48295071e+02
2.47023195e+02
2.45813918e+02
2.44666213e+02
2.43578507e+02
2.42548845e+02
2.41575010e+02
2.40654623e+02
2.39785212e+02
2.38964275e+02
2.38189316e+02
2.37457880e+02
2.36767579e+02
2.36116100e+02
2.35501224e+02
2.34920829e+02
2.34372894e+02
2.33855501e+02
2.33366835e+02
2.32905181e+02
2.69448880e+02
2.69491406e+02
2.69521938e+02
2.69464901e+02
2.69246115e+02
2.68830171e+02
2.68222799e+02
2.67451821e+02
2.66552037e+02
2.65557600e+02
2.64498951e+02
2.63401901e+02
2.62287632e+02
2.61173065e+02
2.60071395e+02
2.58992615e+02
2.57944072e+02
2.56930966e+02
2.55956795e+02
2.55023715e+02
2.54132831e+02
2.53284439e+02
2.52478221e+02
2.51713397e+02
2.50988850e+02
2.50303222e+02
2.49654996e+02
2.49042551e+02
2.48464215e+02
2.47918293e+02
2.47403103e+02
2.46916989e+02
2.46458343e+02
2.46025608e+02
2.45617292e+02
2.45231967e+02
2.44868275e+02
2.70037563e+02
2.70075790e+02
2.70093772e+02
2.70059250e+02
2.69928280e+02
2.69673629e+02
2.69290327e+02
2.68789464e+02
2.68190442e+02
2.67515350e+02
2.66785675e+02
2.66020646e+02
2.65236606e+02
2.64446933e+02
2.63662236e+02
2.62890695e+02
2.62138429e+02
2.61409859e+02
2.60708039e+02
2.60034939e+02
2.59391678e+02
2.58778717e+02
2.58196010e+02
2.57643133e+02
2.57119377e+02
2.56623835e+02
2.56155456e+02
2.55713102e+02
2.55295577e+02
2.54901667e+02
2.54530151e+02
2.54179828e+02
2.53849525e+02
2.53538102e+02
2.53244467e+02
2.52967574e+02
2.52706424e+02
