2.70000000e+02
5.00000000e+01
4.05650100e+01
3.76861300e+01
3.55082110e+01
3.39842710e+01
3.28327610e+01
3.19179500e+01
3.11676390e+01
3.05387010e+01
3.00030610e+01
2.95412590e+01
2.90942320e+01
2.86094670e+01
2.81713010e+01
2.77780730e+01
2.74244430e+01
2.71053580e+01
2.68164370e+01
2.65539510e+01
2.63147350e+01
2.60960980e+01
2.58957430e+01
2.57116970e+01
2.55422610e+01
2.53859630e+01
2.52415180e+01
2.51078040e+01
2.49838350e+01
2.48687370e+01
2.47617370e+01
2.46621480e+01
2.45693540e+01
2.44828030e+01
2.44019980e+01
2.43264930e+01
2.42558810e+01
2.70000000e+02
1.50000000e+02
1.50000000e+02
1.50000000e+02
1.41569388e+02
1.35007369e+02
1.28972836e+02
1.23667362e+02
1.19041510e+02
1.15003680e+02
1.11465038e+02
1.08349524e+02
1.05592537e+02
1.03124820e+02
1.00903433e+02
9.89028750e+01
9.70993970e+01
9.54711630e+01
9.39986750e+01
9.26647350e+01
9.14542350e+01
9.03539170e+01
8.93521360e+01
8.84386450e+01
8.76044120e+01
8.68414610e+01
8.61427320e+01
8.55019670e+01
8.49136030e+01
8.43726900e+01
8.38748120e+01
8.34160240e+01
8.29927950e+01
8.26019580e+01
8.22406670e+01
8.19063660e+01
8.15967460e+01
2.70000000e+02
2.50000000e+02
2.46129627e+02
2.41630137e+02
2.36887505e+02
2.31638001e+02
2.26060379e+02
2.20566731e+02
2.15355253e+02
2.10505752e+02
2.06040232e+02
2.01952485e+02
1.98222914e+02
1.94825745e+02
1.91732163e+02
1.88913699e+02
1.86344321e+02
1.84000561e+02
1.81861207e+02
1.79907058e+02
1.78120727e+02
1.76486492e+02
1.74990147e+02
1.73618870e+02
1.72361095e+02
1.71206393e+02
1.70145364e+02
1.69169530e+02
1.68271247e+02
1.67443618e+02
1.66680416e+02
1.65976019e+02
1.65325341e+02
1.64723785e+02
1.64167186e+02
1.63651772e+02
1.63174119e+02
2.70060904e+02
2.70080900e+02
2.69845439e+02
2.69334322e+02
2.68479407e+02
2.67277979e+02
2.65789056e+02
2.64095904e+02
2.62281345e+02
2.60414642e+02
2.58548087e+02
2.56718571e+02
2.54950688e+02
2.53259841e+02
2.51654754e+02
2.50139402e+02
2.48714469e+02
2.47378471e+02
2.46128561e+02
2.44961068e+02
2.43871854e+02
2.42856559e+02
2.41910758e+02
2.41030071e+02
2.40210235e+02
2.39447150e+02
2.38736908e+02
2.38075811e+02
2.37460377e+02
2.36887340e+02
2.36353650e+02
2.35856461e+02
2.35393128e+02
2.34961193e+02
2.34558377e+02
2.34182569e+02
2.33831814e+02
2.67618949e+02
2.67619346e+02
2.67618323e+02
2.67614505e+02
2.67607068e+02
2.67595563e+02
2.67580305e+02
2.67562104e+02
2.67541923e+02
2.67520653e+02
2.67499011e+02
2.67477532e+02
2.67456586e+02
2.67436417e+02
2.67417175e+02
2.67398940e+02
2.67381745e+02
2.67365589e+02
2.67350449e+02
2.67336290e+02
2.67323068e+02
2.67310733e+02
2.67299236e+02
2.67288525e+02
2.67278551e+02
2.67269265e+02
2.67260620e+02
2.67252573e+02
2.67245081e+02
2.67238105e+02
2.67231608e+02
2.67225556e+02
2.67219917e+02
2.67214660e+02
2.67209758e+02
2.67205186e+02
2.67200919e+02
2.72864294e+02
2.72106969e+02
2.69037099e+02
2.64406780e+02
2.59155751e+02
2.53772071e+02
2.48504638e+02
2.43482590e+02
2.38767539e+02
2.34381638e+02
2.30324245e+02
2.26582065e+02
2.23135315e+02
2.19961048e+02
2.17035054e+02
2.14334250e+02
2.11837551e+02
2.09525894e+02
2.07382144e+02
2.05390969e+02
2.03538690e+02
2.01813115e+02
2.00203381e+02
1.98699794e+02
1.97293696e+02
1.95977333e+02
1.94743742e+02
1.93586658e+02
1.92500423e+02
1.91479911e+02
1.90520468e+02
1.89617854e+02
1.88768195e+02
1.87967944e+02
1.87213842e+02
1.86502891e+02
1.85832325e+02
2.72747347e+02
2.71635772e+02
2.67876460e+02
2.62960336e+02
2.57906092e+02
2.53035528e+02
2.48440431e+02
2.44145261e+02
2.40150210e+02
2.36444554e+02
2.33012197e+02
2.29834596e+02
2.26892466e+02
2.24166252e+02
2.21636613e+02
2.19286219e+02
2.17099756e+02
2.15063483e+02
2.13165003e+02
2.11393122e+02
2.09737736e+02
2.08189718e+02
2.06740813e+02
2.05383548e+02
2.04111140e+02
2.02917424e+02
2.01796783e+02
2.00744086e+02
1.99754640e+02
1.98824139e+02
1.97948627e+02
1.97124463e+02
1.96348285e+02
1.95616991e+02
1.94927708e+02
1.94277774e+02
1.93664718e+02
2.72118368e+02
2.72084738e+02
2.71914005e+02
2.71394092e+02
2.70465926e+02
2.69198459e+02
2.67689601e+02
2.66024433e+02
2.64268298e+02
2.62469715e+02
2.60664403e+02
2.58878518e+02
2.57131013e+02
2.55435350e+02
2.53800717e+02
2.52232965e+02
2.50735445e+02
2.49309675e+02
2.47955810e+02
2.46672999e+02
2.45459649e+02
2.44313638e+02
2.43232477e+02
2.42213439e+02
2.41253658e+02
2.40350204e+02
2.39500138e+02
2.38700562e+02
2.37948640e+02
2.37241630e+02
2.36576894e+02
2.35951906e+02
2.35364263e+02
2.34811685e+02
2.34292014e+02
2.33803214e+02
2.33343366e+02
2.71884978e+02
2.71857572e+02
2.71815175e+02
2.71674707e+02
2.71349231e+02
2.70807004e+02
2.70062137e+02
2.69149667e+02
2.68109418e+02
2.66978797e+02
2.65790271e+02
2.64570858e+02
2.63342388e+02
2.62122070e+02
2.60923128e+02
2.59755409e+02
2.58625984e+02
2.57539695e+02
2.56499626e+02
2.55507492e+02
2.54563949e+02
2.53668847e+02
2.52821430e+02
2.52020496e+02
2.51264523e+02
2.50551774e+02
2.49880371e+02
2.49248359e+02
2.48653749e+02
2.48094559e+02
2.47568836e+02
2.47074675e+02
2.46610238e+02
2.46173759e+02
2.45763550e+02
2.45378007e+02
2.45015607e+02
2.71626493e+02
2.71593805e+02
2.71576839e+02
2.71513594e+02
2.71352082e+02
2.71062172e+02
2.70639111e+02
2.70095587e+02
2.69452858e+02
2.68734627e+02
2.67963607e+02
2.67159887e+02
2.66340354e+02
2.65518708e+02
2.64705705e+02
2.63909547e+02
2.63136277e+02
2.62390175e+02
2.61674107e+02
2.60989828e+02
2.60338229e+02
2.59719538e+02
2.59133483e+02
2.58579416e+02
2.58056422e+02
2.57563392e+02
2.57099093e+02
2.56662214e+02
2.56251402e+02
2.55865297e+02
2.55502547e+02
2.55161830e+02
2.54841862e+02
2.54541405e+02
2.54259276e+02
2.53994347e+02
2.53745548e+02
