-2.2000e+02
-9.6635e+00
-2.8926e+00
-2.1314e+00
-1.4879e+00
-1.1250e+00
-8.9496e-01
-7.3526e-01
-6.1739e-01
-5.2670e-01
-4.5486e-01
-4.8988e-01
-4.8443e-01
-4.3502e-01
-3.9042e-01
-3.5153e-01
-3.1774e-01
-2.8830e-01
-2.6254e-01
-2.3990e-01
-2.1989e-01
-2.0214e-01
-1.8631e-01
-1.7213e-01
-1.5938e-01
-1.4788e-01
-1.3747e-01
-1.2801e-01
-1.1939e-01
-1.1151e-01
-1.0429e-01
-9.7663e-02
-9.1564e-02
-8.5940e-02
-8.0743e-02
-7.5933e-02
-1.2000e+02
0.0000e+00
0.0000e+00
-8.3576e+00
-6.4650e+00
-5.9548e+00
-5.2444e+00
-4.5782e+00
-4.0002e+00
-3.5087e+00
-3.0916e+00
-2.7426e+00
-2.4622e+00
-2.2162e+00
-1.9962e+00
-1.8006e+00
-1.6271e+00
-1.4731e+00
-1.3363e+00
-1.2145e+00
-1.1058e+00
-1.0086e+00
-9.2156e-01
-8.4341e-01
-7.7314e-01
-7.0981e-01
-6.5266e-01
-6.0097e-01
-5.5416e-01
-5.1168e-01
-4.7309e-01
-4.3797e-01
-4.0596e-01
-3.7674e-01
-3.5003e-01
-3.2559e-01
-2.0000e+01
-3.6961e+00
-4.4136e+00
-4.6836e+00
-5.1824e+00
-5.5109e+00
-5.4325e+00
-5.1557e+00
-4.7995e+00
-4.4216e+00
-4.0502e+00
-3.6985e+00
-3.3728e+00
-3.0758e+00
-2.8066e+00
-2.5625e+00
-2.3413e+00
-2.1408e+00
-1.9590e+00
-1.7942e+00
-1.6448e+00
-1.5093e+00
-1.3863e+00
-1.2746e+00
-1.1732e+00
-1.0810e+00
-9.9704e-01
-9.2062e-01
-8.5096e-01
-7.8741e-01
-7.2937e-01
-6.7632e-01
-6.2778e-01
-5.8333e-01
-5.4257e-01
-5.0516e-01
-2.1028e-01
-3.7626e-01
-6.0022e-01
-9.0618e-01
-1.2255e+00
-1.4960e+00
-1.6918e+00
-1.8106e+00
-1.8639e+00
-1.8670e+00
-1.8341e+00
-1.7768e+00
-1.7039e+00
-1.6221e+00
-1.5358e+00
-1.4483e+00
-1.3620e+00
-1.2780e+00
-1.1974e+00
-1.1206e+00
-1.0480e+00
-9.7952e-01
-9.1531e-01
-8.5523e-01
-7.9915e-01
-7.4687e-01
-6.9821e-01
-6.5296e-01
-6.1090e-01
-5.7182e-01
-5.3553e-01
-5.0183e-01
-4.7052e-01
-4.4143e-01
-4.1440e-01
-3.8928e-01
-1.4400e-02
-4.2653e-02
-7.5032e-02
-1.2010e-01
-1.7434e-01
-2.2681e-01
-2.6950e-01
-2.9932e-01
-3.1662e-01
-3.2346e-01
-3.2236e-01
-3.1561e-01
-3.0504e-01
-2.9207e-01
-2.7773e-01
-2.6277e-01
-2.4770e-01
-2.3286e-01
-2.1847e-01
-2.0468e-01
-1.9155e-01
-1.7915e-01
-1.6747e-01
-1.5652e-01
-1.4627e-01
-1.3671e-01
-1.2779e-01
-1.1950e-01
-1.1178e-01
-1.0461e-01
-9.7946e-02
-9.1755e-02
-8.6005e-02
-8.0662e-02
-7.5697e-02
-7.1083e-02
-9.2400e-01
-3.4943e+00
-4.9887e+00
-5.4681e+00
-5.4780e+00
-5.2712e+00
-4.9657e+00
-4.6226e+00
-4.2753e+00
-3.9410e+00
-3.6284e+00
-3.3410e+00
-3.0803e+00
-2.8455e+00
-2.6342e+00
-2.4437e+00
-2.2717e+00
-2.1160e+00
-1.9748e+00
-1.8463e+00
-1.7290e+00
-1.6217e+00
-1.5232e+00
-1.4325e+00
-1.3488e+00
-1.2714e+00
-1.1996e+00
-1.1328e+00
-1.0707e+00
-1.0127e+00
-9.5856e-01
-9.0788e-01
-8.6038e-01
-8.1582e-01
-7.7397e-01
-7.3462e-01
-1.0461e+00
-3.6302e+00
-4.7893e+00
-4.9524e+00
-4.7882e+00
-4.5256e+00
-4.2358e+00
-3.9452e+00
-3.6657e+00
-3.4027e+00
-3.1586e+00
-2.9338e+00
-2.7286e+00
-2.5423e+00
-2.3723e+00
-2.2169e+00
-2.0745e+00
-1.9437e+00
-1.8233e+00
-1.7124e+00
-1.6100e+00
-1.5152e+00
-1.4273e+00
-1.3457e+00
-1.2698e+00
-1.1990e+00
-1.1330e+00
-1.0713e+00
-1.0136e+00
-9.5953e-01
-9.0886e-01
-8.6130e-01
-8.1663e-01
-7.7463e-01
-7.3512e-01
-6.9791e-01
-6.8457e-02
-2.0114e-01
-5.2870e-01
-9.2740e-01
-1.2744e+00
-1.5335e+00
-1.7108e+00
-1.8222e+00
-1.8828e+00
-1.9049e+00
-1.8979e+00
-1.8694e+00
-1.8252e+00
-1.7700e+00
-1.7074e+00
-1.6403e+00
-1.5707e+00
-1.5002e+00
-1.4299e+00
-1.3606e+00
-1.2931e+00
-1.2278e+00
-1.1649e+00
-1.1046e+00
-1.0471e+00
-9.9232e-01
-9.4030e-01
-8.9098e-01
-8.4428e-01
-8.0011e-01
-7.5837e-01
-7.1894e-01
-6.8172e-01
-6.4659e-01
-6.1343e-01
-5.8215e-01
-6.3121e-02
-9.5504e-02
-1.7122e-01
-3.2609e-01
-5.2221e-01
-7.1676e-01
-8.8524e-01
-1.0187e+00
-1.1166e+00
-1.1823e+00
-1.2204e+00
-1.2358e+00
-1.2332e+00
-1.2167e+00
-1.1898e+00
-1.1554e+00
-1.1157e+00
-1.0727e+00
-1.0277e+00
-9.8191e-01
-9.3607e-01
-8.9082e-01
-8.4660e-01
-8.0373e-01
-7.6244e-01
-7.2284e-01
-6.8502e-01
-6.4902e-01
-6.1481e-01
-5.8239e-01
-5.5169e-01
-5.2267e-01
-4.9526e-01
-4.6938e-01
-4.4495e-01
-4.2191e-01
-7.3037e-02
-6.5960e-02
-8.8634e-02
-1.5251e-01
-2.4511e-01
-3.4675e-01
-4.4189e-01
-5.2187e-01
-5.8349e-01
-6.2685e-01
-6.5378e-01
-6.6680e-01
-6.6856e-01
-6.6152e-01
-6.4784e-01
-6.2933e-01
-6.0749e-01
-5.8347e-01
-5.5817e-01
-5.3230e-01
-5.0637e-01
-4.8076e-01
-4.5576e-01
-4.3155e-01
-4.0827e-01
-3.8601e-01
-3.6479e-01
-3.4465e-01
-3.2558e-01
-3.0756e-01
-2.9055e-01
-2.7452e-01
-2.5943e-01
-2.4522e-01
-2.3187e-01
-2.1931e-01
