2.69648607e+02
5.00122760e+01
4.00435463e+01
3.74086934e+01
3.50687281e+01
3.39006587e+01
3.25237961e+01
3.17935230e+01
3.06866092e+01
3.00483518e+01
2.99100897e+01
2.93261547e+01
2.88444524e+01
2.84404445e+01
2.80432862e+01
2.75379552e+01
2.77073280e+01
2.66308674e+01
2.65894930e+01
2.64492871e+01
2.63893833e+01
2.56572363e+01
2.57015138e+01
2.52999653e+01
2.51341814e+01
2.55581114e+01
2.46673441e+01
2.52474725e+01
2.51695312e+01
2.45744759e+01
2.44980284e+01
2.46267267e+01
2.47823205e+01
2.46440587e+01
2.40630988e+01
2.39740925e+01
2.40881639e+01
2.70279335e+02
1.49937681e+02
1.50105224e+02
1.50051096e+02
1.41119215e+02
1.35193654e+02
1.29309465e+02
1.23655186e+02
1.18996502e+02
1.15123028e+02
1.11608366e+02
1.08625243e+02
1.05981463e+02
1.03397602e+02
1.00797819e+02
9.94763833e+01
9.72792438e+01
9.59352885e+01
9.45668614e+01
9.28164927e+01
9.18101476e+01
9.05278316e+01
8.96092598e+01
8.89403915e+01
8.79675842e+01
8.72457526e+01
8.61904386e+01
8.54151205e+01
8.50201449e+01
8.46232971e+01
8.39826683e+01
8.36945710e+01
8.30154840e+01
8.30210004e+01
8.26300834e+01
8.24406034e+01
8.19400768e+01
2.70234401e+02
2.49838721e+02
2.46096534e+02
2.41828050e+02
2.37082365e+02
2.31816981e+02
2.26017757e+02
2.21119712e+02
2.15487560e+02
2.10810566e+02
2.06505812e+02
2.02510793e+02
1.98806882e+02
1.95742611e+02
1.92352358e+02
1.89236550e+02
1.86848515e+02
1.84398852e+02
1.82386156e+02
1.80519196e+02
1.78989862e+02
1.76932983e+02
1.75724075e+02
1.74394897e+02
1.72931413e+02
1.71650742e+02
1.70565395e+02
1.69820710e+02
1.68594128e+02
1.67922326e+02
1.67054102e+02
1.66885517e+02
1.65765149e+02
1.65399875e+02
1.64417797e+02
1.63814768e+02
1.63479288e+02
2.70605870e+02
2.70786202e+02
2.70130886e+02
2.70306140e+02
2.68628471e+02
2.67457189e+02
2.66019692e+02
2.64626773e+02
2.62241949e+02
2.60693671e+02
2.58707264e+02
2.56884818e+02
2.55457489e+02
2.52930662e+02
2.51911071e+02
2.50501100e+02
2.48719107e+02
2.47943701e+02
2.46169230e+02
2.44643758e+02
2.43730293e+02
2.42988926e+02
2.41835711e+02
2.41132629e+02
2.40550582e+02
2.39365593e+02
2.38715378e+02
2.38137169e+02
2.37522719e+02
2.36866573e+02
2.36620149e+02
2.35961819e+02
2.35076997e+02
2.34815930e+02
2.34499199e+02
2.33984931e+02
2.33799917e+02
2.68586015e+02
2.68587452e+02
2.68229704e+02
2.68090373e+02
2.67884904e+02
2.67456855e+02
2.67518127e+02
2.67127833e+02
2.66491509e+02
2.66316885e+02
2.65842825e+02
2.64711147e+02
2.63937567e+02
2.64095767e+02
2.63859403e+02
2.63401662e+02
2.63030116e+02
2.62207784e+02
2.62055852e+02
2.61851200e+02
2.61258070e+02
2.60925383e+02
2.60825516e+02
2.60155785e+02
2.60132916e+02
2.59955352e+02
2.59470399e+02
2.59592413e+02
2.59347548e+02
2.59551077e+02
2.58859768e+02
2.58775618e+02
2.58567243e+02
2.58371294e+02
2.58304242e+02
2.58595944e+02
2.58256105e+02
2.72586559e+02
2.71491486e+02
2.67664983e+02
2.62235808e+02
2.56989017e+02
2.51324397e+02
2.45932796e+02
2.40921414e+02
2.36052822e+02
2.31867991e+02
2.28406139e+02
2.24255014e+02
2.21430421e+02
2.18026034e+02
2.15319182e+02
2.12830934e+02
2.10374557e+02
2.07810087e+02
2.05992945e+02
2.04167158e+02
2.02362490e+02
2.00884831e+02
1.99379277e+02
1.98064436e+02
1.96626724e+02
1.95486990e+02
1.94069810e+02
1.92800712e+02
1.91994078e+02
1.90713597e+02
1.89903903e+02
1.89028866e+02
1.88053105e+02
1.87213574e+02
1.86444017e+02
1.85592820e+02
1.85159147e+02
2.72644761e+02
2.71423170e+02
2.68087368e+02
2.63153277e+02
2.58475659e+02
2.53472737e+02
2.49002547e+02
2.44485153e+02
2.40988402e+02
2.37099068e+02
2.33203583e+02
2.29682197e+02
2.27353699e+02
2.24636538e+02
2.22102191e+02
2.20014872e+02
2.17595054e+02
2.15871861e+02
2.13610720e+02
2.12023003e+02
2.09969078e+02
2.09055366e+02
2.07100455e+02
2.05537199e+02
2.04769077e+02
2.03713244e+02
2.02458017e+02
2.01145596e+02
2.00278200e+02
1.99623561e+02
1.98384120e+02
1.97624755e+02
1.96371988e+02
1.95994591e+02
1.95370876e+02
1.94694855e+02
1.94358446e+02
2.72131965e+02
2.72402436e+02
2.72159031e+02
2.71767106e+02
2.71160721e+02
2.69493421e+02
2.68791538e+02
2.66650279e+02
2.64814667e+02
2.62819826e+02
2.61527585e+02
2.59809281e+02
2.57770641e+02
2.55968003e+02
2.54398400e+02
2.52961452e+02
2.51504842e+02
2.49802360e+02
2.48598960e+02
2.46884402e+02
2.46283712e+02
2.45225692e+02
2.43774511e+02
2.42979525e+02
2.41955034e+02
2.40872725e+02
2.40158810e+02
2.39510359e+02
2.38879459e+02
2.37879305e+02
2.37156726e+02
2.36533157e+02
2.35934625e+02
2.35538959e+02
2.35294002e+02
2.34273085e+02
2.34154339e+02
2.72462923e+02
2.72502653e+02
2.72302030e+02
2.71694336e+02
2.71867912e+02
2.70863854e+02
2.70160771e+02
2.69406332e+02
2.68670200e+02
2.67392576e+02
2.66037211e+02
2.64997566e+02
2.63877628e+02
2.63073501e+02
2.61568059e+02
2.60132123e+02
2.59430217e+02
2.58530329e+02
2.57369885e+02
2.56452441e+02
2.55099566e+02
2.54353215e+02
2.53585840e+02
2.53011403e+02
2.52164620e+02
2.51331438e+02
2.50678256e+02
2.50159554e+02
2.49799151e+02
2.49007244e+02
2.48514887e+02
2.47935122e+02
2.47495038e+02
2.47030759e+02
2.46412855e+02
2.45854396e+02
2.45958425e+02
2.72162272e+02
2.71535097e+02
2.71821332e+02
2.71945824e+02
2.71363520e+02
2.70617589e+02
2.70452000e+02
2.70460675e+02
2.69824057e+02
2.68427467e+02
2.67981300e+02
2.66925559e+02
2.66651809e+02
2.65095185e+02
2.64962617e+02
2.64396100e+02
2.63411636e+02
2.62384614e+02
2.61664898e+02
2.61121894e+02
2.60420200e+02
2.59913666e+02
2.59510594e+02
2.59069150e+02
2.58214676e+02
2.57207154e+02
2.57177706e+02
2.56862203e+02
2.56514007e+02
2.56243788e+02
2.55682547e+02
2.55538928e+02
2.54942090e+02
2.54730390e+02
2.54326481e+02
2.54214244e+02
2.53784035e+02
