-2.2000e+02
-9.8975e+00
-2.9496e+00
-2.1064e+00
-1.4616e+00
-1.1029e+00
-8.7679e-01
-7.2045e-01
-6.0542e-01
-5.1710e-01
-4.4721e-01
-5.2187e-01
-4.8076e-01
-4.3131e-01
-3.8742e-01
-3.4926e-01
-3.1610e-01
-2.8719e-01
-2.6186e-01
-2.3957e-01
-2.1985e-01
-2.0232e-01
-1.8667e-01
-1.7264e-01
-1.6001e-01
-1.4859e-01
-1.3825e-01
-1.2883e-01
-1.2024e-01
-1.1238e-01
-1.0518e-01
-9.8548e-02
-9.2440e-02
-8.6798e-02
-8.1577e-02
-7.6739e-02
-1.2000e+02
0.0000e+00
0.0000e+00
-8.6260e+00
-6.5521e+00
-5.9940e+00
-5.2590e+00
-4.5813e+00
-3.9980e+00
-3.5046e+00
-3.0875e+00
-2.7452e+00
-2.4666e+00
-2.2197e+00
-1.9998e+00
-1.8048e+00
-1.6321e+00
-1.4788e+00
-1.3426e+00
-1.2213e+00
-1.1131e+00
-1.0162e+00
-9.2942e-01
-8.5144e-01
-7.8127e-01
-7.1800e-01
-6.6085e-01
-6.0914e-01
-5.6226e-01
-5.1970e-01
-4.8099e-01
-4.4573e-01
-4.1357e-01
-3.8418e-01
-3.5729e-01
-3.3265e-01
-2.0000e+01
-3.7037e+00
-4.4519e+00
-4.7381e+00
-5.2541e+00
-5.5786e+00
-5.4863e+00
-5.1976e+00
-4.8327e+00
-4.4490e+00
-4.0739e+00
-3.7200e+00
-3.3936e+00
-3.0965e+00
-2.8272e+00
-2.5831e+00
-2.3618e+00
-2.1613e+00
-1.9794e+00
-1.8145e+00
-1.6650e+00
-1.5293e+00
-1.4062e+00
-1.2944e+00
-1.1927e+00
-1.1002e+00
-1.0160e+00
-9.3925e-01
-8.6924e-01
-8.0531e-01
-7.4688e-01
-6.9340e-01
-6.4442e-01
-5.9950e-01
-5.5826e-01
-5.2036e-01
-3.6991e-01
-4.8335e-01
-6.8218e-01
-9.7215e-01
-1.2802e+00
-1.5433e+00
-1.7340e+00
-1.8491e+00
-1.8994e+00
-1.8998e+00
-1.8647e+00
-1.8055e+00
-1.7311e+00
-1.6480e+00
-1.5609e+00
-1.4728e+00
-1.3860e+00
-1.3018e+00
-1.2210e+00
-1.1441e+00
-1.0713e+00
-1.0027e+00
-9.3834e-01
-8.7807e-01
-8.2174e-01
-7.6917e-01
-7.2017e-01
-6.7451e-01
-6.3201e-01
-5.9244e-01
-5.5561e-01
-5.2133e-01
-4.8941e-01
-4.5970e-01
-4.3201e-01
-4.0622e-01
-2.9279e-02
-6.7623e-02
-9.8464e-02
-1.4290e-01
-1.9839e-01
-2.5308e-01
-2.9807e-01
-3.2966e-01
-3.4796e-01
-3.5507e-01
-3.5363e-01
-3.4610e-01
-3.3448e-01
-3.2029e-01
-3.0467e-01
-2.8840e-01
-2.7205e-01
-2.5598e-01
-2.4040e-01
-2.2548e-01
-2.1129e-01
-1.9787e-01
-1.8523e-01
-1.7338e-01
-1.6227e-01
-1.5190e-01
-1.4221e-01
-1.3318e-01
-1.2477e-01
-1.1694e-01
-1.0964e-01
-1.0285e-01
-9.6531e-02
-9.0644e-02
-8.5161e-02
-8.0052e-02
-5.6760e-01
-2.9009e+00
-4.5041e+00
-5.1382e+00
-5.2671e+00
-5.1432e+00
-4.8940e+00
-4.5895e+00
-4.2686e+00
-3.9524e+00
-3.6521e+00
-3.3730e+00
-3.1177e+00
-2.8862e+00
-2.6764e+00
-2.4864e+00
-2.3142e+00
-2.1577e+00
-2.0153e+00
-1.8854e+00
-1.7667e+00
-1.6578e+00
-1.5576e+00
-1.4653e+00
-1.3800e+00
-1.3010e+00
-1.2276e+00
-1.1594e+00
-1.0957e+00
-1.0363e+00
-9.8066e-01
-9.2855e-01
-8.7966e-01
-8.3373e-01
-7.9054e-01
-7.4987e-01
-8.1633e-01
-3.3955e+00
-4.6010e+00
-4.8034e+00
-4.6668e+00
-4.4248e+00
-4.1521e+00
-3.8764e+00
-3.6098e+00
-3.3579e+00
-3.1232e+00
-2.9066e+00
-2.7087e+00
-2.5281e+00
-2.3629e+00
-2.2114e+00
-2.0721e+00
-1.9440e+00
-1.8258e+00
-1.7166e+00
-1.6156e+00
-1.5219e+00
-1.4348e+00
-1.3538e+00
-1.2783e+00
-1.2077e+00
-1.1418e+00
-1.0801e+00
-1.0222e+00
-9.6790e-01
-9.1688e-01
-8.6890e-01
-8.2374e-01
-7.8120e-01
-7.4110e-01
-7.0328e-01
-5.5819e-02
-1.8037e-01
-5.0263e-01
-9.0003e-01
-1.2447e+00
-1.4996e+00
-1.6719e+00
-1.7790e+00
-1.8367e+00
-1.8577e+00
-1.8514e+00
-1.8250e+00
-1.7840e+00
-1.7327e+00
-1.6745e+00
-1.6120e+00
-1.5468e+00
-1.4806e+00
-1.4143e+00
-1.3487e+00
-1.2845e+00
-1.2221e+00
-1.1617e+00
-1.1036e+00
-1.0479e+00
-9.9458e-01
-9.4375e-01
-8.9536e-01
-8.4935e-01
-8.0567e-01
-7.6423e-01
-7.2495e-01
-6.8774e-01
-6.5249e-01
-6.1914e-01
-5.8756e-01
-7.2353e-02
-1.1536e-01
-1.8968e-01
-3.4079e-01
-5.3396e-01
-7.2617e-01
-8.9285e-01
-1.0253e+00
-1.1233e+00
-1.1901e+00
-1.2304e+00
-1.2488e+00
-1.2496e+00
-1.2367e+00
-1.2133e+00
-1.1823e+00
-1.1457e+00
-1.1053e+00
-1.0626e+00
-1.0186e+00
-9.7417e-01
-9.2989e-01
-8.8627e-01
-8.4366e-01
-8.0232e-01
-7.6241e-01
-7.2406e-01
-6.8732e-01
-6.5223e-01
-6.1878e-01
-5.8695e-01
-5.5672e-01
-5.2803e-01
-5.0082e-01
-4.7504e-01
-4.5063e-01
-1.8382e-01
-1.3430e-01
-1.5357e-01
-2.2694e-01
-3.3201e-01
-4.4453e-01
-5.4811e-01
-6.3448e-01
-7.0090e-01
-7.4782e-01
-7.7724e-01
-7.9181e-01
-7.9426e-01
-7.8714e-01
-7.7269e-01
-7.5282e-01
-7.2908e-01
-7.0270e-01
-6.7466e-01
-6.4574e-01
-6.1650e-01
-5.8740e-01
-5.5878e-01
-5.3086e-01
-5.0383e-01
-4.7779e-01
-4.5282e-01
-4.2897e-01
-4.0624e-01
-3.8463e-01
-3.6413e-01
-3.4470e-01
-3.2631e-01
-3.0893e-01
-2.9250e-01
-2.7698e-01
