2.70000000e+02
5.00000000e+01
4.02803010e+01
3.73845240e+01
3.52542530e+01
3.37665270e+01
3.26423700e+01
3.17490150e+01
3.10158150e+01
3.04005920e+01
2.98759370e+01
2.94228860e+01
2.89360290e+01
2.84529570e+01
2.80187580e+01
2.76287750e+01
2.72773310e+01
2.69593580e+01
2.66705300e+01
2.64071920e+01
2.61662530e+01
2.59450950e+01
2.57414890e+01
2.55535280e+01
2.53795740e+01
2.52182120e+01
2.50682140e+01
2.49285080e+01
2.47981560e+01
2.46763310e+01
2.45623050e+01
2.44554280e+01
2.43551240e+01
2.42608760e+01
2.41722200e+01
2.40887380e+01
2.40100540e+01
2.70000000e+02
1.50000000e+02
1.50000000e+02
1.50000000e+02
1.41439311e+02
1.34857002e+02
1.28828499e+02
1.23542119e+02
1.18940712e+02
1.14929052e+02
1.11416354e+02
1.08325418e+02
1.05586631e+02
1.03130052e+02
1.00920267e+02
9.89307110e+01
9.71366020e+01
9.55156020e+01
9.40479960e+01
9.27165150e+01
9.15060680e+01
9.04034630e+01
8.93971500e+01
8.84769970e+01
8.76341020e+01
8.68606220e+01
8.61496360e+01
8.54950260e+01
8.48913670e+01
8.43338460e+01
8.38181790e+01
8.33405500e+01
8.28975500e+01
8.24861300e+01
8.21035590e+01
8.17473810e+01
8.14153910e+01
2.70000000e+02
2.50000000e+02
2.45957875e+02
2.41381185e+02
2.36616282e+02
2.31367653e+02
2.25811761e+02
2.20355187e+02
2.15188595e+02
2.10386648e+02
2.05967960e+02
2.01924126e+02
1.98234127e+02
1.94870940e+02
1.91805038e+02
1.89008116e+02
1.86454491e+02
1.84120998e+02
1.81986703e+02
1.80032682e+02
1.78241837e+02
1.76598746e+02
1.75089513e+02
1.73701626e+02
1.72423830e+02
1.71246004e+02
1.70159041e+02
1.69154755e+02
1.68225775e+02
1.67365468e+02
1.66567856e+02
1.65827549e+02
1.65139683e+02
1.64499866e+02
1.63904124e+02
1.63348860e+02
1.62830815e+02
2.69211703e+02
2.69314502e+02
2.69171869e+02
2.68759586e+02
2.68008907e+02
2.66913287e+02
2.65526450e+02
2.63927427e+02
2.62196418e+02
2.60401377e+02
2.58594196e+02
2.56811942e+02
2.55079721e+02
2.53413625e+02
2.51823143e+02
2.50313047e+02
2.48884843e+02
2.47537878e+02
2.46270107e+02
2.45078626e+02
2.43960015e+02
2.42910578e+02
2.41926507e+02
2.41003988e+02
2.40139276e+02
2.39328745e+02
2.38568918e+02
2.37856488e+02
2.37188324e+02
2.36561480e+02
2.35973189e+02
2.35420860e+02
2.34902075e+02
2.34414575e+02
2.33956259e+02
2.33525172e+02
2.33119495e+02
2.67879764e+02
2.67892611e+02
2.67892659e+02
2.67852638e+02
2.67758620e+02
2.67602793e+02
2.67388591e+02
2.67127321e+02
2.66833110e+02
2.66519398e+02
2.66197255e+02
2.65875028e+02
2.65558625e+02
2.65252015e+02
2.64957705e+02
2.64677132e+02
2.64410978e+02
2.64159401e+02
2.63922218e+02
2.63699024e+02
2.63489277e+02
2.63292358e+02
2.63107604e+02
2.62934338e+02
2.62771883e+02
2.62619581e+02
2.62476792e+02
2.62342905e+02
2.62217340e+02
2.62099548e+02
2.61989012e+02
2.61885248e+02
2.61787801e+02
2.61696248e+02
2.61610194e+02
2.61529270e+02
2.61453133e+02
2.72867194e+02
2.72059886e+02
2.68892860e+02
2.64198496e+02
2.58933643e+02
2.53576484e+02
2.48361716e+02
2.43405505e+02
2.38759400e+02
2.34438473e+02
2.30437475e+02
2.26740350e+02
2.23325816e+02
2.20170011e+02
2.17248745e+02
2.14539606e+02
2.12022340e+02
2.09678763e+02
2.07492647e+02
2.05449562e+02
2.03536708e+02
2.01742741e+02
2.00057600e+02
1.98472357e+02
1.96979067e+02
1.95570644e+02
1.94240751e+02
1.92983699e+02
1.91794363e+02
1.90668115e+02
1.89600753e+02
1.88588455e+02
1.87627732e+02
1.86715384e+02
1.85848474e+02
1.85024292e+02
1.84240338e+02
2.72594087e+02
2.71499706e+02
2.67824458e+02
2.63005393e+02
2.58037606e+02
2.53239946e+02
2.48704858e+02
2.44456911e+02
2.40495896e+02
2.36810652e+02
2.33384868e+02
2.30200099e+02
2.27237375e+02
2.24477373e+02
2.21901672e+02
2.19494100e+02
2.17240371e+02
2.15127705e+02
2.13144632e+02
2.11280851e+02
2.09527107e+02
2.07875075e+02
2.06317255e+02
2.04846870e+02
2.03457788e+02
2.02144440e+02
2.00901756e+02
1.99725108e+02
1.98610260e+02
1.97553320e+02
1.96550711e+02
1.95599130e+02
1.94695524e+02
1.93837064e+02
1.93021125e+02
1.92245265e+02
1.91507208e+02
2.71164226e+02
2.71230078e+02
2.71152091e+02
2.70713435e+02
2.69855454e+02
2.68643181e+02
2.67169796e+02
2.65516946e+02
2.63748344e+02
2.61912431e+02
2.60045956e+02
2.58176806e+02
2.56326064e+02
2.54509497e+02
2.52738604e+02
2.51021508e+02
2.49363746e+02
2.47768864e+02
2.46238871e+02
2.44774575e+02
2.43375855e+02
2.42041885e+02
2.40771301e+02
2.39562353e+02
2.38413009e+02
2.37321053e+02
2.36284149e+02
2.35299900e+02
2.34365890e+02
2.33479718e+02
2.32639023e+02
2.31841499e+02
2.31084915e+02
2.30367116e+02
2.29686039e+02
2.29039707e+02
2.28426236e+02
2.70841832e+02
2.70924221e+02
2.71007336e+02
2.70985935e+02
2.70779783e+02
2.70352835e+02
2.69710982e+02
2.68882879e+02
2.67904956e+02
2.66813569e+02
2.65641652e+02
2.64417564e+02
2.63164950e+02
2.61903038e+02
2.60647115e+02
2.59409049e+02
2.58197827e+02
2.57020080e+02
2.55880526e+02
2.54782357e+02
2.53727550e+02
2.52717126e+02
2.51751360e+02
2.50829954e+02
2.49952171e+02
2.49116953e+02
2.48323005e+02
2.47568868e+02
2.46852979e+02
2.46173708e+02
2.45529399e+02
2.44918394e+02
2.44339054e+02
2.43789773e+02
2.43268993e+02
2.42775206e+02
2.42306963e+02
2.70796240e+02
2.70944417e+02
2.71030600e+02
2.71044960e+02
2.70948753e+02
2.70718316e+02
2.70351787e+02
2.69862606e+02
2.69271651e+02
2.68601800e+02
2.67874881e+02
2.67110235e+02
2.66324207e+02
2.65530155e+02
2.64738689e+02
2.63958022e+02
2.63194341e+02
2.62452172e+02
2.61734707e+02
2.61044074e+02
2.60381570e+02
2.59747841e+02
2.59143032e+02
2.58566906e+02
2.58018939e+02
2.57498397e+02
2.57004395e+02
2.56535946e+02
2.56091997e+02
2.55671457e+02
2.55273224e+02
2.54896197e+02
2.54539293e+02
2.54201453e+02
2.53881655e+02
2.53578911e+02
2.53292274e+02
