-2.2000e+02
-1.0033e+01
-2.9764e+00
-2.1031e+00
-1.4596e+00
-1.1012e+00
-8.7481e-01
-7.1797e-01
-6.0246e-01
-5.1372e-01
-4.9080e-01
-5.3136e-01
-4.7745e-01
-4.2634e-01
-3.8183e-01
-3.4337e-01
-3.1008e-01
-2.8112e-01
-2.5583e-01
-2.3361e-01
-2.1401e-01
-1.9663e-01
-1.8115e-01
-1.6731e-01
-1.5489e-01
-1.4369e-01
-1.3357e-01
-1.2439e-01
-1.1604e-01
-1.0843e-01
-1.0146e-01
-9.5077e-02
-8.9212e-02
-8.3813e-02
-7.8832e-02
-7.4229e-02
-1.2000e+02
0.0000e+00
0.0000e+00
-8.7156e+00
-6.5938e+00
-6.0212e+00
-5.2762e+00
-4.5925e+00
-4.0050e+00
-3.5083e+00
-3.0902e+00
-2.7546e+00
-2.4712e+00
-2.2192e+00
-1.9958e+00
-1.7983e+00
-1.6237e+00
-1.4690e+00
-1.3316e+00
-1.2094e+00
-1.1004e+00
-1.0031e+00
-9.1589e-01
-8.3767e-01
-7.6736e-01
-7.0405e-01
-6.4694e-01
-5.9533e-01
-5.4864e-01
-5.0631e-01
-4.6789e-01
-4.3297e-01
-4.0117e-01
-3.7219e-01
-3.4573e-01
-3.2155e-01
-2.0000e+01
-3.8666e+00
-4.5336e+00
-4.7798e+00
-5.2857e+00
-5.5997e+00
-5.4981e+00
-5.2031e+00
-4.8335e+00
-4.4458e+00
-4.0672e+00
-3.7105e+00
-3.3821e+00
-3.0833e+00
-2.8121e+00
-2.5661e+00
-2.3431e+00
-2.1409e+00
-1.9577e+00
-1.7918e+00
-1.6414e+00
-1.5050e+00
-1.3814e+00
-1.2692e+00
-1.1674e+00
-1.0749e+00
-9.9078e-01
-9.1426e-01
-8.4458e-01
-7.8108e-01
-7.2316e-01
-6.7027e-01
-6.2195e-01
-5.7775e-01
-5.3728e-01
-5.0019e-01
-2.6982e-01
-4.0866e-01
-6.1695e-01
-9.1159e-01
-1.2217e+00
-1.4852e+00
-1.6757e+00
-1.7907e+00
-1.8413e+00
-1.8424e+00
-1.8084e+00
-1.7504e+00
-1.6774e+00
-1.5957e+00
-1.5099e+00
-1.4232e+00
-1.3377e+00
-1.2546e+00
-1.1749e+00
-1.0991e+00
-1.0275e+00
-9.6004e-01
-8.9685e-01
-8.3779e-01
-7.8272e-01
-7.3146e-01
-6.8380e-01
-6.3953e-01
-5.9844e-01
-5.6032e-01
-5.2497e-01
-4.9217e-01
-4.6175e-01
-4.3352e-01
-4.0733e-01
-3.8301e-01
-2.0686e-02
-5.1611e-02
-8.2224e-02
-1.2627e-01
-1.7992e-01
-2.3176e-01
-2.7374e-01
-3.0282e-01
-3.1939e-01
-3.2557e-01
-3.2389e-01
-3.1664e-01
-3.0566e-01
-2.9236e-01
-2.7776e-01
-2.6260e-01
-2.4738e-01
-2.3242e-01
-2.1794e-01
-2.0408e-01
-1.9091e-01
-1.7848e-01
-1.6679e-01
-1.5584e-01
-1.4561e-01
-1.3607e-01
-1.2719e-01
-1.1894e-01
-1.1128e-01
-1.0417e-01
-9.7563e-02
-9.1438e-02
-8.5757e-02
-8.0485e-02
-7.5593e-02
-7.1052e-02
-7.9472e-01
-3.2527e+00
-4.7065e+00
-5.1925e+00
-5.2263e+00
-5.0469e+00
-4.7672e+00
-4.4469e+00
-4.1190e+00
-3.8013e+00
-3.5028e+00
-3.2280e+00
-2.9786e+00
-2.7535e+00
-2.5504e+00
-2.3672e+00
-2.2017e+00
-2.0520e+00
-1.9162e+00
-1.7929e+00
-1.6804e+00
-1.5776e+00
-1.4834e+00
-1.3968e+00
-1.3171e+00
-1.2433e+00
-1.1751e+00
-1.1117e+00
-1.0528e+00
-9.9783e-01
-9.4656e-01
-8.9861e-01
-8.5372e-01
-8.1161e-01
-7.7208e-01
-7.3492e-01
-8.9306e-01
-3.3636e+00
-4.5033e+00
-4.6876e+00
-4.5523e+00
-4.3172e+00
-4.0516e+00
-3.7817e+00
-3.5197e+00
-3.2715e+00
-3.0401e+00
-2.8268e+00
-2.6322e+00
-2.4546e+00
-2.2922e+00
-2.1435e+00
-2.0072e+00
-1.8821e+00
-1.7670e+00
-1.6611e+00
-1.5633e+00
-1.4729e+00
-1.3892e+00
-1.3116e+00
-1.2394e+00
-1.1723e+00
-1.1097e+00
-1.0512e+00
-9.9663e-01
-9.4552e-01
-8.9762e-01
-8.5270e-01
-8.1052e-01
-7.7088e-01
-7.3359e-01
-6.9848e-01
-1.7087e-02
-1.3593e-01
-4.4887e-01
-8.3500e-01
-1.1737e+00
-1.4282e+00
-1.6037e+00
-1.7156e+00
-1.7782e+00
-1.8035e+00
-1.8006e+00
-1.7767e+00
-1.7375e+00
-1.6875e+00
-1.6302e+00
-1.5683e+00
-1.5037e+00
-1.4381e+00
-1.3724e+00
-1.3077e+00
-1.2445e+00
-1.1833e+00
-1.1243e+00
-1.0678e+00
-1.0138e+00
-9.6241e-01
-9.1360e-01
-8.6731e-01
-8.2350e-01
-7.8206e-01
-7.4290e-01
-7.0591e-01
-6.7100e-01
-6.3804e-01
-6.0694e-01
-5.7759e-01
-2.8876e-02
-5.6054e-02
-1.3297e-01
-2.8566e-01
-4.7946e-01
-6.7278e-01
-8.4125e-01
-9.7573e-01
-1.0754e+00
-1.1435e+00
-1.1843e+00
-1.2027e+00
-1.2031e+00
-1.1895e+00
-1.1655e+00
-1.1339e+00
-1.0968e+00
-1.0563e+00
-1.0136e+00
-9.6996e-01
-9.2612e-01
-8.8273e-01
-8.4025e-01
-7.9901e-01
-7.5923e-01
-7.2106e-01
-6.8458e-01
-6.4983e-01
-6.1682e-01
-5.8551e-01
-5.5586e-01
-5.2783e-01
-5.0134e-01
-4.7633e-01
-4.5272e-01
-4.3044e-01
-9.6733e-02
-7.8121e-02
-1.0772e-01
-1.8659e-01
-2.9464e-01
-4.0846e-01
-5.1193e-01
-5.9700e-01
-6.6122e-01
-7.0536e-01
-7.3175e-01
-7.4328e-01
-7.4292e-01
-7.3333e-01
-7.1685e-01
-6.9543e-01
-6.7061e-01
-6.4362e-01
-6.1542e-01
-5.8672e-01
-5.5806e-01
-5.2986e-01
-5.0239e-01
-4.7586e-01
-4.5040e-01
-4.2609e-01
-4.0296e-01
-3.8104e-01
-3.6031e-01
-3.4074e-01
-3.2230e-01
-3.0494e-01
-2.8862e-01
-2.7327e-01
-2.5885e-01
-2.4531e-01
