2.70099800e+02
4.96455747e+01
4.05527328e+01
3.72629215e+01
3.49447431e+01
3.39366033e+01
3.26641439e+01
3.17890950e+01
3.09933118e+01
2.99399848e+01
2.95353713e+01
2.91128273e+01
2.87527801e+01
2.85363536e+01
2.78257125e+01
2.75975989e+01
2.69439113e+01
2.68978025e+01
2.65200615e+01
2.60470085e+01
2.61973187e+01
2.58438654e+01
2.59892874e+01
2.54743864e+01
2.52288123e+01
2.48616705e+01
2.50358257e+01
2.49018579e+01
2.45603909e+01
2.44845435e+01
2.44761938e+01
2.42598217e+01
2.45282598e+01
2.39455268e+01
2.41402837e+01
2.40378591e+01
2.40097364e+01
2.70231514e+02
1.50108889e+02
1.49778691e+02
1.49735237e+02
1.41228891e+02
1.34723120e+02
1.28626058e+02
1.23499603e+02
1.19081074e+02
1.15430939e+02
1.11860199e+02
1.08933776e+02
1.05643404e+02
1.03156774e+02
1.01413336e+02
9.90996787e+01
9.72534566e+01
9.56167621e+01
9.45996159e+01
9.29389958e+01
9.20035603e+01
9.05719415e+01
8.94713494e+01
8.82633467e+01
8.77938292e+01
8.71252418e+01
8.58851385e+01
8.55789922e+01
8.49570549e+01
8.45747530e+01
8.39021799e+01
8.37943106e+01
8.27719915e+01
8.28129290e+01
8.17673562e+01
8.17651754e+01
8.13536224e+01
2.70176050e+02
2.49771235e+02
2.46434939e+02
2.41698401e+02
2.37025889e+02
2.31834824e+02
2.26545532e+02
2.20971474e+02
2.15737823e+02
2.11091713e+02
2.06261215e+02
2.02242634e+02
1.98252587e+02
1.95394719e+02
1.92223989e+02
1.89121874e+02
1.86773178e+02
1.84138163e+02
1.82290134e+02
1.80166210e+02
1.78382296e+02
1.77053166e+02
1.75189987e+02
1.73882792e+02
1.72740072e+02
1.71475705e+02
1.70144774e+02
1.69132119e+02
1.68832671e+02
1.67594825e+02
1.67181339e+02
1.65942996e+02
1.65427568e+02
1.64528776e+02
1.63804263e+02
1.63802868e+02
1.63458399e+02
2.70600994e+02
2.70156337e+02
2.70184904e+02
2.69328337e+02
2.68559429e+02
2.67297836e+02
2.66191316e+02
2.64754857e+02
2.63232023e+02
2.60669246e+02
2.58893193e+02
2.56781720e+02
2.55152276e+02
2.53577476e+02
2.52005715e+02
2.50576285e+02
2.49129308e+02
2.47846153e+02
2.46506848e+02
2.45223243e+02
2.44323003e+02
2.43413841e+02
2.42397211e+02
2.41345883e+02
2.40381934e+02
2.39583152e+02
2.38996049e+02
2.38285786e+02
2.37351619e+02
2.36781147e+02
2.35961490e+02
2.35676549e+02
2.35472737e+02
2.35194550e+02
2.34371554e+02
2.33958211e+02
2.33855757e+02
2.68281972e+02
2.67988687e+02
2.68165273e+02
2.68333853e+02
2.68044035e+02
2.67749758e+02
2.67838643e+02
2.67195321e+02
2.66892775e+02
2.66687494e+02
2.66577594e+02
2.65862577e+02
2.65733546e+02
2.64368861e+02
2.64530033e+02
2.64391398e+02
2.64314491e+02
2.63704642e+02
2.63865452e+02
2.63248056e+02
2.63295245e+02
2.63080612e+02
2.63035201e+02
2.62641211e+02
2.62529783e+02
2.62337214e+02
2.62132186e+02
2.61924753e+02
2.61706804e+02
2.61705745e+02
2.61368299e+02
2.61508347e+02
2.61448591e+02
2.61481876e+02
2.61307108e+02
2.61116715e+02
2.61255431e+02
2.72735915e+02
2.71953830e+02
2.68827032e+02
2.64875687e+02
2.58974227e+02
2.53695152e+02
2.48536425e+02
2.43342884e+02
2.38647113e+02
2.34285639e+02
2.29867407e+02
2.26083508e+02
2.22530610e+02
2.19275600e+02
2.17188916e+02
2.13673801e+02
2.11619033e+02
2.09096566e+02
2.06724255e+02
2.05156979e+02
2.03606867e+02
2.01158078e+02
1.99598258e+02
1.97894142e+02
1.96452636e+02
1.95573114e+02
1.93998867e+02
1.93277895e+02
1.92040046e+02
1.90597182e+02
1.90072107e+02
1.89256004e+02
1.88206950e+02
1.87157616e+02
1.86844286e+02
1.85804492e+02
1.85510987e+02
2.72823061e+02
2.71618569e+02
2.67670235e+02
2.62915689e+02
2.58239756e+02
2.53547847e+02
2.48724886e+02
2.44359183e+02
2.40711077e+02
2.36726210e+02
2.33338652e+02
2.29806778e+02
2.26940801e+02
2.24253600e+02
2.21991335e+02
2.19379170e+02
2.17237570e+02
2.14929348e+02
2.13035625e+02
2.11681670e+02
2.09547913e+02
2.08587937e+02
2.06681981e+02
2.05478782e+02
2.04065720e+02
2.02872269e+02
2.01653309e+02
2.00931131e+02
1.99439711e+02
1.98623771e+02
1.97595921e+02
1.96980137e+02
1.96221978e+02
1.95256123e+02
1.94772236e+02
1.94590721e+02
1.93511801e+02
2.72493455e+02
2.72160424e+02
2.71969240e+02
2.71692517e+02
2.70783110e+02
2.69607595e+02
2.68057122e+02
2.66307437e+02
2.64607922e+02
2.62597056e+02
2.61039937e+02
2.59380475e+02
2.57616550e+02
2.55772982e+02
2.54136241e+02
2.52877802e+02
2.51460857e+02
2.50054428e+02
2.48242350e+02
2.47745066e+02
2.46109044e+02
2.44814424e+02
2.43704862e+02
2.42830523e+02
2.41907108e+02
2.40707467e+02
2.40226761e+02
2.39352131e+02
2.38618840e+02
2.37753572e+02
2.37449200e+02
2.36887966e+02
2.36202513e+02
2.35373087e+02
2.35126058e+02
2.34621986e+02
2.34409111e+02
2.71724238e+02
2.72028177e+02
2.71927324e+02
2.71677773e+02
2.71511493e+02
2.70745424e+02
2.70021353e+02
2.69294527e+02
2.67991182e+02
2.67215329e+02
2.66169595e+02
2.64847843e+02
2.63790790e+02
2.62314046e+02
2.61275648e+02
2.59820415e+02
2.59269411e+02
2.57960930e+02
2.57000179e+02
2.56146746e+02
2.55030095e+02
2.54060035e+02
2.53599372e+02
2.52676466e+02
2.52242948e+02
2.51333340e+02
2.50587935e+02
2.50058118e+02
2.49162956e+02
2.49015803e+02
2.48330818e+02
2.47547536e+02
2.47503507e+02
2.47083684e+02
2.46614936e+02
2.46360900e+02
2.46054391e+02
2.71721835e+02
2.71661773e+02
2.71990725e+02
2.71622576e+02
2.71443704e+02
2.71118897e+02
2.70934218e+02
2.70034563e+02
2.69799104e+02
2.69233370e+02
2.68070417e+02
2.67579523e+02
2.66694860e+02
2.65452940e+02
2.64824893e+02
2.64014197e+02
2.63381379e+02
2.62832977e+02
2.61973689e+02
2.61530206e+02
2.60412026e+02
2.60343516e+02
2.59920001e+02
2.58737651e+02
2.58219016e+02
2.58023576e+02
2.57349312e+02
2.57151596e+02
2.56950636e+02
2.55970695e+02
2.55775050e+02
2.55634005e+02
2.55086628e+02
2.55176760e+02
2.54625179e+02
2.54430620e+02
2.54375028e+02
