-2.2000e+02
-9.9282e+00
-2.9486e+00
-2.1107e+00
-1.4683e+00
-1.1092e+00
-8.8230e-01
-7.2505e-01
-6.0918e-01
-5.2009e-01
-4.7274e-01
-5.3377e-01
-4.8369e-01
-4.3264e-01
-3.8777e-01
-3.4882e-01
-3.1497e-01
-2.8544e-01
-2.5956e-01
-2.3676e-01
-2.1658e-01
-1.9864e-01
-1.8262e-01
-1.6826e-01
-1.5534e-01
-1.4368e-01
-1.3312e-01
-1.2353e-01
-1.1479e-01
-1.0681e-01
-9.9511e-02
-9.2816e-02
-8.6664e-02
-8.1000e-02
-7.5779e-02
-7.0955e-02
-1.2000e+02
0.0000e+00
0.0000e+00
-8.6242e+00
-6.5615e+00
-6.0040e+00
-5.2668e+00
-4.5865e+00
-4.0005e+00
-3.5043e+00
-3.0851e+00
-2.7455e+00
-2.4637e+00
-2.2131e+00
-1.9904e+00
-1.7932e+00
-1.6187e+00
-1.4641e+00
-1.3267e+00
-1.2044e+00
-1.0954e+00
-9.9785e-01
-9.1048e-01
-8.3206e-01
-7.6151e-01
-6.9794e-01
-6.4055e-01
-5.8865e-01
-5.4164e-01
-4.9899e-01
-4.6023e-01
-4.2495e-01
-3.9281e-01
-3.6347e-01
-3.3667e-01
-3.1214e-01
-2.0000e+01
-3.8286e+00
-4.4926e+00
-4.7409e+00
-5.2448e+00
-5.5632e+00
-5.4678e+00
-5.1771e+00
-4.8102e+00
-4.4241e+00
-4.0465e+00
-3.6902e+00
-3.3618e+00
-3.0630e+00
-2.7921e+00
-2.5465e+00
-2.3239e+00
-2.1223e+00
-1.9396e+00
-1.7741e+00
-1.6241e+00
-1.4881e+00
-1.3648e+00
-1.2528e+00
-1.1511e+00
-1.0586e+00
-9.7447e-01
-8.9785e-01
-8.2802e-01
-7.6430e-01
-7.0612e-01
-6.5293e-01
-6.0427e-01
-5.5971e-01
-5.1887e-01
-4.8139e-01
-1.3277e-01
-3.1283e-01
-5.4847e-01
-8.6309e-01
-1.1874e+00
-1.4601e+00
-1.6560e+00
-1.7739e+00
-1.8258e+00
-1.8273e+00
-1.7931e+00
-1.7347e+00
-1.6612e+00
-1.5790e+00
-1.4927e+00
-1.4056e+00
-1.3197e+00
-1.2363e+00
-1.1563e+00
-1.0801e+00
-1.0081e+00
-9.4023e-01
-8.7658e-01
-8.1702e-01
-7.6140e-01
-7.0955e-01
-6.6128e-01
-6.1638e-01
-5.7465e-01
-5.3588e-01
-4.9988e-01
-4.6646e-01
-4.3543e-01
-4.0663e-01
-3.7990e-01
-3.5507e-01
-7.7650e-03
-3.0143e-02
-6.1891e-02
-1.0633e-01
-1.5886e-01
-2.0888e-01
-2.4905e-01
-2.7674e-01
-2.9248e-01
-2.9838e-01
-2.9687e-01
-2.9013e-01
-2.7992e-01
-2.6754e-01
-2.5396e-01
-2.3988e-01
-2.2574e-01
-2.1185e-01
-1.9841e-01
-1.8554e-01
-1.7331e-01
-1.6175e-01
-1.5087e-01
-1.4067e-01
-1.3112e-01
-1.2222e-01
-1.1391e-01
-1.0618e-01
-9.8989e-02
-9.2305e-02
-8.6096e-02
-8.0329e-02
-7.4974e-02
-7.0004e-02
-6.5388e-02
-6.1102e-02
-7.5357e-01
-3.1072e+00
-4.6648e+00
-5.2588e+00
-5.3606e+00
-5.2198e+00
-4.9601e+00
-4.6482e+00
-4.3211e+00
-3.9988e+00
-3.6919e+00
-3.4059e+00
-3.1434e+00
-2.9041e+00
-2.6865e+00
-2.4886e+00
-2.3086e+00
-2.1448e+00
-1.9955e+00
-1.8592e+00
-1.7345e+00
-1.6203e+00
-1.5155e+00
-1.4191e+00
-1.3302e+00
-1.2482e+00
-1.1723e+00
-1.1019e+00
-1.0366e+00
-9.7596e-01
-9.1947e-01
-8.6681e-01
-8.1767e-01
-7.7175e-01
-7.2881e-01
-6.8861e-01
-1.0013e+00
-3.5187e+00
-4.6867e+00
-4.8800e+00
-4.7416e+00
-4.4981e+00
-4.2219e+00
-3.9405e+00
-3.6662e+00
-3.4053e+00
-3.1606e+00
-2.9338e+00
-2.7256e+00
-2.5349e+00
-2.3598e+00
-2.1990e+00
-2.0511e+00
-1.9150e+00
-1.7896e+00
-1.6740e+00
-1.5673e+00
-1.4687e+00
-1.3773e+00
-1.2927e+00
-1.2141e+00
-1.1411e+00
-1.0732e+00
-1.0100e+00
-9.5102e-01
-8.9601e-01
-8.4463e-01
-7.9660e-01
-7.5168e-01
-7.0961e-01
-6.7020e-01
-6.3326e-01
-1.3871e-02
-1.4320e-01
-4.6712e-01
-8.5704e-01
-1.1911e+00
-1.4351e+00
-1.5969e+00
-1.6941e+00
-1.7428e+00
-1.7555e+00
-1.7417e+00
-1.7086e+00
-1.6618e+00
-1.6055e+00
-1.5431e+00
-1.4769e+00
-1.4088e+00
-1.3402e+00
-1.2720e+00
-1.2052e+00
-1.1402e+00
-1.0774e+00
-1.0171e+00
-9.5950e-01
-9.0461e-01
-8.5249e-01
-8.0312e-01
-7.5645e-01
-7.1240e-01
-6.7088e-01
-6.3179e-01
-5.9502e-01
-5.6046e-01
-5.2799e-01
-4.9749e-01
-4.6885e-01
-2.1710e-03
-2.3245e-02
-1.0748e-01
-2.6535e-01
-4.5951e-01
-6.4941e-01
-8.1245e-01
-9.4097e-01
-1.0351e+00
-1.0985e+00
-1.1357e+00
-1.1513e+00
-1.1497e+00
-1.1347e+00
-1.1096e+00
-1.0771e+00
-1.0393e+00
-9.9799e-01
-9.5457e-01
-9.1011e-01
-8.6544e-01
-8.2116e-01
-7.7778e-01
-7.3561e-01
-6.9492e-01
-6.5585e-01
-6.1852e-01
-5.8297e-01
-5.4923e-01
-5.1727e-01
-4.8707e-01
-4.5856e-01
-4.3171e-01
-4.0644e-01
-3.8266e-01
-3.6033e-01
6.6930e-03
-1.3968e-02
-6.4111e-02
-1.5657e-01
-2.7625e-01
-4.0147e-01
-5.1619e-01
-6.1192e-01
-6.8585e-01
-7.3848e-01
-7.7205e-01
-7.8940e-01
-7.9351e-01
-7.8714e-01
-7.7271e-01
-7.5228e-01
-7.2753e-01
-6.9983e-01
-6.7024e-01
-6.3962e-01
-6.0860e-01
-5.7770e-01
-5.4729e-01
-5.1764e-01
-4.8896e-01
-4.6138e-01
-4.3498e-01
-4.0983e-01
-3.8592e-01
-3.6328e-01
-3.4187e-01
-3.2167e-01
-3.0264e-01
-2.8473e-01
-2.6789e-01
-2.5208e-01
