2.69926910e+02
4.99070849e+01
4.06735820e+01
3.80201616e+01
3.51636563e+01
3.40949800e+01
3.29561292e+01
3.17319432e+01
3.12054300e+01
3.04681377e+01
3.02063130e+01
2.97195800e+01
2.90284235e+01
2.86173128e+01
2.80870943e+01
2.78564687e+01
2.73971256e+01
2.70904183e+01
2.69909314e+01
2.68098507e+01
2.61367543e+01
2.61015738e+01
2.57766074e+01
2.60359545e+01
2.54754025e+01
2.51077452e+01
2.53499840e+01
2.50111496e+01
2.47652246e+01
2.46684621e+01
2.46055588e+01
2.44887045e+01
2.43415065e+01
2.42104558e+01
2.39165389e+01
2.44022452e+01
2.42690606e+01
2.70028300e+02
1.49651923e+02
1.50127264e+02
1.50047912e+02
1.41665099e+02
1.35205472e+02
1.28969133e+02
1.23312883e+02
1.19350400e+02
1.15280338e+02
1.11608463e+02
1.08714148e+02
1.05839588e+02
1.03134955e+02
1.01237770e+02
9.89960046e+01
9.75156472e+01
9.59154873e+01
9.40793758e+01
9.28335953e+01
9.15801175e+01
9.04988832e+01
8.92221456e+01
8.86058799e+01
8.77266958e+01
8.66467366e+01
8.58682285e+01
8.58375753e+01
8.52596336e+01
8.42842111e+01
8.38968108e+01
8.33263907e+01
8.32910199e+01
8.29215539e+01
8.24799158e+01
8.20953856e+01
8.15067572e+01
2.69874786e+02
2.50059973e+02
2.46452810e+02
2.42084733e+02
2.37018419e+02
2.31887573e+02
2.26468247e+02
2.20741266e+02
2.15474045e+02
2.10980929e+02
2.06632728e+02
2.02125733e+02
1.98461665e+02
1.95129072e+02
1.92376035e+02
1.89319296e+02
1.86665117e+02
1.84623166e+02
1.82448115e+02
1.80165155e+02
1.78429015e+02
1.76701927e+02
1.75074443e+02
1.74227158e+02
1.72492539e+02
1.71576312e+02
1.70617309e+02
1.69630928e+02
1.68804694e+02
1.67667072e+02
1.66746433e+02
1.66233629e+02
1.65392182e+02
1.64927404e+02
1.64901683e+02
1.63778205e+02
1.63188967e+02
2.70883541e+02
2.70909079e+02
2.70378228e+02
2.69754845e+02
2.69209620e+02
2.67743711e+02
2.65857568e+02
2.64362425e+02
2.62697752e+02
2.60422849e+02
2.59003672e+02
2.56417730e+02
2.55021694e+02
2.53393742e+02
2.51523535e+02
2.50002582e+02
2.48733297e+02
2.47065088e+02
2.46129775e+02
2.44858114e+02
2.43635438e+02
2.43112055e+02
2.41808405e+02
2.40629860e+02
2.40002546e+02
2.39257875e+02
2.38724354e+02
2.37718753e+02
2.37403361e+02
2.36765662e+02
2.35901453e+02
2.35472278e+02
2.35377148e+02
2.34708827e+02
2.34542484e+02
2.33834829e+02
2.33724028e+02
2.68093317e+02
2.68224743e+02
2.67863291e+02
2.68408775e+02
2.68243779e+02
2.67815928e+02
2.67481734e+02
2.67123556e+02
2.67028196e+02
2.66543688e+02
2.66086843e+02
2.66148300e+02
2.65801239e+02
2.64933760e+02
2.65002705e+02
2.64510871e+02
2.64587160e+02
2.64236180e+02
2.64047457e+02
2.63852298e+02
2.63606239e+02
2.63658414e+02
2.63156047e+02
2.62746712e+02
2.62743779e+02
2.62720713e+02
2.62670077e+02
2.62487191e+02
2.62205289e+02
2.62028744e+02
2.62378098e+02
2.61897600e+02
2.62018212e+02
2.61924508e+02
2.61773493e+02
2.61518097e+02
2.61614736e+02
2.72276415e+02
2.71512553e+02
2.68004899e+02
2.63336319e+02
2.57739258e+02
2.52292046e+02
2.46928584e+02
2.42042188e+02
2.37308849e+02
2.32802937e+02
2.28663297e+02
2.24903566e+02
2.21598032e+02
2.18573107e+02
2.15339516e+02
2.12908279e+02
2.09977886e+02
2.07657388e+02
2.05531050e+02
2.03626834e+02
2.01986953e+02
1.99883967e+02
1.98644026e+02
1.96680506e+02
1.95476635e+02
1.94070086e+02
1.92859289e+02
1.91822904e+02
1.90919344e+02
1.89359905e+02
1.88686582e+02
1.87791233e+02
1.86498597e+02
1.85758150e+02
1.85201800e+02
1.84406905e+02
1.83736937e+02
2.72744063e+02
2.71333646e+02
2.67881581e+02
2.63004701e+02
2.57729727e+02
2.53196422e+02
2.48297780e+02
2.44044169e+02
2.39947665e+02
2.35840545e+02
2.32816958e+02
2.29723876e+02
2.26195382e+02
2.23696567e+02
2.20932763e+02
2.18799971e+02
2.16669602e+02
2.14610722e+02
2.12895212e+02
2.10513522e+02
2.09300827e+02
2.07766297e+02
2.05747467e+02
2.04582024e+02
2.03174822e+02
2.02054567e+02
2.00783828e+02
1.99659740e+02
1.99202579e+02
1.98129901e+02
1.96766921e+02
1.96025749e+02
1.95348932e+02
1.94627098e+02
1.93303231e+02
1.93131556e+02
1.92190373e+02
2.72725576e+02
2.72246671e+02
2.71962851e+02
2.71866252e+02
2.70891316e+02
2.69592643e+02
2.68001304e+02
2.65888573e+02
2.64270724e+02
2.62684411e+02
2.61239290e+02
2.59042594e+02
2.56906958e+02
2.55595421e+02
2.53624674e+02
2.52583686e+02
2.50655101e+02
2.49243223e+02
2.47766512e+02
2.46843097e+02
2.45661792e+02
2.44199711e+02
2.42966318e+02
2.42147821e+02
2.41613642e+02
2.40488305e+02
2.39509087e+02
2.38813642e+02
2.37828909e+02
2.37141064e+02
2.36657736e+02
2.35979235e+02
2.35155411e+02
2.34590981e+02
2.33877231e+02
2.33616769e+02
2.33152322e+02
2.72469950e+02
2.72030970e+02
2.72003542e+02
2.71615473e+02
2.71689136e+02
2.70671066e+02
2.70274702e+02
2.69475334e+02
2.68145595e+02
2.67183513e+02
2.65896101e+02
2.64656634e+02
2.63729281e+02
2.62391155e+02
2.61647764e+02
2.59903120e+02
2.58851958e+02
2.57628088e+02
2.57046469e+02
2.55756958e+02
2.54929404e+02
2.54023284e+02
2.52977035e+02
2.52904850e+02
2.51680955e+02
2.50677969e+02
2.49968062e+02
2.49874955e+02
2.48986542e+02
2.48260756e+02
2.47926238e+02
2.47383092e+02
2.46880466e+02
2.46501847e+02
2.46272895e+02
2.45613065e+02
2.45267892e+02
2.72238087e+02
2.71787318e+02
2.71606482e+02
2.71645291e+02
2.71419325e+02
2.71097275e+02
2.71295144e+02
2.70527939e+02
2.69656416e+02
2.68727059e+02
2.67935507e+02
2.67292577e+02
2.66720315e+02
2.65541531e+02
2.65123776e+02
2.64284399e+02
2.63630849e+02
2.62504535e+02
2.62042869e+02
2.61714986e+02
2.61078012e+02
2.60517855e+02
2.59841734e+02
2.59228076e+02
2.58790014e+02
2.58366738e+02
2.57567006e+02
2.56862831e+02
2.57357725e+02
2.56877091e+02
2.56307408e+02
2.55981375e+02
2.55479050e+02
2.55718162e+02
2.55230773e+02
2.54675438e+02
2.54875451e+02
