2.69772250e+02
4.99546533e+01
4.01316310e+01
3.76006411e+01
3.57017334e+01
3.34495036e+01
3.23421437e+01
3.17783854e+01
3.08513549e+01
3.02444456e+01
2.97155381e+01
2.92983103e+01
2.84827164e+01
2.81502334e+01
2.78957141e+01
2.73010933e+01
2.69589396e+01
2.67476714e+01
2.68545634e+01
2.62627342e+01
2.61650743e+01
2.61101846e+01
2.56352972e+01
2.53053746e+01
2.52128899e+01
2.52043234e+01
2.53187425e+01
2.51177238e+01
2.46718759e+01
2.44789665e+01
2.49074303e+01
2.41980843e+01
2.44278048e+01
2.42812659e+01
2.41469669e+01
2.43508892e+01
2.38150308e+01
2.70302725e+02
1.49658800e+02
1.50385690e+02
1.49968827e+02
1.41446503e+02
1.34742011e+02
1.28858365e+02
1.22983005e+02
1.18791201e+02
1.14747927e+02
1.11570968e+02
1.08091721e+02
1.05797439e+02
1.02778890e+02
1.00512217e+02
9.84924109e+01
9.73520581e+01
9.57088851e+01
9.37921894e+01
9.27475765e+01
9.13363231e+01
9.04424740e+01
8.92678473e+01
8.84521379e+01
8.75053483e+01
8.67431223e+01
8.61984593e+01
8.52525624e+01
8.49188975e+01
8.43946319e+01
8.38353621e+01
8.32731432e+01
8.29642458e+01
8.26697202e+01
8.23792432e+01
8.20218335e+01
8.12609414e+01
2.70189370e+02
2.49967690e+02
2.46073318e+02
2.41694969e+02
2.36580794e+02
2.31423984e+02
2.25970244e+02
2.20553144e+02
2.15233876e+02
2.10199389e+02
2.05859277e+02
2.02023385e+02
1.98108717e+02
1.94999831e+02
1.91885084e+02
1.89095654e+02
1.86857851e+02
1.84148856e+02
1.82304830e+02
1.79994693e+02
1.78335635e+02
1.76856101e+02
1.75132947e+02
1.73940408e+02
1.72717335e+02
1.71554234e+02
1.70515780e+02
1.69849037e+02
1.68538002e+02
1.67928372e+02
1.66630179e+02
1.66464479e+02
1.65661459e+02
1.65190831e+02
1.64828022e+02
1.64107592e+02
1.63541063e+02
2.70052929e+02
2.69674624e+02
2.69698222e+02
2.69178148e+02
2.67933334e+02
2.66703824e+02
2.65444566e+02
2.63772622e+02
2.62191871e+02
2.60311777e+02
2.58143842e+02
2.56342213e+02
2.54846094e+02
2.53267980e+02
2.51515053e+02
2.49578330e+02
2.48840196e+02
2.47363835e+02
2.46051035e+02
2.45174478e+02
2.44220045e+02
2.42857720e+02
2.42067614e+02
2.40991297e+02
2.40446462e+02
2.39562625e+02
2.38942284e+02
2.38415847e+02
2.37785805e+02
2.37138416e+02
2.36709541e+02
2.36716814e+02
2.35552885e+02
2.35498716e+02
2.34813268e+02
2.34699909e+02
2.34614903e+02
2.67887565e+02
2.67658589e+02
2.67954040e+02
2.67845784e+02
2.68019957e+02
2.67668776e+02
2.67284163e+02
2.67618907e+02
2.66778671e+02
2.66535469e+02
2.66240471e+02
2.65775742e+02
2.65407839e+02
2.65238227e+02
2.65147125e+02
2.64643138e+02
2.63735562e+02
2.64216473e+02
2.63997865e+02
2.63884531e+02
2.63125676e+02
2.63648484e+02
2.63533132e+02
2.62780161e+02
2.62496216e+02
2.62512911e+02
2.62580223e+02
2.62271100e+02
2.62576440e+02
2.62217660e+02
2.62280444e+02
2.62284541e+02
2.62032320e+02
2.62108761e+02
2.61794638e+02
2.61662785e+02
2.61519132e+02
2.68950844e+02
2.68288016e+02
2.65180480e+02
2.61203308e+02
2.55881853e+02
2.50923256e+02
2.46000411e+02
2.41258719e+02
2.36642600e+02
2.32248240e+02
2.28663762e+02
2.24959009e+02
2.21684299e+02
2.18691532e+02
2.15753435e+02
2.13179783e+02
2.11403622e+02
2.08458992e+02
2.06257245e+02
2.04298138e+02
2.02796432e+02
2.01244478e+02
1.99280613e+02
1.97914035e+02
1.96753740e+02
1.95547104e+02
1.94279645e+02
1.92929758e+02
1.92183913e+02
1.91035430e+02
1.89904870e+02
1.89144395e+02
1.88305867e+02
1.87339465e+02
1.86988846e+02
1.86102832e+02
1.85530625e+02
2.69302346e+02
2.68119827e+02
2.64583433e+02
2.60243278e+02
2.55249903e+02
2.51240340e+02
2.46409390e+02
2.41912035e+02
2.38661800e+02
2.35252984e+02
2.31771389e+02
2.28666123e+02
2.25688009e+02
2.23239792e+02
2.20841043e+02
2.19047330e+02
2.16445435e+02
2.14738920e+02
2.12512600e+02
2.10740330e+02
2.09285010e+02
2.08008837e+02
2.06399033e+02
2.04971487e+02
2.04179174e+02
2.02632290e+02
2.01625403e+02
2.00566687e+02
1.99375571e+02
1.98777163e+02
1.97697369e+02
1.97156085e+02
1.95970814e+02
1.95403436e+02
1.94930911e+02
1.94232054e+02
1.93807627e+02
2.70552959e+02
2.70598432e+02
2.70189171e+02
2.69934396e+02
2.69267460e+02
2.67923241e+02
2.66262015e+02
2.64903119e+02
2.63112247e+02
2.61419867e+02
2.59754966e+02
2.57774926e+02
2.56277813e+02
2.54531079e+02
2.52697403e+02
2.51637799e+02
2.50337333e+02
2.48902102e+02
2.47415033e+02
2.46297975e+02
2.44956631e+02
2.43797625e+02
2.42904962e+02
2.41889262e+02
2.40797824e+02
2.40028831e+02
2.39408874e+02
2.38347642e+02
2.37707170e+02
2.36703320e+02
2.36301914e+02
2.35759044e+02
2.34994141e+02
2.34297087e+02
2.34265184e+02
2.34130118e+02
2.33278862e+02
2.71104086e+02
2.70720720e+02
2.71410837e+02
2.70819211e+02
2.70495753e+02
2.69622561e+02
2.69147100e+02
2.68648448e+02
2.67484073e+02
2.66321190e+02
2.65228216e+02
2.64240870e+02
2.63217883e+02
2.61680782e+02
2.60557680e+02
2.59778512e+02
2.58797442e+02
2.57588141e+02
2.56893775e+02
2.55818282e+02
2.55041746e+02
2.54118058e+02
2.53584260e+02
2.52504184e+02
2.51860267e+02
2.50828111e+02
2.50218702e+02
2.49678860e+02
2.49408441e+02
2.48713016e+02
2.48417918e+02
2.47855617e+02
2.47456690e+02
2.46721174e+02
2.46624102e+02
2.46206515e+02
2.46023983e+02
2.71005138e+02
2.71055762e+02
2.71013860e+02
2.70653964e+02
2.70898535e+02
2.70604234e+02
2.70035147e+02
2.69670417e+02
2.68763640e+02
2.68144855e+02
2.67445187e+02
2.66960784e+02
2.65908388e+02
2.65254501e+02
2.64358165e+02
2.63399315e+02
2.63206565e+02
2.61919766e+02
2.61766951e+02
2.60495599e+02
2.60312084e+02
2.59598104e+02
2.58925851e+02
2.58191849e+02
2.57982076e+02
2.57564445e+02
2.57187065e+02
2.56835673e+02
2.56236441e+02
2.55806356e+02
2.55624412e+02
2.55652920e+02
2.54788331e+02
2.54807601e+02
2.54697711e+02
2.54153130e+02
2.54125950e+02
