-2.2000e+02
-9.8545e+00
-2.9157e+00
-2.1051e+00
-1.4658e+00
-1.1079e+00
-8.8186e-01
-7.2531e-01
-6.0998e-01
-5.2133e-01
-4.5109e-01
-5.1632e-01
-4.8459e-01
-4.3503e-01
-3.9083e-01
-3.5232e-01
-3.1884e-01
-2.8962e-01
-2.6401e-01
-2.4145e-01
-2.2149e-01
-2.0374e-01
-1.8789e-01
-1.7367e-01
-1.6087e-01
-1.4930e-01
-1.3882e-01
-1.2928e-01
-1.2058e-01
-1.1263e-01
-1.0534e-01
-9.8638e-02
-9.2468e-02
-8.6775e-02
-8.1515e-02
-7.6644e-02
-1.2000e+02
0.0000e+00
0.0000e+00
-8.5256e+00
-6.5063e+00
-5.9655e+00
-5.2402e+00
-4.5674e+00
-3.9871e+00
-3.4957e+00
-3.0802e+00
-2.7377e+00
-2.4604e+00
-2.2154e+00
-1.9970e+00
-1.8032e+00
-1.6314e+00
-1.4790e+00
-1.3436e+00
-1.2228e+00
-1.1150e+00
-1.0185e+00
-9.3190e-01
-8.5404e-01
-7.8391e-01
-7.2060e-01
-6.6335e-01
-6.1150e-01
-5.6444e-01
-5.2168e-01
-4.8274e-01
-4.4726e-01
-4.1486e-01
-3.8524e-01
-3.5812e-01
-3.3327e-01
-2.0000e+01
-3.7128e+00
-4.4161e+00
-4.6844e+00
-5.1899e+00
-5.5170e+00
-5.4332e+00
-5.1532e+00
-4.7961e+00
-4.4193e+00
-4.0501e+00
-3.7013e+00
-3.3792e+00
-3.0858e+00
-2.8197e+00
-2.5784e+00
-2.3594e+00
-2.1606e+00
-1.9802e+00
-1.8164e+00
-1.6677e+00
-1.5325e+00
-1.4097e+00
-1.2979e+00
-1.1962e+00
-1.1035e+00
-1.0191e+00
-9.4198e-01
-8.7159e-01
-8.0725e-01
-7.4839e-01
-6.9449e-01
-6.4510e-01
-5.9978e-01
-5.5818e-01
-5.1994e-01
-8.6471e-02
-2.8982e-01
-5.3875e-01
-8.6193e-01
-1.1957e+00
-1.4795e+00
-1.6872e+00
-1.8163e+00
-1.8778e+00
-1.8872e+00
-1.8590e+00
-1.8052e+00
-1.7346e+00
-1.6541e+00
-1.5686e+00
-1.4814e+00
-1.3949e+00
-1.3104e+00
-1.2290e+00
-1.1513e+00
-1.0775e+00
-1.0079e+00
-9.4251e-01
-8.8118e-01
-8.2382e-01
-7.7028e-01
-7.2038e-01
-6.7390e-01
-6.3067e-01
-5.9045e-01
-5.5306e-01
-5.1831e-01
-4.8600e-01
-4.5597e-01
-4.2804e-01
-4.0207e-01
-4.5100e-03
-2.7914e-02
-6.5361e-02
-1.1618e-01
-1.7547e-01
-2.3206e-01
-2.7797e-01
-3.1019e-01
-3.2917e-01
-3.3711e-01
-3.3665e-01
-3.3017e-01
-3.1963e-01
-3.0648e-01
-2.9183e-01
-2.7645e-01
-2.6090e-01
-2.4554e-01
-2.3060e-01
-2.1624e-01
-2.0254e-01
-1.8957e-01
-1.7733e-01
-1.6584e-01
-1.5507e-01
-1.4500e-01
-1.3561e-01
-1.2685e-01
-1.1870e-01
-1.1111e-01
-1.0405e-01
-9.7492e-02
-9.1391e-02
-8.5720e-02
-8.0447e-02
-7.5542e-02
-1.0323e+00
-3.6263e+00
-5.1348e+00
-5.6135e+00
-5.6102e+00
-5.3868e+00
-5.0655e+00
-4.7093e+00
-4.3513e+00
-4.0085e+00
-3.6889e+00
-3.3957e+00
-3.1304e+00
-2.8915e+00
-2.6765e+00
-2.4826e+00
-2.3075e+00
-2.1490e+00
-2.0051e+00
-1.8741e+00
-1.7545e+00
-1.6450e+00
-1.5445e+00
-1.4520e+00
-1.3666e+00
-1.2876e+00
-1.2144e+00
-1.1463e+00
-1.0830e+00
-1.0239e+00
-9.6869e-01
-9.1709e-01
-8.6876e-01
-8.2345e-01
-7.8092e-01
-7.4097e-01
-1.1448e+00
-3.7062e+00
-4.8791e+00
-5.0555e+00
-4.8919e+00
-4.6234e+00
-4.3259e+00
-4.0276e+00
-3.7409e+00
-3.4714e+00
-3.2215e+00
-2.9915e+00
-2.7820e+00
-2.5914e+00
-2.4176e+00
-2.2586e+00
-2.1128e+00
-1.9790e+00
-1.8558e+00
-1.7423e+00
-1.6375e+00
-1.5404e+00
-1.4505e+00
-1.3669e+00
-1.2892e+00
-1.2169e+00
-1.1494e+00
-1.0863e+00
-1.0273e+00
-9.7215e-01
-9.2044e-01
-8.7193e-01
-8.2640e-01
-7.8362e-01
-7.4341e-01
-7.0558e-01
-7.7891e-02
-2.1749e-01
-5.5807e-01
-9.6995e-01
-1.3261e+00
-1.5894e+00
-1.7673e+00
-1.8770e+00
-1.9348e+00
-1.9537e+00
-1.9436e+00
-1.9120e+00
-1.8650e+00
-1.8073e+00
-1.7424e+00
-1.6732e+00
-1.6016e+00
-1.5291e+00
-1.4570e+00
-1.3862e+00
-1.3171e+00
-1.2503e+00
-1.1860e+00
-1.1244e+00
-1.0656e+00
-1.0096e+00
-9.5652e-01
-9.0617e-01
-8.5850e-01
-8.1342e-01
-7.7084e-01
-7.3063e-01
-6.9269e-01
-6.5689e-01
-6.2312e-01
-5.9127e-01
-4.6936e-02
-7.9685e-02
-1.6681e-01
-3.3598e-01
-5.4628e-01
-7.5287e-01
-9.3058e-01
-1.0706e+00
-1.1730e+00
-1.2415e+00
-1.2812e+00
-1.2973e+00
-1.2947e+00
-1.2775e+00
-1.2495e+00
-1.2136e+00
-1.1722e+00
-1.1273e+00
-1.0803e+00
-1.0324e+00
-9.8445e-01
-9.3705e-01
-8.9069e-01
-8.4572e-01
-8.0237e-01
-7.6079e-01
-7.2105e-01
-6.8320e-01
-6.4724e-01
-6.1313e-01
-5.8085e-01
-5.5031e-01
-5.2146e-01
-4.9423e-01
-4.6853e-01
-4.4429e-01
-2.8274e-02
-3.6692e-02
-8.6887e-02
-1.8207e-01
-3.0381e-01
-4.2906e-01
-5.4176e-01
-6.3397e-01
-7.0345e-01
-7.5124e-01
-7.7994e-01
-7.9270e-01
-7.9267e-01
-7.8273e-01
-7.6536e-01
-7.4264e-01
-7.1624e-01
-6.8746e-01
-6.5733e-01
-6.2662e-01
-5.9592e-01
-5.6565e-01
-5.3614e-01
-5.0758e-01
-4.8014e-01
-4.5391e-01
-4.2892e-01
-4.0520e-01
-3.8274e-01
-3.6151e-01
-3.4149e-01
-3.2262e-01
-3.0486e-01
-2.8814e-01
-2.7242e-01
-2.5765e-01
