2.70000000e+02
5.00000000e+01
4.02369610e+01
3.73149290e+01
3.51875740e+01
3.37056480e+01
3.25864220e+01
3.16968500e+01
3.09665650e+01
3.03536770e+01
2.98309770e+01
2.93796300e+01
2.88785910e+01
2.83964240e+01
2.79636490e+01
2.75751780e+01
2.72252640e+01
2.69088220e+01
2.66215260e+01
2.63597220e+01
2.61203240e+01
2.59007180e+01
2.56986770e+01
2.55122990e+01
2.53399460e+01
2.51802020e+01
2.50318370e+01
2.48937790e+01
2.47650860e+01
2.46449270e+01
2.45325700e+01
2.44273610e+01
2.43287200e+01
2.42361240e+01
2.41491070e+01
2.40672450e+01
2.39901590e+01
2.70000000e+02
1.50000000e+02
1.50000000e+02
1.50000000e+02
1.41434058e+02
1.34867127e+02
1.28852030e+02
1.23574988e+02
1.18980243e+02
1.14973545e+02
1.11464762e+02
1.08377111e+02
1.05638952e+02
1.03182477e+02
1.00973670e+02
9.89856170e+01
9.71933200e+01
9.55743430e+01
9.41089300e+01
9.27798010e+01
9.15718650e+01
9.04719390e+01
8.94684810e+01
8.85513690e+01
8.77117040e+01
8.69416430e+01
8.62342620e+01
8.55834310e+01
8.49837120e+01
8.44302750e+01
8.39188150e+01
8.34454940e+01
8.30068800e+01
8.25998990e+01
8.22217930e+01
8.18700860e+01
8.15425480e+01
2.70000000e+02
2.50000000e+02
2.46084482e+02
2.41569041e+02
2.36834481e+02
2.31605952e+02
2.26062001e+02
2.20612477e+02
2.15451055e+02
2.10653760e+02
2.06239717e+02
2.02200646e+02
1.98515474e+02
1.95156973e+02
1.92095575e+02
1.89303106e+02
1.86754011e+02
1.84425223e+02
1.82295880e+02
1.80347113e+02
1.78561868e+02
1.76924747e+02
1.75421863e+02
1.74040700e+02
1.72769983e+02
1.71599562e+02
1.70520292e+02
1.69523938e+02
1.68603081e+02
1.67751033e+02
1.66961763e+02
1.66229827e+02
1.65550310e+02
1.64918769e+02
1.64331186e+02
1.63783921e+02
1.63273680e+02
2.69901168e+02
2.69892875e+02
2.69665606e+02
2.69182835e+02
2.68373801e+02
2.67231207e+02
2.65807079e+02
2.64178273e+02
2.62423059e+02
2.60607944e+02
2.58783857e+02
2.56987292e+02
2.55243059e+02
2.53567123e+02
2.51968905e+02
2.50453137e+02
2.49021285e+02
2.47672629e+02
2.46405030e+02
2.45215451e+02
2.44100313e+02
2.43055739e+02
2.42077727e+02
2.41162264e+02
2.40305410e+02
2.39503352e+02
2.38752438e+02
2.38049199e+02
2.37390359e+02
2.36772844e+02
2.36193776e+02
2.35650469e+02
2.35140423e+02
2.34661319e+02
2.34211001e+02
2.33787473e+02
2.33388889e+02
2.68000927e+02
2.68003541e+02
2.67987678e+02
2.67934183e+02
2.67829743e+02
2.67666438e+02
2.67447302e+02
2.67183065e+02
2.66887280e+02
2.66572937e+02
2.66250790e+02
2.65928984e+02
2.65613314e+02
2.65307692e+02
2.65014598e+02
2.64735460e+02
2.64470954e+02
2.64221235e+02
2.63986111e+02
2.63765166e+02
2.63557839e+02
2.63363488e+02
2.63181424e+02
2.63010940e+02
2.62851334e+02
2.62701915e+02
2.62562020e+02
2.62431013e+02
2.62308290e+02
2.62193283e+02
2.62085458e+02
2.61984316e+02
2.61889390e+02
2.61800249e+02
2.61716489e+02
2.61637738e+02
2.61563649e+02
2.71897206e+02
2.71014461e+02
2.67545547e+02
2.62557764e+02
2.57070223e+02
2.51559074e+02
2.46246820e+02
2.41236631e+02
2.36568676e+02
2.32248873e+02
2.28264944e+02
2.24595611e+02
2.21215733e+02
2.18098521e+02
2.15217891e+02
2.12550280e+02
2.10074693e+02
2.07772483e+02
2.05627145e+02
2.03624095e+02
2.01750464e+02
1.99994884e+02
1.98347304e+02
1.96798818e+02
1.95341509e+02
1.93968323e+02
1.92672946e+02
1.91449711e+02
1.90293512e+02
1.89199730e+02
1.88164172e+02
1.87183019e+02
1.86252782e+02
1.85370262e+02
1.84532516e+02
1.83736834e+02
1.82980711e+02
2.71895503e+02
2.70891523e+02
2.67282957e+02
2.62494135e+02
2.57529824e+02
2.52722739e+02
2.48173973e+02
2.43912219e+02
2.39939157e+02
2.36244481e+02
2.32812233e+02
2.29624044e+02
2.26660809e+02
2.23902935e+02
2.21331856e+02
2.18931234e+02
2.16686567e+02
2.14584848e+02
2.12614381e+02
2.10764650e+02
2.09026197e+02
2.07390504e+02
2.05849893e+02
2.04397424e+02
2.03026814e+02
2.01732356e+02
2.00508857e+02
1.99351579e+02
1.98256182e+02
1.97218691e+02
1.96235447e+02
1.95303080e+02
1.94418477e+02
1.93578758e+02
1.92781254e+02
1.92023485e+02
1.91303147e+02
2.71782714e+02
2.71793788e+02
2.71675047e+02
2.71220692e+02
2.70356819e+02
2.69134312e+02
2.67641570e+02
2.65961622e+02
2.64161773e+02
2.62294131e+02
2.60398382e+02
2.58504437e+02
2.56634568e+02
2.54805027e+02
2.53027308e+02
2.51309169e+02
2.49655554e+02
2.48069291e+02
2.46551615e+02
2.45102562e+02
2.43721284e+02
2.42406281e+02
2.41155598e+02
2.39966966e+02
2.38837916e+02
2.37765867e+02
2.36748188e+02
2.35782248e+02
2.34865455e+02
2.33995277e+02
2.33169261e+02
2.32385050e+02
2.31640385e+02
2.30933111e+02
2.30261181e+02
2.29622651e+02
2.29015681e+02
2.71603563e+02
2.71629211e+02
2.71635574e+02
2.71549807e+02
2.71292460e+02
2.70823819e+02
2.70147645e+02
2.69292277e+02
2.68294698e+02
2.67191964e+02
2.66017461e+02
2.64799621e+02
2.63561776e+02
2.62322518e+02
2.61096275e+02
2.59893912e+02
2.58723359e+02
2.57590185e+02
2.56498098e+02
2.55449353e+02
2.54445088e+02
2.53485584e+02
2.52570483e+02
2.51698953e+02
2.50869823e+02
2.50081681e+02
2.49332962e+02
2.48622004e+02
2.47947099e+02
2.47306526e+02
2.46698578e+02
2.46121585e+02
2.45573923e+02
2.45054026e+02
2.44560392e+02
2.44091587e+02
2.43646246e+02
2.71326285e+02
2.71356028e+02
2.71369010e+02
2.71341239e+02
2.71235567e+02
2.71027154e+02
2.70709973e+02
2.70292398e+02
2.69790585e+02
2.69223407e+02
2.68609400e+02
2.67965193e+02
2.67304885e+02
2.66639956e+02
2.65979439e+02
2.65330218e+02
2.64697368e+02
2.64084492e+02
2.63494015e+02
2.62927444e+02
2.62385577e+02
2.61868674e+02
2.61376589e+02
2.60908878e+02
2.60464883e+02
2.60043800e+02
2.59644725e+02
2.59266693e+02
2.58908713e+02
2.58569784e+02
2.58248916e+02
2.57945138e+02
2.57657510e+02
2.57385127e+02
2.57127124e+02
2.56882676e+02
2.56651000e+02
