-2.2000e+02
-9.8210e+00
-2.9544e+00
-2.1334e+00
-1.4824e+00
-1.1170e+00
-8.8585e-01
-7.2571e-01
-6.0789e-01
-5.1752e-01
-4.4616e-01
-5.1908e-01
-4.7656e-01
-4.2627e-01
-3.8174e-01
-3.4309e-01
-3.0956e-01
-2.8036e-01
-2.5481e-01
-2.3233e-01
-2.1247e-01
-1.9483e-01
-1.7910e-01
-1.6501e-01
-1.5234e-01
-1.4091e-01
-1.3056e-01
-1.2117e-01
-1.1261e-01
-1.0481e-01
-9.7664e-02
-9.1117e-02
-8.5100e-02
-7.9565e-02
-7.4461e-02
-6.9748e-02
-1.2000e+02
0.0000e+00
0.0000e+00
-8.6392e+00
-6.5997e+00
-6.0350e+00
-5.2888e+00
-4.6017e+00
-4.0107e+00
-3.5109e+00
-3.0884e+00
-2.7415e+00
-2.4589e+00
-2.2087e+00
-1.9860e+00
-1.7887e+00
-1.6140e+00
-1.4590e+00
-1.3214e+00
-1.1990e+00
-1.0897e+00
-9.9202e-01
-9.0453e-01
-8.2601e-01
-7.5539e-01
-6.9178e-01
-6.3437e-01
-5.8248e-01
-5.3551e-01
-4.9291e-01
-4.5423e-01
-4.1906e-01
-3.8703e-01
-3.5782e-01
-3.3116e-01
-3.0679e-01
-2.0000e+01
-3.9293e+00
-4.5426e+00
-4.7661e+00
-5.2640e+00
-5.5765e+00
-5.4761e+00
-5.1826e+00
-4.8139e+00
-4.4266e+00
-4.0481e+00
-3.6909e+00
-3.3612e+00
-3.0612e+00
-2.7892e+00
-2.5427e+00
-2.3193e+00
-2.1168e+00
-1.9333e+00
-1.7670e+00
-1.6164e+00
-1.4797e+00
-1.3558e+00
-1.2434e+00
-1.1413e+00
-1.0486e+00
-9.6420e-01
-8.8743e-01
-8.1751e-01
-7.5377e-01
-6.9562e-01
-6.4252e-01
-5.9398e-01
-5.4959e-01
-5.0894e-01
-4.7170e-01
-1.3842e-01
-3.1756e-01
-5.4913e-01
-8.5905e-01
-1.1810e+00
-1.4538e+00
-1.6510e+00
-1.7702e+00
-1.8229e+00
-1.8247e+00
-1.7901e+00
-1.7311e+00
-1.6567e+00
-1.5734e+00
-1.4860e+00
-1.3977e+00
-1.3107e+00
-1.2264e+00
-1.1456e+00
-1.0687e+00
-9.9609e-01
-9.2780e-01
-8.6382e-01
-8.0404e-01
-7.4829e-01
-6.9641e-01
-6.4818e-01
-6.0339e-01
-5.6183e-01
-5.2329e-01
-4.8756e-01
-4.5445e-01
-4.2376e-01
-3.9532e-01
-3.6897e-01
-3.4454e-01
-9.0010e-03
-3.3671e-02
-6.7859e-02
-1.1530e-01
-1.7156e-01
-2.2548e-01
-2.6908e-01
-2.9928e-01
-3.1654e-01
-3.2304e-01
-3.2142e-01
-3.1405e-01
-3.0284e-01
-2.8924e-01
-2.7433e-01
-2.5885e-01
-2.4332e-01
-2.2808e-01
-2.1334e-01
-1.9925e-01
-1.8586e-01
-1.7323e-01
-1.6136e-01
-1.5025e-01
-1.3986e-01
-1.3018e-01
-1.2118e-01
-1.1281e-01
-1.0503e-01
-9.7819e-02
-9.1127e-02
-8.4925e-02
-7.9176e-02
-7.3846e-02
-6.8908e-02
-6.4329e-02
-6.5655e-01
-2.9413e+00
-4.4451e+00
-5.0130e+00
-5.1183e+00
-4.9960e+00
-4.7585e+00
-4.4675e+00
-4.1585e+00
-3.8517e+00
-3.5582e+00
-3.2837e+00
-3.0314e+00
-2.8014e+00
-2.5922e+00
-2.4022e+00
-2.2295e+00
-2.0724e+00
-1.9294e+00
-1.7988e+00
-1.6795e+00
-1.5701e+00
-1.4698e+00
-1.3775e+00
-1.2923e+00
-1.2137e+00
-1.1410e+00
-1.0736e+00
-1.0109e+00
-9.5270e-01
-8.9847e-01
-8.4791e-01
-8.0070e-01
-7.5658e-01
-7.1531e-01
-6.7666e-01
-9.6192e-01
-3.5420e+00
-4.6530e+00
-4.7765e+00
-4.5984e+00
-4.3385e+00
-4.0589e+00
-3.7808e+00
-3.5135e+00
-3.2612e+00
-3.0260e+00
-2.8086e+00
-2.6096e+00
-2.4278e+00
-2.2613e+00
-2.1084e+00
-1.9680e+00
-1.8387e+00
-1.7196e+00
-1.6098e+00
-1.5084e+00
-1.4145e+00
-1.3276e+00
-1.2470e+00
-1.1722e+00
-1.1026e+00
-1.0378e+00
-9.7749e-01
-9.2122e-01
-8.6870e-01
-8.1962e-01
-7.7374e-01
-7.3080e-01
-6.9060e-01
-6.5293e-01
-6.1762e-01
-1.2279e-02
-1.4405e-01
-4.7468e-01
-8.6554e-01
-1.1934e+00
-1.4285e+00
-1.5824e+00
-1.6737e+00
-1.7183e+00
-1.7284e+00
-1.7129e+00
-1.6789e+00
-1.6315e+00
-1.5750e+00
-1.5125e+00
-1.4464e+00
-1.3786e+00
-1.3103e+00
-1.2427e+00
-1.1764e+00
-1.1120e+00
-1.0500e+00
-9.9045e-01
-9.3364e-01
-8.7960e-01
-8.2837e-01
-7.7992e-01
-7.3418e-01
-6.9108e-01
-6.5052e-01
-6.1239e-01
-5.7657e-01
-5.4295e-01
-5.1141e-01
-4.8183e-01
-4.5410e-01
-8.9080e-03
-3.0824e-02
-1.1426e-01
-2.7337e-01
-4.6883e-01
-6.5889e-01
-8.2095e-01
-9.4769e-01
-1.0397e+00
-1.1006e+00
-1.1353e+00
-1.1485e+00
-1.1445e+00
-1.1273e+00
-1.1002e+00
-1.0658e+00
-1.0265e+00
-9.8381e-01
-9.3927e-01
-8.9390e-01
-8.4853e-01
-8.0376e-01
-7.6004e-01
-7.1772e-01
-6.7700e-01
-6.3804e-01
-6.0091e-01
-5.6567e-01
-5.3230e-01
-5.0078e-01
-4.7106e-01
-4.4310e-01
-4.1681e-01
-3.9212e-01
-3.6896e-01
-3.4724e-01
-2.3436e-02
-2.6834e-02
-7.3590e-02
-1.6640e-01
-2.8695e-01
-4.1212e-01
-5.2559e-01
-6.1914e-01
-6.9029e-01
-7.3986e-01
-7.7031e-01
-7.8462e-01
-7.8591e-01
-7.7698e-01
-7.6029e-01
-7.3791e-01
-7.1153e-01
-6.8248e-01
-6.5185e-01
-6.2043e-01
-5.8886e-01
-5.5761e-01
-5.2703e-01
-4.9738e-01
-4.6882e-01
-4.4149e-01
-4.1544e-01
-3.9070e-01
-3.6729e-01
-3.4519e-01
-3.2436e-01
-3.0477e-01
-2.8637e-01
-2.6911e-01
-2.5292e-01
-2.3776e-01
