-2.2000e+02
-9.8086e+00
-2.9417e+00
-2.1292e+00
-1.4823e+00
-1.1200e+00
-8.9086e-01
-7.3206e-01
-6.1501e-01
-5.2503e-01
-4.5639e-01
-5.3035e-01
-4.8695e-01
-4.3621e-01
-3.9119e-01
-3.5202e-01
-3.1796e-01
-2.8823e-01
-2.6218e-01
-2.3923e-01
-2.1893e-01
-2.0088e-01
-1.8477e-01
-1.7034e-01
-1.5736e-01
-1.4564e-01
-1.3504e-01
-1.2541e-01
-1.1664e-01
-1.0864e-01
-1.0132e-01
-9.4608e-02
-8.8442e-02
-8.2766e-02
-7.7531e-02
-7.2697e-02
-1.2000e+02
0.0000e+00
0.0000e+00
-8.5711e+00
-6.5599e+00
-6.0111e+00
-5.2764e+00
-4.5963e+00
-4.0099e+00
-3.5131e+00
-3.0929e+00
-2.7484e+00
-2.4674e+00
-2.2182e+00
-1.9963e+00
-1.7996e+00
-1.6253e+00
-1.4707e+00
-1.3334e+00
-1.2111e+00
-1.1020e+00
-1.0044e+00
-9.1696e-01
-8.3843e-01
-7.6778e-01
-7.0410e-01
-6.4660e-01
-5.9460e-01
-5.4749e-01
-5.0474e-01
-4.6590e-01
-4.3055e-01
-3.9832e-01
-3.6892e-01
-3.4204e-01
-3.1745e-01
-2.0000e+01
-3.8801e+00
-4.5016e+00
-4.7295e+00
-5.2260e+00
-5.5446e+00
-5.4529e+00
-5.1664e+00
-4.8031e+00
-4.4202e+00
-4.0453e+00
-3.6911e+00
-3.3642e+00
-3.0666e+00
-2.7969e+00
-2.5523e+00
-2.3307e+00
-2.1298e+00
-1.9477e+00
-1.7827e+00
-1.6330e+00
-1.4973e+00
-1.3742e+00
-1.2623e+00
-1.1607e+00
-1.0683e+00
-9.8417e-01
-9.0755e-01
-8.3770e-01
-7.7395e-01
-7.1572e-01
-6.6248e-01
-6.1377e-01
-5.6914e-01
-5.2822e-01
-4.9067e-01
-6.9342e-02
-2.7731e-01
-5.2167e-01
-8.3921e-01
-1.1665e+00
-1.4435e+00
-1.6445e+00
-1.7673e+00
-1.8234e+00
-1.8284e+00
-1.7969e+00
-1.7408e+00
-1.6689e+00
-1.5879e+00
-1.5026e+00
-1.4162e+00
-1.3308e+00
-1.2479e+00
-1.1682e+00
-1.0923e+00
-1.0205e+00
-9.5285e-01
-8.8934e-01
-8.2988e-01
-7.7434e-01
-7.2254e-01
-6.7430e-01
-6.2939e-01
-5.8764e-01
-5.4882e-01
-5.1276e-01
-4.7926e-01
-4.4813e-01
-4.1922e-01
-3.9235e-01
-3.6739e-01
-2.6990e-03
-2.5074e-02
-6.1587e-02
-1.1085e-01
-1.6834e-01
-2.2316e-01
-2.6749e-01
-2.9836e-01
-3.1625e-01
-3.2336e-01
-3.2231e-01
-3.1547e-01
-3.0475e-01
-2.9160e-01
-2.7709e-01
-2.6197e-01
-2.4675e-01
-2.3178e-01
-2.1728e-01
-2.0338e-01
-1.9016e-01
-1.7766e-01
-1.6589e-01
-1.5485e-01
-1.4452e-01
-1.3487e-01
-1.2587e-01
-1.1748e-01
-1.0968e-01
-1.0243e-01
-9.5686e-02
-8.9420e-02
-8.3596e-02
-7.8187e-02
-7.3159e-02
-6.8488e-02
-7.0124e-01
-3.0419e+00
-4.6560e+00
-5.3067e+00
-5.4443e+00
-5.3206e+00
-5.0649e+00
-4.7490e+00
-4.4137e+00
-4.0816e+00
-3.7648e+00
-3.4693e+00
-3.1981e+00
-2.9516e+00
-2.7278e+00
-2.5249e+00
-2.3409e+00
-2.1739e+00
-2.0220e+00
-1.8837e+00
-1.7575e+00
-1.6421e+00
-1.5364e+00
-1.4393e+00
-1.3500e+00
-1.2677e+00
-1.1916e+00
-1.1212e+00
-1.0559e+00
-9.9523e-01
-9.3880e-01
-8.8623e-01
-8.3718e-01
-7.9136e-01
-7.4850e-01
-7.0838e-01
-9.7499e-01
-3.5237e+00
-4.7216e+00
-4.9292e+00
-4.7944e+00
-4.5495e+00
-4.2695e+00
-3.9832e+00
-3.7040e+00
-3.4384e+00
-3.1896e+00
-2.9591e+00
-2.7477e+00
-2.5546e+00
-2.3778e+00
-2.2156e+00
-2.0668e+00
-1.9302e+00
-1.8045e+00
-1.6888e+00
-1.5821e+00
-1.4836e+00
-1.3924e+00
-1.3081e+00
-1.2298e+00
-1.1572e+00
-1.0896e+00
-1.0268e+00
-9.6815e-01
-9.1346e-01
-8.6239e-01
-8.1464e-01
-7.6996e-01
-7.2811e-01
-6.8889e-01
-6.5210e-01
-5.9360e-03
-1.2930e-01
-4.5339e-01
-8.5017e-01
-1.1926e+00
-1.4430e+00
-1.6087e+00
-1.7081e+00
-1.7578e+00
-1.7709e+00
-1.7573e+00
-1.7245e+00
-1.6779e+00
-1.6220e+00
-1.5600e+00
-1.4943e+00
-1.4269e+00
-1.3589e+00
-1.2915e+00
-1.2253e+00
-1.1609e+00
-1.0988e+00
-1.0390e+00
-9.8183e-01
-9.2734e-01
-8.7554e-01
-8.2643e-01
-7.7994e-01
-7.3602e-01
-6.9456e-01
-6.5548e-01
-6.1866e-01
-5.8400e-01
-5.5139e-01
-5.2072e-01
-4.9188e-01
-8.0000e-06
-1.6574e-02
-1.0028e-01
-2.6119e-01
-4.5953e-01
-6.5325e-01
-8.1928e-01
-9.5001e-01
-1.0459e+00
-1.1106e+00
-1.1489e+00
-1.1655e+00
-1.1649e+00
-1.1509e+00
-1.1267e+00
-1.0950e+00
-1.0581e+00
-1.0176e+00
-9.7492e-01
-9.3113e-01
-8.8704e-01
-8.4328e-01
-8.0032e-01
-7.5850e-01
-7.1806e-01
-6.7917e-01
-6.4194e-01
-6.0643e-01
-5.7265e-01
-5.4060e-01
-5.1026e-01
-4.8157e-01
-4.5448e-01
-4.2894e-01
-4.0487e-01
-3.8221e-01
-9.9600e-04
-9.4050e-03
-6.0046e-02
-1.5614e-01
-2.7984e-01
-4.0842e-01
-5.2565e-01
-6.2321e-01
-6.9845e-01
-7.5207e-01
-7.8642e-01
-8.0441e-01
-8.0909e-01
-8.0324e-01
-7.8930e-01
-7.6933e-01
-7.4501e-01
-7.1770e-01
-6.8846e-01
-6.5813e-01
-6.2737e-01
-5.9667e-01
-5.6639e-01
-5.3683e-01
-5.0818e-01
-4.8058e-01
-4.5412e-01
-4.2885e-01
-4.0480e-01
-3.8197e-01
-3.6035e-01
-3.3990e-01
-3.2060e-01
-3.0240e-01
-2.8526e-01
-2.6913e-01
