2.70113310e+02
5.04131807e+01
4.01951756e+01
3.72423526e+01
3.54180233e+01
3.38616804e+01
3.26314479e+01
3.16722088e+01
3.12047358e+01
3.03513741e+01
2.98499778e+01
2.93273165e+01
2.88583531e+01
2.87707234e+01
2.80445226e+01
2.77555963e+01
2.74156593e+01
2.72404587e+01
2.71024331e+01
2.67474110e+01
2.66233124e+01
2.62846671e+01
2.59493504e+01
2.59685846e+01
2.59230791e+01
2.55451775e+01
2.54426788e+01
2.51369677e+01
2.51968590e+01
2.54449100e+01
2.52578338e+01
2.44546067e+01
2.46458382e+01
2.44251707e+01
2.44179334e+01
2.46290407e+01
2.45143931e+01
2.70217966e+02
1.50147226e+02
1.50202687e+02
1.49772350e+02
1.41602262e+02
1.35116763e+02
1.28995370e+02
1.23413072e+02
1.19192359e+02
1.15255542e+02
1.11344045e+02
1.08211326e+02
1.05647802e+02
1.03343556e+02
1.01247433e+02
9.89611189e+01
9.76984031e+01
9.55978381e+01
9.46051255e+01
9.27350013e+01
9.16901819e+01
9.05076252e+01
9.00769622e+01
8.90327101e+01
8.85243118e+01
8.73772347e+01
8.67044871e+01
8.57647131e+01
8.54501250e+01
8.50151202e+01
8.46596100e+01
8.35148320e+01
8.36116600e+01
8.29660937e+01
8.30508706e+01
8.24607386e+01
8.23535923e+01
2.69906927e+02
2.49690408e+02
2.45951562e+02
2.41708703e+02
2.37172175e+02
2.31583863e+02
2.26136437e+02
2.20514295e+02
2.15257872e+02
2.10334671e+02
2.05967978e+02
2.02075012e+02
1.98688799e+02
1.95188324e+02
1.92366528e+02
1.89007612e+02
1.86514433e+02
1.84498514e+02
1.82763212e+02
1.80593474e+02
1.78960108e+02
1.76774171e+02
1.75882049e+02
1.74200597e+02
1.72862279e+02
1.71997751e+02
1.71258391e+02
1.69605339e+02
1.69088812e+02
1.68759081e+02
1.67229204e+02
1.67157322e+02
1.66312608e+02
1.65600161e+02
1.65059003e+02
1.64533482e+02
1.64250660e+02
2.70919578e+02
2.70554197e+02
2.70016580e+02
2.69124056e+02
2.68480879e+02
2.67621463e+02
2.65919575e+02
2.64098241e+02
2.62898137e+02
2.60708565e+02
2.58827804e+02
2.56984562e+02
2.55469207e+02
2.53847268e+02
2.52137215e+02
2.50550473e+02
2.49380551e+02
2.48120485e+02
2.46897626e+02
2.45844063e+02
2.44834666e+02
2.43409189e+02
2.42569266e+02
2.42211866e+02
2.41322861e+02
2.40830055e+02
2.40114665e+02
2.39215628e+02
2.38767394e+02
2.38251160e+02
2.37586498e+02
2.37055777e+02
2.36922717e+02
2.35909182e+02
2.35977408e+02
2.35513894e+02
2.34961905e+02
2.68471174e+02
2.68206723e+02
2.67912637e+02
2.67753259e+02
2.67553063e+02
2.67536846e+02
2.67544619e+02
2.67308077e+02
2.66862190e+02
2.66883790e+02
2.66460539e+02
2.66014610e+02
2.65568381e+02
2.65403299e+02
2.65228151e+02
2.65151171e+02
2.64796582e+02
2.64686295e+02
2.64508558e+02
2.64262644e+02
2.64248454e+02
2.64019112e+02
2.63714557e+02
2.63611907e+02
2.63278739e+02
2.63300678e+02
2.63278163e+02
2.63090957e+02
2.62673355e+02
2.63163349e+02
2.62913376e+02
2.62803715e+02
2.62788867e+02
2.62758972e+02
2.62547545e+02
2.62067364e+02
2.62740740e+02
2.71948157e+02
2.70922170e+02
2.67656281e+02
2.62463163e+02
2.57101756e+02
2.52030877e+02
2.46755864e+02
2.41382122e+02
2.37349842e+02
2.33417482e+02
2.29580555e+02
2.25932852e+02
2.22976549e+02
2.19473431e+02
2.17281013e+02
2.14004845e+02
2.12192096e+02
2.09849950e+02
2.08535153e+02
2.06064988e+02
2.04543769e+02
2.02908383e+02
2.01281476e+02
2.00069602e+02
1.98545795e+02
1.97563391e+02
1.96187868e+02
1.95229762e+02
1.93901481e+02
1.92886329e+02
1.92397661e+02
1.91377883e+02
1.90877374e+02
1.89573329e+02
1.89413548e+02
1.88711582e+02
1.87977104e+02
2.71543434e+02
2.70880417e+02
2.66872120e+02
2.62564097e+02
2.58092966e+02
2.52742284e+02
2.48786674e+02
2.44623204e+02
2.40469552e+02
2.37536188e+02
2.33863360e+02
2.30532387e+02
2.28408743e+02
2.25493529e+02
2.23111699e+02
2.20476792e+02
2.18733572e+02
2.16756569e+02
2.15113316e+02
2.13333533e+02
2.11432426e+02
2.10365909e+02
2.09055627e+02
2.07806010e+02
2.06415525e+02
2.04844124e+02
2.04270374e+02
2.03250379e+02
2.02327197e+02
2.01317341e+02
2.00033276e+02
1.99687784e+02
1.99077968e+02
1.97916768e+02
1.97650156e+02
1.96832899e+02
1.95897459e+02
2.71992799e+02
2.71722791e+02
2.71764696e+02
2.71531313e+02
2.70228093e+02
2.69037804e+02
2.67501050e+02
2.66119487e+02
2.64749468e+02
2.62492514e+02
2.60856303e+02
2.59267270e+02
2.57259868e+02
2.55591946e+02
2.54281670e+02
2.52881356e+02
2.51688338e+02
2.49644024e+02
2.48826732e+02
2.47164535e+02
2.46355136e+02
2.45106882e+02
2.44307810e+02
2.43045508e+02
2.42511505e+02
2.41140461e+02
2.40898783e+02
2.40274855e+02
2.39319180e+02
2.38663957e+02
2.37621189e+02
2.37355572e+02
2.37132022e+02
2.36523170e+02
2.35926185e+02
2.35606855e+02
2.34793348e+02
2.71864249e+02
2.71843843e+02
2.71500551e+02
2.71529774e+02
2.70870248e+02
2.70766919e+02
2.69847883e+02
2.69027555e+02
2.68200948e+02
2.67078157e+02
2.65505990e+02
2.64733723e+02
2.63516487e+02
2.62413511e+02
2.61485123e+02
2.60109216e+02
2.59441424e+02
2.58092403e+02
2.56962561e+02
2.55983782e+02
2.55056773e+02
2.54315610e+02
2.53672232e+02
2.52948929e+02
2.51951840e+02
2.51689392e+02
2.51170810e+02
2.50458134e+02
2.49661292e+02
2.49645417e+02
2.48798979e+02
2.48652732e+02
2.48119942e+02
2.47361114e+02
2.47108182e+02
2.46739120e+02
2.46703719e+02
2.72005288e+02
2.71622962e+02
2.71768684e+02
2.71364354e+02
2.71465102e+02
2.71140808e+02
2.70688026e+02
2.70502594e+02
2.69181173e+02
2.68455050e+02
2.67532756e+02
2.67322146e+02
2.66058021e+02
2.65396560e+02
2.64905886e+02
2.63786615e+02
2.63584808e+02
2.62573851e+02
2.61848568e+02
2.61084997e+02
2.60492631e+02
2.60232232e+02
2.59927717e+02
2.59063688e+02
2.58581863e+02
2.58490521e+02
2.57640215e+02
2.57276871e+02
2.57039839e+02
2.56753232e+02
2.56164531e+02
2.56212406e+02
2.56076999e+02
2.55423376e+02
2.55392922e+02
2.54792218e+02
2.55091655e+02
