2.70000000e+02
5.00000000e+01
4.00715420e+01
3.71218600e+01
3.50199130e+01
3.35601660e+01
3.24577260e+01
3.15810580e+01
3.08610400e+01
3.02566280e+01
2.97411840e+01
2.92896550e+01
2.87685940e+01
2.82920370e+01
2.78658470e+01
2.74841930e+01
2.71412260e+01
2.68318580e+01
2.65517740e+01
2.62973360e+01
2.60654660e+01
2.58535530e+01
2.56593670e+01
2.54809980e+01
2.53167950e+01
2.51653290e+01
2.50253540e+01
2.48957790e+01
2.47756450e+01
2.46641040e+01
2.45604020e+01
2.44638710e+01
2.43739100e+01
2.42899840e+01
2.42116070e+01
2.41383440e+01
2.40698010e+01
2.70000000e+02
1.50000000e+02
1.50000000e+02
1.50000000e+02
1.41368285e+02
1.34790619e+02
1.28775356e+02
1.23502380e+02
1.18912777e+02
1.14911302e+02
1.11407595e+02
1.08324769e+02
1.05586401e+02
1.03130222e+02
1.00924322e+02
9.89410750e+01
9.71550890e+01
9.55437580e+01
9.40872480e+01
9.27682360e+01
9.15716000e+01
9.04841220e+01
8.94942240e+01
8.85917370e+01
8.77677110e+01
8.70142470e+01
8.63243580e+01
8.56918510e+01
8.51112210e+01
8.45775690e+01
8.40865250e+01
8.36341790e+01
8.32170340e+01
8.28319490e+01
8.24761040e+01
8.21469580e+01
8.18422230e+01
2.70000000e+02
2.50000000e+02
2.45981366e+02
2.41414669e+02
2.36657885e+02
2.31415754e+02
2.25864136e+02
2.20410769e+02
2.15247328e+02
2.10449221e+02
2.06035609e+02
2.01998489e+02
1.98317013e+02
1.94963881e+02
1.91909754e+02
1.89126854e+02
1.86589868e+02
1.84275802e+02
1.82163772e+02
1.80234829e+02
1.78471805e+02
1.76859171e+02
1.75382901e+02
1.74030333e+02
1.72790048e+02
1.71651746e+02
1.70606140e+02
1.69644851e+02
1.68760322e+02
1.67945726e+02
1.67194901e+02
1.66502274e+02
1.65862805e+02
1.65271933e+02
1.64725523e+02
1.64219829e+02
1.63751449e+02
2.69442949e+02
2.69429308e+02
2.69209007e+02
2.68730156e+02
2.67917339e+02
2.66763654e+02
2.65323923e+02
2.63678397e+02
2.61908329e+02
2.60082401e+02
2.58252893e+02
2.56456960e+02
2.54719614e+02
2.53056643e+02
2.51477111e+02
2.49985288e+02
2.48582151e+02
2.47266505e+02
2.46035758e+02
2.44886454e+02
2.43814624e+02
2.42816032e+02
2.41886348e+02
2.41021257e+02
2.40216539e+02
2.39468125e+02
2.38772124e+02
2.38124847e+02
2.37522815e+02
2.36962762e+02
2.36441634e+02
2.35956582e+02
2.35504955e+02
2.35084292e+02
2.34692309e+02
2.34326893e+02
2.33986087e+02
2.67894190e+02
2.67895946e+02
2.67881869e+02
2.67833575e+02
2.67737461e+02
2.67585725e+02
2.67381339e+02
2.67134702e+02
2.66858883e+02
2.66566334e+02
2.66267311e+02
2.65969529e+02
2.65678426e+02
2.65397628e+02
2.65129390e+02
2.64874964e+02
2.64634897e+02
2.64409253e+02
2.64197776e+02
2.64000009e+02
2.63815365e+02
2.63643189e+02
2.63482785e+02
2.63333449e+02
2.63194483e+02
2.63065204e+02
2.62944957e+02
2.62833116e+02
2.62729089e+02
2.62632317e+02
2.62542276e+02
2.62458477e+02
2.62380464e+02
2.62307811e+02
2.62240124e+02
2.62177038e+02
2.62118215e+02
2.70729279e+02
2.70070551e+02
2.67158279e+02
2.62698324e+02
2.57623328e+02
2.52421645e+02
2.47338852e+02
2.42498794e+02
2.37958437e+02
2.33736821e+02
2.29831662e+02
2.26229126e+02
2.22909451e+02
2.19849716e+02
2.17026720e+02
2.14418765e+02
2.12005978e+02
2.09770330e+02
2.07695579e+02
2.05767162e+02
2.03972060e+02
2.02298647e+02
2.00736544e+02
1.99276474e+02
1.97910135e+02
1.96630081e+02
1.95429617e+02
1.94302707e+02
1.93243897e+02
1.92248241e+02
1.91311245e+02
1.90428812e+02
1.89597199e+02
1.88812977e+02
1.88072998e+02
1.87374364e+02
1.86714406e+02
2.70748464e+02
2.69790121e+02
2.66289328e+02
2.61631713e+02
2.56808294e+02
2.52142966e+02
2.47731980e+02
2.43602601e+02
2.39756985e+02
2.36186061e+02
2.32875243e+02
2.29807382e+02
2.26964229e+02
2.24326744e+02
2.21877074e+02
2.19599323e+02
2.17479170e+02
2.15503619e+02
2.13660881e+02
2.11940272e+02
2.10332116e+02
2.08827646e+02
2.07418917e+02
2.06098715e+02
2.04860484e+02
2.03698251e+02
2.02606567e+02
2.01580449e+02
2.00615336e+02
1.99707040e+02
1.98851713e+02
1.98045811e+02
1.97286067e+02
1.96569462e+02
1.95893205e+02
1.95254713e+02
1.94651589e+02
2.70766861e+02
2.70807801e+02
2.70717816e+02
2.70286098e+02
2.69452763e+02
2.68282626e+02
2.66870497e+02
2.65299738e+02
2.63634804e+02
2.61923779e+02
2.60202216e+02
2.58496268e+02
2.56824979e+02
2.55201931e+02
2.53636413e+02
2.52134434e+02
2.50699552e+02
2.49333489e+02
2.48036587e+02
2.46808146e+02
2.45646705e+02
2.44550247e+02
2.43516374e+02
2.42542438e+02
2.41625639e+02
2.40763107e+02
2.39951963e+02
2.39189357e+02
2.38472508e+02
2.37798723e+02
2.37165412e+02
2.36570102e+02
2.36010440e+02
2.35484198e+02
2.34989269e+02
2.34523670e+02
2.34085534e+02
2.70795854e+02
2.70843094e+02
2.70886065e+02
2.70837265e+02
2.70619139e+02
2.70197142e+02
2.69578517e+02
2.68792773e+02
2.67876422e+02
2.66865182e+02
2.65790803e+02
2.64680121e+02
2.63555063e+02
2.62433070e+02
2.61327627e+02
2.60248858e+02
2.59204102e+02
2.58198460e+02
2.57235252e+02
2.56316399e+02
2.55442742e+02
2.54614288e+02
2.53830423e+02
2.53090068e+02
2.52391819e+02
2.51734042e+02
2.51114959e+02
2.50532706e+02
2.49985386e+02
2.49471103e+02
2.48987988e+02
2.48534221e+02
2.48108045e+02
2.47707773e+02
2.47331797e+02
2.46978590e+02
2.46646706e+02
2.70853402e+02
2.70918964e+02
2.70962236e+02
2.70945875e+02
2.70827487e+02
2.70582043e+02
2.70206999e+02
2.69715565e+02
2.69128671e+02
2.68469339e+02
2.67759502e+02
2.67018485e+02
2.66262500e+02
2.65504632e+02
2.64755118e+02
2.64021718e+02
2.63310115e+02
2.62624305e+02
2.61966936e+02
2.61339602e+02
2.60743073e+02
2.60177497e+02
2.59642545e+02
2.59137543e+02
2.58661562e+02
2.58213504e+02
2.57792154e+02
2.57396230e+02
2.57024423e+02
2.56675415e+02
2.56347909e+02
2.56040638e+02
2.55752375e+02
2.55481946e+02
2.55228229e+02
2.54990158e+02
2.54766726e+02
