-2.2000e+02
-9.9269e+00
-2.9710e+00
-2.1173e+00
-1.4684e+00
-1.1065e+00
-8.7769e-01
-7.1927e-01
-6.0266e-01
-5.1317e-01
-4.5800e-01
-5.2115e-01
-4.7371e-01
-4.2330e-01
-3.7901e-01
-3.4070e-01
-3.0756e-01
-2.7877e-01
-2.5367e-01
-2.3166e-01
-2.1227e-01
-1.9512e-01
-1.7987e-01
-1.6626e-01
-1.5405e-01
-1.4307e-01
-1.3316e-01
-1.2417e-01
-1.1600e-01
-1.0855e-01
-1.0173e-01
-9.5484e-02
-8.9739e-02
-8.4445e-02
-7.9556e-02
-7.5030e-02
-1.2000e+02
0.0000e+00
0.0000e+00
-8.7033e+00
-6.6235e+00
-6.0487e+00
-5.2965e+00
-4.6064e+00
-4.0134e+00
-3.5122e+00
-3.0890e+00
-2.7447e+00
-2.4607e+00
-2.2090e+00
-1.9855e+00
-1.7879e+00
-1.6132e+00
-1.4585e+00
-1.3214e+00
-1.1996e+00
-1.0912e+00
-9.9438e-01
-9.0784e-01
-8.3033e-01
-7.6075e-01
-6.9818e-01
-6.4181e-01
-5.9094e-01
-5.4495e-01
-5.0330e-01
-4.6553e-01
-4.3120e-01
-3.9996e-01
-3.7149e-01
-3.4549e-01
-3.2172e-01
-2.0000e+01
-4.0536e+00
-4.6093e+00
-4.8004e+00
-5.2888e+00
-5.5933e+00
-5.4866e+00
-5.1893e+00
-4.8181e+00
-4.4291e+00
-4.0494e+00
-3.6916e+00
-3.3622e+00
-3.0627e+00
-2.7914e+00
-2.5458e+00
-2.3235e+00
-2.1224e+00
-1.9404e+00
-1.7758e+00
-1.6268e+00
-1.4920e+00
-1.3698e+00
-1.2591e+00
-1.1588e+00
-1.0676e+00
-9.8487e-01
-9.0960e-01
-8.4108e-01
-7.7866e-01
-7.2171e-01
-6.6971e-01
-6.2216e-01
-5.7865e-01
-5.3878e-01
-5.0221e-01
-1.6010e-01
-3.1332e-01
-5.3442e-01
-8.4275e-01
-1.1660e+00
-1.4408e+00
-1.6400e+00
-1.7613e+00
-1.8164e+00
-1.8209e+00
-1.7895e+00
-1.7338e+00
-1.6628e+00
-1.5831e+00
-1.4994e+00
-1.4147e+00
-1.3312e+00
-1.2501e+00
-1.1724e+00
-1.0984e+00
-1.0285e+00
-9.6266e-01
-9.0088e-01
-8.4307e-01
-7.8908e-01
-7.3872e-01
-6.9180e-01
-6.4812e-01
-6.0747e-01
-5.6966e-01
-5.3450e-01
-5.0179e-01
-4.7135e-01
-4.4304e-01
-4.1669e-01
-3.9215e-01
-1.1306e-02
-3.5389e-02
-6.7363e-02
-1.1435e-01
-1.7122e-01
-2.2597e-01
-2.7026e-01
-3.0100e-01
-3.1868e-01
-3.2557e-01
-3.2434e-01
-3.1739e-01
-3.0662e-01
-2.9349e-01
-2.7905e-01
-2.6406e-01
-2.4900e-01
-2.3422e-01
-2.1992e-01
-2.0623e-01
-1.9323e-01
-1.8095e-01
-1.6939e-01
-1.5855e-01
-1.4841e-01
-1.3894e-01
-1.3011e-01
-1.2188e-01
-1.1422e-01
-1.0709e-01
-1.0045e-01
-9.4283e-02
-8.8540e-02
-8.3199e-02
-7.8225e-02
-7.3595e-02
-5.9643e-01
-2.8205e+00
-4.3368e+00
-4.9362e+00
-5.0601e+00
-4.9443e+00
-4.7066e+00
-4.4131e+00
-4.1015e+00
-3.7934e+00
-3.5001e+00
-3.2277e+00
-2.9791e+00
-2.7542e+00
-2.5513e+00
-2.3684e+00
-2.2035e+00
-2.0546e+00
-1.9198e+00
-1.7976e+00
-1.6865e+00
-1.5852e+00
-1.4924e+00
-1.4073e+00
-1.3289e+00
-1.2566e+00
-1.1896e+00
-1.1274e+00
-1.0695e+00
-1.0155e+00
-9.6505e-01
-9.1776e-01
-8.7338e-01
-8.3167e-01
-7.9240e-01
-7.5538e-01
-9.0374e-01
-3.4789e+00
-4.6198e+00
-4.7575e+00
-4.5770e+00
-4.3082e+00
-4.0196e+00
-3.7353e+00
-3.4649e+00
-3.2129e+00
-2.9806e+00
-2.7684e+00
-2.5763e+00
-2.4024e+00
-2.2443e+00
-2.1003e+00
-1.9688e+00
-1.8484e+00
-1.7380e+00
-1.6364e+00
-1.5428e+00
-1.4564e+00
-1.3763e+00
-1.3019e+00
-1.2328e+00
-1.1684e+00
-1.1082e+00
-1.0519e+00
-9.9914e-01
-9.4965e-01
-9.0314e-01
-8.5939e-01
-8.1818e-01
-7.7932e-01
-7.4265e-01
-7.0800e-01
8.0002e-02
-6.0731e-02
-4.1135e-01
-8.2158e-01
-1.1675e+00
-1.4202e+00
-1.5916e+00
-1.7001e+00
-1.7614e+00
-1.7874e+00
-1.7868e+00
-1.7664e+00
-1.7314e+00
-1.6859e+00
-1.6331e+00
-1.5755e+00
-1.5147e+00
-1.4524e+00
-1.3896e+00
-1.3272e+00
-1.2657e+00
-1.2057e+00
-1.1476e+00
-1.0914e+00
-1.0375e+00
-9.8586e-01
-9.3653e-01
-8.8953e-01
-8.4482e-01
-8.0235e-01
-7.6206e-01
-7.2387e-01
-6.8769e-01
-6.5345e-01
-6.2104e-01
-5.9038e-01
8.4709e-02
8.1650e-02
-2.6211e-02
-2.0846e-01
-4.2276e-01
-6.2897e-01
-8.0580e-01
-9.4655e-01
-1.0519e+00
-1.1256e+00
-1.1723e+00
-1.1967e+00
-1.2031e+00
-1.1953e+00
-1.1766e+00
-1.1497e+00
-1.1169e+00
-1.0799e+00
-1.0401e+00
-9.9865e-01
-9.5645e-01
-9.1414e-01
-8.7226e-01
-8.3119e-01
-7.9121e-01
-7.5252e-01
-7.1527e-01
-6.7953e-01
-6.4535e-01
-6.1275e-01
-5.8172e-01
-5.5223e-01
-5.2425e-01
-4.9772e-01
-4.7260e-01
-4.4883e-01
1.6132e-01
8.0421e-02
2.5230e-03
-1.0459e-01
-2.2995e-01
-3.5486e-01
-4.6613e-01
-5.5755e-01
-6.2767e-01
-6.7774e-01
-7.1020e-01
-7.2789e-01
-7.3361e-01
-7.2988e-01
-7.1891e-01
-7.0254e-01
-6.8224e-01
-6.5922e-01
-6.3440e-01
-6.0854e-01
-5.8220e-01
-5.5581e-01
-5.2970e-01
-5.0413e-01
-4.7927e-01
-4.5524e-01
-4.3214e-01
-4.1000e-01
-3.8887e-01
-3.6874e-01
-3.4961e-01
-3.3146e-01
-3.1427e-01
-2.9799e-01
-2.8260e-01
-2.6806e-01
