2.70000000e+02
5.00000000e+01
3.99632220e+01
3.70260680e+01
3.49486700e+01
3.35045800e+01
3.24133520e+01
3.15453530e+01
3.08321910e+01
3.02332110e+01
2.97220440e+01
2.92659980e+01
2.87449500e+01
2.82704830e+01
2.78459680e+01
2.74653960e+01
2.71228970e+01
2.68133900e+01
2.65325690e+01
2.62768090e+01
2.60430420e+01
2.58286710e+01
2.56314830e+01
2.54495850e+01
2.52813490e+01
2.51253720e+01
2.49804350e+01
2.48454770e+01
2.47195690e+01
2.46018970e+01
2.44917410e+01
2.43884650e+01
2.42915020e+01
2.42003490e+01
2.41145540e+01
2.40337110e+01
2.39574550e+01
2.70000000e+02
1.50000000e+02
1.50000000e+02
1.50000000e+02
1.41347497e+02
1.34806214e+02
1.28831967e+02
1.23597618e+02
1.19043207e+02
1.15073125e+02
1.11596940e+02
1.08537672e+02
1.05817533e+02
1.03376631e+02
1.01183477e+02
9.92103840e+01
9.74320040e+01
9.58258350e+01
9.43721630e+01
9.30537880e+01
9.18557060e+01
9.07648080e+01
8.97696180e+01
8.88600650e+01
8.80272920e+01
8.72634920e+01
8.65617680e+01
8.59160170e+01
8.53208240e+01
8.47713820e+01
8.42634090e+01
8.37930900e+01
8.33570170e+01
8.29521410e+01
8.25757320e+01
8.22253380e+01
8.18987550e+01
2.70000000e+02
2.50000000e+02
2.46103207e+02
2.41589547e+02
2.36858258e+02
2.31641441e+02
2.26119271e+02
2.20699728e+02
2.15573099e+02
2.10812461e+02
2.06434878e+02
2.02430795e+02
1.98778311e+02
1.95449439e+02
1.92414603e+02
1.89646057e+02
1.87118619e+02
1.84809481e+02
1.82697975e+02
1.80765379e+02
1.78994763e+02
1.77370837e+02
1.75879809e+02
1.74509248e+02
1.73247960e+02
1.72085868e+02
1.71013899e+02
1.70023885e+02
1.69108473e+02
1.68261038e+02
1.67475609e+02
1.66746803e+02
1.66069761e+02
1.65440097e+02
1.64853844e+02
1.64307417e+02
1.63797567e+02
2.70029805e+02
2.69940774e+02
2.69655874e+02
2.69132247e+02
2.68296716e+02
2.67139724e+02
2.65710594e+02
2.64083788e+02
2.62335781e+02
2.60531776e+02
2.58721688e+02
2.56941156e+02
2.55214253e+02
2.53556253e+02
2.51975983e+02
2.50477672e+02
2.49062403e+02
2.47729187e+02
2.46475703e+02
2.45298807e+02
2.44194873e+02
2.43160027e+02
2.42190306e+02
2.41281765e+02
2.40430550e+02
2.39632948e+02
2.38885412e+02
2.38184584e+02
2.37527297e+02
2.36910580e+02
2.36331655e+02
2.35787929e+02
2.35276990e+02
2.34796595e+02
2.34344660e+02
2.33919254e+02
2.33518587e+02
2.67991681e+02
2.67987551e+02
2.67962667e+02
2.67905067e+02
2.67802918e+02
2.67648598e+02
2.67444473e+02
2.67200031e+02
2.66927457e+02
2.66638501e+02
2.66342911e+02
2.66048060e+02
2.65759171e+02
2.65479738e+02
2.65211946e+02
2.64957021e+02
2.64715510e+02
2.64487501e+02
2.64272777e+02
2.64070925e+02
2.63881415e+02
2.63703647e+02
2.63536988e+02
2.63380793e+02
2.63234424e+02
2.63097261e+02
2.62968706e+02
2.62848189e+02
2.62735171e+02
2.62629146e+02
2.62529636e+02
2.62436196e+02
2.62348413e+02
2.62265898e+02
2.62188293e+02
2.62115265e+02
2.62046504e+02
2.71404592e+02
2.70674197e+02
2.67632938e+02
2.63029015e+02
2.57823548e+02
2.52518905e+02
2.47364322e+02
2.42481095e+02
2.37920781e+02
2.33696230e+02
2.29799271e+02
2.26210964e+02
2.22907304e+02
2.19862001e+02
2.17049389e+02
2.14445998e+02
2.12030736e+02
2.09784799e+02
2.07691526e+02
2.05736211e+02
2.03905907e+02
2.02189222e+02
2.00576130e+02
1.99057797e+02
1.97626423e+02
1.96275102e+02
1.94997701e+02
1.93788754e+02
1.92643373e+02
1.91557168e+02
1.90526181e+02
1.89546832e+02
1.88615866e+02
1.87730316e+02
1.86887468e+02
1.86084825e+02
1.85320092e+02
2.71375295e+02
2.70347254e+02
2.66791580e+02
2.62103222e+02
2.57259319e+02
2.52581536e+02
2.48166003e+02
2.44038556e+02
2.40198911e+02
2.36635206e+02
2.33330174e+02
2.30264352e+02
2.27417560e+02
2.24769341e+02
2.22300967e+02
2.19996005e+02
2.17839879e+02
2.15819583e+02
2.13923516e+02
2.12141329e+02
2.10463796e+02
2.08882678e+02
2.07390608e+02
2.05980982e+02
2.04647865e+02
2.03385907e+02
2.02190271e+02
2.01056568e+02
1.99980806e+02
1.98959337e+02
1.97988824e+02
1.97066199e+02
1.96188639e+02
1.95353535e+02
1.94558471e+02
1.93801208e+02
1.93079660e+02
2.71212609e+02
2.71200809e+02
2.71061158e+02
2.70596553e+02
2.69739442e+02
2.68543857e+02
2.67097950e+02
2.65481922e+02
2.63758874e+02
2.61976386e+02
2.60169955e+02
2.58365978e+02
2.56583982e+02
2.54838226e+02
2.53138842e+02
2.51492805e+02
2.49904721e+02
2.48377405e+02
2.46912300e+02
2.45509798e+02
2.44169493e+02
2.42890376e+02
2.41670995e+02
2.40509580e+02
2.39404137e+02
2.38352531e+02
2.37352541e+02
2.36401909e+02
2.35498377e+02
2.34639710e+02
2.33823720e+02
2.33048281e+02
2.32311335e+02
2.31610902e+02
2.30945087e+02
2.30312077e+02
2.29710144e+02
2.71205378e+02
2.71206641e+02
2.71189332e+02
2.71085890e+02
2.70820270e+02
2.70355462e+02
2.69695295e+02
2.68866011e+02
2.67901453e+02
2.66835383e+02
2.65698251e+02
2.64516142e+02
2.63310675e+02
2.62099326e+02
2.60895889e+02
2.59710997e+02
2.58552648e+02
2.57426699e+02
2.56337281e+02
2.55287155e+02
2.54277991e+02
2.53310609e+02
2.52385166e+02
2.51501311e+02
2.50658312e+02
2.49855150e+02
2.49090606e+02
2.48363316e+02
2.47671827e+02
2.47014634e+02
2.46390210e+02
2.45797029e+02
2.45233586e+02
2.44698408e+02
2.44190065e+02
2.43707174e+02
2.43248409e+02
2.71251010e+02
2.71263738e+02
2.71258128e+02
2.71199451e+02
2.71044914e+02
2.70769069e+02
2.70368553e+02
2.69855203e+02
2.69248264e+02
2.68569069e+02
2.67838061e+02
2.67073368e+02
2.66290312e+02
2.65501381e+02
2.64716471e+02
2.63943208e+02
2.63187313e+02
2.62452952e+02
2.61743041e+02
2.61059507e+02
2.60403500e+02
2.59775565e+02
2.59175784e+02
2.58603884e+02
2.58059330e+02
2.57541393e+02
2.57049207e+02
2.56581813e+02
2.56138195e+02
2.55717304e+02
2.55318081e+02
2.54939474e+02
2.54580445e+02
2.54239985e+02
2.53917117e+02
2.53610897e+02
2.53320425e+02
