-2.2000e+02
-9.9396e+00
-2.9327e+00
-2.1015e+00
-1.4614e+00
-1.1023e+00
-8.7465e-01
-7.1656e-01
-5.9999e-01
-5.1045e-01
-4.4268e-01
-5.1275e-01
-4.6894e-01
-4.1879e-01
-3.7461e-01
-3.3637e-01
-3.0327e-01
-2.7451e-01
-2.4941e-01
-2.2739e-01
-2.0798e-01
-1.9078e-01
-1.7549e-01
-1.6182e-01
-1.4956e-01
-1.3851e-01
-1.2854e-01
-1.1949e-01
-1.1127e-01
-1.0377e-01
-9.6908e-02
-9.0622e-02
-8.4848e-02
-7.9533e-02
-7.4630e-02
-7.0099e-02
-1.2000e+02
0.0000e+00
0.0000e+00
-8.6107e+00
-6.5463e+00
-5.9870e+00
-5.2489e+00
-4.5689e+00
-3.9838e+00
-3.4888e+00
-3.0705e+00
-2.7275e+00
-2.4473e+00
-2.1988e+00
-1.9777e+00
-1.7818e+00
-1.6082e+00
-1.4543e+00
-1.3176e+00
-1.1959e+00
-1.0873e+00
-9.9020e-01
-9.0323e-01
-8.2517e-01
-7.5499e-01
-6.9177e-01
-6.3474e-01
-5.8321e-01
-5.3657e-01
-4.9429e-01
-4.5592e-01
-4.2104e-01
-3.8929e-01
-3.6035e-01
-3.3394e-01
-3.0980e-01
-2.0000e+01
-3.9248e+00
-4.5229e+00
-4.7339e+00
-5.2197e+00
-5.5292e+00
-5.4324e+00
-5.1447e+00
-4.7827e+00
-4.4020e+00
-4.0294e+00
-3.6774e+00
-3.3521e+00
-3.0556e+00
-2.7863e+00
-2.5419e+00
-2.3200e+00
-2.1187e+00
-1.9362e+00
-1.7706e+00
-1.6204e+00
-1.4842e+00
-1.3606e+00
-1.2484e+00
-1.1465e+00
-1.0539e+00
-9.6975e-01
-8.9315e-01
-8.2341e-01
-7.5984e-01
-7.0187e-01
-6.4895e-01
-6.0061e-01
-5.5640e-01
-5.1593e-01
-4.7886e-01
-4.1736e-02
-2.5406e-01
-5.0540e-01
-8.2905e-01
-1.1616e+00
-1.4432e+00
-1.6478e+00
-1.7730e+00
-1.8302e+00
-1.8351e+00
-1.8027e+00
-1.7449e+00
-1.6710e+00
-1.5877e+00
-1.5001e+00
-1.4115e+00
-1.3240e+00
-1.2392e+00
-1.1578e+00
-1.0806e+00
-1.0076e+00
-9.3904e-01
-8.7484e-01
-8.1491e-01
-7.5908e-01
-7.0715e-01
-6.5891e-01
-6.1415e-01
-5.7264e-01
-5.3417e-01
-4.9851e-01
-4.6547e-01
-4.3486e-01
-4.0649e-01
-3.8019e-01
-3.5581e-01
-3.3100e-04
-2.0816e-02
-5.7968e-02
-1.0834e-01
-1.6687e-01
-2.2260e-01
-2.6770e-01
-2.9914e-01
-3.1737e-01
-3.2460e-01
-3.2347e-01
-3.1641e-01
-3.0537e-01
-2.9183e-01
-2.7691e-01
-2.6138e-01
-2.4577e-01
-2.3044e-01
-2.1561e-01
-2.0143e-01
-1.8798e-01
-1.7529e-01
-1.6337e-01
-1.5222e-01
-1.4182e-01
-1.3212e-01
-1.2311e-01
-1.1474e-01
-1.0697e-01
-9.9768e-02
-9.3089e-02
-8.6900e-02
-8.1163e-02
-7.5846e-02
-7.0919e-02
-6.6350e-02
-7.5953e-01
-3.0276e+00
-4.4848e+00
-5.0178e+00
-5.0904e+00
-4.9391e+00
-4.6791e+00
-4.3727e+00
-4.0544e+00
-3.7432e+00
-3.4489e+00
-3.1764e+00
-2.9281e+00
-2.7035e+00
-2.5007e+00
-2.3178e+00
-2.1525e+00
-2.0031e+00
-1.8677e+00
-1.7447e+00
-1.6326e+00
-1.5303e+00
-1.4367e+00
-1.3506e+00
-1.2714e+00
-1.1982e+00
-1.1304e+00
-1.0675e+00
-1.0091e+00
-9.5459e-01
-9.0371e-01
-8.5613e-01
-8.1156e-01
-7.6976e-01
-7.3049e-01
-6.9357e-01
-1.1977e+00
-3.8353e+00
-4.8381e+00
-4.8765e+00
-4.6407e+00
-4.3379e+00
-4.0261e+00
-3.7246e+00
-3.4413e+00
-3.1791e+00
-2.9387e+00
-2.7198e+00
-2.5223e+00
-2.3439e+00
-2.1822e+00
-2.0351e+00
-1.9011e+00
-1.7786e+00
-1.6665e+00
-1.5636e+00
-1.4689e+00
-1.3816e+00
-1.3009e+00
-1.2262e+00
-1.1568e+00
-1.0922e+00
-1.0321e+00
-9.7594e-01
-9.2348e-01
-8.7438e-01
-8.2836e-01
-7.8519e-01
-7.4464e-01
-7.0651e-01
-6.7063e-01
-6.3684e-01
9.6010e-03
-1.3618e-01
-4.8128e-01
-8.7076e-01
-1.1889e+00
-1.4130e+00
-1.5573e+00
-1.6410e+00
-1.6800e+00
-1.6863e+00
-1.6689e+00
-1.6343e+00
-1.5877e+00
-1.5328e+00
-1.4728e+00
-1.4098e+00
-1.3454e+00
-1.2807e+00
-1.2168e+00
-1.1543e+00
-1.0937e+00
-1.0352e+00
-9.7914e-01
-9.2559e-01
-8.7461e-01
-8.2622e-01
-7.8039e-01
-7.3705e-01
-6.9612e-01
-6.5752e-01
-6.2114e-01
-5.8688e-01
-5.5463e-01
-5.2428e-01
-4.9573e-01
-4.6887e-01
2.2483e-02
8.3130e-03
-8.2348e-02
-2.4737e-01
-4.4534e-01
-6.3565e-01
-7.9694e-01
-9.2269e-01
-1.0139e+00
-1.0745e+00
-1.1094e+00
-1.1234e+00
-1.1208e+00
-1.1053e+00
-1.0802e+00
-1.0481e+00
-1.0111e+00
-9.7097e-01
-9.2894e-01
-8.8605e-01
-8.4307e-01
-8.0059e-01
-7.5904e-01
-7.1874e-01
-6.7991e-01
-6.4267e-01
-6.0712e-01
-5.7331e-01
-5.4121e-01
-5.1083e-01
-4.8212e-01
-4.5503e-01
-4.2950e-01
-4.0546e-01
-3.8283e-01
-3.6155e-01
4.1621e-02
1.5158e-02
-4.2521e-02
-1.4293e-01
-2.6815e-01
-3.9559e-01
-5.0978e-01
-6.0331e-01
-6.7427e-01
-7.2379e-01
-7.5446e-01
-7.6936e-01
-7.7152e-01
-7.6371e-01
-7.4835e-01
-7.2744e-01
-7.0262e-01
-6.7517e-01
-6.4613e-01
-6.1628e-01
-5.8623e-01
-5.5643e-01
-5.2722e-01
-4.9884e-01
-4.7148e-01
-4.4523e-01
-4.2017e-01
-3.9633e-01
-3.7372e-01
-3.5233e-01
-3.3213e-01
-3.1309e-01
-2.9516e-01
-2.7830e-01
-2.6245e-01
-2.4756e-01
