2.69891717e+02
4.99692275e+01
4.02680288e+01
3.77618307e+01
3.53183510e+01
3.37440337e+01
3.27414892e+01
3.19094057e+01
3.11198996e+01
3.04868285e+01
3.00651098e+01
2.93259778e+01
2.89147570e+01
2.87120741e+01
2.79949478e+01
2.78673165e+01
2.75157366e+01
2.70303219e+01
2.71545646e+01
2.65550321e+01
2.67166959e+01
2.63117425e+01
2.64252264e+01
2.58024624e+01
2.57173370e+01
2.55367022e+01
2.54227623e+01
2.50636298e+01
2.54525678e+01
2.46775969e+01
2.52026507e+01
2.42246613e+01
2.44003090e+01
2.45079364e+01
2.45903801e+01
2.44921219e+01
2.44369166e+01
2.70151948e+02
1.49919180e+02
1.49970815e+02
1.50042741e+02
1.41495606e+02
1.34765818e+02
1.29121877e+02
1.23570960e+02
1.19098553e+02
1.14474863e+02
1.11380705e+02
1.08117123e+02
1.05489094e+02
1.03482524e+02
1.00750394e+02
9.87864298e+01
9.74202868e+01
9.58560410e+01
9.40325246e+01
9.28793265e+01
9.18135460e+01
9.02832542e+01
8.92330869e+01
8.85597377e+01
8.81591548e+01
8.68839250e+01
8.63656664e+01
8.55631132e+01
8.51438946e+01
8.44393400e+01
8.37808727e+01
8.35491686e+01
8.31514418e+01
8.26066272e+01
8.24344497e+01
8.19486156e+01
8.16905421e+01
2.70379479e+02
2.50139081e+02
2.46466875e+02
2.41788161e+02
2.36648469e+02
2.31399521e+02
2.25944144e+02
2.20453266e+02
2.14736002e+02
2.10359553e+02
2.05961760e+02
2.01788010e+02
1.98013696e+02
1.94502765e+02
1.91832193e+02
1.89090045e+02
1.85943314e+02
1.83620021e+02
1.81414103e+02
1.79462826e+02
1.77715232e+02
1.76543697e+02
1.75280316e+02
1.73279965e+02
1.72197607e+02
1.70933053e+02
1.70080212e+02
1.69155515e+02
1.68510775e+02
1.67459558e+02
1.66457028e+02
1.66082665e+02
1.65548377e+02
1.64508595e+02
1.64071800e+02
1.63492441e+02
1.63396592e+02
2.69907115e+02
2.69824474e+02
2.69614076e+02
2.68819830e+02
2.68366559e+02
2.66812775e+02
2.65625396e+02
2.63906875e+02
2.61965428e+02
2.59847056e+02
2.58128276e+02
2.56253637e+02
2.54400544e+02
2.53292287e+02
2.51439195e+02
2.50232756e+02
2.48800573e+02
2.47619253e+02
2.46232097e+02
2.44442831e+02
2.43409623e+02
2.42250533e+02
2.41682650e+02
2.40402761e+02
2.40198499e+02
2.39410668e+02
2.38333078e+02
2.37628959e+02
2.37191713e+02
2.37043434e+02
2.36272189e+02
2.35483332e+02
2.35349352e+02
2.35031133e+02
2.34415786e+02
2.34261681e+02
2.33723449e+02
2.67877267e+02
2.67566122e+02
2.68099475e+02
2.68054751e+02
2.67901746e+02
2.67489421e+02
2.66956407e+02
2.66867388e+02
2.66791366e+02
2.66724980e+02
2.66239210e+02
2.65730599e+02
2.65541066e+02
2.65246646e+02
2.65023955e+02
2.64810553e+02
2.64622447e+02
2.63849019e+02
2.64217970e+02
2.63829845e+02
2.63954799e+02
2.63462444e+02
2.63446673e+02
2.63163574e+02
2.62871578e+02
2.62733973e+02
2.62708538e+02
2.62436516e+02
2.62381723e+02
2.62422847e+02
2.62262681e+02
2.61995111e+02
2.62244145e+02
2.61876817e+02
2.62056145e+02
2.62054293e+02
2.61772577e+02
2.69516873e+02
2.68780039e+02
2.66043477e+02
2.61572937e+02
2.56773915e+02
2.51170794e+02
2.46612980e+02
2.42320937e+02
2.37372097e+02
2.33068457e+02
2.29582991e+02
2.26080016e+02
2.22978384e+02
2.19894285e+02
2.17324412e+02
2.14735511e+02
2.12370019e+02
2.10248934e+02
2.08154140e+02
2.06473799e+02
2.04904638e+02
2.03107141e+02
2.01632935e+02
2.00411082e+02
1.98688979e+02
1.97470886e+02
1.96258286e+02
1.95177007e+02
1.94404401e+02
1.93261101e+02
1.92317178e+02
1.90925641e+02
1.90287060e+02
1.89383514e+02
1.88798909e+02
1.87888407e+02
1.87079493e+02
2.69826069e+02
2.68967766e+02
2.65351339e+02
2.60468615e+02
2.55795072e+02
2.51356921e+02
2.46871460e+02
2.43148030e+02
2.39247369e+02
2.35366705e+02
2.32421275e+02
2.29190475e+02
2.26619742e+02
2.24341438e+02
2.21867446e+02
2.19794481e+02
2.17893141e+02
2.15637398e+02
2.13856401e+02
2.12169946e+02
2.10902780e+02
2.09063847e+02
2.07802869e+02
2.06461191e+02
2.05449882e+02
2.03942844e+02
2.02984933e+02
2.01953835e+02
2.01117350e+02
2.00068232e+02
1.99299550e+02
1.98755129e+02
1.97442286e+02
1.97040400e+02
1.96467978e+02
1.95589298e+02
1.95037200e+02
2.70896438e+02
2.70369063e+02
2.70467945e+02
2.70118199e+02
2.69116878e+02
2.67666247e+02
2.66400041e+02
2.65039828e+02
2.63398790e+02
2.61318988e+02
2.59616167e+02
2.57726627e+02
2.56498023e+02
2.55093719e+02
2.52796003e+02
2.51958432e+02
2.50157976e+02
2.49096654e+02
2.47723005e+02
2.46472038e+02
2.45218716e+02
2.44088034e+02
2.42883491e+02
2.41714718e+02
2.41011176e+02
2.40153612e+02
2.39422035e+02
2.38452549e+02
2.37766757e+02
2.36906724e+02
2.36803476e+02
2.35827754e+02
2.35058830e+02
2.34743827e+02
2.34013845e+02
2.33458862e+02
2.32882249e+02
2.71334021e+02
2.70853500e+02
2.70976119e+02
2.71208809e+02
2.70716844e+02
2.70069879e+02
2.69470778e+02
2.68537506e+02
2.67232384e+02
2.66279920e+02
2.65092541e+02
2.63850416e+02
2.63030584e+02
2.61612144e+02
2.60337926e+02
2.59412083e+02
2.58355291e+02
2.57466337e+02
2.56297715e+02
2.55083191e+02
2.54224759e+02
2.53367889e+02
2.52252746e+02
2.51805392e+02
2.50941354e+02
2.50516796e+02
2.49469110e+02
2.49242467e+02
2.48518032e+02
2.47861051e+02
2.47320572e+02
2.46879417e+02
2.46198507e+02
2.45999537e+02
2.45438211e+02
2.45039940e+02
2.45368917e+02
2.71028512e+02
2.71128849e+02
2.71197074e+02
2.71477094e+02
2.70835059e+02
2.70605856e+02
2.70200932e+02
2.69736600e+02
2.68794533e+02
2.68133202e+02
2.67309294e+02
2.66726205e+02
2.65815769e+02
2.64964688e+02
2.64234011e+02
2.63205772e+02
2.62934906e+02
2.62151675e+02
2.61296042e+02
2.60611471e+02
2.59794716e+02
2.58999451e+02
2.58545651e+02
2.58263035e+02
2.57701242e+02
2.57120786e+02
2.57044802e+02
2.56248733e+02
2.55957344e+02
2.55104096e+02
2.55117062e+02
2.54550524e+02
2.54647680e+02
2.54492777e+02
2.54194118e+02
2.53887935e+02
2.53683876e+02
