2.69948853e+02
4.99798505e+01
4.03898787e+01
3.78081325e+01
3.52791855e+01
3.36479170e+01
3.27952178e+01
3.17176125e+01
3.11986208e+01
3.04384967e+01
2.96974973e+01
2.94923400e+01
2.90397485e+01
2.83838215e+01
2.79723007e+01
2.75414987e+01
2.71306779e+01
2.68204308e+01
2.68641283e+01
2.63310029e+01
2.57984928e+01
2.57994313e+01
2.59133753e+01
2.51696402e+01
2.53087729e+01
2.53902254e+01
2.51696788e+01
2.46703217e+01
2.51331867e+01
2.42436510e+01
2.43976197e+01
2.43209706e+01
2.39111831e+01
2.39407849e+01
2.38991879e+01
2.38990317e+01
2.39525182e+01
2.69946453e+02
1.49875139e+02
1.49928017e+02
1.50083231e+02
1.41669820e+02
1.34523468e+02
1.28793132e+02
1.23248940e+02
1.18786563e+02
1.15317047e+02
1.11385997e+02
1.08239364e+02
1.05296965e+02
1.03126938e+02
1.00746297e+02
9.89332533e+01
9.69438089e+01
9.56060911e+01
9.36305723e+01
9.22397912e+01
9.16169699e+01
8.99569578e+01
8.92089219e+01
8.81336289e+01
8.74174890e+01
8.67740606e+01
8.60559247e+01
8.52476258e+01
8.46952994e+01
8.44841604e+01
8.40877329e+01
8.32490642e+01
8.27764085e+01
8.25672272e+01
8.24439217e+01
8.18701487e+01
8.10407520e+01
2.70026990e+02
2.49885018e+02
2.46282730e+02
2.41588517e+02
2.36745875e+02
2.31592177e+02
2.25661002e+02
2.20457986e+02
2.15327947e+02
2.10374881e+02
2.06084455e+02
2.02214330e+02
1.98181232e+02
1.95038629e+02
1.92016634e+02
1.89113013e+02
1.86558219e+02
1.84308346e+02
1.81919147e+02
1.80200180e+02
1.78023188e+02
1.76601906e+02
1.75074774e+02
1.73618330e+02
1.72482167e+02
1.71220025e+02
1.70367214e+02
1.68821811e+02
1.68288515e+02
1.67570374e+02
1.66683461e+02
1.65596801e+02
1.65282006e+02
1.64619914e+02
1.63979650e+02
1.63504940e+02
1.62679190e+02
2.69568086e+02
2.69804891e+02
2.69450364e+02
2.69251561e+02
2.68262249e+02
2.66812801e+02
2.65561999e+02
2.63860323e+02
2.62002996e+02
2.60343692e+02
2.58172131e+02
2.56384237e+02
2.55125788e+02
2.52550037e+02
2.51239860e+02
2.50075621e+02
2.48552396e+02
2.47193371e+02
2.45810602e+02
2.44315698e+02
2.43375470e+02
2.42681666e+02
2.41511032e+02
2.40118258e+02
2.39627527e+02
2.39209207e+02
2.38115277e+02
2.37430552e+02
2.36697314e+02
2.35929760e+02
2.35368550e+02
2.34703163e+02
2.34301766e+02
2.34026768e+02
2.33303470e+02
2.33137658e+02
2.32863395e+02
2.67887398e+02
2.67807781e+02
2.67743196e+02
2.68281044e+02
2.67401229e+02
2.67917098e+02
2.67567907e+02
2.67321913e+02
2.67011441e+02
2.66496552e+02
2.66505599e+02
2.66004121e+02
2.65421901e+02
2.65187802e+02
2.65180773e+02
2.64618782e+02
2.64619907e+02
2.64383754e+02
2.64080718e+02
2.64118611e+02
2.63570712e+02
2.63760284e+02
2.63266252e+02
2.63319360e+02
2.63085972e+02
2.63344861e+02
2.63094174e+02
2.63017989e+02
2.62595881e+02
2.62552277e+02
2.62280450e+02
2.62197743e+02
2.62042231e+02
2.62143597e+02
2.62007895e+02
2.62302633e+02
2.61971071e+02
2.71843587e+02
2.71096701e+02
2.67681056e+02
2.62514986e+02
2.57171473e+02
2.51974455e+02
2.46156555e+02
2.41723420e+02
2.36654024e+02
2.32398894e+02
2.28301134e+02
2.24667134e+02
2.21238663e+02
2.17877530e+02
2.14726605e+02
2.12414254e+02
2.10006298e+02
2.07543803e+02
2.05089367e+02
2.02792173e+02
2.01108238e+02
1.99966348e+02
1.98035629e+02
1.95983813e+02
1.94847080e+02
1.93416388e+02
1.92188558e+02
1.90337160e+02
1.89566546e+02
1.88441745e+02
1.87344845e+02
1.86709319e+02
1.85477273e+02
1.84729371e+02
1.83886630e+02
1.82848697e+02
1.82400461e+02
2.71632635e+02
2.70650705e+02
2.66355776e+02
2.61690390e+02
2.56700383e+02
2.51787262e+02
2.47124509e+02
2.42383549e+02
2.38624399e+02
2.35318760e+02
2.31720105e+02
2.28542523e+02
2.25796862e+02
2.22657530e+02
2.19966483e+02
2.17327341e+02
2.15565601e+02
2.12982040e+02
2.11087101e+02
2.09390718e+02
2.07393875e+02
2.05978098e+02
2.04486502e+02
2.02914693e+02
2.02066170e+02
2.00459028e+02
1.98789874e+02
1.98171316e+02
1.96795238e+02
1.96126512e+02
1.94841757e+02
1.93821419e+02
1.93091715e+02
1.92439826e+02
1.91693133e+02
1.90911103e+02
1.90086810e+02
2.71271803e+02
2.71329371e+02
2.71513229e+02
2.70601361e+02
2.69415288e+02
2.68610031e+02
2.66822023e+02
2.64700055e+02
2.63321725e+02
2.61425429e+02
2.59011418e+02
2.57848587e+02
2.55373978e+02
2.54102172e+02
2.51884496e+02
2.50451717e+02
2.48676774e+02
2.46777660e+02
2.45435360e+02
2.43666921e+02
2.42606270e+02
2.41389052e+02
2.40289650e+02
2.39008976e+02
2.38039308e+02
2.37172758e+02
2.35625464e+02
2.34777965e+02
2.33899268e+02
2.33138518e+02
2.32277723e+02
2.31648661e+02
2.30474605e+02
2.30135726e+02
2.29711982e+02
2.29050619e+02
2.28348320e+02
2.70835715e+02
2.71104826e+02
2.70908467e+02
2.70983423e+02
2.70696609e+02
2.70154855e+02
2.69500928e+02
2.68567914e+02
2.67402417e+02
2.66417038e+02
2.64912303e+02
2.63823179e+02
2.62312935e+02
2.61364478e+02
2.59893308e+02
2.58702197e+02
2.57958787e+02
2.56179087e+02
2.55866494e+02
2.54205159e+02
2.53047713e+02
2.52250533e+02
2.51246224e+02
2.50300406e+02
2.49533858e+02
2.48369200e+02
2.47654186e+02
2.47343971e+02
2.46661983e+02
2.45778665e+02
2.45444951e+02
2.44885979e+02
2.44517534e+02
2.43381377e+02
2.43101857e+02
2.42774544e+02
2.42228500e+02
2.70848256e+02
2.71095492e+02
2.70975836e+02
2.71128529e+02
2.71197061e+02
2.70951199e+02
2.70480949e+02
2.69931758e+02
2.69539043e+02
2.68802291e+02
2.68321543e+02
2.67843995e+02
2.67108408e+02
2.66285625e+02
2.65575112e+02
2.65152659e+02
2.64342474e+02
2.64101560e+02
2.63356647e+02
2.62595812e+02
2.62220761e+02
2.61834794e+02
2.61396998e+02
2.60996856e+02
2.60359088e+02
2.60117805e+02
2.59530446e+02
2.59025111e+02
2.58727522e+02
2.58678899e+02
2.58002709e+02
2.57619642e+02
2.57655762e+02
2.57560950e+02
2.57559019e+02
2.56688255e+02
2.56474924e+02
