2.70000000e+02
5.00000000e+01
4.01789660e+01
3.72245950e+01
3.50911910e+01
3.36087800e+01
3.24917450e+01
3.16059000e+01
3.08801870e+01
3.02722950e+01
2.97547700e+01
2.93086070e+01
2.87895250e+01
2.83129670e+01
2.78867000e+01
2.75049590e+01
2.71618660e+01
2.68523060e+01
2.65719470e+01
2.63171400e+01
2.60848070e+01
2.58723370e+01
2.56775050e+01
2.54984050e+01
2.53333970e+01
2.51810580e+01
2.50401500e+01
2.49095890e+01
2.47884220e+01
2.46758090e+01
2.45710020e+01
2.44733380e+01
2.43822210e+01
2.42971210e+01
2.42175560e+01
2.41430950e+01
2.40733470e+01
2.70000000e+02
1.50000000e+02
1.50000000e+02
1.50000000e+02
1.41360770e+02
1.34761095e+02
1.28726111e+02
1.23437325e+02
1.18835611e+02
1.14824907e+02
1.11314036e+02
1.08225625e+02
1.05484121e+02
1.03025177e+02
1.00816456e+02
9.88304120e+01
9.70416990e+01
9.54277350e+01
9.39686930e+01
9.26472560e+01
9.14483010e+01
9.03586060e+01
8.93665820e+01
8.84620500e+01
8.76360450e+01
8.68806540e+01
8.61888770e+01
8.55545040e+01
8.49720200e+01
8.44365130e+01
8.39436020e+01
8.34893700e+01
8.30703120e+01
8.26832830e+01
8.23254600e+01
8.19942990e+01
8.16875120e+01
2.70000000e+02
2.50000000e+02
2.46070715e+02
2.41528154e+02
2.36762044e+02
2.31498042e+02
2.25921565e+02
2.20445482e+02
2.15262899e+02
2.10449033e+02
2.06022385e+02
2.01974286e+02
1.98283407e+02
1.94922166e+02
1.91860944e+02
1.89071725e+02
1.86529035e+02
1.84209782e+02
1.82093013e+02
1.80159721e+02
1.78392689e+02
1.76776338e+02
1.75296593e+02
1.73940745e+02
1.72697330e+02
1.71556008e+02
1.70507453e+02
1.69543254e+02
1.68655825e+02
1.67838317e+02
1.67084547e+02
1.66388929e+02
1.65746413e+02
1.65152429e+02
1.64602839e+02
1.64093895e+02
1.63622196e+02
2.69960818e+02
2.69822401e+02
2.69504839e+02
2.68955711e+02
2.68096665e+02
2.66915659e+02
2.65461857e+02
2.63810872e+02
2.62040673e+02
2.60217790e+02
2.58393137e+02
2.56603009e+02
2.54871894e+02
2.53215220e+02
2.51641826e+02
2.50155829e+02
2.48758097e+02
2.47447355e+02
2.46220954e+02
2.45075399e+02
2.44006698e+02
2.43010609e+02
2.42082804e+02
2.41218981e+02
2.40414945e+02
2.39666651e+02
2.38970242e+02
2.38322062e+02
2.37718670e+02
2.37156836e+02
2.36633544e+02
2.36145982e+02
2.35691535e+02
2.35267776e+02
2.34872455e+02
2.34503488e+02
2.34158948e+02
2.68011488e+02
2.68002487e+02
2.67968816e+02
2.67900957e+02
2.67785653e+02
2.67614092e+02
2.67388610e+02
2.67119534e+02
2.66820252e+02
2.66503714e+02
2.66180671e+02
2.65859250e+02
2.65545201e+02
2.65242362e+02
2.64953117e+02
2.64678785e+02
2.64419932e+02
2.64176610e+02
2.63948531e+02
2.63735188e+02
2.63535942e+02
2.63350080e+02
2.63176848e+02
2.63015487e+02
2.62865241e+02
2.62725378e+02
2.62595194e+02
2.62474016e+02
2.62361210e+02
2.62256179e+02
2.62158360e+02
2.62067233e+02
2.61982308e+02
2.61903132e+02
2.61829286e+02
2.61760378e+02
2.61696049e+02
2.68972361e+02
2.68315812e+02
2.65374489e+02
2.60929400e+02
2.55916436e+02
2.50798171e+02
2.45802152e+02
2.41043608e+02
2.36576088e+02
2.32417611e+02
2.28565926e+02
2.25007708e+02
2.21723964e+02
2.18692607e+02
2.15891249e+02
2.13299012e+02
2.10896799e+02
2.08667281e+02
2.06594848e+02
2.04665490e+02
2.02866676e+02
2.01187201e+02
1.99617051e+02
1.98147262e+02
1.96769800e+02
1.95477451e+02
1.94263715e+02
1.93122727e+02
1.92049177e+02
1.91038245e+02
1.90085545e+02
1.89187073e+02
1.88339165e+02
1.87538464e+02
1.86781881e+02
1.86066571e+02
1.85389910e+02
2.69242641e+02
2.68280720e+02
2.64738739e+02
2.60085746e+02
2.55309269e+02
2.50710913e+02
2.46372417e+02
2.42313506e+02
2.38532669e+02
2.35019214e+02
2.31758030e+02
2.28732047e+02
2.25923491e+02
2.23313906e+02
2.20886063e+02
2.18624748e+02
2.16516304e+02
2.14548351e+02
2.12709656e+02
2.10990029e+02
2.09380230e+02
2.07871876e+02
2.06457354e+02
2.05129739e+02
2.03882723e+02
2.02710551e+02
2.01607960e+02
2.00570130e+02
1.99592636e+02
1.98671413e+02
1.97802717e+02
1.96983095e+02
1.96209357e+02
1.95478554e+02
1.94787952e+02
1.94135019e+02
1.93517403e+02
2.70497568e+02
2.70485289e+02
2.70341238e+02
2.69866562e+02
2.69001020e+02
2.67807666e+02
2.66379175e+02
2.64796760e+02
2.63123049e+02
2.61404734e+02
2.59676372e+02
2.57963453e+02
2.56284571e+02
2.54653059e+02
2.53078081e+02
2.51565599e+02
2.50119178e+02
2.48740591e+02
2.47430253e+02
2.46187557e+02
2.45011143e+02
2.43899097e+02
2.42849124e+02
2.41858672e+02
2.40925037e+02
2.40045434e+02
2.39217062e+02
2.38437144e+02
2.37702963e+02
2.37011882e+02
2.36361362e+02
2.35748974e+02
2.35172401e+02
2.34629448e+02
2.34118036e+02
2.33636203e+02
2.33182102e+02
2.70863788e+02
2.70854880e+02
2.70824056e+02
2.70709791e+02
2.70436425e+02
2.69967594e+02
2.69308702e+02
2.68487756e+02
2.67540066e+02
2.66500396e+02
2.65399765e+02
2.64264453e+02
2.63115962e+02
2.61971413e+02
2.60844063e+02
2.59743862e+02
2.58678026e+02
2.57651572e+02
2.56667764e+02
2.55728494e+02
2.54834590e+02
2.53986062e+02
2.53182304e+02
2.52422260e+02
2.51704543e+02
2.51027544e+02
2.50389508e+02
2.49788596e+02
2.49222930e+02
2.48690634e+02
2.48189857e+02
2.47718792e+02
2.47275692e+02
2.46858882e+02
2.46466758e+02
2.46097799e+02
2.45750560e+02
2.71054810e+02
2.71031374e+02
2.71004540e+02
2.70930950e+02
2.70764554e+02
2.70477602e+02
2.70065479e+02
2.69539887e+02
2.68920746e+02
2.68230457e+02
2.67490594e+02
2.66720284e+02
2.65935663e+02
2.65149752e+02
2.64372773e+02
2.63612485e+02
2.62874578e+02
2.62163052e+02
2.61480567e+02
2.60828721e+02
2.60208294e+02
2.59619438e+02
2.59061831e+02
2.58534802e+02
2.58037424e+02
2.57568599e+02
2.57127109e+02
2.56711671e+02
2.56320968e+02
2.55953676e+02
2.55608488e+02
2.55284126e+02
2.54979353e+02
2.54692981e+02
2.54423875e+02
2.54170954e+02
2.53933196e+02
