2.70000000e+02
5.00000000e+01
4.00622590e+01
3.71346830e+01
3.50503100e+01
3.36006330e+01
3.25038080e+01
3.16296870e+01
3.09099930e+01
3.03042770e+01
2.97863480e+01
2.93381060e+01
2.88172770e+01
2.83353500e+01
2.79031800e+01
2.75153440e+01
2.71661670e+01
2.68506670e+01
2.65645990e+01
2.63043680e+01
2.60669240e+01
2.58496700e+01
2.56503830e+01
2.54671500e+01
2.52983180e+01
2.51424520e+01
2.49982950e+01
2.48647470e+01
2.47408390e+01
2.46257120e+01
2.45186030e+01
2.44188330e+01
2.43257930e+01
2.42389370e+01
2.41577720e+01
2.40818560e+01
2.40107840e+01
2.70000000e+02
1.50000000e+02
1.50000000e+02
1.50000000e+02
1.41491578e+02
1.35017917e+02
1.29081186e+02
1.23863826e+02
1.19314700e+02
1.15342633e+02
1.11859771e+02
1.08791144e+02
1.06063288e+02
1.03612669e+02
1.01407918e+02
9.94224760e+01
9.76317610e+01
9.60137840e+01
9.45491970e+01
9.32210690e+01
9.20145920e+01
9.09168010e+01
8.99163200e+01
8.90031400e+01
8.81684370e+01
8.74044110e+01
8.67041490e+01
8.60615140e+01
8.54710420e+01
8.49278610e+01
8.44276200e+01
8.39664220e+01
8.35407710e+01
8.31475270e+01
8.27838670e+01
8.24472430e+01
8.21353580e+01
2.70000000e+02
2.50000000e+02
2.46356167e+02
2.41970912e+02
2.37303542e+02
2.32132237e+02
2.26634422e+02
2.21220939e+02
2.16089254e+02
2.11316937e+02
2.06923905e+02
2.02902521e+02
1.99232310e+02
1.95886466e+02
1.92836039e+02
1.90053617e+02
1.87514296e+02
1.85195521e+02
1.83076830e+02
1.81139662e+02
1.79367196e+02
1.77744206e+02
1.76256923e+02
1.74892902e+02
1.73640904e+02
1.72490778e+02
1.71433354e+02
1.70460352e+02
1.69564285e+02
1.68738389e+02
1.67976541e+02
1.67273202e+02
1.66623354e+02
1.66022449e+02
1.65466361e+02
1.64951347e+02
1.64474004e+02
2.71197835e+02
2.70998952e+02
2.70630729e+02
2.70036842e+02
2.69138337e+02
2.67924115e+02
2.66443661e+02
2.64771780e+02
2.62985061e+02
2.61148669e+02
2.59312415e+02
2.57511801e+02
2.55770741e+02
2.54104371e+02
2.52521368e+02
2.51025791e+02
2.49618520e+02
2.48298331e+02
2.47062646e+02
2.45908040e+02
2.44830595e+02
2.43826128e+02
2.42890361e+02
2.42019032e+02
2.41207970e+02
2.40453148e+02
2.39750713e+02
2.39097012e+02
2.38488593e+02
2.37922215e+02
2.37394845e+02
2.36903652e+02
2.36445997e+02
2.36019433e+02
2.35621683e+02
2.35250642e+02
2.34904358e+02
2.68186059e+02
2.68172913e+02
2.68133317e+02
2.68062732e+02
2.67949250e+02
2.67784747e+02
2.67571438e+02
2.67318835e+02
2.67039154e+02
2.66744153e+02
2.66443570e+02
2.66144755e+02
2.65852906e+02
2.65571491e+02
2.65302671e+02
2.65047643e+02
2.64806926e+02
2.64580570e+02
2.64368316e+02
2.64169710e+02
2.63984173e+02
2.63811054e+02
2.63649670e+02
2.63499322e+02
2.63359321e+02
2.63228993e+02
2.63107689e+02
2.62994789e+02
2.62889705e+02
2.62791884e+02
2.62700806e+02
2.62615984e+02
2.62536965e+02
2.62463326e+02
2.62394675e+02
2.62330647e+02
2.62270904e+02
2.73843579e+02
2.73042217e+02
2.69921181e+02
2.65241079e+02
2.59948519e+02
2.54536463e+02
2.49253450e+02
2.44225270e+02
2.39509775e+02
2.35126013e+02
2.31071118e+02
2.27330363e+02
2.23883000e+02
2.20705111e+02
2.17772458e+02
2.15062418e+02
2.12554316e+02
2.10229432e+02
2.08070928e+02
2.06063730e+02
2.04194372e+02
2.02450842e+02
2.00822420e+02
1.99299534e+02
1.97873617e+02
1.96536988e+02
1.95282746e+02
1.94104669e+02
1.92997133e+02
1.91955043e+02
1.90973767e+02
1.90049085e+02
1.89177139e+02
1.88354397e+02
1.87577616e+02
1.86843810e+02
1.86150227e+02
2.73703778e+02
2.72586764e+02
2.68928491e+02
2.64138952e+02
2.59188757e+02
2.54395065e+02
2.49854417e+02
2.45596084e+02
2.41624187e+02
2.37931106e+02
2.34503160e+02
2.31323680e+02
2.28374640e+02
2.25637011e+02
2.23092716e+02
2.20725584e+02
2.18521009e+02
2.16465705e+02
2.14547595e+02
2.12755718e+02
2.11080135e+02
2.09511830e+02
2.08042627e+02
2.06665097e+02
2.05372482e+02
2.04158624e+02
2.03017905e+02
2.01945185e+02
2.00935755e+02
1.99985296e+02
1.99089834e+02
1.98245713e+02
1.97449558e+02
1.96698254e+02
1.95988919e+02
1.95318884e+02
1.94685674e+02
2.73054488e+02
2.72970051e+02
2.72755075e+02
2.72220424e+02
2.71303409e+02
2.70061567e+02
2.68584920e+02
2.66954570e+02
2.65233970e+02
2.63470690e+02
2.61699938e+02
2.59947582e+02
2.58232422e+02
2.56567823e+02
2.54962897e+02
2.53423490e+02
2.51953011e+02
2.50553049e+02
2.49223826e+02
2.47964544e+02
2.46773651e+02
2.45649054e+02
2.44588287e+02
2.43588637e+02
2.42647249e+02
2.41761201e+02
2.40927563e+02
2.40143443e+02
2.39406015e+02
2.38712547e+02
2.38060409e+02
2.37447094e+02
2.36870212e+02
2.36327502e+02
2.35816825e+02
2.35336169e+02
2.34883638e+02
2.72712690e+02
2.72633911e+02
2.72523516e+02
2.72319565e+02
2.71943253e+02
2.71365777e+02
2.70600792e+02
2.69681245e+02
2.68644442e+02
2.67525423e+02
2.66354650e+02
2.65157522e+02
2.63954595e+02
2.62762080e+02
2.61592405e+02
2.60454792e+02
2.59355836e+02
2.58300018e+02
2.57290153e+02
2.56327744e+02
2.55413288e+02
2.54546505e+02
2.53726541e+02
2.52952117e+02
2.52221656e+02
2.51533378e+02
2.50885377e+02
2.50275680e+02
2.49702292e+02
2.49163229e+02
2.48656544e+02
2.48180349e+02
2.47732821e+02
2.47312214e+02
2.46916867e+02
2.46545203e+02
2.46195729e+02
2.72225972e+02
2.72137792e+02
2.72060373e+02
2.71946172e+02
2.71749022e+02
2.71441161e+02
2.71017314e+02
2.70487942e+02
2.69871479e+02
2.69188862e+02
2.68460379e+02
2.67704104e+02
2.66935300e+02
2.66166368e+02
2.65407044e+02
2.64664727e+02
2.63944845e+02
2.63251216e+02
2.62586363e+02
2.61951793e+02
2.61348225e+02
2.60775766e+02
2.60234068e+02
2.59722445e+02
2.59239965e+02
2.58785528e+02
2.58357923e+02
2.57955873e+02
2.57578072e+02
2.57223208e+02
2.56889988e+02
2.56577149e+02
2.56283469e+02
2.56007775e+02
2.55748946e+02
2.55505920e+02
2.55277689e+02
