2.70000000e+02
5.00000000e+01
4.02470470e+01
3.73527820e+01
3.52243760e+01
3.37341000e+01
3.26056110e+01
3.17074270e+01
3.09694940e+01
3.03498930e+01
2.98213190e+01
2.93648440e+01
2.88520670e+01
2.83641270e+01
2.79266450e+01
2.75343350e+01
2.71813880e+01
2.68626850e+01
2.65738690e+01
2.63112600e+01
2.60717410e+01
2.58526650e+01
2.56517710e+01
2.54671180e+01
2.52970300e+01
2.51400520e+01
2.49949170e+01
2.48605120e+01
2.47358590e+01
2.46200900e+01
2.45124360e+01
2.44122120e+01
2.43188040e+01
2.42316590e+01
2.41502820e+01
2.40742240e+01
2.40030770e+01
2.70000000e+02
1.50000000e+02
1.50000000e+02
1.50000000e+02
1.41510532e+02
1.34992250e+02
1.29005620e+02
1.23742265e+02
1.19152010e+02
1.15143584e+02
1.11628617e+02
1.08531500e+02
1.05780470e+02
1.03309050e+02
1.01084421e+02
9.90801870e+01
9.72717890e+01
9.56371750e+01
9.41569160e+01
9.28139990e+01
9.15935470e+01
9.04825390e+01
8.94695470e+01
8.85445250e+01
8.76986140e+01
8.69239840e+01
8.62137000e+01
8.55615990e+01
8.49622010e+01
8.44106130e+01
8.39024650e+01
8.34338430e+01
8.30012360e+01
8.26014860e+01
8.22317520e+01
8.18894720e+01
8.15723300e+01
2.70000000e+02
2.50000000e+02
2.46195404e+02
2.41731120e+02
2.37020109e+02
2.31810279e+02
2.26276173e+02
2.20826130e+02
2.15655788e+02
2.10842765e+02
2.06407639e+02
2.02343522e+02
1.98630629e+02
1.95242826e+02
1.92151540e+02
1.89329497e+02
1.86751894e+02
1.84396258e+02
1.82242189e+02
1.80271165e+02
1.78466379e+02
1.76812602e+02
1.75296048e+02
1.73904246e+02
1.72625921e+02
1.71450881e+02
1.70369915e+02
1.69374693e+02
1.68457684e+02
1.67612073e+02
1.66831691e+02
1.66110949e+02
1.65444781e+02
1.64828592e+02
1.64258210e+02
1.63729845e+02
1.63240050e+02
2.70415024e+02
2.70335050e+02
2.70055906e+02
2.69530852e+02
2.68683959e+02
2.67504589e+02
2.66043313e+02
2.64376926e+02
2.62584372e+02
2.60733180e+02
2.58875317e+02
2.57048138e+02
2.55277081e+02
2.53578514e+02
2.51962081e+02
2.50432589e+02
2.48991477e+02
2.47637932e+02
2.46369672e+02
2.45183488e+02
2.44075610e+02
2.43041957e+02
2.42078315e+02
2.41180455e+02
2.40344219e+02
2.39565575e+02
2.38840652e+02
2.38165766e+02
2.37537433e+02
2.36952368e+02
2.36407495e+02
2.35899932e+02
2.35426996e+02
2.34986186e+02
2.34575178e+02
2.34191816e+02
2.33834099e+02
2.68136530e+02
2.68132500e+02
2.68104789e+02
2.68037897e+02
2.67917048e+02
2.67732818e+02
2.67487920e+02
2.67193801e+02
2.66865234e+02
2.66516512e+02
2.66159549e+02
2.65803409e+02
2.65454560e+02
2.65117374e+02
2.64794622e+02
2.64487897e+02
2.64197946e+02
2.63924931e+02
2.63668625e+02
2.63428545e+02
2.63204049e+02
2.62994400e+02
2.62798809e+02
2.62616468e+02
2.62446569e+02
2.62288321e+02
2.62140957e+02
2.62003745e+02
2.61875987e+02
2.61757024e+02
2.61646235e+02
2.61543039e+02
2.61446892e+02
2.61357287e+02
2.61273753e+02
2.61195851e+02
2.61123175e+02
2.72826834e+02
2.72053216e+02
2.68981145e+02
2.64358545e+02
2.59110903e+02
2.53720931e+02
2.48437971e+02
2.43393299e+02
2.38650818e+02
2.34234615e+02
2.30145533e+02
2.26371348e+02
2.22892920e+02
2.19687311e+02
2.16730653e+02
2.14000352e+02
2.11475597e+02
2.09137436e+02
2.06968757e+02
2.04954192e+02
2.03079995e+02
2.01333885e+02
1.99704898e+02
1.98183237e+02
1.96760136e+02
1.95427738e+02
1.94178982e+02
1.93007506e+02
1.91907562e+02
1.90873944e+02
1.89901922e+02
1.88987186e+02
1.88125799e+02
1.87314158e+02
1.86548952e+02
1.85827138e+02
1.85145910e+02
2.72718598e+02
2.71606783e+02
2.67916156e+02
2.63091994e+02
2.58111554e+02
2.53288893e+02
2.48719856e+02
2.44434480e+02
2.40437708e+02
2.36722451e+02
2.33275286e+02
2.30079605e+02
2.27117361e+02
2.24369441e+02
2.21817461e+02
2.19444963e+02
2.17237099e+02
2.15180366e+02
2.13262490e+02
2.11472330e+02
2.09799787e+02
2.08235704e+02
2.06771777e+02
2.05400466e+02
2.04114914e+02
2.02908877e+02
2.01776656e+02
2.00713043e+02
1.99713267e+02
1.98772950e+02
1.97888068e+02
1.97054916e+02
1.96270075e+02
1.95530390e+02
1.94832940e+02
1.94175020e+02
1.93554124e+02
2.72216832e+02
2.72178063e+02
2.72010614e+02
2.71516526e+02
2.70632637e+02
2.69416826e+02
2.67959100e+02
2.66340813e+02
2.64626146e+02
2.62863699e+02
2.61089779e+02
2.59331284e+02
2.57607897e+02
2.55933714e+02
2.54318424e+02
2.52768313e+02
2.51287109e+02
2.49876636e+02
2.48537283e+02
2.47268365e+02
2.46068411e+02
2.44935377e+02
2.43866824e+02
2.42860055e+02
2.41912217e+02
2.41020381e+02
2.40181605e+02
2.39392979e+02
2.38651658e+02
2.37954886e+02
2.37300013e+02
2.36684501e+02
2.36105940e+02
2.35562039e+02
2.35050636e+02
2.34569690e+02
2.34117281e+02
2.71980341e+02
2.71958960e+02
2.71916084e+02
2.71776176e+02
2.71459739e+02
2.70935740e+02
2.70215922e+02
2.69332566e+02
2.68323330e+02
2.67224175e+02
2.66066717e+02
2.64877522e+02
2.63678224e+02
2.62485987e+02
2.61314045e+02
2.60172293e+02
2.59067863e+02
2.58005668e+02
2.56988858e+02
2.56019200e+02
2.55097392e+02
2.54223312e+02
2.53396224e+02
2.52614936e+02
2.51877937e+02
2.51183493e+02
2.50529729e+02
2.49914692e+02
2.49336397e+02
2.48792864e+02
2.48282147e+02
2.47802346e+02
2.47351632e+02
2.46928247e+02
2.46530514e+02
2.46156840e+02
2.45805717e+02
2.71690312e+02
2.71696162e+02
2.71680726e+02
2.71613565e+02
2.71450781e+02
2.71164276e+02
2.70748683e+02
2.70215257e+02
2.69583891e+02
2.68877304e+02
2.68117616e+02
2.67324630e+02
2.66515155e+02
2.65702925e+02
2.64898783e+02
2.64111030e+02
2.63345808e+02
2.62607483e+02
2.61898993e+02
2.61222150e+02
2.60577882e+02
2.59966441e+02
2.59387564e+02
2.58840607e+02
2.58324648e+02
2.57838569e+02
2.57381124e+02
2.56950987e+02
2.56546791e+02
2.56167160e+02
2.55810730e+02
2.55476165e+02
2.55162171e+02
2.54867501e+02
2.54590963e+02
2.54331423e+02
2.54087806e+02
