2.70508042e+02
5.00557679e+01
4.03942584e+01
3.73518466e+01
3.50714819e+01
3.36736446e+01
3.27156357e+01
3.17422280e+01
3.10275194e+01
3.02281334e+01
3.02220096e+01
2.95651160e+01
2.88809549e+01
2.85717251e+01
2.78515548e+01
2.76690097e+01
2.73367415e+01
2.72697837e+01
2.65861098e+01
2.62846997e+01
2.64444811e+01
2.60269805e+01
2.53226390e+01
2.54439838e+01
2.53743002e+01
2.53930073e+01
2.53743872e+01
2.50691222e+01
2.50049994e+01
2.47715334e+01
2.44219522e+01
2.46806819e+01
2.40864923e+01
2.42060749e+01
2.39808709e+01
2.41530454e+01
2.41628026e+01
2.69934729e+02
1.50001379e+02
1.50114630e+02
1.49711501e+02
1.41543836e+02
1.35213231e+02
1.28968839e+02
1.23674828e+02
1.19243008e+02
1.15237868e+02
1.11730611e+02
1.08485644e+02
1.05693563e+02
1.03574658e+02
1.00990568e+02
9.95331036e+01
9.73081296e+01
9.57809703e+01
9.42752572e+01
9.29855434e+01
9.16441446e+01
9.06112914e+01
8.98899339e+01
8.87471444e+01
8.78709069e+01
8.70204230e+01
8.65665938e+01
8.54102173e+01
8.52831977e+01
8.49295255e+01
8.42723376e+01
8.38246799e+01
8.30665807e+01
8.32400933e+01
8.25378563e+01
8.21484265e+01
8.19721586e+01
2.70108389e+02
2.50716600e+02
2.46178863e+02
2.41370568e+02
2.36750557e+02
2.31626302e+02
2.26063010e+02
2.20800303e+02
2.15698633e+02
2.11063671e+02
2.06238577e+02
2.02084697e+02
1.98723045e+02
1.94841428e+02
1.91878875e+02
1.89088712e+02
1.86997306e+02
1.84607062e+02
1.82355262e+02
1.80171293e+02
1.78467434e+02
1.76928459e+02
1.75548053e+02
1.73884851e+02
1.72542770e+02
1.71565809e+02
1.70541385e+02
1.69333190e+02
1.68832374e+02
1.67773732e+02
1.67053603e+02
1.66602162e+02
1.65745005e+02
1.65061075e+02
1.64447607e+02
1.64401208e+02
1.63763246e+02
2.70706484e+02
2.70208945e+02
2.70043129e+02
2.69314892e+02
2.68706593e+02
2.67366952e+02
2.65722693e+02
2.64021533e+02
2.62272600e+02
2.60725451e+02
2.58366457e+02
2.56813427e+02
2.55004239e+02
2.53294658e+02
2.51822491e+02
2.50378328e+02
2.48658039e+02
2.47198305e+02
2.46471345e+02
2.45349003e+02
2.44393523e+02
2.43040555e+02
2.41964373e+02
2.41385268e+02
2.40261050e+02
2.39584061e+02
2.38853031e+02
2.38077381e+02
2.38010314e+02
2.37265967e+02
2.36689232e+02
2.36790078e+02
2.35714718e+02
2.35149488e+02
2.34693236e+02
2.34680799e+02
2.33952472e+02
2.68263023e+02
2.68074255e+02
2.67880209e+02
2.67853501e+02
2.67778713e+02
2.67387313e+02
2.67721783e+02
2.67248895e+02
2.66945524e+02
2.66876338e+02
2.66220658e+02
2.66028177e+02
2.65576595e+02
2.64995046e+02
2.65538241e+02
2.64828547e+02
2.64916816e+02
2.64645833e+02
2.64681858e+02
2.63895063e+02
2.63611483e+02
2.63576516e+02
2.63707328e+02
2.63270996e+02
2.63067166e+02
2.62778323e+02
2.62795425e+02
2.62712674e+02
2.62557965e+02
2.62728388e+02
2.62747763e+02
2.62547873e+02
2.62167467e+02
2.62391735e+02
2.62249545e+02
2.61877785e+02
2.61816823e+02
2.70555848e+02
2.69852482e+02
2.65909269e+02
2.61525845e+02
2.56006878e+02
2.50918836e+02
2.45148093e+02
2.40480421e+02
2.35819883e+02
2.32205205e+02
2.27474282e+02
2.24301908e+02
2.20837469e+02
2.17422019e+02
2.15262126e+02
2.12466108e+02
2.09909636e+02
2.07874331e+02
2.05600958e+02
2.03782120e+02
2.01833025e+02
2.00709614e+02
1.98563084e+02
1.97563099e+02
1.96117749e+02
1.94335515e+02
1.93453620e+02
1.92464766e+02
1.91299701e+02
1.90124538e+02
1.89073543e+02
1.88376243e+02
1.87616634e+02
1.86538078e+02
1.85969274e+02
1.85145258e+02
1.84949204e+02
2.70462573e+02
2.69680715e+02
2.66226206e+02
2.61792401e+02
2.56670339e+02
2.51936096e+02
2.47676047e+02
2.43378641e+02
2.39421533e+02
2.35658959e+02
2.32408631e+02
2.29432433e+02
2.26623905e+02
2.23903716e+02
2.21217533e+02
2.19089955e+02
2.17008532e+02
2.14565047e+02
2.13218607e+02
2.11210379e+02
2.09634291e+02
2.07894645e+02
2.06644205e+02
2.05705623e+02
2.04214291e+02
2.02801604e+02
2.01756479e+02
2.00729796e+02
1.99807317e+02
1.99232346e+02
1.98062505e+02
1.97359886e+02
1.96246624e+02
1.95488384e+02
1.94773104e+02
1.94333128e+02
1.93653415e+02
2.71079215e+02
2.71518886e+02
2.71505684e+02
2.71146497e+02
2.69866565e+02
2.68558286e+02
2.67284481e+02
2.65491403e+02
2.63671913e+02
2.62130631e+02
2.60595592e+02
2.58248945e+02
2.56719828e+02
2.55343913e+02
2.53369616e+02
2.52359801e+02
2.50884809e+02
2.49719436e+02
2.48395630e+02
2.46904924e+02
2.45310430e+02
2.44685345e+02
2.43563305e+02
2.42259394e+02
2.41765522e+02
2.41047399e+02
2.40031137e+02
2.39179787e+02
2.37950213e+02
2.37794940e+02
2.37264238e+02
2.36756699e+02
2.35767516e+02
2.35546097e+02
2.35093678e+02
2.34806552e+02
2.34055101e+02
2.71306419e+02
2.71435512e+02
2.71378910e+02
2.70950961e+02
2.70933868e+02
2.70601279e+02
2.70337344e+02
2.69173476e+02
2.68338483e+02
2.66824134e+02
2.66271309e+02
2.65157387e+02
2.63803751e+02
2.62517155e+02
2.61101288e+02
2.60615111e+02
2.59219908e+02
2.58053469e+02
2.56968729e+02
2.56080036e+02
2.55631227e+02
2.54717315e+02
2.53789827e+02
2.53000231e+02
2.52437344e+02
2.51567953e+02
2.51258774e+02
2.50502275e+02
2.50166143e+02
2.49700693e+02
2.49144913e+02
2.48512487e+02
2.48192475e+02
2.47560207e+02
2.47331334e+02
2.47278974e+02
2.46726920e+02
2.71428638e+02
2.71328092e+02
2.71592189e+02
2.71297285e+02
2.70975468e+02
2.70691054e+02
2.70473459e+02
2.70352243e+02
2.69111237e+02
2.68324968e+02
2.68128010e+02
2.67047828e+02
2.66400724e+02
2.65121500e+02
2.64763549e+02
2.64079997e+02
2.63218620e+02
2.62406601e+02
2.61780898e+02
2.61100244e+02
2.60650808e+02
2.59855954e+02
2.59724076e+02
2.58911613e+02
2.58656691e+02
2.57992855e+02
2.57833049e+02
2.57808667e+02
2.56953380e+02
2.56831837e+02
2.56284495e+02
2.56095575e+02
2.55634046e+02
2.55654962e+02
2.55268011e+02
2.54464598e+02
2.54481274e+02
