-2.2000e+02
-9.8093e+00
-2.9289e+00
-2.1096e+00
-1.4664e+00
-1.1085e+00
-8.8296e-01
-7.2669e-01
-6.1140e-01
-5.2260e-01
-4.5210e-01
-5.0628e-01
-4.8433e-01
-4.3471e-01
-3.9008e-01
-3.5108e-01
-3.1709e-01
-2.8737e-01
-2.6130e-01
-2.3831e-01
-2.1795e-01
-1.9984e-01
-1.8367e-01
-1.6917e-01
-1.5612e-01
-1.4435e-01
-1.3368e-01
-1.2400e-01
-1.1518e-01
-1.0713e-01
-9.9766e-02
-9.3014e-02
-8.6813e-02
-8.1106e-02
-7.5846e-02
-7.0990e-02
-1.2000e+02
0.0000e+00
0.0000e+00
-8.5436e+00
-6.5374e+00
-5.9917e+00
-5.2610e+00
-4.5842e+00
-4.0004e+00
-3.5057e+00
-3.0871e+00
-2.7399e+00
-2.4596e+00
-2.2125e+00
-1.9918e+00
-1.7959e+00
-1.6221e+00
-1.4678e+00
-1.3306e+00
-1.2084e+00
-1.0993e+00
-1.0016e+00
-9.1408e-01
-8.3543e-01
-7.6463e-01
-7.0079e-01
-6.4313e-01
-5.9095e-01
-5.4367e-01
-5.0075e-01
-4.6173e-01
-4.2622e-01
-3.9384e-01
-3.6430e-01
-3.3729e-01
-3.1258e-01
-2.0000e+01
-3.7617e+00
-4.4479e+00
-4.7102e+00
-5.2181e+00
-5.5437e+00
-5.4558e+00
-5.1706e+00
-4.8076e+00
-4.4246e+00
-4.0492e+00
-3.6944e+00
-3.3666e+00
-3.0680e+00
-2.7975e+00
-2.5522e+00
-2.3300e+00
-2.1285e+00
-1.9458e+00
-1.7802e+00
-1.6300e+00
-1.4937e+00
-1.3700e+00
-1.2576e+00
-1.1554e+00
-1.0625e+00
-9.7790e-01
-9.0081e-01
-8.3052e-01
-7.6637e-01
-7.0777e-01
-6.5419e-01
-6.0517e-01
-5.6028e-01
-5.1913e-01
-4.8138e-01
-1.1154e-01
-2.9775e-01
-5.3790e-01
-8.5685e-01
-1.1869e+00
-1.4657e+00
-1.6668e+00
-1.7885e+00
-1.8428e+00
-1.8456e+00
-1.8117e+00
-1.7532e+00
-1.6791e+00
-1.5959e+00
-1.5085e+00
-1.4201e+00
-1.3328e+00
-1.2480e+00
-1.1667e+00
-1.0893e+00
-1.0160e+00
-9.4708e-01
-8.8238e-01
-8.2184e-01
-7.6533e-01
-7.1267e-01
-6.6366e-01
-6.1810e-01
-5.7578e-01
-5.3649e-01
-5.0004e-01
-4.6622e-01
-4.3485e-01
-4.0576e-01
-3.7877e-01
-3.5374e-01
-6.8900e-03
-3.0481e-02
-6.6116e-02
-1.1575e-01
-1.7428e-01
-2.3007e-01
-2.7495e-01
-3.0591e-01
-3.2357e-01
-3.3025e-01
-3.2866e-01
-3.2124e-01
-3.0993e-01
-2.9620e-01
-2.8112e-01
-2.6544e-01
-2.4971e-01
-2.3425e-01
-2.1928e-01
-2.0495e-01
-1.9133e-01
-1.7845e-01
-1.6634e-01
-1.5499e-01
-1.4436e-01
-1.3446e-01
-1.2522e-01
-1.1663e-01
-1.0864e-01
-1.0122e-01
-9.4335e-02
-8.7943e-02
-8.2013e-02
-7.6512e-02
-7.1409e-02
-6.6676e-02
-8.5687e-01
-3.2464e+00
-4.8082e+00
-5.3892e+00
-5.4707e+00
-5.3094e+00
-5.0311e+00
-4.7029e+00
-4.3616e+00
-4.0274e+00
-3.7105e+00
-3.4161e+00
-3.1465e+00
-2.9017e+00
-2.6799e+00
-2.4789e+00
-2.2967e+00
-2.1313e+00
-1.9809e+00
-1.8440e+00
-1.7191e+00
-1.6048e+00
-1.5001e+00
-1.4039e+00
-1.3153e+00
-1.2337e+00
-1.1582e+00
-1.0883e+00
-1.0235e+00
-9.6331e-01
-9.0732e-01
-8.5516e-01
-8.0651e-01
-7.6109e-01
-7.1863e-01
-6.7890e-01
-1.1262e+00
-3.6651e+00
-4.8225e+00
-4.9911e+00
-4.8284e+00
-4.5659e+00
-4.2752e+00
-3.9824e+00
-3.6988e+00
-3.4302e+00
-3.1791e+00
-2.9466e+00
-2.7334e+00
-2.5388e+00
-2.3607e+00
-2.1974e+00
-2.0476e+00
-1.9100e+00
-1.7835e+00
-1.6670e+00
-1.5596e+00
-1.4605e+00
-1.3688e+00
-1.2840e+00
-1.2053e+00
-1.1323e+00
-1.0644e+00
-1.0012e+00
-9.4240e-01
-8.8756e-01
-8.3637e-01
-7.8857e-01
-7.4388e-01
-7.0207e-01
-6.6293e-01
-6.2625e-01
-4.0007e-02
-1.7551e-01
-5.0913e-01
-9.0641e-01
-1.2438e+00
-1.4877e+00
-1.6474e+00
-1.7414e+00
-1.7864e+00
-1.7952e+00
-1.7776e+00
-1.7407e+00
-1.6901e+00
-1.6303e+00
-1.5644e+00
-1.4951e+00
-1.4242e+00
-1.3529e+00
-1.2825e+00
-1.2136e+00
-1.1467e+00
-1.0823e+00
-1.0206e+00
-9.6171e-01
-9.0575e-01
-8.5272e-01
-8.0257e-01
-7.5525e-01
-7.1066e-01
-6.6871e-01
-6.2927e-01
-5.9222e-01
-5.5745e-01
-5.2482e-01
-4.9422e-01
-4.6553e-01
-2.7530e-02
-5.3931e-02
-1.5441e-01
-3.3480e-01
-5.4559e-01
-7.4314e-01
-9.0686e-01
-1.0318e+00
-1.1201e+00
-1.1766e+00
-1.2066e+00
-1.2153e+00
-1.2070e+00
-1.1858e+00
-1.1550e+00
-1.1172e+00
-1.0747e+00
-1.0292e+00
-9.8202e-01
-9.3418e-01
-8.8650e-01
-8.3957e-01
-7.9384e-01
-7.4961e-01
-7.0709e-01
-6.6643e-01
-6.2771e-01
-5.9095e-01
-5.5614e-01
-5.2326e-01
-4.9226e-01
-4.6308e-01
-4.3563e-01
-4.0984e-01
-3.8563e-01
-3.6292e-01
-2.0126e-02
-2.8675e-02
-7.5210e-02
-1.6672e-01
-2.8606e-01
-4.1031e-01
-5.2309e-01
-6.1611e-01
-6.8690e-01
-7.3631e-01
-7.6675e-01
-7.8126e-01
-7.8285e-01
-7.7432e-01
-7.5807e-01
-7.3616e-01
-7.1024e-01
-6.8165e-01
-6.5143e-01
-6.2039e-01
-5.8916e-01
-5.5821e-01
-5.2788e-01
-4.9844e-01
-4.7006e-01
-4.4285e-01
-4.1690e-01
-3.9224e-01
-3.6887e-01
-3.4679e-01
-3.2596e-01
-3.0635e-01
-2.8792e-01
-2.7061e-01
-2.5437e-01
-2.3914e-01
