-2.2000e+02
-9.7640e+00
-2.9048e+00
-2.1232e+00
-1.4816e+00
-1.1193e+00
-8.8933e-01
-7.2958e-01
-6.1168e-01
-5.2100e-01
-4.4917e-01
-4.8754e-01
-4.7738e-01
-4.2774e-01
-3.8300e-01
-3.4401e-01
-3.1014e-01
-2.8064e-01
-2.5483e-01
-2.3215e-01
-2.1212e-01
-1.9436e-01
-1.7853e-01
-1.6437e-01
-1.5165e-01
-1.4019e-01
-1.2983e-01
-1.2043e-01
-1.1187e-01
-1.0407e-01
-9.6931e-02
-9.0389e-02
-8.4379e-02
-7.8846e-02
-7.3744e-02
-6.9031e-02
-1.2000e+02
0.0000e+00
0.0000e+00
-8.5128e+00
-6.5282e+00
-5.9923e+00
-5.2662e+00
-4.5905e+00
-4.0060e+00
-3.5097e+00
-3.0891e+00
-2.7377e+00
-2.4549e+00
-2.2064e+00
-1.9844e+00
-1.7871e+00
-1.6121e+00
-1.4568e+00
-1.3189e+00
-1.1960e+00
-1.0864e+00
-9.8850e-01
-9.0080e-01
-8.2211e-01
-7.5140e-01
-6.8772e-01
-6.3030e-01
-5.7842e-01
-5.3148e-01
-4.8895e-01
-4.5036e-01
-4.1528e-01
-3.8337e-01
-3.5428e-01
-3.2774e-01
-3.0348e-01
-2.0000e+01
-3.7352e+00
-4.4440e+00
-4.7135e+00
-5.2211e+00
-5.5472e+00
-5.4598e+00
-5.1742e+00
-4.8101e+00
-4.4252e+00
-4.0475e+00
-3.6902e+00
-3.3597e+00
-3.0584e+00
-2.7854e+00
-2.5379e+00
-2.3138e+00
-2.1107e+00
-1.9267e+00
-1.7600e+00
-1.6090e+00
-1.4721e+00
-1.3481e+00
-1.2356e+00
-1.1334e+00
-1.0407e+00
-9.5647e-01
-8.7985e-01
-8.1011e-01
-7.4658e-01
-6.8866e-01
-6.3581e-01
-5.8754e-01
-5.4341e-01
-5.0304e-01
-4.6606e-01
-2.2896e-01
-3.7188e-01
-5.8770e-01
-8.9157e-01
-1.2099e+00
-1.4788e+00
-1.6717e+00
-1.7868e+00
-1.8355e+00
-1.8338e+00
-1.7962e+00
-1.7346e+00
-1.6579e+00
-1.5727e+00
-1.4837e+00
-1.3941e+00
-1.3061e+00
-1.2209e+00
-1.1394e+00
-1.0621e+00
-9.8918e-01
-9.2073e-01
-8.5669e-01
-7.9693e-01
-7.4129e-01
-6.8957e-01
-6.4154e-01
-5.9699e-01
-5.5568e-01
-5.1741e-01
-4.8195e-01
-4.4911e-01
-4.1868e-01
-3.9050e-01
-3.6439e-01
-3.4018e-01
-1.5773e-02
-4.1877e-02
-7.0484e-02
-1.1236e-01
-1.6337e-01
-2.1250e-01
-2.5207e-01
-2.7925e-01
-2.9449e-01
-2.9986e-01
-2.9780e-01
-2.9051e-01
-2.7976e-01
-2.6686e-01
-2.5280e-01
-2.3827e-01
-2.2374e-01
-2.0952e-01
-1.9580e-01
-1.8270e-01
-1.7030e-01
-1.5861e-01
-1.4764e-01
-1.3738e-01
-1.2782e-01
-1.1891e-01
-1.1063e-01
-1.0295e-01
-9.5818e-02
-8.9209e-02
-8.3084e-02
-7.7407e-02
-7.2150e-02
-6.7279e-02
-6.2765e-02
-5.8582e-02
-7.0573e-01
-2.9660e+00
-4.4967e+00
-5.1033e+00
-5.2283e+00
-5.1079e+00
-4.8612e+00
-4.5555e+00
-4.2300e+00
-3.9071e+00
-3.5991e+00
-3.3121e+00
-3.0490e+00
-2.8106e+00
-2.5951e+00
-2.4004e+00
-2.2244e+00
-2.0652e+00
-1.9208e+00
-1.7896e+00
-1.6701e+00
-1.5609e+00
-1.4608e+00
-1.3689e+00
-1.2842e+00
-1.2060e+00
-1.1337e+00
-1.0666e+00
-1.0042e+00
-9.4608e-01
-8.9189e-01
-8.4126e-01
-7.9390e-01
-7.4954e-01
-7.0795e-01
-6.6890e-01
-1.0303e+00
-3.5943e+00
-4.7322e+00
-4.8792e+00
-4.7050e+00
-4.4360e+00
-4.1415e+00
-3.8470e+00
-3.5640e+00
-3.2979e+00
-3.0512e+00
-2.8242e+00
-2.6175e+00
-2.4300e+00
-2.2593e+00
-2.1036e+00
-1.9612e+00
-1.8308e+00
-1.7112e+00
-1.6012e+00
-1.4999e+00
-1.4064e+00
-1.3198e+00
-1.2397e+00
-1.1653e+00
-1.0961e+00
-1.0316e+00
-9.7154e-01
-9.1543e-01
-8.6297e-01
-8.1388e-01
-7.6789e-01
-7.2476e-01
-6.8430e-01
-6.4629e-01
-6.1058e-01
3.4884e-02
-1.2923e-01
-4.8507e-01
-8.9074e-01
-1.2255e+00
-1.4617e+00
-1.6129e+00
-1.6995e+00
-1.7385e+00
-1.7430e+00
-1.7225e+00
-1.6839e+00
-1.6328e+00
-1.5733e+00
-1.5085e+00
-1.4407e+00
-1.3717e+00
-1.3028e+00
-1.2348e+00
-1.1684e+00
-1.1041e+00
-1.0423e+00
-9.8314e-01
-9.2673e-01
-8.7313e-01
-8.2233e-01
-7.7429e-01
-7.2893e-01
-6.8618e-01
-6.4592e-01
-6.0803e-01
-5.7241e-01
-5.3893e-01
-5.0748e-01
-4.7795e-01
-4.5021e-01
1.7190e-02
-1.8774e-02
-1.1671e-01
-2.8252e-01
-4.7996e-01
-6.6943e-01
-8.2960e-01
-9.5385e-01
-1.0432e+00
-1.1015e+00
-1.1339e+00
-1.1451e+00
-1.1395e+00
-1.1210e+00
-1.0930e+00
-1.0580e+00
-1.0183e+00
-9.7555e-01
-9.3107e-01
-8.8591e-01
-8.4083e-01
-7.9643e-01
-7.5313e-01
-7.1124e-01
-6.7096e-01
-6.3242e-01
-5.9571e-01
-5.6085e-01
-5.2783e-01
-4.9662e-01
-4.6718e-01
-4.3945e-01
-4.1335e-01
-3.8882e-01
-3.6578e-01
-3.4414e-01
-4.7322e-02
-4.1424e-02
-8.2580e-02
-1.7217e-01
-2.9035e-01
-4.1329e-01
-5.2449e-01
-6.1578e-01
-6.8480e-01
-7.3248e-01
-7.6133e-01
-7.7442e-01
-7.7479e-01
-7.6525e-01
-7.4822e-01
-7.2573e-01
-6.9943e-01
-6.7062e-01
-6.4033e-01
-6.0934e-01
-5.7827e-01
-5.4756e-01
-5.1754e-01
-4.8845e-01
-4.6045e-01
-4.3366e-01
-4.0812e-01
-3.8388e-01
-3.6093e-01
-3.3925e-01
-3.1881e-01
-2.9957e-01
-2.8149e-01
-2.6450e-01
-2.4857e-01
-2.3362e-01
