2.69914186e+02
5.01978874e+01
4.05856323e+01
3.74034569e+01
3.49633012e+01
3.38114088e+01
3.26171430e+01
3.17302225e+01
3.09549170e+01
3.04365952e+01
2.98116918e+01
2.95523977e+01
2.91869299e+01
2.85572700e+01
2.80862309e+01
2.79368035e+01
2.70850970e+01
2.65328259e+01
2.68802672e+01
2.63235123e+01
2.58409444e+01
2.59522662e+01
2.61638891e+01
2.55018003e+01
2.53041774e+01
2.53159912e+01
2.52329362e+01
2.49273076e+01
2.45446444e+01
2.49786323e+01
2.48029866e+01
2.46079734e+01
2.42846823e+01
2.41640134e+01
2.43203163e+01
2.44737060e+01
2.37050325e+01
2.70240887e+02
1.49938487e+02
1.50247461e+02
1.50021251e+02
1.41822576e+02
1.35138808e+02
1.29054432e+02
1.23779884e+02
1.19264850e+02
1.14888203e+02
1.11688166e+02
1.08614676e+02
1.06038465e+02
1.03498829e+02
1.01498902e+02
9.86142515e+01
9.69862091e+01
9.56021899e+01
9.40969624e+01
9.23456459e+01
9.15394709e+01
9.07727059e+01
8.95141140e+01
8.85611047e+01
8.78424369e+01
8.72556753e+01
8.60340280e+01
8.56347150e+01
8.53271806e+01
8.42871096e+01
8.41706450e+01
8.38454557e+01
8.32860280e+01
8.33977805e+01
8.25692145e+01
8.19519008e+01
8.17609671e+01
2.70011113e+02
2.50235060e+02
2.46138824e+02
2.41835728e+02
2.37495627e+02
2.32090971e+02
2.26580688e+02
2.20850504e+02
2.15787547e+02
2.11002465e+02
2.06677401e+02
2.02333244e+02
1.98824565e+02
1.95152405e+02
1.92047986e+02
1.89609367e+02
1.86740270e+02
1.84456474e+02
1.82666797e+02
1.80364916e+02
1.78681243e+02
1.77125191e+02
1.75561688e+02
1.74601939e+02
1.72896553e+02
1.71682245e+02
1.70828332e+02
1.70053621e+02
1.68931285e+02
1.68409674e+02
1.67388188e+02
1.66701693e+02
1.65857354e+02
1.65069002e+02
1.64567387e+02
1.64327825e+02
1.63821820e+02
2.71190577e+02
2.70702881e+02
2.70573036e+02
2.69677082e+02
2.68618203e+02
2.67163547e+02
2.66218286e+02
2.64229073e+02
2.62248331e+02
2.60917388e+02
2.59129967e+02
2.56834637e+02
2.55409531e+02
2.53498836e+02
2.52140564e+02
2.50459122e+02
2.49075632e+02
2.47571581e+02
2.46253868e+02
2.45243495e+02
2.44422759e+02
2.43199702e+02
2.42049650e+02
2.41644030e+02
2.40938996e+02
2.39687525e+02
2.39013959e+02
2.38566995e+02
2.37924496e+02
2.37194326e+02
2.36493164e+02
2.36184922e+02
2.35513331e+02
2.35288637e+02
2.35085087e+02
2.34699565e+02
2.34067980e+02
2.68003632e+02
2.68403593e+02
2.68004458e+02
2.67734382e+02
2.68109207e+02
2.67470275e+02
2.67311523e+02
2.67224689e+02
2.66895613e+02
2.66395488e+02
2.65830629e+02
2.66036006e+02
2.65532063e+02
2.65647483e+02
2.64779471e+02
2.64803389e+02
2.64293018e+02
2.64301797e+02
2.64152210e+02
2.63835288e+02
2.64147436e+02
2.63492752e+02
2.63586203e+02
2.63306066e+02
2.62998711e+02
2.62770963e+02
2.63051178e+02
2.62772562e+02
2.62443518e+02
2.62299804e+02
2.62062735e+02
2.62114067e+02
2.61952502e+02
2.61885959e+02
2.61670349e+02
2.61621816e+02
2.61567950e+02
2.71287855e+02
2.70474473e+02
2.67524732e+02
2.62450714e+02
2.57053053e+02
2.51356081e+02
2.46247056e+02
2.40661635e+02
2.36122436e+02
2.31758563e+02
2.27939332e+02
2.24041832e+02
2.20270666e+02
2.17861279e+02
2.14513952e+02
2.11622114e+02
2.09601561e+02
2.07136428e+02
2.04679852e+02
2.02787152e+02
2.00890201e+02
1.99245589e+02
1.97556063e+02
1.96148434e+02
1.94387984e+02
1.93387253e+02
1.92196270e+02
1.91057681e+02
1.89758005e+02
1.88964202e+02
1.88024984e+02
1.86834340e+02
1.86462791e+02
1.84838439e+02
1.84523514e+02
1.83809659e+02
1.82769680e+02
2.71196996e+02
2.70464415e+02
2.66730037e+02
2.61902373e+02
2.56797618e+02
2.51603450e+02
2.47166265e+02
2.42820820e+02
2.38839933e+02
2.35367981e+02
2.31685032e+02
2.28417274e+02
2.25832636e+02
2.22853598e+02
2.20201974e+02
2.17674666e+02
2.15148197e+02
2.13428853e+02
2.11471943e+02
2.09877702e+02
2.08012085e+02
2.06535611e+02
2.04891915e+02
2.03709807e+02
2.02394128e+02
2.00983992e+02
1.99965637e+02
1.99008239e+02
1.98159372e+02
1.97001805e+02
1.96385985e+02
1.95173014e+02
1.94398534e+02
1.93717684e+02
1.93118088e+02
1.92402371e+02
1.91939713e+02
2.71867210e+02
2.72211114e+02
2.71544441e+02
2.71297500e+02
2.69970366e+02
2.69277326e+02
2.67299714e+02
2.65796179e+02
2.63766921e+02
2.62197081e+02
2.60511496e+02
2.58750193e+02
2.56686806e+02
2.55214531e+02
2.53545004e+02
2.52065503e+02
2.50358009e+02
2.49190912e+02
2.47780089e+02
2.46660546e+02
2.45346767e+02
2.44251734e+02
2.43048236e+02
2.41717295e+02
2.41029673e+02
2.39823836e+02
2.39189675e+02
2.38509161e+02
2.37610547e+02
2.37241905e+02
2.36303900e+02
2.35691677e+02
2.34850714e+02
2.34363101e+02
2.33921087e+02
2.33208885e+02
2.33091271e+02
2.72175708e+02
2.72244640e+02
2.72019159e+02
2.71556903e+02
2.71379773e+02
2.70649305e+02
2.70192976e+02
2.69111419e+02
2.67950811e+02
2.67115374e+02
2.66196431e+02
2.64906761e+02
2.63777775e+02
2.62271851e+02
2.61645753e+02
2.60043552e+02
2.59219870e+02
2.57853687e+02
2.56992195e+02
2.55874759e+02
2.55180755e+02
2.54265210e+02
2.53460734e+02
2.52955833e+02
2.52018785e+02
2.51467796e+02
2.50586170e+02
2.49906119e+02
2.49616684e+02
2.48826852e+02
2.48040037e+02
2.48200873e+02
2.47196765e+02
2.46822249e+02
2.46653722e+02
2.45850225e+02
2.45999574e+02
2.71973949e+02
2.71690543e+02
2.71856771e+02
2.71538683e+02
2.71519617e+02
2.71278531e+02
2.70482158e+02
2.70020323e+02
2.69716775e+02
2.68554459e+02
2.67850301e+02
2.66703707e+02
2.66508253e+02
2.65507848e+02
2.64645622e+02
2.64256620e+02
2.63446787e+02
2.62732229e+02
2.62063778e+02
2.61043181e+02
2.60757624e+02
2.59879162e+02
2.59746781e+02
2.58976543e+02
2.58133741e+02
2.57556870e+02
2.57353463e+02
2.56850560e+02
2.56594794e+02
2.56947153e+02
2.56095097e+02
2.55186407e+02
2.55209476e+02
2.54841985e+02
2.54619705e+02
2.54596458e+02
2.54853185e+02
