2.69652125e+02
4.99139579e+01
4.00425524e+01
3.72356424e+01
3.51805925e+01
3.34645421e+01
3.25534471e+01
3.14799855e+01
3.10549294e+01
3.04267726e+01
2.96314785e+01
2.93388683e+01
2.88590794e+01
2.81502569e+01
2.80017448e+01
2.78079579e+01
2.69224470e+01
2.69661486e+01
2.63768708e+01
2.63194515e+01
2.56168855e+01
2.58082761e+01
2.54214409e+01
2.58223611e+01
2.50237260e+01
2.50490308e+01
2.49097537e+01
2.50115413e+01
2.47361633e+01
2.46409594e+01
2.44702705e+01
2.46710022e+01
2.42198932e+01
2.42701707e+01
2.39868740e+01
2.38851346e+01
2.39426286e+01
2.70291008e+02
1.49755480e+02
1.49935696e+02
1.50252294e+02
1.41136400e+02
1.34617201e+02
1.28756817e+02
1.24180287e+02
1.19222967e+02
1.14939090e+02
1.11807805e+02
1.08560329e+02
1.06034107e+02
1.03494953e+02
1.01007412e+02
9.86981805e+01
9.69593179e+01
9.55156046e+01
9.39763133e+01
9.27708607e+01
9.19344443e+01
9.03715494e+01
8.96288012e+01
8.85369789e+01
8.80000473e+01
8.69786532e+01
8.64827478e+01
8.57577468e+01
8.54481260e+01
8.47783097e+01
8.35238068e+01
8.38666345e+01
8.31078110e+01
8.29200617e+01
8.25764976e+01
8.21248893e+01
8.15432678e+01
2.70083911e+02
2.50003455e+02
2.46485279e+02
2.41464725e+02
2.36775012e+02
2.31502309e+02
2.26193654e+02
2.20662085e+02
2.15340355e+02
2.10800682e+02
2.06385128e+02
2.01939590e+02
1.98652549e+02
1.95321122e+02
1.92073473e+02
1.89359141e+02
1.86850088e+02
1.84237610e+02
1.81910658e+02
1.80312069e+02
1.78525566e+02
1.76998542e+02
1.75275842e+02
1.74048351e+02
1.72646300e+02
1.71546961e+02
1.70219540e+02
1.69326105e+02
1.68628519e+02
1.67633585e+02
1.67067934e+02
1.66290401e+02
1.65601182e+02
1.65297483e+02
1.64491720e+02
1.63860710e+02
1.63657016e+02
2.69822467e+02
2.70131275e+02
2.69563275e+02
2.69255205e+02
2.68076798e+02
2.67350480e+02
2.65636182e+02
2.64186554e+02
2.62384733e+02
2.59871690e+02
2.58231471e+02
2.56469432e+02
2.55156471e+02
2.53155395e+02
2.51801015e+02
2.50488134e+02
2.48606815e+02
2.47447872e+02
2.45999938e+02
2.45151770e+02
2.44164266e+02
2.42771039e+02
2.42113910e+02
2.40999794e+02
2.39987545e+02
2.39809214e+02
2.38950919e+02
2.37862348e+02
2.37466936e+02
2.36790089e+02
2.36220667e+02
2.36039108e+02
2.35265798e+02
2.34770274e+02
2.34650937e+02
2.34007511e+02
2.33746869e+02
2.68320893e+02
2.67747172e+02
2.68153206e+02
2.67809456e+02
2.67533901e+02
2.67754294e+02
2.67288099e+02
2.66991929e+02
2.67100922e+02
2.66588839e+02
2.66273860e+02
2.65833726e+02
2.65446812e+02
2.65509390e+02
2.65069950e+02
2.64436864e+02
2.64297692e+02
2.63991114e+02
2.64098931e+02
2.63423473e+02
2.63415719e+02
2.63490280e+02
2.63212289e+02
2.62911944e+02
2.62647817e+02
2.62179398e+02
2.62471366e+02
2.62349328e+02
2.62143377e+02
2.61695350e+02
2.61960176e+02
2.61948063e+02
2.62016330e+02
2.61807424e+02
2.61487542e+02
2.61322671e+02
2.61677649e+02
2.69123269e+02
2.68038215e+02
2.65050205e+02
2.60548748e+02
2.54899642e+02
2.49886589e+02
2.44351152e+02
2.39972001e+02
2.35340465e+02
2.31297458e+02
2.27266383e+02
2.23361920e+02
2.20261821e+02
2.17321949e+02
2.14051000e+02
2.12081640e+02
2.09520428e+02
2.06965605e+02
2.05206429e+02
2.03524406e+02
2.01331981e+02
1.99671749e+02
1.98571056e+02
1.97108450e+02
1.95656217e+02
1.94382886e+02
1.93001782e+02
1.91672411e+02
1.91039991e+02
1.89682801e+02
1.89328952e+02
1.88102292e+02
1.87201090e+02
1.86628943e+02
1.86126887e+02
1.85263150e+02
1.84514454e+02
2.69241484e+02
2.68241086e+02
2.64757361e+02
2.60629422e+02
2.55743837e+02
2.51454246e+02
2.46747775e+02
2.42679907e+02
2.38772590e+02
2.34958356e+02
2.32131690e+02
2.28945741e+02
2.25910596e+02
2.23943148e+02
2.21003951e+02
2.19033330e+02
2.16350803e+02
2.14544026e+02
2.12645225e+02
2.10755674e+02
2.09722447e+02
2.07605608e+02
2.06756308e+02
2.04925578e+02
2.03539048e+02
2.02708160e+02
2.01529939e+02
2.00672662e+02
1.99303480e+02
1.98761992e+02
1.97572223e+02
1.96709727e+02
1.96076707e+02
1.95335664e+02
1.94676299e+02
1.94104347e+02
1.93493176e+02
2.70845836e+02
2.70722881e+02
2.70691663e+02
2.70199796e+02
2.69180592e+02
2.67705021e+02
2.66531730e+02
2.65150362e+02
2.63314074e+02
2.61282148e+02
2.59986923e+02
2.58574513e+02
2.56887110e+02
2.54716944e+02
2.53160731e+02
2.51934374e+02
2.50296600e+02
2.48879715e+02
2.47688932e+02
2.46472861e+02
2.45170076e+02
2.44029900e+02
2.43266346e+02
2.42404190e+02
2.41053496e+02
2.40395168e+02
2.39314606e+02
2.38677594e+02
2.37729137e+02
2.37391334e+02
2.36583969e+02
2.35978724e+02
2.35470968e+02
2.35223452e+02
2.34564016e+02
2.34064599e+02
2.33973670e+02
2.71232441e+02
2.71062454e+02
2.71248464e+02
2.71036031e+02
2.70292281e+02
2.70187815e+02
2.69618358e+02
2.68369605e+02
2.67999651e+02
2.66292162e+02
2.65208766e+02
2.64576597e+02
2.63326064e+02
2.62094311e+02
2.61041546e+02
2.59967461e+02
2.59090161e+02
2.57991483e+02
2.56783945e+02
2.56037124e+02
2.54755242e+02
2.54186304e+02
2.53437092e+02
2.52815442e+02
2.51782044e+02
2.51170618e+02
2.50774722e+02
2.50159082e+02
2.49572605e+02
2.48825245e+02
2.48543770e+02
2.48240721e+02
2.47992300e+02
2.47267585e+02
2.46889427e+02
2.46224680e+02
2.46262746e+02
2.71299053e+02
2.71060509e+02
2.71010013e+02
2.71048827e+02
2.70853648e+02
2.70899489e+02
2.70228702e+02
2.69633402e+02
2.68676791e+02
2.68403176e+02
2.67608422e+02
2.66889920e+02
2.66411934e+02
2.65287054e+02
2.64443780e+02
2.63832542e+02
2.62988305e+02
2.62066573e+02
2.61540227e+02
2.61132569e+02
2.60691640e+02
2.59722774e+02
2.59480470e+02
2.58686312e+02
2.58270288e+02
2.57809390e+02
2.57697439e+02
2.57041799e+02
2.56774080e+02
2.56331095e+02
2.56130658e+02
2.55276195e+02
2.55470389e+02
2.55197876e+02
2.54858421e+02
2.54777635e+02
2.54431859e+02
