2.70000000e+02
5.00000000e+01
4.02667070e+01
3.74171760e+01
3.53267120e+01
3.38638460e+01
3.27548030e+01
3.18698230e+01
3.11403670e+01
3.05257630e+01
2.99996590e+01
2.95438430e+01
2.90882540e+01
2.86030340e+01
2.81642920e+01
2.77694500e+01
2.74133200e+01
2.70910690e+01
2.67985080e+01
2.65320620e+01
2.62886880e+01
2.60657890e+01
2.58611390e+01
2.56728200e+01
2.54991730e+01
2.53387540e+01
2.51903000e+01
2.50527020e+01
2.49249830e+01
2.48062750e+01
2.46958070e+01
2.45928900e+01
2.44969070e+01
2.44073020e+01
2.43235740e+01
2.42452710e+01
2.41719820e+01
2.70000000e+02
1.50000000e+02
1.50000000e+02
1.50000000e+02
1.41922161e+02
1.35517715e+02
1.29648870e+02
1.24464806e+02
1.19927760e+02
1.15954253e+02
1.12461105e+02
1.09376335e+02
1.06637673e+02
1.04177118e+02
1.01956148e+02
9.99506680e+01
9.81378820e+01
9.64968280e+01
9.50087880e+01
9.36572370e+01
9.24276450e+01
9.13072370e+01
9.02847700e+01
8.93503260e+01
8.84951440e+01
8.77114600e+01
8.69923840e+01
8.63317890e+01
8.57242090e+01
8.51647640e+01
8.46490860e+01
8.41732610e+01
8.37337700e+01
8.33274490e+01
8.29514460e+01
8.26031880e+01
8.22803470e+01
2.70000000e+02
2.50000000e+02
2.46872615e+02
2.42690613e+02
2.38176109e+02
2.33073125e+02
2.27610984e+02
2.22206356e+02
2.17063912e+02
2.12267146e+02
2.07840196e+02
2.03778477e+02
2.00063869e+02
1.96671944e+02
1.93575177e+02
1.90746508e+02
1.88161247e+02
1.85797113e+02
1.83633922e+02
1.81653359e+02
1.79838794e+02
1.78175144e+02
1.76648739e+02
1.75247199e+02
1.73959316e+02
1.72774949e+02
1.71684920e+02
1.70680925e+02
1.69755445e+02
1.68901674e+02
1.68113443e+02
1.67385160e+02
1.66711755e+02
1.66088622e+02
1.65511581e+02
1.64976830e+02
1.64480912e+02
2.73359487e+02
2.72915138e+02
2.72353996e+02
2.71603206e+02
2.70577357e+02
2.69256756e+02
2.67683448e+02
2.65927288e+02
2.64061965e+02
2.62151076e+02
2.60243650e+02
2.58374840e+02
2.56568426e+02
2.54839518e+02
2.53196835e+02
2.51644482e+02
2.50183339e+02
2.48812127e+02
2.47528180e+02
2.46327972e+02
2.45207474e+02
2.44162392e+02
2.43188339e+02
2.42280941e+02
2.41435921e+02
2.40649145e+02
2.39916661e+02
2.39234712e+02
2.38599754e+02
2.38008452e+02
2.37457685e+02
2.36944537e+02
2.36466290e+02
2.36020418e+02
2.35604574e+02
2.35216581e+02
2.34854422e+02
2.68622201e+02
2.68585610e+02
2.68506956e+02
2.68398685e+02
2.68249609e+02
2.68050049e+02
2.67801065e+02
2.67511792e+02
2.67194663e+02
2.66861925e+02
2.66523854e+02
2.66188274e+02
2.65860750e+02
2.65545013e+02
2.65243396e+02
2.64957203e+02
2.64686999e+02
2.64432835e+02
2.64194421e+02
2.63971248e+02
2.63762672e+02
2.63567972e+02
2.63386386e+02
2.63217142e+02
2.63059474e+02
2.62912635e+02
2.62775903e+02
2.62648590e+02
2.62530045e+02
2.62419652e+02
2.62316831e+02
2.62221041e+02
2.62131778e+02
2.62048569e+02
2.61970978e+02
2.61898597e+02
2.61831050e+02
2.77054387e+02
2.75891549e+02
2.72151295e+02
2.66939065e+02
2.61263972e+02
2.55594187e+02
2.50144275e+02
2.45011254e+02
2.40231425e+02
2.35808701e+02
2.31730044e+02
2.27974129e+02
2.24516203e+02
2.21330247e+02
2.18390398e+02
2.15673036e+02
2.13157092e+02
2.10823771e+02
2.08656327e+02
2.06639850e+02
2.04761069e+02
2.03008163e+02
2.01370590e+02
1.99838928e+02
1.98404740e+02
1.97060447e+02
1.95799225e+02
1.94614908e+02
1.93501911e+02
1.92455161e+02
1.91470032e+02
1.90542303e+02
1.89668103e+02
1.88843881e+02
1.88066369e+02
1.87332554e+02
1.86639651e+02
2.76833068e+02
2.75543633e+02
2.71723764e+02
2.66782560e+02
2.61683870e+02
2.56748404e+02
2.52075110e+02
2.47693814e+02
2.43608170e+02
2.39809718e+02
2.36283898e+02
2.33013258e+02
2.29979315e+02
2.27163053e+02
2.24545653e+02
2.22110216e+02
2.19841693e+02
2.17726501e+02
2.15752331e+02
2.13908024e+02
2.12183461e+02
2.10569466e+02
2.09057705e+02
2.07640603e+02
2.06311258e+02
2.05063375e+02
2.03891199e+02
2.02789459e+02
2.01753321e+02
2.00778340e+02
1.99860423e+02
1.98995798e+02
1.98180980e+02
1.97412746e+02
1.96688110e+02
1.96004306e+02
1.95358765e+02
2.75722509e+02
2.75495248e+02
2.75123775e+02
2.74426641e+02
2.73341681e+02
2.71928444e+02
2.70280242e+02
2.68481415e+02
2.66597857e+02
2.64678693e+02
2.62759974e+02
2.60867909e+02
2.59021314e+02
2.57233393e+02
2.55513007e+02
2.53865655e+02
2.52294323e+02
2.50800153e+02
2.49382931e+02
2.48041442e+02
2.46773742e+02
2.45577376e+02
2.44449535e+02
2.43387194e+02
2.42387205e+02
2.41446375e+02
2.40561523e+02
2.39729523e+02
2.38947333e+02
2.38212020e+02
2.37520769e+02
2.36870897e+02
2.36259855e+02
2.35685230e+02
2.35144744e+02
2.34636251e+02
2.34157736e+02
2.75011895e+02
2.74777451e+02
2.74485688e+02
2.74126977e+02
2.73620056e+02
2.72927694e+02
2.72057148e+02
2.71037895e+02
2.69905737e+02
2.68695222e+02
2.67436754e+02
2.66155819e+02
2.64873072e+02
2.63604787e+02
2.62363419e+02
2.61158172e+02
2.59995560e+02
2.58879938e+02
2.57813957e+02
2.56798944e+02
2.55835206e+02
2.54922277e+02
2.54059118e+02
2.53244270e+02
2.52475985e+02
2.51752320e+02
2.51071216e+02
2.50430555e+02
2.49828206e+02
2.49262059e+02
2.48730050e+02
2.48230177e+02
2.47760516e+02
2.47319224e+02
2.46904551e+02
2.46514834e+02
2.46148504e+02
2.74017783e+02
2.73680544e+02
2.73431239e+02
2.73183035e+02
2.72873854e+02
2.72466346e+02
2.71949872e+02
2.71332278e+02
2.70630943e+02
2.69866543e+02
2.69059440e+02
2.68227886e+02
2.67387320e+02
2.66550263e+02
2.65726513e+02
2.64923473e+02
2.64146518e+02
2.63399363e+02
2.62684396e+02
2.62002965e+02
2.61355616e+02
2.60742282e+02
2.60162437e+02
2.59615224e+02
2.59099546e+02
2.58614145e+02
2.58157660e+02
2.57728673e+02
2.57325748e+02
2.56947450e+02
2.56592371e+02
2.56259142e+02
2.55946441e+02
2.55653003e+02
2.55377624e+02
2.55119159e+02
2.54876528e+02
