-2.2000e+02
-9.7197e+00
-2.8958e+00
-2.1303e+00
-1.4877e+00
-1.1242e+00
-8.9335e-01
-7.3320e-01
-6.1522e-01
-5.2465e-01
-4.5305e-01
-4.8686e-01
-4.8307e-01
-4.3420e-01
-3.8998e-01
-3.5144e-01
-3.1797e-01
-2.8883e-01
-2.6334e-01
-2.4094e-01
-2.2116e-01
-2.0361e-01
-1.8796e-01
-1.7395e-01
-1.6136e-01
-1.5000e-01
-1.3971e-01
-1.3035e-01
-1.2182e-01
-1.1403e-01
-1.0688e-01
-1.0030e-01
-9.4248e-02
-8.8656e-02
-8.3482e-02
-7.8684e-02
-1.2000e+02
0.0000e+00
0.0000e+00
-8.5607e+00
-6.5823e+00
-6.0285e+00
-5.2864e+00
-4.6014e+00
-4.0117e+00
-3.5127e+00
-3.0909e+00
-2.7388e+00
-2.4566e+00
-2.2098e+00
-1.9896e+00
-1.7941e+00
-1.6210e+00
-1.4676e+00
-1.3315e+00
-1.2104e+00
-1.1026e+00
-1.0063e+00
-9.2015e-01
-8.4289e-01
-7.7348e-01
-7.1099e-01
-6.5461e-01
-6.0366e-01
-5.5752e-01
-5.1567e-01
-4.7763e-01
-4.4300e-01
-4.1142e-01
-3.8257e-01
-3.5618e-01
-3.3199e-01
-2.0000e+01
-4.0421e+00
-4.5767e+00
-4.7649e+00
-5.2486e+00
-5.5559e+00
-5.4566e+00
-5.1666e+00
-4.8019e+00
-4.4187e+00
-4.0438e+00
-3.6900e+00
-3.3632e+00
-3.0659e+00
-2.7969e+00
-2.5536e+00
-2.3335e+00
-2.1343e+00
-1.9540e+00
-1.7908e+00
-1.6431e+00
-1.5092e+00
-1.3879e+00
-1.2778e+00
-1.1778e+00
-1.0870e+00
-1.0043e+00
-9.2898e-01
-8.6031e-01
-7.9761e-01
-7.4031e-01
-6.8787e-01
-6.3982e-01
-5.9574e-01
-5.5526e-01
-5.1805e-01
1.0280e-01
-1.4263e-01
-4.1228e-01
-7.5068e-01
-1.0956e+00
-1.3868e+00
-1.5990e+00
-1.7310e+00
-1.7950e+00
-1.8072e+00
-1.7823e+00
-1.7322e+00
-1.6661e+00
-1.5905e+00
-1.5101e+00
-1.4282e+00
-1.3470e+00
-1.2678e+00
-1.1915e+00
-1.1186e+00
-1.0494e+00
-9.8407e-01
-9.2252e-01
-8.6471e-01
-8.1053e-01
-7.5983e-01
-7.1243e-01
-6.6816e-01
-6.2684e-01
-5.8829e-01
-5.5233e-01
-5.1879e-01
-4.8750e-01
-4.5832e-01
-4.3109e-01
-4.0568e-01
1.2847e-02
4.8000e-05
-4.0021e-02
-9.4018e-02
-1.5583e-01
-2.1420e-01
-2.6127e-01
-2.9421e-01
-3.1371e-01
-3.2214e-01
-3.2223e-01
-3.1640e-01
-3.0661e-01
-2.9431e-01
-2.8057e-01
-2.6615e-01
-2.5158e-01
-2.3718e-01
-2.2319e-01
-2.0975e-01
-1.9692e-01
-1.8475e-01
-1.7327e-01
-1.6246e-01
-1.5230e-01
-1.4279e-01
-1.3389e-01
-1.2556e-01
-1.1779e-01
-1.1054e-01
-1.0376e-01
-9.7447e-02
-9.1553e-02
-8.6054e-02
-8.0924e-02
-7.6137e-02
-8.0731e-01
-3.1670e+00
-4.6944e+00
-5.2649e+00
-5.3572e+00
-5.2148e+00
-4.9562e+00
-4.6461e+00
-4.3209e+00
-4.0010e+00
-3.6971e+00
-3.4145e+00
-3.1558e+00
-2.9213e+00
-2.7091e+00
-2.5173e+00
-2.3436e+00
-2.1861e+00
-2.0431e+00
-1.9129e+00
-1.7940e+00
-1.6851e+00
-1.5852e+00
-1.4933e+00
-1.4084e+00
-1.3299e+00
-1.2571e+00
-1.1893e+00
-1.1262e+00
-1.0674e+00
-1.0123e+00
-9.6072e-01
-9.1235e-01
-8.6691e-01
-8.2418e-01
-7.8395e-01
-1.0944e+00
-3.6752e+00
-4.8191e+00
-4.9678e+00
-4.7977e+00
-4.5351e+00
-4.2479e+00
-3.9610e+00
-3.6852e+00
-3.4258e+00
-3.1848e+00
-2.9627e+00
-2.7600e+00
-2.5757e+00
-2.4076e+00
-2.2537e+00
-2.1127e+00
-1.9831e+00
-1.8638e+00
-1.7537e+00
-1.6520e+00
-1.5578e+00
-1.4704e+00
-1.3891e+00
-1.3133e+00
-1.2427e+00
-1.1766e+00
-1.1148e+00
-1.0569e+00
-1.0026e+00
-9.5158e-01
-9.0361e-01
-8.5846e-01
-8.1594e-01
-7.7586e-01
-7.3806e-01
6.5852e-02
-7.7987e-02
-4.3866e-01
-8.5798e-01
-1.2123e+00
-1.4734e+00
-1.6529e+00
-1.7686e+00
-1.8359e+00
-1.8665e+00
-1.8691e+00
-1.8507e+00
-1.8166e+00
-1.7709e+00
-1.7171e+00
-1.6578e+00
-1.5949e+00
-1.5300e+00
-1.4643e+00
-1.3987e+00
-1.3340e+00
-1.2706e+00
-1.2089e+00
-1.1493e+00
-1.0920e+00
-1.0369e+00
-9.8425e-01
-9.3401e-01
-8.8617e-01
-8.4069e-01
-7.9752e-01
-7.5658e-01
-7.1780e-01
-6.8108e-01
-6.4633e-01
-6.1347e-01
8.2389e-02
8.3115e-02
-2.1401e-02
-2.0615e-01
-4.2695e-01
-6.4185e-01
-8.2810e-01
-9.7792e-01
-1.0914e+00
-1.1719e+00
-1.2241e+00
-1.2526e+00
-1.2619e+00
-1.2559e+00
-1.2381e+00
-1.2112e+00
-1.1777e+00
-1.1396e+00
-1.0982e+00
-1.0548e+00
-1.0104e+00
-9.6577e-01
-9.2141e-01
-8.7778e-01
-8.3522e-01
-7.9395e-01
-7.5414e-01
-7.1589e-01
-6.7927e-01
-6.4431e-01
-6.1101e-01
-5.7934e-01
-5.4928e-01
-5.2078e-01
-4.9379e-01
-4.6824e-01
1.4818e-01
8.6183e-02
1.4360e-02
-9.6207e-02
-2.3044e-01
-3.6653e-01
-4.8918e-01
-5.9096e-01
-6.6985e-01
-7.2692e-01
-7.6465e-01
-7.8603e-01
-7.9405e-01
-7.9147e-01
-7.8067e-01
-7.6368e-01
-7.4217e-01
-7.1747e-01
-6.9063e-01
-6.6250e-01
-6.3373e-01
-6.0481e-01
-5.7613e-01
-5.4797e-01
-5.2054e-01
-4.9400e-01
-4.6845e-01
-4.4395e-01
-4.2054e-01
-3.9823e-01
-3.7703e-01
-3.5690e-01
-3.3784e-01
-3.1980e-01
-3.0274e-01
-2.8664e-01
