2.70000000e+02
5.00000000e+01
4.01058770e+01
3.71977150e+01
3.51112140e+01
3.36595320e+01
3.25618300e+01
3.16874640e+01
3.09677940e+01
3.03621600e+01
2.98442600e+01
2.93959360e+01
2.88985770e+01
2.84175010e+01
2.79851630e+01
2.75967680e+01
2.72468090e+01
2.69303850e+01
2.66433110e+01
2.63820380e+01
2.61435530e+01
2.59252900e+01
2.57250510e+01
2.55409460e+01
2.53713360e+01
2.52147950e+01
2.50700760e+01
2.49360800e+01
2.48118400e+01
2.46964950e+01
2.45892800e+01
2.44895080e+01
2.43965660e+01
2.43099000e+01
2.42290110e+01
2.41534470e+01
2.40827960e+01
2.70000000e+02
1.50000000e+02
1.50000000e+02
1.50000000e+02
1.41569923e+02
1.35147106e+02
1.29242135e+02
1.24042567e+02
1.19503149e+02
1.15535676e+02
1.12053949e+02
1.08983999e+02
1.06256606e+02
1.03805403e+02
1.01597673e+02
9.96077070e+01
9.78114980e+01
9.61874300e+01
9.47164200e+01
9.33817370e+01
9.21687340e+01
9.10645720e+01
9.00579760e+01
8.91390210e+01
8.82989430e+01
8.75299890e+01
8.68252780e+01
8.61786920e+01
8.55847770e+01
8.50386610e+01
8.45359850e+01
8.40728380e+01
8.36457060e+01
8.32514270e+01
8.28871510e+01
8.25503050e+01
8.22385600e+01
2.70000000e+02
2.50000000e+02
2.46532160e+02
2.42236368e+02
2.37613311e+02
2.32472514e+02
2.26989765e+02
2.21577872e+02
2.16439066e+02
2.11653938e+02
2.07244382e+02
2.03204126e+02
1.99513722e+02
1.96147334e+02
1.93076571e+02
1.90274251e+02
1.87715654e+02
1.85378402e+02
1.83242193e+02
1.81288595e+02
1.79500885e+02
1.77863903e+02
1.76363920e+02
1.74988506e+02
1.73726418e+02
1.72567480e+02
1.71502489e+02
1.70523115e+02
1.69621819e+02
1.68791773e+02
1.68026789e+02
1.67321260e+02
1.66670099e+02
1.66068686e+02
1.65512828e+02
1.64998713e+02
1.64522873e+02
2.71991772e+02
2.71760188e+02
2.71364175e+02
2.70740807e+02
2.69812196e+02
2.68567811e+02
2.67057458e+02
2.65356037e+02
2.63540177e+02
2.61675209e+02
2.59811217e+02
2.57984029e+02
2.56217878e+02
2.54528200e+02
2.52923908e+02
2.51409237e+02
2.49985169e+02
2.48650507e+02
2.47402647e+02
2.46238094e+02
2.45152828e+02
2.44142542e+02
2.43202820e+02
2.42329251e+02
2.41517511e+02
2.40763421e+02
2.40062982e+02
2.39412394e+02
2.38808071e+02
2.38246646e+02
2.37724963e+02
2.37240084e+02
2.36789270e+02
2.36369979e+02
2.35979854e+02
2.35616713e+02
2.35278536e+02
2.68318282e+02
2.68302330e+02
2.68258299e+02
2.68183012e+02
2.68064646e+02
2.67895192e+02
2.67676942e+02
2.67419450e+02
2.67134949e+02
2.66835209e+02
2.66530000e+02
2.66226719e+02
2.65930615e+02
2.65645209e+02
2.65372702e+02
2.65114331e+02
2.64870637e+02
2.64641682e+02
2.64427211e+02
2.64226761e+02
2.64039739e+02
2.63865479e+02
2.63703274e+02
2.63552404e+02
2.63412154e+02
2.63281824e+02
2.63160740e+02
2.63048260e+02
2.62943772e+02
2.62846700e+02
2.62756504e+02
2.62672678e+02
2.62594752e+02
2.62522286e+02
2.62454873e+02
2.62392136e+02
2.62333725e+02
2.76986603e+02
2.75902468e+02
2.72351202e+02
2.67350447e+02
2.61865486e+02
2.56354264e+02
2.51032333e+02
2.46000539e+02
2.41299468e+02
2.36937075e+02
2.32903915e+02
2.29181768e+02
2.25748428e+02
2.22579753e+02
2.19651846e+02
2.16942807e+02
2.14432845e+02
2.12104113e+02
2.09940562e+02
2.07927789e+02
2.06052875e+02
2.04304234e+02
2.02671464e+02
2.01145214e+02
1.99717059e+02
1.98379398e+02
1.97125353e+02
1.95948687e+02
1.94843731e+02
1.93805320e+02
1.92828738e+02
1.91909669e+02
1.91044156e+02
1.90228563e+02
1.89459544e+02
1.88734013e+02
1.88049125e+02
2.76602034e+02
2.75380815e+02
2.71696919e+02
2.66888583e+02
2.61903244e+02
2.57064551e+02
2.52475427e+02
2.48168000e+02
2.44147319e+02
2.40406037e+02
2.36930655e+02
2.33704766e+02
2.30710783e+02
2.27930277e+02
2.25345444e+02
2.22940336e+02
2.20700560e+02
2.18613008e+02
2.16665713e+02
2.14847760e+02
2.13149193e+02
2.11560932e+02
2.10074692e+02
2.08682902e+02
2.07378642e+02
2.06155573e+02
2.05007888e+02
2.03930254e+02
2.02917770e+02
2.01965927e+02
2.01070569e+02
2.00227865e+02
1.99434274e+02
1.98686527e+02
1.97981597e+02
1.97316681e+02
1.96689181e+02
2.74654687e+02
2.74511645e+02
2.74230282e+02
2.73620964e+02
2.72623117e+02
2.71298470e+02
2.69740942e+02
2.68034465e+02
2.66244324e+02
2.64419172e+02
2.62594765e+02
2.60797134e+02
2.59044964e+02
2.57351309e+02
2.55724837e+02
2.54170842e+02
2.52692111e+02
2.51289587e+02
2.49962845e+02
2.48710460e+02
2.47530285e+02
2.46419672e+02
2.45375640e+02
2.44395012e+02
2.43474511e+02
2.42610839e+02
2.41800734e+02
2.41041008e+02
2.40328580e+02
2.39660491e+02
2.39033923e+02
2.38446198e+02
2.37894789e+02
2.37377313e+02
2.36891533e+02
2.36435349e+02
2.36006799e+02
2.73814874e+02
2.73689021e+02
2.73516199e+02
2.73273739e+02
2.72884407e+02
2.72310585e+02
2.71557349e+02
2.70652624e+02
2.69631697e+02
2.68529299e+02
2.67376321e+02
2.66198776e+02
2.65017758e+02
2.63849842e+02
2.62707632e+02
2.61600354e+02
2.60534460e+02
2.59514184e+02
2.58542020e+02
2.57619121e+02
2.56745616e+02
2.55920870e+02
2.55143691e+02
2.54412488e+02
2.53725403e+02
2.53080408e+02
2.52475380e+02
2.51908160e+02
2.51376595e+02
2.50878572e+02
2.50412039e+02
2.49975018e+02
2.49565622e+02
2.49182056e+02
2.48822622e+02
2.48485719e+02
2.48169841e+02
2.73093457e+02
2.72900544e+02
2.72759652e+02
2.72594412e+02
2.72348847e+02
2.71990888e+02
2.71514342e+02
2.70930546e+02
2.70259519e+02
2.69523869e+02
2.68745320e+02
2.67943032e+02
2.67132987e+02
2.66327988e+02
2.65537892e+02
2.64770018e+02
2.64029567e+02
2.63320024e+02
2.62643525e+02
2.62001156e+02
2.61393211e+02
2.60819382e+02
2.60278928e+02
2.59770794e+02
2.59293711e+02
2.58846276e+02
2.58427002e+02
2.58034372e+02
2.57666863e+02
2.57322977e+02
2.57001258e+02
2.56700299e+02
2.56418757e+02
2.56155354e+02
2.55908881e+02
2.55678197e+02
2.55462232e+02
