2.70146607e+02
5.02607456e+01
4.01847349e+01
3.74381843e+01
3.52668334e+01
3.33370081e+01
3.23173583e+01
3.16863996e+01
3.12472062e+01
3.02595876e+01
3.02986049e+01
2.96506808e+01
2.91118793e+01
2.87074187e+01
2.80345857e+01
2.74282761e+01
2.74559053e+01
2.68635683e+01
2.64263659e+01
2.64292120e+01
2.62641721e+01
2.56721212e+01
2.54657796e+01
2.56415104e+01
2.51108075e+01
2.53175366e+01
2.48555287e+01
2.50524256e+01
2.51004308e+01
2.48118788e+01
2.46076713e+01
2.46278961e+01
2.44050710e+01
2.42172211e+01
2.36683037e+01
2.41583940e+01
2.39325929e+01
2.70299273e+02
1.49956122e+02
1.50110106e+02
1.50086686e+02
1.41427826e+02
1.34807744e+02
1.29440318e+02
1.24405828e+02
1.19552215e+02
1.15728522e+02
1.12360250e+02
1.08844629e+02
1.06356251e+02
1.03872768e+02
1.01444465e+02
9.95514594e+01
9.79459110e+01
9.64792833e+01
9.49163598e+01
9.39398685e+01
9.20756999e+01
9.12514604e+01
8.98264938e+01
8.93141205e+01
8.82847130e+01
8.72481403e+01
8.69373644e+01
8.59585213e+01
8.53702009e+01
8.49263110e+01
8.48412556e+01
8.40718873e+01
8.36444436e+01
8.30761933e+01
8.27126290e+01
8.25792219e+01
8.21651337e+01
2.69848909e+02
2.50225451e+02
2.46563642e+02
2.42034370e+02
2.38091558e+02
2.33031672e+02
2.27608031e+02
2.21929130e+02
2.16976923e+02
2.12364682e+02
2.07953873e+02
2.03949771e+02
2.00381967e+02
1.97159077e+02
1.94124724e+02
1.90884685e+02
1.88464802e+02
1.86294310e+02
1.84286091e+02
1.82213434e+02
1.80512462e+02
1.78767542e+02
1.77246629e+02
1.76089023e+02
1.74408067e+02
1.73689706e+02
1.72309923e+02
1.71522586e+02
1.70360274e+02
1.69349385e+02
1.68685682e+02
1.68194238e+02
1.67765002e+02
1.66838507e+02
1.66403163e+02
1.65896318e+02
1.65316070e+02
2.72838211e+02
2.72591155e+02
2.71342422e+02
2.70427267e+02
2.70118571e+02
2.68277669e+02
2.66960886e+02
2.64944734e+02
2.62966557e+02
2.61208090e+02
2.59126399e+02
2.57117749e+02
2.55378055e+02
2.53870791e+02
2.51599411e+02
2.50214575e+02
2.48562079e+02
2.47035662e+02
2.45689920e+02
2.44503627e+02
2.43423230e+02
2.42112397e+02
2.41777267e+02
2.40494667e+02
2.40073851e+02
2.38727937e+02
2.38473001e+02
2.37667695e+02
2.36802764e+02
2.36171956e+02
2.35674811e+02
2.35114750e+02
2.34760436e+02
2.33919306e+02
2.33618822e+02
2.33306840e+02
2.32676418e+02
2.68382474e+02
2.68424088e+02
2.68613595e+02
2.68084689e+02
2.67600541e+02
2.67728864e+02
2.67978970e+02
2.67394952e+02
2.67040212e+02
2.66242199e+02
2.66290922e+02
2.66225051e+02
2.65810759e+02
2.65405388e+02
2.65250849e+02
2.64343088e+02
2.64771911e+02
2.64687226e+02
2.64330118e+02
2.64001061e+02
2.63633579e+02
2.63956354e+02
2.63379473e+02
2.63418315e+02
2.62929040e+02
2.63062808e+02
2.62855116e+02
2.63025578e+02
2.62705802e+02
2.62460254e+02
2.62506848e+02
2.61996342e+02
2.62186815e+02
2.61922671e+02
2.62251236e+02
2.61818107e+02
2.61794467e+02
2.72298453e+02
2.71764196e+02
2.68393568e+02
2.63632173e+02
2.58276971e+02
2.52310177e+02
2.47635845e+02
2.42445052e+02
2.37808725e+02
2.32933905e+02
2.28841582e+02
2.25283992e+02
2.21614811e+02
2.18471863e+02
2.15383028e+02
2.12627926e+02
2.10107739e+02
2.07664450e+02
2.05511464e+02
2.03480348e+02
2.01383551e+02
1.99472859e+02
1.97912281e+02
1.96439337e+02
1.94509179e+02
1.93218468e+02
1.92009447e+02
1.90850089e+02
1.89230863e+02
1.88209838e+02
1.87185041e+02
1.86049628e+02
1.85307340e+02
1.84190609e+02
1.83424661e+02
1.82670339e+02
1.81815427e+02
2.72660366e+02
2.71435454e+02
2.68166988e+02
2.63162639e+02
2.58198008e+02
2.53154947e+02
2.48500858e+02
2.44170058e+02
2.40241528e+02
2.36488665e+02
2.32729498e+02
2.29812688e+02
2.26624538e+02
2.23522932e+02
2.20881117e+02
2.18978971e+02
2.16505162e+02
2.14160020e+02
2.11936782e+02
2.10369218e+02
2.08661943e+02
2.07228856e+02
2.05268673e+02
2.03911406e+02
2.02201054e+02
2.01177331e+02
1.99578309e+02
1.98866462e+02
1.97468505e+02
1.96473171e+02
1.95009239e+02
1.94734166e+02
1.93229764e+02
1.92850342e+02
1.91921512e+02
1.91049798e+02
1.90287400e+02
2.73937165e+02
2.73716175e+02
2.73188855e+02
2.72330332e+02
2.71389220e+02
2.70451072e+02
2.68575957e+02
2.66493160e+02
2.64350171e+02
2.62480656e+02
2.60639667e+02
2.58450550e+02
2.57015292e+02
2.54997769e+02
2.53174833e+02
2.51368468e+02
2.49646764e+02
2.48387260e+02
2.46101491e+02
2.45090012e+02
2.43707142e+02
2.42568096e+02
2.41095774e+02
2.40192184e+02
2.38975103e+02
2.37893219e+02
2.36611661e+02
2.35383728e+02
2.34715388e+02
2.33881858e+02
2.33018511e+02
2.32197584e+02
2.31233336e+02
2.30717192e+02
2.29978195e+02
2.29624766e+02
2.28812802e+02
2.73579260e+02
2.73644986e+02
2.72968824e+02
2.73142301e+02
2.72389614e+02
2.72141434e+02
2.70870642e+02
2.70333878e+02
2.68812548e+02
2.67867157e+02
2.66651364e+02
2.64779119e+02
2.63563689e+02
2.62130990e+02
2.61250550e+02
2.59947838e+02
2.58833683e+02
2.57342017e+02
2.56367558e+02
2.55105067e+02
2.54165445e+02
2.53440742e+02
2.52556342e+02
2.51330204e+02
2.50861529e+02
2.49601803e+02
2.49221152e+02
2.48149752e+02
2.47266035e+02
2.47144832e+02
2.46517226e+02
2.45650137e+02
2.45188571e+02
2.44556902e+02
2.43975343e+02
2.43595795e+02
2.43426343e+02
2.73095245e+02
2.73011332e+02
2.72642824e+02
2.72527258e+02
2.72076987e+02
2.71619474e+02
2.71001642e+02
2.70325174e+02
2.69839295e+02
2.69209598e+02
2.68111154e+02
2.67766608e+02
2.67125615e+02
2.65963995e+02
2.65070909e+02
2.64337961e+02
2.63618752e+02
2.62832912e+02
2.62277419e+02
2.61672283e+02
2.61299873e+02
2.60300727e+02
2.60172433e+02
2.59418564e+02
2.58922498e+02
2.58408203e+02
2.57983090e+02
2.57512200e+02
2.56781610e+02
2.56695930e+02
2.56028178e+02
2.55923339e+02
2.55706535e+02
2.55772241e+02
2.55350054e+02
2.55019014e+02
2.54396364e+02
