-2.2000e+02
-1.0180e+01
-3.0248e+00
-2.0979e+00
-1.4517e+00
-1.0943e+00
-8.6880e-01
-7.1279e-01
-5.9802e-01
-5.0997e-01
-5.4174e-01
-5.3397e-01
-4.7640e-01
-4.2509e-01
-3.8084e-01
-3.4276e-01
-3.0986e-01
-2.8131e-01
-2.5639e-01
-2.3452e-01
-2.1523e-01
-1.9814e-01
-1.8291e-01
-1.6930e-01
-1.5706e-01
-1.4603e-01
-1.3604e-01
-1.2697e-01
-1.1871e-01
-1.1116e-01
-1.0423e-01
-9.7874e-02
-9.2014e-02
-8.6606e-02
-8.1602e-02
-7.6964e-02
-1.2000e+02
0.0000e+00
0.0000e+00
-8.9283e+00
-6.7233e+00
-6.1097e+00
-5.3352e+00
-4.6348e+00
-4.0372e+00
-3.5341e+00
-3.1169e+00
-2.7841e+00
-2.4957e+00
-2.2403e+00
-2.0151e+00
-1.8167e+00
-1.6417e+00
-1.4869e+00
-1.3498e+00
-1.2279e+00
-1.1193e+00
-1.0223e+00
-9.3552e-01
-8.5766e-01
-7.8766e-01
-7.2461e-01
-6.6769e-01
-6.1621e-01
-5.6957e-01
-5.2723e-01
-4.8873e-01
-4.5367e-01
-4.2167e-01
-3.9243e-01
-3.6567e-01
-3.4113e-01
-2.0000e+01
-4.4725e+00
-4.5775e+00
-4.9442e+00
-5.4498e+00
-5.7433e+00
-5.6185e+00
-5.3081e+00
-4.9277e+00
-4.5320e+00
-4.1474e+00
-3.7864e+00
-3.4552e+00
-3.1539e+00
-2.8805e+00
-2.6326e+00
-2.4080e+00
-2.2046e+00
-2.0204e+00
-1.8535e+00
-1.7022e+00
-1.5650e+00
-1.4406e+00
-1.3276e+00
-1.2249e+00
-1.1315e+00
-1.0464e+00
-9.6884e-01
-8.9807e-01
-8.3342e-01
-7.7429e-01
-7.2016e-01
-6.7054e-01
-6.2500e-01
-5.8317e-01
-5.4469e-01
-6.6263e-02
-2.5104e-01
-4.8150e-01
-7.8647e-01
-1.1048e+00
-1.3779e+00
-1.5803e+00
-1.7095e+00
-1.7754e+00
-1.7922e+00
-1.7731e+00
-1.7292e+00
-1.6690e+00
-1.5988e+00
-1.5230e+00
-1.4450e+00
-1.3668e+00
-1.2899e+00
-1.2153e+00
-1.1436e+00
-1.0752e+00
-1.0103e+00
-9.4897e-01
-8.9118e-01
-8.3688e-01
-7.8596e-01
-7.3828e-01
-6.9368e-01
-6.5200e-01
-6.1307e-01
-5.7672e-01
-5.4278e-01
-5.1110e-01
-4.8152e-01
-4.5390e-01
-4.2810e-01
-2.8400e-03
-2.3065e-02
-5.6373e-02
-1.0313e-01
-1.5861e-01
-2.1217e-01
-2.5617e-01
-2.8762e-01
-3.0685e-01
-3.1580e-01
-3.1687e-01
-3.1222e-01
-3.0364e-01
-2.9250e-01
-2.7981e-01
-2.6632e-01
-2.5252e-01
-2.3876e-01
-2.2527e-01
-2.1221e-01
-1.9969e-01
-1.8775e-01
-1.7643e-01
-1.6574e-01
-1.5567e-01
-1.4621e-01
-1.3735e-01
-1.2905e-01
-1.2128e-01
-1.1402e-01
-1.0724e-01
-1.0091e-01
-9.5001e-02
-8.9480e-02
-8.4326e-02
-7.9512e-02
-7.1075e-01
-3.1082e+00
-4.5479e+00
-5.0508e+00
-5.1078e+00
-4.9498e+00
-4.6885e+00
-4.3841e+00
-4.0699e+00
-3.7640e+00
-3.4758e+00
-3.2101e+00
-2.9684e+00
-2.7496e+00
-2.5516e+00
-2.3726e+00
-2.2105e+00
-2.0636e+00
-1.9302e+00
-1.8087e+00
-1.6978e+00
-1.5962e+00
-1.5030e+00
-1.4171e+00
-1.3379e+00
-1.2645e+00
-1.1965e+00
-1.1331e+00
-1.0741e+00
-1.0190e+00
-9.6742e-01
-9.1907e-01
-8.7369e-01
-8.3102e-01
-7.9086e-01
-7.5302e-01
-7.8897e-01
-3.1959e+00
-4.3411e+00
-4.5520e+00
-4.4409e+00
-4.2251e+00
-3.9753e+00
-3.7194e+00
-3.4697e+00
-3.2327e+00
-3.0111e+00
-2.8070e+00
-2.6203e+00
-2.4494e+00
-2.2927e+00
-2.1489e+00
-2.0168e+00
-1.8953e+00
-1.7833e+00
-1.6800e+00
-1.5844e+00
-1.4958e+00
-1.4135e+00
-1.3370e+00
-1.2656e+00
-1.1990e+00
-1.1368e+00
-1.0785e+00
-1.0238e+00
-9.7246e-01
-9.2421e-01
-8.7880e-01
-8.3602e-01
-7.9568e-01
-7.5762e-01
-7.2167e-01
8.1549e-02
-3.3713e-02
-3.4658e-01
-7.3198e-01
-1.0734e+00
-1.3348e+00
-1.5203e+00
-1.6440e+00
-1.7194e+00
-1.7578e+00
-1.7678e+00
-1.7564e+00
-1.7290e+00
-1.6900e+00
-1.6426e+00
-1.5895e+00
-1.5327e+00
-1.4737e+00
-1.4137e+00
-1.3537e+00
-1.2942e+00
-1.2359e+00
-1.1792e+00
-1.1242e+00
-1.0712e+00
-1.0203e+00
-9.7157e-01
-9.2496e-01
-8.8050e-01
-8.3814e-01
-7.9784e-01
-7.5954e-01
-7.2316e-01
-6.8862e-01
-6.5584e-01
-6.2475e-01
5.6517e-02
5.2834e-02
-3.3593e-02
-2.0031e-01
-4.1360e-01
-6.3162e-01
-8.2739e-01
-9.8899e-01
-1.1138e+00
-1.2040e+00
-1.2636e+00
-1.2976e+00
-1.3106e+00
-1.3070e+00
-1.2905e+00
-1.2643e+00
-1.2310e+00
-1.1926e+00
-1.1508e+00
-1.1069e+00
-1.0620e+00
-1.0168e+00
-9.7187e-01
-9.2772e-01
-8.8464e-01
-8.4288e-01
-8.0260e-01
-7.6389e-01
-7.2681e-01
-6.9139e-01
-6.5762e-01
-6.2547e-01
-5.9491e-01
-5.6589e-01
-5.3836e-01
-5.1225e-01
1.3196e-02
4.6580e-03
-5.2652e-02
-1.7277e-01
-3.3358e-01
-5.0399e-01
-6.6078e-01
-7.9169e-01
-8.9264e-01
-9.6441e-01
-1.0102e+00
-1.0342e+00
-1.0404e+00
-1.0329e+00
-1.0149e+00
-9.8930e-01
-9.5823e-01
-9.2352e-01
-8.8653e-01
-8.4834e-01
-8.0976e-01
-7.7140e-01
-7.3371e-01
-6.9700e-01
-6.6151e-01
-6.2739e-01
-5.9473e-01
-5.6357e-01
-5.3393e-01
-5.0580e-01
-4.7915e-01
-4.5394e-01
-4.3012e-01
-4.0762e-01
-3.8639e-01
-3.6637e-01
