2.70000000e+02
5.00000000e+01
4.04075630e+01
3.75192890e+01
3.53814730e+01
3.38922850e+01
3.27696870e+01
3.18793940e+01
3.11502160e+01
3.05397200e+01
3.00203340e+01
2.95729670e+01
2.91536570e+01
2.86868840e+01
2.82638160e+01
2.78841810e+01
2.75429110e+01
2.72351100e+01
2.69565160e+01
2.67035020e+01
2.64729900e+01
2.62623650e+01
2.60693970e+01
2.58921740e+01
2.57290470e+01
2.55785900e+01
2.54395590e+01
2.53108670e+01
2.51915570e+01
2.50807850e+01
2.49778010e+01
2.48819390e+01
2.47926020e+01
2.47092550e+01
2.46314170e+01
2.45586550e+01
2.44905750e+01
2.70000000e+02
1.50000000e+02
1.50000000e+02
1.50000000e+02
1.41501562e+02
1.34949353e+02
1.28939079e+02
1.23662975e+02
1.19068484e+02
1.15062548e+02
1.11555533e+02
1.08470899e+02
1.05744609e+02
1.03309021e+02
1.01118313e+02
9.91467970e+01
9.73708790e+01
9.57688420e+01
9.43212900e+01
9.30111180e+01
9.18233100e+01
9.07446930e+01
8.97636960e+01
8.88701450e+01
8.80550690e+01
8.73105440e+01
8.66295550e+01
8.60058810e+01
8.54339910e+01
8.49089590e+01
8.44263890e+01
8.39823530e+01
8.35733330e+01
8.31961720e+01
8.28480350e+01
8.25263710e+01
8.22288810e+01
2.70000000e+02
2.50000000e+02
2.46208949e+02
2.41732811e+02
2.36992210e+02
2.31742338e+02
2.26170083e+02
2.20690957e+02
2.15502659e+02
2.10683055e+02
2.06252066e+02
2.02201715e+02
1.98511053e+02
1.95153506e+02
1.92099786e+02
1.89321002e+02
1.86790805e+02
1.84485542e+02
1.82383915e+02
1.80466688e+02
1.78716471e+02
1.77117547e+02
1.75655724e+02
1.74318188e+02
1.73093379e+02
1.71970869e+02
1.70941254e+02
1.69996049e+02
1.69127599e+02
1.68328996e+02
1.67594000e+02
1.66916975e+02
1.66292826e+02
1.65716943e+02
1.65185155e+02
1.64693682e+02
1.64239099e+02
2.70555050e+02
2.70403623e+02
2.70073189e+02
2.69510619e+02
2.68636670e+02
2.67440972e+02
2.65975048e+02
2.64315990e+02
2.62542206e+02
2.60720038e+02
2.58899947e+02
2.57117726e+02
2.55397338e+02
2.53753842e+02
2.52195780e+02
2.50727043e+02
2.49348276e+02
2.48057963e+02
2.46853216e+02
2.45730311e+02
2.44685050e+02
2.43713004e+02
2.42809676e+02
2.41970613e+02
2.41191481e+02
2.40468114e+02
2.39796544e+02
2.39173021e+02
2.38594016e+02
2.38056227e+02
2.37556573e+02
2.37092190e+02
2.36660418e+02
2.36258793e+02
2.35885038e+02
2.35537045e+02
2.35212872e+02
2.68074312e+02
2.68065563e+02
2.68033829e+02
2.67971449e+02
2.67866432e+02
2.67710699e+02
2.67506445e+02
2.67263181e+02
2.66993128e+02
2.66708017e+02
2.66417540e+02
2.66128990e+02
2.65847501e+02
2.65576487e+02
2.65318057e+02
2.65073372e+02
2.64842917e+02
2.64626707e+02
2.64424450e+02
2.64235656e+02
2.64059715e+02
2.63895954e+02
2.63743667e+02
2.63602141e+02
2.63470675e+02
2.63348587e+02
2.63235222e+02
2.63129959e+02
2.63032210e+02
2.62941423e+02
2.62857081e+02
2.62778704e+02
2.62705844e+02
2.62638084e+02
2.62575041e+02
2.62516358e+02
2.62461707e+02
2.71928468e+02
2.70982786e+02
2.67467229e+02
2.62519260e+02
2.57146132e+02
2.51793755e+02
2.46663060e+02
2.41844315e+02
2.37370222e+02
2.33242509e+02
2.29446701e+02
2.25960533e+02
2.22758713e+02
2.19815218e+02
2.17104290e+02
2.14602455e+02
2.12288984e+02
2.10145564e+02
2.08156010e+02
2.06306021e+02
2.04582955e+02
2.02975621e+02
2.01474098e+02
2.00069561e+02
1.98754144e+02
1.97520808e+02
1.96363236e+02
1.95275739e+02
1.94253175e+02
1.93290882e+02
1.92384622e+02
1.91530527e+02
1.90725059e+02
1.89964975e+02
1.89247291e+02
1.88569262e+02
1.87928350e+02
2.71933039e+02
2.70846060e+02
2.67162709e+02
2.62402027e+02
2.57544363e+02
2.52882488e+02
2.48495406e+02
2.44402030e+02
2.40599820e+02
2.37076579e+02
2.33815456e+02
2.30797651e+02
2.28003993e+02
2.25415454e+02
2.23013285e+02
2.20780764e+02
2.18703236e+02
2.16767626e+02
2.14962181e+02
2.13276312e+02
2.11700474e+02
2.10226047e+02
2.08845239e+02
2.07550986e+02
2.06336875e+02
2.05197071e+02
2.04126252e+02
2.03119552e+02
2.02172516e+02
2.01281055e+02
2.00441409e+02
1.99650115e+02
1.98903980e+02
1.98200053e+02
1.97535603e+02
1.96908104e+02
1.96315208e+02
2.71923926e+02
2.71891518e+02
2.71720713e+02
2.71218822e+02
2.70329722e+02
2.69115829e+02
2.67668621e+02
2.66069240e+02
2.64381028e+02
2.62651581e+02
2.60916216e+02
2.59200899e+02
2.57524467e+02
2.55900239e+02
2.54337277e+02
2.52841273e+02
2.51415382e+02
2.50060893e+02
2.48777721e+02
2.47564772e+02
2.46420217e+02
2.45341715e+02
2.44326575e+02
2.43371893e+02
2.42474648e+02
2.41631781e+02
2.40840249e+02
2.40097069e+02
2.39399348e+02
2.38744302e+02
2.38129269e+02
2.37551720e+02
2.37009257e+02
2.36499622e+02
2.36020686e+02
2.35570453e+02
2.35147052e+02
2.71851290e+02
2.71822943e+02
2.71763383e+02
2.71609209e+02
2.71283285e+02
2.70753870e+02
2.70031952e+02
2.69149650e+02
2.68144862e+02
2.67053915e+02
2.65908706e+02
2.64735924e+02
2.63557152e+02
2.62389322e+02
2.61245355e+02
2.60134757e+02
2.59064214e+02
2.58038158e+02
2.57059254e+02
2.56128804e+02
2.55247070e+02
2.54413538e+02
2.53627119e+02
2.52886318e+02
2.52189360e+02
2.51534289e+02
2.50919048e+02
2.50341533e+02
2.49799642e+02
2.49291303e+02
2.48814500e+02
2.48367290e+02
2.47947812e+02
2.47554295e+02
2.47185060e+02
2.46838523e+02
2.46513194e+02
2.71695521e+02
2.71639719e+02
2.71590828e+02
2.71500546e+02
2.71320289e+02
2.71020588e+02
2.70595974e+02
2.70058091e+02
2.69427304e+02
2.68726657e+02
2.67978352e+02
2.67202033e+02
2.66414150e+02
2.65627928e+02
2.64853635e+02
2.64098969e+02
2.63369466e+02
2.62668910e+02
2.61999694e+02
2.61363127e+02
2.60759694e+02
2.60189259e+02
2.59651226e+02
2.59144667e+02
2.58668427e+02
2.58221199e+02
2.57801583e+02
2.57408135e+02
2.57039400e+02
2.56693937e+02
2.56370340e+02
2.56067249e+02
2.55783360e+02
2.55517430e+02
2.55268281e+02
2.55034800e+02
2.54815941e+02
