2.69776744e+02
4.96221172e+01
4.00976599e+01
3.72422935e+01
3.51227283e+01
3.40909371e+01
3.23490268e+01
3.14475162e+01
3.09522340e+01
3.01991052e+01
2.94512031e+01
2.94417700e+01
2.89345265e+01
2.83101095e+01
2.72360413e+01
2.74702261e+01
2.71414980e+01
2.68887733e+01
2.62959544e+01
2.64058544e+01
2.60049728e+01
2.56428539e+01
2.52897076e+01
2.54219360e+01
2.52316673e+01
2.54966189e+01
2.49211108e+01
2.48962073e+01
2.47903078e+01
2.49016287e+01
2.48756517e+01
2.42503317e+01
2.43487051e+01
2.38899829e+01
2.41978798e+01
2.38835318e+01
2.41738668e+01
2.69903470e+02
1.50104631e+02
1.49407287e+02
1.49852862e+02
1.41238763e+02
1.35220129e+02
1.28470853e+02
1.23833869e+02
1.19301906e+02
1.14925814e+02
1.11744808e+02
1.09031632e+02
1.06025274e+02
1.03559087e+02
1.01329106e+02
9.91734539e+01
9.75481536e+01
9.55905154e+01
9.44348197e+01
9.26902312e+01
9.18699096e+01
9.07027956e+01
8.95474580e+01
8.86998312e+01
8.79649899e+01
8.73617222e+01
8.64548699e+01
8.56513567e+01
8.52725405e+01
8.48725811e+01
8.42330997e+01
8.37053353e+01
8.30890504e+01
8.28120134e+01
8.21603070e+01
8.18320739e+01
8.20009014e+01
2.69920445e+02
2.49711331e+02
2.46139966e+02
2.41492235e+02
2.37049478e+02
2.31709225e+02
2.26004865e+02
2.20498582e+02
2.15694448e+02
2.10810565e+02
2.06551398e+02
2.02532198e+02
1.98690050e+02
1.95169649e+02
1.92092670e+02
1.89748844e+02
1.87461477e+02
1.84596036e+02
1.82534845e+02
1.80634484e+02
1.79047559e+02
1.76647455e+02
1.75847880e+02
1.74495624e+02
1.73195671e+02
1.71684267e+02
1.70905234e+02
1.70016290e+02
1.69027386e+02
1.68142698e+02
1.67332166e+02
1.66561876e+02
1.65975067e+02
1.65646002e+02
1.64988738e+02
1.63783025e+02
1.63731022e+02
2.70185850e+02
2.70234270e+02
2.69802898e+02
2.69514947e+02
2.68535210e+02
2.67309527e+02
2.66229601e+02
2.64057082e+02
2.62300499e+02
2.60549921e+02
2.58668321e+02
2.56383903e+02
2.54949365e+02
2.53583545e+02
2.51791144e+02
2.50396451e+02
2.48697960e+02
2.47370965e+02
2.46561047e+02
2.45387132e+02
2.44281182e+02
2.42895796e+02
2.42149456e+02
2.40921002e+02
2.40268887e+02
2.39206787e+02
2.38939618e+02
2.37860607e+02
2.37511151e+02
2.37621688e+02
2.36581988e+02
2.35856725e+02
2.35524579e+02
2.35218095e+02
2.34859088e+02
2.34617599e+02
2.33993824e+02
2.67835232e+02
2.68083213e+02
2.67772333e+02
2.67913417e+02
2.67669205e+02
2.67702417e+02
2.67812500e+02
2.67049539e+02
2.67125717e+02
2.66779257e+02
2.66501339e+02
2.66132708e+02
2.65900771e+02
2.65407506e+02
2.65070557e+02
2.64775751e+02
2.64586999e+02
2.64415420e+02
2.64393926e+02
2.64019011e+02
2.63740157e+02
2.63827128e+02
2.63767110e+02
2.63245930e+02
2.63047345e+02
2.63051822e+02
2.63318552e+02
2.62530816e+02
2.63102040e+02
2.62564701e+02
2.62568428e+02
2.62391152e+02
2.62619804e+02
2.62574487e+02
2.62118759e+02
2.62291511e+02
2.62313044e+02
2.71566209e+02
2.70373950e+02
2.67752672e+02
2.62892712e+02
2.57378406e+02
2.52080811e+02
2.46611625e+02
2.41387564e+02
2.37191260e+02
2.33127937e+02
2.29231505e+02
2.25180643e+02
2.22072897e+02
2.18904212e+02
2.15541474e+02
2.13228823e+02
2.10409394e+02
2.08604419e+02
2.06504408e+02
2.04455431e+02
2.02456514e+02
2.00718620e+02
1.98917779e+02
1.97582741e+02
1.96299056e+02
1.94743252e+02
1.93399334e+02
1.92228019e+02
1.91414805e+02
1.90310335e+02
1.89647652e+02
1.88481396e+02
1.87392974e+02
1.86887786e+02
1.85726649e+02
1.85364099e+02
1.84443430e+02
2.71544981e+02
2.70555997e+02
2.66882417e+02
2.61974801e+02
2.57123217e+02
2.52836535e+02
2.48074297e+02
2.43899716e+02
2.39501334e+02
2.36154900e+02
2.33140681e+02
2.29679387e+02
2.27094186e+02
2.23951919e+02
2.21559657e+02
2.19566790e+02
2.17163886e+02
2.15014691e+02
2.12856543e+02
2.11294673e+02
2.09841723e+02
2.08266137e+02
2.06636887e+02
2.05374845e+02
2.04272841e+02
2.02566066e+02
2.01664501e+02
2.00483784e+02
1.99512594e+02
1.98150081e+02
1.97921408e+02
1.97332278e+02
1.95973293e+02
1.95053442e+02
1.94600505e+02
1.94319284e+02
1.93157035e+02
2.71371833e+02
2.71710590e+02
2.71665933e+02
2.70864686e+02
2.70286756e+02
2.68670756e+02
2.67305003e+02
2.65783665e+02
2.64527974e+02
2.62383971e+02
2.60548319e+02
2.58970663e+02
2.56952809e+02
2.55362328e+02
2.54160864e+02
2.52436695e+02
2.51145509e+02
2.49398384e+02
2.47809519e+02
2.46940148e+02
2.45741245e+02
2.44447941e+02
2.43129495e+02
2.42513135e+02
2.41428059e+02
2.40541028e+02
2.39542796e+02
2.38652953e+02
2.38319034e+02
2.37117574e+02
2.36712379e+02
2.35954097e+02
2.35287523e+02
2.34660496e+02
2.34452287e+02
2.34053336e+02
2.33849604e+02
2.71677765e+02
2.71847272e+02
2.71672352e+02
2.71683416e+02
2.70935618e+02
2.70440361e+02
2.70276597e+02
2.68983735e+02
2.68124614e+02
2.67175573e+02
2.65701007e+02
2.64566910e+02
2.63636342e+02
2.62359011e+02
2.61250725e+02
2.59987241e+02
2.59127289e+02
2.57781732e+02
2.56726109e+02
2.56290000e+02
2.54654328e+02
2.54253305e+02
2.53352020e+02
2.52357343e+02
2.51667535e+02
2.50703192e+02
2.50294267e+02
2.49555690e+02
2.48787731e+02
2.48601263e+02
2.48063220e+02
2.47485495e+02
2.46967207e+02
2.46602266e+02
2.46101503e+02
2.45984744e+02
2.45318631e+02
2.71706773e+02
2.71532950e+02
2.71429101e+02
2.71599377e+02
2.70809169e+02
2.70573810e+02
2.70363744e+02
2.70053540e+02
2.69017522e+02
2.68668750e+02
2.67560554e+02
2.66594354e+02
2.66309595e+02
2.65411635e+02
2.64381300e+02
2.63945001e+02
2.63146456e+02
2.62069633e+02
2.61771001e+02
2.61046911e+02
2.60098914e+02
2.59335174e+02
2.58900833e+02
2.58366703e+02
2.57524916e+02
2.57143867e+02
2.56743909e+02
2.56548920e+02
2.56035496e+02
2.55824416e+02
2.55347176e+02
2.54723337e+02
2.54186040e+02
2.54658807e+02
2.53895137e+02
2.53613757e+02
2.53085118e+02
