2.69789096e+02
4.96241328e+01
3.97615951e+01
3.69728682e+01
3.48787247e+01
3.35584490e+01
3.22436856e+01
3.15583810e+01
3.06828536e+01
2.96931985e+01
2.96178261e+01
2.91331432e+01
2.87030411e+01
2.81000138e+01
2.76167001e+01
2.74183891e+01
2.72069099e+01
2.65796027e+01
2.63001961e+01
2.60008686e+01
2.55955018e+01
2.55572726e+01
2.51329991e+01
2.55503265e+01
2.53740283e+01
2.47833752e+01
2.49988685e+01
2.47719443e+01
2.46668322e+01
2.47962144e+01
2.45615609e+01
2.47483847e+01
2.43493980e+01
2.40509978e+01
2.43473313e+01
2.38453830e+01
2.38639959e+01
2.69966664e+02
1.49881547e+02
1.50144239e+02
1.49900464e+02
1.40987246e+02
1.34439410e+02
1.28506777e+02
1.22799827e+02
1.18321532e+02
1.14460458e+02
1.10852968e+02
1.07477528e+02
1.05140770e+02
1.02686567e+02
1.00338283e+02
9.83768600e+01
9.67844956e+01
9.52849130e+01
9.39492299e+01
9.23096175e+01
9.13760905e+01
9.05706968e+01
8.86551777e+01
8.82195434e+01
8.75663579e+01
8.65406229e+01
8.63266473e+01
8.52359439e+01
8.49215760e+01
8.46652731e+01
8.37737298e+01
8.36020468e+01
8.32601512e+01
8.28905915e+01
8.21507933e+01
8.25182377e+01
8.16229513e+01
2.69775249e+02
2.50394170e+02
2.45741842e+02
2.40969346e+02
2.35822784e+02
2.30619222e+02
2.25162539e+02
2.19524180e+02
2.14383940e+02
2.09632310e+02
2.05293983e+02
2.01611274e+02
1.97400068e+02
1.94170686e+02
1.91387250e+02
1.88558570e+02
1.85989771e+02
1.83558305e+02
1.81316999e+02
1.79976240e+02
1.77881883e+02
1.76631185e+02
1.74977325e+02
1.73314877e+02
1.71969215e+02
1.70959256e+02
1.70529746e+02
1.69434627e+02
1.68590117e+02
1.67936890e+02
1.66614914e+02
1.66527931e+02
1.65556287e+02
1.65004894e+02
1.64567172e+02
1.64386324e+02
1.63260810e+02
2.67835684e+02
2.68116372e+02
2.68292377e+02
2.67704947e+02
2.66958312e+02
2.65624975e+02
2.64711597e+02
2.62584036e+02
2.61212809e+02
2.59411043e+02
2.57472941e+02
2.55715013e+02
2.54010825e+02
2.52201950e+02
2.50808748e+02
2.49318930e+02
2.48175700e+02
2.47023909e+02
2.45889772e+02
2.44251104e+02
2.43719850e+02
2.42640397e+02
2.41601646e+02
2.41100165e+02
2.40039641e+02
2.39287295e+02
2.38615634e+02
2.38273378e+02
2.37444183e+02
2.36630636e+02
2.36475583e+02
2.35885029e+02
2.35964745e+02
2.35004219e+02
2.34707474e+02
2.34070081e+02
2.33957954e+02
2.67651097e+02
2.67763881e+02
2.67668411e+02
2.67346311e+02
2.67652529e+02
2.67340335e+02
2.67249964e+02
2.66993212e+02
2.66459626e+02
2.66315355e+02
2.65909488e+02
2.65727240e+02
2.65562213e+02
2.65099146e+02
2.64737831e+02
2.64581916e+02
2.64218237e+02
2.63930211e+02
2.63998946e+02
2.64162565e+02
2.63599726e+02
2.63150632e+02
2.62971863e+02
2.63061434e+02
2.63181129e+02
2.62299524e+02
2.62437480e+02
2.62543628e+02
2.62362717e+02
2.62008175e+02
2.62492633e+02
2.62232770e+02
2.62199661e+02
2.62220500e+02
2.62012177e+02
2.61604866e+02
2.62023535e+02
2.65109210e+02
2.64807932e+02
2.62277104e+02
2.58310038e+02
2.53561256e+02
2.48412288e+02
2.44229506e+02
2.39921163e+02
2.35775927e+02
2.31768708e+02
2.28320788e+02
2.24911035e+02
2.21642528e+02
2.19008792e+02
2.16377528e+02
2.14039830e+02
2.11689645e+02
2.09657167e+02
2.07304819e+02
2.05933043e+02
2.04394188e+02
2.02732768e+02
2.01393653e+02
1.99593841e+02
1.98022735e+02
1.97087838e+02
1.96138491e+02
1.95072889e+02
1.93831755e+02
1.92765849e+02
1.92213032e+02
1.91220374e+02
1.90909169e+02
1.89949388e+02
1.89385040e+02
1.88318722e+02
1.87449195e+02
2.65812011e+02
2.65339621e+02
2.61931774e+02
2.57526970e+02
2.53504435e+02
2.49146559e+02
2.45137676e+02
2.41071633e+02
2.37926503e+02
2.34614636e+02
2.31585412e+02
2.28792762e+02
2.26129587e+02
2.23974413e+02
2.21449076e+02
2.19388160e+02
2.17356202e+02
2.15531379e+02
2.13572540e+02
2.12432798e+02
2.10758944e+02
2.09371026e+02
2.07676168e+02
2.07023749e+02
2.05540003e+02
2.04389843e+02
2.03731749e+02
2.02561731e+02
2.01535048e+02
2.00753020e+02
2.00067141e+02
1.98978768e+02
1.98458692e+02
1.98098698e+02
1.97250404e+02
1.96994082e+02
1.95971535e+02
2.67839961e+02
2.68123653e+02
2.68144615e+02
2.68086333e+02
2.67314541e+02
2.66542842e+02
2.65156298e+02
2.63580693e+02
2.61817428e+02
2.60301088e+02
2.59065432e+02
2.57210851e+02
2.56255576e+02
2.54339513e+02
2.52927074e+02
2.51749541e+02
2.50153675e+02
2.48828719e+02
2.47573218e+02
2.46066590e+02
2.45227163e+02
2.44471182e+02
2.43092968e+02
2.42256337e+02
2.41757370e+02
2.41096715e+02
2.40498542e+02
2.39672808e+02
2.38934015e+02
2.37923050e+02
2.37070258e+02
2.37003598e+02
2.36311849e+02
2.35857129e+02
2.35401619e+02
2.34405309e+02
2.34737388e+02
2.68642329e+02
2.69050009e+02
2.68771081e+02
2.69131384e+02
2.68732868e+02
2.68925177e+02
2.67775845e+02
2.67230603e+02
2.66126535e+02
2.65221506e+02
2.64137915e+02
2.63361275e+02
2.62030251e+02
2.60983525e+02
2.60008363e+02
2.58712363e+02
2.57799061e+02
2.56778268e+02
2.56448129e+02
2.54725316e+02
2.54475314e+02
2.53341343e+02
2.52374358e+02
2.51948134e+02
2.51108935e+02
2.51030649e+02
2.49923295e+02
2.49730436e+02
2.49307575e+02
2.48492823e+02
2.47720543e+02
2.47819141e+02
2.47298117e+02
2.46536896e+02
2.46382493e+02
2.45926471e+02
2.45706824e+02
2.69479499e+02
2.69960546e+02
2.69900203e+02
2.69860473e+02
2.69669773e+02
2.69774777e+02
2.69391036e+02
2.68800653e+02
2.68237727e+02
2.67896401e+02
2.67270731e+02
2.66400001e+02
2.65734074e+02
2.64749856e+02
2.64200640e+02
2.63520197e+02
2.62588093e+02
2.62058696e+02
2.61269479e+02
2.61311194e+02
2.60227108e+02
2.60006472e+02
2.59259614e+02
2.59078977e+02
2.58549409e+02
2.58241507e+02
2.57737229e+02
2.57202840e+02
2.56695048e+02
2.56577306e+02
2.56735322e+02
2.55561745e+02
2.55834701e+02
2.55431002e+02
2.55151584e+02
2.54937864e+02
2.54799423e+02
