2.70116925e+02
4.99404452e+01
4.02440210e+01
3.71398229e+01
3.51764308e+01
3.38282494e+01
3.23643962e+01
3.16297790e+01
3.10540202e+01
3.03404835e+01
2.96040315e+01
2.90735713e+01
2.90656390e+01
2.80507721e+01
2.80999777e+01
2.77485994e+01
2.70730010e+01
2.70113893e+01
2.67084118e+01
2.64234845e+01
2.60669680e+01
2.63501150e+01
2.55486782e+01
2.55914872e+01
2.54619709e+01
2.52271235e+01
2.45405351e+01
2.48245464e+01
2.47611171e+01
2.48440797e+01
2.47508548e+01
2.44207302e+01
2.42975023e+01
2.41660275e+01
2.42025218e+01
2.37366918e+01
2.39822608e+01
2.70187608e+02
1.50150190e+02
1.49622481e+02
1.50248455e+02
1.41602305e+02
1.35130908e+02
1.29208372e+02
1.24144093e+02
1.19445324e+02
1.15172910e+02
1.11998124e+02
1.09019604e+02
1.06119422e+02
1.03409249e+02
1.01610289e+02
9.95183074e+01
9.78048345e+01
9.59175101e+01
9.42223751e+01
9.30544606e+01
9.22628576e+01
9.09280431e+01
8.98947299e+01
8.91013777e+01
8.80874758e+01
8.71633470e+01
8.64917340e+01
8.60247418e+01
8.53218247e+01
8.46774676e+01
8.41667130e+01
8.39961523e+01
8.37047965e+01
8.27978209e+01
8.25941898e+01
8.26561957e+01
8.17956111e+01
2.69995469e+02
2.49938990e+02
2.46700699e+02
2.41987214e+02
2.37167013e+02
2.32071477e+02
2.26510095e+02
2.21122534e+02
2.16226943e+02
2.11335555e+02
2.06918949e+02
2.02744279e+02
1.99200028e+02
1.95800866e+02
1.92708942e+02
1.89705631e+02
1.87253722e+02
1.84872489e+02
1.82810051e+02
1.80524640e+02
1.79287615e+02
1.77899844e+02
1.76031276e+02
1.74731747e+02
1.73619677e+02
1.72162863e+02
1.70953874e+02
1.69926398e+02
1.69202408e+02
1.68066381e+02
1.67271401e+02
1.66941765e+02
1.65655764e+02
1.65697125e+02
1.64871329e+02
1.64550311e+02
1.63968700e+02
2.72078825e+02
2.71308683e+02
2.71087525e+02
2.70492927e+02
2.69419370e+02
2.67878599e+02
2.66632110e+02
2.65067395e+02
2.62962349e+02
2.61344053e+02
2.59390432e+02
2.57726337e+02
2.55507187e+02
2.53841213e+02
2.52627291e+02
2.50950420e+02
2.49480059e+02
2.48211320e+02
2.46689887e+02
2.45528479e+02
2.44373885e+02
2.43484179e+02
2.42465258e+02
2.41619558e+02
2.40837783e+02
2.40159975e+02
2.39449325e+02
2.38522667e+02
2.37962349e+02
2.36857638e+02
2.36879305e+02
2.36438098e+02
2.35519914e+02
2.35355463e+02
2.34659127e+02
2.34747017e+02
2.34142767e+02
2.68096744e+02
2.68133536e+02
2.68702695e+02
2.68248863e+02
2.68000722e+02
2.67695299e+02
2.67307364e+02
2.67295944e+02
2.66969365e+02
2.66557206e+02
2.66339445e+02
2.65960831e+02
2.65778457e+02
2.65383467e+02
2.65192569e+02
2.65112605e+02
2.64981126e+02
2.64675419e+02
2.64716850e+02
2.63782896e+02
2.63720264e+02
2.63467262e+02
2.63479751e+02
2.63380873e+02
2.63318231e+02
2.63340288e+02
2.62663921e+02
2.62589522e+02
2.63106973e+02
2.62807720e+02
2.62695184e+02
2.62478096e+02
2.62409772e+02
2.62246845e+02
2.62288954e+02
2.62197660e+02
2.62316240e+02
2.74816813e+02
2.73911662e+02
2.70492543e+02
2.65263311e+02
2.59877645e+02
2.54718706e+02
2.49720004e+02
2.44099122e+02
2.39474547e+02
2.35643532e+02
2.31243882e+02
2.28231030e+02
2.24285415e+02
2.21489802e+02
2.18354882e+02
2.15450873e+02
2.13248166e+02
2.11132018e+02
2.08757574e+02
2.06724059e+02
2.04999962e+02
2.03300884e+02
2.01601024e+02
2.00324414e+02
1.98974937e+02
1.97310664e+02
1.96289983e+02
1.95180677e+02
1.93997081e+02
1.93020034e+02
1.92227664e+02
1.91121087e+02
1.90392607e+02
1.89307838e+02
1.88526603e+02
1.87826396e+02
1.87219708e+02
2.74888660e+02
2.73502026e+02
2.69739833e+02
2.65296251e+02
2.60296370e+02
2.55498548e+02
2.50862783e+02
2.47099083e+02
2.42782171e+02
2.38990461e+02
2.35668971e+02
2.32233135e+02
2.29545923e+02
2.27020418e+02
2.24126213e+02
2.21841397e+02
2.19651493e+02
2.17541289e+02
2.16041460e+02
2.14418079e+02
2.12390943e+02
2.10850303e+02
2.09095737e+02
2.07754156e+02
2.06461500e+02
2.05360182e+02
2.04353970e+02
2.02737648e+02
2.01838287e+02
2.00907519e+02
2.00252217e+02
1.99132840e+02
1.98350006e+02
1.97737552e+02
1.97136601e+02
1.95953043e+02
1.95498667e+02
2.73734543e+02
2.73702719e+02
2.73596904e+02
2.72726671e+02
2.72052264e+02
2.70365213e+02
2.68751774e+02
2.67354136e+02
2.65857215e+02
2.63548499e+02
2.61992567e+02
2.60383204e+02
2.58544069e+02
2.56869557e+02
2.55421140e+02
2.53451735e+02
2.51883306e+02
2.50373409e+02
2.49255553e+02
2.48164715e+02
2.46514410e+02
2.45274525e+02
2.44183372e+02
2.42856951e+02
2.42177407e+02
2.41526205e+02
2.40329358e+02
2.39806730e+02
2.38754947e+02
2.38027508e+02
2.37250649e+02
2.37272721e+02
2.36300528e+02
2.35534966e+02
2.35545993e+02
2.34763740e+02
2.34061620e+02
2.73273658e+02
2.73136564e+02
2.72558780e+02
2.72632553e+02
2.72555927e+02
2.71561612e+02
2.71091004e+02
2.69822885e+02
2.69185875e+02
2.67877145e+02
2.66905825e+02
2.65673038e+02
2.64798031e+02
2.63436278e+02
2.61858832e+02
2.60556454e+02
2.59978801e+02
2.58696547e+02
2.57399735e+02
2.56739508e+02
2.55675713e+02
2.54694364e+02
2.54269771e+02
2.53298708e+02
2.52100425e+02
2.51975277e+02
2.51046041e+02
2.50210058e+02
2.49789107e+02
2.49157687e+02
2.48832557e+02
2.48423827e+02
2.47872119e+02
2.47019226e+02
2.46925232e+02
2.46971702e+02
2.46249666e+02
2.72659736e+02
2.72370670e+02
2.72507448e+02
2.72080012e+02
2.72113889e+02
2.72134763e+02
2.71022311e+02
2.70881208e+02
2.69928577e+02
2.69300004e+02
2.68414783e+02
2.67601484e+02
2.66740029e+02
2.65996263e+02
2.64928656e+02
2.64406645e+02
2.63602937e+02
2.62988917e+02
2.62327013e+02
2.61558803e+02
2.60926201e+02
2.59857844e+02
2.59931715e+02
2.58807393e+02
2.58712290e+02
2.57849979e+02
2.57587328e+02
2.57177336e+02
2.56825813e+02
2.56756704e+02
2.56044555e+02
2.55253796e+02
2.55054229e+02
2.54750083e+02
2.54464319e+02
2.54203600e+02
2.53815946e+02
