2.70188110e+02
4.97289251e+01
4.05352825e+01
3.75534580e+01
3.53481965e+01
3.37079062e+01
3.27952823e+01
3.16964543e+01
3.13559747e+01
3.04043059e+01
3.00865727e+01
2.99961959e+01
2.91472944e+01
2.87333595e+01
2.82170984e+01
2.76845444e+01
2.72995234e+01
2.75157002e+01
2.70785543e+01
2.67253734e+01
2.67088091e+01
2.61583217e+01
2.60296327e+01
2.59722341e+01
2.55966953e+01
2.59662892e+01
2.50726719e+01
2.54570566e+01
2.52703697e+01
2.52187168e+01
2.52309262e+01
2.48691541e+01
2.48408226e+01
2.43901265e+01
2.45412161e+01
2.48039767e+01
2.46158487e+01
2.69940766e+02
1.49929668e+02
1.50124336e+02
1.50014931e+02
1.41165322e+02
1.34838058e+02
1.28960401e+02
1.23579366e+02
1.19249168e+02
1.15145907e+02
1.11584199e+02
1.08725747e+02
1.06152644e+02
1.03576017e+02
1.01623583e+02
9.96011436e+01
9.77518035e+01
9.59821815e+01
9.45780047e+01
9.34204634e+01
9.17967840e+01
9.11269446e+01
9.00781433e+01
8.91360769e+01
8.87240033e+01
8.75235992e+01
8.69317080e+01
8.60904298e+01
8.56826741e+01
8.52566101e+01
8.45011858e+01
8.42060056e+01
8.38930509e+01
8.31526575e+01
8.29863286e+01
8.30825410e+01
8.26859750e+01
2.69841493e+02
2.50012057e+02
2.46325564e+02
2.41807215e+02
2.37338993e+02
2.31813707e+02
2.26650057e+02
2.20583173e+02
2.15761245e+02
2.10774414e+02
2.06565621e+02
2.02300740e+02
1.98913884e+02
1.95658614e+02
1.91843893e+02
1.89879361e+02
1.87211239e+02
1.84772881e+02
1.82787241e+02
1.80717589e+02
1.78896728e+02
1.77514846e+02
1.75714629e+02
1.74678656e+02
1.73524771e+02
1.72649502e+02
1.71352862e+02
1.70787742e+02
1.68870917e+02
1.68467631e+02
1.68019429e+02
1.66955493e+02
1.66521199e+02
1.65830049e+02
1.65363793e+02
1.64835988e+02
1.64209383e+02
2.70122096e+02
2.70585082e+02
2.70303050e+02
2.69357182e+02
2.68971457e+02
2.67334293e+02
2.66068134e+02
2.64296839e+02
2.62350213e+02
2.60966432e+02
2.58955001e+02
2.56700564e+02
2.55054216e+02
2.53411876e+02
2.51930794e+02
2.50453906e+02
2.49167667e+02
2.47708390e+02
2.46908518e+02
2.45329178e+02
2.44574120e+02
2.43395302e+02
2.42577389e+02
2.41873057e+02
2.40672111e+02
2.40244187e+02
2.39450777e+02
2.38266189e+02
2.38271059e+02
2.37853051e+02
2.37041939e+02
2.36544072e+02
2.35943568e+02
2.35884711e+02
2.35812085e+02
2.35096423e+02
2.34463568e+02
2.67923783e+02
2.68436491e+02
2.68257891e+02
2.68242899e+02
2.67599221e+02
2.67353339e+02
2.67774843e+02
2.67365440e+02
2.66988157e+02
2.66616129e+02
2.66560075e+02
2.65844357e+02
2.65746546e+02
2.65634547e+02
2.65498868e+02
2.64567250e+02
2.64665067e+02
2.64741555e+02
2.64488256e+02
2.63934651e+02
2.64284508e+02
2.64184530e+02
2.63326356e+02
2.63412780e+02
2.63534412e+02
2.63074795e+02
2.62942090e+02
2.62754031e+02
2.63080133e+02
2.62441950e+02
2.62465426e+02
2.62957921e+02
2.62243704e+02
2.62511332e+02
2.62300354e+02
2.62555309e+02
2.62428295e+02
2.72893889e+02
2.71809594e+02
2.68676763e+02
2.63705994e+02
2.58608527e+02
2.53427196e+02
2.48600080e+02
2.43761543e+02
2.39095393e+02
2.35438520e+02
2.31226052e+02
2.27885600e+02
2.24617952e+02
2.21976786e+02
2.18973281e+02
2.16932046e+02
2.14264826e+02
2.12403657e+02
2.10487827e+02
2.08709698e+02
2.06785185e+02
2.05068881e+02
2.03778632e+02
2.02252121e+02
2.01196883e+02
1.99266159e+02
1.98647163e+02
1.97333703e+02
1.96058644e+02
1.95255341e+02
1.94081111e+02
1.92932119e+02
1.92255936e+02
1.91615019e+02
1.90519385e+02
1.89962057e+02
1.89483931e+02
2.73130047e+02
2.71840215e+02
2.67941514e+02
2.63255881e+02
2.58753660e+02
2.54110123e+02
2.49183027e+02
2.45625336e+02
2.41975794e+02
2.38369167e+02
2.34910976e+02
2.32310779e+02
2.29513329e+02
2.26805786e+02
2.24535955e+02
2.22740319e+02
2.20500809e+02
2.18637891e+02
2.16389938e+02
2.15006936e+02
2.13310714e+02
2.12012993e+02
2.09997799e+02
2.09093044e+02
2.07746742e+02
2.06363360e+02
2.05743996e+02
2.04763741e+02
2.03497285e+02
2.02660208e+02
2.02094865e+02
2.00961538e+02
2.00073985e+02
1.99473982e+02
1.98374080e+02
1.97845416e+02
1.97224326e+02
2.72459485e+02
2.72326922e+02
2.72167777e+02
2.71590773e+02
2.70664774e+02
2.69538170e+02
2.68244866e+02
2.66558005e+02
2.64817166e+02
2.62868942e+02
2.61462605e+02
2.59869713e+02
2.57927566e+02
2.56228535e+02
2.54584335e+02
2.53262949e+02
2.51582194e+02
2.50154605e+02
2.49227834e+02
2.48178135e+02
2.46719193e+02
2.45265449e+02
2.44592425e+02
2.42953149e+02
2.42387948e+02
2.42035221e+02
2.40585456e+02
2.40301050e+02
2.39194671e+02
2.38455580e+02
2.37524390e+02
2.36991969e+02
2.36577455e+02
2.35964334e+02
2.35706420e+02
2.35164681e+02
2.34026401e+02
2.72391604e+02
2.71648759e+02
2.72192234e+02
2.71815514e+02
2.71276907e+02
2.70935167e+02
2.70109383e+02
2.69482454e+02
2.68893974e+02
2.67858002e+02
2.66363773e+02
2.65077835e+02
2.64028777e+02
2.62895903e+02
2.61974680e+02
2.60612162e+02
2.59814898e+02
2.58437651e+02
2.57586193e+02
2.56741647e+02
2.55670265e+02
2.55088298e+02
2.54410255e+02
2.53306783e+02
2.52366760e+02
2.51959958e+02
2.51457911e+02
2.50571599e+02
2.50144352e+02
2.49497067e+02
2.49093565e+02
2.48539478e+02
2.48172626e+02
2.47779003e+02
2.47302155e+02
2.46797571e+02
2.46276096e+02
2.71572163e+02
2.71631565e+02
2.71386445e+02
2.71591880e+02
2.71268067e+02
2.70916233e+02
2.70765958e+02
2.70282421e+02
2.69595108e+02
2.68980875e+02
2.67657483e+02
2.67441466e+02
2.66669221e+02
2.65819767e+02
2.64790442e+02
2.64119891e+02
2.63579705e+02
2.62785642e+02
2.61960023e+02
2.61242400e+02
2.60932457e+02
2.60236045e+02
2.59634430e+02
2.59262635e+02
2.58877822e+02
2.58326604e+02
2.57904677e+02
2.57683463e+02
2.56970263e+02
2.56865465e+02
2.56585267e+02
2.55869203e+02
2.55819366e+02
2.55258402e+02
2.55157186e+02
2.54881345e+02
2.54817577e+02
