-2.2000e+02
-9.8941e+00
-2.9082e+00
-2.0865e+00
-1.4517e+00
-1.0977e+00
-8.7437e-01
-7.1967e-01
-6.0563e-01
-5.1790e-01
-4.4832e-01
-4.9736e-01
-4.8108e-01
-4.3234e-01
-3.8839e-01
-3.4996e-01
-3.1642e-01
-2.8707e-01
-2.6127e-01
-2.3849e-01
-2.1826e-01
-2.0024e-01
-1.8410e-01
-1.6961e-01
-1.5654e-01
-1.4472e-01
-1.3400e-01
-1.2424e-01
-1.1535e-01
-1.0722e-01
-9.9772e-02
-9.2942e-02
-8.6666e-02
-8.0889e-02
-7.5564e-02
-7.0651e-02
-1.2000e+02
0.0000e+00
0.0000e+00
-8.4301e+00
-6.4228e+00
-5.9050e+00
-5.1996e+00
-4.5394e+00
-3.9675e+00
-3.4817e+00
-3.0700e+00
-2.7274e+00
-2.4512e+00
-2.2077e+00
-1.9900e+00
-1.7962e+00
-1.6241e+00
-1.4710e+00
-1.3347e+00
-1.2130e+00
-1.1042e+00
-1.0066e+00
-9.1895e-01
-8.4008e-01
-7.6895e-01
-7.0471e-01
-6.4659e-01
-5.9391e-01
-5.4612e-01
-5.0268e-01
-4.6315e-01
-4.2713e-01
-3.9428e-01
-3.6428e-01
-3.3685e-01
-3.1174e-01
-2.0000e+01
-3.4678e+00
-4.2958e+00
-4.6231e+00
-5.1408e+00
-5.4827e+00
-5.4119e+00
-5.1388e+00
-4.7851e+00
-4.4096e+00
-4.0403e+00
-3.6904e+00
-3.3664e+00
-3.0708e+00
-2.8023e+00
-2.5586e+00
-2.3373e+00
-2.1362e+00
-1.9536e+00
-1.7877e+00
-1.6370e+00
-1.5000e+00
-1.3754e+00
-1.2621e+00
-1.1589e+00
-1.0650e+00
-9.7937e-01
-9.0130e-01
-8.3005e-01
-7.6498e-01
-7.0553e-01
-6.5116e-01
-6.0141e-01
-5.5586e-01
-5.1412e-01
-4.7584e-01
-2.3158e-01
-3.9601e-01
-6.2337e-01
-9.2861e-01
-1.2444e+00
-1.5104e+00
-1.7014e+00
-1.8159e+00
-1.8650e+00
-1.8640e+00
-1.8272e+00
-1.7662e+00
-1.6897e+00
-1.6043e+00
-1.5147e+00
-1.4241e+00
-1.3347e+00
-1.2479e+00
-1.1646e+00
-1.0853e+00
-1.0103e+00
-9.3972e-01
-8.7357e-01
-8.1174e-01
-7.5409e-01
-7.0044e-01
-6.5059e-01
-6.0432e-01
-5.6143e-01
-5.2168e-01
-4.8488e-01
-4.5081e-01
-4.1929e-01
-3.9013e-01
-3.6314e-01
-3.3818e-01
-1.5952e-02
-4.4031e-02
-7.5287e-02
-1.1837e-01
-1.6945e-01
-2.1825e-01
-2.5749e-01
-2.8450e-01
-2.9974e-01
-3.0521e-01
-3.0328e-01
-2.9610e-01
-2.8541e-01
-2.7251e-01
-2.5837e-01
-2.4369e-01
-2.2895e-01
-2.1447e-01
-2.0045e-01
-1.8702e-01
-1.7426e-01
-1.6220e-01
-1.5087e-01
-1.4025e-01
-1.3033e-01
-1.2108e-01
-1.1248e-01
-1.0449e-01
-9.7072e-02
-9.0196e-02
-8.3826e-02
-7.7926e-02
-7.2466e-02
-6.7413e-02
-6.2737e-02
-5.8411e-02
-1.0841e+00
-3.5513e+00
-5.0008e+00
-5.4850e+00
-5.5112e+00
-5.3219e+00
-5.0318e+00
-4.7011e+00
-4.3624e+00
-4.0332e+00
-3.7221e+00
-3.4333e+00
-3.1687e+00
-2.9279e+00
-2.7090e+00
-2.5100e+00
-2.3287e+00
-2.1636e+00
-2.0128e+00
-1.8749e+00
-1.7486e+00
-1.6328e+00
-1.5262e+00
-1.4282e+00
-1.3377e+00
-1.2540e+00
-1.1767e+00
-1.1050e+00
-1.0384e+00
-9.7658e-01
-9.1907e-01
-8.6551e-01
-8.1559e-01
-7.6902e-01
-7.2553e-01
-6.8489e-01
-1.2212e+00
-3.6839e+00
-4.8083e+00
-4.9853e+00
-4.8387e+00
-4.5891e+00
-4.3074e+00
-4.0207e+00
-3.7413e+00
-3.4754e+00
-3.2259e+00
-2.9940e+00
-2.7805e+00
-2.5848e+00
-2.4051e+00
-2.2398e+00
-2.0876e+00
-1.9473e+00
-1.8180e+00
-1.6986e+00
-1.5883e+00
-1.4862e+00
-1.3918e+00
-1.3043e+00
-1.2231e+00
-1.1477e+00
-1.0776e+00
-1.0125e+00
-9.5184e-01
-8.9536e-01
-8.4270e-01
-7.9359e-01
-7.4775e-01
-7.0493e-01
-6.6492e-01
-6.2750e-01
-1.4304e-01
-2.8136e-01
-6.0932e-01
-9.9785e-01
-1.3246e+00
-1.5575e+00
-1.7065e+00
-1.7901e+00
-1.8252e+00
-1.8244e+00
-1.7976e+00
-1.7522e+00
-1.6937e+00
-1.6265e+00
-1.5540e+00
-1.4787e+00
-1.4025e+00
-1.3267e+00
-1.2524e+00
-1.1802e+00
-1.1106e+00
-1.0440e+00
-9.8063e-01
-9.2050e-01
-8.6367e-01
-8.1010e-01
-7.5973e-01
-7.1243e-01
-6.6809e-01
-6.2657e-01
-5.8772e-01
-5.5141e-01
-5.1748e-01
-4.8578e-01
-4.5618e-01
-4.2855e-01
-1.2585e-01
-1.7282e-01
-2.4246e-01
-3.8933e-01
-5.7382e-01
-7.5324e-01
-9.0472e-01
-1.0209e+00
-1.1024e+00
-1.1530e+00
-1.1775e+00
-1.1810e+00
-1.1679e+00
-1.1422e+00
-1.1073e+00
-1.0659e+00
-1.0203e+00
-9.7216e-01
-9.2290e-01
-8.7351e-01
-8.2475e-01
-7.7718e-01
-7.3120e-01
-6.8708e-01
-6.4499e-01
-6.0503e-01
-5.6722e-01
-5.3157e-01
-4.9802e-01
-4.6653e-01
-4.3702e-01
-4.0940e-01
-3.8357e-01
-3.5943e-01
-3.3690e-01
-3.1588e-01
-1.9291e-01
-1.4089e-01
-1.6524e-01
-2.4556e-01
-3.5796e-01
-4.7655e-01
-5.8380e-01
-6.7103e-01
-7.3565e-01
-7.7855e-01
-8.0229e-01
-8.1005e-01
-8.0500e-01
-7.9010e-01
-7.6787e-01
-7.4045e-01
-7.0954e-01
-6.7650e-01
-6.4237e-01
-6.0794e-01
-5.7383e-01
-5.4045e-01
-5.0813e-01
-4.7708e-01
-4.4743e-01
-4.1927e-01
-3.9263e-01
-3.6751e-01
-3.4389e-01
-3.2172e-01
-3.0096e-01
-2.8154e-01
-2.6340e-01
-2.4647e-01
-2.3068e-01
-2.1597e-01
