-2.2000e+02
-9.8601e+00
-2.9383e+00
-2.1131e+00
-1.4682e+00
-1.1074e+00
-8.7953e-01
-7.2194e-01
-6.0600e-01
-5.1696e-01
-4.4647e-01
-5.0957e-01
-4.7771e-01
-4.2801e-01
-3.8363e-01
-3.4495e-01
-3.1131e-01
-2.8196e-01
-2.5624e-01
-2.3360e-01
-2.1358e-01
-1.9580e-01
-1.7994e-01
-1.6574e-01
-1.5298e-01
-1.4147e-01
-1.3106e-01
-1.2161e-01
-1.1302e-01
-1.0518e-01
-9.8010e-02
-9.1440e-02
-8.5407e-02
-7.9856e-02
-7.4741e-02
-7.0017e-02
-1.2000e+02
0.0000e+00
0.0000e+00
-8.6174e+00
-6.5763e+00
-6.0176e+00
-5.2771e+00
-4.5939e+00
-4.0057e+00
-3.5080e+00
-3.0873e+00
-2.7401e+00
-2.4585e+00
-2.2097e+00
-1.9880e+00
-1.7912e+00
-1.6168e+00
-1.4621e+00
-1.3245e+00
-1.2020e+00
-1.0926e+00
-9.9474e-01
-9.0705e-01
-8.2830e-01
-7.5745e-01
-6.9360e-01
-6.3596e-01
-5.8385e-01
-5.3666e-01
-4.9387e-01
-4.5500e-01
-4.1966e-01
-3.8749e-01
-3.5815e-01
-3.3137e-01
-3.0689e-01
-2.0000e+01
-3.8634e+00
-4.5054e+00
-4.7471e+00
-5.2526e+00
-5.5726e+00
-5.4781e+00
-5.1881e+00
-4.8214e+00
-4.4353e+00
-4.0573e+00
-3.7001e+00
-3.3702e+00
-3.0698e+00
-2.7974e+00
-2.5504e+00
-2.3265e+00
-2.1235e+00
-1.9395e+00
-1.7727e+00
-1.6214e+00
-1.4842e+00
-1.3598e+00
-1.2468e+00
-1.1441e+00
-1.0508e+00
-9.6600e-01
-8.8878e-01
-8.1844e-01
-7.5432e-01
-6.9584e-01
-6.4244e-01
-5.9365e-01
-5.4903e-01
-5.0820e-01
-4.7080e-01
-9.1361e-02
-2.8103e-01
-5.2101e-01
-8.3922e-01
-1.1686e+00
-1.4470e+00
-1.6479e+00
-1.7695e+00
-1.8235e+00
-1.8259e+00
-1.7915e+00
-1.7323e+00
-1.6575e+00
-1.5737e+00
-1.4857e+00
-1.3968e+00
-1.3092e+00
-1.2242e+00
-1.1428e+00
-1.0654e+00
-9.9234e-01
-9.2366e-01
-8.5935e-01
-7.9929e-01
-7.4334e-01
-6.9131e-01
-6.4298e-01
-5.9814e-01
-5.5658e-01
-5.1807e-01
-4.8240e-01
-4.4938e-01
-4.1880e-01
-3.9049e-01
-3.6429e-01
-3.4002e-01
-4.9450e-03
-2.7300e-02
-6.2890e-02
-1.1247e-01
-1.7090e-01
-2.2661e-01
-2.7143e-01
-3.0237e-01
-3.1999e-01
-3.2662e-01
-3.2495e-01
-3.1742e-01
-3.0600e-01
-2.9216e-01
-2.7697e-01
-2.6121e-01
-2.4540e-01
-2.2989e-01
-2.1491e-01
-2.0057e-01
-1.8697e-01
-1.7414e-01
-1.6209e-01
-1.5082e-01
-1.4029e-01
-1.3049e-01
-1.2138e-01
-1.1291e-01
-1.0506e-01
-9.7782e-02
-9.1038e-02
-8.4791e-02
-7.9006e-02
-7.3651e-02
-6.8691e-02
-6.4098e-02
-8.9081e-01
-3.4053e+00
-4.8612e+00
-5.3294e+00
-5.3438e+00
-5.1477e+00
-4.8538e+00
-4.5215e+00
-4.1829e+00
-3.8555e+00
-3.5479e+00
-3.2640e+00
-3.0058e+00
-2.7726e+00
-2.5620e+00
-2.3718e+00
-2.1999e+00
-2.0442e+00
-1.9029e+00
-1.7743e+00
-1.6571e+00
-1.5500e+00
-1.4518e+00
-1.3616e+00
-1.2785e+00
-1.2017e+00
-1.1307e+00
-1.0649e+00
-1.0037e+00
-9.4676e-01
-8.9367e-01
-8.4411e-01
-7.9778e-01
-7.5441e-01
-7.1376e-01
-6.7564e-01
-1.0104e+00
-3.5507e+00
-4.6843e+00
-4.8383e+00
-4.6742e+00
-4.4155e+00
-4.1302e+00
-3.8435e+00
-3.5667e+00
-3.3054e+00
-3.0620e+00
-2.8375e+00
-2.6325e+00
-2.4459e+00
-2.2756e+00
-2.1198e+00
-1.9772e+00
-1.8465e+00
-1.7264e+00
-1.6159e+00
-1.5141e+00
-1.4201e+00
-1.3332e+00
-1.2527e+00
-1.1781e+00
-1.1087e+00
-1.0442e+00
-9.8404e-01
-9.2795e-01
-8.7558e-01
-8.2662e-01
-7.8081e-01
-7.3790e-01
-6.9767e-01
-6.5993e-01
-6.2450e-01
-8.7240e-03
-1.3913e-01
-4.6912e-01
-8.6247e-01
-1.1947e+00
-1.4331e+00
-1.5880e+00
-1.6783e+00
-1.7206e+00
-1.7276e+00
-1.7091e+00
-1.6721e+00
-1.6221e+00
-1.5634e+00
-1.4991e+00
-1.4316e+00
-1.3628e+00
-1.2939e+00
-1.2259e+00
-1.1596e+00
-1.0953e+00
-1.0335e+00
-9.7440e-01
-9.1810e-01
-8.6466e-01
-8.1408e-01
-7.6631e-01
-7.2127e-01
-6.7887e-01
-6.3900e-01
-6.0155e-01
-5.6639e-01
-5.3340e-01
-5.0245e-01
-4.7344e-01
-4.4623e-01
2.7150e-03
-2.5052e-02
-1.3471e-01
-3.2173e-01
-5.3399e-01
-7.2902e-01
-8.8829e-01
-1.0083e+00
-1.0919e+00
-1.1443e+00
-1.1710e+00
-1.1769e+00
-1.1666e+00
-1.1439e+00
-1.1122e+00
-1.0741e+00
-1.0316e+00
-9.8648e-01
-9.3995e-01
-8.9302e-01
-8.4644e-01
-8.0076e-01
-7.5639e-01
-7.1360e-01
-6.7259e-01
-6.3347e-01
-5.9629e-01
-5.6108e-01
-5.2780e-01
-4.9642e-01
-4.6689e-01
-4.3912e-01
-4.1304e-01
-3.8857e-01
-3.6562e-01
-3.4411e-01
1.5742e-02
-6.2790e-03
-5.8632e-02
-1.5341e-01
-2.7351e-01
-3.9646e-01
-5.0670e-01
-5.9667e-01
-6.6436e-01
-7.1087e-01
-7.3878e-01
-7.5116e-01
-7.5105e-01
-7.4123e-01
-7.2411e-01
-7.0169e-01
-6.7559e-01
-6.4709e-01
-6.1721e-01
-5.8671e-01
-5.5619e-01
-5.2609e-01
-4.9672e-01
-4.6832e-01
-4.4104e-01
-4.1498e-01
-3.9019e-01
-3.6670e-01
-3.4451e-01
-3.2359e-01
-3.0390e-01
-2.8541e-01
-2.6806e-01
-2.5180e-01
-2.3657e-01
-2.2231e-01
