-2.2000e+02
-9.8036e+00
-2.9047e+00
-2.1125e+00
-1.4733e+00
-1.1145e+00
-8.8717e-01
-7.2928e-01
-6.1271e-01
-5.2296e-01
-4.5178e-01
-5.0062e-01
-4.8256e-01
-4.3278e-01
-3.8804e-01
-3.4900e-01
-3.1503e-01
-2.8539e-01
-2.5941e-01
-2.3654e-01
-2.1631e-01
-1.9834e-01
-1.8230e-01
-1.6794e-01
-1.5503e-01
-1.4339e-01
-1.3285e-01
-1.2329e-01
-1.1458e-01
-1.0664e-01
-9.9371e-02
-9.2711e-02
-8.6593e-02
-8.0963e-02
-7.5772e-02
-7.0978e-02
-1.2000e+02
0.0000e+00
0.0000e+00
-8.5523e+00
-6.5447e+00
-5.9988e+00
-5.2670e+00
-4.5897e+00
-4.0055e+00
-3.5105e+00
-3.0914e+00
-2.7431e+00
-2.4622e+00
-2.2148e+00
-1.9939e+00
-1.7976e+00
-1.6234e+00
-1.4689e+00
-1.3315e+00
-1.2091e+00
-1.0999e+00
-1.0022e+00
-9.1459e-01
-8.3595e-01
-7.6520e-01
-7.0143e-01
-6.4385e-01
-5.9177e-01
-5.4459e-01
-5.0178e-01
-4.6288e-01
-4.2748e-01
-3.9521e-01
-3.6576e-01
-3.3885e-01
-3.1423e-01
-2.0000e+01
-3.8677e+00
-4.5001e+00
-4.7338e+00
-5.2322e+00
-5.5519e+00
-5.4614e+00
-5.1762e+00
-4.8139e+00
-4.4315e+00
-4.0566e+00
-3.7020e+00
-3.3740e+00
-3.0752e+00
-2.8043e+00
-2.5588e+00
-2.3362e+00
-2.1344e+00
-1.9514e+00
-1.7856e+00
-1.6352e+00
-1.4987e+00
-1.3749e+00
-1.2625e+00
-1.1603e+00
-1.0673e+00
-9.8275e-01
-9.0569e-01
-8.3543e-01
-7.7131e-01
-7.1275e-01
-6.5921e-01
-6.1022e-01
-5.6535e-01
-5.2422e-01
-4.8648e-01
-8.2574e-02
-2.8429e-01
-5.3791e-01
-8.6608e-01
-1.2009e+00
-1.4812e+00
-1.6819e+00
-1.8026e+00
-1.8557e+00
-1.8575e+00
-1.8229e+00
-1.7638e+00
-1.6892e+00
-1.6058e+00
-1.5182e+00
-1.4297e+00
-1.3425e+00
-1.2577e+00
-1.1765e+00
-1.0991e+00
-1.0259e+00
-9.5699e-01
-8.9231e-01
-8.3178e-01
-7.7526e-01
-7.2257e-01
-6.7351e-01
-6.2788e-01
-5.8547e-01
-5.4608e-01
-5.0950e-01
-4.7554e-01
-4.4402e-01
-4.1476e-01
-3.8761e-01
-3.6239e-01
-4.1460e-03
-2.6317e-02
-6.3586e-02
-1.1455e-01
-1.7369e-01
-2.2954e-01
-2.7422e-01
-3.0494e-01
-3.2240e-01
-3.2896e-01
-3.2733e-01
-3.1994e-01
-3.0871e-01
-2.9509e-01
-2.8015e-01
-2.6463e-01
-2.4905e-01
-2.3375e-01
-2.1895e-01
-2.0476e-01
-1.9128e-01
-1.7854e-01
-1.6656e-01
-1.5531e-01
-1.4479e-01
-1.3497e-01
-1.2582e-01
-1.1730e-01
-1.0937e-01
-1.0200e-01
-9.5159e-02
-8.8804e-02
-8.2904e-02
-7.7427e-02
-7.2341e-02
-6.7620e-02
-9.2564e-01
-3.5130e+00
-5.0131e+00
-5.4918e+00
-5.4997e+00
-5.2915e+00
-4.9846e+00
-4.6399e+00
-4.2901e+00
-3.9523e+00
-3.6352e+00
-3.3425e+00
-3.0759e+00
-2.8349e+00
-2.6172e+00
-2.4205e+00
-2.2424e+00
-2.0810e+00
-1.9346e+00
-1.8013e+00
-1.6799e+00
-1.5689e+00
-1.4673e+00
-1.3740e+00
-1.2882e+00
-1.2090e+00
-1.1359e+00
-1.0682e+00
-1.0054e+00
-9.4701e-01
-8.9271e-01
-8.4210e-01
-7.9488e-01
-7.5075e-01
-7.0948e-01
-6.7083e-01
-1.0245e+00
-3.6054e+00
-4.7801e+00
-4.9512e+00
-4.7889e+00
-4.5259e+00
-4.2343e+00
-3.9405e+00
-3.6565e+00
-3.3880e+00
-3.1377e+00
-2.9064e+00
-2.6949e+00
-2.5022e+00
-2.3263e+00
-2.1653e+00
-2.0178e+00
-1.8826e+00
-1.7584e+00
-1.6442e+00
-1.5390e+00
-1.4419e+00
-1.3522e+00
-1.2692e+00
-1.1922e+00
-1.1208e+00
-1.0544e+00
-9.9265e-01
-9.3509e-01
-8.8141e-01
-8.3128e-01
-7.8444e-01
-7.4061e-01
-6.9958e-01
-6.6114e-01
-6.2510e-01
-2.0250e-03
-1.4011e-01
-4.7799e-01
-8.8147e-01
-1.2232e+00
-1.4693e+00
-1.6302e+00
-1.7250e+00
-1.7707e+00
-1.7803e+00
-1.7636e+00
-1.7278e+00
-1.6786e+00
-1.6201e+00
-1.5557e+00
-1.4879e+00
-1.4184e+00
-1.3486e+00
-1.2795e+00
-1.2118e+00
-1.1462e+00
-1.0829e+00
-1.0222e+00
-9.6424e-01
-9.0910e-01
-8.5679e-01
-8.0727e-01
-7.6050e-01
-7.1638e-01
-6.7481e-01
-6.3570e-01
-5.9891e-01
-5.6434e-01
-5.3186e-01
-5.0137e-01
-4.7274e-01
-7.5250e-03
-2.3990e-02
-1.0995e-01
-2.7538e-01
-4.7811e-01
-6.7470e-01
-8.4200e-01
-9.7271e-01
-1.0676e+00
-1.1307e+00
-1.1669e+00
-1.1812e+00
-1.1780e+00
-1.1614e+00
-1.1345e+00
-1.1003e+00
-1.0609e+00
-1.0181e+00
-9.7327e-01
-9.2751e-01
-8.8164e-01
-8.3629e-01
-7.9191e-01
-7.4886e-01
-7.0736e-01
-6.6757e-01
-6.2958e-01
-5.9343e-01
-5.5915e-01
-5.2670e-01
-4.9605e-01
-4.6715e-01
-4.3992e-01
-4.1430e-01
-3.9022e-01
-3.6760e-01
-8.3530e-03
-1.8004e-02
-6.7536e-02
-1.6625e-01
-2.9351e-01
-4.2494e-01
-5.4378e-01
-6.4177e-01
-7.1652e-01
-7.6898e-01
-8.0172e-01
-8.1784e-01
-8.2047e-01
-8.1250e-01
-7.9643e-01
-7.7438e-01
-7.4807e-01
-7.1889e-01
-6.8791e-01
-6.5600e-01
-6.2380e-01
-5.9181e-01
-5.6040e-01
-5.2984e-01
-5.0034e-01
-4.7200e-01
-4.4492e-01
-4.1914e-01
-3.9468e-01
-3.7152e-01
-3.4965e-01
-3.2902e-01
-3.0960e-01
-2.9134e-01
-2.7418e-01
-2.5806e-01
