-2.2000e+02
-1.0010e+01
-2.9855e+00
-2.1032e+00
-1.4548e+00
-1.0945e+00
-8.6693e-01
-7.0940e-01
-5.9358e-01
-5.0478e-01
-4.5471e-01
-5.1326e-01
-4.6451e-01
-4.1438e-01
-3.7044e-01
-3.3241e-01
-2.9947e-01
-2.7082e-01
-2.4578e-01
-2.2378e-01
-2.0436e-01
-1.8712e-01
-1.7176e-01
-1.5802e-01
-1.4567e-01
-1.3455e-01
-1.2448e-01
-1.1535e-01
-1.0704e-01
-9.9467e-02
-9.2543e-02
-8.6201e-02
-8.0381e-02
-7.5028e-02
-7.0100e-02
-6.5554e-02
-1.2000e+02
0.0000e+00
0.0000e+00
-8.8595e+00
-6.7138e+00
-6.0973e+00
-5.3153e+00
-4.6084e+00
-4.0056e+00
-3.4985e+00
-3.0721e+00
-2.7266e+00
-2.4410e+00
-2.1882e+00
-1.9642e+00
-1.7664e+00
-1.5917e+00
-1.4372e+00
-1.3001e+00
-1.1782e+00
-1.0697e+00
-9.7276e-01
-8.8600e-01
-8.0821e-01
-7.3830e-01
-6.7536e-01
-6.1861e-01
-5.6733e-01
-5.2093e-01
-4.7888e-01
-4.4072e-01
-4.0603e-01
-3.7447e-01
-3.4570e-01
-3.1945e-01
-2.9547e-01
-2.0000e+01
-4.7312e+00
-4.5371e+00
-4.8551e+00
-5.3281e+00
-5.6089e+00
-5.4821e+00
-5.1734e+00
-4.7956e+00
-4.4027e+00
-4.0206e+00
-3.6614e+00
-3.3310e+00
-3.0307e+00
-2.7587e+00
-2.5124e+00
-2.2894e+00
-2.0875e+00
-1.9047e+00
-1.7392e+00
-1.5894e+00
-1.4536e+00
-1.3305e+00
-1.2188e+00
-1.1175e+00
-1.0255e+00
-9.4182e-01
-8.6573e-01
-7.9646e-01
-7.3334e-01
-6.7578e-01
-6.2325e-01
-5.7527e-01
-5.3141e-01
-4.9128e-01
-4.5454e-01
2.8115e-01
-1.9987e-02
-3.2240e-01
-6.8079e-01
-1.0383e+00
-1.3373e+00
-1.5535e+00
-1.6867e+00
-1.7500e+00
-1.7600e+00
-1.7320e+00
-1.6784e+00
-1.6085e+00
-1.5290e+00
-1.4448e+00
-1.3592e+00
-1.2745e+00
-1.1921e+00
-1.1129e+00
-1.0375e+00
-9.6609e-01
-8.9889e-01
-8.3587e-01
-7.7696e-01
-7.2202e-01
-6.7089e-01
-6.2337e-01
-5.7926e-01
-5.3835e-01
-5.0045e-01
-4.6535e-01
-4.3284e-01
-4.0276e-01
-3.7492e-01
-3.4916e-01
-3.2531e-01
2.9404e-02
2.5067e-02
-2.0152e-02
-7.8870e-02
-1.4375e-01
-2.0402e-01
-2.5215e-01
-2.8556e-01
-3.0510e-01
-3.1327e-01
-3.1290e-01
-3.0649e-01
-2.9605e-01
-2.8307e-01
-2.6865e-01
-2.5357e-01
-2.3837e-01
-2.2339e-01
-2.0887e-01
-1.9494e-01
-1.8170e-01
-1.6918e-01
-1.5741e-01
-1.4638e-01
-1.3607e-01
-1.2646e-01
-1.1752e-01
-1.0921e-01
-1.0150e-01
-9.4354e-02
-8.7727e-02
-8.1591e-02
-7.5910e-02
-7.0649e-02
-6.5782e-02
-6.1275e-02
-6.2700e-01
-3.1007e+00
-4.5502e+00
-5.0217e+00
-5.0479e+00
-4.8678e+00
-4.5917e+00
-4.2776e+00
-3.9568e+00
-3.6464e+00
-3.3547e+00
-3.0856e+00
-2.8409e+00
-2.6195e+00
-2.4194e+00
-2.2383e+00
-2.0743e+00
-1.9256e+00
-1.7904e+00
-1.6673e+00
-1.5549e+00
-1.4521e+00
-1.3578e+00
-1.2711e+00
-1.1912e+00
-1.1175e+00
-1.0493e+00
-9.8611e-01
-9.2749e-01
-8.7300e-01
-8.2230e-01
-7.7505e-01
-7.3097e-01
-6.8981e-01
-6.5133e-01
-6.1533e-01
-7.2960e-01
-3.2257e+00
-4.3494e+00
-4.5081e+00
-4.3618e+00
-4.1269e+00
-3.8667e+00
-3.6041e+00
-3.3495e+00
-3.1081e+00
-2.8822e+00
-2.6732e+00
-2.4819e+00
-2.3068e+00
-2.1463e+00
-1.9990e+00
-1.8636e+00
-1.7390e+00
-1.6243e+00
-1.5186e+00
-1.4210e+00
-1.3307e+00
-1.2472e+00
-1.1698e+00
-1.0980e+00
-1.0313e+00
-9.6925e-01
-9.1150e-01
-8.5771e-01
-8.0754e-01
-7.6073e-01
-7.1701e-01
-6.7615e-01
-6.3794e-01
-6.0218e-01
-5.6870e-01
1.6070e-01
5.3597e-02
-2.6278e-01
-6.5090e-01
-9.8847e-01
-1.2394e+00
-1.4100e+00
-1.5166e+00
-1.5744e+00
-1.5954e+00
-1.5891e+00
-1.5626e+00
-1.5217e+00
-1.4706e+00
-1.4128e+00
-1.3508e+00
-1.2866e+00
-1.2217e+00
-1.1571e+00
-1.0938e+00
-1.0321e+00
-9.7270e-01
-9.1574e-01
-8.6140e-01
-8.0979e-01
-7.6093e-01
-7.1479e-01
-6.7132e-01
-6.3043e-01
-5.9204e-01
-5.5601e-01
-5.2226e-01
-4.9063e-01
-4.6104e-01
-4.3335e-01
-4.0744e-01
1.5104e-01
1.7699e-01
7.7522e-02
-1.0043e-01
-3.1239e-01
-5.1697e-01
-6.9180e-01
-8.2963e-01
-9.3105e-01
-9.9992e-01
-1.0412e+00
-1.0598e+00
-1.0604e+00
-1.0470e+00
-1.0231e+00
-9.9152e-01
-9.5463e-01
-9.1426e-01
-8.7182e-01
-8.2845e-01
-7.8499e-01
-7.4209e-01
-7.0022e-01
-6.5970e-01
-6.2079e-01
-5.8361e-01
-5.4826e-01
-5.1476e-01
-4.8312e-01
-4.5331e-01
-4.2528e-01
-3.9896e-01
-3.7428e-01
-3.5117e-01
-3.2954e-01
-3.0931e-01
2.1882e-01
1.5647e-01
7.7203e-02
-3.9754e-02
-1.7853e-01
-3.1781e-01
-4.4250e-01
-5.4510e-01
-6.2355e-01
-6.7900e-01
-7.1415e-01
-7.3222e-01
-7.3650e-01
-7.2997e-01
-7.1522e-01
-6.9446e-01
-6.6944e-01
-6.4159e-01
-6.1203e-01
-5.8161e-01
-5.5100e-01
-5.2068e-01
-4.9103e-01
-4.6231e-01
-4.3469e-01
-4.0830e-01
-3.8319e-01
-3.5941e-01
-3.3695e-01
-3.1581e-01
-2.9593e-01
-2.7729e-01
-2.5982e-01
-2.4347e-01
-2.2819e-01
-2.1391e-01
