-2.2000e+02
-9.5295e+00
-2.8955e+00
-2.1591e+00
-1.5070e+00
-1.1389e+00
-9.0604e-01
-7.4465e-01
-6.2569e-01
-5.3423e-01
-4.6176e-01
-4.7648e-01
-4.9057e-01
-4.4196e-01
-3.9698e-01
-3.5748e-01
-3.2300e-01
-2.9285e-01
-2.6638e-01
-2.4303e-01
-2.2234e-01
-2.0393e-01
-1.8749e-01
-1.7274e-01
-1.5945e-01
-1.4746e-01
-1.3659e-01
-1.2671e-01
-1.1772e-01
-1.0950e-01
-1.0198e-01
-9.5086e-02
-8.8750e-02
-8.2917e-02
-7.7541e-02
-7.2576e-02
-1.2000e+02
0.0000e+00
0.0000e+00
-8.4073e+00
-6.5184e+00
-5.9937e+00
-5.2720e+00
-4.5993e+00
-4.0178e+00
-3.5245e+00
-3.1065e+00
-2.7547e+00
-2.4724e+00
-2.2275e+00
-2.0078e+00
-1.8119e+00
-1.6377e+00
-1.4828e+00
-1.3448e+00
-1.2217e+00
-1.1117e+00
-1.0132e+00
-9.2477e-01
-8.4529e-01
-7.7370e-01
-7.0913e-01
-6.5077e-01
-5.9795e-01
-5.5007e-01
-5.0659e-01
-4.6707e-01
-4.3109e-01
-3.9828e-01
-3.6834e-01
-3.4097e-01
-3.1594e-01
-2.0000e+01
-3.6988e+00
-4.4309e+00
-4.7148e+00
-5.2261e+00
-5.5561e+00
-5.4742e+00
-5.1942e+00
-4.8353e+00
-4.4551e+00
-4.0813e+00
-3.7271e+00
-3.3986e+00
-3.0986e+00
-2.8265e+00
-2.5796e+00
-2.3556e+00
-2.1524e+00
-1.9679e+00
-1.8006e+00
-1.6486e+00
-1.5107e+00
-1.3855e+00
-1.2716e+00
-1.1681e+00
-1.0740e+00
-9.8823e-01
-9.1011e-01
-8.3887e-01
-7.7386e-01
-7.1448e-01
-6.6019e-01
-6.1053e-01
-5.6505e-01
-5.2337e-01
-4.8514e-01
-2.0550e-01
-3.7452e-01
-6.0881e-01
-9.2743e-01
-1.2570e+00
-1.5335e+00
-1.7309e+00
-1.8481e+00
-1.8975e+00
-1.8955e+00
-1.8569e+00
-1.7939e+00
-1.7154e+00
-1.6283e+00
-1.5373e+00
-1.4455e+00
-1.3553e+00
-1.2679e+00
-1.1842e+00
-1.1047e+00
-1.0296e+00
-9.5904e-01
-8.9290e-01
-8.3108e-01
-7.7343e-01
-7.1976e-01
-6.6986e-01
-6.2350e-01
-5.8047e-01
-5.4055e-01
-5.0352e-01
-4.6920e-01
-4.3738e-01
-4.0789e-01
-3.8054e-01
-3.5520e-01
-1.5005e-02
-4.3899e-02
-7.8325e-02
-1.2677e-01
-1.8445e-01
-2.3941e-01
-2.8342e-01
-3.1351e-01
-3.3033e-01
-3.3621e-01
-3.3389e-01
-3.2578e-01
-3.1385e-01
-2.9955e-01
-2.8395e-01
-2.6783e-01
-2.5168e-01
-2.3587e-01
-2.2060e-01
-2.0601e-01
-1.9216e-01
-1.7910e-01
-1.6682e-01
-1.5532e-01
-1.4458e-01
-1.3457e-01
-1.2525e-01
-1.1659e-01
-1.0854e-01
-1.0107e-01
-9.4133e-02
-8.7703e-02
-8.1743e-02
-7.6215e-02
-7.1092e-02
-6.6341e-02
-8.9389e-01
-3.4386e+00
-4.9595e+00
-5.4777e+00
-5.5203e+00
-5.3381e+00
-5.0498e+00
-4.7179e+00
-4.3767e+00
-4.0443e+00
-3.7300e+00
-3.4382e+00
-3.1707e+00
-2.9278e+00
-2.7074e+00
-2.5074e+00
-2.3256e+00
-2.1603e+00
-2.0096e+00
-1.8721e+00
-1.7463e+00
-1.6311e+00
-1.5253e+00
-1.4280e+00
-1.3383e+00
-1.2555e+00
-1.1788e+00
-1.1078e+00
-1.0420e+00
-9.8074e-01
-9.2377e-01
-8.7068e-01
-8.2116e-01
-7.7492e-01
-7.3170e-01
-6.9127e-01
-1.0415e+00
-3.6639e+00
-4.8631e+00
-5.0438e+00
-4.8844e+00
-4.6220e+00
-4.3301e+00
-4.0356e+00
-3.7504e+00
-3.4801e+00
-3.2274e+00
-2.9932e+00
-2.7780e+00
-2.5815e+00
-2.4017e+00
-2.2367e+00
-2.0851e+00
-1.9458e+00
-1.8175e+00
-1.6992e+00
-1.5901e+00
-1.4893e+00
-1.3959e+00
-1.3095e+00
-1.2293e+00
-1.1548e+00
-1.0856e+00
-1.0212e+00
-9.6116e-01
-9.0520e-01
-8.5297e-01
-8.0419e-01
-7.5859e-01
-7.1593e-01
-6.7601e-01
-6.3861e-01
-6.9278e-02
-2.0716e-01
-5.4593e-01
-9.4940e-01
-1.2899e+00
-1.5338e+00
-1.6916e+00
-1.7826e+00
-1.8241e+00
-1.8292e+00
-1.8079e+00
-1.7676e+00
-1.7140e+00
-1.6512e+00
-1.5828e+00
-1.5112e+00
-1.4382e+00
-1.3652e+00
-1.2931e+00
-1.2227e+00
-1.1546e+00
-1.0891e+00
-1.0263e+00
-9.6656e-01
-9.0980e-01
-8.5604e-01
-8.0526e-01
-7.5736e-01
-7.1227e-01
-6.6986e-01
-6.3003e-01
-5.9263e-01
-5.5755e-01
-5.2466e-01
-4.9383e-01
-4.6494e-01
-6.5192e-02
-9.8241e-02
-1.9239e-01
-3.6698e-01
-5.7332e-01
-7.6716e-01
-9.2748e-01
-1.0492e+00
-1.1345e+00
-1.1881e+00
-1.2156e+00
-1.2219e+00
-1.2116e+00
-1.1886e+00
-1.1562e+00
-1.1171e+00
-1.0735e+00
-1.0270e+00
-9.7903e-01
-9.3053e-01
-8.8230e-01
-8.3493e-01
-7.8884e-01
-7.4432e-01
-7.0159e-01
-6.6077e-01
-6.2193e-01
-5.8508e-01
-5.5024e-01
-5.1734e-01
-4.8635e-01
-4.5719e-01
-4.2980e-01
-4.0408e-01
-3.7995e-01
-3.5733e-01
-8.5808e-02
-7.4123e-02
-1.1295e-01
-1.9992e-01
-3.1525e-01
-4.3536e-01
-5.4396e-01
-6.3302e-01
-7.0018e-01
-7.4635e-01
-7.7396e-01
-7.8603e-01
-7.8553e-01
-7.7523e-01
-7.5751e-01
-7.3437e-01
-7.0745e-01
-6.7805e-01
-6.4718e-01
-6.1564e-01
-5.8402e-01
-5.5277e-01
-5.2224e-01
-4.9266e-01
-4.6419e-01
-4.3695e-01
-4.1100e-01
-3.8637e-01
-3.6305e-01
-3.4104e-01
-3.2031e-01
-3.0080e-01
-2.8248e-01
-2.6529e-01
-2.4917e-01
-2.3407e-01
