-2.2000e+02
-9.6784e+00
-2.9461e+00
-2.1437e+00
-1.4904e+00
-1.1240e+00
-8.9214e-01
-7.3142e-01
-6.1301e-01
-5.2208e-01
-4.5017e-01
-4.9244e-01
-4.7869e-01
-4.2921e-01
-3.8461e-01
-3.4572e-01
-3.1192e-01
-2.8245e-01
-2.5664e-01
-2.3393e-01
-2.1384e-01
-1.9600e-01
-1.8007e-01
-1.6580e-01
-1.5297e-01
-1.4138e-01
-1.3090e-01
-1.2137e-01
-1.1270e-01
-1.0478e-01
-9.7532e-02
-9.0891e-02
-8.4789e-02
-7.9176e-02
-7.4002e-02
-6.9228e-02
-1.2000e+02
0.0000e+00
0.0000e+00
-8.6161e+00
-6.6310e+00
-6.0605e+00
-5.3065e+00
-4.6142e+00
-4.0196e+00
-3.5172e+00
-3.0927e+00
-2.7396e+00
-2.4553e+00
-2.2058e+00
-1.9833e+00
-1.7859e+00
-1.6109e+00
-1.4557e+00
-1.3179e+00
-1.1952e+00
-1.0858e+00
-9.8804e-01
-9.0046e-01
-8.2187e-01
-7.5121e-01
-6.8756e-01
-6.3013e-01
-5.7821e-01
-5.3121e-01
-4.8860e-01
-4.4990e-01
-4.1471e-01
-3.8267e-01
-3.5346e-01
-3.2679e-01
-3.0242e-01
-2.0000e+01
-4.0141e+00
-4.5871e+00
-4.7988e+00
-5.2970e+00
-5.6051e+00
-5.4993e+00
-5.2015e+00
-4.8292e+00
-4.4387e+00
-4.0572e+00
-3.6972e+00
-3.3648e+00
-3.0623e+00
-2.7884e+00
-2.5404e+00
-2.3158e+00
-2.1123e+00
-1.9281e+00
-1.7612e+00
-1.6101e+00
-1.4730e+00
-1.3488e+00
-1.2361e+00
-1.1338e+00
-1.0408e+00
-9.5626e-01
-8.7935e-01
-8.0931e-01
-7.4547e-01
-6.8724e-01
-6.3409e-01
-5.8552e-01
-5.4110e-01
-5.0045e-01
-4.6321e-01
-1.4940e-03
-2.1970e-01
-4.8204e-01
-8.1820e-01
-1.1594e+00
-1.4441e+00
-1.6476e+00
-1.7696e+00
-1.8232e+00
-1.8250e+00
-1.7900e+00
-1.7304e+00
-1.6552e+00
-1.5712e+00
-1.4830e+00
-1.3939e+00
-1.3062e+00
-1.2211e+00
-1.1395e+00
-1.0620e+00
-9.8873e-01
-9.1985e-01
-8.5532e-01
-7.9504e-01
-7.3885e-01
-6.8658e-01
-6.3802e-01
-5.9296e-01
-5.5118e-01
-5.1247e-01
-4.7661e-01
-4.4342e-01
-4.1269e-01
-3.8425e-01
-3.5793e-01
-3.3356e-01
2.9750e-03
-1.3092e-02
-4.8253e-02
-9.6633e-02
-1.5252e-01
-2.0512e-01
-2.4709e-01
-2.7588e-01
-2.9223e-01
-2.9836e-01
-2.9686e-01
-2.8998e-01
-2.7952e-01
-2.6685e-01
-2.5296e-01
-2.3853e-01
-2.2406e-01
-2.0986e-01
-1.9612e-01
-1.8299e-01
-1.7052e-01
-1.5875e-01
-1.4769e-01
-1.3733e-01
-1.2767e-01
-1.1866e-01
-1.1028e-01
-1.0249e-01
-9.5272e-02
-8.8575e-02
-8.2370e-02
-7.6623e-02
-7.1302e-02
-6.6375e-02
-6.1815e-02
-5.7594e-02
-8.6256e-01
-3.3955e+00
-4.8504e+00
-5.3134e+00
-5.3286e+00
-5.1373e+00
-4.8495e+00
-4.5232e+00
-4.1901e+00
-3.8672e+00
-3.5632e+00
-3.2819e+00
-3.0251e+00
-2.7924e+00
-2.5817e+00
-2.3907e+00
-2.2174e+00
-2.0599e+00
-1.9165e+00
-1.7856e+00
-1.6660e+00
-1.5563e+00
-1.4556e+00
-1.3630e+00
-1.2775e+00
-1.1985e+00
-1.1255e+00
-1.0577e+00
-9.9483e-01
-9.3635e-01
-8.8191e-01
-8.3116e-01
-7.8380e-01
-7.3957e-01
-6.9822e-01
-6.5953e-01
-9.9381e-01
-3.5610e+00
-4.6771e+00
-4.8109e+00
-4.6405e+00
-4.3848e+00
-4.1067e+00
-3.8281e+00
-3.5590e+00
-3.3043e+00
-3.0661e+00
-2.8454e+00
-2.6427e+00
-2.4573e+00
-2.2874e+00
-2.1312e+00
-1.9876e+00
-1.8553e+00
-1.7334e+00
-1.6208e+00
-1.5169e+00
-1.4207e+00
-1.3316e+00
-1.2490e+00
-1.1724e+00
-1.1011e+00
-1.0349e+00
-9.7315e-01
-9.1566e-01
-8.6204e-01
-8.1200e-01
-7.6526e-01
-7.2158e-01
-6.8072e-01
-6.4249e-01
-6.0668e-01
3.3343e-02
-9.1748e-02
-4.1381e-01
-7.9794e-01
-1.1255e+00
-1.3652e+00
-1.5257e+00
-1.6236e+00
-1.6740e+00
-1.6886e+00
-1.6765e+00
-1.6448e+00
-1.5989e+00
-1.5431e+00
-1.4808e+00
-1.4146e+00
-1.3464e+00
-1.2777e+00
-1.2096e+00
-1.1429e+00
-1.0782e+00
-1.0159e+00
-9.5618e-01
-8.9930e-01
-8.4531e-01
-7.9423e-01
-7.4602e-01
-7.0061e-01
-6.5793e-01
-6.1784e-01
-5.8025e-01
-5.4502e-01
-5.1203e-01
-4.8115e-01
-4.5226e-01
-4.2524e-01
4.5500e-02
3.2293e-02
-6.4117e-02
-2.3692e-01
-4.4312e-01
-6.4073e-01
-8.0780e-01
-9.3766e-01
-1.0313e+00
-1.0927e+00
-1.1271e+00
-1.1392e+00
-1.1339e+00
-1.1150e+00
-1.0860e+00
-1.0498e+00
-1.0086e+00
-9.6437e-01
-9.1837e-01
-8.7173e-01
-8.2529e-01
-7.7965e-01
-7.3526e-01
-6.9243e-01
-6.5138e-01
-6.1224e-01
-5.7507e-01
-5.3989e-01
-5.0670e-01
-4.7544e-01
-4.4607e-01
-4.1850e-01
-3.9266e-01
-3.6846e-01
-3.4583e-01
-3.2465e-01
6.8347e-02
3.5622e-02
-2.5322e-02
-1.2915e-01
-2.5894e-01
-3.9178e-01
-5.1131e-01
-6.0933e-01
-6.8349e-01
-7.3484e-01
-7.6605e-01
-7.8039e-01
-7.8112e-01
-7.7125e-01
-7.5340e-01
-7.2974e-01
-7.0205e-01
-6.7175e-01
-6.3994e-01
-6.0747e-01
-5.7497e-01
-5.4293e-01
-5.1171e-01
-4.8154e-01
-4.5259e-01
-4.2498e-01
-3.9875e-01
-3.7394e-01
-3.5053e-01
-3.2850e-01
-3.0781e-01
-2.8841e-01
-2.7024e-01
-2.5325e-01
-2.3736e-01
-2.2252e-01
