-2.2000e+02
-9.9377e+00
-2.9276e+00
-2.0844e+00
-1.4497e+00
-1.0968e+00
-8.7412e-01
-7.1969e-01
-6.0572e-01
-5.1793e-01
-4.4824e-01
-5.2083e-01
-4.8193e-01
-4.3217e-01
-3.8784e-01
-3.4918e-01
-3.1550e-01
-2.8607e-01
-2.6023e-01
-2.3744e-01
-2.1725e-01
-1.9929e-01
-1.8323e-01
-1.6883e-01
-1.5587e-01
-1.4416e-01
-1.3355e-01
-1.2391e-01
-1.1513e-01
-1.0711e-01
-9.9770e-02
-9.3040e-02
-8.6856e-02
-8.1165e-02
-7.5916e-02
-7.1072e-02
-1.2000e+02
0.0000e+00
0.0000e+00
-8.5084e+00
-6.4737e+00
-5.9367e+00
-5.2174e+00
-4.5491e+00
-3.9721e+00
-3.4829e+00
-3.0686e+00
-2.7279e+00
-2.4506e+00
-2.2048e+00
-1.9854e+00
-1.7907e+00
-1.6180e+00
-1.4646e+00
-1.3281e+00
-1.2065e+00
-1.0978e+00
-1.0005e+00
-9.1318e-01
-8.3470e-01
-7.6403e-01
-7.0026e-01
-6.4263e-01
-5.9047e-01
-5.4318e-01
-5.0024e-01
-4.6120e-01
-4.2565e-01
-3.9324e-01
-3.6366e-01
-3.3662e-01
-3.1189e-01
-2.0000e+01
-3.6438e+00
-4.3853e+00
-4.6674e+00
-5.1713e+00
-5.4978e+00
-5.4135e+00
-5.1317e+00
-4.7723e+00
-4.3930e+00
-4.0214e+00
-3.6702e+00
-3.3458e+00
-3.0504e+00
-2.7824e+00
-2.5393e+00
-2.3188e+00
-2.1187e+00
-1.9372e+00
-1.7725e+00
-1.6230e+00
-1.4873e+00
-1.3640e+00
-1.2520e+00
-1.1501e+00
-1.0574e+00
-9.7300e-01
-8.9607e-01
-8.2590e-01
-7.6185e-01
-7.0334e-01
-6.4985e-01
-6.0091e-01
-5.5609e-01
-5.1501e-01
-4.7734e-01
-1.9888e-01
-3.6822e-01
-5.9389e-01
-8.9851e-01
-1.2142e+00
-1.4805e+00
-1.6719e+00
-1.7867e+00
-1.8364e+00
-1.8363e+00
-1.8006e+00
-1.7411e+00
-1.6664e+00
-1.5830e+00
-1.4956e+00
-1.4073e+00
-1.3202e+00
-1.2357e+00
-1.1546e+00
-1.0774e+00
-1.0045e+00
-9.3577e-01
-8.7133e-01
-8.1106e-01
-7.5482e-01
-7.0244e-01
-6.5370e-01
-6.0842e-01
-5.6638e-01
-5.2737e-01
-4.9119e-01
-4.5765e-01
-4.2656e-01
-3.9775e-01
-3.7104e-01
-3.4628e-01
-1.3146e-02
-3.9596e-02
-7.0585e-02
-1.1348e-01
-1.6450e-01
-2.1331e-01
-2.5260e-01
-2.7968e-01
-2.9500e-01
-3.0058e-01
-2.9882e-01
-2.9185e-01
-2.8142e-01
-2.6882e-01
-2.5503e-01
-2.4072e-01
-2.2636e-01
-2.1225e-01
-1.9861e-01
-1.8554e-01
-1.7312e-01
-1.6138e-01
-1.5035e-01
-1.4000e-01
-1.3033e-01
-1.2130e-01
-1.1290e-01
-1.0508e-01
-9.7821e-02
-9.1078e-02
-8.4822e-02
-7.9019e-02
-7.3639e-02
-6.8651e-02
-6.4028e-02
-5.9743e-02
-8.0136e-01
-3.1210e+00
-4.6801e+00
-5.2926e+00
-5.4121e+00
-5.2830e+00
-5.0282e+00
-4.7155e+00
-4.3838e+00
-4.0549e+00
-3.7408e+00
-3.4474e+00
-3.1779e+00
-2.9327e+00
-2.7100e+00
-2.5081e+00
-2.3249e+00
-2.1585e+00
-2.0072e+00
-1.8694e+00
-1.7435e+00
-1.6284e+00
-1.5229e+00
-1.4259e+00
-1.3366e+00
-1.2542e+00
-1.1781e+00
-1.1075e+00
-1.0421e+00
-9.8128e-01
-9.2468e-01
-8.7195e-01
-8.2274e-01
-7.7678e-01
-7.3381e-01
-6.9358e-01
-1.1170e+00
-3.6583e+00
-4.7895e+00
-4.9502e+00
-4.7937e+00
-4.5406e+00
-4.2583e+00
-3.9719e+00
-3.6931e+00
-3.4279e+00
-3.1795e+00
-2.9490e+00
-2.7376e+00
-2.5443e+00
-2.3671e+00
-2.2046e+00
-2.0553e+00
-1.9181e+00
-1.7919e+00
-1.6756e+00
-1.5683e+00
-1.4692e+00
-1.3775e+00
-1.2926e+00
-1.2139e+00
-1.1407e+00
-1.0727e+00
-1.0094e+00
-9.5046e-01
-8.9546e-01
-8.4412e-01
-7.9615e-01
-7.5130e-01
-7.0933e-01
-6.7004e-01
-6.3321e-01
-8.4437e-02
-2.1498e-01
-5.3465e-01
-9.1701e-01
-1.2418e+00
-1.4766e+00
-1.6304e+00
-1.7206e+00
-1.7633e+00
-1.7708e+00
-1.7524e+00
-1.7152e+00
-1.6646e+00
-1.6049e+00
-1.5394e+00
-1.4705e+00
-1.4000e+00
-1.3292e+00
-1.2593e+00
-1.1909e+00
-1.1246e+00
-1.0608e+00
-9.9965e-01
-9.4139e-01
-8.8605e-01
-8.3364e-01
-7.8412e-01
-7.3743e-01
-6.9347e-01
-6.5214e-01
-6.1332e-01
-5.7688e-01
-5.4271e-01
-5.1068e-01
-4.8066e-01
-4.5253e-01
-7.8779e-02
-1.1040e-01
-2.0395e-01
-3.7631e-01
-5.7748e-01
-7.6498e-01
-9.1955e-01
-1.0368e+00
-1.1190e+00
-1.1708e+00
-1.1971e+00
-1.2029e+00
-1.1925e+00
-1.1697e+00
-1.1376e+00
-1.0990e+00
-1.0558e+00
-1.0099e+00
-9.6241e-01
-9.1446e-01
-8.6678e-01
-8.1996e-01
-7.7442e-01
-7.3046e-01
-6.8828e-01
-6.4800e-01
-6.0970e-01
-5.7339e-01
-5.3906e-01
-5.0669e-01
-4.7619e-01
-4.4753e-01
-4.2061e-01
-3.9535e-01
-3.7166e-01
-3.4947e-01
-8.8180e-02
-7.7419e-02
-1.1420e-01
-1.9715e-01
-3.0786e-01
-4.2385e-01
-5.2937e-01
-6.1646e-01
-6.8262e-01
-7.2848e-01
-7.5628e-01
-7.6880e-01
-7.6893e-01
-7.5932e-01
-7.4232e-01
-7.1988e-01
-6.9363e-01
-6.6485e-01
-6.3457e-01
-6.0357e-01
-5.7246e-01
-5.4170e-01
-5.1162e-01
-4.8248e-01
-4.5444e-01
-4.2760e-01
-4.0205e-01
-3.7780e-01
-3.5486e-01
-3.3322e-01
-3.1284e-01
-2.9368e-01
-2.7569e-01
-2.5883e-01
-2.4303e-01
-2.2823e-01
