2.70018392e+02
4.98455397e+01
3.94753210e+01
3.70314413e+01
3.47808432e+01
3.34844913e+01
3.20671590e+01
3.12218036e+01
3.11663689e+01
2.98568198e+01
2.99394108e+01
2.92964767e+01
2.88241475e+01
2.80944264e+01
2.79631014e+01
2.73411506e+01
2.69221603e+01
2.67946967e+01
2.62934379e+01
2.63939451e+01
2.61556644e+01
2.59435070e+01
2.57064404e+01
2.54721942e+01
2.51934633e+01
2.53095112e+01
2.49307044e+01
2.49151754e+01
2.43904364e+01
2.47172312e+01
2.48800086e+01
2.46074293e+01
2.46435423e+01
2.44975897e+01
2.43829747e+01
2.41048999e+01
2.41707244e+01
2.69833894e+02
1.49913879e+02
1.50021094e+02
1.49769521e+02
1.40993241e+02
1.34217922e+02
1.28291538e+02
1.23315220e+02
1.18410743e+02
1.14387428e+02
1.11034323e+02
1.07848589e+02
1.05452147e+02
1.02796618e+02
1.00497705e+02
9.88997947e+01
9.68149841e+01
9.55924136e+01
9.42569543e+01
9.27306156e+01
9.12424920e+01
9.05440859e+01
8.90987968e+01
8.84675289e+01
8.77745459e+01
8.69470084e+01
8.64131501e+01
8.52543250e+01
8.48333814e+01
8.47342336e+01
8.42970623e+01
8.37425312e+01
8.36198928e+01
8.25607681e+01
8.22556551e+01
8.21091373e+01
8.18816245e+01
2.69841094e+02
2.49840139e+02
2.45549117e+02
2.41190716e+02
2.35981333e+02
2.30413947e+02
2.24948858e+02
2.19852359e+02
2.14497818e+02
2.09874227e+02
2.05453664e+02
2.01583205e+02
1.97701495e+02
1.94545266e+02
1.91564945e+02
1.88489013e+02
1.86011145e+02
1.83504770e+02
1.81992686e+02
1.80055446e+02
1.78396987e+02
1.76405982e+02
1.75754271e+02
1.73994997e+02
1.72603332e+02
1.71577999e+02
1.70804363e+02
1.69254605e+02
1.68696274e+02
1.67971793e+02
1.67356120e+02
1.66459138e+02
1.65829958e+02
1.65578675e+02
1.65003686e+02
1.63917169e+02
1.63774436e+02
2.67768568e+02
2.68029988e+02
2.68240699e+02
2.67616532e+02
2.66939543e+02
2.65873372e+02
2.64791805e+02
2.63220340e+02
2.61362008e+02
2.59645099e+02
2.58126689e+02
2.56254149e+02
2.54504658e+02
2.52870166e+02
2.51742742e+02
2.50145167e+02
2.48749672e+02
2.47910275e+02
2.46648464e+02
2.45445465e+02
2.44419764e+02
2.43537435e+02
2.42174927e+02
2.41921760e+02
2.40607960e+02
2.40030929e+02
2.39200544e+02
2.38674854e+02
2.37834703e+02
2.37792976e+02
2.36911388e+02
2.36538974e+02
2.36209980e+02
2.36173179e+02
2.35238587e+02
2.35322508e+02
2.34676253e+02
2.67608656e+02
2.67869562e+02
2.67929603e+02
2.67767176e+02
2.67558641e+02
2.67631134e+02
2.67244895e+02
2.67041611e+02
2.66734907e+02
2.66278549e+02
2.66125916e+02
2.65567857e+02
2.65866797e+02
2.65017001e+02
2.65289507e+02
2.64882991e+02
2.64264887e+02
2.64126847e+02
2.64217716e+02
2.63942714e+02
2.63657824e+02
2.63454886e+02
2.63540569e+02
2.63082633e+02
2.62798224e+02
2.62507236e+02
2.62347105e+02
2.62545484e+02
2.62494661e+02
2.62319080e+02
2.62367854e+02
2.62312671e+02
2.61978666e+02
2.61746045e+02
2.61747527e+02
2.61623981e+02
2.61640906e+02
2.68270430e+02
2.67483517e+02
2.64737266e+02
2.60555480e+02
2.55615415e+02
2.50132079e+02
2.45398058e+02
2.41031403e+02
2.36270280e+02
2.32664497e+02
2.28693700e+02
2.25587133e+02
2.22471728e+02
2.19949036e+02
2.17284872e+02
2.14707843e+02
2.12418708e+02
2.10343203e+02
2.08210756e+02
2.06262359e+02
2.04765104e+02
2.03356173e+02
2.01748540e+02
2.00364442e+02
1.99076235e+02
1.98311810e+02
1.96749170e+02
1.95591050e+02
1.95042684e+02
1.93737282e+02
1.92622898e+02
1.91904289e+02
1.91373243e+02
1.90338464e+02
1.89734982e+02
1.89016380e+02
1.88478129e+02
2.68775357e+02
2.67724209e+02
2.64381907e+02
2.60012794e+02
2.54852914e+02
2.50739597e+02
2.46637963e+02
2.41872511e+02
2.38717608e+02
2.35278984e+02
2.32380526e+02
2.29170120e+02
2.26716693e+02
2.24298938e+02
2.22116936e+02
2.20259890e+02
2.17805093e+02
2.15970818e+02
2.13900244e+02
2.12720834e+02
2.11370895e+02
2.09888760e+02
2.08595983e+02
2.07269234e+02
2.05658979e+02
2.05050878e+02
2.03638827e+02
2.02514016e+02
2.02093511e+02
2.01142142e+02
2.00351830e+02
1.99328218e+02
1.98760914e+02
1.97748386e+02
1.97417447e+02
1.96721241e+02
1.95798893e+02
2.69417670e+02
2.69565151e+02
2.68960076e+02
2.68599444e+02
2.68069604e+02
2.67177097e+02
2.65473689e+02
2.64395580e+02
2.62690795e+02
2.60960941e+02
2.59548336e+02
2.57923642e+02
2.56004287e+02
2.54795995e+02
2.53058003e+02
2.51880039e+02
2.50572471e+02
2.48887491e+02
2.48127525e+02
2.46773310e+02
2.45834832e+02
2.44618822e+02
2.43939196e+02
2.42839826e+02
2.42167585e+02
2.41095479e+02
2.40417398e+02
2.39654657e+02
2.39078444e+02
2.38089667e+02
2.37540493e+02
2.37328999e+02
2.36652928e+02
2.36128680e+02
2.35440964e+02
2.35322271e+02
2.34766652e+02
2.69250865e+02
2.69528010e+02
2.69770881e+02
2.69304961e+02
2.69096462e+02
2.69335425e+02
2.68271613e+02
2.67850190e+02
2.66627252e+02
2.65601187e+02
2.64265846e+02
2.63149284e+02
2.62694790e+02
2.61949389e+02
2.60240272e+02
2.59593127e+02
2.58310198e+02
2.56951276e+02
2.56240018e+02
2.55538485e+02
2.54757910e+02
2.53857971e+02
2.52998778e+02
2.52643530e+02
2.51656687e+02
2.51306434e+02
2.50182104e+02
2.50033968e+02
2.49407211e+02
2.48778055e+02
2.48513971e+02
2.48227598e+02
2.47831973e+02
2.47338142e+02
2.46381573e+02
2.46389157e+02
2.45798310e+02
2.69501556e+02
2.69771117e+02
2.69693329e+02
2.70368062e+02
2.70122467e+02
2.70030815e+02
2.69733534e+02
2.69020036e+02
2.68486482e+02
2.68401380e+02
2.67388076e+02
2.66802215e+02
2.65923824e+02
2.64855214e+02
2.64675300e+02
2.63681537e+02
2.62908248e+02
2.62294065e+02
2.61736214e+02
2.60787826e+02
2.60476188e+02
2.59748136e+02
2.59353340e+02
2.58610459e+02
2.58502001e+02
2.57866663e+02
2.57738620e+02
2.57158407e+02
2.56608767e+02
2.56274743e+02
2.55886909e+02
2.55937024e+02
2.55403955e+02
2.55199091e+02
2.54657789e+02
2.54468290e+02
2.54632249e+02
