2.69985267e+02
4.96456613e+01
3.98412187e+01
3.66284272e+01
3.48548901e+01
3.34118071e+01
3.23965046e+01
3.13377946e+01
3.06233061e+01
3.02771349e+01
2.93707715e+01
2.91085098e+01
2.88928070e+01
2.83666653e+01
2.76534869e+01
2.76950631e+01
2.70702238e+01
2.68082334e+01
2.65315245e+01
2.65658784e+01
2.60668466e+01
2.59639734e+01
2.56042890e+01
2.57300550e+01
2.56965867e+01
2.56810666e+01
2.52554016e+01
2.47962805e+01
2.49455986e+01
2.47007145e+01
2.50991788e+01
2.47200344e+01
2.44959193e+01
2.39885319e+01
2.44898516e+01
2.44968863e+01
2.44429461e+01
2.69641216e+02
1.49830898e+02
1.49951689e+02
1.49944715e+02
1.41568688e+02
1.34855461e+02
1.28558296e+02
1.23094386e+02
1.18165082e+02
1.15053486e+02
1.11450184e+02
1.08130093e+02
1.05594933e+02
1.03326502e+02
1.01108846e+02
9.89372739e+01
9.68782065e+01
9.55323480e+01
9.41083866e+01
9.25796128e+01
9.15672972e+01
9.11483702e+01
8.97502156e+01
8.84243792e+01
8.80259026e+01
8.72383870e+01
8.65444897e+01
8.58484946e+01
8.52523116e+01
8.51445523e+01
8.42405085e+01
8.35637074e+01
8.32343504e+01
8.29283470e+01
8.30573834e+01
8.23517226e+01
8.21497810e+01
2.69831168e+02
2.49893218e+02
2.45929902e+02
2.41515907e+02
2.36703841e+02
2.31303729e+02
2.25594788e+02
2.20350454e+02
2.15031593e+02
2.10318151e+02
2.05583232e+02
2.01624122e+02
1.98226069e+02
1.95009775e+02
1.91657948e+02
1.89317958e+02
1.86409052e+02
1.84494318e+02
1.82133464e+02
1.80334894e+02
1.78406423e+02
1.77088676e+02
1.75622300e+02
1.74206125e+02
1.72672568e+02
1.71926633e+02
1.70861520e+02
1.69484078e+02
1.68891116e+02
1.68236351e+02
1.67897525e+02
1.66496607e+02
1.66660215e+02
1.65310526e+02
1.65167049e+02
1.64347222e+02
1.64389986e+02
2.69031914e+02
2.68948319e+02
2.69097832e+02
2.68427112e+02
2.67462165e+02
2.66383926e+02
2.65014827e+02
2.63236814e+02
2.61464921e+02
2.59834273e+02
2.58078910e+02
2.55881834e+02
2.54314650e+02
2.53063967e+02
2.51269075e+02
2.49842858e+02
2.48532506e+02
2.47331016e+02
2.46008532e+02
2.45127504e+02
2.43779986e+02
2.42931214e+02
2.42144995e+02
2.40996789e+02
2.40428867e+02
2.39599054e+02
2.38924896e+02
2.38328098e+02
2.37843802e+02
2.37026773e+02
2.36652814e+02
2.36326233e+02
2.35906594e+02
2.35481922e+02
2.35126558e+02
2.34680157e+02
2.34258466e+02
2.67747387e+02
2.67954877e+02
2.67682669e+02
2.68134367e+02
2.67367848e+02
2.67492781e+02
2.66949552e+02
2.66959927e+02
2.66374773e+02
2.66683655e+02
2.66011680e+02
2.66006223e+02
2.65582435e+02
2.65288863e+02
2.65024429e+02
2.64442039e+02
2.64441985e+02
2.64200965e+02
2.63796567e+02
2.63604828e+02
2.63717618e+02
2.63722050e+02
2.63149903e+02
2.62989765e+02
2.63127815e+02
2.62794072e+02
2.62620159e+02
2.62614773e+02
2.62297428e+02
2.62279136e+02
2.62097993e+02
2.62429186e+02
2.61792275e+02
2.62235633e+02
2.61891984e+02
2.61882133e+02
2.61905307e+02
2.66167500e+02
2.65807835e+02
2.62912221e+02
2.59091080e+02
2.55103292e+02
2.49937209e+02
2.45551565e+02
2.40749034e+02
2.36775332e+02
2.33196419e+02
2.29417408e+02
2.26644342e+02
2.23346237e+02
2.20954127e+02
2.17862492e+02
2.15588576e+02
2.13515112e+02
2.11568789e+02
2.09842032e+02
2.07745859e+02
2.05881623e+02
2.04844628e+02
2.03687270e+02
2.01979985e+02
2.00631211e+02
1.99439392e+02
1.98118517e+02
1.97092021e+02
1.96079638e+02
1.95374196e+02
1.94201981e+02
1.93701237e+02
1.93396865e+02
1.91999269e+02
1.91486156e+02
1.90589220e+02
1.90174268e+02
2.66811987e+02
2.65933609e+02
2.62913749e+02
2.58593256e+02
2.54097226e+02
2.50171067e+02
2.45926878e+02
2.42070425e+02
2.38617038e+02
2.35609969e+02
2.32372727e+02
2.29823064e+02
2.27269364e+02
2.24463632e+02
2.22649056e+02
2.20860056e+02
2.18688601e+02
2.16342044e+02
2.15020179e+02
2.13207893e+02
2.12345485e+02
2.10774288e+02
2.09122363e+02
2.08163609e+02
2.07286583e+02
2.05998125e+02
2.04883896e+02
2.04034720e+02
2.03217163e+02
2.02378397e+02
2.01332770e+02
2.00178841e+02
1.99336158e+02
1.99397423e+02
1.98640072e+02
1.98031976e+02
1.96945140e+02
2.68916389e+02
2.68919665e+02
2.69320837e+02
2.68610669e+02
2.68059427e+02
2.66482064e+02
2.65767793e+02
2.63845901e+02
2.62774727e+02
2.61324096e+02
2.59372775e+02
2.57830412e+02
2.56441090e+02
2.55178754e+02
2.53522606e+02
2.52277978e+02
2.50705703e+02
2.49399873e+02
2.48393731e+02
2.47004256e+02
2.45952245e+02
2.44792504e+02
2.43888555e+02
2.43044214e+02
2.42355340e+02
2.41472910e+02
2.40649192e+02
2.39640028e+02
2.38978350e+02
2.38441355e+02
2.37968239e+02
2.37143617e+02
2.36744736e+02
2.36111354e+02
2.35672872e+02
2.35847761e+02
2.35384041e+02
2.69497272e+02
2.69605056e+02
2.70330586e+02
2.69901736e+02
2.69448750e+02
2.69399595e+02
2.68273971e+02
2.67746759e+02
2.67250271e+02
2.66434818e+02
2.65246338e+02
2.64282143e+02
2.62778981e+02
2.61726901e+02
2.60843592e+02
2.59383281e+02
2.58542411e+02
2.58106193e+02
2.56635388e+02
2.56181689e+02
2.55247292e+02
2.54447020e+02
2.53454477e+02
2.52647139e+02
2.52335345e+02
2.51500444e+02
2.51029743e+02
2.50403748e+02
2.49878193e+02
2.49272421e+02
2.48784576e+02
2.48345424e+02
2.48256552e+02
2.47826901e+02
2.46988876e+02
2.46732320e+02
2.46190504e+02
2.70269783e+02
2.70297597e+02
2.70140873e+02
2.70426901e+02
2.70261449e+02
2.69759460e+02
2.69882046e+02
2.69278362e+02
2.68751654e+02
2.67957164e+02
2.67390911e+02
2.66307362e+02
2.65881705e+02
2.64930621e+02
2.64380167e+02
2.63910082e+02
2.63346798e+02
2.62830117e+02
2.61995373e+02
2.61298743e+02
2.60517805e+02
2.60013994e+02
2.59762242e+02
2.59216328e+02
2.58454926e+02
2.58699705e+02
2.58209218e+02
2.57669813e+02
2.57385256e+02
2.56961840e+02
2.56350949e+02
2.56216977e+02
2.56185311e+02
2.55697598e+02
2.55560075e+02
2.55512807e+02
2.54947273e+02
