2.70000000e+02
5.00000000e+01
4.03974390e+01
3.75231200e+01
3.53839840e+01
3.38876830e+01
3.27555550e+01
3.18545230e+01
3.11140080e+01
3.04919510e+01
2.99610340e+01
2.95023500e+01
2.90376430e+01
2.85513570e+01
2.81130630e+01
2.77195300e+01
2.73653380e+01
2.70454990e+01
2.67557080e+01
2.64923020e+01
2.62521700e+01
2.60326630e+01
2.58315100e+01
2.56467600e+01
2.54767250e+01
2.53199380e+01
2.51751170e+01
2.50411360e+01
2.49170030e+01
2.48018380e+01
2.46948600e+01
2.45953700e+01
2.45027440e+01
2.44164200e+01
2.43358920e+01
2.42607020e+01
2.41904350e+01
2.70000000e+02
1.50000000e+02
1.50000000e+02
1.50000000e+02
1.41628919e+02
1.35156165e+02
1.29190418e+02
1.23931846e+02
1.19337166e+02
1.15318759e+02
1.11790536e+02
1.08678445e+02
1.05917995e+02
1.03440052e+02
1.01206471e+02
9.91923390e+01
9.73741760e+01
9.57305010e+01
9.42421820e+01
9.28923500e+01
9.16661800e+01
9.05506450e+01
8.95342830e+01
8.86069840e+01
8.77598160e+01
8.69848690e+01
8.62751200e+01
8.56243260e+01
8.50269180e+01
8.44779260e+01
8.39729010e+01
8.35078570e+01
8.30792140e+01
8.26837510e+01
8.23185700e+01
8.19810520e+01
8.16688360e+01
2.70000000e+02
2.50000000e+02
2.46395374e+02
2.42015603e+02
2.37330441e+02
2.32126761e+02
2.26580452e+02
2.21103596e+02
2.15898124e+02
2.11045931e+02
2.06570524e+02
2.02467023e+02
1.98717056e+02
1.95295837e+02
1.92175441e+02
1.89328445e+02
1.86729763e+02
1.84356679e+02
1.82188561e+02
1.80206651e+02
1.78393900e+02
1.76734831e+02
1.75215407e+02
1.73822913e+02
1.72545839e+02
1.71373767e+02
1.70297275e+02
1.69307835e+02
1.68397732e+02
1.67559982e+02
1.66788261e+02
1.66076839e+02
1.65420522e+02
1.64814601e+02
1.64254798e+02
1.63737231e+02
1.63258372e+02
2.71455148e+02
2.71195918e+02
2.70775057e+02
2.70132520e+02
2.69181298e+02
2.67906498e+02
2.66358108e+02
2.64613467e+02
2.62752017e+02
2.60841435e+02
2.58933471e+02
2.57064987e+02
2.55260750e+02
2.53536409e+02
2.51900855e+02
2.50358176e+02
2.48909108e+02
2.47552156e+02
2.46284410e+02
2.45102084e+02
2.44000893e+02
2.42976301e+02
2.42023689e+02
2.41138473e+02
2.40316181e+02
2.39552508e+02
2.38843343e+02
2.38184795e+02
2.37573197e+02
2.37005110e+02
2.36477321e+02
2.35986835e+02
2.35530869e+02
2.35106840e+02
2.34712354e+02
2.34345198e+02
2.34003323e+02
2.68340255e+02
2.68319333e+02
2.68262814e+02
2.68170259e+02
2.68027226e+02
2.67823114e+02
2.67560102e+02
2.67249577e+02
2.66906393e+02
2.66544905e+02
2.66177022e+02
2.65811744e+02
2.65455429e+02
2.65112314e+02
2.64785024e+02
2.64475010e+02
2.64182877e+02
2.63908651e+02
2.63651976e+02
2.63412250e+02
2.63188723e+02
2.62980563e+02
2.62786893e+02
2.62606831e+02
2.62439503e+02
2.62284059e+02
2.62139681e+02
2.62005593e+02
2.61881058e+02
2.61765384e+02
2.61657920e+02
2.61558061e+02
2.61465242e+02
2.61378938e+02
2.61298663e+02
2.61223964e+02
2.61154424e+02
2.72660340e+02
2.71929127e+02
2.68922174e+02
2.64365141e+02
2.59183653e+02
2.53861487e+02
2.48646220e+02
2.43666774e+02
2.38985259e+02
2.34624772e+02
2.30585842e+02
2.26856408e+02
2.23417868e+02
2.20248235e+02
2.17324227e+02
2.14623655e+02
2.12126147e+02
2.09813183e+02
2.07668030e+02
2.05675649e+02
2.03822555e+02
2.02096675e+02
2.00487203e+02
1.98984457e+02
1.97579753e+02
1.96265282e+02
1.95034014e+02
1.93879597e+02
1.92796284e+02
1.91778858e+02
1.90822572e+02
1.89923097e+02
1.89076476e+02
1.88279082e+02
1.87527587e+02
1.86818928e+02
1.86150285e+02
2.72705141e+02
2.71653288e+02
2.68037381e+02
2.63256654e+02
2.58302029e+02
2.53499624e+02
2.48949467e+02
2.44682621e+02
2.40704129e+02
2.37006818e+02
2.33577211e+02
2.30398717e+02
2.27453494e+02
2.24722934e+02
2.22188554e+02
2.19833727e+02
2.17643577e+02
2.15604626e+02
2.13704619e+02
2.11932424e+02
2.10277928e+02
2.08731950e+02
2.07286145e+02
2.05932925e+02
2.04665378e+02
2.03477202e+02
2.02362638e+02
2.01316418e+02
2.00333714e+02
1.99410095e+02
1.98541487e+02
1.97724140e+02
1.96954598e+02
1.96229670e+02
1.95546408e+02
1.94902084e+02
1.94294173e+02
2.72865095e+02
2.72763451e+02
2.72517502e+02
2.71935365e+02
2.70956721e+02
2.69646944e+02
2.68102517e+02
2.66408371e+02
2.64629975e+02
2.62815865e+02
2.61001608e+02
2.59213073e+02
2.57468826e+02
2.55781872e+02
2.54160899e+02
2.52611237e+02
2.51135725e+02
2.49735372e+02
2.48409839e+02
2.47157800e+02
2.45977210e+02
2.44865526e+02
2.43819869e+02
2.42837157e+02
2.41914199e+02
2.41047779e+02
2.40234704e+02
2.39471851e+02
2.38756192e+02
2.38084818e+02
2.37454948e+02
2.36863942e+02
2.36309300e+02
2.35788662e+02
2.35299812e+02
2.34840667e+02
2.34409275e+02
2.72690132e+02
2.72602591e+02
2.72466822e+02
2.72253335e+02
2.71888240e+02
2.71334788e+02
2.70598653e+02
2.69708374e+02
2.68699667e+02
2.67607455e+02
2.66462672e+02
2.65291318e+02
2.64114489e+02
2.62948803e+02
2.61806971e+02
2.60698376e+02
2.59629648e+02
2.58605213e+02
2.57627759e+02
2.56698627e+02
2.55818126e+02
2.54985787e+02
2.54200568e+02
2.53461012e+02
2.52765378e+02
2.52111737e+02
2.51498051e+02
2.50922233e+02
2.50382187e+02
2.49875846e+02
2.49401197e+02
2.48956291e+02
2.48539264e+02
2.48148335e+02
2.47781817e+02
2.47438117e+02
2.47115733e+02
2.72338027e+02
2.72205655e+02
2.72091062e+02
2.71944541e+02
2.71715328e+02
2.71373876e+02
2.70915353e+02
2.70351597e+02
2.69702485e+02
2.68990098e+02
2.68235480e+02
2.67457120e+02
2.66670425e+02
2.65887751e+02
2.65118653e+02
2.64370266e+02
2.63647701e+02
2.62954424e+02
2.62292602e+02
2.61663393e+02
2.61067178e+02
2.60503758e+02
2.59972499e+02
2.59472460e+02
2.59002480e+02
2.58561258e+02
2.58147404e+02
2.57759490e+02
2.57396073e+02
2.57055731e+02
2.56737071e+02
2.56438747e+02
2.56159469e+02
2.55898006e+02
2.55653189e+02
2.55423917e+02
2.55209150e+02
