2.70000000e+02
5.00000000e+01
4.02852690e+01
3.74092600e+01
3.52944110e+01
3.38180630e+01
3.27020300e+01
3.18140890e+01
3.10842550e+01
3.04709610e+01
2.99473020e+01
2.94947090e+01
2.90356300e+01
2.85552140e+01
2.81221420e+01
2.77332440e+01
2.73831550e+01
2.70669270e+01
2.67802880e+01
2.65195960e+01
2.62817580e+01
2.60641370e+01
2.58644780e+01
2.56808450e+01
2.55115650e+01
2.53551880e+01
2.52104510e+01
2.50762470e+01
2.49516040e+01
2.48356650e+01
2.47276670e+01
2.46269350e+01
2.45328640e+01
2.44449120e+01
2.43625940e+01
2.42854700e+01
2.42131450e+01
2.70000000e+02
1.50000000e+02
1.50000000e+02
1.50000000e+02
1.41574803e+02
1.35102878e+02
1.29153073e+02
1.23918857e+02
1.19353253e+02
1.15366506e+02
1.11871117e+02
1.08792043e+02
1.06064080e+02
1.03617776e+02
1.01414609e+02
9.94293190e+01
9.76382020e+01
9.60196460e+01
9.45544490e+01
9.32257230e+01
9.20186600e+01
9.09202750e+01
8.99191640e+01
8.90052950e+01
8.81698170e+01
8.74049120e+01
8.67036490e+01
8.60598800e+01
8.54681330e+01
8.49235300e+01
8.44217170e+01
8.39587970e+01
8.35312760e+01
8.31360190e+01
8.27702060e+01
8.24312970e+01
8.21170000e+01
2.70000000e+02
2.50000000e+02
2.46334642e+02
2.41955299e+02
2.37299746e+02
2.32138486e+02
2.26644333e+02
2.21227269e+02
2.16086634e+02
2.11302039e+02
2.06895000e+02
2.02858974e+02
1.99174288e+02
1.95815205e+02
1.92753160e+02
1.89960341e+02
1.87411465e+02
1.85083753e+02
1.82956619e+02
1.81011426e+02
1.79231296e+02
1.77600954e+02
1.76106587e+02
1.74735713e+02
1.73477053e+02
1.72320423e+02
1.71256621e+02
1.70277339e+02
1.69375066e+02
1.68543016e+02
1.67775048e+02
1.67065609e+02
1.66409668e+02
1.65802667e+02
1.65240475e+02
1.64719343e+02
1.64235867e+02
2.70973096e+02
2.70926917e+02
2.70650993e+02
2.70114791e+02
2.69250601e+02
2.68052918e+02
2.66575637e+02
2.64897242e+02
2.63097253e+02
2.61243083e+02
2.59386211e+02
2.57563360e+02
2.55799307e+02
2.54109824e+02
2.52504033e+02
2.50986308e+02
2.49557707e+02
2.48217077e+02
2.46961849e+02
2.45788571e+02
2.44693278e+02
2.43671733e+02
2.42719600e+02
2.41832559e+02
2.41006381e+02
2.40236987e+02
2.39520476e+02
2.38853147e+02
2.38231509e+02
2.37652287e+02
2.37112414e+02
2.36609032e+02
2.36139480e+02
2.35701289e+02
2.35292167e+02
2.34909993e+02
2.34552805e+02
2.68148546e+02
2.68148000e+02
2.68126718e+02
2.68069130e+02
2.67963942e+02
2.67804239e+02
2.67593115e+02
2.67340774e+02
2.67059990e+02
2.66762945e+02
2.66459697e+02
2.66157831e+02
2.65862714e+02
2.65577935e+02
2.65305742e+02
2.65047396e+02
2.64803455e+02
2.64573993e+02
2.64358759e+02
2.64157297e+02
2.63969024e+02
2.63793284e+02
2.63629382e+02
2.63476613e+02
2.63334279e+02
2.63201698e+02
2.63078213e+02
2.62963197e+02
2.62856057e+02
2.62756233e+02
2.62663201e+02
2.62576469e+02
2.62495581e+02
2.62420112e+02
2.62349665e+02
2.62283876e+02
2.62222404e+02
2.75594931e+02
2.74510611e+02
2.70752016e+02
2.65475255e+02
2.59742471e+02
2.54038864e+02
2.48582109e+02
2.43467249e+02
2.38726711e+02
2.34360026e+02
2.30349909e+02
2.26671202e+02
2.23295841e+02
2.20194960e+02
2.17340441e+02
2.14706940e+02
2.12272071e+02
2.10016063e+02
2.07921474e+02
2.05972923e+02
2.04156857e+02
2.02461315e+02
2.00875735e+02
1.99390759e+02
1.97998084e+02
1.96690313e+02
1.95460839e+02
1.94303737e+02
1.93213679e+02
1.92185853e+02
1.91215902e+02
1.90299865e+02
1.89434132e+02
1.88615401e+02
1.87840644e+02
1.87107080e+02
1.86412142e+02
2.75308721e+02
2.74099337e+02
2.70250974e+02
2.65247111e+02
2.60104390e+02
2.55153973e+02
2.50493301e+02
2.46147816e+02
2.42116220e+02
2.38385334e+02
2.34936423e+02
2.31748505e+02
2.28800192e+02
2.26070060e+02
2.23537471e+02
2.21184202e+02
2.18994226e+02
2.16953264e+02
2.15048538e+02
2.13268604e+02
2.11603202e+02
2.10043128e+02
2.08580105e+02
2.07206681e+02
2.05916126e+02
2.04702352e+02
2.03559831e+02
2.02483538e+02
2.01468889e+02
2.00511694e+02
1.99608115e+02
1.98754625e+02
1.97947982e+02
1.97185194e+02
1.96463500e+02
1.95780344e+02
1.95133358e+02
2.73844953e+02
2.73743485e+02
2.73511549e+02
2.72944306e+02
2.71976592e+02
2.70671500e+02
2.69125863e+02
2.67426011e+02
2.65638665e+02
2.63813113e+02
2.61985229e+02
2.60180904e+02
2.58418603e+02
2.56711190e+02
2.55067254e+02
2.53492083e+02
2.51988537e+02
2.50557705e+02
2.49199380e+02
2.47912403e+02
2.46694932e+02
2.45544639e+02
2.44458871e+02
2.43434771e+02
2.42469375e+02
2.41559680e+02
2.40702695e+02
2.39895488e+02
2.39135208e+02
2.38419106e+02
2.37744550e+02
2.37109031e+02
2.36510167e+02
2.35945706e+02
2.35413522e+02
2.34911614e+02
2.34438103e+02
2.73143933e+02
2.73053677e+02
2.72936051e+02
2.72748314e+02
2.72407388e+02
2.71875105e+02
2.71157376e+02
2.70282807e+02
2.69286942e+02
2.68204483e+02
2.67066186e+02
2.65897941e+02
2.64720800e+02
2.63551395e+02
2.62402512e+02
2.61283659e+02
2.60201638e+02
2.59161083e+02
2.58164915e+02
2.57214722e+02
2.56311071e+02
2.55453748e+02
2.54641960e+02
2.53874492e+02
2.53149826e+02
2.52466248e+02
2.51821914e+02
2.51214915e+02
2.50643319e+02
2.50105205e+02
2.49598690e+02
2.49121943e+02
2.48673200e+02
2.48250775e+02
2.47853057e+02
2.47478523e+02
2.47125730e+02
2.72334897e+02
2.72233162e+02
2.72153021e+02
2.72055830e+02
2.71892860e+02
2.71633005e+02
2.71267321e+02
2.70803143e+02
2.70256483e+02
2.69646418e+02
2.68991780e+02
2.68309486e+02
2.67613878e+02
2.66916640e+02
2.66226950e+02
2.65551800e+02
2.64896327e+02
2.64264147e+02
2.63657658e+02
2.63078305e+02
2.62526790e+02
2.62003251e+02
2.61507400e+02
2.61038636e+02
2.60596133e+02
2.60178908e+02
2.59785877e+02
2.59415895e+02
2.59067791e+02
2.58740388e+02
2.58432525e+02
2.58143070e+02
2.57870928e+02
2.57615047e+02
2.57374423e+02
2.57148104e+02
2.56935188e+02
