2.70000000e+02
5.00000000e+01
4.04364820e+01
3.75482850e+01
3.53898450e+01
3.38804310e+01
3.27391370e+01
3.18315930e+01
3.10864870e+01
3.04612870e+01
2.99283440e+01
2.94685020e+01
2.89981000e+01
2.85113690e+01
2.80734030e+01
2.76806400e+01
2.73275150e+01
2.70089280e+01
2.67204860e+01
2.64584540e+01
2.62196640e+01
2.60014180e+01
2.58014140e+01
2.56176730e+01
2.54484900e+01
2.52923860e+01
2.51480730e+01
2.50144240e+01
2.48904500e+01
2.47752760e+01
2.46681280e+01
2.45683180e+01
2.44752300e+01
2.43883150e+01
2.43070770e+01
2.42310710e+01
2.41598950e+01
2.70000000e+02
1.50000000e+02
1.50000000e+02
1.50000000e+02
1.41545278e+02
1.35002106e+02
1.28986551e+02
1.23696333e+02
1.19081942e+02
1.15052261e+02
1.11518987e+02
1.08406538e+02
1.05648758e+02
1.03175778e+02
1.00949520e+02
9.89444290e+01
9.71364920e+01
9.55038160e+01
9.40269320e+01
9.26887010e+01
9.14740780e+01
9.03698540e+01
8.93644230e+01
8.84475620e+01
8.76102520e+01
8.68445180e+01
8.61432920e+01
8.55003010e+01
8.49099630e+01
8.43673050e+01
8.38678840e+01
8.34077300e+01
8.29832840e+01
8.25913530e+01
8.22290680e+01
8.18938470e+01
8.15833610e+01
2.70000000e+02
2.50000000e+02
2.46120073e+02
2.41619884e+02
2.36890492e+02
2.31663846e+02
2.26112011e+02
2.20642805e+02
2.15452586e+02
2.10620487e+02
2.06168485e+02
2.02090684e+02
1.98367941e+02
1.94974796e+02
1.91882776e+02
1.89064058e+02
1.86493230e+02
1.84147289e+02
1.82005370e+02
1.80048522e+02
1.78259546e+02
1.76622852e+02
1.75124324e+02
1.73751197e+02
1.72491932e+02
1.71336109e+02
1.70274316e+02
1.69298056e+02
1.68399651e+02
1.67572170e+02
1.66809345e+02
1.66105512e+02
1.65455544e+02
1.64854803e+02
1.64299087e+02
1.63784586e+02
1.63307846e+02
2.70086567e+02
2.70007108e+02
2.69733289e+02
2.69207189e+02
2.68349333e+02
2.67150683e+02
2.65666059e+02
2.63976436e+02
2.62163789e+02
2.60297360e+02
2.58429806e+02
2.56598501e+02
2.54828497e+02
2.53135598e+02
2.51528797e+02
2.50012245e+02
2.48586737e+02
2.47250846e+02
2.46001736e+02
2.44835713e+02
2.43748587e+02
2.42735930e+02
2.41793234e+02
2.40916035e+02
2.40099981e+02
2.39340890e+02
2.38634775e+02
2.37977865e+02
2.37366612e+02
2.36797694e+02
2.36268008e+02
2.35774668e+02
2.35314990e+02
2.34886489e+02
2.34486862e+02
2.34113980e+02
2.33765874e+02
2.68034039e+02
2.68030135e+02
2.68005037e+02
2.67943414e+02
2.67830695e+02
2.67658042e+02
2.67428507e+02
2.67153385e+02
2.66846922e+02
2.66522696e+02
2.66191883e+02
2.65862878e+02
2.65541593e+02
2.65231956e+02
2.64936400e+02
2.64656266e+02
2.64392118e+02
2.64143989e+02
2.63911562e+02
2.63694296e+02
2.63491516e+02
2.63302475e+02
2.63126385e+02
2.62962455e+02
2.62809903e+02
2.62667968e+02
2.62535922e+02
2.62413070e+02
2.62298758e+02
2.62192370e+02
2.62093328e+02
2.62001096e+02
2.61915172e+02
2.61835092e+02
2.61760425e+02
2.61690772e+02
2.61625764e+02
2.71727453e+02
2.70802732e+02
2.67267030e+02
2.62205923e+02
2.56653768e+02
2.51091768e+02
2.45742442e+02
2.40707527e+02
2.36025587e+02
2.31701228e+02
2.27721229e+02
2.24063665e+02
2.20703025e+02
2.17612422e+02
2.14765309e+02
2.12137548e+02
2.09707643e+02
2.07456464e+02
2.05367019e+02
2.03424234e+02
2.01614743e+02
1.99926696e+02
1.98349571e+02
1.96874014e+02
1.95491690e+02
1.94195153e+02
1.92977734e+02
1.91833443e+02
1.90756880e+02
1.89743166e+02
1.88787876e+02
1.87886989e+02
1.87036834e+02
1.86234055e+02
1.85475577e+02
1.84758568e+02
1.84080425e+02
2.71707893e+02
2.70660368e+02
2.66980386e+02
2.62115118e+02
2.57088388e+02
2.52237320e+02
2.47661925e+02
2.43389161e+02
2.39419215e+02
2.35740532e+02
2.32336026e+02
2.29186262e+02
2.26271204e+02
2.23570539e+02
2.21064567e+02
2.18735833e+02
2.16568904e+02
2.14549958e+02
2.12666553e+02
2.10907494e+02
2.09262694e+02
2.07723070e+02
2.06280424e+02
2.04927352e+02
2.03657151e+02
2.02463743e+02
2.01341603e+02
2.00285698e+02
1.99291434e+02
1.98354609e+02
1.97471370e+02
1.96638178e+02
1.95851774e+02
1.95109156e+02
1.94407548e+02
1.93744384e+02
1.93117286e+02
2.71552101e+02
2.71553017e+02
2.71420298e+02
2.70947363e+02
2.70066762e+02
2.68840708e+02
2.67366926e+02
2.65733003e+02
2.64006699e+02
2.62238061e+02
2.60463524e+02
2.58709412e+02
2.56994539e+02
2.55332063e+02
2.53730808e+02
2.52196264e+02
2.50731458e+02
2.49337628e+02
2.48014693e+02
2.46761610e+02
2.45576634e+02
2.44457527e+02
2.43401717e+02
2.42406421e+02
2.41468742e+02
2.40585739e+02
2.39754483e+02
2.38972093e+02
2.38235771e+02
2.37542817e+02
2.36890642e+02
2.36276781e+02
2.35698892e+02
2.35154759e+02
2.34642292e+02
2.34159523e+02
2.33704601e+02
2.71456162e+02
2.71464574e+02
2.71454866e+02
2.71354285e+02
2.71084796e+02
2.70610999e+02
2.69940838e+02
2.69105145e+02
2.68141570e+02
2.67086524e+02
2.65972024e+02
2.64824856e+02
2.63666701e+02
2.62514643e+02
2.61381788e+02
2.60277877e+02
2.59209889e+02
2.58182586e+02
2.57198993e+02
2.56260780e+02
2.55368579e+02
2.54522237e+02
2.53721006e+02
2.52963715e+02
2.52248884e+02
2.51574830e+02
2.50939740e+02
2.50341730e+02
2.49778892e+02
2.49249327e+02
2.48751168e+02
2.48282603e+02
2.47841882e+02
2.47427330e+02
2.47037351e+02
2.46670430e+02
2.46325132e+02
2.71353014e+02
2.71364072e+02
2.71359847e+02
2.71301866e+02
2.71144361e+02
2.70860979e+02
2.70449134e+02
2.69922403e+02
2.69302082e+02
2.68611430e+02
2.67872465e+02
2.67104468e+02
2.66323504e+02
2.65542478e+02
2.64771423e+02
2.64017895e+02
2.63287382e+02
2.62583699e+02
2.61909335e+02
2.61265743e+02
2.60653581e+02
2.60072900e+02
2.59523300e+02
2.59004047e+02
2.58514173e+02
2.58052545e+02
2.57617927e+02
2.57209024e+02
2.56824514e+02
2.56463077e+02
2.56123412e+02
2.55804252e+02
2.55504373e+02
2.55222603e+02
2.54957820e+02
2.54708965e+02
2.54475032e+02
