2.70000000e+02
5.00000000e+01
4.03573190e+01
3.74792780e+01
3.53567880e+01
3.38768460e+01
3.27588350e+01
3.18699910e+01
3.11401410e+01
3.05275330e+01
3.00050670e+01
2.95539860e+01
2.91090850e+01
2.86328710e+01
2.82029580e+01
2.78168950e+01
2.74693980e+01
2.71555430e+01
2.68710700e+01
2.66123560e+01
2.63763280e+01
2.61603690e+01
2.59622480e+01
2.57800470e+01
2.56121150e+01
2.54570180e+01
2.53135090e+01
2.51804960e+01
2.50570180e+01
2.49422290e+01
2.48353750e+01
2.47357870e+01
2.46428670e+01
2.45560780e+01
2.44749380e+01
2.43990090e+01
2.43278980e+01
2.70000000e+02
1.50000000e+02
1.50000000e+02
1.50000000e+02
1.41650214e+02
1.35193432e+02
1.29248245e+02
1.24014716e+02
1.19448266e+02
1.15460387e+02
1.11964299e+02
1.08885360e+02
1.06159571e+02
1.03718076e+02
1.01520199e+02
9.95407040e+01
9.77559500e+01
9.61442750e+01
9.46863830e+01
9.33652710e+01
9.21660230e+01
9.10755490e+01
9.00823580e+01
8.91763400e+01
8.83485860e+01
8.75912260e+01
8.68972960e+01
8.62606210e+01
8.56757140e+01
8.51376880e+01
8.46421870e+01
8.41853180e+01
8.37635940e+01
8.33738900e+01
8.30134000e+01
8.26795970e+01
8.23702050e+01
2.70000000e+02
2.50000000e+02
2.46254380e+02
2.41835620e+02
2.37166273e+02
2.32005214e+02
2.26517896e+02
2.21109301e+02
2.15977444e+02
2.11201972e+02
2.06804786e+02
2.02779700e+02
1.99107256e+02
1.95761873e+02
1.92715006e+02
1.89938619e+02
1.87407125e+02
1.85097455e+02
1.82988759e+02
1.81062158e+02
1.79300564e+02
1.77688524e+02
1.76212081e+02
1.74858633e+02
1.73616816e+02
1.72476381e+02
1.71428089e+02
1.70463606e+02
1.69575419e+02
1.68756744e+02
1.68001462e+02
1.67304040e+02
1.66659480e+02
1.66063260e+02
1.65511284e+02
1.64999842e+02
1.64525569e+02
2.70623456e+02
2.70554256e+02
2.70275895e+02
2.69747544e+02
2.68896756e+02
2.67716360e+02
2.66259923e+02
2.64605887e+02
2.62833527e+02
2.61009742e+02
2.59185327e+02
2.57396269e+02
2.55666649e+02
2.54011614e+02
2.52439795e+02
2.50955179e+02
2.49558536e+02
2.48248511e+02
2.47022398e+02
2.45876676e+02
2.44807351e+02
2.43810203e+02
2.42880934e+02
2.42015285e+02
2.41209105e+02
2.40458396e+02
2.39759347e+02
2.39108348e+02
2.38501999e+02
2.37937111e+02
2.37410703e+02
2.36919996e+02
2.36462405e+02
2.36035530e+02
2.35637145e+02
2.35265188e+02
2.34917750e+02
2.67625580e+02
2.67625383e+02
2.67623664e+02
2.67619465e+02
2.67611925e+02
2.67600547e+02
2.67585586e+02
2.67567792e+02
2.67548077e+02
2.67527297e+02
2.67506148e+02
2.67485147e+02
2.67464659e+02
2.67444921e+02
2.67426081e+02
2.67408220e+02
2.67391369e+02
2.67375530e+02
2.67360682e+02
2.67346789e+02
2.67333810e+02
2.67321698e+02
2.67310404e+02
2.67299878e+02
2.67290072e+02
2.67280938e+02
2.67272432e+02
2.67264510e+02
2.67257131e+02
2.67250256e+02
2.67243850e+02
2.67237878e+02
2.67232311e+02
2.67227117e+02
2.67222272e+02
2.67217748e+02
2.67213523e+02
2.74451590e+02
2.73440798e+02
2.69954917e+02
2.65062215e+02
2.59722603e+02
2.54373561e+02
2.49218317e+02
2.44352050e+02
2.39812729e+02
2.35606885e+02
2.31724100e+02
2.28145385e+02
2.24848007e+02
2.21807733e+02
2.19000260e+02
2.16403283e+02
2.13996852e+02
2.11763154e+02
2.09686313e+02
2.07752202e+02
2.05948264e+02
2.04263327e+02
2.02687448e+02
2.01211755e+02
1.99828314e+02
1.98530016e+02
1.97310463e+02
1.96163888e+02
1.95085069e+02
1.94069267e+02
1.93112166e+02
1.92209825e+02
1.91358633e+02
1.90555276e+02
1.89796699e+02
1.89080088e+02
1.88402836e+02
2.74196072e+02
2.73066216e+02
2.69462563e+02
2.64790613e+02
2.59985529e+02
2.55342108e+02
2.50946356e+02
2.46823043e+02
2.42974509e+02
2.39392681e+02
2.36064126e+02
2.32972807e+02
2.30101721e+02
2.27433350e+02
2.24950278e+02
2.22636861e+02
2.20479182e+02
2.18464674e+02
2.16581948e+02
2.14820674e+02
2.13171491e+02
2.11625908e+02
2.10176223e+02
2.08815432e+02
2.07537162e+02
2.06335597e+02
2.05205422e+02
2.04141772e+02
2.03140179e+02
2.02196537e+02
2.01307061e+02
2.00468261e+02
1.99676906e+02
1.98930008e+02
1.98224796e+02
1.97558695e+02
1.96929311e+02
2.72975680e+02
2.72923156e+02
2.72743466e+02
2.72244401e+02
2.71363334e+02
2.70155808e+02
2.68709721e+02
2.67104923e+02
2.65404466e+02
2.63656055e+02
2.61895302e+02
2.60148583e+02
2.58435219e+02
2.56769099e+02
2.55159856e+02
2.53613784e+02
2.52134653e+02
2.50724356e+02
2.49383383e+02
2.48111175e+02
2.46906400e+02
2.45767162e+02
2.44691173e+02
2.43675884e+02
2.42718584e+02
2.41816481e+02
2.40966761e+02
2.40166633e+02
2.39413362e+02
2.38704293e+02
2.38036866e+02
2.37408630e+02
2.36817246e+02
2.36260493e+02
2.35736267e+02
2.35242580e+02
2.34777560e+02
2.72463134e+02
2.72429595e+02
2.72371670e+02
2.72234802e+02
2.71942234e+02
2.71456236e+02
2.70780743e+02
2.69942699e+02
2.68976876e+02
2.67917896e+02
2.66796862e+02
2.65640241e+02
2.64469773e+02
2.63302815e+02
2.62152858e+02
2.61030073e+02
2.59941865e+02
2.58893395e+02
2.57888040e+02
2.56927778e+02
2.56013501e+02
2.55145271e+02
2.54322520e+02
2.53544217e+02
2.52808996e+02
2.52115260e+02
2.51461259e+02
2.50845156e+02
2.50265072e+02
2.49719123e+02
2.49205450e+02
2.48722235e+02
2.48267719e+02
2.47840211e+02
2.47438093e+02
2.47059826e+02
2.46703948e+02
2.72027091e+02
2.71985993e+02
2.71947356e+02
2.71865352e+02
2.71692490e+02
2.71399641e+02
2.70981023e+02
2.70447583e+02
2.69818894e+02
2.69117301e+02
2.68364512e+02
2.67579890e+02
2.66779808e+02
2.65977591e+02
2.65183725e+02
2.64406216e+02
2.63650971e+02
2.62922169e+02
2.62222611e+02
2.61554010e+02
2.60917232e+02
2.60312495e+02
2.59739528e+02
2.59197695e+02
2.58686097e+02
2.58203651e+02
2.57749150e+02
2.57321313e+02
2.56918822e+02
2.56540349e+02
2.56184580e+02
2.55850225e+02
2.55536037e+02
2.55240813e+02
2.54963404e+02
2.54702713e+02
2.54457704e+02
