2.70000000e+02
5.00000000e+01
3.99667080e+01
3.69902990e+01
3.48872360e+01
3.34276620e+01
3.23264470e+01
3.14516420e+01
3.07336700e+01
3.01312080e+01
2.96174840e+01
2.91266800e+01
2.85953230e+01
2.81178710e+01
2.76915270e+01
2.73096940e+01
2.69663210e+01
2.66562460e+01
2.63751210e+01
2.61192930e+01
2.58856800e+01
2.56716700e+01
2.54750410e+01
2.52938890e+01
2.51265780e+01
2.49716920e+01
2.48280010e+01
2.46944310e+01
2.45700390e+01
2.44539980e+01
2.43455720e+01
2.42441100e+01
2.41490330e+01
2.40598210e+01
2.39760080e+01
2.38971760e+01
2.38229470e+01
2.70000000e+02
1.50000000e+02
1.50000000e+02
1.50000000e+02
1.41284431e+02
1.34690594e+02
1.28669411e+02
1.23393195e+02
1.18800685e+02
1.14795653e+02
1.11287342e+02
1.08197134e+02
1.05442575e+02
1.02971367e+02
1.00752156e+02
9.87563220e+01
9.69579790e+01
9.53343010e+01
9.38653460e+01
9.25337410e+01
9.13243350e+01
9.02238900e+01
8.92208120e+01
8.83049190e+01
8.74672480e+01
8.66998860e+01
8.59958390e+01
8.53489020e+01
8.47535670e+01
8.42049300e+01
8.36986180e+01
8.32307260e+01
8.27977600e+01
8.23965870e+01
8.20243990e+01
8.16786670e+01
8.13571170e+01
2.70000000e+02
2.50000000e+02
2.46133368e+02
2.41599720e+02
2.36819903e+02
2.31534234e+02
2.25934526e+02
2.20436475e+02
2.15233353e+02
2.10399895e+02
2.05954104e+02
2.01886920e+02
1.98176420e+02
1.94794277e+02
1.91710973e+02
1.88898886e+02
1.86332800e+02
1.83989747e+02
1.81848834e+02
1.79891087e+02
1.78099304e+02
1.76457922e+02
1.74952874e+02
1.73571460e+02
1.72302219e+02
1.71134816e+02
1.70059927e+02
1.69069145e+02
1.68154885e+02
1.67310303e+02
1.66529224e+02
1.65806066e+02
1.65135791e+02
1.64513841e+02
1.63936094e+02
1.63398817e+02
1.62898631e+02
2.70353186e+02
2.70083369e+02
2.69674704e+02
2.69057754e+02
2.68146166e+02
2.66924501e+02
2.65439341e+02
2.63763682e+02
2.61972997e+02
2.60131742e+02
2.58289297e+02
2.56480939e+02
2.54730509e+02
2.53053098e+02
2.51457377e+02
2.49947431e+02
2.48524198e+02
2.47186525e+02
2.45931900e+02
2.44756960e+02
2.43657829e+02
2.42630364e+02
2.41670322e+02
2.40773473e+02
2.39935683e+02
2.39152963e+02
2.38421507e+02
2.37737710e+02
2.37098179e+02
2.36499735e+02
2.35939410e+02
2.35414445e+02
2.34922275e+02
2.34460528e+02
2.34027006e+02
2.33619679e+02
2.33236673e+02
2.68081584e+02
2.68060898e+02
2.68009287e+02
2.67927063e+02
2.67800791e+02
2.67620873e+02
2.67389116e+02
2.67115373e+02
2.66812555e+02
2.66493166e+02
2.66167596e+02
2.65843705e+02
2.65527067e+02
2.65221408e+02
2.64929052e+02
2.64651291e+02
2.64388690e+02
2.64141313e+02
2.63908894e+02
2.63690952e+02
2.63486872e+02
2.63295961e+02
2.63117484e+02
2.62950697e+02
2.62794861e+02
2.62649254e+02
2.62513184e+02
2.62385990e+02
2.62267047e+02
2.62155769e+02
2.62051604e+02
2.61954041e+02
2.61862603e+02
2.61776846e+02
2.61696361e+02
2.61620768e+02
2.61549716e+02
2.68671702e+02
2.67876980e+02
2.64624241e+02
2.59917766e+02
2.54725228e+02
2.49498967e+02
2.44452041e+02
2.39684852e+02
2.35237932e+02
2.31118890e+02
2.27317549e+02
2.23814703e+02
2.20586689e+02
2.17608040e+02
2.14854524e+02
2.12304096e+02
2.09936907e+02
2.07735211e+02
2.05683233e+02
2.03766997e+02
2.01974140e+02
2.00293733e+02
1.98716105e+02
1.97232679e+02
1.95835834e+02
1.94518780e+02
1.93275445e+02
1.92100380e+02
1.90988684e+02
1.89935927e+02
1.88938094e+02
1.87991536e+02
1.87092923e+02
1.86239208e+02
1.85427596e+02
1.84655516e+02
1.83920596e+02
2.68884633e+02
2.67991578e+02
2.64628016e+02
2.60124685e+02
2.55437057e+02
2.50884739e+02
2.46567502e+02
2.42515923e+02
2.38734242e+02
2.35214573e+02
2.31943023e+02
2.28902919e+02
2.26076117e+02
2.23443953e+02
2.20989384e+02
2.18697209e+02
2.16553723e+02
2.14546536e+02
2.12664467e+02
2.10897435e+02
2.09236359e+02
2.07673049e+02
2.06200117e+02
2.04810882e+02
2.03499294e+02
2.02259859e+02
2.01087581e+02
1.99977901e+02
1.98926654e+02
1.97930025e+02
1.96984509e+02
1.96086886e+02
1.95234183e+02
1.94423659e+02
1.93652776e+02
1.92919183e+02
1.92220700e+02
2.69905098e+02
2.69888011e+02
2.69752077e+02
2.69303204e+02
2.68468199e+02
2.67294499e+02
2.65866298e+02
2.64262549e+02
2.62546971e+02
2.60768731e+02
2.58965221e+02
2.57164627e+02
2.55387945e+02
2.53650476e+02
2.51962995e+02
2.50332791e+02
2.48764509e+02
2.47260785e+02
2.45822727e+02
2.44450291e+02
2.43142575e+02
2.41898057e+02
2.40714772e+02
2.39590461e+02
2.38522677e+02
2.37508873e+02
2.36546461e+02
2.35632864e+02
2.34765550e+02
2.33942054e+02
2.33159998e+02
2.32417102e+02
2.31711190e+02
2.31040193e+02
2.30402150e+02
2.29795208e+02
2.29217618e+02
2.70546806e+02
2.70517930e+02
2.70461876e+02
2.70328907e+02
2.70043242e+02
2.69563784e+02
2.68891008e+02
2.68049754e+02
2.67074025e+02
2.65998576e+02
2.64855099e+02
2.63670801e+02
2.62468139e+02
2.61265070e+02
2.60075531e+02
2.58910014e+02
2.57776163e+02
2.56679328e+02
2.55623042e+02
2.54609414e+02
2.53639453e+02
2.52713336e+02
2.51830609e+02
2.50990362e+02
2.50191355e+02
2.49432126e+02
2.48711067e+02
2.48026485e+02
2.47376651e+02
2.46759835e+02
2.46174330e+02
2.45618469e+02
2.45090643e+02
2.44589305e+02
2.44112979e+02
2.43660258e+02
2.43229813e+02
2.71242547e+02
2.71145814e+02
2.71067693e+02
2.70959969e+02
2.70773376e+02
2.70478734e+02
2.70070276e+02
2.69558349e+02
2.68961352e+02
2.68300134e+02
2.67594776e+02
2.66863029e+02
2.66119744e+02
2.65376829e+02
2.64643503e+02
2.63926650e+02
2.63231222e+02
2.62560612e+02
2.61916989e+02
2.61301572e+02
2.60714855e+02
2.60156791e+02
2.59626931e+02
2.59124539e+02
2.58648677e+02
2.58198278e+02
2.57772191e+02
2.57369228e+02
2.56988187e+02
2.56627877e+02
2.56287134e+02
2.55964832e+02
2.55659889e+02
2.55371271e+02
2.55098000e+02
2.54839149e+02
2.54593843e+02
