-2.2000e+02
-9.8793e+00
-2.9226e+00
-2.1065e+00
-1.4678e+00
-1.1093e+00
-8.8225e-01
-7.2470e-01
-6.0854e-01
-5.1923e-01
-4.4847e-01
-5.2171e-01
-4.8048e-01
-4.3021e-01
-3.8559e-01
-3.4678e-01
-3.1304e-01
-2.8361e-01
-2.5781e-01
-2.3510e-01
-2.1499e-01
-1.9713e-01
-1.8118e-01
-1.6688e-01
-1.5402e-01
-1.4242e-01
-1.3191e-01
-1.2237e-01
-1.1368e-01
-1.0575e-01
-9.8489e-02
-9.1835e-02
-8.5723e-02
-8.0098e-02
-7.4912e-02
-7.0124e-02
-1.2000e+02
0.0000e+00
0.0000e+00
-8.5800e+00
-6.5480e+00
-5.9975e+00
-5.2632e+00
-4.5840e+00
-3.9983e+00
-3.5022e+00
-3.0825e+00
-2.7377e+00
-2.4570e+00
-2.2083e+00
-1.9869e+00
-1.7906e+00
-1.6167e+00
-1.4624e+00
-1.3254e+00
-1.2034e+00
-1.0945e+00
-9.9709e-01
-9.0978e-01
-8.3138e-01
-7.6082e-01
-6.9721e-01
-6.3976e-01
-5.8779e-01
-5.4070e-01
-4.9796e-01
-4.5912e-01
-4.2377e-01
-3.9155e-01
-3.6214e-01
-3.3527e-01
-3.1068e-01
-2.0000e+01
-3.8692e+00
-4.5043e+00
-4.7350e+00
-5.2294e+00
-5.5441e+00
-5.4488e+00
-5.1596e+00
-4.7947e+00
-4.4109e+00
-4.0354e+00
-3.6810e+00
-3.3540e+00
-3.0564e+00
-2.7867e+00
-2.5422e+00
-2.3206e+00
-2.1197e+00
-1.9376e+00
-1.7725e+00
-1.6228e+00
-1.4869e+00
-1.3636e+00
-1.2516e+00
-1.1498e+00
-1.0572e+00
-9.7296e-01
-8.9618e-01
-8.2617e-01
-7.6228e-01
-7.0393e-01
-6.5058e-01
-6.0177e-01
-5.5708e-01
-5.1611e-01
-4.7853e-01
-1.4086e-01
-3.1594e-01
-5.4342e-01
-8.5035e-01
-1.1707e+00
-1.4434e+00
-1.6417e+00
-1.7629e+00
-1.8180e+00
-1.8224e+00
-1.7904e+00
-1.7337e+00
-1.6614e+00
-1.5798e+00
-1.4939e+00
-1.4068e+00
-1.3208e+00
-1.2371e+00
-1.1567e+00
-1.0802e+00
-1.0077e+00
-9.3941e-01
-8.7532e-01
-8.1533e-01
-7.5932e-01
-7.0710e-01
-6.5849e-01
-6.1329e-01
-5.7130e-01
-5.3231e-01
-4.9612e-01
-4.6254e-01
-4.3139e-01
-4.0250e-01
-3.7569e-01
-3.5083e-01
-9.2670e-03
-3.3845e-02
-6.7306e-02
-1.1410e-01
-1.6992e-01
-2.2365e-01
-2.6731e-01
-2.9777e-01
-3.1542e-01
-3.2237e-01
-3.2120e-01
-3.1427e-01
-3.0346e-01
-2.9022e-01
-2.7560e-01
-2.6036e-01
-2.4502e-01
-2.2993e-01
-2.1530e-01
-2.0128e-01
-1.8793e-01
-1.7532e-01
-1.6344e-01
-1.5230e-01
-1.4187e-01
-1.3214e-01
-1.2307e-01
-1.1463e-01
-1.0678e-01
-9.9485e-02
-9.2712e-02
-8.6428e-02
-8.0594e-02
-7.5183e-02
-7.0163e-02
-6.5505e-02
-6.8734e-01
-2.9467e+00
-4.4851e+00
-5.1086e+00
-5.2537e+00
-5.1519e+00
-4.9207e+00
-4.6266e+00
-4.3088e+00
-3.9901e+00
-3.6834e+00
-3.3953e+00
-3.1297e+00
-2.8873e+00
-2.6669e+00
-2.4667e+00
-2.2851e+00
-2.1200e+00
-1.9700e+00
-1.8334e+00
-1.7088e+00
-1.5949e+00
-1.4905e+00
-1.3947e+00
-1.3066e+00
-1.2254e+00
-1.1503e+00
-1.0809e+00
-1.0165e+00
-9.5669e-01
-9.0109e-01
-8.4931e-01
-8.0103e-01
-7.5596e-01
-7.1384e-01
-6.7443e-01
-1.0218e+00
-3.6232e+00
-4.7785e+00
-4.9353e+00
-4.7698e+00
-4.5079e+00
-4.2183e+00
-3.9263e+00
-3.6438e+00
-3.3765e+00
-3.1271e+00
-2.8965e+00
-2.6858e+00
-2.4936e+00
-2.3178e+00
-2.1570e+00
-2.0095e+00
-1.8742e+00
-1.7499e+00
-1.6356e+00
-1.5302e+00
-1.4330e+00
-1.3431e+00
-1.2599e+00
-1.1829e+00
-1.1113e+00
-1.0448e+00
-9.8299e-01
-9.2538e-01
-8.7167e-01
-8.2155e-01
-7.7473e-01
-7.3096e-01
-6.9000e-01
-6.5166e-01
-6.1574e-01
-4.2400e-03
-1.4780e-01
-4.9464e-01
-8.9680e-01
-1.2305e+00
-1.4680e+00
-1.6220e+00
-1.7119e+00
-1.7544e+00
-1.7620e+00
-1.7440e+00
-1.7075e+00
-1.6578e+00
-1.5991e+00
-1.5346e+00
-1.4667e+00
-1.3972e+00
-1.3275e+00
-1.2585e+00
-1.1909e+00
-1.1254e+00
-1.0622e+00
-1.0017e+00
-9.4391e-01
-8.8899e-01
-8.3692e-01
-7.8768e-01
-7.4120e-01
-6.9739e-01
-6.5617e-01
-6.1741e-01
-5.8101e-01
-5.4683e-01
-5.1476e-01
-4.8469e-01
-4.5649e-01
7.7350e-03
-1.8497e-02
-1.1961e-01
-2.9601e-01
-5.0267e-01
-6.9802e-01
-8.6164e-01
-9.8804e-01
-1.0788e+00
-1.1383e+00
-1.1715e+00
-1.1832e+00
-1.1778e+00
-1.1593e+00
-1.1309e+00
-1.0953e+00
-1.0547e+00
-1.0109e+00
-9.6521e-01
-9.1870e-01
-8.7218e-01
-8.2629e-01
-7.8146e-01
-7.3804e-01
-6.9624e-01
-6.5623e-01
-6.1808e-01
-5.8184e-01
-5.4751e-01
-5.1506e-01
-4.8445e-01
-4.5563e-01
-4.2851e-01
-4.0304e-01
-3.7912e-01
-3.5668e-01
2.2918e-02
-7.2680e-03
-6.1120e-02
-1.5754e-01
-2.8125e-01
-4.0978e-01
-5.2672e-01
-6.2366e-01
-6.9795e-01
-7.5032e-01
-7.8317e-01
-7.9951e-01
-8.0240e-01
-7.9470e-01
-7.7889e-01
-7.5708e-01
-7.3100e-01
-7.0203e-01
-6.7127e-01
-6.3957e-01
-6.0758e-01
-5.7582e-01
-5.4465e-01
-5.1435e-01
-4.8510e-01
-4.5705e-01
-4.3026e-01
-4.0479e-01
-3.8064e-01
-3.5781e-01
-3.3627e-01
-3.1599e-01
-2.9692e-01
-2.7900e-01
-2.6219e-01
-2.4643e-01
