2.69962584e+02
4.99216301e+01
4.03528137e+01
3.73609805e+01
3.51366601e+01
3.34814595e+01
3.27625318e+01
3.18911840e+01
3.12245846e+01
3.06743670e+01
3.02675702e+01
2.94125102e+01
2.92145381e+01
2.85443909e+01
2.81617451e+01
2.75936623e+01
2.69105805e+01
2.68304358e+01
2.68618596e+01
2.64407867e+01
2.59448270e+01
2.62975807e+01
2.55439525e+01
2.55067654e+01
2.54885365e+01
2.53202264e+01
2.53630155e+01
2.51825595e+01
2.47242386e+01
2.47798809e+01
2.48204645e+01
2.48015778e+01
2.45353678e+01
2.46257473e+01
2.42729702e+01
2.43441210e+01
2.46921883e+01
2.70076997e+02
1.50222520e+02
1.50159889e+02
1.49964406e+02
1.41284537e+02
1.35079253e+02
1.28723759e+02
1.23223942e+02
1.18416549e+02
1.14997014e+02
1.11458874e+02
1.08237714e+02
1.05564634e+02
1.03015601e+02
1.00759791e+02
9.90654749e+01
9.67458290e+01
9.57656426e+01
9.37674626e+01
9.25461911e+01
9.13988134e+01
9.05650304e+01
8.93117485e+01
8.85186413e+01
8.75290814e+01
8.66978415e+01
8.64130778e+01
8.53015025e+01
8.48901606e+01
8.46450416e+01
8.33335823e+01
8.34071311e+01
8.36415678e+01
8.28201614e+01
8.24312156e+01
8.19455774e+01
8.17408064e+01
2.70214033e+02
2.50139787e+02
2.46146261e+02
2.41351158e+02
2.36615612e+02
2.31210820e+02
2.25376090e+02
2.20010717e+02
2.15222957e+02
2.10633793e+02
2.05700051e+02
2.01701006e+02
1.97995089e+02
1.94580451e+02
1.91598001e+02
1.88808863e+02
1.86260291e+02
1.83591744e+02
1.82000827e+02
1.80020275e+02
1.77827899e+02
1.76563924e+02
1.75205517e+02
1.73345264e+02
1.72224085e+02
1.71328669e+02
1.70182453e+02
1.69359541e+02
1.68219745e+02
1.67747122e+02
1.66857454e+02
1.65959409e+02
1.65462814e+02
1.65001025e+02
1.64237714e+02
1.63786163e+02
1.63042403e+02
2.69551166e+02
2.69997396e+02
2.69347690e+02
2.68712489e+02
2.68246653e+02
2.66876181e+02
2.65523562e+02
2.63592184e+02
2.62251372e+02
2.60199387e+02
2.58250772e+02
2.56532285e+02
2.54792575e+02
2.53017307e+02
2.51532626e+02
2.50481126e+02
2.48546038e+02
2.47398594e+02
2.46145745e+02
2.45156705e+02
2.44037522e+02
2.42921617e+02
2.42215247e+02
2.40894416e+02
2.40356485e+02
2.39293020e+02
2.39028943e+02
2.38417857e+02
2.37715921e+02
2.37147633e+02
2.36851756e+02
2.36426971e+02
2.35820368e+02
2.35313188e+02
2.34683834e+02
2.34657167e+02
2.34006646e+02
2.67873257e+02
2.67835178e+02
2.67988178e+02
2.67668176e+02
2.67912309e+02
2.67367350e+02
2.67316094e+02
2.67231476e+02
2.66470000e+02
2.66729975e+02
2.66255678e+02
2.66064772e+02
2.65595326e+02
2.65178720e+02
2.65330873e+02
2.65183706e+02
2.64574967e+02
2.63897865e+02
2.64508862e+02
2.63928225e+02
2.64020285e+02
2.63814344e+02
2.63240677e+02
2.63643281e+02
2.63323474e+02
2.62775092e+02
2.63464747e+02
2.63034388e+02
2.62594325e+02
2.62704291e+02
2.62524827e+02
2.62408915e+02
2.62474796e+02
2.62577236e+02
2.62422343e+02
2.62520318e+02
2.61853954e+02
2.70297220e+02
2.69137134e+02
2.65772367e+02
2.61117466e+02
2.56650028e+02
2.50534704e+02
2.45793881e+02
2.40984228e+02
2.35750253e+02
2.31894270e+02
2.28154357e+02
2.25001145e+02
2.20886325e+02
2.18247192e+02
2.15450801e+02
2.12986592e+02
2.10676355e+02
2.08139491e+02
2.06141675e+02
2.04420537e+02
2.02684517e+02
2.00787873e+02
1.99324405e+02
1.97546131e+02
1.96325821e+02
1.95226403e+02
1.93812283e+02
1.93008141e+02
1.91721326e+02
1.90778404e+02
1.89582409e+02
1.88792024e+02
1.88585572e+02
1.87307782e+02
1.86807405e+02
1.85987203e+02
1.85016054e+02
2.70639578e+02
2.69839683e+02
2.66156110e+02
2.61490395e+02
2.56344012e+02
2.51735380e+02
2.47169578e+02
2.43103263e+02
2.39437507e+02
2.35782355e+02
2.32807634e+02
2.29293224e+02
2.26727055e+02
2.24212421e+02
2.21575735e+02
2.19098457e+02
2.17096771e+02
2.15537418e+02
2.13427172e+02
2.11506018e+02
2.09931031e+02
2.08620238e+02
2.07410071e+02
2.05649406e+02
2.04839149e+02
2.03642584e+02
2.02199685e+02
2.01066662e+02
1.99919404e+02
1.99247134e+02
1.98425322e+02
1.97762348e+02
1.97354603e+02
1.96185980e+02
1.95453662e+02
1.94783194e+02
1.94346425e+02
2.70577868e+02
2.70869582e+02
2.70882934e+02
2.70323904e+02
2.69549739e+02
2.68498438e+02
2.67379289e+02
2.65380524e+02
2.64063774e+02
2.61871264e+02
2.60547078e+02
2.58873830e+02
2.57190581e+02
2.55414534e+02
2.54467068e+02
2.52426232e+02
2.51244135e+02
2.49535876e+02
2.48049905e+02
2.47404982e+02
2.46191802e+02
2.45121633e+02
2.44413316e+02
2.43026744e+02
2.42115659e+02
2.41260104e+02
2.40394944e+02
2.39654871e+02
2.39154746e+02
2.38332776e+02
2.37594517e+02
2.37027554e+02
2.37107374e+02
2.36153253e+02
2.35632061e+02
2.35393937e+02
2.34740062e+02
2.70903292e+02
2.71185041e+02
2.71181319e+02
2.70700557e+02
2.70404669e+02
2.70303712e+02
2.69471463e+02
2.68639249e+02
2.67986688e+02
2.66516366e+02
2.65446074e+02
2.64294059e+02
2.63307369e+02
2.62262624e+02
2.60950420e+02
2.60075020e+02
2.58981403e+02
2.58176516e+02
2.56887217e+02
2.56351966e+02
2.55207747e+02
2.54487833e+02
2.53277891e+02
2.53041457e+02
2.52093720e+02
2.51238108e+02
2.51091180e+02
2.50394422e+02
2.50191285e+02
2.49207533e+02
2.48860144e+02
2.48354613e+02
2.48206533e+02
2.47638915e+02
2.47281994e+02
2.46939903e+02
2.46950692e+02
2.70992019e+02
2.70779101e+02
2.71259908e+02
2.70960224e+02
2.70778993e+02
2.70436364e+02
2.70282464e+02
2.69710192e+02
2.68803311e+02
2.68360871e+02
2.67333959e+02
2.66863433e+02
2.66489333e+02
2.65268329e+02
2.64217197e+02
2.63759985e+02
2.63088065e+02
2.62463138e+02
2.61781024e+02
2.60861447e+02
2.60383181e+02
2.60147174e+02
2.59060036e+02
2.58986800e+02
2.58231882e+02
2.57874659e+02
2.57324291e+02
2.57179357e+02
2.56758269e+02
2.56257858e+02
2.56151168e+02
2.55567573e+02
2.55758179e+02
2.55016415e+02
2.54913264e+02
2.54363915e+02
2.54415228e+02
