2.70321797e+02
4.97001048e+01
4.07455118e+01
3.73264636e+01
3.51858733e+01
3.38709397e+01
3.28932239e+01
3.19452900e+01
3.09191436e+01
3.08153756e+01
2.97402809e+01
2.96535342e+01
2.89827581e+01
2.88104434e+01
2.80967008e+01
2.76314347e+01
2.74099812e+01
2.69810471e+01
2.67278691e+01
2.64292327e+01
2.63167499e+01
2.58617731e+01
2.56933944e+01
2.57658258e+01
2.52692943e+01
2.54093601e+01
2.57242318e+01
2.47767800e+01
2.46260974e+01
2.51131176e+01
2.45458497e+01
2.45062604e+01
2.46443858e+01
2.45461556e+01
2.41748219e+01
2.43221292e+01
2.44473046e+01
2.70000535e+02
1.50134197e+02
1.50140926e+02
1.50099462e+02
1.41703916e+02
1.34870547e+02
1.29301353e+02
1.24413587e+02
1.19538793e+02
1.15012164e+02
1.11995424e+02
1.08635566e+02
1.06363030e+02
1.03821643e+02
1.01927224e+02
9.98400395e+01
9.80762564e+01
9.57057635e+01
9.43436240e+01
9.29902258e+01
9.21517702e+01
9.06387164e+01
8.95179659e+01
8.91302720e+01
8.82077405e+01
8.73828963e+01
8.66495311e+01
8.61439142e+01
8.54728680e+01
8.47504822e+01
8.41755749e+01
8.35904964e+01
8.32552155e+01
8.33095197e+01
8.28481117e+01
8.21469063e+01
8.20035475e+01
2.69873908e+02
2.50241672e+02
2.46751243e+02
2.42388893e+02
2.38129508e+02
2.32459131e+02
2.27218871e+02
2.22120992e+02
2.16855073e+02
2.11539743e+02
2.07069962e+02
2.03274273e+02
1.99500294e+02
1.96208123e+02
1.93005953e+02
1.90098928e+02
1.87300616e+02
1.85089084e+02
1.83017346e+02
1.81139883e+02
1.79421999e+02
1.77407479e+02
1.75934708e+02
1.74636926e+02
1.73366537e+02
1.72370100e+02
1.71192498e+02
1.69753853e+02
1.68883949e+02
1.68520409e+02
1.67352866e+02
1.66805482e+02
1.66227783e+02
1.65327189e+02
1.65263983e+02
1.64407030e+02
1.64354629e+02
2.72743258e+02
2.72350222e+02
2.72010514e+02
2.71306896e+02
2.70103670e+02
2.68772571e+02
2.67266228e+02
2.65719192e+02
2.63352567e+02
2.61798983e+02
2.59955904e+02
2.57628739e+02
2.56207122e+02
2.54597120e+02
2.52961186e+02
2.51126146e+02
2.49865872e+02
2.48291111e+02
2.47256523e+02
2.45923678e+02
2.44543481e+02
2.43987501e+02
2.42964437e+02
2.41968993e+02
2.40863859e+02
2.40193539e+02
2.39680357e+02
2.38718475e+02
2.38225319e+02
2.37534791e+02
2.37553146e+02
2.36662704e+02
2.36092445e+02
2.35320797e+02
2.35124856e+02
2.34827158e+02
2.34254107e+02
2.68880220e+02
2.68154222e+02
2.68195683e+02
2.68495366e+02
2.67790867e+02
2.67905274e+02
2.67951321e+02
2.67270057e+02
2.67123759e+02
2.66952992e+02
2.66881596e+02
2.66117975e+02
2.65942959e+02
2.65684770e+02
2.65394835e+02
2.64970487e+02
2.65243543e+02
2.64746721e+02
2.64259645e+02
2.63997223e+02
2.64174619e+02
2.64036173e+02
2.63506124e+02
2.63579475e+02
2.63345758e+02
2.63078968e+02
2.62841167e+02
2.63043397e+02
2.63033640e+02
2.62471308e+02
2.62660843e+02
2.62403150e+02
2.62515376e+02
2.62340113e+02
2.62246399e+02
2.62134033e+02
2.62409036e+02
2.76132454e+02
2.75310971e+02
2.71358102e+02
2.66734257e+02
2.60950855e+02
2.55291467e+02
2.49654798e+02
2.44408926e+02
2.39647024e+02
2.35190998e+02
2.30896601e+02
2.26636488e+02
2.23351353e+02
2.20334152e+02
2.17303977e+02
2.14296318e+02
2.11906739e+02
2.08950439e+02
2.06424311e+02
2.04759553e+02
2.02949300e+02
2.01223486e+02
1.99490540e+02
1.97684124e+02
1.96226881e+02
1.94919840e+02
1.93662315e+02
1.92634610e+02
1.91309541e+02
1.89792916e+02
1.89139693e+02
1.88258198e+02
1.87505785e+02
1.86381538e+02
1.85887027e+02
1.84709582e+02
1.84457131e+02
2.76296168e+02
2.74582126e+02
2.71048346e+02
2.65383658e+02
2.59923759e+02
2.54729521e+02
2.50213020e+02
2.45848537e+02
2.41507803e+02
2.37517959e+02
2.34507297e+02
2.30787686e+02
2.27488348e+02
2.25111191e+02
2.22027302e+02
2.19668809e+02
2.17568317e+02
2.15327836e+02
2.13570605e+02
2.11344640e+02
2.09796538e+02
2.07742148e+02
2.06519151e+02
2.04955730e+02
2.03564189e+02
2.02425821e+02
2.01467169e+02
2.00066076e+02
1.99144410e+02
1.98317912e+02
1.97098480e+02
1.96312833e+02
1.95636574e+02
1.94786412e+02
1.94054288e+02
1.93538696e+02
1.92814317e+02
2.75102336e+02
2.74490390e+02
2.74553238e+02
2.73674534e+02
2.72559995e+02
2.70738316e+02
2.69214412e+02
2.67565655e+02
2.65803659e+02
2.64145067e+02
2.62131631e+02
2.60190914e+02
2.58164478e+02
2.56665366e+02
2.54476592e+02
2.53198920e+02
2.51726808e+02
2.50082639e+02
2.48405721e+02
2.47262510e+02
2.46032678e+02
2.44944775e+02
2.43844151e+02
2.42707811e+02
2.41438281e+02
2.40983034e+02
2.39869168e+02
2.39167639e+02
2.38391319e+02
2.37789408e+02
2.37017435e+02
2.36492857e+02
2.35467279e+02
2.35170172e+02
2.34956691e+02
2.34067233e+02
2.33774465e+02
2.74377030e+02
2.74246879e+02
2.74096914e+02
2.73654116e+02
2.73082659e+02
2.72456626e+02
2.71546899e+02
2.70880380e+02
2.69554041e+02
2.68603122e+02
2.67118428e+02
2.65935806e+02
2.64566242e+02
2.63420232e+02
2.62420066e+02
2.61580770e+02
2.60014007e+02
2.58637610e+02
2.57706290e+02
2.56995021e+02
2.56486347e+02
2.55254772e+02
2.54327099e+02
2.53611035e+02
2.52419186e+02
2.52071537e+02
2.51347398e+02
2.50583878e+02
2.50123074e+02
2.49523494e+02
2.48960386e+02
2.48421505e+02
2.47926293e+02
2.47381662e+02
2.47197914e+02
2.46833004e+02
2.46141637e+02
2.73300917e+02
2.73301393e+02
2.73310696e+02
2.72943803e+02
2.72670321e+02
2.72223648e+02
2.72019151e+02
2.70932151e+02
2.70686291e+02
2.69679470e+02
2.68976894e+02
2.67677954e+02
2.66988799e+02
2.66710477e+02
2.65895323e+02
2.65026761e+02
2.63914482e+02
2.63042887e+02
2.62620593e+02
2.61285144e+02
2.60910752e+02
2.60843812e+02
2.59729518e+02
2.59142599e+02
2.58955986e+02
2.58460163e+02
2.57964041e+02
2.57258591e+02
2.57378851e+02
2.56452776e+02
2.56126919e+02
2.56234564e+02
2.55934561e+02
2.55282839e+02
2.54845047e+02
2.55167127e+02
2.54738638e+02
