-2.2000e+02
-9.7442e+00
-2.8871e+00
-2.1120e+00
-1.4763e+00
-1.1175e+00
-8.8972e-01
-7.3144e-01
-6.1458e-01
-5.2464e-01
-4.5333e-01
-5.0604e-01
-4.8418e-01
-4.3423e-01
-3.8952e-01
-3.5055e-01
-3.1665e-01
-2.8707e-01
-2.6114e-01
-2.3831e-01
-2.1810e-01
-2.0014e-01
-1.8411e-01
-1.6973e-01
-1.5680e-01
-1.4513e-01
-1.3456e-01
-1.2496e-01
-1.1621e-01
-1.0822e-01
-1.0092e-01
-9.4209e-02
-8.8045e-02
-8.2370e-02
-7.7135e-02
-7.2298e-02
-1.2000e+02
0.0000e+00
0.0000e+00
-8.3800e+00
-6.4620e+00
-5.9445e+00
-5.2314e+00
-4.5653e+00
-3.9886e+00
-3.4989e+00
-3.0839e+00
-2.7394e+00
-2.4610e+00
-2.2154e+00
-1.9959e+00
-1.8008e+00
-1.6276e+00
-1.4738e+00
-1.3370e+00
-1.2151e+00
-1.1061e+00
-1.0086e+00
-9.2111e-01
-8.4249e-01
-7.7170e-01
-7.0785e-01
-6.5016e-01
-5.9794e-01
-5.5061e-01
-5.0763e-01
-4.6855e-01
-4.3297e-01
-4.0053e-01
-3.7091e-01
-3.4383e-01
-3.1904e-01
-2.0000e+01
-3.7126e+00
-4.4362e+00
-4.7040e+00
-5.1978e+00
-5.5180e+00
-5.4326e+00
-5.1519e+00
-4.7942e+00
-4.4165e+00
-4.0460e+00
-3.6954e+00
-3.3710e+00
-3.0753e+00
-2.8068e+00
-2.5632e+00
-2.3420e+00
-2.1413e+00
-1.9592e+00
-1.7939e+00
-1.6438e+00
-1.5076e+00
-1.3839e+00
-1.2714e+00
-1.1691e+00
-1.0761e+00
-9.9134e-01
-9.1410e-01
-8.4364e-01
-7.7932e-01
-7.2055e-01
-6.6680e-01
-6.1760e-01
-5.7252e-01
-5.3119e-01
-4.9325e-01
-2.9472e-01
-4.3258e-01
-6.4063e-01
-9.3719e-01
-1.2507e+00
-1.5177e+00
-1.7111e+00
-1.8280e+00
-1.8792e+00
-1.8799e+00
-1.8444e+00
-1.7846e+00
-1.7091e+00
-1.6247e+00
-1.5361e+00
-1.4465e+00
-1.3582e+00
-1.2725e+00
-1.1903e+00
-1.1121e+00
-1.0381e+00
-9.6853e-01
-9.0324e-01
-8.4217e-01
-7.8516e-01
-7.3204e-01
-6.8259e-01
-6.3662e-01
-5.9389e-01
-5.5421e-01
-5.1737e-01
-4.8317e-01
-4.5142e-01
-4.2195e-01
-3.9459e-01
-3.6918e-01
-2.1475e-02
-5.3760e-02
-8.3808e-02
-1.2670e-01
-1.7950e-01
-2.3108e-01
-2.7321e-01
-3.0263e-01
-3.1956e-01
-3.2602e-01
-3.2450e-01
-3.1729e-01
-3.0626e-01
-2.9284e-01
-2.7807e-01
-2.6271e-01
-2.4727e-01
-2.3210e-01
-2.1741e-01
-2.0334e-01
-1.8998e-01
-1.7735e-01
-1.6547e-01
-1.5433e-01
-1.4391e-01
-1.3419e-01
-1.2513e-01
-1.1670e-01
-1.0886e-01
-1.0158e-01
-9.4813e-02
-8.8529e-02
-8.2696e-02
-7.7279e-02
-7.2249e-02
-6.7580e-02
-6.9643e-01
-3.0427e+00
-4.6007e+00
-5.2050e+00
-5.3188e+00
-5.1864e+00
-4.9308e+00
-4.6198e+00
-4.2918e+00
-3.9682e+00
-3.6600e+00
-3.3729e+00
-3.1095e+00
-2.8702e+00
-2.6532e+00
-2.4564e+00
-2.2780e+00
-2.1159e+00
-1.9686e+00
-1.8343e+00
-1.7117e+00
-1.5996e+00
-1.4968e+00
-1.4023e+00
-1.3153e+00
-1.2351e+00
-1.1608e+00
-1.0921e+00
-1.0283e+00
-9.6897e-01
-9.1376e-01
-8.6228e-01
-8.1424e-01
-7.6933e-01
-7.2732e-01
-6.8797e-01
-1.1016e+00
-3.8444e+00
-4.9559e+00
-5.0635e+00
-4.8639e+00
-4.5770e+00
-4.2689e+00
-3.9635e+00
-3.6716e+00
-3.3978e+00
-3.1441e+00
-2.9109e+00
-2.6985e+00
-2.5056e+00
-2.3298e+00
-2.1691e+00
-2.0221e+00
-1.8874e+00
-1.7637e+00
-1.6500e+00
-1.5453e+00
-1.4487e+00
-1.3594e+00
-1.2767e+00
-1.2001e+00
-1.1290e+00
-1.0629e+00
-1.0013e+00
-9.4391e-01
-8.9036e-01
-8.4034e-01
-7.9357e-01
-7.4980e-01
-7.0880e-01
-6.7035e-01
-6.3429e-01
-5.9483e-02
-2.0240e-01
-5.4059e-01
-9.3576e-01
-1.2664e+00
-1.5032e+00
-1.6571e+00
-1.7467e+00
-1.7884e+00
-1.7949e+00
-1.7759e+00
-1.7384e+00
-1.6878e+00
-1.6285e+00
-1.5636e+00
-1.4955e+00
-1.4259e+00
-1.3562e+00
-1.2873e+00
-1.2199e+00
-1.1545e+00
-1.0915e+00
-1.0311e+00
-9.7337e-01
-9.1848e-01
-8.6638e-01
-8.1706e-01
-7.7043e-01
-7.2643e-01
-6.8494e-01
-6.4588e-01
-6.0911e-01
-5.7453e-01
-5.4202e-01
-5.1146e-01
-4.8275e-01
-5.9131e-02
-9.3955e-02
-1.8700e-01
-3.5811e-01
-5.6132e-01
-7.5352e-01
-9.1375e-01
-1.0365e+00
-1.1237e+00
-1.1797e+00
-1.2097e+00
-1.2187e+00
-1.2111e+00
-1.1908e+00
-1.1611e+00
-1.1246e+00
-1.0833e+00
-1.0391e+00
-9.9315e-01
-9.4652e-01
-8.9995e-01
-8.5405e-01
-8.0923e-01
-7.6580e-01
-7.2397e-01
-6.8389e-01
-6.4563e-01
-6.0923e-01
-5.7469e-01
-5.4199e-01
-5.1108e-01
-4.8190e-01
-4.5441e-01
-4.2851e-01
-4.0413e-01
-3.8121e-01
-7.9794e-02
-7.6305e-02
-1.1331e-01
-1.9772e-01
-3.1233e-01
-4.3373e-01
-5.4498e-01
-6.3734e-01
-7.0799e-01
-7.5754e-01
-7.8830e-01
-8.0319e-01
-8.0519e-01
-7.9706e-01
-7.8120e-01
-7.5964e-01
-7.3403e-01
-7.0569e-01
-6.7567e-01
-6.4476e-01
-6.1360e-01
-5.8265e-01
-5.5226e-01
-5.2269e-01
-4.9412e-01
-4.6667e-01
-4.4042e-01
-4.1542e-01
-3.9166e-01
-3.6916e-01
-3.4788e-01
-3.2780e-01
-3.0887e-01
-2.9104e-01
-2.7427e-01
-2.5851e-01
