2.70000000e+02
5.00000000e+01
4.01964310e+01
3.72916850e+01
3.51791490e+01
3.37058340e+01
3.25913280e+01
3.17041560e+01
3.09748770e+01
3.03621690e+01
2.98392070e+01
2.93874220e+01
2.88868060e+01
2.84042460e+01
2.79714690e+01
2.75834320e+01
2.72344290e+01
2.69193950e+01
2.66340070e+01
2.63745980e+01
2.61380610e+01
2.59217550e+01
2.57234200e+01
2.55411190e+01
2.53731770e+01
2.52181430e+01
2.50747550e+01
2.49419040e+01
2.48186170e+01
2.47040360e+01
2.45973980e+01
2.44980270e+01
2.44053160e+01
2.43187230e+01
2.42377600e+01
2.41619880e+01
2.40910100e+01
2.70000000e+02
1.50000000e+02
1.50000000e+02
1.50000000e+02
1.41447709e+02
1.34902970e+02
1.28904207e+02
1.23637158e+02
1.19047414e+02
1.15041864e+02
1.11531343e+02
1.08439902e+02
1.05696761e+02
1.03234523e+02
1.01019687e+02
9.90258080e+01
9.72282360e+01
9.56047930e+01
9.41359050e+01
9.28044170e+01
9.15953150e+01
9.04954540e+01
8.94932990e+01
8.85787130e+01
8.77427630e+01
8.69775630e+01
8.62761320e+01
8.56322810e+01
8.50405080e+01
8.44959140e+01
8.39941300e+01
8.35312500e+01
8.31037740e+01
8.27085640e+01
8.23428020e+01
8.20039480e+01
8.16897160e+01
2.70000000e+02
2.50000000e+02
2.46132302e+02
2.41632220e+02
2.36898446e+02
2.31666213e+02
2.26114303e+02
2.20652857e+02
2.15476665e+02
2.10662775e+02
2.06231265e+02
2.02174703e+02
1.98472734e+02
1.95098704e+02
1.92023467e+02
1.89219145e+02
1.86660381e+02
1.84324223e+02
1.82189866e+02
1.80238445e+02
1.78452872e+02
1.76817693e+02
1.75318944e+02
1.73944019e+02
1.72681544e+02
1.71521261e+02
1.70453918e+02
1.69471168e+02
1.68565477e+02
1.67730046e+02
1.66958731e+02
1.66245979e+02
1.65586766e+02
1.64976543e+02
1.64411190e+02
1.63886969e+02
1.63400488e+02
2.70161670e+02
2.70079096e+02
2.69794810e+02
2.69256898e+02
2.68390817e+02
2.67189891e+02
2.65708741e+02
2.64026807e+02
2.62224199e+02
2.60368470e+02
2.58510944e+02
2.56688052e+02
2.54924256e+02
2.53235019e+02
2.51629200e+02
2.50110958e+02
2.48681217e+02
2.47338763e+02
2.46081016e+02
2.44904552e+02
2.43805451e+02
2.42779542e+02
2.41822557e+02
2.40930250e+02
2.40098471e+02
2.39323212e+02
2.38600645e+02
2.37927135e+02
2.37299255e+02
2.36713784e+02
2.36167706e+02
2.35658207e+02
2.35182666e+02
2.34738644e+02
2.34323880e+02
2.33936273e+02
2.33573879e+02
2.68047745e+02
2.68043599e+02
2.68017282e+02
2.67953696e+02
2.67839144e+02
2.67665457e+02
2.67435919e+02
2.67161703e+02
2.66856766e+02
2.66534370e+02
2.66205414e+02
2.65878083e+02
2.65558142e+02
2.65249433e+02
2.64954339e+02
2.64674188e+02
2.64409555e+02
2.64160500e+02
2.63926746e+02
2.63707800e+02
2.63503036e+02
2.63311752e+02
2.63133209e+02
2.62966654e+02
2.62811344e+02
2.62666553e+02
2.62531583e+02
2.62405766e+02
2.62288470e+02
2.62179101e+02
2.62077098e+02
2.61981939e+02
2.61893135e+02
2.61810231e+02
2.61732804e+02
2.61660463e+02
2.61592843e+02
2.71586398e+02
2.70660756e+02
2.67147756e+02
2.62134653e+02
2.56642835e+02
2.51143131e+02
2.45851659e+02
2.40867058e+02
2.36227136e+02
2.31937059e+02
2.27984742e+02
2.24349540e+02
2.21007051e+02
2.17931141e+02
2.15096201e+02
2.12478954e+02
2.10058497e+02
2.07816111e+02
2.05735082e+02
2.03800521e+02
2.01999185e+02
2.00319295e+02
1.98750371e+02
1.97283077e+02
1.95909076e+02
1.94620913e+02
1.93411901e+02
1.92276025e+02
1.91207860e+02
1.90202499e+02
1.89255490e+02
1.88362782e+02
1.87520680e+02
1.86725804e+02
1.85975052e+02
1.85265574e+02
1.84594744e+02
2.71587627e+02
2.70563087e+02
2.66957699e+02
2.62177646e+02
2.57226410e+02
2.52437502e+02
2.47911595e+02
2.43677332e+02
2.39736821e+02
2.36080315e+02
2.32692295e+02
2.29554623e+02
2.26648222e+02
2.23953357e+02
2.21451163e+02
2.19124900e+02
2.16959602e+02
2.14941756e+02
2.13059147e+02
2.11300735e+02
2.09656550e+02
2.08117585e+02
2.06675696e+02
2.05323511e+02
2.04054346e+02
2.02862127e+02
2.01741329e+02
2.00686911e+02
1.99694266e+02
1.98759175e+02
1.97877767e+02
1.97046484e+02
1.96262048e+02
1.95521435e+02
1.94821850e+02
1.94160707e+02
1.93535610e+02
2.71537360e+02
2.71535335e+02
2.71395220e+02
2.70917226e+02
2.70035759e+02
2.68812580e+02
2.67343263e+02
2.65713069e+02
2.63988071e+02
2.62217373e+02
2.60437046e+02
2.58673430e+02
2.56945580e+02
2.55266998e+02
2.53646899e+02
2.52091187e+02
2.50603323e+02
2.49184955e+02
2.47836383e+02
2.46556897e+02
2.45345049e+02
2.44198853e+02
2.43115957e+02
2.42093760e+02
2.41129519e+02
2.40220418e+02
2.39363630e+02
2.38556356e+02
2.37795857e+02
2.37079478e+02
2.36404665e+02
2.35768969e+02
2.35170059e+02
2.34605720e+02
2.34073855e+02
2.33572485e+02
2.33099742e+02
2.71493208e+02
2.71485683e+02
2.71461693e+02
2.71351747e+02
2.71076365e+02
2.70598260e+02
2.69923556e+02
2.69081553e+02
2.68108843e+02
2.67041243e+02
2.65910567e+02
2.64743673e+02
2.63562496e+02
2.62384472e+02
2.61223117e+02
2.60088595e+02
2.58988302e+02
2.57927411e+02
2.56909324e+02
2.55936057e+02
2.55008549e+02
2.54126910e+02
2.53290624e+02
2.52498711e+02
2.51749852e+02
2.51042493e+02
2.50374926e+02
2.49745349e+02
2.49151914e+02
2.48592765e+02
2.48066063e+02
2.47570011e+02
2.47102864e+02
2.46662942e+02
2.46248637e+02
2.45858414e+02
2.45490818e+02
2.71400534e+02
2.71392181e+02
2.71374177e+02
2.71306641e+02
2.71140392e+02
2.70846879e+02
2.70421939e+02
2.69878158e+02
2.69236390e+02
2.68519871e+02
2.67750888e+02
2.66949172e+02
2.66131336e+02
2.65310869e+02
2.64498372e+02
2.63701940e+02
2.62927558e+02
2.62179483e+02
2.61460594e+02
2.60772681e+02
2.60116682e+02
2.59492884e+02
2.58901076e+02
2.58340676e+02
2.57810832e+02
2.57310497e+02
2.56838497e+02
2.56393576e+02
2.55974433e+02
2.55579755e+02
2.55208233e+02
2.54858584e+02
2.54529560e+02
2.54219956e+02
2.53928617e+02
2.53654440e+02
2.53396378e+02
