-2.2000e+02
-9.5720e+00
-2.8666e+00
-2.1425e+00
-1.4986e+00
-1.1337e+00
-9.0184e-01
-7.4055e-01
-6.2137e-01
-5.2961e-01
-4.5689e-01
-4.4348e-01
-4.8041e-01
-4.3415e-01
-3.8966e-01
-3.5049e-01
-3.1633e-01
-2.8653e-01
-2.6043e-01
-2.3748e-01
-2.1721e-01
-1.9922e-01
-1.8320e-01
-1.6887e-01
-1.5600e-01
-1.4440e-01
-1.3391e-01
-1.2441e-01
-1.1576e-01
-1.0788e-01
-1.0067e-01
-9.4070e-02
-8.8007e-02
-8.2428e-02
-7.7285e-02
-7.2536e-02
-1.2000e+02
0.0000e+00
0.0000e+00
-8.4543e+00
-6.5357e+00
-6.0061e+00
-5.2801e+00
-4.6043e+00
-4.0198e+00
-3.5235e+00
-3.1028e+00
-2.7463e+00
-2.4587e+00
-2.2134e+00
-1.9935e+00
-1.7972e+00
-1.6226e+00
-1.4674e+00
-1.3294e+00
-1.2065e+00
-1.0967e+00
-9.9859e-01
-9.1071e-01
-8.3185e-01
-7.6095e-01
-6.9712e-01
-6.3954e-01
-5.8753e-01
-5.4047e-01
-4.9782e-01
-4.5911e-01
-4.2394e-01
-3.9192e-01
-3.6274e-01
-3.3611e-01
-3.1178e-01
-2.0000e+01
-3.9068e+00
-4.5143e+00
-4.7359e+00
-5.2286e+00
-5.5487e+00
-5.4617e+00
-5.1794e+00
-4.8187e+00
-4.4366e+00
-4.0611e+00
-3.7052e+00
-3.3750e+00
-3.0734e+00
-2.8001e+00
-2.5527e+00
-2.3286e+00
-2.1255e+00
-1.9415e+00
-1.7749e+00
-1.6238e+00
-1.4870e+00
-1.3629e+00
-1.2503e+00
-1.1481e+00
-1.0553e+00
-9.7098e-01
-8.9426e-01
-8.2441e-01
-7.6077e-01
-7.0274e-01
-6.4976e-01
-6.0136e-01
-5.5711e-01
-5.1659e-01
-4.7948e-01
-6.6638e-02
-2.6964e-01
-5.2260e-01
-8.5259e-01
-1.1891e+00
-1.4697e+00
-1.6698e+00
-1.7890e+00
-1.8403e+00
-1.8403e+00
-1.8040e+00
-1.7435e+00
-1.6677e+00
-1.5834e+00
-1.4952e+00
-1.4063e+00
-1.3189e+00
-1.2343e+00
-1.1534e+00
-1.0766e+00
-1.0041e+00
-9.3602e-01
-8.7229e-01
-8.1279e-01
-7.5734e-01
-7.0575e-01
-6.5782e-01
-6.1331e-01
-5.7201e-01
-5.3370e-01
-4.9819e-01
-4.6526e-01
-4.3474e-01
-4.0643e-01
-3.8018e-01
-3.5583e-01
-2.5620e-03
-2.3262e-02
-5.8535e-02
-1.0710e-01
-1.6337e-01
-2.1612e-01
-2.5791e-01
-2.8629e-01
-3.0209e-01
-3.0764e-01
-3.0555e-01
-2.9814e-01
-2.8720e-01
-2.7411e-01
-2.5984e-01
-2.4509e-01
-2.3035e-01
-2.1593e-01
-2.0202e-01
-1.8875e-01
-1.7617e-01
-1.6431e-01
-1.5318e-01
-1.4276e-01
-1.3305e-01
-1.2399e-01
-1.1557e-01
-1.0775e-01
-1.0048e-01
-9.3739e-02
-8.7486e-02
-8.1687e-02
-7.6310e-02
-7.1324e-02
-6.6700e-02
-6.2411e-02
-9.1837e-01
-3.5072e+00
-5.0032e+00
-5.4829e+00
-5.4922e+00
-5.2835e+00
-4.9748e+00
-4.6280e+00
-4.2764e+00
-3.9377e+00
-3.6205e+00
-3.3283e+00
-3.0625e+00
-2.8228e+00
-2.6071e+00
-2.4127e+00
-2.2372e+00
-2.0785e+00
-1.9348e+00
-1.8042e+00
-1.6853e+00
-1.5768e+00
-1.4775e+00
-1.3864e+00
-1.3026e+00
-1.2253e+00
-1.1539e+00
-1.0878e+00
-1.0264e+00
-9.6931e-01
-9.1613e-01
-8.6651e-01
-8.2015e-01
-7.7676e-01
-7.3610e-01
-6.9796e-01
-1.0384e+00
-3.6493e+00
-4.8163e+00
-4.9766e+00
-4.8049e+00
-4.5336e+00
-4.2350e+00
-3.9360e+00
-3.6484e+00
-3.3777e+00
-3.1263e+00
-2.8949e+00
-2.6834e+00
-2.4915e+00
-2.3172e+00
-2.1582e+00
-2.0130e+00
-1.8800e+00
-1.7582e+00
-1.6463e+00
-1.5434e+00
-1.4485e+00
-1.3609e+00
-1.2799e+00
-1.2048e+00
-1.1351e+00
-1.0703e+00
-1.0100e+00
-9.5373e-01
-9.0123e-01
-8.5216e-01
-8.0624e-01
-7.6323e-01
-7.2290e-01
-6.8505e-01
-6.4949e-01
2.4550e-03
-1.3358e-01
-4.8000e-01
-8.9419e-01
-1.2440e+00
-1.4939e+00
-1.6549e+00
-1.7475e+00
-1.7897e+00
-1.7956e+00
-1.7753e+00
-1.7364e+00
-1.6845e+00
-1.6238e+00
-1.5579e+00
-1.4889e+00
-1.4188e+00
-1.3487e+00
-1.2797e+00
-1.2124e+00
-1.1472e+00
-1.0845e+00
-1.0246e+00
-9.6740e-01
-9.1309e-01
-8.6162e-01
-8.1294e-01
-7.6699e-01
-7.2365e-01
-6.8284e-01
-6.4443e-01
-6.0830e-01
-5.7433e-01
-5.4241e-01
-5.1241e-01
-4.8423e-01
1.1518e-02
-7.0960e-03
-1.0166e-01
-2.7569e-01
-4.8468e-01
-6.8464e-01
-8.5288e-01
-9.8289e-01
-1.0762e+00
-1.1372e+00
-1.1714e+00
-1.1838e+00
-1.1790e+00
-1.1611e+00
-1.1333e+00
-1.0984e+00
-1.0586e+00
-1.0156e+00
-9.7089e-01
-9.2539e-01
-8.7992e-01
-8.3507e-01
-7.9128e-01
-7.4885e-01
-7.0801e-01
-6.6889e-01
-6.3157e-01
-5.9609e-01
-5.6245e-01
-5.3062e-01
-5.0055e-01
-4.7220e-01
-4.4548e-01
-4.2034e-01
-3.9669e-01
-3.7445e-01
1.9773e-02
7.4000e-05
-5.5955e-02
-1.5797e-01
-2.8705e-01
-4.1940e-01
-5.3850e-01
-6.3629e-01
-7.1058e-01
-7.6247e-01
-7.9465e-01
-8.1031e-01
-8.1264e-01
-8.0452e-01
-7.8847e-01
-7.6658e-01
-7.4057e-01
-7.1180e-01
-6.8133e-01
-6.5001e-01
-6.1845e-01
-5.8715e-01
-5.5644e-01
-5.2660e-01
-4.9779e-01
-4.7015e-01
-4.4374e-01
-4.1861e-01
-3.9476e-01
-3.7219e-01
-3.5086e-01
-3.3075e-01
-3.1181e-01
-2.9398e-01
-2.7722e-01
-2.6147e-01
