2.69955488e+02
4.98992273e+01
4.03820656e+01
3.79737515e+01
3.55842890e+01
3.35463605e+01
3.28770287e+01
3.19080262e+01
3.13467567e+01
3.06121527e+01
2.99656671e+01
2.94098070e+01
2.91611963e+01
2.90797655e+01
2.79898116e+01
2.78474635e+01
2.74470105e+01
2.73149876e+01
2.70268024e+01
2.62210172e+01
2.60102942e+01
2.63005405e+01
2.60675529e+01
2.57062568e+01
2.55857560e+01
2.54840602e+01
2.53442187e+01
2.52578090e+01
2.53718315e+01
2.47230263e+01
2.49323246e+01
2.43721417e+01
2.40888583e+01
2.48244422e+01
2.42477961e+01
2.41774786e+01
2.41818548e+01
2.70120785e+02
1.49692478e+02
1.49985619e+02
1.49859097e+02
1.41344454e+02
1.35143005e+02
1.29098856e+02
1.23710039e+02
1.19595371e+02
1.14762267e+02
1.11662508e+02
1.08187682e+02
1.06308781e+02
1.03378385e+02
1.01188591e+02
9.93798645e+01
9.73433744e+01
9.54892911e+01
9.39908925e+01
9.28278545e+01
9.13113126e+01
9.03059018e+01
8.95167951e+01
8.87319005e+01
8.79405831e+01
8.68854392e+01
8.63522606e+01
8.54072523e+01
8.51079035e+01
8.42313146e+01
8.39394381e+01
8.34875138e+01
8.29841435e+01
8.25157683e+01
8.24432775e+01
8.19078684e+01
8.15628545e+01
2.70328477e+02
2.50080380e+02
2.45894709e+02
2.41825628e+02
2.36845432e+02
2.31660151e+02
2.26095464e+02
2.21254755e+02
2.15452029e+02
2.10473202e+02
2.06678169e+02
2.02023143e+02
1.98851457e+02
1.95185203e+02
1.91792986e+02
1.89251430e+02
1.86545162e+02
1.84266770e+02
1.82325684e+02
1.80381811e+02
1.78569801e+02
1.76752046e+02
1.74978440e+02
1.73870276e+02
1.72547543e+02
1.71218909e+02
1.70429267e+02
1.69665986e+02
1.68374661e+02
1.67806306e+02
1.67191663e+02
1.66188708e+02
1.65411591e+02
1.64711704e+02
1.64254057e+02
1.63927111e+02
1.63332997e+02
2.70349623e+02
2.70249500e+02
2.69955285e+02
2.69013148e+02
2.68886914e+02
2.67254274e+02
2.65841470e+02
2.64279755e+02
2.62103851e+02
2.60124918e+02
2.58016207e+02
2.56176822e+02
2.54697596e+02
2.53059031e+02
2.51628415e+02
2.50034289e+02
2.48902026e+02
2.47178843e+02
2.45958370e+02
2.45102632e+02
2.43560008e+02
2.42719933e+02
2.41480773e+02
2.41153157e+02
2.40441727e+02
2.39266755e+02
2.38738032e+02
2.38044568e+02
2.37181608e+02
2.36438573e+02
2.35830525e+02
2.35965856e+02
2.34938208e+02
2.34750689e+02
2.34537424e+02
2.33917429e+02
2.33430912e+02
2.68172952e+02
2.68276669e+02
2.68292500e+02
2.68214306e+02
2.67920347e+02
2.67897896e+02
2.66831764e+02
2.66938980e+02
2.66759734e+02
2.66691654e+02
2.65873603e+02
2.65851080e+02
2.65309526e+02
2.65618258e+02
2.65348870e+02
2.64343253e+02
2.64463438e+02
2.64346022e+02
2.64054267e+02
2.63729855e+02
2.63595750e+02
2.63199904e+02
2.63134667e+02
2.63224810e+02
2.62926939e+02
2.62846485e+02
2.62931740e+02
2.62385671e+02
2.62474996e+02
2.62558264e+02
2.61981034e+02
2.61817104e+02
2.61758935e+02
2.61576371e+02
2.61848708e+02
2.61760489e+02
2.61717196e+02
2.71844756e+02
2.70591417e+02
2.67081438e+02
2.61531144e+02
2.56186132e+02
2.50631179e+02
2.45362727e+02
2.40014729e+02
2.35340613e+02
2.30771545e+02
2.26828131e+02
2.23102797e+02
2.19781720e+02
2.17057954e+02
2.13761056e+02
2.10737838e+02
2.08452070e+02
2.06305120e+02
2.04577250e+02
2.02751161e+02
2.00726033e+02
1.98995423e+02
1.97013421e+02
1.96206299e+02
1.94648332e+02
1.92978722e+02
1.92380322e+02
1.91479900e+02
1.90116328e+02
1.88735478e+02
1.88008717e+02
1.87315772e+02
1.86020493e+02
1.85286892e+02
1.84603526e+02
1.84310474e+02
1.83125427e+02
2.71839648e+02
2.70928436e+02
2.66944982e+02
2.62157817e+02
2.56235788e+02
2.51745981e+02
2.47294807e+02
2.42691016e+02
2.38856952e+02
2.34611337e+02
2.32111076e+02
2.28449749e+02
2.25324939e+02
2.22741768e+02
2.20030007e+02
2.17647623e+02
2.15544888e+02
2.14040975e+02
2.11579607e+02
2.09888385e+02
2.08103824e+02
2.06607918e+02
2.05383260e+02
2.03723874e+02
2.02751885e+02
2.01584026e+02
2.00640701e+02
1.99352010e+02
1.98463692e+02
1.97831360e+02
1.96522453e+02
1.95989782e+02
1.94694305e+02
1.93931215e+02
1.93287815e+02
1.92700098e+02
1.92685582e+02
2.71835614e+02
2.71480915e+02
2.71341856e+02
2.71387672e+02
2.69880793e+02
2.68947209e+02
2.67095272e+02
2.65970909e+02
2.63692892e+02
2.61848870e+02
2.60435120e+02
2.58185953e+02
2.56409710e+02
2.55304218e+02
2.52972069e+02
2.51683543e+02
2.50512836e+02
2.48963185e+02
2.47180087e+02
2.46092688e+02
2.45045422e+02
2.43914117e+02
2.42331143e+02
2.41739505e+02
2.40823933e+02
2.39815065e+02
2.38994289e+02
2.38247794e+02
2.37501169e+02
2.36694115e+02
2.35881699e+02
2.35024628e+02
2.34929541e+02
2.33949791e+02
2.33755160e+02
2.32957889e+02
2.32567752e+02
2.71661751e+02
2.71135647e+02
2.71361172e+02
2.71622002e+02
2.70989391e+02
2.70675238e+02
2.70104593e+02
2.68890704e+02
2.68268487e+02
2.66977715e+02
2.65866800e+02
2.64842716e+02
2.63853554e+02
2.62233102e+02
2.61172701e+02
2.60232455e+02
2.58938647e+02
2.58400923e+02
2.56793568e+02
2.56130609e+02
2.55221887e+02
2.53647179e+02
2.53374746e+02
2.52497395e+02
2.51945890e+02
2.51147394e+02
2.50568492e+02
2.50063131e+02
2.49466970e+02
2.49226690e+02
2.48279412e+02
2.47930632e+02
2.47345318e+02
2.46826505e+02
2.46429291e+02
2.45942249e+02
2.45569161e+02
2.71568441e+02
2.71558934e+02
2.71335205e+02
2.71350896e+02
2.71087966e+02
2.70996110e+02
2.70093739e+02
2.70123573e+02
2.69006517e+02
2.68825489e+02
2.68168169e+02
2.67057411e+02
2.66490605e+02
2.66098310e+02
2.64349223e+02
2.63886375e+02
2.63489038e+02
2.62484865e+02
2.61819166e+02
2.60949394e+02
2.60486049e+02
2.59635851e+02
2.59209654e+02
2.58754629e+02
2.58248128e+02
2.57845385e+02
2.57277299e+02
2.56716285e+02
2.56541480e+02
2.55921131e+02
2.55801802e+02
2.55557002e+02
2.55290922e+02
2.54767538e+02
2.54434711e+02
2.53707784e+02
2.54199355e+02
