2.70281535e+02
5.00970480e+01
4.04606619e+01
3.71783013e+01
3.53187833e+01
3.37635276e+01
3.27543127e+01
3.20090419e+01
3.08358004e+01
3.07987948e+01
3.00260003e+01
2.91577298e+01
2.93069613e+01
2.84120640e+01
2.81976092e+01
2.76148469e+01
2.75459378e+01
2.68888825e+01
2.70847125e+01
2.64550494e+01
2.61073941e+01
2.58886944e+01
2.59083572e+01
2.57911176e+01
2.54359130e+01
2.52918345e+01
2.48669511e+01
2.50248327e+01
2.47866573e+01
2.47757945e+01
2.42870167e+01
2.44464880e+01
2.40769294e+01
2.40468951e+01
2.37808515e+01
2.42818185e+01
2.42498701e+01
2.70418335e+02
1.49937788e+02
1.49692110e+02
1.49928727e+02
1.41928655e+02
1.35322783e+02
1.29689636e+02
1.24199375e+02
1.19617570e+02
1.15619957e+02
1.11963697e+02
1.08879365e+02
1.06179236e+02
1.03428702e+02
1.01230428e+02
9.90097834e+01
9.74045218e+01
9.58243537e+01
9.47085128e+01
9.32122284e+01
9.17521006e+01
9.06767719e+01
8.93003141e+01
8.89252971e+01
8.76592147e+01
8.69402382e+01
8.63694265e+01
8.54861797e+01
8.46602298e+01
8.41760016e+01
8.34260318e+01
8.30383218e+01
8.22181110e+01
8.24958583e+01
8.18210545e+01
8.14169125e+01
8.12703259e+01
2.70040472e+02
2.50037644e+02
2.46741458e+02
2.42486015e+02
2.37858453e+02
2.32750920e+02
2.26720014e+02
2.21489370e+02
2.16054784e+02
2.11407351e+02
2.06543561e+02
2.02326849e+02
1.98559069e+02
1.95003528e+02
1.92070665e+02
1.89336930e+02
1.86220014e+02
1.83733480e+02
1.81853634e+02
1.79611784e+02
1.77610754e+02
1.75667720e+02
1.74404584e+02
1.73074603e+02
1.71689931e+02
1.69886667e+02
1.69161374e+02
1.68077452e+02
1.67119284e+02
1.66433963e+02
1.65403673e+02
1.64794826e+02
1.64195848e+02
1.63196060e+02
1.62747768e+02
1.62259343e+02
1.61523644e+02
2.72923370e+02
2.72947887e+02
2.72022880e+02
2.71664160e+02
2.70338146e+02
2.69726890e+02
2.67873410e+02
2.66134481e+02
2.64202010e+02
2.62548159e+02
2.60637925e+02
2.58491589e+02
2.56634227e+02
2.55196109e+02
2.53580797e+02
2.51882600e+02
2.50624319e+02
2.49093753e+02
2.47984262e+02
2.46413800e+02
2.45059792e+02
2.44206091e+02
2.43497365e+02
2.42295327e+02
2.41622873e+02
2.41067195e+02
2.40361277e+02
2.39311264e+02
2.38588773e+02
2.38109980e+02
2.37378086e+02
2.36840569e+02
2.36488382e+02
2.36274854e+02
2.35508610e+02
2.35365291e+02
2.34714064e+02
2.68409951e+02
2.68410180e+02
2.68300859e+02
2.68524688e+02
2.68018802e+02
2.68261007e+02
2.67826439e+02
2.67690338e+02
2.67057743e+02
2.67342902e+02
2.66591443e+02
2.66331513e+02
2.65608323e+02
2.65436801e+02
2.65370884e+02
2.65003276e+02
2.64594733e+02
2.64472101e+02
2.64342492e+02
2.64313704e+02
2.63828414e+02
2.63422784e+02
2.62965038e+02
2.62921242e+02
2.62880815e+02
2.63122862e+02
2.62975091e+02
2.62493677e+02
2.62545875e+02
2.62428193e+02
2.62171368e+02
2.62532330e+02
2.61794458e+02
2.62084830e+02
2.62010791e+02
2.61817166e+02
2.61838895e+02
2.77909951e+02
2.76447278e+02
2.72246400e+02
2.67211436e+02
2.60966383e+02
2.55219049e+02
2.49546706e+02
2.44073540e+02
2.39798721e+02
2.34833725e+02
2.30719458e+02
2.27775205e+02
2.23669035e+02
2.20778625e+02
2.17766720e+02
2.14882428e+02
2.12345700e+02
2.09639087e+02
2.07873400e+02
2.05841209e+02
2.03852797e+02
2.02053037e+02
2.00402997e+02
1.99227992e+02
1.97774956e+02
1.96299937e+02
1.94606305e+02
1.93480141e+02
1.92357810e+02
1.91787692e+02
1.90364406e+02
1.89124474e+02
1.88554250e+02
1.87539325e+02
1.87037815e+02
1.86133074e+02
1.85524196e+02
2.77927240e+02
2.76300932e+02
2.72294268e+02
2.67148701e+02
2.61850461e+02
2.56850048e+02
2.52094039e+02
2.47811459e+02
2.43520477e+02
2.39605664e+02
2.35731677e+02
2.32818336e+02
2.29392340e+02
2.26751043e+02
2.23942538e+02
2.21540881e+02
2.19461470e+02
2.17125279e+02
2.15358212e+02
2.13450383e+02
2.11820773e+02
2.09604824e+02
2.08585352e+02
2.06969919e+02
2.05797593e+02
2.04499219e+02
2.03210930e+02
2.02058144e+02
2.00990689e+02
2.00054432e+02
1.98811912e+02
1.98248793e+02
1.97627678e+02
1.96523047e+02
1.96300992e+02
1.94866469e+02
1.94457832e+02
2.75461531e+02
2.75958725e+02
2.75370614e+02
2.74803421e+02
2.73739725e+02
2.72085235e+02
2.70677771e+02
2.68369980e+02
2.67004968e+02
2.64600394e+02
2.63007203e+02
2.61317998e+02
2.59001033e+02
2.57402170e+02
2.55555672e+02
2.54022200e+02
2.52523148e+02
2.50539130e+02
2.49701653e+02
2.48585940e+02
2.47219233e+02
2.45616881e+02
2.44560205e+02
2.43322163e+02
2.42707143e+02
2.41550724e+02
2.40517775e+02
2.39722296e+02
2.38524255e+02
2.38011172e+02
2.37588161e+02
2.36625514e+02
2.35940600e+02
2.35162442e+02
2.35211372e+02
2.34557879e+02
2.33709413e+02
2.74821866e+02
2.74609374e+02
2.74549004e+02
2.73885790e+02
2.73868649e+02
2.73096528e+02
2.72104082e+02
2.71465239e+02
2.70037942e+02
2.68645073e+02
2.68019424e+02
2.66820280e+02
2.65552891e+02
2.64098087e+02
2.62686906e+02
2.61641450e+02
2.60853602e+02
2.59825611e+02
2.58430150e+02
2.57213872e+02
2.56103166e+02
2.55480881e+02
2.54526256e+02
2.53991138e+02
2.52844342e+02
2.52373855e+02
2.51266033e+02
2.51148469e+02
2.50572597e+02
2.49517519e+02
2.48841714e+02
2.48447184e+02
2.48054985e+02
2.47508090e+02
2.47208648e+02
2.46650718e+02
2.46026230e+02
2.73922458e+02
2.73313437e+02
2.73515712e+02
2.73258782e+02
2.72859706e+02
2.72127755e+02
2.72083032e+02
2.71389501e+02
2.70749369e+02
2.70069737e+02
2.69065280e+02
2.68386877e+02
2.67755264e+02
2.66344410e+02
2.65548044e+02
2.65104484e+02
2.64256682e+02
2.63045411e+02
2.62791557e+02
2.61777034e+02
2.61206482e+02
2.60011916e+02
2.59691731e+02
2.59659681e+02
2.58863529e+02
2.58262929e+02
2.57632146e+02
2.57479828e+02
2.56967865e+02
2.56410827e+02
2.56168973e+02
2.55475252e+02
2.55575435e+02
2.55138504e+02
2.55075313e+02
2.54810496e+02
2.54118765e+02
