-2.2000e+02
-1.0045e+01
-2.9538e+00
-2.0848e+00
-1.4475e+00
-1.0928e+00
-8.6873e-01
-7.1343e-01
-5.9900e-01
-5.1106e-01
-4.6573e-01
-5.2454e-01
-4.7484e-01
-4.2460e-01
-3.8056e-01
-3.4243e-01
-3.0937e-01
-2.8060e-01
-2.5543e-01
-2.3332e-01
-2.1378e-01
-1.9644e-01
-1.8100e-01
-1.6717e-01
-1.5474e-01
-1.4354e-01
-1.3340e-01
-1.2419e-01
-1.1581e-01
-1.0816e-01
-1.0116e-01
-9.4739e-02
-8.8832e-02
-8.3391e-02
-7.8366e-02
-7.3722e-02
-1.2000e+02
0.0000e+00
0.0000e+00
-8.6945e+00
-6.5828e+00
-6.0068e+00
-5.2584e+00
-4.5724e+00
-3.9836e+00
-3.4862e+00
-3.0667e+00
-2.7274e+00
-2.4458e+00
-2.1957e+00
-1.9739e+00
-1.7778e+00
-1.6044e+00
-1.4509e+00
-1.3147e+00
-1.1936e+00
-1.0857e+00
-9.8928e-01
-9.0301e-01
-8.2564e-01
-7.5612e-01
-6.9354e-01
-6.3710e-01
-5.8612e-01
-5.3998e-01
-4.9817e-01
-4.6022e-01
-4.2572e-01
-3.9432e-01
-3.6568e-01
-3.3955e-01
-3.1565e-01
-2.0000e+01
-3.9815e+00
-4.5642e+00
-4.7695e+00
-5.2569e+00
-5.5593e+00
-5.4511e+00
-5.1528e+00
-4.7817e+00
-4.3937e+00
-4.0157e+00
-3.6601e+00
-3.3330e+00
-3.0359e+00
-2.7667e+00
-2.5230e+00
-2.3023e+00
-2.1025e+00
-1.9217e+00
-1.7580e+00
-1.6097e+00
-1.4754e+00
-1.3537e+00
-1.2433e+00
-1.1431e+00
-1.0521e+00
-9.6945e-01
-8.9425e-01
-8.2579e-01
-7.6342e-01
-7.0652e-01
-6.5459e-01
-6.0713e-01
-5.6372e-01
-5.2397e-01
-4.8754e-01
-6.3801e-02
-2.5915e-01
-5.0070e-01
-8.1645e-01
-1.1400e+00
-1.4123e+00
-1.6088e+00
-1.7285e+00
-1.7830e+00
-1.7877e+00
-1.7569e+00
-1.7021e+00
-1.6320e+00
-1.5530e+00
-1.4697e+00
-1.3854e+00
-1.3021e+00
-1.2211e+00
-1.1434e+00
-1.0694e+00
-9.9942e-01
-9.3359e-01
-8.7188e-01
-8.1419e-01
-7.6039e-01
-7.1031e-01
-6.6373e-01
-6.2047e-01
-5.8030e-01
-5.4303e-01
-5.0845e-01
-4.7637e-01
-4.4660e-01
-4.1897e-01
-3.9332e-01
-3.6951e-01
-2.1440e-03
-2.0848e-02
-5.3396e-02
-9.8465e-02
-1.5116e-01
-2.0119e-01
-2.4145e-01
-2.6938e-01
-2.8552e-01
-2.9192e-01
-2.9097e-01
-2.8482e-01
-2.7517e-01
-2.6333e-01
-2.5026e-01
-2.3664e-01
-2.2293e-01
-2.0944e-01
-1.9637e-01
-1.8385e-01
-1.7196e-01
-1.6072e-01
-1.5015e-01
-1.4025e-01
-1.3100e-01
-1.2237e-01
-1.1434e-01
-1.0687e-01
-9.9938e-02
-9.3497e-02
-8.7521e-02
-8.1974e-02
-7.6828e-02
-7.2050e-02
-6.7616e-02
-6.3499e-02
-8.1541e-01
-3.2729e+00
-4.7271e+00
-5.2182e+00
-5.2572e+00
-5.0818e+00
-4.8047e+00
-4.4859e+00
-4.1586e+00
-3.8407e+00
-3.5416e+00
-3.2655e+00
-3.0145e+00
-2.7875e+00
-2.5826e+00
-2.3974e+00
-2.2299e+00
-2.0781e+00
-1.9403e+00
-1.8148e+00
-1.7004e+00
-1.5956e+00
-1.4994e+00
-1.4109e+00
-1.3292e+00
-1.2537e+00
-1.1837e+00
-1.1186e+00
-1.0581e+00
-1.0016e+00
-9.4883e-01
-8.9946e-01
-8.5320e-01
-8.0980e-01
-7.6903e-01
-7.3070e-01
-9.2253e-01
-3.4004e+00
-4.5357e+00
-4.7176e+00
-4.5820e+00
-4.3470e+00
-4.0813e+00
-3.8113e+00
-3.5489e+00
-3.3002e+00
-3.0679e+00
-2.8534e+00
-2.6572e+00
-2.4782e+00
-2.3143e+00
-2.1640e+00
-2.0261e+00
-1.8994e+00
-1.7827e+00
-1.6751e+00
-1.5757e+00
-1.4837e+00
-1.3985e+00
-1.3193e+00
-1.2456e+00
-1.1770e+00
-1.1130e+00
-1.0532e+00
-9.9730e-01
-9.4492e-01
-8.9582e-01
-8.4973e-01
-8.0644e-01
-7.6574e-01
-7.2744e-01
-6.9137e-01
4.7389e-02
-7.8135e-02
-4.0219e-01
-7.9678e-01
-1.1419e+00
-1.4015e+00
-1.5812e+00
-1.6964e+00
-1.7617e+00
-1.7891e+00
-1.7877e+00
-1.7650e+00
-1.7266e+00
-1.6772e+00
-1.6203e+00
-1.5586e+00
-1.4941e+00
-1.4285e+00
-1.3628e+00
-1.2980e+00
-1.2346e+00
-1.1732e+00
-1.1140e+00
-1.0572e+00
-1.0030e+00
-9.5127e-01
-9.0216e-01
-8.5557e-01
-8.1144e-01
-7.6968e-01
-7.3021e-01
-6.9291e-01
-6.5768e-01
-6.2443e-01
-5.9303e-01
-5.6340e-01
3.8717e-02
2.8813e-02
-6.1859e-02
-2.2899e-01
-4.3398e-01
-6.3540e-01
-8.0964e-01
-9.4817e-01
-1.0507e+00
-1.1208e+00
-1.1631e+00
-1.1825e+00
-1.1837e+00
-1.1708e+00
-1.1473e+00
-1.1161e+00
-1.0795e+00
-1.0393e+00
-9.9694e-01
-9.5358e-01
-9.1002e-01
-8.6689e-01
-8.2465e-01
-7.8362e-01
-7.4404e-01
-7.0604e-01
-6.6971e-01
-6.3509e-01
-6.0219e-01
-5.7097e-01
-5.4140e-01
-5.1343e-01
-4.8699e-01
-4.6202e-01
-4.3845e-01
-4.1620e-01
2.8419e-02
1.1233e-02
-3.9675e-02
-1.3233e-01
-2.4909e-01
-3.6827e-01
-4.7498e-01
-5.6199e-01
-6.2740e-01
-6.7233e-01
-6.9933e-01
-7.1145e-01
-7.1168e-01
-7.0276e-01
-6.8703e-01
-6.6641e-01
-6.4245e-01
-6.1637e-01
-5.8909e-01
-5.6133e-01
-5.3362e-01
-5.0634e-01
-4.7978e-01
-4.5412e-01
-4.2950e-01
-4.0599e-01
-3.8363e-01
-3.6243e-01
-3.4238e-01
-3.2345e-01
-3.0561e-01
-2.8882e-01
-2.7302e-01
-2.5816e-01
-2.4420e-01
-2.3109e-01
