2.70000000e+02
5.00000000e+01
3.98560830e+01
3.68630110e+01
3.47889420e+01
3.33579270e+01
3.22813940e+01
3.14281140e+01
3.07292310e+01
3.01439200e+01
2.96457620e+01
2.91886770e+01
2.86781210e+01
2.82182620e+01
2.78081510e+01
2.74415220e+01
2.71124890e+01
2.68159990e+01
2.65477960e+01
2.63042960e+01
2.60824780e+01
2.58797820e+01
2.56940270e+01
2.55233480e+01
2.53661390e+01
2.52210140e+01
2.50867670e+01
2.49623460e+01
2.48468280e+01
2.47394010e+01
2.46393470e+01
2.45460300e+01
2.44588820e+01
2.43773940e+01
2.43011130e+01
2.42296290e+01
2.41625720e+01
2.70000000e+02
1.50000000e+02
1.50000000e+02
1.50000000e+02
1.41104836e+02
1.34412681e+02
1.28342074e+02
1.23051931e+02
1.18466329e+02
1.14481169e+02
1.11000956e+02
1.07945146e+02
1.05231478e+02
1.02802509e+02
1.00625762e+02
9.86721820e+01
9.69155560e+01
9.53328200e+01
9.39038810e+01
9.26112750e+01
9.14398060e+01
9.03762230e+01
8.94089410e+01
8.85278010e+01
8.77238710e+01
8.69892770e+01
8.63170650e+01
8.57010700e+01
8.51358260e+01
8.46164690e+01
8.41386630e+01
8.36985420e+01
8.32926440e+01
8.29178710e+01
8.25714410e+01
8.22508560e+01
8.19538680e+01
2.70000000e+02
2.50000000e+02
2.45404082e+02
2.40895365e+02
2.36065260e+02
2.30757733e+02
2.25167988e+02
2.19705817e+02
2.14553828e+02
2.09780630e+02
2.05400560e+02
2.01402222e+02
1.97762288e+02
1.94451584e+02
1.91439813e+02
1.88698724e+02
1.86202663e+02
1.83928379e+02
1.81854798e+02
1.79962839e+02
1.78235248e+02
1.76656442e+02
1.75212365e+02
1.73890342e+02
1.72678956e+02
1.71567916e+02
1.70547954e+02
1.69610716e+02
1.68748672e+02
1.67955035e+02
1.67223679e+02
1.66549074e+02
1.65926227e+02
1.65350625e+02
1.64818186e+02
1.64325215e+02
1.63868366e+02
2.67810705e+02
2.68080039e+02
2.68023086e+02
2.67683697e+02
2.67003599e+02
2.65978743e+02
2.64662652e+02
2.63134165e+02
2.61473813e+02
2.59750137e+02
2.58015659e+02
2.56307977e+02
2.54652586e+02
2.53065768e+02
2.51557025e+02
2.50131018e+02
2.48789083e+02
2.47530343e+02
2.46352487e+02
2.45252301e+02
2.44226033e+02
2.43269644e+02
2.42378980e+02
2.41549894e+02
2.40778326e+02
2.40060357e+02
2.39392243e+02
2.38770435e+02
2.38191591e+02
2.37652577e+02
2.37150467e+02
2.36682537e+02
2.36246255e+02
2.35839276e+02
2.35459427e+02
2.35104700e+02
2.34773241e+02
2.67626125e+02
2.67655150e+02
2.67674023e+02
2.67648900e+02
2.67568189e+02
2.67425319e+02
2.67224031e+02
2.66975637e+02
2.66694276e+02
2.66393467e+02
2.66084392e+02
2.65775505e+02
2.65472804e+02
2.65180314e+02
2.64900567e+02
2.64634995e+02
2.64384255e+02
2.64148472e+02
2.63927418e+02
2.63720638e+02
2.63527531e+02
2.63347417e+02
2.63179571e+02
2.63023253e+02
2.62877729e+02
2.62742282e+02
2.62616224e+02
2.62498896e+02
2.62389676e+02
2.62287978e+02
2.62193255e+02
2.62104994e+02
2.62022718e+02
2.61945985e+02
2.61874385e+02
2.61807539e+02
2.61745095e+02
2.68508277e+02
2.67879711e+02
2.64932209e+02
2.60471688e+02
2.55470044e+02
2.50408302e+02
2.45514507e+02
2.40895128e+02
2.36592839e+02
2.32615859e+02
2.28954098e+02
2.25588300e+02
2.22494937e+02
2.19648645e+02
2.17025063e+02
2.14602039e+02
2.12359673e+02
2.10280201e+02
2.08347849e+02
2.06548658e+02
2.04870292e+02
2.03301855e+02
2.01833716e+02
2.00457350e+02
1.99165190e+02
1.97950504e+02
1.96807284e+02
1.95730150e+02
1.94714264e+02
1.93755268e+02
1.92849214e+02
1.91992519e+02
1.91181919e+02
1.90414430e+02
1.89687319e+02
1.88998070e+02
1.88344370e+02
2.68587249e+02
2.67718498e+02
2.64297492e+02
2.59738033e+02
2.55045414e+02
2.50540177e+02
2.46310828e+02
2.42376458e+02
2.38732105e+02
2.35363016e+02
2.32250287e+02
2.29373637e+02
2.26712464e+02
2.24246234e+02
2.21956476e+02
2.19827032e+02
2.17843558e+02
2.15993242e+02
2.14264631e+02
2.12647482e+02
2.11132634e+02
2.09711878e+02
2.08377850e+02
2.07123924e+02
2.05944126e+02
2.04833056e+02
2.03785818e+02
2.02797962e+02
2.01865431e+02
2.00984521e+02
2.00151835e+02
1.99364257e+02
1.98618918e+02
1.97913172e+02
1.97244575e+02
1.96610865e+02
1.96009946e+02
2.68924761e+02
2.69075945e+02
2.69095688e+02
2.68766177e+02
2.68030995e+02
2.66960259e+02
2.65651918e+02
2.64189869e+02
2.62637472e+02
2.61041010e+02
2.59434109e+02
2.57841163e+02
2.56279756e+02
2.54762300e+02
2.53297222e+02
2.51889953e+02
2.50543708e+02
2.49260047e+02
2.48039287e+02
2.46880808e+02
2.45783304e+02
2.44744971e+02
2.43763666e+02
2.42837018e+02
2.41962523e+02
2.41137615e+02
2.40359717e+02
2.39626284e+02
2.38934826e+02
2.38282937e+02
2.37668302e+02
2.37088706e+02
2.36542047e+02
2.36026329e+02
2.35539665e+02
2.35080280e+02
2.34646502e+02
2.69181075e+02
2.69363577e+02
2.69533839e+02
2.69572218e+02
2.69407290e+02
2.69018271e+02
2.68424451e+02
2.67662500e+02
2.66772145e+02
2.65790000e+02
2.64747557e+02
2.63670894e+02
2.62581039e+02
2.61494542e+02
2.60424093e+02
2.59379152e+02
2.58366549e+02
2.57391008e+02
2.56455596e+02
2.55562078e+02
2.54711212e+02
2.53902991e+02
2.53136828e+02
2.52411713e+02
2.51726332e+02
2.51079166e+02
2.50468560e+02
2.49892785e+02
2.49350080e+02
2.48838686e+02
2.48356872e+02
2.47902951e+02
2.47475294e+02
2.47072340e+02
2.46692598e+02
2.46334653e+02
2.45997164e+02
2.69577921e+02
2.69836369e+02
2.69996620e+02
2.70072980e+02
2.70032511e+02
2.69854227e+02
2.69537794e+02
2.69097924e+02
2.68556693e+02
2.67938014e+02
2.67264510e+02
2.66556035e+02
2.65829197e+02
2.65097393e+02
2.64371102e+02
2.63658286e+02
2.62964801e+02
2.62294803e+02
2.61651092e+02
2.61035400e+02
2.60448637e+02
2.59891079e+02
2.59362525e+02
2.58862420e+02
2.58389955e+02
2.57944140e+02
2.57523867e+02
2.57127956e+02
2.56755190e+02
2.56404344e+02
2.56074204e+02
2.55763582e+02
2.55471329e+02
2.55196337e+02
2.54937552e+02
2.54693968e+02
2.54464633e+02
