2.70000000e+02
5.00000000e+01
4.00050440e+01
3.70602600e+01
3.49722490e+01
3.35233680e+01
3.24302970e+01
3.15616920e+01
3.08483830e+01
3.02493630e+01
2.97381250e+01
2.92927250e+01
2.87758980e+01
2.83017170e+01
2.78771590e+01
2.74966110e+01
2.71543630e+01
2.68454370e+01
2.65656060e+01
2.63112950e+01
2.60794790e+01
2.58675830e+01
2.56734070e+01
2.54950580e+01
2.53309030e+01
2.51795210e+01
2.50396730e+01
2.49102690e+01
2.47903520e+01
2.46790720e+01
2.45756750e+01
2.44794880e+01
2.43899080e+01
2.43063930e+01
2.42284560e+01
2.41556560e+01
2.40875930e+01
2.70000000e+02
1.50000000e+02
1.50000000e+02
1.50000000e+02
1.41305648e+02
1.34719425e+02
1.28708224e+02
1.23445457e+02
1.18869238e+02
1.14882547e+02
1.11393870e+02
1.08325650e+02
1.05601667e+02
1.03158626e+02
1.00964342e+02
9.89912470e+01
9.72140480e+01
9.56102640e+01
9.41601980e+01
9.28466750e+01
9.16547140e+01
9.05712330e+01
8.95847780e+01
8.86852930e+01
8.78639250e+01
8.71128590e+01
8.64251800e+01
8.57947540e+01
8.52161250e+01
8.46844310e+01
8.41953310e+01
8.37449390e+01
8.33297700e+01
8.29466950e+01
8.25928990e+01
8.22658430e+01
8.19632370e+01
2.70000000e+02
2.50000000e+02
2.46044674e+02
2.41503601e+02
2.36750801e+02
2.31504653e+02
2.25949673e+02
2.20498041e+02
2.15341622e+02
2.10554563e+02
2.06154516e+02
2.02132161e+02
1.98465679e+02
1.95127124e+02
1.92086721e+02
1.89316434e+02
1.86790845e+02
1.84486972e+02
1.82384012e+02
1.80463134e+02
1.78707310e+02
1.77101152e+02
1.75630768e+02
1.74283624e+02
1.73048409e+02
1.71914918e+02
1.70873942e+02
1.69917168e+02
1.69037086e+02
1.68226912e+02
1.67480508e+02
1.66792322e+02
1.66157326e+02
1.65570961e+02
1.65029096e+02
1.64527979e+02
1.64064202e+02
2.69689767e+02
2.69697847e+02
2.69488549e+02
2.69023209e+02
2.68231531e+02
2.67106365e+02
2.65700028e+02
2.64089987e+02
2.62355269e+02
2.60563104e+02
2.58764995e+02
2.56997803e+02
2.55286551e+02
2.53647213e+02
2.52089136e+02
2.50616895e+02
2.49231770e+02
2.47932837e+02
2.46717742e+02
2.45583223e+02
2.44525471e+02
2.43540381e+02
2.42623717e+02
2.41771241e+02
2.40978790e+02
2.40242331e+02
2.39558002e+02
2.38922131e+02
2.38331247e+02
2.37782090e+02
2.37271606e+02
2.36796945e+02
2.36355451e+02
2.35944660e+02
2.35562284e+02
2.35206205e+02
2.34874462e+02
2.67935205e+02
2.67938885e+02
2.67927263e+02
2.67881106e+02
2.67787882e+02
2.67640234e+02
2.67440966e+02
2.67200071e+02
2.66930197e+02
2.66643482e+02
2.66349980e+02
2.66057304e+02
2.65770864e+02
2.65494296e+02
2.65229892e+02
2.64978953e+02
2.64742077e+02
2.64519376e+02
2.64310638e+02
2.64115442e+02
2.63933233e+02
2.63763380e+02
2.63605208e+02
2.63458026e+02
2.63321148e+02
2.63193901e+02
2.63075634e+02
2.62965726e+02
2.62863587e+02
2.62768659e+02
2.62680420e+02
2.62598380e+02
2.62522082e+02
2.62451101e+02
2.62385041e+02
2.62323538e+02
2.62266251e+02
2.72188969e+02
2.71390098e+02
2.68249357e+02
2.63594779e+02
2.58379662e+02
2.53084518e+02
2.47944260e+02
2.43072822e+02
2.38518969e+02
2.34295462e+02
2.30395485e+02
2.26802090e+02
2.23493511e+02
2.20445548e+02
2.17634270e+02
2.15037645e+02
2.12635690e+02
2.10410393e+02
2.08345594e+02
2.06426837e+02
2.04641210e+02
2.02977183e+02
2.01424455e+02
1.99973806e+02
1.98616969e+02
1.97346515e+02
1.96155752e+02
1.95038632e+02
1.93989681e+02
1.93003924e+02
1.92076832e+02
1.91204273e+02
1.90382465e+02
1.89607940e+02
1.88877512e+02
1.88188249e+02
1.87537446e+02
2.72064237e+02
2.71014291e+02
2.67484799e+02
2.62846087e+02
2.58046259e+02
2.53397888e+02
2.48996673e+02
2.44871162e+02
2.41024863e+02
2.37449868e+02
2.34132558e+02
2.31056585e+02
2.28204427e+02
2.25557638e+02
2.23098827e+02
2.20812453e+02
2.18684457e+02
2.16702037e+02
2.14853531e+02
2.13128329e+02
2.11516783e+02
2.10010121e+02
2.08600358e+02
2.07280222e+02
2.06043080e+02
2.04882871e+02
2.03794055e+02
2.02771552e+02
2.01810702e+02
2.00907223e+02
2.00057175e+02
1.99256926e+02
1.98503126e+02
1.97792680e+02
1.97122726e+02
1.96490616e+02
1.95893895e+02
2.71447957e+02
2.71473502e+02
2.71367932e+02
2.70929204e+02
2.70093159e+02
2.68918885e+02
2.67499194e+02
2.65917910e+02
2.64240732e+02
2.62516994e+02
2.60783253e+02
2.59066406e+02
2.57385997e+02
2.55755925e+02
2.54185655e+02
2.52681243e+02
2.51246197e+02
2.49882126e+02
2.48589211e+02
2.47366569e+02
2.46212535e+02
2.45124891e+02
2.44101036e+02
2.43138126e+02
2.42233180e+02
2.41383158e+02
2.40585025e+02
2.39835791e+02
2.39132549e+02
2.38472495e+02
2.37852943e+02
2.37271334e+02
2.36725243e+02
2.36212377e+02
2.35730579e+02
2.35277820e+02
2.34852199e+02
2.71255633e+02
2.71298804e+02
2.71326014e+02
2.71247217e+02
2.70984951e+02
2.70509674e+02
2.69834398e+02
2.68992759e+02
2.68023696e+02
2.66964224e+02
2.65846723e+02
2.64698257e+02
2.63540730e+02
2.62391389e+02
2.61263425e+02
2.60166592e+02
2.59107827e+02
2.58091814e+02
2.57121462e+02
2.56198299e+02
2.55322789e+02
2.54494594e+02
2.53712779e+02
2.52975981e+02
2.52282534e+02
2.51630577e+02
2.51018129e+02
2.50443150e+02
2.49903588e+02
2.49397414e+02
2.48922646e+02
2.48477365e+02
2.48059731e+02
2.47667989e+02
2.47300470e+02
2.46955601e+02
2.46631895e+02
2.71104658e+02
2.71185029e+02
2.71224913e+02
2.71203069e+02
2.71078600e+02
2.70826179e+02
2.70442869e+02
2.69941864e+02
2.69344439e+02
2.68674158e+02
2.67953535e+02
2.67202415e+02
2.66437435e+02
2.65671960e+02
2.64916408e+02
2.64178616e+02
2.63464269e+02
2.62777303e+02
2.62120265e+02
2.61494621e+02
2.60900999e+02
2.60339398e+02
2.59809342e+02
2.59310014e+02
2.58840355e+02
2.58399140e+02
2.57985044e+02
2.57596687e+02
2.57232667e+02
2.56891590e+02
2.56572091e+02
2.56272842e+02
2.55992568e+02
2.55730052e+02
2.55484135e+02
2.55253722e+02
2.55037782e+02
