-2.2000e+02
-9.8291e+00
-2.9620e+00
-2.1274e+00
-1.4735e+00
-1.1076e+00
-8.7644e-01
-7.1655e-01
-5.9905e-01
-5.0903e-01
-4.3799e-01
-4.8289e-01
-4.6453e-01
-4.1565e-01
-3.7183e-01
-3.3374e-01
-3.0073e-01
-2.7203e-01
-2.4696e-01
-2.2497e-01
-2.0558e-01
-1.8840e-01
-1.7312e-01
-1.5947e-01
-1.4722e-01
-1.3619e-01
-1.2623e-01
-1.1720e-01
-1.0900e-01
-1.0152e-01
-9.4688e-02
-8.8428e-02
-8.2681e-02
-7.7396e-02
-7.2525e-02
-6.8026e-02
-1.2000e+02
0.0000e+00
0.0000e+00
-8.7771e+00
-6.6829e+00
-6.0854e+00
-5.3157e+00
-4.6149e+00
-4.0150e+00
-3.5091e+00
-3.0823e+00
-2.7280e+00
-2.4421e+00
-2.1912e+00
-1.9680e+00
-1.7701e+00
-1.5950e+00
-1.4400e+00
-1.3024e+00
-1.1802e+00
-1.0713e+00
-9.7421e-01
-8.8737e-01
-8.0957e-01
-7.3976e-01
-6.7699e-01
-6.2046e-01
-5.6946e-01
-5.2337e-01
-4.8166e-01
-4.4385e-01
-4.0952e-01
-3.7831e-01
-3.4990e-01
-3.2398e-01
-3.0033e-01
-2.0000e+01
-4.3332e+00
-4.4868e+00
-4.8336e+00
-5.3330e+00
-5.6306e+00
-5.5119e+00
-5.2042e+00
-4.8245e+00
-4.4285e+00
-4.0430e+00
-3.6802e+00
-3.3459e+00
-3.0422e+00
-2.7676e+00
-2.5193e+00
-2.2948e+00
-2.0918e+00
-1.9083e+00
-1.7424e+00
-1.5923e+00
-1.4565e+00
-1.3336e+00
-1.2223e+00
-1.1214e+00
-1.0299e+00
-9.4687e-01
-8.7142e-01
-8.0281e-01
-7.4036e-01
-6.8346e-01
-6.3158e-01
-5.8421e-01
-5.4093e-01
-5.0134e-01
-4.6509e-01
-1.1606e-01
-2.9587e-01
-5.2916e-01
-8.4077e-01
-1.1629e+00
-1.4342e+00
-1.6287e+00
-1.7449e+00
-1.7950e+00
-1.7948e+00
-1.7591e+00
-1.6997e+00
-1.6256e+00
-1.5431e+00
-1.4569e+00
-1.3702e+00
-1.2849e+00
-1.2025e+00
-1.1236e+00
-1.0488e+00
-9.7819e-01
-9.1187e-01
-8.4978e-01
-7.9182e-01
-7.3780e-01
-6.8753e-01
-6.4082e-01
-5.9744e-01
-5.5718e-01
-5.1984e-01
-4.8520e-01
-4.5308e-01
-4.2329e-01
-3.9567e-01
-3.7004e-01
-3.4627e-01
-6.9410e-03
-2.9920e-02
-6.4013e-02
-1.1177e-01
-1.6822e-01
-2.2206e-01
-2.6531e-01
-2.9502e-01
-3.1178e-01
-3.1787e-01
-3.1596e-01
-3.0845e-01
-2.9722e-01
-2.8371e-01
-2.6898e-01
-2.5374e-01
-2.3850e-01
-2.2359e-01
-2.0920e-01
-1.9546e-01
-1.8244e-01
-1.7016e-01
-1.5864e-01
-1.4786e-01
-1.3780e-01
-1.2842e-01
-1.1970e-01
-1.1159e-01
-1.0406e-01
-9.7076e-02
-9.0592e-02
-8.4579e-02
-7.9001e-02
-7.3827e-02
-6.9029e-02
-6.4575e-02
-6.7467e-01
-3.2227e+00
-4.6564e+00
-5.0830e+00
-5.0711e+00
-4.8646e+00
-4.5717e+00
-4.2477e+00
-3.9217e+00
-3.6091e+00
-3.3172e+00
-3.0490e+00
-2.8059e+00
-2.5870e+00
-2.3899e+00
-2.2122e+00
-2.0519e+00
-1.9068e+00
-1.7754e+00
-1.6560e+00
-1.5472e+00
-1.4478e+00
-1.3568e+00
-1.2732e+00
-1.1963e+00
-1.1253e+00
-1.0596e+00
-9.9870e-01
-9.4213e-01
-8.8948e-01
-8.4041e-01
-7.9459e-01
-7.5175e-01
-7.1164e-01
-6.7406e-01
-6.3879e-01
-7.6496e-01
-3.2912e+00
-4.3857e+00
-4.5209e+00
-4.3642e+00
-4.1243e+00
-3.8610e+00
-3.5963e+00
-3.3402e+00
-3.0979e+00
-2.8720e+00
-2.6633e+00
-2.4725e+00
-2.2988e+00
-2.1403e+00
-1.9953e+00
-1.8625e+00
-1.7407e+00
-1.6289e+00
-1.5260e+00
-1.4311e+00
-1.3436e+00
-1.2626e+00
-1.1876e+00
-1.1179e+00
-1.0532e+00
-9.9298e-01
-9.3684e-01
-8.8444e-01
-8.3548e-01
-7.8968e-01
-7.4680e-01
-7.0661e-01
-6.6892e-01
-6.3353e-01
-6.0029e-01
4.9697e-02
-6.6402e-02
-3.7400e-01
-7.4887e-01
-1.0721e+00
-1.3102e+00
-1.4705e+00
-1.5693e+00
-1.6216e+00
-1.6392e+00
-1.6310e+00
-1.6039e+00
-1.5633e+00
-1.5133e+00
-1.4570e+00
-1.3969e+00
-1.3348e+00
-1.2719e+00
-1.2093e+00
-1.1477e+00
-1.0877e+00
-1.0297e+00
-9.7384e-01
-9.2039e-01
-8.6941e-01
-8.2094e-01
-7.7496e-01
-7.3144e-01
-6.9030e-01
-6.5148e-01
-6.1488e-01
-5.8040e-01
-5.4793e-01
-5.1739e-01
-4.8867e-01
-4.6165e-01
4.2526e-02
3.0532e-02
-5.7037e-02
-2.1879e-01
-4.1594e-01
-6.0737e-01
-7.7098e-01
-8.9978e-01
-9.9444e-01
-1.0586e+00
-1.0970e+00
-1.1143e+00
-1.1146e+00
-1.1017e+00
-1.0788e+00
-1.0485e+00
-1.0131e+00
-9.7417e-01
-9.3308e-01
-8.9088e-01
-8.4839e-01
-8.0622e-01
-7.6482e-01
-7.2455e-01
-6.8563e-01
-6.4823e-01
-6.1245e-01
-5.7834e-01
-5.4592e-01
-5.1519e-01
-4.8611e-01
-4.5865e-01
-4.3274e-01
-4.0832e-01
-3.8532e-01
-3.6369e-01
3.8227e-02
1.7982e-02
-3.4522e-02
-1.3097e-01
-2.5465e-01
-3.8330e-01
-5.0086e-01
-5.9902e-01
-6.7509e-01
-7.2967e-01
-7.6503e-01
-7.8404e-01
-7.8967e-01
-7.8470e-01
-7.7154e-01
-7.5227e-01
-7.2857e-01
-7.0182e-01
-6.7310e-01
-6.4326e-01
-6.1296e-01
-5.8271e-01
-5.5288e-01
-5.2376e-01
-4.9554e-01
-4.6838e-01
-4.4235e-01
-4.1752e-01
-3.9391e-01
-3.7152e-01
-3.5032e-01
-3.3030e-01
-3.1142e-01
-2.9364e-01
-2.7689e-01
-2.6115e-01
