2.70000000e+02
5.00000000e+01
4.02859840e+01
3.73592490e+01
3.52264260e+01
3.37413490e+01
3.26191460e+01
3.17261440e+01
3.09918900e+01
3.03745870e+01
2.98471850e+01
2.93910080e+01
2.88896680e+01
2.84013850e+01
2.79624260e+01
2.75680320e+01
2.72125690e+01
2.68910000e+01
2.65990160e+01
2.63329650e+01
2.60897490e+01
2.58667380e+01
2.56616820e+01
2.54726550e+01
2.52979940e+01
2.51362580e+01
2.49861950e+01
2.48467060e+01
2.47168290e+01
2.45957130e+01
2.44826060e+01
2.43768370e+01
2.42778070e+01
2.41849820e+01
2.40978790e+01
2.40160640e+01
2.39391430e+01
2.70000000e+02
1.50000000e+02
1.50000000e+02
1.50000000e+02
1.41433517e+02
1.34846889e+02
1.28814039e+02
1.23522957e+02
1.18917034e+02
1.14901189e+02
1.11384620e+02
1.08290050e+02
1.05546273e+02
1.03084291e+02
1.00869591e+02
9.88754220e+01
9.70769270e+01
9.54517780e+01
9.39803040e+01
9.26453000e+01
9.14317410e+01
9.03264950e+01
8.93180630e+01
8.83963560e+01
8.75524970e+01
8.67786600e+01
8.60679280e+01
8.54141720e+01
8.48119520e+01
8.42564280e+01
8.37432860e+01
8.32686700e+01
8.28291340e+01
8.24215860e+01
8.20432500e+01
8.16916280e+01
8.13644720e+01
2.70000000e+02
2.50000000e+02
2.46032964e+02
2.41490940e+02
2.36738058e+02
2.31490006e+02
2.25926507e+02
2.20458610e+02
2.15280229e+02
2.10467473e+02
2.06039382e+02
2.01987501e+02
1.98290574e+02
1.94921258e+02
1.91849831e+02
1.89047967e+02
1.86490017e+02
1.84152873e+02
1.82015669e+02
1.80059550e+02
1.78267486e+02
1.76624105e+02
1.75115543e+02
1.73729304e+02
1.72454126e+02
1.71279863e+02
1.70197372e+02
1.69198411e+02
1.68275549e+02
1.67422081e+02
1.66631955e+02
1.65899705e+02
1.65220389e+02
1.64589537e+02
1.64003102e+02
1.63457417e+02
1.62949157e+02
2.69618893e+02
2.69633855e+02
2.69421507e+02
2.68942875e+02
2.68125549e+02
2.66963068e+02
2.65510458e+02
2.63848061e+02
2.62057117e+02
2.60206297e+02
2.58347954e+02
2.56519421e+02
2.54745937e+02
2.53043633e+02
2.51421932e+02
2.49885462e+02
2.48435525e+02
2.47071216e+02
2.45790199e+02
2.44589249e+02
2.43464607e+02
2.42412230e+02
2.41427964e+02
2.40507654e+02
2.39647230e+02
2.38842761e+02
2.38090485e+02
2.37386834e+02
2.36728442e+02
2.36112149e+02
2.35535002e+02
2.34994246e+02
2.34487318e+02
2.34011838e+02
2.33565600e+02
2.33146559e+02
2.32752825e+02
2.67923443e+02
2.67927738e+02
2.67916289e+02
2.67868864e+02
2.67772588e+02
2.67619978e+02
2.67414096e+02
2.67165370e+02
2.66886860e+02
2.66591002e+02
2.66288038e+02
2.65985684e+02
2.65689401e+02
2.65402853e+02
2.65128342e+02
2.64867180e+02
2.64619966e+02
2.64386816e+02
2.64167521e+02
2.63961662e+02
2.63768693e+02
2.63587991e+02
2.63418894e+02
2.63260725e+02
2.63112814e+02
2.62974503e+02
2.62845160e+02
2.62724181e+02
2.62610994e+02
2.62505060e+02
2.62405873e+02
2.62312960e+02
2.62225881e+02
2.62144226e+02
2.62067615e+02
2.61995694e+02
2.61928138e+02
2.71833040e+02
2.70979720e+02
2.67680759e+02
2.62804315e+02
2.57354930e+02
2.51833968e+02
2.46482038e+02
2.41413829e+02
2.36677219e+02
2.32283508e+02
2.28224222e+02
2.24480739e+02
2.21029756e+02
2.17845765e+02
2.14903348e+02
2.12179181e+02
2.09652291e+02
2.07303919e+02
2.05117354e+02
2.03077758e+02
2.01171972e+02
1.99388331e+02
1.97716487e+02
1.96147244e+02
1.94672413e+02
1.93284678e+02
1.91977488e+02
1.90744952e+02
1.89581759e+02
1.88483101e+02
1.87444611e+02
1.86462313e+02
1.85532570e+02
1.84652050e+02
1.83817689e+02
1.83026661e+02
1.82276357e+02
2.71734486e+02
2.70598814e+02
2.66834665e+02
2.61902124e+02
2.56819108e+02
2.51914731e+02
2.47284227e+02
2.42952323e+02
2.38918275e+02
2.35170226e+02
2.31691149e+02
2.28461893e+02
2.25462777e+02
2.22673728e+02
2.20075729e+02
2.17652066e+02
2.15387926e+02
2.13270026e+02
2.11286415e+02
2.09426341e+02
2.07680126e+02
2.06039046e+02
2.04495231e+02
2.03041563e+02
2.01671592e+02
2.00379460e+02
1.99159833e+02
1.98007840e+02
1.96919025e+02
1.95889299e+02
1.94914904e+02
1.93992375e+02
1.93118514e+02
1.92290362e+02
1.91505175e+02
1.90760408e+02
1.90053690e+02
2.71246644e+02
2.71247783e+02
2.71105903e+02
2.70605443e+02
2.69680342e+02
2.68393758e+02
2.66841960e+02
2.65111192e+02
2.63269264e+02
2.61367598e+02
2.59444797e+02
2.57529679e+02
2.55643546e+02
2.53801861e+02
2.52015464e+02
2.50291593e+02
2.48634778e+02
2.47047518e+02
2.45530781e+02
2.44084387e+02
2.42707301e+02
2.41397868e+02
2.40153991e+02
2.38973282e+02
2.37853160e+02
2.36790948e+02
2.35783926e+02
2.34829385e+02
2.33924657e+02
2.33067147e+02
2.32254342e+02
2.31483829e+02
2.30753300e+02
2.30060553e+02
2.29403498e+02
2.28780153e+02
2.28188643e+02
2.71134034e+02
2.71159851e+02
2.71163720e+02
2.71051974e+02
2.70741433e+02
2.70201690e+02
2.69447125e+02
2.68513248e+02
2.67440896e+02
2.66268847e+02
2.65031044e+02
2.63755871e+02
2.62466332e+02
2.61180587e+02
2.59912587e+02
2.58672737e+02
2.57468541e+02
2.56305186e+02
2.55186047e+02
2.54113084e+02
2.53087175e+02
2.52108373e+02
2.51176115e+02
2.50289391e+02
2.49446866e+02
2.48646985e+02
2.47888052e+02
2.47168288e+02
2.46485880e+02
2.45839008e+02
2.45225880e+02
2.44644743e+02
2.44093899e+02
2.43571716e+02
2.43076628e+02
2.42607142e+02
2.42161840e+02
2.71074940e+02
2.71122331e+02
2.71151377e+02
2.71131621e+02
2.71027367e+02
2.70815318e+02
2.70491584e+02
2.70066681e+02
2.69558429e+02
2.68986763e+02
2.68370761e+02
2.67727220e+02
2.67070164e+02
2.66410864e+02
2.65758069e+02
2.65118358e+02
2.64496507e+02
2.63895835e+02
2.63318516e+02
2.62765838e+02
2.62238408e+02
2.61736325e+02
2.61259311e+02
2.60806810e+02
2.60378074e+02
2.59972224e+02
2.59588296e+02
2.59225279e+02
2.58882144e+02
2.58557862e+02
2.58251418e+02
2.57961828e+02
2.57688140e+02
2.57429440e+02
2.57184858e+02
2.56953567e+02
2.56734785e+02
