2.70000000e+02
5.00000000e+01
4.01398960e+01
3.72015660e+01
3.50884900e+01
3.36202660e+01
3.25129130e+01
3.16333830e+01
3.09114440e+01
3.03054480e+01
2.97884840e+01
2.93420120e+01
2.88324470e+01
2.83547340e+01
2.79267240e+01
2.75430980e+01
2.71981460e+01
2.68868350e+01
2.66048750e+01
2.63486340e+01
2.61150330e+01
2.59014520e+01
2.57056530e+01
2.55257130e+01
2.53599740e+01
2.52069950e+01
2.50655250e+01
2.49344650e+01
2.48128510e+01
2.46998330e+01
2.45946540e+01
2.44966440e+01
2.44052040e+01
2.43197970e+01
2.42399410e+01
2.41652000e+01
2.40951830e+01
2.70000000e+02
1.50000000e+02
1.50000000e+02
1.50000000e+02
1.41382601e+02
1.34806307e+02
1.28788709e+02
1.23511656e+02
1.18917793e+02
1.14912091e+02
1.11404043e+02
1.08316763e+02
1.05576679e+02
1.03118210e+02
1.00908520e+02
9.89205590e+01
9.71293420e+01
9.55125270e+01
9.40504640e+01
9.27259620e+01
9.15239940e+01
9.04314070e+01
8.94366620e+01
8.85296110e+01
8.77013120e+01
8.69438620e+01
8.62502620e+01
8.56142990e+01
8.50304490e+01
8.44937890e+01
8.39999220e+01
8.35449180e+01
8.31252530e+01
8.27377670e+01
8.23796170e+01
8.20482480e+01
8.17413530e+01
2.70000000e+02
2.50000000e+02
2.46136558e+02
2.41631162e+02
2.36884040e+02
2.31631486e+02
2.26058931e+02
2.20580864e+02
2.15392754e+02
2.10571313e+02
2.06135990e+02
2.02078722e+02
1.98378578e+02
1.95008329e+02
1.91938516e+02
1.89141138e+02
1.86590731e+02
1.84264232e+02
1.82140718e+02
1.80201214e+02
1.78428526e+02
1.76807094e+02
1.75322847e+02
1.73963077e+02
1.72716306e+02
1.71572174e+02
1.70521330e+02
1.69555332e+02
1.68666556e+02
1.67848118e+02
1.67093793e+02
1.66397956e+02
1.65755517e+02
1.65161867e+02
1.64612834e+02
1.64104634e+02
1.63633835e+02
2.70192019e+02
2.70100658e+02
2.69819631e+02
2.69298622e+02
2.68459407e+02
2.67290790e+02
2.65843769e+02
2.64195821e+02
2.62426333e+02
2.60602836e+02
2.58776947e+02
2.56985450e+02
2.55253116e+02
2.53595613e+02
2.52021919e+02
2.50536229e+02
2.49139445e+02
2.47830289e+02
2.46606089e+02
2.45463303e+02
2.44397889e+02
2.43405546e+02
2.42481882e+02
2.41622533e+02
2.40823239e+02
2.40079897e+02
2.39388589e+02
2.38745610e+02
2.38147468e+02
2.37590893e+02
2.37072828e+02
2.36590430e+02
2.36141055e+02
2.35722255e+02
2.35331760e+02
2.34967472e+02
2.34627454e+02
2.68057996e+02
2.68053051e+02
2.68025751e+02
2.67962861e+02
2.67850392e+02
2.67679488e+02
2.67452877e+02
2.67181443e+02
2.66879073e+02
2.66559079e+02
2.66232464e+02
2.65907517e+02
2.65590092e+02
2.65284090e+02
2.64991933e+02
2.64714963e+02
2.64453752e+02
2.64208348e+02
2.63978453e+02
2.63763547e+02
2.63562976e+02
2.63376004e+02
2.63201862e+02
2.63039769e+02
2.62888952e+02
2.62748659e+02
2.62618169e+02
2.62496792e+02
2.62383879e+02
2.62278818e+02
2.62181036e+02
2.62089998e+02
2.62005207e+02
2.61926201e+02
2.61852550e+02
2.61783859e+02
2.61719761e+02
2.71728514e+02
2.70837705e+02
2.67432388e+02
2.62571204e+02
2.57241760e+02
2.51897945e+02
2.46750244e+02
2.41896400e+02
2.37374913e+02
2.33191985e+02
2.29336506e+02
2.25788638e+02
2.22524607e+02
2.19518787e+02
2.16746211e+02
2.14184188e+02
2.11812342e+02
2.09612452e+02
2.07568286e+02
2.05665430e+02
2.03891099e+02
2.02233958e+02
2.00683948e+02
1.99232126e+02
1.97870530e+02
1.96592044e+02
1.95390298e+02
1.94259566e+02
1.93194684e+02
1.92190983e+02
1.91244224e+02
1.90350550e+02
1.89506438e+02
1.88708660e+02
1.87954253e+02
1.87240488e+02
1.86564850e+02
2.71724851e+02
2.70714485e+02
2.67163756e+02
2.62479432e+02
2.57641180e+02
2.52966973e+02
2.48551453e+02
2.44421220e+02
2.40577715e+02
2.37011019e+02
2.33705661e+02
2.30643679e+02
2.27806197e+02
2.25173704e+02
2.22727806e+02
2.20452215e+02
2.18332368e+02
2.16355140e+02
2.14508688e+02
2.12782337e+02
2.11166465e+02
2.09652396e+02
2.08232300e+02
2.06899097e+02
2.05646375e+02
2.04468312e+02
2.03359615e+02
2.02315454e+02
2.01331417e+02
2.00403462e+02
1.99527880e+02
1.98701258e+02
1.97920451e+02
1.97182555e+02
1.96484884e+02
1.95824950e+02
1.95200445e+02
2.71640561e+02
2.71631837e+02
2.71492708e+02
2.71023584e+02
2.70161110e+02
2.68966453e+02
2.67533359e+02
2.65945328e+02
2.64267027e+02
2.62546460e+02
2.60818815e+02
2.59109708e+02
2.57437590e+02
2.55815458e+02
2.54252078e+02
2.52752988e+02
2.51321339e+02
2.49958517e+02
2.48664591e+02
2.47438659e+02
2.46279104e+02
2.45183806e+02
2.44150301e+02
2.43175902e+02
2.42257801e+02
2.41393138e+02
2.40579058e+02
2.39812752e+02
2.39091484e+02
2.38412614e+02
2.37773611e+02
2.37172062e+02
2.36605672e+02
2.36072275e+02
2.35569823e+02
2.35096388e+02
2.34650162e+02
2.71555952e+02
2.71558667e+02
2.71533615e+02
2.71398900e+02
2.71077171e+02
2.70543183e+02
2.69814158e+02
2.68925865e+02
2.67917598e+02
2.66825684e+02
2.65681354e+02
2.64510404e+02
2.63333541e+02
2.62166970e+02
2.61023025e+02
2.59910786e+02
2.58836690e+02
2.57805064e+02
2.56818582e+02
2.55878632e+02
2.54985613e+02
2.54139177e+02
2.53338420e+02
2.52582035e+02
2.51868435e+02
2.51195844e+02
2.50562373e+02
2.49966078e+02
2.49405000e+02
2.48877198e+02
2.48380773e+02
2.47913886e+02
2.47474768e+02
2.47061730e+02
2.46673162e+02
2.46307541e+02
2.45963430e+02
2.71401694e+02
2.71417436e+02
2.71411157e+02
2.71352525e+02
2.71199114e+02
2.70925606e+02
2.70529145e+02
2.70022444e+02
2.69425773e+02
2.68761415e+02
2.68050545e+02
2.67311767e+02
2.66560610e+02
2.65809559e+02
2.65068325e+02
2.64344212e+02
2.63642523e+02
2.62966937e+02
2.62319846e+02
2.61702638e+02
2.61115924e+02
2.60559730e+02
2.60033640e+02
2.59536918e+02
2.59068597e+02
2.58627558e+02
2.58212580e+02
2.57822388e+02
2.57455685e+02
2.57111176e+02
2.56787589e+02
2.56483686e+02
2.56198275e+02
2.55930214e+02
2.55678414e+02
2.55441846e+02
2.55219536e+02
