2.70000000e+02
5.00000000e+01
4.03828490e+01
3.74782820e+01
3.53297720e+01
3.38303880e+01
3.26973000e+01
3.17964530e+01
3.10568970e+01
3.04363420e+01
2.99072780e+01
2.94506290e+01
2.89773070e+01
2.84927530e+01
2.80565330e+01
2.76648370e+01
2.73120880e+01
2.69932100e+01
2.67038500e+01
2.64403180e+01
2.61994960e+01
2.59787370e+01
2.57757860e+01
2.55887130e+01
2.54158590e+01
2.52557850e+01
2.51072440e+01
2.49691440e+01
2.48405290e+01
2.47205530e+01
2.46084720e+01
2.45036190e+01
2.44054040e+01
2.43132950e+01
2.42268170e+01
2.41455390e+01
2.40690740e+01
2.70000000e+02
1.50000000e+02
1.50000000e+02
1.50000000e+02
1.41477388e+02
1.34899679e+02
1.28864154e+02
1.23564050e+02
1.18945956e+02
1.14916806e+02
1.11387116e+02
1.08280464e+02
1.05529427e+02
1.03063828e+02
1.00845898e+02
9.88494670e+01
9.70500370e+01
9.54253590e+01
9.39557080e+01
9.26237550e+01
9.14143230e+01
9.03141210e+01
8.93114920e+01
8.83961970e+01
8.75592210e+01
8.67926130e+01
8.60893450e+01
8.54431890e+01
8.48486210e+01
8.43007290e+01
8.37951350e+01
8.33279350e+01
8.28956370e+01
8.24951160e+01
8.21235670e+01
8.17784740e+01
8.14575710e+01
2.70000000e+02
2.50000000e+02
2.46028989e+02
2.41476610e+02
2.36714933e+02
2.31460599e+02
2.25890147e+02
2.20412747e+02
2.15222782e+02
2.10397548e+02
2.05957341e+02
2.01894755e+02
1.98189332e+02
1.94814467e+02
1.91740776e+02
1.88939780e+02
1.86385555e+02
1.84054704e+02
1.81926063e+02
1.79980474e+02
1.78200599e+02
1.76570772e+02
1.75076847e+02
1.73706068e+02
1.72446938e+02
1.71289098e+02
1.70223219e+02
1.69240900e+02
1.68334569e+02
1.67497407e+02
1.66723265e+02
1.66006596e+02
1.65342397e+02
1.64726146e+02
1.64153761e+02
1.63621547e+02
1.63126160e+02
2.69709916e+02
2.69619863e+02
2.69346983e+02
2.68831582e+02
2.67994674e+02
2.66826203e+02
2.65378357e+02
2.63729101e+02
2.61957721e+02
2.60131322e+02
2.58301013e+02
2.56503160e+02
2.54762243e+02
2.53093790e+02
2.51506750e+02
2.50005366e+02
2.48590617e+02
2.47261312e+02
2.46014871e+02
2.44847864e+02
2.43756363e+02
2.42736189e+02
2.41783078e+02
2.40892798e+02
2.40061219e+02
2.39284371e+02
2.38558470e+02
2.37879939e+02
2.37245417e+02
2.36651758e+02
2.36096028e+02
2.35575499e+02
2.35087641e+02
2.34630111e+02
2.34200740e+02
2.33797526e+02
2.33418619e+02
2.67966071e+02
2.67961167e+02
2.67935414e+02
2.67874726e+02
2.67764761e+02
2.67596707e+02
2.67373329e+02
2.67105431e+02
2.66806733e+02
2.66490348e+02
2.66167085e+02
2.65845080e+02
2.65530076e+02
2.65225907e+02
2.64934964e+02
2.64658586e+02
2.64397355e+02
2.64151340e+02
2.63920267e+02
2.63703642e+02
2.63500840e+02
2.63311158e+02
2.63133858e+02
2.62968190e+02
2.62813416e+02
2.62668815e+02
2.62533698e+02
2.62407407e+02
2.62289325e+02
2.62178867e+02
2.62075491e+02
2.61978688e+02
2.61887987e+02
2.61802952e+02
2.61723176e+02
2.61648286e+02
2.61577934e+02
2.70008586e+02
2.69129214e+02
2.65602942e+02
2.60545410e+02
2.55001010e+02
2.49448430e+02
2.44107418e+02
2.39077718e+02
2.34396498e+02
2.30067420e+02
2.26076687e+02
2.22402091e+02
2.19018062e+02
2.15897799e+02
2.13015034e+02
2.10346057e+02
2.07869856e+02
2.05567814e+02
2.03423462e+02
2.01422244e+02
1.99551295e+02
1.97799238e+02
1.96155993e+02
1.94612611e+02
1.93161124e+02
1.91794420e+02
1.90506125e+02
1.89290511e+02
1.88142410e+02
1.87057147e+02
1.86030474e+02
1.85058524e+02
1.84137759e+02
1.83264942e+02
1.82437094e+02
1.81651473e+02
1.80905545e+02
2.70093229e+02
2.69096365e+02
2.65435316e+02
2.60589460e+02
2.55582338e+02
2.50744758e+02
2.46174554e+02
2.41898235e+02
2.37915924e+02
2.34216124e+02
2.30781968e+02
2.27594402e+02
2.24633913e+02
2.21880770e+02
2.19315990e+02
2.16922886e+02
2.14686763e+02
2.12594492e+02
2.10634281e+02
2.08795532e+02
2.07068707e+02
2.05445213e+02
2.03917295e+02
2.02477943e+02
2.01120802e+02
1.99840100e+02
1.98630582e+02
1.97487453e+02
1.96406322e+02
1.95383168e+02
1.94414291e+02
1.93496286e+02
1.92626012e+02
1.91800564e+02
1.91017250e+02
1.90273577e+02
1.89567226e+02
2.70450578e+02
2.70485016e+02
2.70388089e+02
2.69949556e+02
2.69097275e+02
2.67886562e+02
2.66409343e+02
2.64750373e+02
2.62977292e+02
2.61141751e+02
2.59282615e+02
2.57428877e+02
2.55601937e+02
2.53817293e+02
2.52085806e+02
2.50414705e+02
2.48808486e+02
2.47269610e+02
2.45799016e+02
2.44396510e+02
2.43061057e+02
2.41791015e+02
2.40584317e+02
2.39438612e+02
2.38351369e+02
2.37319965e+02
2.36341744e+02
2.35414063e+02
2.34534326e+02
2.33700009e+02
2.32908677e+02
2.32157992e+02
2.31445723e+02
2.30769746e+02
2.30128046e+02
2.29518717e+02
2.28939956e+02
2.70707346e+02
2.70737275e+02
2.70756912e+02
2.70685104e+02
2.70440631e+02
2.69983093e+02
2.69316220e+02
2.68468864e+02
2.67478742e+02
2.66383601e+02
2.65217356e+02
2.64008787e+02
2.62781414e+02
2.61553900e+02
2.60340656e+02
2.59152471e+02
2.57997153e+02
2.56880123e+02
2.55804930e+02
2.54773668e+02
2.53787320e+02
2.52846026e+02
2.51949298e+02
2.51096192e+02
2.50285438e+02
2.49515542e+02
2.48784868e+02
2.48091699e+02
2.47434279e+02
2.46810852e+02
2.46219685e+02
2.45659088e+02
2.45127424e+02
2.44623121e+02
2.44144675e+02
2.43690653e+02
2.43259694e+02
2.70995009e+02
2.71021999e+02
2.71029996e+02
2.70983738e+02
2.70838621e+02
2.70568389e+02
2.70170272e+02
2.69657750e+02
2.69052160e+02
2.68376856e+02
2.67653908e+02
2.66902562e+02
2.66138734e+02
2.65375086e+02
2.64621344e+02
2.63884727e+02
2.63170384e+02
2.62481815e+02
2.61821230e+02
2.61189850e+02
2.60588152e+02
2.60016057e+02
2.59473080e+02
2.58958448e+02
2.58471187e+02
2.58010196e+02
2.57574292e+02
2.57162256e+02
2.56772858e+02
2.56404880e+02
2.56057134e+02
2.55728469e+02
2.55417779e+02
2.55124011e+02
2.54846161e+02
2.54583283e+02
2.54334481e+02
