-2.2000e+02
-9.5365e+00
-2.8633e+00
-2.1432e+00
-1.4975e+00
-1.1317e+00
-8.9974e-01
-7.3864e-01
-6.1974e-01
-5.2827e-01
-4.5579e-01
-4.2553e-01
-4.7659e-01
-4.3258e-01
-3.8856e-01
-3.4962e-01
-3.1560e-01
-2.8589e-01
-2.5987e-01
-2.3698e-01
-2.1675e-01
-1.9880e-01
-1.8281e-01
-1.6850e-01
-1.5566e-01
-1.4408e-01
-1.3361e-01
-1.2411e-01
-1.1548e-01
-1.0760e-01
-1.0040e-01
-9.3797e-02
-8.7733e-02
-8.2154e-02
-7.7010e-02
-7.2258e-02
-1.2000e+02
0.0000e+00
0.0000e+00
-8.4279e+00
-6.5146e+00
-5.9813e+00
-5.2525e+00
-4.5741e+00
-3.9876e+00
-3.4900e+00
-3.0687e+00
-2.7112e+00
-2.4215e+00
-2.1782e+00
-1.9604e+00
-1.7662e+00
-1.5936e+00
-1.4404e+00
-1.3043e+00
-1.1832e+00
-1.0752e+00
-9.7875e-01
-8.9244e-01
-8.1504e-01
-7.4551e-01
-6.8292e-01
-6.2649e-01
-5.7552e-01
-5.2941e-01
-4.8763e-01
-4.4971e-01
-4.1525e-01
-3.8388e-01
-3.5528e-01
-3.2918e-01
-3.0533e-01
-2.0000e+01
-3.8795e+00
-4.4214e+00
-4.6201e+00
-5.1026e+00
-5.4216e+00
-5.3358e+00
-5.0549e+00
-4.6967e+00
-4.3185e+00
-3.9481e+00
-3.5982e+00
-3.2745e+00
-2.9795e+00
-2.7128e+00
-2.4720e+00
-2.2543e+00
-2.0573e+00
-1.8790e+00
-1.7176e+00
-1.5715e+00
-1.4391e+00
-1.3191e+00
-1.2102e+00
-1.1114e+00
-1.0217e+00
-9.4013e-01
-8.6592e-01
-7.9836e-01
-7.3678e-01
-6.8060e-01
-6.2932e-01
-5.8244e-01
-5.3957e-01
-5.0031e-01
-4.6433e-01
-1.8320e-02
-2.4632e-01
-5.0844e-01
-8.4776e-01
-1.1924e+00
-1.4797e+00
-1.6839e+00
-1.8048e+00
-1.8563e+00
-1.8555e+00
-1.8180e+00
-1.7560e+00
-1.6788e+00
-1.5930e+00
-1.5033e+00
-1.4131e+00
-1.3244e+00
-1.2387e+00
-1.1568e+00
-1.0790e+00
-1.0057e+00
-9.3688e-01
-8.7246e-01
-8.1234e-01
-7.5634e-01
-7.0427e-01
-6.5590e-01
-6.1102e-01
-5.6940e-01
-5.3082e-01
-4.9506e-01
-4.6194e-01
-4.3125e-01
-4.0281e-01
-3.7646e-01
-3.5203e-01
2.2590e-03
-1.5872e-02
-5.1824e-02
-1.0064e-01
-1.5707e-01
-2.1013e-01
-2.5233e-01
-2.8110e-01
-2.9719e-01
-3.0296e-01
-3.0106e-01
-2.9380e-01
-2.8301e-01
-2.7005e-01
-2.5592e-01
-2.4130e-01
-2.2669e-01
-2.1239e-01
-1.9861e-01
-1.8545e-01
-1.7298e-01
-1.6123e-01
-1.5021e-01
-1.3990e-01
-1.3028e-01
-1.2132e-01
-1.1299e-01
-1.0526e-01
-9.8079e-02
-9.1420e-02
-8.5248e-02
-7.9528e-02
-7.4227e-02
-6.9315e-02
-6.4762e-02
-6.0542e-02
-1.0107e+00
-3.6711e+00
-5.1781e+00
-5.6302e+00
-5.6065e+00
-5.3703e+00
-5.0407e+00
-4.6781e+00
-4.3144e+00
-3.9665e+00
-3.6420e+00
-3.3443e+00
-3.0740e+00
-2.8309e+00
-2.6127e+00
-2.4165e+00
-2.2398e+00
-2.0802e+00
-1.9358e+00
-1.8047e+00
-1.6855e+00
-1.5768e+00
-1.4772e+00
-1.3860e+00
-1.3020e+00
-1.2246e+00
-1.1530e+00
-1.0867e+00
-1.0251e+00
-9.6782e-01
-9.1446e-01
-8.6466e-01
-8.1811e-01
-7.7454e-01
-7.3371e-01
-6.9540e-01
-1.1677e+00
-3.8589e+00
-5.0020e+00
-5.1177e+00
-4.9134e+00
-4.6193e+00
-4.3036e+00
-3.9910e+00
-3.6924e+00
-3.4129e+00
-3.1545e+00
-2.9175e+00
-2.7014e+00
-2.5060e+00
-2.3288e+00
-2.1677e+00
-2.0208e+00
-1.8865e+00
-1.7635e+00
-1.6508e+00
-1.5471e+00
-1.4516e+00
-1.3635e+00
-1.2819e+00
-1.2064e+00
-1.1363e+00
-1.0712e+00
-1.0105e+00
-9.5398e-01
-9.0118e-01
-8.5184e-01
-8.0566e-01
-7.6240e-01
-7.2184e-01
-6.8378e-01
-6.4802e-01
-8.1710e-03
-1.4335e-01
-4.9698e-01
-9.1268e-01
-1.2588e+00
-1.5042e+00
-1.6618e+00
-1.7521e+00
-1.7929e+00
-1.7978e+00
-1.7766e+00
-1.7368e+00
-1.6841e+00
-1.6225e+00
-1.5556e+00
-1.4857e+00
-1.4146e+00
-1.3436e+00
-1.2738e+00
-1.2056e+00
-1.1398e+00
-1.0764e+00
-1.0159e+00
-9.5827e-01
-9.0355e-01
-8.5175e-01
-8.0281e-01
-7.5665e-01
-7.1317e-01
-6.7226e-01
-6.3380e-01
-5.9767e-01
-5.6374e-01
-5.3188e-01
-5.0197e-01
-4.7391e-01
2.4102e-02
1.0149e-02
-1.0558e-01
-3.0421e-01
-5.2910e-01
-7.3580e-01
-9.0494e-01
-1.0328e+00
-1.1226e+00
-1.1796e+00
-1.2096e+00
-1.2178e+00
-1.2091e+00
-1.1874e+00
-1.1561e+00
-1.1180e+00
-1.0752e+00
-1.0296e+00
-9.8248e-01
-9.3481e-01
-8.8739e-01
-8.4081e-01
-7.9548e-01
-7.5171e-01
-7.0969e-01
-6.6954e-01
-6.3133e-01
-5.9508e-01
-5.6078e-01
-5.2838e-01
-4.9784e-01
-4.6909e-01
-4.4204e-01
-4.1663e-01
-3.9276e-01
-3.7036e-01
1.1634e-01
4.7982e-02
-2.4914e-02
-1.3482e-01
-2.6763e-01
-4.0153e-01
-5.2109e-01
-6.1882e-01
-6.9284e-01
-7.4438e-01
-7.7619e-01
-7.9151e-01
-7.9351e-01
-7.8510e-01
-7.6881e-01
-7.4672e-01
-7.2057e-01
-6.9172e-01
-6.6123e-01
-6.2996e-01
-5.9851e-01
-5.6737e-01
-5.3689e-01
-5.0732e-01
-4.7884e-01
-4.5156e-01
-4.2555e-01
-4.0084e-01
-3.7743e-01
-3.5532e-01
-3.3447e-01
-3.1483e-01
-2.9638e-01
-2.7904e-01
-2.6277e-01
-2.4750e-01
