2.69608907e+02
5.01860464e+01
3.98425843e+01
3.68167933e+01
3.57407007e+01
3.38155470e+01
3.27778511e+01
3.18166595e+01
3.08604893e+01
3.07597299e+01
2.94083083e+01
2.96463438e+01
2.91787224e+01
2.83842622e+01
2.80593324e+01
2.78522252e+01
2.73644966e+01
2.67562663e+01
2.67145510e+01
2.66038683e+01
2.62084307e+01
2.60857530e+01
2.57767090e+01
2.53334390e+01
2.53207340e+01
2.54067409e+01
2.51990829e+01
2.49189938e+01
2.48280717e+01
2.46376104e+01
2.48458129e+01
2.49702657e+01
2.46381386e+01
2.41133847e+01
2.42882456e+01
2.44765795e+01
2.46168250e+01
2.69942778e+02
1.49824539e+02
1.49634990e+02
1.50149591e+02
1.41697372e+02
1.35000229e+02
1.28774216e+02
1.23556525e+02
1.19006981e+02
1.15246907e+02
1.11504345e+02
1.08293994e+02
1.05940947e+02
1.03111978e+02
1.01378943e+02
9.94788458e+01
9.75870119e+01
9.59480236e+01
9.43280200e+01
9.30293376e+01
9.19778263e+01
9.11095728e+01
8.98534687e+01
8.87639940e+01
8.80164889e+01
8.73893871e+01
8.65197786e+01
8.61167284e+01
8.53355218e+01
8.46558887e+01
8.42589233e+01
8.40262455e+01
8.33283557e+01
8.27178716e+01
8.27823654e+01
8.22118919e+01
8.22283145e+01
2.70165410e+02
2.49879507e+02
2.46264092e+02
2.41692247e+02
2.37208599e+02
2.31963268e+02
2.26196055e+02
2.20707771e+02
2.15515768e+02
2.10861700e+02
2.06391291e+02
2.02457668e+02
1.98559795e+02
1.95326803e+02
1.92128763e+02
1.89654266e+02
1.87119142e+02
1.84869309e+02
1.82469390e+02
1.80827624e+02
1.78926485e+02
1.77445242e+02
1.76000911e+02
1.74474967e+02
1.73400715e+02
1.71914357e+02
1.71469406e+02
1.70368388e+02
1.69373776e+02
1.68600319e+02
1.68059265e+02
1.67236886e+02
1.66536908e+02
1.66269606e+02
1.65156712e+02
1.64873182e+02
1.64479148e+02
2.70699667e+02
2.70083847e+02
2.70202925e+02
2.69459807e+02
2.68622972e+02
2.67583788e+02
2.65770359e+02
2.64086288e+02
2.62359462e+02
2.60383032e+02
2.59059460e+02
2.57130796e+02
2.55652509e+02
2.53687776e+02
2.52016943e+02
2.50684663e+02
2.49155471e+02
2.47935134e+02
2.46726336e+02
2.45922378e+02
2.44866163e+02
2.43700270e+02
2.42528590e+02
2.41857789e+02
2.40945883e+02
2.40614134e+02
2.39520007e+02
2.39169440e+02
2.38451581e+02
2.37769285e+02
2.37628247e+02
2.37064836e+02
2.36448134e+02
2.36108686e+02
2.35503865e+02
2.35243592e+02
2.34381123e+02
2.67745322e+02
2.68234305e+02
2.67680235e+02
2.67694733e+02
2.67733188e+02
2.67734782e+02
2.67779793e+02
2.67121905e+02
2.66760302e+02
2.66970680e+02
2.66508670e+02
2.66095457e+02
2.65649722e+02
2.65294108e+02
2.65666218e+02
2.65244972e+02
2.64869289e+02
2.64650591e+02
2.64421670e+02
2.64186354e+02
2.64062275e+02
2.63952918e+02
2.63670707e+02
2.63196344e+02
2.63553256e+02
2.63260147e+02
2.63080967e+02
2.62784026e+02
2.62978185e+02
2.62798704e+02
2.62355995e+02
2.62525351e+02
2.62231062e+02
2.62531817e+02
2.62400681e+02
2.62046244e+02
2.62239868e+02
2.72453605e+02
2.71764742e+02
2.68182019e+02
2.63994863e+02
2.58436914e+02
2.53172149e+02
2.48405941e+02
2.43086631e+02
2.38776057e+02
2.34269610e+02
2.30066859e+02
2.26764296e+02
2.23343444e+02
2.19835782e+02
2.16955688e+02
2.14821554e+02
2.12420971e+02
2.10344598e+02
2.08209777e+02
2.05934734e+02
2.04408378e+02
2.02672619e+02
2.01251491e+02
1.99590333e+02
1.98237078e+02
1.96674040e+02
1.95903490e+02
1.94835608e+02
1.93649861e+02
1.91964430e+02
1.91283584e+02
1.90792486e+02
1.89782149e+02
1.88922339e+02
1.88063124e+02
1.87628308e+02
1.86856981e+02
2.71994122e+02
2.71456145e+02
2.67554527e+02
2.62717402e+02
2.58316004e+02
2.53102417e+02
2.48810384e+02
2.44585649e+02
2.40538591e+02
2.37211088e+02
2.33940201e+02
2.30249817e+02
2.27767722e+02
2.25104399e+02
2.22630211e+02
2.20505719e+02
2.18091839e+02
2.16173312e+02
2.14218928e+02
2.13147026e+02
2.11373383e+02
2.09498546e+02
2.07770894e+02
2.06739804e+02
2.05505319e+02
2.03803190e+02
2.03185803e+02
2.02075001e+02
2.01023849e+02
1.99993114e+02
1.99384555e+02
1.98287867e+02
1.97873431e+02
1.96949769e+02
1.96475513e+02
1.95610844e+02
1.95159687e+02
2.71996534e+02
2.72245699e+02
2.72026215e+02
2.71589466e+02
2.70635266e+02
2.69106829e+02
2.67511317e+02
2.65967492e+02
2.64182513e+02
2.62703083e+02
2.60893101e+02
2.59041733e+02
2.57591064e+02
2.55955373e+02
2.54301383e+02
2.53072611e+02
2.51225774e+02
2.49699619e+02
2.48406700e+02
2.47429097e+02
2.46536827e+02
2.45355380e+02
2.44019599e+02
2.43043713e+02
2.42125712e+02
2.41321505e+02
2.39988596e+02
2.39771048e+02
2.38824370e+02
2.37995603e+02
2.37678528e+02
2.36976457e+02
2.36566948e+02
2.36323488e+02
2.35070911e+02
2.35062628e+02
2.34413538e+02
2.71688964e+02
2.71853420e+02
2.71960380e+02
2.71752603e+02
2.71550882e+02
2.70881815e+02
2.70255955e+02
2.69100192e+02
2.68224679e+02
2.67573506e+02
2.66478316e+02
2.65153945e+02
2.63902896e+02
2.62457299e+02
2.61732775e+02
2.60778890e+02
2.59335190e+02
2.58058165e+02
2.57536766e+02
2.56821669e+02
2.55539492e+02
2.55000195e+02
2.54070185e+02
2.53330370e+02
2.52387479e+02
2.51858493e+02
2.51424404e+02
2.50970913e+02
2.50058846e+02
2.49522980e+02
2.49089549e+02
2.48992899e+02
2.48275079e+02
2.47667967e+02
2.47322248e+02
2.46866929e+02
2.47025743e+02
2.72022927e+02
2.71754689e+02
2.71481590e+02
2.71373434e+02
2.71299587e+02
2.71106562e+02
2.70566673e+02
2.70468184e+02
2.69190124e+02
2.68750346e+02
2.67887522e+02
2.67273748e+02
2.66290417e+02
2.65689791e+02
2.64734029e+02
2.63753537e+02
2.63131553e+02
2.62938261e+02
2.61827365e+02
2.61191367e+02
2.61048565e+02
2.60131644e+02
2.59464342e+02
2.59358767e+02
2.58359723e+02
2.58039428e+02
2.57621001e+02
2.56957867e+02
2.57290373e+02
2.56134013e+02
2.56170940e+02
2.56043898e+02
2.55457201e+02
2.55177528e+02
2.55056564e+02
2.54984536e+02
2.54387513e+02
