-2.2000e+02
-9.8447e+00
-2.9244e+00
-2.1140e+00
-1.4734e+00
-1.1144e+00
-8.8709e-01
-7.2922e-01
-6.1263e-01
-5.2283e-01
-4.5159e-01
-5.2364e-01
-4.8361e-01
-4.3290e-01
-3.8784e-01
-3.4863e-01
-3.1453e-01
-2.8480e-01
-2.5874e-01
-2.3580e-01
-2.1551e-01
-1.9749e-01
-1.8141e-01
-1.6701e-01
-1.5407e-01
-1.4240e-01
-1.3183e-01
-1.2224e-01
-1.1352e-01
-1.0557e-01
-9.8294e-02
-9.1630e-02
-8.5515e-02
-7.9891e-02
-7.4710e-02
-6.9931e-02
-1.2000e+02
0.0000e+00
0.0000e+00
-8.5210e+00
-6.5040e+00
-5.9669e+00
-5.2443e+00
-4.5726e+00
-3.9921e+00
-3.4996e+00
-3.0824e+00
-2.7390e+00
-2.4595e+00
-2.2116e+00
-1.9905e+00
-1.7942e+00
-1.6202e+00
-1.4657e+00
-1.3283e+00
-1.2059e+00
-1.0966e+00
-9.9885e-01
-9.1118e-01
-8.3243e-01
-7.6156e-01
-6.9766e-01
-6.3995e-01
-5.8774e-01
-5.4044e-01
-4.9752e-01
-4.5852e-01
-4.2304e-01
-3.9070e-01
-3.6120e-01
-3.3426e-01
-3.0962e-01
-2.0000e+01
-3.6863e+00
-4.4144e+00
-4.6926e+00
-5.1999e+00
-5.5270e+00
-5.4417e+00
-5.1585e+00
-4.7974e+00
-4.4159e+00
-4.0419e+00
-3.6883e+00
-3.3616e+00
-3.0639e+00
-2.7939e+00
-2.5489e+00
-2.3267e+00
-2.1252e+00
-1.9424e+00
-1.7766e+00
-1.6262e+00
-1.4897e+00
-1.3658e+00
-1.2532e+00
-1.1508e+00
-1.0577e+00
-9.7302e-01
-8.9583e-01
-8.2546e-01
-7.6125e-01
-7.0263e-01
-6.4905e-01
-6.0004e-01
-5.5519e-01
-5.1409e-01
-4.7642e-01
-1.7563e-01
-3.5134e-01
-5.7953e-01
-8.8594e-01
-1.2033e+00
-1.4711e+00
-1.6639e+00
-1.7801e+00
-1.8310e+00
-1.8320e+00
-1.7973e+00
-1.7385e+00
-1.6644e+00
-1.5816e+00
-1.4945e+00
-1.4066e+00
-1.3198e+00
-1.2355e+00
-1.1546e+00
-1.0775e+00
-1.0047e+00
-9.3605e-01
-8.7168e-01
-8.1146e-01
-7.5525e-01
-7.0288e-01
-6.5417e-01
-6.0889e-01
-5.6686e-01
-5.2785e-01
-4.9168e-01
-4.5814e-01
-4.2705e-01
-3.9823e-01
-3.7152e-01
-3.4677e-01
-1.1189e-02
-3.6525e-02
-6.7833e-02
-1.1109e-01
-1.6242e-01
-2.1149e-01
-2.5104e-01
-2.7835e-01
-2.9389e-01
-2.9967e-01
-2.9808e-01
-2.9126e-01
-2.8095e-01
-2.6847e-01
-2.5476e-01
-2.4052e-01
-2.2622e-01
-2.1216e-01
-1.9855e-01
-1.8551e-01
-1.7312e-01
-1.6140e-01
-1.5038e-01
-1.4005e-01
-1.3038e-01
-1.2136e-01
-1.1297e-01
-1.0515e-01
-9.7892e-02
-9.1151e-02
-8.4895e-02
-7.9094e-02
-7.3715e-02
-6.8727e-02
-6.4105e-02
-5.9819e-02
-7.7289e-01
-3.0757e+00
-4.6223e+00
-5.2310e+00
-5.3526e+00
-5.2275e+00
-4.9765e+00
-4.6668e+00
-4.3372e+00
-4.0099e+00
-3.6970e+00
-3.4045e+00
-3.1359e+00
-2.8915e+00
-2.6698e+00
-2.4688e+00
-2.2866e+00
-2.1213e+00
-1.9711e+00
-1.8345e+00
-1.7099e+00
-1.5961e+00
-1.4918e+00
-1.3962e+00
-1.3082e+00
-1.2271e+00
-1.1523e+00
-1.0830e+00
-1.0189e+00
-9.5931e-01
-9.0395e-01
-8.5241e-01
-8.0437e-01
-7.5955e-01
-7.1768e-01
-6.7853e-01
-1.0925e+00
-3.6500e+00
-4.7932e+00
-4.9507e+00
-4.7848e+00
-4.5219e+00
-4.2314e+00
-3.9388e+00
-3.6557e+00
-3.3879e+00
-3.1379e+00
-2.9068e+00
-2.6954e+00
-2.5026e+00
-2.3264e+00
-2.1650e+00
-2.0170e+00
-1.8812e+00
-1.7565e+00
-1.6417e+00
-1.5359e+00
-1.4384e+00
-1.3482e+00
-1.2648e+00
-1.1874e+00
-1.1157e+00
-1.0491e+00
-9.8712e-01
-9.2944e-01
-8.7568e-01
-8.2555e-01
-7.7874e-01
-7.3501e-01
-6.9412e-01
-6.5587e-01
-6.2004e-01
-7.0559e-02
-2.0489e-01
-5.3108e-01
-9.1736e-01
-1.2431e+00
-1.4773e+00
-1.6301e+00
-1.7196e+00
-1.7618e+00
-1.7690e+00
-1.7505e+00
-1.7133e+00
-1.6629e+00
-1.6033e+00
-1.5379e+00
-1.4692e+00
-1.3988e+00
-1.3282e+00
-1.2584e+00
-1.1901e+00
-1.1239e+00
-1.0602e+00
-9.9915e-01
-9.4097e-01
-8.8570e-01
-8.3337e-01
-7.8393e-01
-7.3731e-01
-6.9343e-01
-6.5217e-01
-6.1343e-01
-5.7708e-01
-5.4300e-01
-5.1106e-01
-4.8113e-01
-4.5310e-01
-6.6663e-02
-9.8690e-02
-1.8053e-01
-3.3965e-01
-5.3371e-01
-7.2069e-01
-8.7884e-01
-1.0015e+00
-1.0896e+00
-1.1470e+00
-1.1784e+00
-1.1885e+00
-1.1816e+00
-1.1618e+00
-1.1321e+00
-1.0954e+00
-1.0537e+00
-1.0090e+00
-9.6245e-01
-9.1520e-01
-8.6805e-01
-8.2162e-01
-7.7636e-01
-7.3259e-01
-6.9052e-01
-6.5032e-01
-6.1205e-01
-5.7574e-01
-5.4140e-01
-5.0900e-01
-4.7847e-01
-4.4976e-01
-4.2280e-01
-3.9750e-01
-3.7378e-01
-3.5156e-01
-1.0503e-01
-8.0567e-02
-1.1335e-01
-1.9617e-01
-3.1034e-01
-4.3222e-01
-5.4454e-01
-6.3815e-01
-7.0991e-01
-7.6023e-01
-7.9132e-01
-8.0609e-01
-8.0756e-01
-7.9855e-01
-7.8153e-01
-7.5862e-01
-7.3153e-01
-7.0166e-01
-6.7009e-01
-6.3769e-01
-6.0509e-01
-5.7281e-01
-5.4120e-01
-5.1054e-01
-4.8102e-01
-4.5274e-01
-4.2580e-01
-4.0022e-01
-3.7602e-01
-3.5317e-01
-3.3166e-01
-3.1143e-01
-2.9243e-01
-2.7462e-01
-2.5793e-01
-2.4231e-01
