2.69950849e+02
5.01250113e+01
3.99178310e+01
3.71491771e+01
3.49087805e+01
3.40547123e+01
3.22243199e+01
3.21540090e+01
3.08971673e+01
3.04639193e+01
2.95298914e+01
2.95627017e+01
2.88991223e+01
2.82204330e+01
2.82085672e+01
2.73898644e+01
2.70467648e+01
2.68596572e+01
2.66338288e+01
2.62721452e+01
2.58893652e+01
2.60772884e+01
2.60083515e+01
2.56429009e+01
2.55440192e+01
2.50478344e+01
2.51534260e+01
2.47287284e+01
2.49568393e+01
2.46158593e+01
2.46505137e+01
2.47565171e+01
2.43399176e+01
2.43570285e+01
2.43573539e+01
2.42243911e+01
2.38336081e+01
2.70114418e+02
1.49810128e+02
1.50105743e+02
1.50044701e+02
1.41447779e+02
1.34731127e+02
1.28411971e+02
1.23597629e+02
1.18937038e+02
1.14791043e+02
1.11692469e+02
1.08510894e+02
1.05582473e+02
1.02967108e+02
1.01022027e+02
9.90301076e+01
9.73217933e+01
9.55978733e+01
9.40977906e+01
9.27674919e+01
9.12656666e+01
9.03739514e+01
8.92642244e+01
8.82620877e+01
8.76858121e+01
8.72222098e+01
8.62851962e+01
8.57117543e+01
8.47593979e+01
8.45080175e+01
8.38044531e+01
8.38753983e+01
8.28730354e+01
8.26381957e+01
8.25376581e+01
8.23067365e+01
8.21128081e+01
2.70029277e+02
2.49955591e+02
2.45817038e+02
2.41727858e+02
2.36506947e+02
2.31437494e+02
2.25851377e+02
2.20557207e+02
2.15323903e+02
2.10429542e+02
2.05856885e+02
2.02016364e+02
1.98090669e+02
1.95093501e+02
1.92024088e+02
1.88918130e+02
1.86665202e+02
1.84589795e+02
1.82376165e+02
1.80026528e+02
1.78326183e+02
1.77104340e+02
1.75835264e+02
1.74309995e+02
1.72654854e+02
1.71310967e+02
1.70574176e+02
1.69402956e+02
1.68737651e+02
1.68135600e+02
1.66933278e+02
1.66574629e+02
1.65689352e+02
1.65068893e+02
1.64515778e+02
1.63760192e+02
1.63470512e+02
2.70224233e+02
2.70061881e+02
2.69647454e+02
2.69401116e+02
2.68220914e+02
2.66992221e+02
2.65827517e+02
2.64255462e+02
2.62493415e+02
2.60748860e+02
2.58789347e+02
2.56787246e+02
2.55341973e+02
2.53284283e+02
2.52006687e+02
2.50633403e+02
2.49010556e+02
2.47834489e+02
2.46576006e+02
2.45216208e+02
2.44230745e+02
2.43512629e+02
2.42699572e+02
2.41651166e+02
2.40912320e+02
2.40103075e+02
2.39449345e+02
2.38816685e+02
2.38228097e+02
2.37612769e+02
2.37031504e+02
2.36539512e+02
2.35707686e+02
2.35679657e+02
2.35265916e+02
2.35008817e+02
2.34581813e+02
2.67871844e+02
2.68059680e+02
2.67851068e+02
2.67740382e+02
2.68049166e+02
2.67690988e+02
2.67382817e+02
2.66916799e+02
2.66898247e+02
2.66719729e+02
2.66065091e+02
2.65906809e+02
2.65600877e+02
2.64696855e+02
2.64895983e+02
2.64740904e+02
2.64365055e+02
2.63893166e+02
2.64070581e+02
2.64081287e+02
2.63440748e+02
2.63325527e+02
2.63224489e+02
2.63224083e+02
2.63001352e+02
2.62501964e+02
2.62933026e+02
2.62004892e+02
2.62046453e+02
2.62280499e+02
2.62410599e+02
2.62159450e+02
2.62023048e+02
2.62081976e+02
2.61783020e+02
2.61733697e+02
2.61673166e+02
2.71715435e+02
2.70807839e+02
2.67427556e+02
2.62491925e+02
2.57265478e+02
2.51868153e+02
2.46956530e+02
2.42149758e+02
2.37468847e+02
2.33127114e+02
2.29140892e+02
2.25940747e+02
2.22796671e+02
2.19633481e+02
2.16553354e+02
2.14298686e+02
2.11991545e+02
2.09881047e+02
2.07224591e+02
2.05945618e+02
2.03612615e+02
2.02446914e+02
2.00766508e+02
1.99388172e+02
1.97865325e+02
1.96373512e+02
1.95103685e+02
1.94188664e+02
1.93044598e+02
1.92331515e+02
1.91261956e+02
1.90415582e+02
1.89382301e+02
1.88702868e+02
1.88225977e+02
1.87170410e+02
1.86433456e+02
2.71971306e+02
2.70889999e+02
2.67132617e+02
2.62564427e+02
2.57897071e+02
2.52920551e+02
2.48399999e+02
2.44468112e+02
2.40602762e+02
2.36737567e+02
2.34280775e+02
2.30500661e+02
2.28036960e+02
2.25046852e+02
2.22683670e+02
2.20630581e+02
2.18350867e+02
2.16546504e+02
2.14586317e+02
2.12753512e+02
2.11304492e+02
2.09686727e+02
2.07899812e+02
2.06691148e+02
2.05638186e+02
2.04475147e+02
2.03283954e+02
2.02169739e+02
2.01435606e+02
2.00415739e+02
1.99648704e+02
1.98188265e+02
1.97996328e+02
1.97152294e+02
1.96562044e+02
1.95525931e+02
1.94930952e+02
2.71598232e+02
2.71858888e+02
2.71635898e+02
2.70995777e+02
2.69990862e+02
2.69166414e+02
2.67700359e+02
2.66029326e+02
2.64145259e+02
2.62174934e+02
2.60811550e+02
2.59364639e+02
2.57475859e+02
2.55847161e+02
2.54202073e+02
2.52474184e+02
2.51060940e+02
2.49791630e+02
2.48927021e+02
2.47559028e+02
2.46259385e+02
2.45264619e+02
2.43860341e+02
2.43098734e+02
2.42372185e+02
2.41283272e+02
2.40862104e+02
2.39761343e+02
2.38618253e+02
2.38433467e+02
2.37583757e+02
2.37129551e+02
2.36440678e+02
2.36155306e+02
2.35668680e+02
2.35051873e+02
2.34547222e+02
2.71976597e+02
2.71628656e+02
2.71389303e+02
2.71117833e+02
2.70885886e+02
2.70779167e+02
2.69925612e+02
2.68988614e+02
2.67841942e+02
2.67045506e+02
2.65629391e+02
2.64677113e+02
2.63352554e+02
2.62394263e+02
2.61191424e+02
2.59823412e+02
2.58726621e+02
2.57816797e+02
2.57008179e+02
2.55913312e+02
2.54719466e+02
2.54412719e+02
2.53516723e+02
2.52555163e+02
2.51933027e+02
2.51125753e+02
2.51024813e+02
2.49459397e+02
2.49683056e+02
2.48347907e+02
2.48611690e+02
2.48084131e+02
2.47436056e+02
2.46947709e+02
2.46819001e+02
2.46169786e+02
2.45644327e+02
2.71115724e+02
2.71582090e+02
2.71231712e+02
2.71280569e+02
2.71357632e+02
2.71290288e+02
2.70349460e+02
2.70191293e+02
2.69478509e+02
2.68851153e+02
2.68025177e+02
2.67261020e+02
2.66317168e+02
2.65676889e+02
2.65317199e+02
2.64513470e+02
2.63642788e+02
2.63059703e+02
2.62297282e+02
2.61841598e+02
2.60786585e+02
2.60178540e+02
2.59826645e+02
2.59704353e+02
2.59184735e+02
2.59161962e+02
2.58305449e+02
2.57637913e+02
2.57711735e+02
2.57120896e+02
2.56866728e+02
2.56810307e+02
2.56144008e+02
2.56015079e+02
2.55311774e+02
2.55733523e+02
2.55059815e+02
