-2.2000e+02
-9.5518e+00
-2.8595e+00
-2.1389e+00
-1.4979e+00
-1.1345e+00
-9.0357e-01
-7.4268e-01
-6.2362e-01
-5.3182e-01
-4.5897e-01
-4.3896e-01
-4.8169e-01
-4.3610e-01
-3.9151e-01
-3.5214e-01
-3.1777e-01
-2.8774e-01
-2.6143e-01
-2.3826e-01
-2.1778e-01
-1.9959e-01
-1.8336e-01
-1.6883e-01
-1.5577e-01
-1.4400e-01
-1.3334e-01
-1.2366e-01
-1.1486e-01
-1.0683e-01
-9.9480e-02
-9.2749e-02
-8.6566e-02
-8.0881e-02
-7.5640e-02
-7.0804e-02
-1.2000e+02
0.0000e+00
0.0000e+00
-8.3806e+00
-6.4856e+00
-5.9717e+00
-5.2577e+00
-4.5891e+00
-4.0093e+00
-3.5164e+00
-3.0984e+00
-2.7436e+00
-2.4569e+00
-2.2138e+00
-1.9956e+00
-1.8007e+00
-1.6272e+00
-1.4729e+00
-1.3355e+00
-1.2130e+00
-1.1036e+00
-1.0056e+00
-9.1765e-01
-8.3865e-01
-7.6752e-01
-7.0336e-01
-6.4539e-01
-5.9294e-01
-5.4539e-01
-5.0223e-01
-4.6299e-01
-4.2727e-01
-3.9472e-01
-3.6500e-01
-3.3786e-01
-3.1302e-01
-2.0000e+01
-3.7272e+00
-4.4270e+00
-4.6909e+00
-5.1912e+00
-5.5201e+00
-5.4414e+00
-5.1647e+00
-4.8087e+00
-4.4311e+00
-4.0597e+00
-3.7076e+00
-3.3808e+00
-3.0822e+00
-2.8115e+00
-2.5661e+00
-2.3436e+00
-2.1417e+00
-1.9585e+00
-1.7922e+00
-1.6412e+00
-1.5041e+00
-1.3796e+00
-1.2664e+00
-1.1634e+00
-1.0697e+00
-9.8436e-01
-9.0658e-01
-8.3564e-01
-7.7088e-01
-7.1173e-01
-6.5765e-01
-6.0817e-01
-5.6286e-01
-5.2134e-01
-4.8325e-01
-1.9657e-01
-3.4341e-01
-5.6794e-01
-8.8235e-01
-1.2117e+00
-1.4909e+00
-1.6930e+00
-1.8159e+00
-1.8711e+00
-1.8746e+00
-1.8410e+00
-1.7822e+00
-1.7074e+00
-1.6231e+00
-1.5343e+00
-1.4442e+00
-1.3552e+00
-1.2687e+00
-1.1856e+00
-1.1065e+00
-1.0317e+00
-9.6118e-01
-8.9505e-01
-8.3320e-01
-7.7547e-01
-7.2170e-01
-6.7169e-01
-6.2522e-01
-5.8208e-01
-5.4205e-01
-5.0494e-01
-4.7054e-01
-4.3865e-01
-4.0909e-01
-3.8171e-01
-3.5632e-01
-1.3255e-02
-3.7173e-02
-6.6410e-02
-1.0978e-01
-1.6255e-01
-2.1345e-01
-2.5466e-01
-2.8327e-01
-2.9972e-01
-3.0609e-01
-3.0481e-01
-2.9811e-01
-2.8776e-01
-2.7511e-01
-2.6116e-01
-2.4661e-01
-2.3197e-01
-2.1757e-01
-2.0361e-01
-1.9024e-01
-1.7752e-01
-1.6550e-01
-1.5420e-01
-1.4359e-01
-1.3368e-01
-1.2443e-01
-1.1582e-01
-1.0781e-01
-1.0037e-01
-9.3461e-02
-8.7051e-02
-8.1108e-02
-7.5598e-02
-7.0491e-02
-6.5757e-02
-6.1369e-02
-1.0539e+00
-3.7496e+00
-5.2870e+00
-5.7611e+00
-5.7445e+00
-5.5030e+00
-5.1605e+00
-4.7814e+00
-4.4006e+00
-4.0361e+00
-3.6968e+00
-3.3860e+00
-3.1045e+00
-2.8518e+00
-2.6254e+00
-2.4222e+00
-2.2393e+00
-2.0745e+00
-1.9255e+00
-1.7905e+00
-1.6678e+00
-1.5560e+00
-1.4538e+00
-1.3602e+00
-1.2742e+00
-1.1950e+00
-1.1219e+00
-1.0543e+00
-9.9164e-01
-9.3349e-01
-8.7944e-01
-8.2910e-01
-7.8218e-01
-7.3838e-01
-6.9745e-01
-6.5916e-01
-1.1915e+00
-3.8811e+00
-5.0517e+00
-5.1892e+00
-4.9927e+00
-4.6984e+00
-4.3784e+00
-4.0594e+00
-3.7534e+00
-3.4660e+00
-3.1998e+00
-2.9552e+00
-2.7321e+00
-2.5301e+00
-2.3468e+00
-2.1800e+00
-2.0279e+00
-1.8888e+00
-1.7615e+00
-1.6448e+00
-1.5375e+00
-1.4387e+00
-1.3476e+00
-1.2634e+00
-1.1855e+00
-1.1134e+00
-1.0464e+00
-9.8410e-01
-9.2617e-01
-8.7222e-01
-8.2190e-01
-7.7495e-01
-7.3108e-01
-6.9007e-01
-6.5169e-01
-6.1576e-01
7.3100e-03
-1.4070e-01
-4.9589e-01
-9.1719e-01
-1.2748e+00
-1.5328e+00
-1.7007e+00
-1.7982e+00
-1.8433e+00
-1.8499e+00
-1.8286e+00
-1.7873e+00
-1.7321e+00
-1.6675e+00
-1.5970e+00
-1.5234e+00
-1.4485e+00
-1.3737e+00
-1.3001e+00
-1.2285e+00
-1.1592e+00
-1.0927e+00
-1.0292e+00
-9.6882e-01
-9.1156e-01
-8.5742e-01
-8.0634e-01
-7.5823e-01
-7.1299e-01
-6.7050e-01
-6.3062e-01
-5.9322e-01
-5.5816e-01
-5.2532e-01
-4.9455e-01
-4.6574e-01
4.3819e-02
1.7132e-02
-1.0324e-01
-2.9985e-01
-5.2501e-01
-7.3496e-01
-9.0853e-01
-1.0407e+00
-1.1338e+00
-1.1931e+00
-1.2244e+00
-1.2330e+00
-1.2239e+00
-1.2014e+00
-1.1688e+00
-1.1291e+00
-1.0847e+00
-1.0373e+00
-9.8830e-01
-9.3884e-01
-8.8971e-01
-8.4150e-01
-7.9465e-01
-7.4947e-01
-7.0615e-01
-6.6482e-01
-6.2555e-01
-5.8836e-01
-5.5321e-01
-5.2008e-01
-4.8890e-01
-4.5959e-01
-4.3208e-01
-4.0627e-01
-3.8209e-01
-3.5943e-01
1.4629e-01
4.7875e-02
-3.3884e-02
-1.4694e-01
-2.8248e-01
-4.1962e-01
-5.4251e-01
-6.4314e-01
-7.1933e-01
-7.7223e-01
-8.0460e-01
-8.1977e-01
-8.2103e-01
-8.1144e-01
-7.9361e-01
-7.6977e-01
-7.4172e-01
-7.1090e-01
-6.7845e-01
-6.4522e-01
-6.1190e-01
-5.7896e-01
-5.4679e-01
-5.1563e-01
-4.8568e-01
-4.5704e-01
-4.2977e-01
-4.0392e-01
-3.7948e-01
-3.5643e-01
-3.3474e-01
-3.1435e-01
-2.9522e-01
-2.7728e-01
-2.6047e-01
-2.4474e-01
