2.69764661e+02
5.00380129e+01
4.03909969e+01
3.76931389e+01
3.54689911e+01
3.39298280e+01
3.27288222e+01
3.18641173e+01
3.15067866e+01
3.06168000e+01
3.03531761e+01
2.96873286e+01
2.87682948e+01
2.87650549e+01
2.81519231e+01
2.79619513e+01
2.74532439e+01
2.71506375e+01
2.68932024e+01
2.69074914e+01
2.64769440e+01
2.65988948e+01
2.58977375e+01
2.56237802e+01
2.57865154e+01
2.55581075e+01
2.54450146e+01
2.54693942e+01
2.52966488e+01
2.52672416e+01
2.44968111e+01
2.47633345e+01
2.43550022e+01
2.47772676e+01
2.45427488e+01
2.47419488e+01
2.47263454e+01
2.70034079e+02
1.50102958e+02
1.50025434e+02
1.49769620e+02
1.41541807e+02
1.35425491e+02
1.28955569e+02
1.23822361e+02
1.19125865e+02
1.15217290e+02
1.11660230e+02
1.08589234e+02
1.05981704e+02
1.03495428e+02
1.01159140e+02
9.95637315e+01
9.78124348e+01
9.57504864e+01
9.44881606e+01
9.31032895e+01
9.22800977e+01
9.09500245e+01
8.98221507e+01
8.90373045e+01
8.85495804e+01
8.72875572e+01
8.69188775e+01
8.60349231e+01
8.58257406e+01
8.53799909e+01
8.46278992e+01
8.42320614e+01
8.36745043e+01
8.36168092e+01
8.33398845e+01
8.26502886e+01
8.23626520e+01
2.70022295e+02
2.49855301e+02
2.46198990e+02
2.41627566e+02
2.37139089e+02
2.32104103e+02
2.26502765e+02
2.21177825e+02
2.16023998e+02
2.11595761e+02
2.07281927e+02
2.03152805e+02
1.99714736e+02
1.96154325e+02
1.93601604e+02
1.90619827e+02
1.88218982e+02
1.85767367e+02
1.84041173e+02
1.82013346e+02
1.80176776e+02
1.78549061e+02
1.77074102e+02
1.75851542e+02
1.74656802e+02
1.73557603e+02
1.72728746e+02
1.71667557e+02
1.71201820e+02
1.69869875e+02
1.69255923e+02
1.68396560e+02
1.67933024e+02
1.67404963e+02
1.67050869e+02
1.66282863e+02
1.66056433e+02
2.70421373e+02
2.69977649e+02
2.69110732e+02
2.68511556e+02
2.68022257e+02
2.67315903e+02
2.65495633e+02
2.63543538e+02
2.61744424e+02
2.60021044e+02
2.58511590e+02
2.56110013e+02
2.54475235e+02
2.53289687e+02
2.51433938e+02
2.49884708e+02
2.48589561e+02
2.47448237e+02
2.45985452e+02
2.45053446e+02
2.43935510e+02
2.42365653e+02
2.41281606e+02
2.40604334e+02
2.40199941e+02
2.39521870e+02
2.38571319e+02
2.37955135e+02
2.37547906e+02
2.36591507e+02
2.35924854e+02
2.35941407e+02
2.35343253e+02
2.35007059e+02
2.34182775e+02
2.34249388e+02
2.33369896e+02
2.67851623e+02
2.68140811e+02
2.67805213e+02
2.67947348e+02
2.67777554e+02
2.68101388e+02
2.67449530e+02
2.67190357e+02
2.66748249e+02
2.66495668e+02
2.66373213e+02
2.66123636e+02
2.65461515e+02
2.65643365e+02
2.65072856e+02
2.65323600e+02
2.64585721e+02
2.64546238e+02
2.64127226e+02
2.63935941e+02
2.63945481e+02
2.63482452e+02
2.63423392e+02
2.63208649e+02
2.63062131e+02
2.62929174e+02
2.63102498e+02
2.62865304e+02
2.62604501e+02
2.62613640e+02
2.62534647e+02
2.62530261e+02
2.62371398e+02
2.62410315e+02
2.62147525e+02
2.62435738e+02
2.62299939e+02
2.72837162e+02
2.72260147e+02
2.68102246e+02
2.63024883e+02
2.57851205e+02
2.51886134e+02
2.46502043e+02
2.41324278e+02
2.36746142e+02
2.32694669e+02
2.28194580e+02
2.24910665e+02
2.21722323e+02
2.18397705e+02
2.15845413e+02
2.12949535e+02
2.11143047e+02
2.08107650e+02
2.05968129e+02
2.04446497e+02
2.02318238e+02
2.00749078e+02
1.99477510e+02
1.97581264e+02
1.96383241e+02
1.95226024e+02
1.93782612e+02
1.92895704e+02
1.91541769e+02
1.90744158e+02
1.89619023e+02
1.88729971e+02
1.87837782e+02
1.87427237e+02
1.86416823e+02
1.85555363e+02
1.84779492e+02
2.72660129e+02
2.72106073e+02
2.67923539e+02
2.62612246e+02
2.57750616e+02
2.52861662e+02
2.48296704e+02
2.43671879e+02
2.39226869e+02
2.35933979e+02
2.32842197e+02
2.29867324e+02
2.26700384e+02
2.23824566e+02
2.21405823e+02
2.18936622e+02
2.16983048e+02
2.14729299e+02
2.12790958e+02
2.11375493e+02
2.09887941e+02
2.07848800e+02
2.06770499e+02
2.05141618e+02
2.03895029e+02
2.02736491e+02
2.01623865e+02
2.00388748e+02
1.99387313e+02
1.98563526e+02
1.97914650e+02
1.96648140e+02
1.96268829e+02
1.95456233e+02
1.94486684e+02
1.93674717e+02
1.93502224e+02
2.71637446e+02
2.71829372e+02
2.71923246e+02
2.71315211e+02
2.70618696e+02
2.69214582e+02
2.67511296e+02
2.65865625e+02
2.64155604e+02
2.62235104e+02
2.60667838e+02
2.58927858e+02
2.57152350e+02
2.55374652e+02
2.53449744e+02
2.52313028e+02
2.50147652e+02
2.48938350e+02
2.48111419e+02
2.46341446e+02
2.45308215e+02
2.43973048e+02
2.43401248e+02
2.42519861e+02
2.41275002e+02
2.40577274e+02
2.39005891e+02
2.38720524e+02
2.37982350e+02
2.37148998e+02
2.36946916e+02
2.35786709e+02
2.35553515e+02
2.34373898e+02
2.33972856e+02
2.33588821e+02
2.32957034e+02
2.71203226e+02
2.71774891e+02
2.71192078e+02
2.71567947e+02
2.71181513e+02
2.70780690e+02
2.69926406e+02
2.68815218e+02
2.67793444e+02
2.67020169e+02
2.65365963e+02
2.64745483e+02
2.63262425e+02
2.62001213e+02
2.60742955e+02
2.59829728e+02
2.58273785e+02
2.57265996e+02
2.56033551e+02
2.55435107e+02
2.54427751e+02
2.53644611e+02
2.53038379e+02
2.52435325e+02
2.51265514e+02
2.50825335e+02
2.49964054e+02
2.49166398e+02
2.48648354e+02
2.48002261e+02
2.47481628e+02
2.46909536e+02
2.46563073e+02
2.45615469e+02
2.45702718e+02
2.45257391e+02
2.45228600e+02
2.71225970e+02
2.71285061e+02
2.71011465e+02
2.71041553e+02
2.71158847e+02
2.70703346e+02
2.70360113e+02
2.70239401e+02
2.69135278e+02
2.68698653e+02
2.68389788e+02
2.67150185e+02
2.66301951e+02
2.65239153e+02
2.64970631e+02
2.64113167e+02
2.63863974e+02
2.62494480e+02
2.61613937e+02
2.61448240e+02
2.60460411e+02
2.60036283e+02
2.59524829e+02
2.59228163e+02
2.58668309e+02
2.57684585e+02
2.57456257e+02
2.57028483e+02
2.56857280e+02
2.56319906e+02
2.55855451e+02
2.55687422e+02
2.55172236e+02
2.54711088e+02
2.54218243e+02
2.54568478e+02
2.54581453e+02
