2.70060378e+02
4.98944559e+01
4.01418811e+01
3.73556202e+01
3.52738355e+01
3.39712910e+01
3.22689785e+01
3.16362559e+01
3.10293654e+01
3.05401633e+01
3.01631562e+01
2.96103162e+01
2.90857948e+01
2.84699318e+01
2.79344418e+01
2.77550255e+01
2.71399538e+01
2.70936387e+01
2.67279361e+01
2.63203569e+01
2.63571942e+01
2.60545615e+01
2.53516465e+01
2.55419225e+01
2.54042094e+01
2.47640172e+01
2.48941833e+01
2.50913282e+01
2.46835659e+01
2.46376552e+01
2.49482433e+01
2.44148886e+01
2.41633843e+01
2.45765528e+01
2.43649711e+01
2.42930343e+01
2.40845012e+01
2.69839164e+02
1.49868470e+02
1.49835569e+02
1.50062911e+02
1.41292389e+02
1.35153421e+02
1.29186471e+02
1.23774874e+02
1.19387382e+02
1.15454754e+02
1.11983872e+02
1.08959266e+02
1.06242166e+02
1.03735443e+02
1.01386120e+02
9.94369390e+01
9.81448318e+01
9.58714432e+01
9.45658587e+01
9.32132140e+01
9.19409074e+01
9.07381689e+01
9.01135719e+01
8.88397733e+01
8.79598805e+01
8.74053997e+01
8.66496538e+01
8.61051249e+01
8.52892872e+01
8.46833656e+01
8.40964085e+01
8.36991126e+01
8.36408783e+01
8.32469668e+01
8.28216482e+01
8.19433332e+01
8.20162213e+01
2.69969664e+02
2.50231004e+02
2.46732431e+02
2.42210062e+02
2.37701587e+02
2.32664169e+02
2.26663074e+02
2.21547088e+02
2.17006320e+02
2.11950126e+02
2.07133992e+02
2.03037251e+02
1.99264416e+02
1.96124305e+02
1.93185391e+02
1.90214632e+02
1.87738479e+02
1.85204239e+02
1.83211935e+02
1.81582773e+02
1.79592359e+02
1.77875556e+02
1.76351426e+02
1.75143779e+02
1.73582473e+02
1.72768756e+02
1.71492998e+02
1.70557779e+02
1.69193658e+02
1.68819481e+02
1.67859063e+02
1.66998032e+02
1.66278222e+02
1.65444852e+02
1.65161633e+02
1.64672915e+02
1.63483925e+02
2.72201774e+02
2.71796127e+02
2.71490921e+02
2.70404794e+02
2.70208796e+02
2.68535318e+02
2.66971551e+02
2.65199992e+02
2.63422002e+02
2.61900229e+02
2.59971193e+02
2.58091389e+02
2.56346115e+02
2.54749960e+02
2.52539627e+02
2.51517799e+02
2.50002244e+02
2.48683276e+02
2.47443793e+02
2.46580818e+02
2.44747289e+02
2.43674653e+02
2.42903393e+02
2.42148447e+02
2.41273676e+02
2.40726328e+02
2.39382140e+02
2.38760620e+02
2.38466070e+02
2.37821914e+02
2.37080398e+02
2.36229130e+02
2.36050176e+02
2.35337344e+02
2.34866935e+02
2.34654001e+02
2.34351835e+02
2.68470218e+02
2.68377897e+02
2.68082741e+02
2.68035863e+02
2.68166216e+02
2.68059015e+02
2.67882003e+02
2.67408531e+02
2.67202321e+02
2.67148626e+02
2.66299116e+02
2.66258182e+02
2.65439104e+02
2.65060381e+02
2.65214089e+02
2.64965030e+02
2.64360048e+02
2.64239646e+02
2.64499870e+02
2.64492071e+02
2.63956916e+02
2.63457056e+02
2.63419530e+02
2.63079663e+02
2.62701123e+02
2.62929638e+02
2.62782977e+02
2.62355539e+02
2.62691809e+02
2.62191600e+02
2.62279308e+02
2.61936673e+02
2.62062407e+02
2.61847206e+02
2.61788627e+02
2.61647537e+02
2.61808429e+02
2.74976403e+02
2.74288717e+02
2.69891004e+02
2.64598295e+02
2.59006308e+02
2.53108898e+02
2.47952700e+02
2.42170440e+02
2.37770068e+02
2.33626410e+02
2.29512691e+02
2.25712454e+02
2.22401668e+02
2.19341600e+02
2.16405876e+02
2.13665000e+02
2.11295591e+02
2.08759748e+02
2.06677061e+02
2.04721491e+02
2.02627378e+02
2.01181490e+02
1.99460394e+02
1.97457585e+02
1.96050303e+02
1.95163357e+02
1.93317412e+02
1.92573534e+02
1.91180149e+02
1.89684875e+02
1.88974425e+02
1.88146137e+02
1.87135719e+02
1.86355397e+02
1.85600572e+02
1.84727084e+02
1.84142876e+02
2.74944531e+02
2.74012018e+02
2.70452554e+02
2.65358089e+02
2.60462934e+02
2.55807877e+02
2.51153152e+02
2.46828994e+02
2.42240956e+02
2.38673804e+02
2.35796913e+02
2.32111055e+02
2.28704153e+02
2.26446797e+02
2.23527128e+02
2.20852017e+02
2.18945719e+02
2.16774115e+02
2.14853767e+02
2.12999307e+02
2.11343078e+02
2.09264043e+02
2.07781305e+02
2.06138153e+02
2.04952456e+02
2.03704098e+02
2.02279554e+02
2.01367382e+02
1.99885590e+02
1.99117220e+02
1.98267517e+02
1.96948813e+02
1.96219636e+02
1.95573243e+02
1.94449225e+02
1.94025031e+02
1.93557378e+02
2.74427464e+02
2.74247942e+02
2.74403731e+02
2.73881771e+02
2.72565114e+02
2.71033161e+02
2.69153974e+02
2.67545011e+02
2.65690902e+02
2.63982612e+02
2.62048148e+02
2.60266901e+02
2.57974369e+02
2.56508001e+02
2.54335471e+02
2.52604690e+02
2.51147459e+02
2.49445987e+02
2.47948385e+02
2.46994901e+02
2.45335217e+02
2.43966249e+02
2.42724158e+02
2.41163714e+02
2.40158796e+02
2.39120601e+02
2.38278982e+02
2.37327549e+02
2.36110366e+02
2.35580273e+02
2.34578390e+02
2.33746852e+02
2.32993140e+02
2.32373588e+02
2.31628657e+02
2.31332879e+02
2.30700812e+02
2.74124447e+02
2.74134230e+02
2.74235724e+02
2.73566852e+02
2.72863540e+02
2.72308043e+02
2.71709311e+02
2.70481238e+02
2.68977521e+02
2.68010522e+02
2.66735277e+02
2.65293178e+02
2.64159834e+02
2.62715573e+02
2.61255118e+02
2.59909611e+02
2.59077613e+02
2.57937134e+02
2.56219633e+02
2.55223319e+02
2.54242960e+02
2.53426535e+02
2.52174367e+02
2.51411741e+02
2.50265970e+02
2.49542837e+02
2.48990452e+02
2.47870383e+02
2.47308719e+02
2.46725224e+02
2.46125077e+02
2.45306173e+02
2.44737464e+02
2.44683800e+02
2.43675555e+02
2.43339520e+02
2.42670760e+02
2.72931994e+02
2.72998262e+02
2.72587940e+02
2.72839265e+02
2.72409478e+02
2.72211977e+02
2.71287626e+02
2.70776883e+02
2.70432171e+02
2.69560025e+02
2.68976009e+02
2.68253420e+02
2.67164836e+02
2.66582819e+02
2.65698666e+02
2.64805802e+02
2.64201980e+02
2.63498539e+02
2.63084418e+02
2.62406081e+02
2.61470536e+02
2.61365031e+02
2.60651932e+02
2.60290026e+02
2.59382446e+02
2.59214391e+02
2.58461296e+02
2.58052457e+02
2.58041752e+02
2.57279891e+02
2.57163212e+02
2.56830977e+02
2.56374075e+02
2.56241916e+02
2.56179331e+02
2.55516446e+02
2.55312537e+02
