1.1708e-02
6.9569e-03
5.2606e-03
4.7112e-03
3.8377e-03
3.6171e-03
3.2591e-03
3.0780e-03
2.9373e-03
2.8216e-03
2.7297e-03
2.6501e-03
2.5787e-03
2.5146e-03
2.4567e-03
2.4040e-03
2.3558e-03
2.3115e-03
2.2706e-03
2.2325e-03
4.7141e-04
2.5644e-04
1.6463e-04
1.1708e-04
8.4258e-05
6.4905e-05
4.8311e-05
3.7645e-05
2.7872e-05
2.1359e-05
1.5187e-05
1.0961e-05
6.6794e-06
3.6069e-06
9.6484e-07
0.0000e+00
0.0000e+00
0.0000e+00
0.0000e+00
0.0000e+00
8.9758e-05
5.2870e-05
3.7756e-05
2.8671e-05
2.2931e-05
1.8198e-05
1.4106e-05
1.1276e-05
8.3895e-06
5.8010e-06
4.0060e-06
2.3318e-06
1.1091e-06
2.0665e-07
0.0000e+00
0.0000e+00
0.0000e+00
0.0000e+00
0.0000e+00
0.0000e+00
0.0000e+00
0.0000e+00
0.0000e+00
0.0000e+00
0.0000e+00
0.0000e+00
0.0000e+00
0.0000e+00
0.0000e+00
0.0000e+00
0.0000e+00
0.0000e+00
0.0000e+00
0.0000e+00
0.0000e+00
0.0000e+00
0.0000e+00
0.0000e+00
0.0000e+00
0.0000e+00
3.5703e-06
3.5697e-06
3.5685e-06
3.5667e-06
3.5641e-06
3.5606e-06
3.5562e-06
3.5508e-06
3.5443e-06
3.5366e-06
3.5276e-06
3.5172e-06
3.5052e-06
3.4915e-06
3.4761e-06
3.4589e-06
3.4397e-06
3.4187e-06
3.3958e-06
3.3710e-06
