1.1719e-02
6.9769e-03
5.2870e-03
4.7410e-03
3.8622e-03
3.6425e-03
3.2952e-03
3.1142e-03
2.9728e-03
2.8560e-03
2.7601e-03
2.6806e-03
2.6087e-03
2.5439e-03
2.4852e-03
2.4319e-03
2.3830e-03
2.3381e-03
2.2965e-03
2.2578e-03
4.7137e-04
2.5642e-04
1.6468e-04
1.1711e-04
8.4349e-05
6.4966e-05
4.8360e-05
3.7718e-05
2.7925e-05
2.1429e-05
1.5235e-05
1.1022e-05
6.7342e-06
3.6296e-06
9.6850e-07
0.0000e+00
0.0000e+00
0.0000e+00
0.0000e+00
0.0000e+00
8.9619e-05
5.2771e-05
3.7632e-05
2.8558e-05
2.2830e-05
1.8089e-05
1.3995e-05
1.1219e-05
8.3169e-06
5.7253e-06
3.9617e-06
2.2852e-06
1.0884e-06
1.8506e-07
0.0000e+00
0.0000e+00
0.0000e+00
0.0000e+00
0.0000e+00
0.0000e+00
0.0000e+00
0.0000e+00
0.0000e+00
0.0000e+00
0.0000e+00
0.0000e+00
0.0000e+00
0.0000e+00
0.0000e+00
0.0000e+00
0.0000e+00
0.0000e+00
0.0000e+00
0.0000e+00
0.0000e+00
0.0000e+00
0.0000e+00
0.0000e+00
0.0000e+00
0.0000e+00
3.5329e-06
3.5327e-06
3.5322e-06
3.5312e-06
3.5295e-06
3.5270e-06
3.5235e-06
3.5189e-06
3.5132e-06
3.5062e-06
3.4978e-06
3.4878e-06
3.4761e-06
3.4626e-06
3.4472e-06
3.4298e-06
3.4104e-06
3.3890e-06
3.3655e-06
3.3400e-06
