1.1678e-02
6.9489e-03
5.2626e-03
4.7159e-03
3.8409e-03
3.6203e-03
3.2649e-03
3.0837e-03
2.9428e-03
2.8270e-03
2.7345e-03
2.6552e-03
2.5839e-03
2.5200e-03
2.4622e-03
2.4097e-03
2.3617e-03
2.3175e-03
2.2767e-03
2.2388e-03
4.7128e-04
2.5632e-04
1.6456e-04
1.1701e-04
8.4205e-05
6.4841e-05
4.8239e-05
3.7577e-05
2.7795e-05
2.1282e-05
1.5103e-05
1.0874e-05
6.5857e-06
3.5171e-06
8.6230e-07
0.0000e+00
0.0000e+00
0.0000e+00
0.0000e+00
0.0000e+00
8.9428e-05
5.2636e-05
3.7461e-05
2.8448e-05
2.2688e-05
1.7933e-05
1.3830e-05
1.1125e-05
8.1942e-06
5.5906e-06
3.8698e-06
2.1825e-06
1.0310e-06
1.2005e-07
0.0000e+00
0.0000e+00
0.0000e+00
0.0000e+00
0.0000e+00
0.0000e+00
2.2493e-08
1.3333e-08
8.6335e-10
0.0000e+00
0.0000e+00
0.0000e+00
0.0000e+00
0.0000e+00
0.0000e+00
0.0000e+00
0.0000e+00
0.0000e+00
0.0000e+00
0.0000e+00
0.0000e+00
0.0000e+00
0.0000e+00
0.0000e+00
0.0000e+00
0.0000e+00
3.5105e-06
3.5125e-06
3.5124e-06
3.5106e-06
3.5098e-06
3.5089e-06
3.5071e-06
3.5042e-06
3.5001e-06
3.4946e-06
3.4877e-06
3.4792e-06
3.4690e-06
3.4571e-06
3.4432e-06
3.4274e-06
3.4096e-06
3.3898e-06
3.3681e-06
3.3444e-06
