1.1499e-02
6.8342e-03
5.1927e-03
4.6720e-03
3.8158e-03
3.6026e-03
3.2522e-03
3.0752e-03
2.9371e-03
2.8230e-03
2.7311e-03
2.6526e-03
2.5818e-03
2.5182e-03
2.4606e-03
2.4083e-03
2.3605e-03
2.3164e-03
2.2757e-03
2.2378e-03
4.7145e-04
2.5646e-04
1.6467e-04
1.1721e-04
8.4453e-05
6.5120e-05
4.8531e-05
3.7906e-05
2.8114e-05
2.1634e-05
1.5429e-05
1.1232e-05
6.9483e-06
3.8050e-06
1.1459e-06
0.0000e+00
0.0000e+00
0.0000e+00
0.0000e+00
0.0000e+00
9.0031e-05
5.3067e-05
3.8000e-05
2.8938e-05
2.3134e-05
1.8421e-05
1.4343e-05
1.1414e-05
8.5692e-06
5.9993e-06
4.1440e-06
2.4869e-06
1.1978e-06
3.0810e-07
0.0000e+00
0.0000e+00
0.0000e+00
0.0000e+00
0.0000e+00
0.0000e+00
0.0000e+00
0.0000e+00
0.0000e+00
0.0000e+00
0.0000e+00
0.0000e+00
0.0000e+00
0.0000e+00
0.0000e+00
0.0000e+00
0.0000e+00
0.0000e+00
0.0000e+00
0.0000e+00
0.0000e+00
0.0000e+00
0.0000e+00
0.0000e+00
0.0000e+00
0.0000e+00
3.6154e-06
3.6142e-06
3.6119e-06
3.6088e-06
3.6047e-06
3.5998e-06
3.5939e-06
3.5870e-06
3.5792e-06
3.5702e-06
3.5600e-06
3.5484e-06
3.5353e-06
3.5205e-06
3.5041e-06
3.4859e-06
3.4659e-06
3.4439e-06
3.4202e-06
3.3946e-06
