1.1714e-02
6.9575e-03
5.2586e-03
4.7085e-03
3.8357e-03
3.6153e-03
3.2573e-03
3.0768e-03
2.9367e-03
2.8216e-03
2.7304e-03
2.6514e-03
2.5806e-03
2.5171e-03
2.4597e-03
2.4076e-03
2.3599e-03
2.3160e-03
2.2755e-03
2.2378e-03
4.7159e-04
2.5661e-04
1.6479e-04
1.1723e-04
8.4381e-05
6.5013e-05
4.8401e-05
3.7721e-05
2.7935e-05
2.1412e-05
1.5234e-05
1.1003e-05
6.7229e-06
3.6493e-06
1.0178e-06
0.0000e+00
0.0000e+00
0.0000e+00
0.0000e+00
0.0000e+00
9.0039e-05
5.3074e-05
3.8008e-05
2.8943e-05
2.3136e-05
1.8417e-05
1.4329e-05
1.1395e-05
8.5380e-06
5.9554e-06
4.1010e-06
2.4321e-06
1.1585e-06
2.5979e-07
0.0000e+00
0.0000e+00
0.0000e+00
0.0000e+00
0.0000e+00
0.0000e+00
0.0000e+00
0.0000e+00
0.0000e+00
0.0000e+00
0.0000e+00
0.0000e+00
0.0000e+00
0.0000e+00
0.0000e+00
0.0000e+00
0.0000e+00
0.0000e+00
0.0000e+00
0.0000e+00
0.0000e+00
0.0000e+00
0.0000e+00
0.0000e+00
0.0000e+00
0.0000e+00
3.6353e-06
3.6336e-06
3.6309e-06
3.6272e-06
3.6226e-06
3.6172e-06
3.6110e-06
3.6039e-06
3.5959e-06
3.5868e-06
3.5765e-06
3.5649e-06
3.5518e-06
3.5372e-06
3.5208e-06
3.5027e-06
3.4828e-06
3.4610e-06
3.4375e-06
3.4121e-06
