1.1504e-02
6.8269e-03
5.1796e-03
4.6627e-03
3.8034e-03
3.5892e-03
3.2295e-03
3.0525e-03
2.9151e-03
2.8020e-03
2.7133e-03
2.6348e-03
2.5646e-03
2.5016e-03
2.4447e-03
2.3930e-03
2.3457e-03
2.3022e-03
2.2620e-03
2.2246e-03
4.7147e-04
2.5641e-04
1.6450e-04
1.1707e-04
8.4286e-05
6.4940e-05
4.8371e-05
3.7713e-05
2.7953e-05
2.1451e-05
1.5282e-05
1.1067e-05
6.7935e-06
3.7061e-06
1.0704e-06
0.0000e+00
0.0000e+00
0.0000e+00
0.0000e+00
0.0000e+00
9.0000e-05
5.3051e-05
3.7973e-05
2.8904e-05
2.3109e-05
1.8390e-05
1.4307e-05
1.1389e-05
8.5355e-06
5.9604e-06
4.1124e-06
2.4509e-06
1.1742e-06
2.8113e-07
0.0000e+00
0.0000e+00
0.0000e+00
0.0000e+00
0.0000e+00
0.0000e+00
0.0000e+00
0.0000e+00
0.0000e+00
0.0000e+00
0.0000e+00
0.0000e+00
0.0000e+00
0.0000e+00
0.0000e+00
0.0000e+00
0.0000e+00
0.0000e+00
0.0000e+00
0.0000e+00
0.0000e+00
0.0000e+00
0.0000e+00
0.0000e+00
0.0000e+00
0.0000e+00
3.6107e-06
3.6104e-06
3.6098e-06
3.6085e-06
3.6065e-06
3.6036e-06
3.5996e-06
3.5945e-06
3.5882e-06
3.5806e-06
3.5715e-06
3.5608e-06
3.5484e-06
3.5342e-06
3.5181e-06
3.5001e-06
3.4800e-06
3.4579e-06
3.4337e-06
3.4076e-06
