1.1730e-02
6.9743e-03
5.2738e-03
4.7217e-03
3.8449e-03
3.6240e-03
3.2688e-03
3.0879e-03
2.9472e-03
2.8315e-03
2.7389e-03
2.6597e-03
2.5885e-03
2.5245e-03
2.4666e-03
2.4140e-03
2.3659e-03
2.3216e-03
2.2806e-03
2.2425e-03
4.7156e-04
2.5660e-04
1.6481e-04
1.1723e-04
8.4401e-05
6.5019e-05
4.8398e-05
3.7723e-05
2.7928e-05
2.1407e-05
1.5222e-05
1.0993e-05
6.7097e-06
3.6314e-06
9.9414e-07
0.0000e+00
0.0000e+00
0.0000e+00
0.0000e+00
0.0000e+00
8.9916e-05
5.2987e-05
3.7898e-05
2.8825e-05
2.3048e-05
1.8322e-05
1.4233e-05
1.1344e-05
8.4733e-06
5.8875e-06
4.0586e-06
2.3870e-06
1.1359e-06
2.3560e-07
0.0000e+00
0.0000e+00
0.0000e+00
0.0000e+00
0.0000e+00
0.0000e+00
0.0000e+00
0.0000e+00
0.0000e+00
0.0000e+00
0.0000e+00
0.0000e+00
0.0000e+00
0.0000e+00
0.0000e+00
0.0000e+00
0.0000e+00
0.0000e+00
0.0000e+00
0.0000e+00
0.0000e+00
0.0000e+00
0.0000e+00
0.0000e+00
0.0000e+00
0.0000e+00
3.5996e-06
3.5986e-06
3.5968e-06
3.5943e-06
3.5910e-06
3.5868e-06
3.5818e-06
3.5757e-06
3.5686e-06
3.5602e-06
3.5506e-06
3.5395e-06
3.5268e-06
3.5125e-06
3.4963e-06
3.4784e-06
3.4585e-06
3.4367e-06
3.4130e-06
3.3875e-06
