1.1601e-02
6.8830e-03
5.2096e-03
4.6774e-03
3.8127e-03
3.5957e-03
3.2343e-03
3.0556e-03
2.9170e-03
2.8029e-03
2.7136e-03
2.6344e-03
2.5636e-03
2.5000e-03
2.4426e-03
2.3905e-03
2.3428e-03
2.2989e-03
2.2583e-03
2.2206e-03
4.7086e-04
2.5585e-04
1.6398e-04
1.1654e-04
8.3771e-05
6.4421e-05
4.7881e-05
3.7211e-05
2.7487e-05
2.0977e-05
1.4850e-05
1.0620e-05
6.3457e-06
3.3358e-06
6.8581e-07
0.0000e+00
0.0000e+00
0.0000e+00
0.0000e+00
0.0000e+00
8.8988e-05
5.2310e-05
3.7062e-05
2.8178e-05
2.2351e-05
1.7567e-05
1.3530e-05
1.0570e-05
7.8054e-06
5.4138e-06
3.6540e-06
1.9547e-06
9.1198e-07
0.0000e+00
0.0000e+00
0.0000e+00
0.0000e+00
0.0000e+00
0.0000e+00
0.0000e+00
6.0906e-08
4.7607e-08
2.6538e-08
8.4876e-09
5.8295e-11
0.0000e+00
0.0000e+00
0.0000e+00
0.0000e+00
0.0000e+00
0.0000e+00
0.0000e+00
0.0000e+00
0.0000e+00
0.0000e+00
0.0000e+00
0.0000e+00
0.0000e+00
0.0000e+00
0.0000e+00
3.4281e-06
3.4345e-06
3.4375e-06
3.4375e-06
3.4353e-06
3.4322e-06
3.4310e-06
3.4298e-06
3.4271e-06
3.4229e-06
3.4171e-06
3.4096e-06
3.4003e-06
3.3891e-06
3.3759e-06
3.3606e-06
3.3434e-06
3.3241e-06
3.3027e-06
3.2795e-06
