1.1634e-02
6.9149e-03
5.2394e-03
4.7012e-03
3.8339e-03
3.6167e-03
3.2639e-03
3.0854e-03
2.9466e-03
2.8322e-03
2.7401e-03
2.6616e-03
2.5909e-03
2.5273e-03
2.4698e-03
2.4174e-03
2.3695e-03
2.3254e-03
2.2845e-03
2.2466e-03
4.7148e-04
2.5649e-04
1.6469e-04
1.1718e-04
8.4379e-05
6.5039e-05
4.8445e-05
3.7796e-05
2.8012e-05
2.1513e-05
1.5325e-05
1.1112e-05
6.8319e-06
3.7234e-06
1.0774e-06
0.0000e+00
0.0000e+00
0.0000e+00
0.0000e+00
0.0000e+00
9.0020e-05
5.3056e-05
3.7990e-05
2.8926e-05
2.3122e-05
1.8407e-05
1.4324e-05
1.1396e-05
8.5445e-06
5.9681e-06
4.1162e-06
2.4529e-06
1.1746e-06
2.7998e-07
0.0000e+00
0.0000e+00
0.0000e+00
0.0000e+00
0.0000e+00
0.0000e+00
0.0000e+00
0.0000e+00
0.0000e+00
0.0000e+00
0.0000e+00
0.0000e+00
0.0000e+00
0.0000e+00
0.0000e+00
0.0000e+00
0.0000e+00
0.0000e+00
0.0000e+00
0.0000e+00
0.0000e+00
0.0000e+00
0.0000e+00
0.0000e+00
0.0000e+00
0.0000e+00
3.6270e-06
3.6254e-06
3.6226e-06
3.6187e-06
3.6139e-06
3.6082e-06
3.6016e-06
3.5941e-06
3.5856e-06
3.5760e-06
3.5652e-06
3.5531e-06
3.5396e-06
3.5244e-06
3.5076e-06
3.4891e-06
3.4688e-06
3.4466e-06
3.4227e-06
3.3969e-06
