1.1600e-02
6.8824e-03
5.2096e-03
4.6770e-03
3.8115e-03
3.5935e-03
3.2303e-03
3.0508e-03
2.9118e-03
2.7977e-03
2.7090e-03
2.6300e-03
2.5595e-03
2.4963e-03
2.4394e-03
2.3877e-03
2.3404e-03
2.2970e-03
2.2568e-03
2.2195e-03
4.7133e-04
2.5632e-04
1.6445e-04
1.1699e-04
8.4200e-05
6.4842e-05
4.8271e-05
3.7598e-05
2.7845e-05
2.1327e-05
1.5173e-05
1.0945e-05
6.6741e-06
3.6198e-06
9.9505e-07
0.0000e+00
0.0000e+00
0.0000e+00
0.0000e+00
0.0000e+00
9.0017e-05
5.3046e-05
3.7983e-05
2.8919e-05
2.3108e-05
1.8388e-05
1.4299e-05
1.1370e-05
8.5107e-06
5.9274e-06
4.0803e-06
2.4109e-06
1.1465e-06
2.4721e-07
0.0000e+00
0.0000e+00
0.0000e+00
0.0000e+00
0.0000e+00
0.0000e+00
0.0000e+00
0.0000e+00
0.0000e+00
0.0000e+00
0.0000e+00
0.0000e+00
0.0000e+00
0.0000e+00
0.0000e+00
0.0000e+00
0.0000e+00
0.0000e+00
0.0000e+00
0.0000e+00
0.0000e+00
0.0000e+00
0.0000e+00
0.0000e+00
0.0000e+00
0.0000e+00
3.5985e-06
3.5960e-06
3.5920e-06
3.5866e-06
3.5801e-06
3.5728e-06
3.5646e-06
3.5557e-06
3.5459e-06
3.5352e-06
3.5234e-06
3.5104e-06
3.4962e-06
3.4805e-06
3.4633e-06
3.4445e-06
3.4240e-06
3.4019e-06
3.3780e-06
3.3525e-06
