1.1703e-02
6.9453e-03
5.2528e-03
4.7087e-03
3.8392e-03
3.6207e-03
3.2656e-03
3.0862e-03
2.9466e-03
2.8316e-03
2.7394e-03
2.6605e-03
2.5894e-03
2.5254e-03
2.4676e-03
2.4151e-03
2.3670e-03
2.3227e-03
2.2817e-03
2.2436e-03
4.7151e-04
2.5650e-04
1.6465e-04
1.1712e-04
8.4305e-05
6.4955e-05
4.8370e-05
3.7714e-05
2.7947e-05
2.1447e-05
1.5275e-05
1.1062e-05
6.7873e-06
3.6959e-06
1.0536e-06
0.0000e+00
0.0000e+00
0.0000e+00
0.0000e+00
0.0000e+00
8.9898e-05
5.2974e-05
3.7882e-05
2.8807e-05
2.3035e-05
1.8312e-05
1.4226e-05
1.1346e-05
8.4807e-06
5.9022e-06
4.0768e-06
2.4124e-06
1.1554e-06
2.6043e-07
0.0000e+00
0.0000e+00
0.0000e+00
0.0000e+00
0.0000e+00
0.0000e+00
0.0000e+00
0.0000e+00
0.0000e+00
0.0000e+00
0.0000e+00
0.0000e+00
0.0000e+00
0.0000e+00
0.0000e+00
0.0000e+00
0.0000e+00
0.0000e+00
0.0000e+00
0.0000e+00
0.0000e+00
0.0000e+00
0.0000e+00
0.0000e+00
0.0000e+00
0.0000e+00
3.5960e-06
3.5952e-06
3.5938e-06
3.5915e-06
3.5884e-06
3.5844e-06
3.5794e-06
3.5734e-06
3.5662e-06
3.5577e-06
3.5479e-06
3.5366e-06
3.5236e-06
3.5088e-06
3.4922e-06
3.4736e-06
3.4531e-06
3.4305e-06
3.4060e-06
3.3795e-06
