1.1693e-02
6.9416e-03
5.2472e-03
4.6998e-03
3.8297e-03
3.6099e-03
3.2501e-03
3.0701e-03
2.9306e-03
2.8160e-03
2.7256e-03
2.6468e-03
2.5762e-03
2.5128e-03
2.4556e-03
2.4036e-03
2.3561e-03
2.3123e-03
2.2718e-03
2.2342e-03
4.7144e-04
2.5645e-04
1.6460e-04
1.1708e-04
8.4257e-05
6.4900e-05
4.8316e-05
3.7652e-05
2.7889e-05
2.1381e-05
1.5216e-05
1.0996e-05
6.7194e-06
3.6436e-06
1.0028e-06
0.0000e+00
0.0000e+00
0.0000e+00
0.0000e+00
0.0000e+00
8.9797e-05
5.2900e-05
3.7792e-05
2.8710e-05
2.2961e-05
1.8231e-05
1.4142e-05
1.1299e-05
8.4192e-06
5.8351e-06
4.0315e-06
2.3618e-06
1.1274e-06
2.2848e-07
0.0000e+00
0.0000e+00
0.0000e+00
0.0000e+00
0.0000e+00
0.0000e+00
0.0000e+00
0.0000e+00
0.0000e+00
0.0000e+00
0.0000e+00
0.0000e+00
0.0000e+00
0.0000e+00
0.0000e+00
0.0000e+00
0.0000e+00
0.0000e+00
0.0000e+00
0.0000e+00
0.0000e+00
0.0000e+00
0.0000e+00
0.0000e+00
0.0000e+00
0.0000e+00
3.5665e-06
3.5660e-06
3.5650e-06
3.5633e-06
3.5607e-06
3.5574e-06
3.5530e-06
3.5477e-06
3.5413e-06
3.5337e-06
3.5248e-06
3.5144e-06
3.5025e-06
3.4890e-06
3.4737e-06
3.4566e-06
3.4376e-06
3.4167e-06
3.3939e-06
3.3693e-06
