1.1530e-02
6.8444e-03
5.1946e-03
4.6737e-03
3.8127e-03
3.5970e-03
3.2378e-03
3.0594e-03
2.9209e-03
2.8068e-03
2.7171e-03
2.6382e-03
2.5676e-03
2.5043e-03
2.4471e-03
2.3952e-03
2.3477e-03
2.3040e-03
2.2636e-03
2.2260e-03
4.7121e-04
2.5618e-04
1.6431e-04
1.1690e-04
8.4140e-05
6.4817e-05
4.8270e-05
3.7633e-05
2.7888e-05
2.1401e-05
1.5240e-05
1.1034e-05
6.7602e-06
3.6703e-06
1.0198e-06
0.0000e+00
0.0000e+00
0.0000e+00
0.0000e+00
0.0000e+00
8.9750e-05
5.2860e-05
3.7746e-05
2.8660e-05
2.2918e-05
1.8186e-05
1.4096e-05
1.1272e-05
8.3887e-06
5.8053e-06
4.0154e-06
2.3465e-06
1.1224e-06
2.2427e-07
0.0000e+00
0.0000e+00
0.0000e+00
0.0000e+00
0.0000e+00
0.0000e+00
0.0000e+00
0.0000e+00
0.0000e+00
0.0000e+00
0.0000e+00
0.0000e+00
0.0000e+00
0.0000e+00
0.0000e+00
0.0000e+00
0.0000e+00
0.0000e+00
0.0000e+00
0.0000e+00
0.0000e+00
0.0000e+00
0.0000e+00
0.0000e+00
0.0000e+00
0.0000e+00
3.5756e-06
3.5746e-06
3.5729e-06
3.5704e-06
3.5671e-06
3.5629e-06
3.5578e-06
3.5518e-06
3.5447e-06
3.5364e-06
3.5268e-06
3.5158e-06
3.5032e-06
3.4889e-06
3.4729e-06
3.4550e-06
3.4353e-06
3.4136e-06
3.3901e-06
3.3647e-06
