1.1500e-02
6.8138e-03
5.1580e-03
4.6414e-03
3.7808e-03
3.5654e-03
3.1955e-03
3.0178e-03
2.8807e-03
2.7763e-03
2.6827e-03
2.6038e-03
2.5338e-03
2.4712e-03
2.4148e-03
2.3636e-03
2.3169e-03
2.2740e-03
2.2343e-03
2.1975e-03
4.7072e-04
2.5570e-04
1.6377e-04
1.1641e-04
8.3671e-05
6.4317e-05
4.7807e-05
3.7134e-05
2.7436e-05
2.0924e-05
1.4819e-05
1.0588e-05
6.3206e-06
3.3296e-06
6.8989e-07
0.0000e+00
0.0000e+00
0.0000e+00
0.0000e+00
0.0000e+00
8.9074e-05
5.2363e-05
3.7134e-05
2.8216e-05
2.2403e-05
1.7623e-05
1.3564e-05
1.0608e-05
7.8431e-06
5.4281e-06
3.6748e-06
1.9771e-06
9.2252e-07
1.9787e-09
0.0000e+00
0.0000e+00
0.0000e+00
0.0000e+00
0.0000e+00
0.0000e+00
0.0000e+00
0.0000e+00
0.0000e+00
0.0000e+00
0.0000e+00
0.0000e+00
0.0000e+00
0.0000e+00
0.0000e+00
0.0000e+00
0.0000e+00
0.0000e+00
0.0000e+00
0.0000e+00
0.0000e+00
0.0000e+00
0.0000e+00
0.0000e+00
0.0000e+00
0.0000e+00
3.4495e-06
3.4494e-06
3.4490e-06
3.4482e-06
3.4467e-06
3.4444e-06
3.4412e-06
3.4370e-06
3.4317e-06
3.4252e-06
3.4173e-06
3.4081e-06
3.3973e-06
3.3848e-06
3.3705e-06
3.3544e-06
3.3365e-06
3.3167e-06
3.2950e-06
3.2715e-06
