1.1745e-02
6.9956e-03
5.3030e-03
4.7562e-03
3.8741e-03
3.6549e-03
3.3135e-03
3.1335e-03
2.9927e-03
2.8764e-03
2.7790e-03
2.7005e-03
2.6290e-03
2.5644e-03
2.5059e-03
2.4527e-03
2.4039e-03
2.3589e-03
2.3173e-03
2.2786e-03
4.7217e-04
2.5722e-04
1.6550e-04
1.1787e-04
8.5142e-05
6.5687e-05
4.9027e-05
3.8399e-05
2.8545e-05
2.2065e-05
1.5809e-05
1.1620e-05
7.5736e-06
4.7170e-06
1.7582e-06
1.0034e-07
0.0000e+00
0.0000e+00
0.0000e+00
0.0000e+00
9.0849e-05
5.3667e-05
3.8741e-05
2.9747e-05
2.3758e-05
1.9101e-05
1.5054e-05
1.1820e-05
9.0865e-06
6.5555e-06
4.5112e-06
2.8876e-06
1.4124e-06
5.5027e-07
0.0000e+00
0.0000e+00
0.0000e+00
0.0000e+00
0.0000e+00
0.0000e+00
9.7181e-09
0.0000e+00
0.0000e+00
0.0000e+00
0.0000e+00
0.0000e+00
0.0000e+00
0.0000e+00
0.0000e+00
0.0000e+00
0.0000e+00
0.0000e+00
0.0000e+00
0.0000e+00
0.0000e+00
0.0000e+00
0.0000e+00
0.0000e+00
0.0000e+00
0.0000e+00
3.7778e-06
3.7752e-06
3.7710e-06
3.7653e-06
3.7585e-06
3.7507e-06
3.7419e-06
3.7322e-06
3.7216e-06
3.7100e-06
3.6972e-06
3.6831e-06
3.6676e-06
3.6505e-06
3.6318e-06
3.6114e-06
3.5892e-06
3.5652e-06
3.5393e-06
3.5117e-06
