1.1735e-02
6.9887e-03
5.2972e-03
4.7502e-03
3.8689e-03
3.6493e-03
3.3057e-03
3.1254e-03
2.9845e-03
2.8682e-03
2.7717e-03
2.6930e-03
2.6216e-03
2.5572e-03
2.4989e-03
2.4458e-03
2.3972e-03
2.3525e-03
2.3111e-03
2.2726e-03
4.7222e-04
2.5727e-04
1.6554e-04
1.1791e-04
8.5162e-05
6.5699e-05
4.9027e-05
3.8381e-05
2.8521e-05
2.2027e-05
1.5772e-05
1.1572e-05
7.5344e-06
4.6705e-06
1.7158e-06
8.5079e-08
0.0000e+00
0.0000e+00
0.0000e+00
0.0000e+00
9.0961e-05
5.3748e-05
3.8841e-05
2.9854e-05
2.3837e-05
1.9184e-05
1.5136e-05
1.1859e-05
9.1328e-06
6.6002e-06
4.5331e-06
2.9080e-06
1.4185e-06
5.5529e-07
0.0000e+00
0.0000e+00
0.0000e+00
0.0000e+00
0.0000e+00
0.0000e+00
1.4632e-08
0.0000e+00
0.0000e+00
0.0000e+00
0.0000e+00
0.0000e+00
0.0000e+00
0.0000e+00
0.0000e+00
0.0000e+00
0.0000e+00
0.0000e+00
0.0000e+00
0.0000e+00
0.0000e+00
0.0000e+00
0.0000e+00
0.0000e+00
0.0000e+00
0.0000e+00
3.8078e-06
3.8046e-06
3.7994e-06
3.7926e-06
3.7846e-06
3.7757e-06
3.7660e-06
3.7554e-06
3.7440e-06
3.7316e-06
3.7182e-06
3.7035e-06
3.6875e-06
3.6701e-06
3.6511e-06
3.6304e-06
3.6080e-06
3.5839e-06
3.5581e-06
3.5306e-06
