1.1566e-02
6.8708e-03
5.2122e-03
4.6826e-03
3.8186e-03
3.6012e-03
3.2421e-03
3.0627e-03
2.9236e-03
2.8092e-03
2.7192e-03
2.6404e-03
2.5699e-03
2.5067e-03
2.4497e-03
2.3979e-03
2.3506e-03
2.3071e-03
2.2668e-03
2.2294e-03
4.7145e-04
2.5643e-04
1.6459e-04
1.1712e-04
8.4310e-05
6.4965e-05
4.8373e-05
3.7710e-05
2.7932e-05
2.1421e-05
1.5242e-05
1.1018e-05
6.7370e-06
3.6530e-06
1.0126e-06
0.0000e+00
0.0000e+00
0.0000e+00
0.0000e+00
0.0000e+00
8.9897e-05
5.2976e-05
3.7881e-05
2.8804e-05
2.3033e-05
1.8306e-05
1.4217e-05
1.1338e-05
8.4677e-06
5.8844e-06
4.0601e-06
2.3909e-06
1.1404e-06
2.4169e-07
0.0000e+00
0.0000e+00
0.0000e+00
0.0000e+00
0.0000e+00
0.0000e+00
0.0000e+00
0.0000e+00
0.0000e+00
0.0000e+00
0.0000e+00
0.0000e+00
0.0000e+00
0.0000e+00
0.0000e+00
0.0000e+00
0.0000e+00
0.0000e+00
0.0000e+00
0.0000e+00
0.0000e+00
0.0000e+00
0.0000e+00
0.0000e+00
0.0000e+00
0.0000e+00
3.5910e-06
3.5905e-06
3.5895e-06
3.5878e-06
3.5854e-06
3.5820e-06
3.5778e-06
3.5724e-06
3.5659e-06
3.5581e-06
3.5490e-06
3.5383e-06
3.5259e-06
3.5117e-06
3.4957e-06
3.4777e-06
3.4578e-06
3.4358e-06
3.4118e-06
3.3859e-06
