1.1546e-02
6.8232e-03
5.1571e-03
4.6409e-03
3.7812e-03
3.5666e-03
3.1977e-03
3.0209e-03
2.8845e-03
2.7795e-03
2.6873e-03
2.6088e-03
2.5391e-03
2.4767e-03
2.4205e-03
2.3694e-03
2.3227e-03
2.2797e-03
2.2400e-03
2.2031e-03
4.7106e-04
2.5601e-04
1.6404e-04
1.1666e-04
8.3892e-05
6.4527e-05
4.7997e-05
3.7326e-05
2.7612e-05
2.1098e-05
1.4973e-05
1.0744e-05
6.4742e-06
3.4547e-06
8.1759e-07
0.0000e+00
0.0000e+00
0.0000e+00
0.0000e+00
0.0000e+00
8.9402e-05
5.2610e-05
3.7432e-05
2.8420e-05
2.2654e-05
1.7893e-05
1.3785e-05
1.1091e-05
8.1523e-06
5.5550e-06
3.8363e-06
2.1468e-06
1.0108e-06
9.8444e-08
0.0000e+00
0.0000e+00
0.0000e+00
0.0000e+00
0.0000e+00
0.0000e+00
1.2119e-09
0.0000e+00
0.0000e+00
0.0000e+00
0.0000e+00
0.0000e+00
0.0000e+00
0.0000e+00
0.0000e+00
0.0000e+00
0.0000e+00
0.0000e+00
0.0000e+00
0.0000e+00
0.0000e+00
0.0000e+00
0.0000e+00
0.0000e+00
0.0000e+00
0.0000e+00
3.5017e-06
3.5014e-06
3.5012e-06
3.5004e-06
3.4991e-06
3.4969e-06
3.4938e-06
3.4897e-06
3.4845e-06
3.4781e-06
3.4704e-06
3.4612e-06
3.4504e-06
3.4380e-06
3.4238e-06
3.4077e-06
3.3898e-06
3.3701e-06
3.3484e-06
3.3250e-06
