1.1608e-02
6.8802e-03
5.2053e-03
4.6740e-03
3.8094e-03
3.5925e-03
3.2305e-03
3.0527e-03
2.9151e-03
2.8022e-03
2.7140e-03
2.6358e-03
2.5660e-03
2.5034e-03
2.4468e-03
2.3954e-03
2.3483e-03
2.3051e-03
2.2650e-03
2.2278e-03
4.7175e-04
2.5671e-04
1.6481e-04
1.1732e-04
8.4493e-05
6.5135e-05
4.8543e-05
3.7879e-05
2.8104e-05
2.1600e-05
1.5419e-05
1.1207e-05
6.9324e-06
3.8224e-06
1.1897e-06
0.0000e+00
0.0000e+00
0.0000e+00
0.0000e+00
0.0000e+00
9.0261e-05
5.3244e-05
3.8211e-05
2.9165e-05
2.3313e-05
1.8614e-05
1.4542e-05
1.1528e-05
8.7124e-06
6.1522e-06
4.2421e-06
2.5937e-06
1.2519e-06
3.6784e-07
0.0000e+00
0.0000e+00
0.0000e+00
0.0000e+00
0.0000e+00
0.0000e+00
0.0000e+00
0.0000e+00
0.0000e+00
0.0000e+00
0.0000e+00
0.0000e+00
0.0000e+00
0.0000e+00
0.0000e+00
0.0000e+00
0.0000e+00
0.0000e+00
0.0000e+00
0.0000e+00
0.0000e+00
0.0000e+00
0.0000e+00
0.0000e+00
0.0000e+00
0.0000e+00
3.6634e-06
3.6628e-06
3.6617e-06
3.6598e-06
3.6572e-06
3.6537e-06
3.6493e-06
3.6438e-06
3.6372e-06
3.6294e-06
3.6203e-06
3.6097e-06
3.5976e-06
3.5839e-06
3.5683e-06
3.5510e-06
3.5319e-06
3.5109e-06
3.4880e-06
3.4634e-06
