1.1534e-02
6.8316e-03
5.1715e-03
4.6521e-03
3.7899e-03
3.5739e-03
3.2057e-03
3.0279e-03
2.8908e-03
2.7831e-03
2.6925e-03
2.6141e-03
2.5445e-03
2.4823e-03
2.4262e-03
2.3753e-03
2.3287e-03
2.2859e-03
2.2464e-03
2.2096e-03
4.7137e-04
2.5631e-04
1.6436e-04
1.1695e-04
8.4159e-05
6.4786e-05
4.8227e-05
3.7546e-05
2.7806e-05
2.1286e-05
1.5143e-05
1.0914e-05
6.6459e-06
3.6036e-06
9.8258e-07
0.0000e+00
0.0000e+00
0.0000e+00
0.0000e+00
0.0000e+00
8.9942e-05
5.3002e-05
3.7918e-05
2.8844e-05
2.3056e-05
1.8330e-05
1.4239e-05
1.1341e-05
8.4730e-06
5.8884e-06
4.0576e-06
2.3879e-06
1.1361e-06
2.3708e-07
0.0000e+00
0.0000e+00
0.0000e+00
0.0000e+00
0.0000e+00
0.0000e+00
0.0000e+00
0.0000e+00
0.0000e+00
0.0000e+00
0.0000e+00
0.0000e+00
0.0000e+00
0.0000e+00
0.0000e+00
0.0000e+00
0.0000e+00
0.0000e+00
0.0000e+00
0.0000e+00
0.0000e+00
0.0000e+00
0.0000e+00
0.0000e+00
0.0000e+00
0.0000e+00
3.5977e-06
3.5964e-06
3.5942e-06
3.5911e-06
3.5872e-06
3.5824e-06
3.5767e-06
3.5702e-06
3.5626e-06
3.5540e-06
3.5443e-06
3.5332e-06
3.5206e-06
3.5066e-06
3.4909e-06
3.4734e-06
3.4542e-06
3.4332e-06
3.4104e-06
3.3857e-06
