1.1492e-02
6.8164e-03
5.1693e-03
4.6547e-03
3.7953e-03
3.5809e-03
3.2174e-03
3.0399e-03
2.9024e-03
2.7891e-03
2.7014e-03
2.6224e-03
2.5519e-03
2.4888e-03
2.4317e-03
2.3800e-03
2.3326e-03
2.2890e-03
2.2487e-03
2.2113e-03
4.7124e-04
2.5618e-04
1.6425e-04
1.1685e-04
8.4083e-05
6.4730e-05
4.8181e-05
3.7516e-05
2.7778e-05
2.1268e-05
1.5121e-05
1.0896e-05
6.6232e-06
3.5722e-06
9.3722e-07
0.0000e+00
0.0000e+00
0.0000e+00
0.0000e+00
0.0000e+00
8.9750e-05
5.2864e-05
3.7745e-05
2.8655e-05
2.2914e-05
1.8175e-05
1.4079e-05
1.1255e-05
8.3619e-06
5.7697e-06
3.9826e-06
2.3060e-06
1.0944e-06
1.9057e-07
0.0000e+00
0.0000e+00
0.0000e+00
0.0000e+00
0.0000e+00
0.0000e+00
0.0000e+00
0.0000e+00
0.0000e+00
0.0000e+00
0.0000e+00
0.0000e+00
0.0000e+00
0.0000e+00
0.0000e+00
0.0000e+00
0.0000e+00
0.0000e+00
0.0000e+00
0.0000e+00
0.0000e+00
0.0000e+00
0.0000e+00
0.0000e+00
0.0000e+00
0.0000e+00
3.5771e-06
3.5764e-06
3.5752e-06
3.5733e-06
3.5706e-06
3.5671e-06
3.5628e-06
3.5574e-06
3.5510e-06
3.5435e-06
3.5346e-06
3.5243e-06
3.5125e-06
3.4991e-06
3.4839e-06
3.4669e-06
3.4480e-06
3.4273e-06
3.4047e-06
3.3804e-06
