1.1557e-02
6.8717e-03
5.2158e-03
4.6866e-03
3.8245e-03
3.6090e-03
3.2564e-03
3.0782e-03
2.9395e-03
2.8249e-03
2.7329e-03
2.6541e-03
2.5830e-03
2.5191e-03
2.4613e-03
2.4087e-03
2.3606e-03
2.3163e-03
2.2753e-03
2.2372e-03
4.7116e-04
2.5618e-04
1.6439e-04
1.1693e-04
8.4151e-05
6.4838e-05
4.8267e-05
3.7636e-05
2.7868e-05
2.1381e-05
1.5202e-05
1.0995e-05
6.7124e-06
3.6139e-06
9.5021e-07
0.0000e+00
0.0000e+00
0.0000e+00
0.0000e+00
0.0000e+00
8.9511e-05
5.2689e-05
3.7532e-05
2.8489e-05
2.2745e-05
1.7998e-05
1.3900e-05
1.1166e-05
8.2513e-06
5.6572e-06
3.9194e-06
2.2412e-06
1.0672e-06
1.6296e-07
0.0000e+00
0.0000e+00
0.0000e+00
0.0000e+00
0.0000e+00
0.0000e+00
0.0000e+00
0.0000e+00
0.0000e+00
0.0000e+00
0.0000e+00
0.0000e+00
0.0000e+00
0.0000e+00
0.0000e+00
0.0000e+00
0.0000e+00
0.0000e+00
0.0000e+00
0.0000e+00
0.0000e+00
0.0000e+00
0.0000e+00
0.0000e+00
0.0000e+00
0.0000e+00
3.5204e-06
3.5202e-06
3.5198e-06
3.5188e-06
3.5170e-06
3.5144e-06
3.5108e-06
3.5061e-06
3.5002e-06
3.4930e-06
3.4843e-06
3.4741e-06
3.4621e-06
3.4483e-06
3.4326e-06
3.4150e-06
3.3952e-06
3.3735e-06
3.3497e-06
3.3239e-06
