1.1541e-02
6.8363e-03
5.1737e-03
4.6528e-03
3.7900e-03
3.5737e-03
3.2050e-03
3.0271e-03
2.8898e-03
2.7826e-03
2.6915e-03
2.6130e-03
2.5432e-03
2.4809e-03
2.4247e-03
2.3736e-03
2.3270e-03
2.2841e-03
2.2445e-03
2.2076e-03
4.7116e-04
2.5612e-04
1.6417e-04
1.1677e-04
8.3997e-05
6.4634e-05
4.8094e-05
3.7423e-05
2.7700e-05
2.1187e-05
1.5054e-05
1.0827e-05
6.5575e-06
3.5246e-06
8.9142e-07
0.0000e+00
0.0000e+00
0.0000e+00
0.0000e+00
0.0000e+00
8.9579e-05
5.2739e-05
3.7592e-05
2.8527e-05
2.2789e-05
1.8042e-05
1.3943e-05
1.1181e-05
8.2696e-06
5.6733e-06
3.9219e-06
2.2417e-06
1.0618e-06
1.5557e-07
0.0000e+00
0.0000e+00
0.0000e+00
0.0000e+00
0.0000e+00
0.0000e+00
0.0000e+00
0.0000e+00
0.0000e+00
0.0000e+00
0.0000e+00
0.0000e+00
0.0000e+00
0.0000e+00
0.0000e+00
0.0000e+00
0.0000e+00
0.0000e+00
0.0000e+00
0.0000e+00
0.0000e+00
0.0000e+00
0.0000e+00
0.0000e+00
0.0000e+00
0.0000e+00
3.5382e-06
3.5380e-06
3.5374e-06
3.5363e-06
3.5344e-06
3.5317e-06
3.5280e-06
3.5233e-06
3.5175e-06
3.5104e-06
3.5020e-06
3.4921e-06
3.4806e-06
3.4674e-06
3.4524e-06
3.4355e-06
3.4167e-06
3.3960e-06
3.3734e-06
3.3490e-06
