1.1656e-02
6.9367e-03
5.2614e-03
4.7226e-03
3.8499e-03
3.6321e-03
3.2847e-03
3.1054e-03
2.9654e-03
2.8499e-03
2.7553e-03
2.6765e-03
2.6052e-03
2.5410e-03
2.4829e-03
2.4300e-03
2.3816e-03
2.3370e-03
2.2958e-03
2.2574e-03
4.7165e-04
2.5668e-04
1.6492e-04
1.1737e-04
8.4611e-05
6.5222e-05
4.8601e-05
3.7963e-05
2.8150e-05
2.1659e-05
1.5443e-05
1.1238e-05
6.9504e-06
3.8062e-06
1.1493e-06
0.0000e+00
0.0000e+00
0.0000e+00
0.0000e+00
0.0000e+00
9.0079e-05
5.3108e-05
3.8046e-05
2.8988e-05
2.3177e-05
1.8467e-05
1.4389e-05
1.1443e-05
8.6029e-06
6.0335e-06
4.1653e-06
2.5083e-06
1.2076e-06
3.1787e-07
0.0000e+00
0.0000e+00
0.0000e+00
0.0000e+00
0.0000e+00
0.0000e+00
0.0000e+00
0.0000e+00
0.0000e+00
0.0000e+00
0.0000e+00
0.0000e+00
0.0000e+00
0.0000e+00
0.0000e+00
0.0000e+00
0.0000e+00
0.0000e+00
0.0000e+00
0.0000e+00
0.0000e+00
0.0000e+00
0.0000e+00
0.0000e+00
0.0000e+00
0.0000e+00
3.6154e-06
3.6145e-06
3.6131e-06
3.6108e-06
3.6078e-06
3.6038e-06
3.5989e-06
3.5930e-06
3.5860e-06
3.5777e-06
3.5682e-06
3.5571e-06
3.5445e-06
3.5302e-06
3.5140e-06
3.4960e-06
3.4760e-06
3.4541e-06
3.4303e-06
3.4046e-06
