1.1602e-02
6.8926e-03
5.2208e-03
4.6841e-03
3.8182e-03
3.6002e-03
3.2404e-03
3.0611e-03
2.9220e-03
2.8076e-03
2.7176e-03
2.6386e-03
2.5679e-03
2.5044e-03
2.4472e-03
2.3952e-03
2.3476e-03
2.3039e-03
2.2634e-03
2.2259e-03
4.7136e-04
2.5637e-04
1.6454e-04
1.1706e-04
8.4254e-05
6.4910e-05
4.8326e-05
3.7665e-05
2.7896e-05
2.1387e-05
1.5214e-05
1.0990e-05
6.7087e-06
3.6302e-06
9.8812e-07
0.0000e+00
0.0000e+00
0.0000e+00
0.0000e+00
0.0000e+00
8.9840e-05
5.2927e-05
3.7827e-05
2.8748e-05
2.2987e-05
1.8258e-05
1.4168e-05
1.1309e-05
8.4314e-06
5.8453e-06
4.0340e-06
2.3619e-06
1.1247e-06
2.2366e-07
0.0000e+00
0.0000e+00
0.0000e+00
0.0000e+00
0.0000e+00
0.0000e+00
0.0000e+00
0.0000e+00
0.0000e+00
0.0000e+00
0.0000e+00
0.0000e+00
0.0000e+00
0.0000e+00
0.0000e+00
0.0000e+00
0.0000e+00
0.0000e+00
0.0000e+00
0.0000e+00
0.0000e+00
0.0000e+00
0.0000e+00
0.0000e+00
0.0000e+00
0.0000e+00
3.5984e-06
3.5973e-06
3.5954e-06
3.5926e-06
3.5890e-06
3.5845e-06
3.5791e-06
3.5728e-06
3.5654e-06
3.5568e-06
3.5470e-06
3.5358e-06
3.5231e-06
3.5087e-06
3.4927e-06
3.4748e-06
3.4550e-06
3.4334e-06
3.4100e-06
3.3848e-06
