1.1624e-02
6.9071e-03
5.2355e-03
4.6992e-03
3.8325e-03
3.6152e-03
3.2616e-03
3.0829e-03
2.9439e-03
2.8295e-03
2.7376e-03
2.6591e-03
2.5884e-03
2.5248e-03
2.4673e-03
2.4150e-03
2.3671e-03
2.3231e-03
2.2823e-03
2.2443e-03
4.7169e-04
2.5669e-04
1.6487e-04
1.1736e-04
8.4555e-05
6.5210e-05
4.8609e-05
3.7967e-05
2.8173e-05
2.1684e-05
1.5483e-05
1.1280e-05
7.0001e-06
3.8604e-06
1.2194e-06
0.0000e+00
0.0000e+00
0.0000e+00
0.0000e+00
0.0000e+00
9.0249e-05
5.3230e-05
3.8201e-05
2.9157e-05
2.3305e-05
1.8608e-05
1.4538e-05
1.1525e-05
8.7114e-06
6.1522e-06
4.2439e-06
2.5959e-06
1.2546e-06
3.7069e-07
0.0000e+00
0.0000e+00
0.0000e+00
0.0000e+00
0.0000e+00
0.0000e+00
0.0000e+00
0.0000e+00
0.0000e+00
0.0000e+00
0.0000e+00
0.0000e+00
0.0000e+00
0.0000e+00
0.0000e+00
0.0000e+00
0.0000e+00
0.0000e+00
0.0000e+00
0.0000e+00
0.0000e+00
0.0000e+00
0.0000e+00
0.0000e+00
0.0000e+00
0.0000e+00
3.6848e-06
3.6839e-06
3.6821e-06
3.6795e-06
3.6758e-06
3.6711e-06
3.6654e-06
3.6585e-06
3.6504e-06
3.6411e-06
3.6305e-06
3.6183e-06
3.6046e-06
3.5892e-06
3.5720e-06
3.5529e-06
3.5320e-06
3.5092e-06
3.4845e-06
3.4580e-06
