1.1569e-02
6.8607e-03
5.1998e-03
4.6751e-03
3.8128e-03
3.5969e-03
3.2371e-03
3.0588e-03
2.9205e-03
2.8066e-03
2.7172e-03
2.6383e-03
2.5677e-03
2.5044e-03
2.4472e-03
2.3952e-03
2.3476e-03
2.3039e-03
2.2634e-03
2.2257e-03
4.7150e-04
2.5646e-04
1.6457e-04
1.1712e-04
8.4322e-05
6.4976e-05
4.8402e-05
3.7745e-05
2.7982e-05
2.1481e-05
1.5310e-05
1.1096e-05
6.8221e-06
3.7296e-06
1.0929e-06
0.0000e+00
0.0000e+00
0.0000e+00
0.0000e+00
0.0000e+00
9.0062e-05
5.3092e-05
3.8029e-05
2.8966e-05
2.3155e-05
1.8440e-05
1.4358e-05
1.1417e-05
8.5712e-06
5.9980e-06
4.1371e-06
2.4772e-06
1.1883e-06
2.9627e-07
0.0000e+00
0.0000e+00
0.0000e+00
0.0000e+00
0.0000e+00
0.0000e+00
0.0000e+00
0.0000e+00
0.0000e+00
0.0000e+00
0.0000e+00
0.0000e+00
0.0000e+00
0.0000e+00
0.0000e+00
0.0000e+00
0.0000e+00
0.0000e+00
0.0000e+00
0.0000e+00
0.0000e+00
0.0000e+00
0.0000e+00
0.0000e+00
0.0000e+00
0.0000e+00
3.6283e-06
3.6272e-06
3.6254e-06
3.6227e-06
3.6192e-06
3.6148e-06
3.6095e-06
3.6032e-06
3.5959e-06
3.5875e-06
3.5777e-06
3.5666e-06
3.5540e-06
3.5397e-06
3.5238e-06
3.5061e-06
3.4865e-06
3.4651e-06
3.4419e-06
3.4170e-06
