1.1656e-02
6.9286e-03
5.2438e-03
4.6982e-03
3.8277e-03
3.6072e-03
3.2466e-03
3.0653e-03
2.9245e-03
2.8089e-03
2.7181e-03
2.6384e-03
2.5671e-03
2.5032e-03
2.4455e-03
2.3931e-03
2.3453e-03
2.3013e-03
2.2606e-03
2.2228e-03
4.7098e-04
2.5602e-04
1.6421e-04
1.1671e-04
8.3906e-05
6.4554e-05
4.7980e-05
3.7301e-05
2.7549e-05
2.1027e-05
1.4881e-05
1.0642e-05
6.3589e-06
3.3421e-06
6.9223e-07
0.0000e+00
0.0000e+00
0.0000e+00
0.0000e+00
0.0000e+00
8.9073e-05
5.2374e-05
3.7139e-05
2.8231e-05
2.2415e-05
1.7636e-05
1.3580e-05
1.0622e-05
7.8568e-06
5.4378e-06
3.6834e-06
1.9838e-06
9.2506e-07
3.0461e-09
0.0000e+00
0.0000e+00
0.0000e+00
0.0000e+00
0.0000e+00
0.0000e+00
3.0782e-08
2.2432e-08
9.6124e-09
2.8050e-10
0.0000e+00
0.0000e+00
0.0000e+00
0.0000e+00
0.0000e+00
0.0000e+00
0.0000e+00
0.0000e+00
0.0000e+00
0.0000e+00
0.0000e+00
0.0000e+00
0.0000e+00
0.0000e+00
0.0000e+00
0.0000e+00
3.4317e-06
3.4353e-06
3.4364e-06
3.4352e-06
3.4329e-06
3.4321e-06
3.4310e-06
3.4289e-06
3.4254e-06
3.4206e-06
3.4142e-06
3.4062e-06
3.3964e-06
3.3848e-06
3.3711e-06
3.3555e-06
3.3378e-06
3.3181e-06
3.2963e-06
3.2725e-06
