1.1502e-02
6.8081e-03
5.1532e-03
4.6398e-03
3.7782e-03
3.5620e-03
3.1883e-03
3.0096e-03
2.8720e-03
2.7719e-03
2.6744e-03
2.5949e-03
2.5247e-03
2.4620e-03
2.4055e-03
2.3542e-03
2.3073e-03
2.2642e-03
2.2244e-03
2.1874e-03
4.7073e-04
2.5567e-04
1.6370e-04
1.1635e-04
8.3613e-05
6.4243e-05
4.7740e-05
3.7054e-05
2.7367e-05
2.0846e-05
1.4753e-05
1.0514e-05
6.2479e-06
3.2789e-06
6.4589e-07
0.0000e+00
0.0000e+00
0.0000e+00
0.0000e+00
0.0000e+00
8.9006e-05
5.2319e-05
3.7073e-05
2.8180e-05
2.2353e-05
1.7567e-05
1.3524e-05
1.0562e-05
7.7949e-06
5.4038e-06
3.6416e-06
1.9407e-06
9.0210e-07
0.0000e+00
0.0000e+00
0.0000e+00
0.0000e+00
0.0000e+00
0.0000e+00
0.0000e+00
2.3447e-08
1.4081e-08
1.4962e-09
0.0000e+00
0.0000e+00
0.0000e+00
0.0000e+00
0.0000e+00
0.0000e+00
0.0000e+00
0.0000e+00
0.0000e+00
0.0000e+00
0.0000e+00
0.0000e+00
0.0000e+00
0.0000e+00
0.0000e+00
0.0000e+00
0.0000e+00
3.4427e-06
3.4449e-06
3.4449e-06
3.4431e-06
3.4421e-06
3.4415e-06
3.4399e-06
3.4373e-06
3.4334e-06
3.4283e-06
3.4218e-06
3.4138e-06
3.4042e-06
3.3928e-06
3.3796e-06
3.3646e-06
3.3476e-06
3.3288e-06
3.3080e-06
3.2855e-06
