1.1719e-02
6.9637e-03
5.2659e-03
4.7170e-03
3.8435e-03
3.6237e-03
3.2688e-03
3.0886e-03
2.9485e-03
2.8331e-03
2.7405e-03
2.6614e-03
2.5902e-03
2.5261e-03
2.4683e-03
2.4156e-03
2.3674e-03
2.3231e-03
2.2821e-03
2.2440e-03
4.7103e-04
2.5606e-04
1.6425e-04
1.1672e-04
8.3916e-05
6.4561e-05
4.7987e-05
3.7311e-05
2.7558e-05
2.1041e-05
1.4896e-05
1.0663e-05
6.3847e-06
3.3642e-06
7.1729e-07
0.0000e+00
0.0000e+00
0.0000e+00
0.0000e+00
0.0000e+00
8.9153e-05
5.2429e-05
3.7210e-05
2.8275e-05
2.2473e-05
1.7698e-05
1.3622e-05
1.0668e-05
7.9039e-06
5.4580e-06
3.7120e-06
2.0150e-06
9.4105e-07
2.1273e-08
0.0000e+00
0.0000e+00
0.0000e+00
0.0000e+00
0.0000e+00
0.0000e+00
2.7507e-08
1.3815e-08
6.7154e-10
0.0000e+00
0.0000e+00
0.0000e+00
0.0000e+00
0.0000e+00
0.0000e+00
0.0000e+00
0.0000e+00
0.0000e+00
0.0000e+00
0.0000e+00
0.0000e+00
0.0000e+00
0.0000e+00
0.0000e+00
0.0000e+00
0.0000e+00
3.4482e-06
3.4503e-06
3.4498e-06
3.4476e-06
3.4469e-06
3.4460e-06
3.4440e-06
3.4410e-06
3.4366e-06
3.4309e-06
3.4238e-06
3.4150e-06
3.4044e-06
3.3921e-06
3.3778e-06
3.3616e-06
3.3433e-06
3.3230e-06
3.3007e-06
3.2764e-06
