1.1596e-02
6.8775e-03
5.2056e-03
4.6748e-03
3.8094e-03
3.5913e-03
3.2265e-03
3.0466e-03
2.9073e-03
2.7928e-03
2.7042e-03
2.6247e-03
2.5538e-03
2.4903e-03
2.4331e-03
2.3811e-03
2.3336e-03
2.2899e-03
2.2496e-03
2.2121e-03
4.7097e-04
2.5596e-04
1.6407e-04
1.1664e-04
8.3863e-05
6.4507e-05
4.7965e-05
3.7297e-05
2.7572e-05
2.1057e-05
1.4925e-05
1.0692e-05
6.4151e-06
3.3974e-06
7.5191e-07
0.0000e+00
0.0000e+00
0.0000e+00
0.0000e+00
0.0000e+00
8.9254e-05
5.2500e-05
3.7297e-05
2.8329e-05
2.2538e-05
1.7767e-05
1.3651e-05
1.1015e-05
8.0536e-06
5.5043e-06
3.7644e-06
2.0660e-06
9.6713e-07
4.8362e-08
0.0000e+00
0.0000e+00
0.0000e+00
0.0000e+00
0.0000e+00
0.0000e+00
0.0000e+00
0.0000e+00
0.0000e+00
0.0000e+00
0.0000e+00
0.0000e+00
0.0000e+00
0.0000e+00
0.0000e+00
0.0000e+00
0.0000e+00
0.0000e+00
0.0000e+00
0.0000e+00
0.0000e+00
0.0000e+00
0.0000e+00
0.0000e+00
0.0000e+00
0.0000e+00
3.4712e-06
3.4702e-06
3.4684e-06
3.4659e-06
3.4627e-06
3.4586e-06
3.4537e-06
3.4479e-06
3.4411e-06
3.4331e-06
3.4238e-06
3.4131e-06
3.4008e-06
3.3868e-06
3.3710e-06
3.3533e-06
3.3336e-06
3.3121e-06
3.2885e-06
3.2631e-06
