1.1605e-02
6.8891e-03
5.2174e-03
4.6847e-03
3.8210e-03
3.6049e-03
3.2484e-03
3.0707e-03
2.9327e-03
2.8191e-03
2.7287e-03
2.6503e-03
2.5799e-03
2.5166e-03
2.4594e-03
2.4074e-03
2.3598e-03
2.3160e-03
2.2755e-03
2.2378e-03
4.7119e-04
2.5619e-04
1.6434e-04
1.1688e-04
8.4103e-05
6.4767e-05
4.8209e-05
3.7560e-05
2.7812e-05
2.1314e-05
1.5156e-05
1.0942e-05
6.6687e-06
3.5968e-06
9.5087e-07
0.0000e+00
0.0000e+00
0.0000e+00
0.0000e+00
0.0000e+00
8.9676e-05
5.2803e-05
3.7678e-05
2.8587e-05
2.2860e-05
1.8122e-05
1.4026e-05
1.1227e-05
8.3297e-06
5.7384e-06
3.9655e-06
2.2895e-06
1.0883e-06
1.8504e-07
0.0000e+00
0.0000e+00
0.0000e+00
0.0000e+00
0.0000e+00
0.0000e+00
0.0000e+00
0.0000e+00
0.0000e+00
0.0000e+00
0.0000e+00
0.0000e+00
0.0000e+00
0.0000e+00
0.0000e+00
0.0000e+00
0.0000e+00
0.0000e+00
0.0000e+00
0.0000e+00
0.0000e+00
0.0000e+00
0.0000e+00
0.0000e+00
0.0000e+00
0.0000e+00
3.5651e-06
3.5639e-06
3.5618e-06
3.5588e-06
3.5550e-06
3.5503e-06
3.5446e-06
3.5381e-06
3.5305e-06
3.5218e-06
3.5119e-06
3.5006e-06
3.4878e-06
3.4733e-06
3.4572e-06
3.4393e-06
3.4195e-06
3.3979e-06
3.3744e-06
3.3491e-06
