1.1702e-02
6.9620e-03
5.2762e-03
4.7336e-03
3.8582e-03
3.6396e-03
3.2925e-03
3.1126e-03
2.9721e-03
2.8562e-03
2.7609e-03
2.6821e-03
2.6106e-03
2.5463e-03
2.4881e-03
2.4352e-03
2.3867e-03
2.3421e-03
2.3008e-03
2.2624e-03
4.7131e-04
2.5635e-04
1.6458e-04
1.1704e-04
8.4268e-05
6.4904e-05
4.8308e-05
3.7668e-05
2.7884e-05
2.1390e-05
1.5203e-05
1.0991e-05
6.7066e-06
3.6081e-06
9.4685e-07
0.0000e+00
0.0000e+00
0.0000e+00
0.0000e+00
0.0000e+00
8.9559e-05
5.2728e-05
3.7578e-05
2.8521e-05
2.2783e-05
1.8038e-05
1.3941e-05
1.1188e-05
8.2772e-06
5.6827e-06
3.9334e-06
2.2546e-06
1.0722e-06
1.6745e-07
0.0000e+00
0.0000e+00
0.0000e+00
0.0000e+00
0.0000e+00
0.0000e+00
7.4975e-10
0.0000e+00
0.0000e+00
0.0000e+00
0.0000e+00
0.0000e+00
0.0000e+00
0.0000e+00
0.0000e+00
0.0000e+00
0.0000e+00
0.0000e+00
0.0000e+00
0.0000e+00
0.0000e+00
0.0000e+00
0.0000e+00
0.0000e+00
0.0000e+00
0.0000e+00
3.5427e-06
3.5425e-06
3.5422e-06
3.5413e-06
3.5397e-06
3.5373e-06
3.5339e-06
3.5294e-06
3.5237e-06
3.5168e-06
3.5084e-06
3.4985e-06
3.4869e-06
3.4735e-06
3.4583e-06
3.4411e-06
3.4219e-06
3.4008e-06
3.3778e-06
3.3528e-06
