1.1469e-02
6.7916e-03
5.1452e-03
4.6372e-03
3.7789e-03
3.5656e-03
3.1974e-03
3.0214e-03
2.8857e-03
2.7803e-03
2.6892e-03
2.6111e-03
2.5417e-03
2.4796e-03
2.4235e-03
2.3726e-03
2.3260e-03
2.2832e-03
2.2435e-03
2.2067e-03
4.7113e-04
2.5604e-04
1.6405e-04
1.1669e-04
8.3942e-05
6.4580e-05
4.8059e-05
3.7394e-05
2.7685e-05
2.1179e-05
1.5056e-05
1.0836e-05
6.5727e-06
3.5400e-06
9.0781e-07
0.0000e+00
0.0000e+00
0.0000e+00
0.0000e+00
0.0000e+00
8.9592e-05
5.2749e-05
3.7602e-05
2.8533e-05
2.2795e-05
1.8047e-05
1.3946e-05
1.1183e-05
8.2721e-06
5.6769e-06
3.9256e-06
2.2472e-06
1.0662e-06
1.6188e-07
0.0000e+00
0.0000e+00
0.0000e+00
0.0000e+00
0.0000e+00
0.0000e+00
0.0000e+00
0.0000e+00
0.0000e+00
0.0000e+00
0.0000e+00
0.0000e+00
0.0000e+00
0.0000e+00
0.0000e+00
0.0000e+00
0.0000e+00
0.0000e+00
0.0000e+00
0.0000e+00
0.0000e+00
0.0000e+00
0.0000e+00
0.0000e+00
0.0000e+00
0.0000e+00
3.5357e-06
3.5355e-06
3.5349e-06
3.5337e-06
3.5318e-06
3.5290e-06
3.5254e-06
3.5207e-06
3.5149e-06
3.5079e-06
3.4996e-06
3.4898e-06
3.4785e-06
3.4655e-06
3.4508e-06
3.4343e-06
3.4159e-06
3.3957e-06
3.3737e-06
3.3498e-06
