1.1754e-02
7.0023e-03
5.3001e-03
4.7454e-03
3.8620e-03
3.6402e-03
3.2907e-03
3.1091e-03
2.9676e-03
2.8512e-03
2.7562e-03
2.6772e-03
2.6058e-03
2.5416e-03
2.4836e-03
2.4308e-03
2.3826e-03
2.3383e-03
2.2973e-03
2.2592e-03
4.7151e-04
2.5659e-04
1.6487e-04
1.1726e-04
8.4483e-05
6.5064e-05
4.8429e-05
3.7765e-05
2.7954e-05
2.1439e-05
1.5237e-05
1.1011e-05
6.7211e-06
3.6263e-06
9.7709e-07
0.0000e+00
0.0000e+00
0.0000e+00
0.0000e+00
0.0000e+00
8.9827e-05
5.2921e-05
3.7819e-05
2.8741e-05
2.2984e-05
1.8254e-05
1.4162e-05
1.1306e-05
8.4242e-06
5.8342e-06
4.0245e-06
2.3489e-06
1.1163e-06
2.1316e-07
0.0000e+00
0.0000e+00
0.0000e+00
0.0000e+00
0.0000e+00
0.0000e+00
0.0000e+00
0.0000e+00
0.0000e+00
0.0000e+00
0.0000e+00
0.0000e+00
0.0000e+00
0.0000e+00
0.0000e+00
0.0000e+00
0.0000e+00
0.0000e+00
0.0000e+00
0.0000e+00
0.0000e+00
0.0000e+00
0.0000e+00
0.0000e+00
0.0000e+00
0.0000e+00
3.7021e-06
3.7014e-06
3.6999e-06
3.6978e-06
3.6949e-06
3.6912e-06
3.6866e-06
3.6810e-06
3.6745e-06
3.6668e-06
3.6579e-06
3.6476e-06
3.6358e-06
3.6224e-06
3.6074e-06
3.5906e-06
3.5720e-06
3.5516e-06
3.5294e-06
3.5055e-06
