1.1706e-02
6.9510e-03
5.2518e-03
4.7010e-03
3.8296e-03
3.6091e-03
3.2486e-03
3.0681e-03
2.9283e-03
2.8134e-03
2.7230e-03
2.6439e-03
2.5730e-03
2.5094e-03
2.4519e-03
2.3997e-03
2.3520e-03
2.3081e-03
2.2675e-03
2.2298e-03
4.7147e-04
2.5649e-04
1.6466e-04
1.1712e-04
8.4293e-05
6.4931e-05
4.8341e-05
3.7669e-05
2.7901e-05
2.1385e-05
1.5217e-05
1.0990e-05
6.7121e-06
3.6416e-06
1.0079e-06
0.0000e+00
0.0000e+00
0.0000e+00
0.0000e+00
0.0000e+00
8.9931e-05
5.2992e-05
3.7911e-05
2.8841e-05
2.3058e-05
1.8337e-05
1.4251e-05
1.1354e-05
8.4896e-06
5.9080e-06
4.0738e-06
2.4053e-06
1.1465e-06
2.4766e-07
0.0000e+00
0.0000e+00
0.0000e+00
0.0000e+00
0.0000e+00
0.0000e+00
0.0000e+00
0.0000e+00
0.0000e+00
0.0000e+00
0.0000e+00
0.0000e+00
0.0000e+00
0.0000e+00
0.0000e+00
0.0000e+00
0.0000e+00
0.0000e+00
0.0000e+00
0.0000e+00
0.0000e+00
0.0000e+00
0.0000e+00
0.0000e+00
0.0000e+00
0.0000e+00
3.6149e-06
3.6136e-06
3.6114e-06
3.6084e-06
3.6043e-06
3.5994e-06
3.5935e-06
3.5866e-06
3.5786e-06
3.5694e-06
3.5589e-06
3.5469e-06
3.5334e-06
3.5182e-06
3.5012e-06
3.4823e-06
3.4616e-06
3.4389e-06
3.4144e-06
3.3879e-06
