1.1714e-02
6.9666e-03
5.2714e-03
4.7213e-03
3.8447e-03
3.6237e-03
3.2686e-03
3.0875e-03
2.9467e-03
2.8310e-03
2.7384e-03
2.6593e-03
2.5882e-03
2.5243e-03
2.4666e-03
2.4142e-03
2.3663e-03
2.3222e-03
2.2814e-03
2.2435e-03
4.7148e-04
2.5652e-04
1.6474e-04
1.1716e-04
8.4340e-05
6.4959e-05
4.8342e-05
3.7668e-05
2.7876e-05
2.1357e-05
1.5173e-05
1.0944e-05
6.6590e-06
3.5860e-06
9.4317e-07
0.0000e+00
0.0000e+00
0.0000e+00
0.0000e+00
0.0000e+00
8.9730e-05
5.2856e-05
3.7733e-05
2.8644e-05
2.2912e-05
1.8176e-05
1.4081e-05
1.1262e-05
8.3678e-06
5.7750e-06
3.9868e-06
2.3092e-06
1.0959e-06
1.9164e-07
0.0000e+00
0.0000e+00
0.0000e+00
0.0000e+00
0.0000e+00
0.0000e+00
7.6787e-09
2.7748e-10
0.0000e+00
0.0000e+00
0.0000e+00
0.0000e+00
0.0000e+00
0.0000e+00
0.0000e+00
0.0000e+00
0.0000e+00
0.0000e+00
0.0000e+00
0.0000e+00
0.0000e+00
0.0000e+00
0.0000e+00
0.0000e+00
0.0000e+00
0.0000e+00
3.5581e-06
3.5582e-06
3.5574e-06
3.5571e-06
3.5561e-06
3.5543e-06
3.5516e-06
3.5478e-06
3.5428e-06
3.5365e-06
3.5287e-06
3.5195e-06
3.5085e-06
3.4958e-06
3.4813e-06
3.4648e-06
3.4463e-06
3.4259e-06
3.4036e-06
3.3793e-06
