1.1630e-02
6.9087e-03
5.2335e-03
4.6962e-03
3.8306e-03
3.6137e-03
3.2599e-03
3.0814e-03
2.9425e-03
2.8279e-03
2.7360e-03
2.6572e-03
2.5862e-03
2.5223e-03
2.4646e-03
2.4121e-03
2.3640e-03
2.3198e-03
2.2789e-03
2.2408e-03
4.7118e-04
2.5618e-04
1.6436e-04
1.1686e-04
8.4058e-05
6.4717e-05
4.8137e-05
3.7481e-05
2.7716e-05
2.1209e-05
1.5042e-05
1.0818e-05
6.5335e-06
3.4736e-06
8.1513e-07
0.0000e+00
0.0000e+00
0.0000e+00
0.0000e+00
0.0000e+00
8.9269e-05
5.2523e-05
3.7317e-05
2.8355e-05
2.2566e-05
1.7799e-05
1.3689e-05
1.1047e-05
8.0930e-06
5.5303e-06
3.7995e-06
2.1065e-06
9.9194e-07
7.7616e-08
0.0000e+00
0.0000e+00
0.0000e+00
0.0000e+00
0.0000e+00
0.0000e+00
5.0494e-08
3.6937e-08
2.0118e-08
4.9589e-09
0.0000e+00
0.0000e+00
0.0000e+00
0.0000e+00
0.0000e+00
0.0000e+00
0.0000e+00
0.0000e+00
0.0000e+00
0.0000e+00
0.0000e+00
0.0000e+00
0.0000e+00
0.0000e+00
0.0000e+00
0.0000e+00
3.4609e-06
3.4663e-06
3.4685e-06
3.4682e-06
3.4660e-06
3.4634e-06
3.4626e-06
3.4612e-06
3.4585e-06
3.4543e-06
3.4486e-06
3.4412e-06
3.4320e-06
3.4208e-06
3.4077e-06
3.3925e-06
3.3751e-06
3.3557e-06
3.3342e-06
3.3106e-06
