1.1562e-02
6.8587e-03
5.2006e-03
4.6772e-03
3.8161e-03
3.6009e-03
3.2435e-03
3.0658e-03
2.9277e-03
2.8140e-03
2.7239e-03
2.6454e-03
2.5749e-03
2.5116e-03
2.4544e-03
2.4024e-03
2.3548e-03
2.3111e-03
2.2706e-03
2.2329e-03
4.7124e-04
2.5620e-04
1.6432e-04
1.1689e-04
8.4110e-05
6.4771e-05
4.8211e-05
3.7558e-05
2.7807e-05
2.1306e-05
1.5146e-05
1.0928e-05
6.6520e-06
3.5834e-06
9.3833e-07
0.0000e+00
0.0000e+00
0.0000e+00
0.0000e+00
0.0000e+00
8.9649e-05
5.2792e-05
3.7656e-05
2.8570e-05
2.2844e-05
1.8102e-05
1.4005e-05
1.1218e-05
8.3159e-06
5.7231e-06
3.9557e-06
2.2786e-06
1.0823e-06
1.7830e-07
0.0000e+00
0.0000e+00
0.0000e+00
0.0000e+00
0.0000e+00
0.0000e+00
0.0000e+00
0.0000e+00
0.0000e+00
0.0000e+00
0.0000e+00
0.0000e+00
0.0000e+00
0.0000e+00
0.0000e+00
0.0000e+00
0.0000e+00
0.0000e+00
0.0000e+00
0.0000e+00
0.0000e+00
0.0000e+00
0.0000e+00
0.0000e+00
0.0000e+00
0.0000e+00
3.5418e-06
3.5416e-06
3.5411e-06
3.5400e-06
3.5382e-06
3.5355e-06
3.5319e-06
3.5271e-06
3.5211e-06
3.5139e-06
3.5052e-06
3.4949e-06
3.4830e-06
3.4692e-06
3.4536e-06
3.4360e-06
3.4164e-06
3.3948e-06
3.3712e-06
3.3457e-06
