1.1729e-02
6.9612e-03
5.2601e-03
4.7109e-03
3.8390e-03
3.6203e-03
3.2664e-03
3.0878e-03
2.9493e-03
2.8353e-03
2.7436e-03
2.6657e-03
2.5954e-03
2.5322e-03
2.4750e-03
2.4230e-03
2.3754e-03
2.3316e-03
2.2911e-03
2.2534e-03
4.7229e-04
2.5729e-04
1.6545e-04
1.1785e-04
8.5008e-05
6.5612e-05
4.8967e-05
3.8307e-05
2.8479e-05
2.1981e-05
1.5751e-05
1.1548e-05
7.2634e-06
4.0786e-06
1.5166e-06
5.1232e-08
0.0000e+00
0.0000e+00
0.0000e+00
0.0000e+00
9.0950e-05
5.3750e-05
3.8832e-05
2.9841e-05
2.3832e-05
1.9174e-05
1.5122e-05
1.1859e-05
9.1247e-06
6.5869e-06
4.5273e-06
2.8978e-06
1.4127e-06
5.4151e-07
0.0000e+00
0.0000e+00
0.0000e+00
0.0000e+00
0.0000e+00
0.0000e+00
1.1203e-08
0.0000e+00
0.0000e+00
0.0000e+00
0.0000e+00
0.0000e+00
0.0000e+00
0.0000e+00
0.0000e+00
0.0000e+00
0.0000e+00
0.0000e+00
0.0000e+00
0.0000e+00
0.0000e+00
0.0000e+00
0.0000e+00
0.0000e+00
0.0000e+00
0.0000e+00
3.8116e-06
3.8092e-06
3.8053e-06
3.8001e-06
3.7937e-06
3.7864e-06
3.7781e-06
3.7690e-06
3.7588e-06
3.7476e-06
3.7351e-06
3.7214e-06
3.7061e-06
3.6893e-06
3.6708e-06
3.6505e-06
3.6283e-06
3.6044e-06
3.5785e-06
3.5509e-06
