1.1760e-02
7.0159e-03
5.3203e-03
4.7692e-03
3.8817e-03
3.6602e-03
3.3184e-03
3.1361e-03
2.9931e-03
2.8750e-03
2.7764e-03
2.6967e-03
2.6241e-03
2.5587e-03
2.4995e-03
2.4456e-03
2.3963e-03
2.3509e-03
2.3089e-03
2.2699e-03
4.7147e-04
2.5656e-04
1.6490e-04
1.1727e-04
8.4546e-05
6.5092e-05
4.8447e-05
3.7799e-05
2.7971e-05
2.1466e-05
1.5247e-05
1.1027e-05
6.7300e-06
3.6159e-06
9.5171e-07
0.0000e+00
0.0000e+00
0.0000e+00
0.0000e+00
0.0000e+00
8.9640e-05
5.2790e-05
3.7653e-05
2.8576e-05
2.2851e-05
1.8111e-05
1.4016e-05
1.1230e-05
8.3282e-06
5.7338e-06
3.9632e-06
2.2836e-06
1.0844e-06
1.7867e-07
0.0000e+00
0.0000e+00
0.0000e+00
0.0000e+00
0.0000e+00
0.0000e+00
2.9374e-08
1.5748e-08
7.7643e-10
0.0000e+00
0.0000e+00
0.0000e+00
0.0000e+00
0.0000e+00
0.0000e+00
0.0000e+00
0.0000e+00
0.0000e+00
0.0000e+00
0.0000e+00
0.0000e+00
0.0000e+00
0.0000e+00
0.0000e+00
0.0000e+00
0.0000e+00
3.6939e-06
3.6962e-06
3.6959e-06
3.6939e-06
3.6932e-06
3.6918e-06
3.6892e-06
3.6852e-06
3.6796e-06
3.6725e-06
3.6636e-06
3.6529e-06
3.6402e-06
3.6255e-06
3.6085e-06
3.5894e-06
3.5680e-06
3.5443e-06
3.5185e-06
3.4905e-06
