1.1611e-02
6.8743e-03
5.1929e-03
4.6628e-03
3.7978e-03
3.5808e-03
3.2135e-03
3.0355e-03
2.8980e-03
2.7879e-03
2.6987e-03
2.6201e-03
2.5502e-03
2.4876e-03
2.4312e-03
2.3799e-03
2.3331e-03
2.2900e-03
2.2502e-03
2.2132e-03
4.7122e-04
2.5618e-04
1.6424e-04
1.1679e-04
8.3994e-05
6.4617e-05
4.8065e-05
3.7385e-05
2.7657e-05
2.1137e-05
1.5004e-05
1.0772e-05
6.4994e-06
3.4756e-06
8.4080e-07
0.0000e+00
0.0000e+00
0.0000e+00
0.0000e+00
0.0000e+00
8.9461e-05
5.2659e-05
3.7488e-05
2.8463e-05
2.2705e-05
1.7949e-05
1.3844e-05
1.1128e-05
8.1985e-06
5.5948e-06
3.8698e-06
2.1833e-06
1.0301e-06
1.1964e-07
0.0000e+00
0.0000e+00
0.0000e+00
0.0000e+00
0.0000e+00
0.0000e+00
1.9816e-08
1.1274e-08
4.5564e-10
0.0000e+00
0.0000e+00
0.0000e+00
0.0000e+00
0.0000e+00
0.0000e+00
0.0000e+00
0.0000e+00
0.0000e+00
0.0000e+00
0.0000e+00
0.0000e+00
0.0000e+00
0.0000e+00
0.0000e+00
0.0000e+00
0.0000e+00
3.5070e-06
3.5088e-06
3.5085e-06
3.5068e-06
3.5063e-06
3.5054e-06
3.5036e-06
3.5007e-06
3.4966e-06
3.4913e-06
3.4845e-06
3.4763e-06
3.4663e-06
3.4547e-06
3.4412e-06
3.4258e-06
3.4085e-06
3.3892e-06
3.3680e-06
3.3450e-06
