1.1511e-02
6.8231e-03
5.1737e-03
4.6581e-03
3.8009e-03
3.5882e-03
3.2307e-03
3.0551e-03
2.9189e-03
2.8067e-03
2.7181e-03
2.6404e-03
2.5706e-03
2.5080e-03
2.4514e-03
2.3999e-03
2.3528e-03
2.3094e-03
2.2692e-03
2.2319e-03
4.7150e-04
2.5646e-04
1.6456e-04
1.1713e-04
8.4336e-05
6.4993e-05
4.8418e-05
3.7763e-05
2.7995e-05
2.1495e-05
1.5318e-05
1.1106e-05
6.8316e-06
3.7322e-06
1.0929e-06
0.0000e+00
0.0000e+00
0.0000e+00
0.0000e+00
0.0000e+00
9.0087e-05
5.3111e-05
3.8050e-05
2.8988e-05
2.3171e-05
1.8456e-05
1.4373e-05
1.1423e-05
8.5771e-06
6.0022e-06
4.1378e-06
2.4767e-06
1.1871e-06
2.9446e-07
0.0000e+00
0.0000e+00
0.0000e+00
0.0000e+00
0.0000e+00
0.0000e+00
0.0000e+00
0.0000e+00
0.0000e+00
0.0000e+00
0.0000e+00
0.0000e+00
0.0000e+00
0.0000e+00
0.0000e+00
0.0000e+00
0.0000e+00
0.0000e+00
0.0000e+00
0.0000e+00
0.0000e+00
0.0000e+00
0.0000e+00
0.0000e+00
0.0000e+00
0.0000e+00
3.6315e-06
3.6302e-06
3.6282e-06
3.6252e-06
3.6214e-06
3.6168e-06
3.6113e-06
3.6048e-06
3.5972e-06
3.5885e-06
3.5785e-06
3.5671e-06
3.5542e-06
3.5397e-06
3.5234e-06
3.5053e-06
3.4854e-06
3.4636e-06
3.4400e-06
3.4145e-06
