1.1649e-02
6.9203e-03
5.2365e-03
4.6933e-03
3.8252e-03
3.6059e-03
3.2459e-03
3.0654e-03
2.9252e-03
2.8099e-03
2.7191e-03
2.6394e-03
2.5681e-03
2.5041e-03
2.4464e-03
2.3939e-03
2.3460e-03
2.3019e-03
2.2611e-03
2.2233e-03
4.7117e-04
2.5619e-04
1.6437e-04
1.1687e-04
8.4069e-05
6.4718e-05
4.8142e-05
3.7474e-05
2.7718e-05
2.1201e-05
1.5046e-05
1.0814e-05
6.5345e-06
3.4910e-06
8.4906e-07
0.0000e+00
0.0000e+00
0.0000e+00
0.0000e+00
0.0000e+00
8.9508e-05
5.2684e-05
3.7528e-05
2.8482e-05
2.2736e-05
1.7985e-05
1.3882e-05
1.1144e-05
8.2209e-06
5.6176e-06
3.8823e-06
2.1953e-06
1.0350e-06
1.2401e-07
0.0000e+00
0.0000e+00
0.0000e+00
0.0000e+00
0.0000e+00
0.0000e+00
0.0000e+00
0.0000e+00
0.0000e+00
0.0000e+00
0.0000e+00
0.0000e+00
0.0000e+00
0.0000e+00
0.0000e+00
0.0000e+00
0.0000e+00
0.0000e+00
0.0000e+00
0.0000e+00
0.0000e+00
0.0000e+00
0.0000e+00
0.0000e+00
0.0000e+00
0.0000e+00
3.5223e-06
3.5216e-06
3.5202e-06
3.5182e-06
3.5154e-06
3.5117e-06
3.5070e-06
3.5014e-06
3.4947e-06
3.4868e-06
3.4775e-06
3.4669e-06
3.4546e-06
3.4407e-06
3.4250e-06
3.4074e-06
3.3880e-06
3.3666e-06
3.3433e-06
3.3182e-06
