1.1632e-02
6.9122e-03
5.2355e-03
4.6958e-03
3.8285e-03
3.6103e-03
3.2536e-03
3.0740e-03
2.9344e-03
2.8195e-03
2.7281e-03
2.6490e-03
2.5780e-03
2.5142e-03
2.4566e-03
2.4043e-03
2.3564e-03
2.3123e-03
2.2716e-03
2.2337e-03
4.7124e-04
2.5626e-04
1.6444e-04
1.1694e-04
8.4139e-05
6.4799e-05
4.8217e-05
3.7559e-05
2.7793e-05
2.1286e-05
1.5118e-05
1.0895e-05
6.6144e-06
3.5487e-06
9.0120e-07
0.0000e+00
0.0000e+00
0.0000e+00
0.0000e+00
0.0000e+00
8.9528e-05
5.2704e-05
3.7549e-05
2.8502e-05
2.2759e-05
1.8012e-05
1.3913e-05
1.1168e-05
8.2535e-06
5.6568e-06
3.9129e-06
2.2319e-06
1.0576e-06
1.5097e-07
0.0000e+00
0.0000e+00
0.0000e+00
0.0000e+00
0.0000e+00
0.0000e+00
1.6718e-08
7.2542e-09
0.0000e+00
0.0000e+00
0.0000e+00
0.0000e+00
0.0000e+00
0.0000e+00
0.0000e+00
0.0000e+00
0.0000e+00
0.0000e+00
0.0000e+00
0.0000e+00
0.0000e+00
0.0000e+00
0.0000e+00
0.0000e+00
0.0000e+00
0.0000e+00
3.5196e-06
3.5207e-06
3.5197e-06
3.5185e-06
3.5180e-06
3.5167e-06
3.5144e-06
3.5111e-06
3.5065e-06
3.5006e-06
3.4932e-06
3.4843e-06
3.4736e-06
3.4612e-06
3.4469e-06
3.4307e-06
3.4125e-06
3.3923e-06
3.3701e-06
3.3459e-06
