1.1566e-02
6.8550e-03
5.1891e-03
4.6643e-03
3.8031e-03
3.5879e-03
3.2269e-03
3.0495e-03
2.9121e-03
2.7990e-03
2.7106e-03
2.6321e-03
2.5618e-03
2.4987e-03
2.4418e-03
2.3900e-03
2.3427e-03
2.2991e-03
2.2588e-03
2.2214e-03
4.7123e-04
2.5621e-04
1.6431e-04
1.1688e-04
8.4094e-05
6.4747e-05
4.8192e-05
3.7535e-05
2.7792e-05
2.1289e-05
1.5136e-05
1.0917e-05
6.6427e-06
3.5803e-06
9.3714e-07
0.0000e+00
0.0000e+00
0.0000e+00
0.0000e+00
0.0000e+00
8.9648e-05
5.2788e-05
3.7654e-05
2.8567e-05
2.2842e-05
1.8100e-05
1.4003e-05
1.1217e-05
8.3146e-06
5.7217e-06
3.9553e-06
2.2781e-06
1.0823e-06
1.7835e-07
0.0000e+00
0.0000e+00
0.0000e+00
0.0000e+00
0.0000e+00
0.0000e+00
0.0000e+00
0.0000e+00
0.0000e+00
0.0000e+00
0.0000e+00
0.0000e+00
0.0000e+00
0.0000e+00
0.0000e+00
0.0000e+00
0.0000e+00
0.0000e+00
0.0000e+00
0.0000e+00
0.0000e+00
0.0000e+00
0.0000e+00
0.0000e+00
0.0000e+00
0.0000e+00
3.5453e-06
3.5446e-06
3.5432e-06
3.5411e-06
3.5382e-06
3.5345e-06
3.5298e-06
3.5242e-06
3.5175e-06
3.5096e-06
3.5005e-06
3.4899e-06
3.4778e-06
3.4640e-06
3.4485e-06
3.4311e-06
3.4119e-06
3.3907e-06
3.3677e-06
3.3427e-06
