1.1724e-02
6.9684e-03
5.2667e-03
4.7137e-03
3.8382e-03
3.6169e-03
3.2586e-03
3.0775e-03
2.9371e-03
2.8217e-03
2.7303e-03
2.6513e-03
2.5804e-03
2.5168e-03
2.4594e-03
2.4072e-03
2.3595e-03
2.3157e-03
2.2751e-03
2.2374e-03
4.7140e-04
2.5644e-04
1.6464e-04
1.1707e-04
8.4226e-05
6.4858e-05
4.8249e-05
3.7566e-05
2.7787e-05
2.1259e-05
1.5090e-05
1.0854e-05
6.5718e-06
3.5227e-06
8.8659e-07
0.0000e+00
0.0000e+00
0.0000e+00
0.0000e+00
0.0000e+00
8.9654e-05
5.2797e-05
3.7663e-05
2.8578e-05
2.2852e-05
1.8109e-05
1.4010e-05
1.1218e-05
8.3118e-06
5.7134e-06
3.9431e-06
2.2606e-06
1.0679e-06
1.6000e-07
0.0000e+00
0.0000e+00
0.0000e+00
0.0000e+00
0.0000e+00
0.0000e+00
0.0000e+00
0.0000e+00
0.0000e+00
0.0000e+00
0.0000e+00
0.0000e+00
0.0000e+00
0.0000e+00
0.0000e+00
0.0000e+00
0.0000e+00
0.0000e+00
0.0000e+00
0.0000e+00
0.0000e+00
0.0000e+00
0.0000e+00
0.0000e+00
0.0000e+00
0.0000e+00
3.5455e-06
3.5454e-06
3.5450e-06
3.5442e-06
3.5426e-06
3.5402e-06
3.5369e-06
3.5326e-06
3.5271e-06
3.5203e-06
3.5122e-06
3.5027e-06
3.4915e-06
3.4786e-06
3.4640e-06
3.4474e-06
3.4290e-06
3.4087e-06
3.3864e-06
3.3623e-06
