1.1403e-02
6.7745e-03
5.1510e-03
4.6438e-03
3.7923e-03
3.5819e-03
3.2284e-03
3.0536e-03
2.9176e-03
2.8053e-03
2.7160e-03
2.6382e-03
2.5682e-03
2.5053e-03
2.4484e-03
2.3967e-03
2.3493e-03
2.3057e-03
2.2653e-03
2.2278e-03
4.7130e-04
2.5630e-04
1.6448e-04
1.1708e-04
8.4321e-05
6.5021e-05
4.8449e-05
3.7823e-05
2.8045e-05
2.1565e-05
1.5372e-05
1.1174e-05
6.8952e-06
3.7662e-06
1.1102e-06
0.0000e+00
0.0000e+00
0.0000e+00
0.0000e+00
0.0000e+00
9.0001e-05
5.3040e-05
3.7970e-05
2.8904e-05
2.3103e-05
1.8386e-05
1.4302e-05
1.1385e-05
8.5316e-06
5.9566e-06
4.1123e-06
2.4512e-06
1.1773e-06
2.8492e-07
0.0000e+00
0.0000e+00
0.0000e+00
0.0000e+00
0.0000e+00
0.0000e+00
0.0000e+00
0.0000e+00
0.0000e+00
0.0000e+00
0.0000e+00
0.0000e+00
0.0000e+00
0.0000e+00
0.0000e+00
0.0000e+00
0.0000e+00
0.0000e+00
0.0000e+00
0.0000e+00
0.0000e+00
0.0000e+00
0.0000e+00
0.0000e+00
0.0000e+00
0.0000e+00
3.6167e-06
3.6146e-06
3.6113e-06
3.6067e-06
3.6011e-06
3.5946e-06
3.5873e-06
3.5791e-06
3.5699e-06
3.5597e-06
3.5483e-06
3.5356e-06
3.5215e-06
3.5059e-06
3.4886e-06
3.4696e-06
3.4488e-06
3.4262e-06
3.4017e-06
3.3755e-06
