1.1630e-02
6.9061e-03
5.2292e-03
4.6911e-03
3.8257e-03
3.6085e-03
3.2524e-03
3.0738e-03
2.9351e-03
2.8207e-03
2.7297e-03
2.6509e-03
2.5801e-03
2.5165e-03
2.4589e-03
2.4066e-03
2.3588e-03
2.3147e-03
2.2740e-03
2.2361e-03
4.7149e-04
2.5649e-04
1.6465e-04
1.1715e-04
8.4337e-05
6.4993e-05
4.8402e-05
3.7743e-05
2.7965e-05
2.1460e-05
1.5278e-05
1.1060e-05
6.7789e-06
3.6849e-06
1.0416e-06
0.0000e+00
0.0000e+00
0.0000e+00
0.0000e+00
0.0000e+00
8.9961e-05
5.3017e-05
3.7936e-05
2.8866e-05
2.3078e-05
1.8356e-05
1.4269e-05
1.1367e-05
8.5041e-06
5.9231e-06
4.0861e-06
2.4190e-06
1.1559e-06
2.5872e-07
0.0000e+00
0.0000e+00
0.0000e+00
0.0000e+00
0.0000e+00
0.0000e+00
0.0000e+00
0.0000e+00
0.0000e+00
0.0000e+00
0.0000e+00
0.0000e+00
0.0000e+00
0.0000e+00
0.0000e+00
0.0000e+00
0.0000e+00
0.0000e+00
0.0000e+00
0.0000e+00
0.0000e+00
0.0000e+00
0.0000e+00
0.0000e+00
0.0000e+00
0.0000e+00
3.6184e-06
3.6168e-06
3.6142e-06
3.6107e-06
3.6063e-06
3.6012e-06
3.5952e-06
3.5884e-06
3.5806e-06
3.5718e-06
3.5618e-06
3.5505e-06
3.5377e-06
3.5234e-06
3.5074e-06
3.4896e-06
3.4701e-06
3.4487e-06
3.4255e-06
3.4006e-06
