1.1566e-02
6.8766e-03
5.2230e-03
4.6958e-03
3.8321e-03
3.6165e-03
3.2664e-03
3.0881e-03
2.9491e-03
2.8345e-03
2.7418e-03
2.6635e-03
2.5928e-03
2.5293e-03
2.4719e-03
2.4197e-03
2.3719e-03
2.3280e-03
2.2874e-03
2.2496e-03
4.7152e-04
2.5652e-04
1.6473e-04
1.1724e-04
8.4479e-05
6.5134e-05
4.8537e-05
3.7911e-05
2.8117e-05
2.1637e-05
1.5431e-05
1.1234e-05
6.9496e-06
3.8040e-06
1.1444e-06
0.0000e+00
0.0000e+00
0.0000e+00
0.0000e+00
0.0000e+00
8.9924e-05
5.2998e-05
3.7907e-05
2.8835e-05
2.3063e-05
1.8344e-05
1.4264e-05
1.1378e-05
8.5224e-06
5.9513e-06
4.1175e-06
2.4597e-06
1.1862e-06
2.9639e-07
0.0000e+00
0.0000e+00
0.0000e+00
0.0000e+00
0.0000e+00
0.0000e+00
7.0733e-10
0.0000e+00
0.0000e+00
0.0000e+00
0.0000e+00
0.0000e+00
0.0000e+00
0.0000e+00
0.0000e+00
0.0000e+00
0.0000e+00
0.0000e+00
0.0000e+00
0.0000e+00
0.0000e+00
0.0000e+00
0.0000e+00
0.0000e+00
0.0000e+00
0.0000e+00
3.7478e-06
3.7476e-06
3.7472e-06
3.7461e-06
3.7442e-06
3.7412e-06
3.7371e-06
3.7318e-06
3.7252e-06
3.7171e-06
3.7075e-06
3.6962e-06
3.6831e-06
3.6680e-06
3.6509e-06
3.6317e-06
3.6104e-06
3.5870e-06
3.5615e-06
3.5339e-06
