1.1656e-02
6.9324e-03
5.2538e-03
4.7129e-03
3.8412e-03
3.6223e-03
3.2693e-03
3.0890e-03
2.9486e-03
2.8329e-03
2.7399e-03
2.6607e-03
2.5895e-03
2.5255e-03
2.4676e-03
2.4151e-03
2.3670e-03
2.3228e-03
2.2819e-03
2.2439e-03
4.7179e-04
2.5682e-04
1.6504e-04
1.1749e-04
8.4700e-05
6.5320e-05
4.8695e-05
3.8039e-05
2.8227e-05
2.1724e-05
1.5513e-05
1.1301e-05
7.0197e-06
3.8830e-06
1.2492e-06
0.0000e+00
0.0000e+00
0.0000e+00
0.0000e+00
0.0000e+00
9.0561e-05
5.3447e-05
3.8477e-05
2.9459e-05
2.3527e-05
1.8846e-05
1.4782e-05
1.1650e-05
8.8685e-06
6.3148e-06
4.3405e-06
2.6967e-06
1.3017e-06
4.2016e-07
0.0000e+00
0.0000e+00
0.0000e+00
0.0000e+00
0.0000e+00
0.0000e+00
0.0000e+00
0.0000e+00
0.0000e+00
0.0000e+00
0.0000e+00
0.0000e+00
0.0000e+00
0.0000e+00
0.0000e+00
0.0000e+00
0.0000e+00
0.0000e+00
0.0000e+00
0.0000e+00
0.0000e+00
0.0000e+00
0.0000e+00
0.0000e+00
0.0000e+00
0.0000e+00
3.7537e-06
3.7501e-06
3.7445e-06
3.7372e-06
3.7287e-06
3.7193e-06
3.7090e-06
3.6978e-06
3.6857e-06
3.6726e-06
3.6584e-06
3.6428e-06
3.6258e-06
3.6073e-06
3.5871e-06
3.5651e-06
3.5414e-06
3.5157e-06
3.4883e-06
3.4591e-06
