1.1717e-02
6.9756e-03
5.2861e-03
4.7407e-03
3.8625e-03
3.6432e-03
3.2969e-03
3.1166e-03
2.9758e-03
2.8595e-03
2.7638e-03
2.6849e-03
2.6134e-03
2.5490e-03
2.4907e-03
2.4376e-03
2.3891e-03
2.3443e-03
2.3030e-03
2.2645e-03
4.7169e-04
2.5675e-04
1.6501e-04
1.1744e-04
8.4688e-05
6.5296e-05
4.8678e-05
3.8044e-05
2.8233e-05
2.1746e-05
1.5532e-05
1.1332e-05
7.0496e-06
3.8950e-06
1.2700e-06
0.0000e+00
0.0000e+00
0.0000e+00
0.0000e+00
0.0000e+00
9.0421e-05
5.3342e-05
3.8351e-05
2.9324e-05
2.3424e-05
1.8739e-05
1.4674e-05
1.1593e-05
8.7994e-06
6.2447e-06
4.2998e-06
2.6548e-06
1.2832e-06
4.0081e-07
0.0000e+00
0.0000e+00
0.0000e+00
0.0000e+00
0.0000e+00
0.0000e+00
0.0000e+00
0.0000e+00
0.0000e+00
0.0000e+00
0.0000e+00
0.0000e+00
0.0000e+00
0.0000e+00
0.0000e+00
0.0000e+00
0.0000e+00
0.0000e+00
0.0000e+00
0.0000e+00
0.0000e+00
0.0000e+00
0.0000e+00
0.0000e+00
0.0000e+00
0.0000e+00
3.7239e-06
3.7207e-06
3.7156e-06
3.7089e-06
3.7010e-06
3.6921e-06
3.6823e-06
3.6716e-06
3.6600e-06
3.6473e-06
3.6336e-06
3.6185e-06
3.6020e-06
3.5840e-06
3.5643e-06
3.5428e-06
3.5196e-06
3.4946e-06
3.4677e-06
3.4391e-06
