1.1628e-02
6.9022e-03
5.2220e-03
4.6833e-03
3.8165e-03
3.5981e-03
3.2367e-03
3.0574e-03
2.9184e-03
2.8042e-03
2.7148e-03
2.6358e-03
2.5652e-03
2.5018e-03
2.4447e-03
2.3927e-03
2.3453e-03
2.3016e-03
2.2613e-03
2.2238e-03
4.7131e-04
2.5632e-04
1.6446e-04
1.1697e-04
8.4163e-05
6.4805e-05
4.8226e-05
3.7555e-05
2.7795e-05
2.1278e-05
1.5117e-05
1.0887e-05
6.6076e-06
3.5519e-06
9.1169e-07
0.0000e+00
0.0000e+00
0.0000e+00
0.0000e+00
0.0000e+00
8.9664e-05
5.2803e-05
3.7670e-05
2.8580e-05
2.2857e-05
1.8115e-05
1.4018e-05
1.1224e-05
8.3215e-06
5.7258e-06
3.9544e-06
2.2742e-06
1.0773e-06
1.7079e-07
0.0000e+00
0.0000e+00
0.0000e+00
0.0000e+00
0.0000e+00
0.0000e+00
0.0000e+00
0.0000e+00
0.0000e+00
0.0000e+00
0.0000e+00
0.0000e+00
0.0000e+00
0.0000e+00
0.0000e+00
0.0000e+00
0.0000e+00
0.0000e+00
0.0000e+00
0.0000e+00
0.0000e+00
0.0000e+00
0.0000e+00
0.0000e+00
0.0000e+00
0.0000e+00
3.5493e-06
3.5490e-06
3.5483e-06
3.5470e-06
3.5450e-06
3.5421e-06
3.5382e-06
3.5333e-06
3.5272e-06
3.5199e-06
3.5112e-06
3.5009e-06
3.4890e-06
3.4752e-06
3.4597e-06
3.4421e-06
3.4226e-06
3.4011e-06
3.3776e-06
3.3521e-06
