1.1518e-02
6.8241e-03
5.1764e-03
4.6632e-03
3.8055e-03
3.5924e-03
3.2343e-03
3.0581e-03
2.9214e-03
2.8087e-03
2.7197e-03
2.6416e-03
2.5715e-03
2.5086e-03
2.4517e-03
2.4000e-03
2.3527e-03
2.3091e-03
2.2688e-03
2.2313e-03
4.7141e-04
2.5634e-04
1.6442e-04
1.1702e-04
8.4251e-05
6.4922e-05
4.8375e-05
3.7741e-05
2.7996e-05
2.1517e-05
1.5354e-05
1.1160e-05
6.8942e-06
3.7843e-06
1.1385e-06
0.0000e+00
0.0000e+00
0.0000e+00
0.0000e+00
0.0000e+00
8.9957e-05
5.3017e-05
3.7934e-05
2.8863e-05
2.3078e-05
1.8359e-05
1.4279e-05
1.1379e-05
8.5278e-06
5.9589e-06
4.1214e-06
2.4668e-06
1.1902e-06
3.0285e-07
0.0000e+00
0.0000e+00
0.0000e+00
0.0000e+00
0.0000e+00
0.0000e+00
0.0000e+00
0.0000e+00
0.0000e+00
0.0000e+00
0.0000e+00
0.0000e+00
0.0000e+00
0.0000e+00
0.0000e+00
0.0000e+00
0.0000e+00
0.0000e+00
0.0000e+00
0.0000e+00
0.0000e+00
0.0000e+00
0.0000e+00
0.0000e+00
0.0000e+00
0.0000e+00
3.6060e-06
3.6054e-06
3.6042e-06
3.6022e-06
3.5994e-06
3.5957e-06
3.5910e-06
3.5853e-06
3.5783e-06
3.5702e-06
3.5606e-06
3.5495e-06
3.5368e-06
3.5224e-06
3.5061e-06
3.4878e-06
3.4677e-06
3.4455e-06
3.4214e-06
3.3954e-06
