1.1712e-02
6.9570e-03
5.2623e-03
4.7148e-03
3.8416e-03
3.6221e-03
3.2677e-03
3.0880e-03
2.9485e-03
2.8339e-03
2.7418e-03
2.6634e-03
2.5929e-03
2.5294e-03
2.4721e-03
2.4200e-03
2.3723e-03
2.3283e-03
2.2877e-03
2.2499e-03
4.7193e-04
2.5694e-04
1.6512e-04
1.1755e-04
8.4726e-05
6.5354e-05
4.8734e-05
3.8082e-05
2.8278e-05
2.1783e-05
1.5576e-05
1.1373e-05
7.0949e-06
3.9448e-06
1.3370e-06
0.0000e+00
0.0000e+00
0.0000e+00
0.0000e+00
0.0000e+00
9.0524e-05
5.3430e-05
3.8448e-05
2.9426e-05
2.3511e-05
1.8832e-05
1.4772e-05
1.1657e-05
8.8794e-06
6.3327e-06
4.3623e-06
2.7252e-06
1.3229e-06
4.4650e-07
0.0000e+00
0.0000e+00
0.0000e+00
0.0000e+00
0.0000e+00
0.0000e+00
0.0000e+00
0.0000e+00
0.0000e+00
0.0000e+00
0.0000e+00
0.0000e+00
0.0000e+00
0.0000e+00
0.0000e+00
0.0000e+00
0.0000e+00
0.0000e+00
0.0000e+00
0.0000e+00
0.0000e+00
0.0000e+00
0.0000e+00
0.0000e+00
0.0000e+00
0.0000e+00
3.7135e-06
3.7116e-06
3.7085e-06
3.7042e-06
3.6989e-06
3.6927e-06
3.6855e-06
3.6773e-06
3.6681e-06
3.6577e-06
3.6461e-06
3.6330e-06
3.6184e-06
3.6021e-06
3.5841e-06
3.5643e-06
3.5426e-06
3.5190e-06
3.4935e-06
3.4661e-06
