1.1543e-02
6.8399e-03
5.1828e-03
4.6630e-03
3.8021e-03
3.5872e-03
3.2254e-03
3.0483e-03
2.9113e-03
2.7988e-03
2.7110e-03
2.6330e-03
2.5633e-03
2.5008e-03
2.4444e-03
2.3932e-03
2.3463e-03
2.3032e-03
2.2633e-03
2.2263e-03
4.7184e-04
2.5677e-04
1.6485e-04
1.1740e-04
8.4596e-05
6.5249e-05
4.8665e-05
3.8012e-05
2.8235e-05
2.1742e-05
1.5554e-05
1.1352e-05
7.0803e-06
3.9438e-06
1.3354e-06
0.0000e+00
0.0000e+00
0.0000e+00
0.0000e+00
0.0000e+00
9.0555e-05
5.3455e-05
3.8475e-05
2.9453e-05
2.3531e-05
1.8851e-05
1.4790e-05
1.1666e-05
8.8911e-06
6.3454e-06
4.3705e-06
2.7350e-06
1.3283e-06
4.5320e-07
0.0000e+00
0.0000e+00
0.0000e+00
0.0000e+00
0.0000e+00
0.0000e+00
0.0000e+00
0.0000e+00
0.0000e+00
0.0000e+00
0.0000e+00
0.0000e+00
0.0000e+00
0.0000e+00
0.0000e+00
0.0000e+00
0.0000e+00
0.0000e+00
0.0000e+00
0.0000e+00
0.0000e+00
0.0000e+00
0.0000e+00
0.0000e+00
0.0000e+00
0.0000e+00
3.7179e-06
3.7163e-06
3.7136e-06
3.7100e-06
3.7055e-06
3.7000e-06
3.6937e-06
3.6863e-06
3.6780e-06
3.6685e-06
3.6577e-06
3.6455e-06
3.6319e-06
3.6166e-06
3.5996e-06
3.5809e-06
3.5604e-06
3.5380e-06
3.5138e-06
3.4879e-06
