1.1755e-02
7.0063e-03
5.3078e-03
4.7552e-03
3.8702e-03
3.6486e-03
3.3021e-03
3.1199e-03
2.9773e-03
2.8597e-03
2.7628e-03
2.6829e-03
2.6105e-03
2.5453e-03
2.4863e-03
2.4327e-03
2.3836e-03
2.3384e-03
2.2966e-03
2.2577e-03
4.7161e-04
2.5668e-04
1.6499e-04
1.1736e-04
8.4612e-05
6.5173e-05
4.8529e-05
3.7870e-05
2.8044e-05
2.1531e-05
1.5312e-05
1.1085e-05
6.7861e-06
3.6671e-06
1.0036e-06
0.0000e+00
0.0000e+00
0.0000e+00
0.0000e+00
0.0000e+00
8.9965e-05
5.3022e-05
3.7941e-05
2.8869e-05
2.3081e-05
1.8355e-05
1.4261e-05
1.1363e-05
8.4877e-06
5.8940e-06
4.0621e-06
2.3826e-06
1.1327e-06
2.2659e-07
0.0000e+00
0.0000e+00
0.0000e+00
0.0000e+00
0.0000e+00
0.0000e+00
0.0000e+00
0.0000e+00
0.0000e+00
0.0000e+00
0.0000e+00
0.0000e+00
0.0000e+00
0.0000e+00
0.0000e+00
0.0000e+00
0.0000e+00
0.0000e+00
0.0000e+00
0.0000e+00
0.0000e+00
0.0000e+00
0.0000e+00
0.0000e+00
0.0000e+00
0.0000e+00
3.6142e-06
3.6129e-06
3.6107e-06
3.6077e-06
3.6040e-06
3.5994e-06
3.5940e-06
3.5877e-06
3.5803e-06
3.5718e-06
3.5621e-06
3.5508e-06
3.5380e-06
3.5235e-06
3.5072e-06
3.4890e-06
3.4689e-06
3.4468e-06
3.4228e-06
3.3968e-06
