1.1710e-02
6.9519e-03
5.2534e-03
4.7038e-03
3.8323e-03
3.6121e-03
3.2529e-03
3.0725e-03
2.9326e-03
2.8177e-03
2.7268e-03
2.6478e-03
2.5769e-03
2.5133e-03
2.4559e-03
2.4038e-03
2.3561e-03
2.3122e-03
2.2717e-03
2.2340e-03
4.7114e-04
2.5615e-04
1.6431e-04
1.1676e-04
8.3931e-05
6.4558e-05
4.7970e-05
3.7279e-05
2.7520e-05
2.0993e-05
1.4846e-05
1.0606e-05
6.3219e-06
3.3109e-06
6.5980e-07
0.0000e+00
0.0000e+00
0.0000e+00
0.0000e+00
0.0000e+00
8.8894e-05
5.2261e-05
3.6984e-05
2.8145e-05
2.2295e-05
1.7503e-05
1.3492e-05
1.0526e-05
7.7577e-06
5.3952e-06
3.6250e-06
1.9227e-06
8.9554e-07
0.0000e+00
0.0000e+00
0.0000e+00
0.0000e+00
0.0000e+00
0.0000e+00
0.0000e+00
1.2355e-07
1.1170e-07
8.6919e-08
6.2426e-08
4.0020e-08
2.1727e-08
4.0806e-09
0.0000e+00
0.0000e+00
0.0000e+00
0.0000e+00
0.0000e+00
0.0000e+00
0.0000e+00
0.0000e+00
0.0000e+00
0.0000e+00
0.0000e+00
0.0000e+00
0.0000e+00
3.3770e-06
3.3921e-06
3.4018e-06
3.4072e-06
3.4097e-06
3.4099e-06
3.4081e-06
3.4044e-06
3.4005e-06
3.3991e-06
3.3972e-06
3.3933e-06
3.3874e-06
3.3794e-06
3.3692e-06
3.3568e-06
3.3421e-06
3.3252e-06
3.3060e-06
3.2847e-06
