1.1688e-02
6.9638e-03
5.2742e-03
4.7227e-03
3.8433e-03
3.6212e-03
3.2666e-03
3.0843e-03
2.9425e-03
2.8259e-03
2.7328e-03
2.6531e-03
2.5816e-03
2.5173e-03
2.4594e-03
2.4067e-03
2.3586e-03
2.3143e-03
2.2734e-03
2.2354e-03
4.7120e-04
2.5630e-04
1.6461e-04
1.1702e-04
8.4240e-05
6.4825e-05
4.8191e-05
3.7513e-05
2.7709e-05
2.1179e-05
1.4993e-05
1.0750e-05
6.4562e-06
3.4094e-06
7.5790e-07
0.0000e+00
0.0000e+00
0.0000e+00
0.0000e+00
0.0000e+00
8.9326e-05
5.2558e-05
3.7368e-05
2.8383e-05
2.2606e-05
1.7841e-05
1.3728e-05
1.1058e-05
8.1048e-06
5.5267e-06
3.7924e-06
2.0929e-06
9.7749e-07
5.8050e-08
0.0000e+00
0.0000e+00
0.0000e+00
0.0000e+00
0.0000e+00
0.0000e+00
1.7701e-08
8.8484e-09
1.1901e-10
0.0000e+00
0.0000e+00
0.0000e+00
0.0000e+00
0.0000e+00
0.0000e+00
0.0000e+00
0.0000e+00
0.0000e+00
0.0000e+00
0.0000e+00
0.0000e+00
0.0000e+00
0.0000e+00
0.0000e+00
0.0000e+00
0.0000e+00
3.4868e-06
3.4882e-06
3.4877e-06
3.4862e-06
3.4857e-06
3.4847e-06
3.4826e-06
3.4795e-06
3.4752e-06
3.4696e-06
3.4626e-06
3.4539e-06
3.4436e-06
3.4315e-06
3.4175e-06
3.4016e-06
3.3837e-06
3.3638e-06
3.3419e-06
3.3181e-06
