1.1704e-02
6.9631e-03
5.2765e-03
4.7333e-03
3.8575e-03
3.6385e-03
3.2906e-03
3.1104e-03
2.9697e-03
2.8536e-03
2.7585e-03
2.6796e-03
2.6081e-03
2.5437e-03
2.4855e-03
2.4326e-03
2.3841e-03
2.3395e-03
2.2982e-03
2.2598e-03
4.7140e-04
2.5644e-04
1.6467e-04
1.1712e-04
8.4346e-05
6.4977e-05
4.8376e-05
3.7734e-05
2.7945e-05
2.1450e-05
1.5258e-05
1.1047e-05
6.7621e-06
3.6554e-06
9.9707e-07
0.0000e+00
0.0000e+00
0.0000e+00
0.0000e+00
0.0000e+00
8.9705e-05
5.2834e-05
3.7709e-05
2.8619e-05
2.2893e-05
1.8157e-05
1.4065e-05
1.1258e-05
8.3664e-06
5.7785e-06
3.9962e-06
2.3230e-06
1.1083e-06
2.0733e-07
0.0000e+00
0.0000e+00
0.0000e+00
0.0000e+00
0.0000e+00
0.0000e+00
0.0000e+00
0.0000e+00
0.0000e+00
0.0000e+00
0.0000e+00
0.0000e+00
0.0000e+00
0.0000e+00
0.0000e+00
0.0000e+00
0.0000e+00
0.0000e+00
0.0000e+00
0.0000e+00
0.0000e+00
0.0000e+00
0.0000e+00
0.0000e+00
0.0000e+00
0.0000e+00
3.6187e-06
3.6182e-06
3.6171e-06
3.6155e-06
3.6130e-06
3.6097e-06
3.6055e-06
3.6002e-06
3.5938e-06
3.5861e-06
3.5771e-06
3.5666e-06
3.5545e-06
3.5406e-06
3.5249e-06
3.5074e-06
3.4879e-06
3.4666e-06
3.4433e-06
3.4182e-06
