1.1723e-02
6.9692e-03
5.2695e-03
4.7177e-03
3.8419e-03
3.6208e-03
3.2641e-03
3.0829e-03
2.9421e-03
2.8264e-03
2.7341e-03
2.6548e-03
2.5836e-03
2.5197e-03
2.4619e-03
2.4095e-03
2.3615e-03
2.3174e-03
2.2766e-03
2.2387e-03
4.7132e-04
2.5636e-04
1.6457e-04
1.1701e-04
8.4171e-05
6.4809e-05
4.8203e-05
3.7524e-05
2.7747e-05
2.1222e-05
1.5055e-05
1.0818e-05
6.5358e-06
3.4898e-06
8.4968e-07
0.0000e+00
0.0000e+00
0.0000e+00
0.0000e+00
0.0000e+00
8.9546e-05
5.2718e-05
3.7565e-05
2.8512e-05
2.2769e-05
1.8019e-05
1.3916e-05
1.1165e-05
8.2436e-06
5.6399e-06
3.8949e-06
2.2077e-06
1.0401e-06
1.2911e-07
0.0000e+00
0.0000e+00
0.0000e+00
0.0000e+00
0.0000e+00
0.0000e+00
0.0000e+00
0.0000e+00
0.0000e+00
0.0000e+00
0.0000e+00
0.0000e+00
0.0000e+00
0.0000e+00
0.0000e+00
0.0000e+00
0.0000e+00
0.0000e+00
0.0000e+00
0.0000e+00
0.0000e+00
0.0000e+00
0.0000e+00
0.0000e+00
0.0000e+00
0.0000e+00
3.5338e-06
3.5337e-06
3.5333e-06
3.5325e-06
3.5310e-06
3.5286e-06
3.5254e-06
3.5211e-06
3.5157e-06
3.5091e-06
3.5012e-06
3.4918e-06
3.4808e-06
3.4682e-06
3.4538e-06
3.4376e-06
3.4195e-06
3.3995e-06
3.3777e-06
3.3540e-06
