1.1682e-02
6.9326e-03
5.2389e-03
4.6936e-03
3.8238e-03
3.6040e-03
3.2420e-03
3.0621e-03
2.9228e-03
2.8084e-03
2.7188e-03
2.6399e-03
2.5693e-03
2.5060e-03
2.4489e-03
2.3970e-03
2.3495e-03
2.3058e-03
2.2654e-03
2.2278e-03
4.7129e-04
2.5630e-04
1.6444e-04
1.1693e-04
8.4128e-05
6.4768e-05
4.8200e-05
3.7532e-05
2.7786e-05
2.1275e-05
1.5126e-05
1.0902e-05
6.6286e-06
3.5755e-06
9.3886e-07
0.0000e+00
0.0000e+00
0.0000e+00
0.0000e+00
0.0000e+00
8.9682e-05
5.2811e-05
3.7686e-05
2.8596e-05
2.2870e-05
1.8133e-05
1.4039e-05
1.1236e-05
8.3404e-06
5.7499e-06
3.9726e-06
2.2970e-06
1.0913e-06
1.8797e-07
0.0000e+00
0.0000e+00
0.0000e+00
0.0000e+00
0.0000e+00
0.0000e+00
0.0000e+00
0.0000e+00
0.0000e+00
0.0000e+00
0.0000e+00
0.0000e+00
0.0000e+00
0.0000e+00
0.0000e+00
0.0000e+00
0.0000e+00
0.0000e+00
0.0000e+00
0.0000e+00
0.0000e+00
0.0000e+00
0.0000e+00
0.0000e+00
0.0000e+00
0.0000e+00
3.5717e-06
3.5711e-06
3.5700e-06
3.5680e-06
3.5652e-06
3.5615e-06
3.5568e-06
3.5510e-06
3.5442e-06
3.5361e-06
3.5267e-06
3.5158e-06
3.5034e-06
3.4893e-06
3.4735e-06
3.4558e-06
3.4362e-06
3.4148e-06
3.3915e-06
3.3664e-06
