1.1489e-02
6.8109e-03
5.1577e-03
4.6407e-03
3.7780e-03
3.5609e-03
3.1867e-03
3.0073e-03
2.8690e-03
2.7693e-03
2.6707e-03
2.5908e-03
2.5203e-03
2.4574e-03
2.4007e-03
2.3493e-03
2.3025e-03
2.2594e-03
2.2196e-03
2.1827e-03
4.7045e-04
2.5543e-04
1.6350e-04
1.1616e-04
8.3437e-05
6.4077e-05
4.7582e-05
3.6898e-05
2.7219e-05
2.0697e-05
1.4612e-05
1.0368e-05
6.0979e-06
3.1499e-06
5.0835e-07
0.0000e+00
0.0000e+00
0.0000e+00
0.0000e+00
0.0000e+00
8.8651e-05
5.2056e-05
3.6753e-05
2.7965e-05
2.2085e-05
1.7277e-05
1.3313e-05
1.0332e-05
7.5546e-06
5.2857e-06
3.4812e-06
1.7654e-06
8.0867e-07
0.0000e+00
0.0000e+00
0.0000e+00
0.0000e+00
0.0000e+00
0.0000e+00
0.0000e+00
3.2254e-08
2.0873e-08
7.2312e-09
0.0000e+00
0.0000e+00
0.0000e+00
0.0000e+00
0.0000e+00
0.0000e+00
0.0000e+00
0.0000e+00
0.0000e+00
0.0000e+00
0.0000e+00
0.0000e+00
0.0000e+00
0.0000e+00
0.0000e+00
0.0000e+00
0.0000e+00
3.3591e-06
3.3622e-06
3.3630e-06
3.3617e-06
3.3596e-06
3.3590e-06
3.3580e-06
3.3559e-06
3.3527e-06
3.3481e-06
3.3421e-06
3.3345e-06
3.3253e-06
3.3144e-06
3.3015e-06
3.2867e-06
3.2700e-06
3.2513e-06
3.2306e-06
3.2080e-06
