1.1712e-02
6.9639e-03
5.2627e-03
4.7087e-03
3.8338e-03
3.6118e-03
3.2505e-03
3.0686e-03
2.9275e-03
2.8116e-03
2.7207e-03
2.6409e-03
2.5696e-03
2.5057e-03
2.4481e-03
2.3958e-03
2.3481e-03
2.3042e-03
2.2637e-03
2.2261e-03
4.7084e-04
2.5591e-04
1.6411e-04
1.1659e-04
8.3788e-05
6.4421e-05
4.7850e-05
3.7156e-05
2.7414e-05
2.0880e-05
1.4751e-05
1.0501e-05
6.2228e-06
3.2416e-06
6.0292e-07
0.0000e+00
0.0000e+00
0.0000e+00
0.0000e+00
0.0000e+00
8.9038e-05
5.2336e-05
3.7103e-05
2.8195e-05
2.2376e-05
1.7591e-05
1.3537e-05
1.0572e-05
7.7980e-06
5.3979e-06
3.6292e-06
1.9205e-06
8.8550e-07
0.0000e+00
0.0000e+00
0.0000e+00
0.0000e+00
0.0000e+00
0.0000e+00
0.0000e+00
0.0000e+00
0.0000e+00
0.0000e+00
0.0000e+00
0.0000e+00
0.0000e+00
0.0000e+00
0.0000e+00
0.0000e+00
0.0000e+00
0.0000e+00
0.0000e+00
0.0000e+00
0.0000e+00
0.0000e+00
0.0000e+00
0.0000e+00
0.0000e+00
0.0000e+00
0.0000e+00
3.4375e-06
3.4370e-06
3.4360e-06
3.4344e-06
3.4320e-06
3.4288e-06
3.4247e-06
3.4196e-06
3.4134e-06
3.4060e-06
3.3972e-06
3.3871e-06
3.3753e-06
3.3619e-06
3.3467e-06
3.3296e-06
3.3106e-06
3.2896e-06
3.2668e-06
3.2421e-06
