1.1658e-02
6.9388e-03
5.2638e-03
4.7252e-03
3.8519e-03
3.6341e-03
3.2875e-03
3.1081e-03
2.9680e-03
2.8523e-03
2.7574e-03
2.6786e-03
2.6072e-03
2.5430e-03
2.4848e-03
2.4319e-03
2.3835e-03
2.3389e-03
2.2976e-03
2.2593e-03
4.7137e-04
2.5640e-04
1.6465e-04
1.1710e-04
8.4338e-05
6.4954e-05
4.8343e-05
3.7702e-05
2.7903e-05
2.1408e-05
1.5207e-05
1.0994e-05
6.7034e-06
3.5963e-06
9.2701e-07
0.0000e+00
0.0000e+00
0.0000e+00
0.0000e+00
0.0000e+00
8.9409e-05
5.2631e-05
3.7446e-05
2.8447e-05
2.2681e-05
1.7927e-05
1.3826e-05
1.1133e-05
8.2040e-06
5.6053e-06
3.8873e-06
2.2054e-06
1.0487e-06
1.4255e-07
0.0000e+00
0.0000e+00
0.0000e+00
0.0000e+00
0.0000e+00
0.0000e+00
5.8979e-08
4.8471e-08
2.9975e-08
1.4251e-08
1.0111e-09
0.0000e+00
0.0000e+00
0.0000e+00
0.0000e+00
0.0000e+00
0.0000e+00
0.0000e+00
0.0000e+00
0.0000e+00
0.0000e+00
0.0000e+00
0.0000e+00
0.0000e+00
0.0000e+00
0.0000e+00
3.4881e-06
3.4948e-06
3.4982e-06
3.4988e-06
3.4974e-06
3.4942e-06
3.4924e-06
3.4916e-06
3.4898e-06
3.4864e-06
3.4816e-06
3.4750e-06
3.4666e-06
3.4563e-06
3.4441e-06
3.4298e-06
3.4134e-06
3.3949e-06
3.3744e-06
3.3518e-06
