1.1582e-02
6.8556e-03
5.1852e-03
4.6596e-03
3.7973e-03
3.5812e-03
3.2168e-03
3.0392e-03
2.9020e-03
2.7894e-03
2.7025e-03
2.6244e-03
2.5547e-03
2.4923e-03
2.4361e-03
2.3849e-03
2.3382e-03
2.2952e-03
2.2554e-03
2.2184e-03
4.7160e-04
2.5657e-04
1.6466e-04
1.1720e-04
8.4398e-05
6.5046e-05
4.8470e-05
3.7809e-05
2.8045e-05
2.1544e-05
1.5371e-05
1.1160e-05
6.8863e-06
3.7847e-06
1.1493e-06
0.0000e+00
0.0000e+00
0.0000e+00
0.0000e+00
0.0000e+00
9.0157e-05
5.3163e-05
3.8115e-05
2.9061e-05
2.3230e-05
1.8523e-05
1.4447e-05
1.1471e-05
8.6403e-06
6.0741e-06
4.1901e-06
2.5367e-06
1.2218e-06
3.3434e-07
0.0000e+00
0.0000e+00
0.0000e+00
0.0000e+00
0.0000e+00
0.0000e+00
0.0000e+00
0.0000e+00
0.0000e+00
0.0000e+00
0.0000e+00
0.0000e+00
0.0000e+00
0.0000e+00
0.0000e+00
0.0000e+00
0.0000e+00
0.0000e+00
0.0000e+00
0.0000e+00
0.0000e+00
0.0000e+00
0.0000e+00
0.0000e+00
0.0000e+00
0.0000e+00
3.6441e-06
3.6428e-06
3.6406e-06
3.6376e-06
3.6336e-06
3.6288e-06
3.6231e-06
3.6164e-06
3.6086e-06
3.5998e-06
3.5897e-06
3.5782e-06
3.5652e-06
3.5506e-06
3.5344e-06
3.5163e-06
3.4965e-06
3.4748e-06
3.4513e-06
3.4261e-06
