1.1578e-02
6.8695e-03
5.2027e-03
4.6756e-03
3.8118e-03
3.5957e-03
3.2347e-03
3.0569e-03
2.9192e-03
2.8060e-03
2.7172e-03
2.6388e-03
2.5686e-03
2.5057e-03
2.4489e-03
2.3972e-03
2.3500e-03
2.3065e-03
2.2664e-03
2.2290e-03
4.7134e-04
2.5629e-04
1.6437e-04
1.1693e-04
8.4136e-05
6.4772e-05
4.8210e-05
3.7539e-05
2.7793e-05
2.1280e-05
1.5131e-05
1.0906e-05
6.6356e-06
3.5850e-06
9.5516e-07
0.0000e+00
0.0000e+00
0.0000e+00
0.0000e+00
0.0000e+00
8.9809e-05
5.2907e-05
3.7799e-05
2.8714e-05
2.2960e-05
1.8226e-05
1.4131e-05
1.1284e-05
8.3993e-06
5.8103e-06
4.0084e-06
2.3347e-06
1.1091e-06
2.0756e-07
0.0000e+00
0.0000e+00
0.0000e+00
0.0000e+00
0.0000e+00
0.0000e+00
0.0000e+00
0.0000e+00
0.0000e+00
0.0000e+00
0.0000e+00
0.0000e+00
0.0000e+00
0.0000e+00
0.0000e+00
0.0000e+00
0.0000e+00
0.0000e+00
0.0000e+00
0.0000e+00
0.0000e+00
0.0000e+00
0.0000e+00
0.0000e+00
0.0000e+00
0.0000e+00
3.5783e-06
3.5778e-06
3.5767e-06
3.5749e-06
3.5723e-06
3.5689e-06
3.5646e-06
3.5593e-06
3.5529e-06
3.5453e-06
3.5364e-06
3.5261e-06
3.5142e-06
3.5007e-06
3.4854e-06
3.4683e-06
3.4493e-06
3.4285e-06
3.4058e-06
3.3813e-06
