1.1513e-02
6.8340e-03
5.1800e-03
4.6570e-03
3.7961e-03
3.5806e-03
3.2179e-03
3.0402e-03
2.9028e-03
2.7898e-03
2.7021e-03
2.6236e-03
2.5535e-03
2.4907e-03
2.4341e-03
2.3826e-03
2.3356e-03
2.2923e-03
2.2524e-03
2.2152e-03
4.7137e-04
2.5636e-04
1.6450e-04
1.1706e-04
8.4271e-05
6.4937e-05
4.8367e-05
3.7718e-05
2.7957e-05
2.1460e-05
1.5287e-05
1.1074e-05
6.7956e-06
3.7002e-06
1.0536e-06
0.0000e+00
0.0000e+00
0.0000e+00
0.0000e+00
0.0000e+00
8.9872e-05
5.2954e-05
3.7858e-05
2.8782e-05
2.3016e-05
1.8292e-05
1.4206e-05
1.1337e-05
8.4693e-06
5.8906e-06
4.0706e-06
2.4056e-06
1.1526e-06
2.5700e-07
0.0000e+00
0.0000e+00
0.0000e+00
0.0000e+00
0.0000e+00
0.0000e+00
0.0000e+00
0.0000e+00
0.0000e+00
0.0000e+00
0.0000e+00
0.0000e+00
0.0000e+00
0.0000e+00
0.0000e+00
0.0000e+00
0.0000e+00
0.0000e+00
0.0000e+00
0.0000e+00
0.0000e+00
0.0000e+00
0.0000e+00
0.0000e+00
0.0000e+00
0.0000e+00
3.5924e-06
3.5915e-06
3.5898e-06
3.5874e-06
3.5841e-06
3.5799e-06
3.5747e-06
3.5685e-06
3.5613e-06
3.5528e-06
3.5431e-06
3.5318e-06
3.5190e-06
3.5046e-06
3.4883e-06
3.4701e-06
3.4501e-06
3.4281e-06
3.4042e-06
3.3784e-06
