1.1472e-02
6.7990e-03
5.1567e-03
4.6481e-03
3.7908e-03
3.5778e-03
3.2144e-03
3.0380e-03
2.9014e-03
2.7888e-03
2.7016e-03
2.6230e-03
2.5528e-03
2.4899e-03
2.4332e-03
2.3816e-03
2.3344e-03
2.2911e-03
2.2510e-03
2.2137e-03
4.7111e-04
2.5603e-04
1.6407e-04
1.1671e-04
8.3958e-05
6.4611e-05
4.8083e-05
3.7428e-05
2.7708e-05
2.1208e-05
1.5073e-05
1.0856e-05
6.5878e-06
3.5419e-06
9.0147e-07
0.0000e+00
0.0000e+00
0.0000e+00
0.0000e+00
0.0000e+00
8.9526e-05
5.2703e-05
3.7544e-05
2.8496e-05
2.2748e-05
1.7997e-05
1.3895e-05
1.1157e-05
8.2389e-06
5.6420e-06
3.9044e-06
2.2244e-06
1.0551e-06
1.4967e-07
0.0000e+00
0.0000e+00
0.0000e+00
0.0000e+00
0.0000e+00
0.0000e+00
8.0778e-09
1.2674e-10
0.0000e+00
0.0000e+00
0.0000e+00
0.0000e+00
0.0000e+00
0.0000e+00
0.0000e+00
0.0000e+00
0.0000e+00
0.0000e+00
0.0000e+00
0.0000e+00
0.0000e+00
0.0000e+00
0.0000e+00
0.0000e+00
0.0000e+00
0.0000e+00
3.5132e-06
3.5131e-06
3.5122e-06
3.5118e-06
3.5108e-06
3.5088e-06
3.5059e-06
3.5019e-06
3.4966e-06
3.4901e-06
3.4821e-06
3.4726e-06
3.4615e-06
3.4485e-06
3.4337e-06
3.4170e-06
3.3983e-06
3.3776e-06
3.3549e-06
3.3303e-06
