1.1585e-02
6.8761e-03
5.2079e-03
4.6765e-03
3.8120e-03
3.5949e-03
3.2341e-03
3.0557e-03
2.9175e-03
2.8041e-03
2.7152e-03
2.6368e-03
2.5667e-03
2.5038e-03
2.4471e-03
2.3956e-03
2.3485e-03
2.3052e-03
2.2651e-03
2.2279e-03
4.7146e-04
2.5644e-04
1.6457e-04
1.1710e-04
8.4300e-05
6.4956e-05
4.8378e-05
3.7722e-05
2.7957e-05
2.1455e-05
1.5283e-05
1.1068e-05
6.7899e-06
3.6980e-06
1.0552e-06
0.0000e+00
0.0000e+00
0.0000e+00
0.0000e+00
0.0000e+00
8.9899e-05
5.2976e-05
3.7884e-05
2.8810e-05
2.3039e-05
1.8316e-05
1.4232e-05
1.1351e-05
8.4872e-06
5.9095e-06
4.0820e-06
2.4178e-06
1.1582e-06
2.6307e-07
0.0000e+00
0.0000e+00
0.0000e+00
0.0000e+00
0.0000e+00
0.0000e+00
0.0000e+00
0.0000e+00
0.0000e+00
0.0000e+00
0.0000e+00
0.0000e+00
0.0000e+00
0.0000e+00
0.0000e+00
0.0000e+00
0.0000e+00
0.0000e+00
0.0000e+00
0.0000e+00
0.0000e+00
0.0000e+00
0.0000e+00
0.0000e+00
0.0000e+00
0.0000e+00
3.5108e-06
3.5106e-06
3.5101e-06
3.5092e-06
3.5077e-06
3.5054e-06
3.5025e-06
3.4986e-06
3.4938e-06
3.4881e-06
3.4811e-06
3.4730e-06
3.4636e-06
3.4528e-06
3.4404e-06
3.4266e-06
3.4112e-06
3.3941e-06
3.3755e-06
3.3553e-06
