1.1735e-02
6.9873e-03
5.2927e-03
4.7438e-03
3.8634e-03
3.6433e-03
3.2966e-03
3.1162e-03
2.9755e-03
2.8595e-03
2.7641e-03
2.6854e-03
2.6141e-03
2.5499e-03
2.4918e-03
2.4389e-03
2.3905e-03
2.3459e-03
2.3046e-03
2.2662e-03
4.7162e-04
2.5668e-04
1.6494e-04
1.1735e-04
8.4587e-05
6.5181e-05
4.8556e-05
3.7915e-05
2.8104e-05
2.1611e-05
1.5400e-05
1.1194e-05
6.9069e-06
3.7708e-06
1.1121e-06
0.0000e+00
0.0000e+00
0.0000e+00
0.0000e+00
0.0000e+00
8.9977e-05
5.3033e-05
3.7954e-05
2.8886e-05
2.3099e-05
1.8381e-05
1.4299e-05
1.1393e-05
8.5376e-06
5.9626e-06
4.1191e-06
2.4575e-06
1.1810e-06
2.8825e-07
0.0000e+00
0.0000e+00
0.0000e+00
0.0000e+00
0.0000e+00
0.0000e+00
0.0000e+00
0.0000e+00
0.0000e+00
0.0000e+00
0.0000e+00
0.0000e+00
0.0000e+00
0.0000e+00
0.0000e+00
0.0000e+00
0.0000e+00
0.0000e+00
0.0000e+00
0.0000e+00
0.0000e+00
0.0000e+00
0.0000e+00
0.0000e+00
0.0000e+00
0.0000e+00
3.6165e-06
3.6152e-06
3.6130e-06
3.6100e-06
3.6062e-06
3.6017e-06
3.5964e-06
3.5903e-06
3.5831e-06
3.5749e-06
3.5654e-06
3.5546e-06
3.5423e-06
3.5284e-06
3.5127e-06
3.4952e-06
3.4759e-06
3.4547e-06
3.4316e-06
3.4067e-06
