1.1489e-02
6.8141e-03
5.1678e-03
4.6543e-03
3.7958e-03
3.5822e-03
3.2203e-03
3.0438e-03
2.9071e-03
2.7946e-03
2.7069e-03
2.6285e-03
2.5584e-03
2.4955e-03
2.4387e-03
2.3871e-03
2.3399e-03
2.2964e-03
2.2562e-03
2.2188e-03
4.7112e-04
2.5607e-04
1.6414e-04
1.1675e-04
8.3984e-05
6.4634e-05
4.8092e-05
3.7431e-05
2.7700e-05
2.1193e-05
1.5053e-05
1.0830e-05
6.5592e-06
3.5181e-06
8.8114e-07
0.0000e+00
0.0000e+00
0.0000e+00
0.0000e+00
0.0000e+00
8.9553e-05
5.2722e-05
3.7569e-05
2.8511e-05
2.2768e-05
1.8019e-05
1.3917e-05
1.1164e-05
8.2485e-06
5.6500e-06
3.9052e-06
2.2234e-06
1.0516e-06
1.4450e-07
0.0000e+00
0.0000e+00
0.0000e+00
0.0000e+00
0.0000e+00
0.0000e+00
7.7133e-09
2.0849e-10
0.0000e+00
0.0000e+00
0.0000e+00
0.0000e+00
0.0000e+00
0.0000e+00
0.0000e+00
0.0000e+00
0.0000e+00
0.0000e+00
0.0000e+00
0.0000e+00
0.0000e+00
0.0000e+00
0.0000e+00
0.0000e+00
0.0000e+00
0.0000e+00
3.5187e-06
3.5188e-06
3.5179e-06
3.5176e-06
3.5167e-06
3.5149e-06
3.5123e-06
3.5085e-06
3.5036e-06
3.4975e-06
3.4900e-06
3.4810e-06
3.4703e-06
3.4580e-06
3.4438e-06
3.4278e-06
3.4098e-06
3.3899e-06
3.3681e-06
3.3444e-06
