1.1362e-02
6.7345e-03
5.1148e-03
4.6180e-03
3.7678e-03
3.5580e-03
3.1952e-03
3.0208e-03
2.8858e-03
2.7773e-03
2.6887e-03
2.6106e-03
2.5411e-03
2.4787e-03
2.4223e-03
2.3711e-03
2.3242e-03
2.2811e-03
2.2412e-03
2.2041e-03
4.7103e-04
2.5598e-04
1.6408e-04
1.1675e-04
8.4020e-05
6.4706e-05
4.8180e-05
3.7550e-05
2.7820e-05
2.1338e-05
1.5186e-05
1.0983e-05
6.7108e-06
3.6277e-06
9.7252e-07
0.0000e+00
0.0000e+00
0.0000e+00
0.0000e+00
0.0000e+00
8.9598e-05
5.2748e-05
3.7607e-05
2.8533e-05
2.2801e-05
1.8059e-05
1.3962e-05
1.1196e-05
8.2917e-06
5.7010e-06
3.9473e-06
2.2725e-06
1.0840e-06
1.8219e-07
0.0000e+00
0.0000e+00
0.0000e+00
0.0000e+00
0.0000e+00
0.0000e+00
0.0000e+00
0.0000e+00
0.0000e+00
0.0000e+00
0.0000e+00
0.0000e+00
0.0000e+00
0.0000e+00
0.0000e+00
0.0000e+00
0.0000e+00
0.0000e+00
0.0000e+00
0.0000e+00
0.0000e+00
0.0000e+00
0.0000e+00
0.0000e+00
0.0000e+00
0.0000e+00
3.5448e-06
3.5441e-06
3.5427e-06
3.5404e-06
3.5371e-06
3.5329e-06
3.5277e-06
3.5215e-06
3.5141e-06
3.5055e-06
3.4956e-06
3.4842e-06
3.4711e-06
3.4564e-06
3.4399e-06
3.4215e-06
3.4011e-06
3.3788e-06
3.3546e-06
3.3285e-06
