1.1546e-02
6.8415e-03
5.1812e-03
4.6599e-03
3.7981e-03
3.5826e-03
3.2187e-03
3.0417e-03
2.9050e-03
2.7929e-03
2.7062e-03
2.6285e-03
2.5593e-03
2.4974e-03
2.4415e-03
2.3908e-03
2.3444e-03
2.3018e-03
2.2623e-03
2.2257e-03
4.7155e-04
2.5650e-04
1.6457e-04
1.1713e-04
8.4323e-05
6.4957e-05
4.8381e-05
3.7707e-05
2.7947e-05
2.1435e-05
1.5272e-05
1.1052e-05
6.7816e-06
3.7063e-06
1.0801e-06
0.0000e+00
0.0000e+00
0.0000e+00
0.0000e+00
0.0000e+00
9.0110e-05
5.3130e-05
3.8071e-05
2.9011e-05
2.3189e-05
1.8475e-05
1.4392e-05
1.1434e-05
8.5904e-06
6.0165e-06
4.1457e-06
2.4857e-06
1.1905e-06
2.9855e-07
0.0000e+00
0.0000e+00
0.0000e+00
0.0000e+00
0.0000e+00
0.0000e+00
0.0000e+00
0.0000e+00
0.0000e+00
0.0000e+00
0.0000e+00
0.0000e+00
0.0000e+00
0.0000e+00
0.0000e+00
0.0000e+00
0.0000e+00
0.0000e+00
0.0000e+00
0.0000e+00
0.0000e+00
0.0000e+00
0.0000e+00
0.0000e+00
0.0000e+00
0.0000e+00
3.6217e-06
3.6208e-06
3.6193e-06
3.6169e-06
3.6137e-06
3.6097e-06
3.6047e-06
3.5987e-06
3.5916e-06
3.5833e-06
3.5738e-06
3.5628e-06
3.5503e-06
3.5361e-06
3.5201e-06
3.5024e-06
3.4827e-06
3.4612e-06
3.4378e-06
3.4126e-06
