1.1566e-02
6.8513e-03
5.1877e-03
4.6651e-03
3.8029e-03
3.5871e-03
3.2238e-03
3.0462e-03
2.9089e-03
2.7961e-03
2.7085e-03
2.6303e-03
2.5605e-03
2.4980e-03
2.4416e-03
2.3903e-03
2.3435e-03
2.3004e-03
2.2605e-03
2.2234e-03
4.7171e-04
2.5665e-04
1.6472e-04
1.1727e-04
8.4462e-05
6.5108e-05
4.8531e-05
3.7870e-05
2.8105e-05
2.1604e-05
1.5429e-05
1.1218e-05
6.9460e-06
3.8366e-06
1.2054e-06
0.0000e+00
0.0000e+00
0.0000e+00
0.0000e+00
0.0000e+00
9.0341e-05
5.3298e-05
3.8280e-05
2.9241e-05
2.3367e-05
1.8671e-05
1.4601e-05
1.1557e-05
8.7499e-06
6.1914e-06
4.2662e-06
2.6191e-06
1.2646e-06
3.8121e-07
0.0000e+00
0.0000e+00
0.0000e+00
0.0000e+00
0.0000e+00
0.0000e+00
0.0000e+00
0.0000e+00
0.0000e+00
0.0000e+00
0.0000e+00
0.0000e+00
0.0000e+00
0.0000e+00
0.0000e+00
0.0000e+00
0.0000e+00
0.0000e+00
0.0000e+00
0.0000e+00
0.0000e+00
0.0000e+00
0.0000e+00
0.0000e+00
0.0000e+00
0.0000e+00
3.6854e-06
3.6841e-06
3.6818e-06
3.6786e-06
3.6745e-06
3.6695e-06
3.6635e-06
3.6566e-06
3.6487e-06
3.6396e-06
3.6293e-06
3.6175e-06
3.6043e-06
3.5894e-06
3.5728e-06
3.5544e-06
3.5342e-06
3.5122e-06
3.4883e-06
3.4626e-06
