1.1558e-02
6.8618e-03
5.2042e-03
4.6777e-03
3.8170e-03
3.6026e-03
3.2490e-03
3.0729e-03
2.9363e-03
2.8239e-03
2.7338e-03
2.6565e-03
2.5869e-03
2.5244e-03
2.4678e-03
2.4164e-03
2.3692e-03
2.3258e-03
2.2856e-03
2.2483e-03
4.7222e-04
2.5720e-04
1.6536e-04
1.1786e-04
8.5063e-05
6.5714e-05
4.9093e-05
3.8461e-05
2.8638e-05
2.2162e-05
1.5925e-05
1.1743e-05
7.7048e-06
4.9243e-06
2.0266e-06
3.8032e-07
0.0000e+00
0.0000e+00
0.0000e+00
0.0000e+00
9.2568e-05
5.5606e-05
3.9653e-05
3.0484e-05
2.4195e-05
1.9529e-05
1.5464e-05
1.2030e-05
9.3476e-06
6.8295e-06
4.6873e-06
3.0790e-06
1.5035e-06
8.6092e-07
0.0000e+00
0.0000e+00
0.0000e+00
0.0000e+00
0.0000e+00
0.0000e+00
4.6591e-08
0.0000e+00
0.0000e+00
0.0000e+00
0.0000e+00
0.0000e+00
0.0000e+00
0.0000e+00
0.0000e+00
0.0000e+00
0.0000e+00
0.0000e+00
0.0000e+00
0.0000e+00
0.0000e+00
0.0000e+00
0.0000e+00
0.0000e+00
0.0000e+00
0.0000e+00
3.8460e-06
3.8424e-06
3.8367e-06
3.8294e-06
3.8207e-06
3.8110e-06
3.8004e-06
3.7889e-06
3.7764e-06
3.7630e-06
3.7485e-06
3.7328e-06
3.7157e-06
3.6972e-06
3.6771e-06
3.6553e-06
3.6319e-06
3.6068e-06
3.5799e-06
3.5513e-06
