1.1633e-02
6.9286e-03
5.2621e-03
4.7264e-03
3.8528e-03
3.6347e-03
3.2890e-03
3.1085e-03
2.9672e-03
2.8506e-03
2.7548e-03
2.6754e-03
2.6036e-03
2.5389e-03
2.4805e-03
2.4273e-03
2.3787e-03
2.3339e-03
2.2925e-03
2.2541e-03
4.7155e-04
2.5661e-04
1.6491e-04
1.1735e-04
8.4619e-05
6.5194e-05
4.8553e-05
3.7904e-05
2.8075e-05
2.1571e-05
1.5350e-05
1.1133e-05
6.8422e-06
3.7169e-06
1.0650e-06
0.0000e+00
0.0000e+00
0.0000e+00
0.0000e+00
0.0000e+00
9.0034e-05
5.3070e-05
3.8004e-05
2.8941e-05
2.3134e-05
1.8417e-05
1.4332e-05
1.1399e-05
8.5448e-06
5.9651e-06
4.1105e-06
2.4443e-06
1.1678e-06
2.7149e-07
0.0000e+00
0.0000e+00
0.0000e+00
0.0000e+00
0.0000e+00
0.0000e+00
0.0000e+00
0.0000e+00
0.0000e+00
0.0000e+00
0.0000e+00
0.0000e+00
0.0000e+00
0.0000e+00
0.0000e+00
0.0000e+00
0.0000e+00
0.0000e+00
0.0000e+00
0.0000e+00
0.0000e+00
0.0000e+00
0.0000e+00
0.0000e+00
0.0000e+00
0.0000e+00
3.6208e-06
3.6194e-06
3.6171e-06
3.6139e-06
3.6098e-06
3.6047e-06
3.5987e-06
3.5917e-06
3.5836e-06
3.5743e-06
3.5637e-06
3.5516e-06
3.5379e-06
3.5224e-06
3.5052e-06
3.4860e-06
3.4649e-06
3.4418e-06
3.4168e-06
3.3899e-06
