1.1484e-02
6.8086e-03
5.1624e-03
4.6502e-03
3.7917e-03
3.5781e-03
3.2146e-03
3.0381e-03
2.9014e-03
2.7890e-03
2.7019e-03
2.6234e-03
2.5534e-03
2.4907e-03
2.4340e-03
2.3825e-03
2.3354e-03
2.2920e-03
2.2519e-03
2.2146e-03
4.7111e-04
2.5605e-04
1.6411e-04
1.1673e-04
8.3968e-05
6.4614e-05
4.8078e-05
3.7413e-05
2.7688e-05
2.1180e-05
1.5046e-05
1.0822e-05
6.5552e-06
3.5205e-06
8.8897e-07
0.0000e+00
0.0000e+00
0.0000e+00
0.0000e+00
0.0000e+00
8.9590e-05
5.2746e-05
3.7600e-05
2.8530e-05
2.2793e-05
1.8045e-05
1.3944e-05
1.1178e-05
8.2664e-06
5.6698e-06
3.9177e-06
2.2379e-06
1.0592e-06
1.5370e-07
0.0000e+00
0.0000e+00
0.0000e+00
0.0000e+00
0.0000e+00
0.0000e+00
0.0000e+00
0.0000e+00
0.0000e+00
0.0000e+00
0.0000e+00
0.0000e+00
0.0000e+00
0.0000e+00
0.0000e+00
0.0000e+00
0.0000e+00
0.0000e+00
0.0000e+00
0.0000e+00
0.0000e+00
0.0000e+00
0.0000e+00
0.0000e+00
0.0000e+00
0.0000e+00
3.5458e-06
3.5454e-06
3.5446e-06
3.5432e-06
3.5411e-06
3.5380e-06
3.5338e-06
3.5286e-06
3.5222e-06
3.5145e-06
3.5054e-06
3.4947e-06
3.4824e-06
3.4683e-06
3.4523e-06
3.4344e-06
3.4146e-06
3.3927e-06
3.3689e-06
3.3432e-06
