1.1458e-02
6.7826e-03
5.1335e-03
4.6259e-03
3.7660e-03
3.5511e-03
3.1749e-03
2.9970e-03
2.8599e-03
2.7646e-03
2.6639e-03
2.5842e-03
2.5140e-03
2.4512e-03
2.3947e-03
2.3434e-03
2.2965e-03
2.2534e-03
2.2136e-03
2.1766e-03
4.7059e-04
2.5552e-04
1.6351e-04
1.1619e-04
8.3459e-05
6.4073e-05
4.7580e-05
3.6877e-05
2.7203e-05
2.0666e-05
1.4587e-05
1.0331e-05
6.0591e-06
3.1240e-06
4.8332e-07
0.0000e+00
0.0000e+00
0.0000e+00
0.0000e+00
0.0000e+00
8.8873e-05
5.2218e-05
3.6947e-05
2.8091e-05
2.2233e-05
1.7424e-05
1.3410e-05
1.0424e-05
7.6343e-06
5.3165e-06
3.5104e-06
1.7840e-06
8.1137e-07
0.0000e+00
0.0000e+00
0.0000e+00
0.0000e+00
0.0000e+00
0.0000e+00
0.0000e+00
2.1310e-09
0.0000e+00
0.0000e+00
0.0000e+00
0.0000e+00
0.0000e+00
0.0000e+00
0.0000e+00
0.0000e+00
0.0000e+00
0.0000e+00
0.0000e+00
0.0000e+00
0.0000e+00
0.0000e+00
0.0000e+00
0.0000e+00
0.0000e+00
0.0000e+00
0.0000e+00
3.3873e-06
3.3868e-06
3.3864e-06
3.3855e-06
3.3840e-06
3.3816e-06
3.3784e-06
3.3742e-06
3.3690e-06
3.3625e-06
3.3548e-06
3.3457e-06
3.3350e-06
3.3227e-06
3.3086e-06
3.2927e-06
3.2749e-06
3.2552e-06
3.2337e-06
3.2103e-06
