1.1621e-02
6.9010e-03
5.2283e-03
4.6923e-03
3.8268e-03
3.6090e-03
3.2517e-03
3.0720e-03
2.9324e-03
2.8175e-03
2.7263e-03
2.6471e-03
2.5760e-03
2.5122e-03
2.4546e-03
2.4022e-03
2.3543e-03
2.3102e-03
2.2695e-03
2.2316e-03
4.7109e-04
2.5609e-04
1.6425e-04
1.1677e-04
8.3981e-05
6.4640e-05
4.8073e-05
3.7410e-05
2.7657e-05
2.1151e-05
1.4997e-05
1.0774e-05
6.4923e-06
3.4447e-06
7.8761e-07
0.0000e+00
0.0000e+00
0.0000e+00
0.0000e+00
0.0000e+00
8.9166e-05
5.2448e-05
3.7224e-05
2.8294e-05
2.2490e-05
1.7717e-05
1.3644e-05
1.0695e-05
7.9366e-06
5.4842e-06
3.7472e-06
2.0570e-06
9.6905e-07
5.4377e-08
0.0000e+00
0.0000e+00
0.0000e+00
0.0000e+00
0.0000e+00
0.0000e+00
5.0617e-08
3.9191e-08
2.2478e-08
7.2513e-09
1.8107e-11
0.0000e+00
0.0000e+00
0.0000e+00
0.0000e+00
0.0000e+00
0.0000e+00
0.0000e+00
0.0000e+00
0.0000e+00
0.0000e+00
0.0000e+00
0.0000e+00
0.0000e+00
0.0000e+00
0.0000e+00
3.4392e-06
3.4448e-06
3.4473e-06
3.4472e-06
3.4451e-06
3.4424e-06
3.4415e-06
3.4404e-06
3.4379e-06
3.4341e-06
3.4287e-06
3.4217e-06
3.4129e-06
3.4022e-06
3.3895e-06
3.3748e-06
3.3581e-06
3.3393e-06
3.3184e-06
3.2955e-06
