1.1619e-02
6.8991e-03
5.2259e-03
4.6899e-03
3.8240e-03
3.6058e-03
3.2469e-03
3.0669e-03
2.9271e-03
2.8121e-03
2.7213e-03
2.6419e-03
2.5708e-03
2.5069e-03
2.4493e-03
2.3969e-03
2.3490e-03
2.3049e-03
2.2642e-03
2.2263e-03
4.7127e-04
2.5627e-04
1.6443e-04
1.1695e-04
8.4151e-05
6.4809e-05
4.8237e-05
3.7581e-05
2.7823e-05
2.1318e-05
1.5155e-05
1.0934e-05
6.6547e-06
3.5852e-06
9.3859e-07
0.0000e+00
0.0000e+00
0.0000e+00
0.0000e+00
0.0000e+00
8.9617e-05
5.2768e-05
3.7628e-05
2.8553e-05
2.2824e-05
1.8082e-05
1.3986e-05
1.1210e-05
8.3068e-06
5.7144e-06
3.9522e-06
2.2751e-06
1.0814e-06
1.7741e-07
0.0000e+00
0.0000e+00
0.0000e+00
0.0000e+00
0.0000e+00
0.0000e+00
1.8388e-09
0.0000e+00
0.0000e+00
0.0000e+00
0.0000e+00
0.0000e+00
0.0000e+00
0.0000e+00
0.0000e+00
0.0000e+00
0.0000e+00
0.0000e+00
0.0000e+00
0.0000e+00
0.0000e+00
0.0000e+00
0.0000e+00
0.0000e+00
0.0000e+00
0.0000e+00
3.5354e-06
3.5351e-06
3.5347e-06
3.5339e-06
3.5322e-06
3.5297e-06
3.5262e-06
3.5216e-06
3.5159e-06
3.5088e-06
3.5004e-06
3.4905e-06
3.4789e-06
3.4656e-06
3.4505e-06
3.4335e-06
3.4145e-06
3.3936e-06
3.3707e-06
3.3460e-06
