1.1617e-02
6.9146e-03
5.2493e-03
4.7151e-03
3.8451e-03
3.6281e-03
3.2811e-03
3.1017e-03
2.9616e-03
2.8459e-03
2.7513e-03
2.6724e-03
2.6010e-03
2.5367e-03
2.4786e-03
2.4258e-03
2.3774e-03
2.3330e-03
2.2918e-03
2.2536e-03
4.7118e-04
2.5624e-04
1.6451e-04
1.1699e-04
8.4238e-05
6.4856e-05
4.8244e-05
3.7590e-05
2.7791e-05
2.1280e-05
1.5087e-05
1.0860e-05
6.5709e-06
3.4956e-06
8.3937e-07
0.0000e+00
0.0000e+00
0.0000e+00
0.0000e+00
0.0000e+00
8.9516e-05
5.2691e-05
3.7535e-05
2.8487e-05
2.2739e-05
1.7986e-05
1.3879e-05
1.1139e-05
8.2101e-06
5.6017e-06
3.8673e-06
2.1758e-06
1.0224e-06
1.0854e-07
0.0000e+00
0.0000e+00
0.0000e+00
0.0000e+00
0.0000e+00
0.0000e+00
0.0000e+00
0.0000e+00
0.0000e+00
0.0000e+00
0.0000e+00
0.0000e+00
0.0000e+00
0.0000e+00
0.0000e+00
0.0000e+00
0.0000e+00
0.0000e+00
0.0000e+00
0.0000e+00
0.0000e+00
0.0000e+00
0.0000e+00
0.0000e+00
0.0000e+00
0.0000e+00
3.5823e-06
3.5817e-06
3.5806e-06
3.5788e-06
3.5763e-06
3.5729e-06
3.5686e-06
3.5632e-06
3.5567e-06
3.5490e-06
3.5398e-06
3.5291e-06
3.5167e-06
3.5026e-06
3.4866e-06
3.4686e-06
3.4487e-06
3.4268e-06
3.4029e-06
3.3772e-06
