1.1722e-02
6.9801e-03
5.2871e-03
4.7379e-03
3.8581e-03
3.6371e-03
3.2866e-03
3.1051e-03
2.9634e-03
2.8468e-03
2.7519e-03
2.6725e-03
2.6008e-03
2.5362e-03
2.4779e-03
2.4249e-03
2.3764e-03
2.3317e-03
2.2904e-03
2.2521e-03
4.7121e-04
2.5627e-04
1.6453e-04
1.1697e-04
8.4199e-05
6.4829e-05
4.8231e-05
3.7582e-05
2.7802e-05
2.1299e-05
1.5118e-05
1.0897e-05
6.6094e-06
3.5309e-06
8.7037e-07
0.0000e+00
0.0000e+00
0.0000e+00
0.0000e+00
0.0000e+00
8.9416e-05
5.2621e-05
3.7447e-05
2.8434e-05
2.2674e-05
1.7919e-05
1.3815e-05
1.1115e-05
8.1835e-06
5.5800e-06
3.8637e-06
2.1765e-06
1.0289e-06
1.1800e-07
0.0000e+00
0.0000e+00
0.0000e+00
0.0000e+00
0.0000e+00
0.0000e+00
0.0000e+00
0.0000e+00
0.0000e+00
0.0000e+00
0.0000e+00
0.0000e+00
0.0000e+00
0.0000e+00
0.0000e+00
0.0000e+00
0.0000e+00
0.0000e+00
0.0000e+00
0.0000e+00
0.0000e+00
0.0000e+00
0.0000e+00
0.0000e+00
0.0000e+00
0.0000e+00
3.5074e-06
3.5071e-06
3.5064e-06
3.5053e-06
3.5034e-06
3.5008e-06
3.4972e-06
3.4927e-06
3.4870e-06
3.4802e-06
3.4719e-06
3.4622e-06
3.4508e-06
3.4377e-06
3.4228e-06
3.4060e-06
3.3872e-06
3.3664e-06
3.3438e-06
3.3192e-06
