1.1558e-02
6.8522e-03
5.1865e-03
4.6615e-03
3.7970e-03
3.5794e-03
3.2106e-03
3.0311e-03
2.8924e-03
2.7838e-03
2.6918e-03
2.6124e-03
2.5419e-03
2.4788e-03
2.4220e-03
2.3705e-03
2.3235e-03
2.2802e-03
2.2403e-03
2.2032e-03
4.7040e-04
2.5538e-04
1.6346e-04
1.1609e-04
8.3348e-05
6.3986e-05
4.7482e-05
3.6797e-05
2.7115e-05
2.0593e-05
1.4509e-05
1.0264e-05
5.9924e-06
3.0553e-06
4.1280e-07
0.0000e+00
0.0000e+00
0.0000e+00
0.0000e+00
0.0000e+00
8.8311e-05
5.1818e-05
3.6451e-05
2.7773e-05
2.1838e-05
1.7007e-05
1.3122e-05
1.0123e-05
7.3369e-06
5.1823e-06
3.3404e-06
1.6537e-06
7.2980e-07
0.0000e+00
0.0000e+00
0.0000e+00
0.0000e+00
0.0000e+00
0.0000e+00
0.0000e+00
1.0355e-07
8.9521e-08
6.5908e-08
4.3103e-08
2.4792e-08
7.8095e-09
1.5101e-10
0.0000e+00
0.0000e+00
0.0000e+00
0.0000e+00
0.0000e+00
0.0000e+00
0.0000e+00
0.0000e+00
0.0000e+00
0.0000e+00
0.0000e+00
0.0000e+00
0.0000e+00
3.2972e-06
3.3095e-06
3.3170e-06
3.3207e-06
3.3217e-06
3.3206e-06
3.3176e-06
3.3136e-06
3.3119e-06
3.3105e-06
3.3074e-06
3.3024e-06
3.2955e-06
3.2865e-06
3.2754e-06
3.2621e-06
3.2466e-06
3.2290e-06
3.2092e-06
3.1873e-06
