1.1622e-02
6.8985e-03
5.2240e-03
4.6889e-03
3.8249e-03
3.6087e-03
3.2536e-03
3.0758e-03
2.9375e-03
2.8234e-03
2.7322e-03
2.6535e-03
2.5826e-03
2.5188e-03
2.4611e-03
2.4086e-03
2.3605e-03
2.3162e-03
2.2752e-03
2.2370e-03
4.7143e-04
2.5642e-04
1.6457e-04
1.1708e-04
8.4277e-05
6.4938e-05
4.8357e-05
3.7707e-05
2.7937e-05
2.1440e-05
1.5263e-05
1.1051e-05
6.7720e-06
3.6754e-06
1.0253e-06
0.0000e+00
0.0000e+00
0.0000e+00
0.0000e+00
0.0000e+00
8.9796e-05
5.2902e-05
3.7791e-05
2.8707e-05
2.2961e-05
1.8230e-05
1.4141e-05
1.1300e-05
8.4206e-06
5.8369e-06
4.0347e-06
2.3657e-06
1.1311e-06
2.3304e-07
0.0000e+00
0.0000e+00
0.0000e+00
0.0000e+00
0.0000e+00
0.0000e+00
0.0000e+00
0.0000e+00
0.0000e+00
0.0000e+00
0.0000e+00
0.0000e+00
0.0000e+00
0.0000e+00
0.0000e+00
0.0000e+00
0.0000e+00
0.0000e+00
0.0000e+00
0.0000e+00
0.0000e+00
0.0000e+00
0.0000e+00
0.0000e+00
0.0000e+00
0.0000e+00
3.5504e-06
3.5503e-06
3.5498e-06
3.5488e-06
3.5471e-06
3.5446e-06
3.5411e-06
3.5366e-06
3.5310e-06
3.5242e-06
3.5160e-06
3.5064e-06
3.4952e-06
3.4823e-06
3.4676e-06
3.4510e-06
3.4326e-06
3.4122e-06
3.3900e-06
3.3659e-06
