1.1693e-02
6.9318e-03
5.2372e-03
4.6944e-03
3.8270e-03
3.6095e-03
3.2521e-03
3.0740e-03
2.9360e-03
2.8224e-03
2.7321e-03
2.6539e-03
2.5837e-03
2.5206e-03
2.4636e-03
2.4117e-03
2.3642e-03
2.3205e-03
2.2800e-03
2.2424e-03
4.7200e-04
2.5698e-04
1.6510e-04
1.1756e-04
8.4708e-05
6.5348e-05
4.8737e-05
3.8074e-05
2.8281e-05
2.1781e-05
1.5585e-05
1.1380e-05
7.1077e-06
3.9680e-06
1.3699e-06
8.0922e-09
0.0000e+00
0.0000e+00
0.0000e+00
0.0000e+00
9.0706e-05
5.3561e-05
3.8610e-05
2.9603e-05
2.3643e-05
1.8973e-05
1.4917e-05
1.1734e-05
8.9766e-06
6.4355e-06
4.4261e-06
2.7943e-06
1.3575e-06
4.8481e-07
0.0000e+00
0.0000e+00
0.0000e+00
0.0000e+00
0.0000e+00
0.0000e+00
4.0018e-09
0.0000e+00
0.0000e+00
0.0000e+00
0.0000e+00
0.0000e+00
0.0000e+00
0.0000e+00
0.0000e+00
0.0000e+00
0.0000e+00
0.0000e+00
0.0000e+00
0.0000e+00
0.0000e+00
0.0000e+00
0.0000e+00
0.0000e+00
0.0000e+00
0.0000e+00
3.7619e-06
3.7592e-06
3.7548e-06
3.7492e-06
3.7424e-06
3.7346e-06
3.7260e-06
3.7164e-06
3.7059e-06
3.6942e-06
3.6814e-06
3.6673e-06
3.6517e-06
3.6345e-06
3.6156e-06
3.5950e-06
3.5725e-06
3.5482e-06
3.5221e-06
3.4942e-06
