1.1599e-02
6.8778e-03
5.2047e-03
4.6737e-03
3.8083e-03
3.5905e-03
3.2260e-03
3.0467e-03
2.9081e-03
2.7942e-03
2.7060e-03
2.6269e-03
2.5565e-03
2.4934e-03
2.4364e-03
2.3847e-03
2.3374e-03
2.2939e-03
2.2536e-03
2.2162e-03
4.7108e-04
2.5607e-04
1.6417e-04
1.1673e-04
8.3953e-05
6.4595e-05
4.8048e-05
3.7380e-05
2.7649e-05
2.1136e-05
1.4999e-05
1.0769e-05
6.4947e-06
3.4646e-06
8.2329e-07
0.0000e+00
0.0000e+00
0.0000e+00
0.0000e+00
0.0000e+00
8.9419e-05
5.2621e-05
3.7446e-05
2.8429e-05
2.2666e-05
1.7907e-05
1.3799e-05
1.1099e-05
8.1632e-06
5.5612e-06
3.8440e-06
2.1545e-06
1.0147e-06
1.0206e-07
0.0000e+00
0.0000e+00
0.0000e+00
0.0000e+00
0.0000e+00
0.0000e+00
0.0000e+00
0.0000e+00
0.0000e+00
0.0000e+00
0.0000e+00
0.0000e+00
0.0000e+00
0.0000e+00
0.0000e+00
0.0000e+00
0.0000e+00
0.0000e+00
0.0000e+00
0.0000e+00
0.0000e+00
0.0000e+00
0.0000e+00
0.0000e+00
0.0000e+00
0.0000e+00
3.5175e-06
3.5168e-06
3.5155e-06
3.5136e-06
3.5110e-06
3.5076e-06
3.5034e-06
3.4982e-06
3.4921e-06
3.4849e-06
3.4765e-06
3.4667e-06
3.4554e-06
3.4425e-06
3.4280e-06
3.4117e-06
3.3935e-06
3.3736e-06
3.3518e-06
3.3283e-06
