1.1645e-02
6.9187e-03
5.2397e-03
4.6994e-03
3.8316e-03
3.6140e-03
3.2597e-03
3.0809e-03
2.9420e-03
2.8276e-03
2.7359e-03
2.6574e-03
2.5866e-03
2.5231e-03
2.4656e-03
2.4133e-03
2.3655e-03
2.3215e-03
2.2808e-03
2.2429e-03
4.7170e-04
2.5671e-04
1.6490e-04
1.1736e-04
8.4548e-05
6.5191e-05
4.8580e-05
3.7925e-05
2.8127e-05
2.1625e-05
1.5425e-05
1.1212e-05
6.9289e-06
3.8038e-06
1.1598e-06
0.0000e+00
0.0000e+00
0.0000e+00
0.0000e+00
0.0000e+00
9.0227e-05
5.3214e-05
3.8179e-05
2.9131e-05
2.3284e-05
1.8581e-05
1.4506e-05
1.1504e-05
8.6793e-06
6.1127e-06
4.2128e-06
2.5581e-06
1.2310e-06
3.4225e-07
0.0000e+00
0.0000e+00
0.0000e+00
0.0000e+00
0.0000e+00
0.0000e+00
0.0000e+00
0.0000e+00
0.0000e+00
0.0000e+00
0.0000e+00
0.0000e+00
0.0000e+00
0.0000e+00
0.0000e+00
0.0000e+00
0.0000e+00
0.0000e+00
0.0000e+00
0.0000e+00
0.0000e+00
0.0000e+00
0.0000e+00
0.0000e+00
0.0000e+00
0.0000e+00
3.6580e-06
3.6566e-06
3.6542e-06
3.6508e-06
3.6465e-06
3.6414e-06
3.6353e-06
3.6283e-06
3.6203e-06
3.6111e-06
3.6007e-06
3.5888e-06
3.5755e-06
3.5606e-06
3.5439e-06
3.5254e-06
3.5051e-06
3.4829e-06
3.4589e-06
3.4331e-06
