1.1533e-02
6.8358e-03
5.1796e-03
4.6600e-03
3.7986e-03
3.5830e-03
3.2188e-03
3.0411e-03
2.9038e-03
2.7909e-03
2.7036e-03
2.6253e-03
2.5554e-03
2.4928e-03
2.4364e-03
2.3851e-03
2.3382e-03
2.2951e-03
2.2552e-03
2.2181e-03
4.7124e-04
2.5619e-04
1.6427e-04
1.1686e-04
8.4090e-05
6.4737e-05
4.8188e-05
3.7526e-05
2.7789e-05
2.1283e-05
1.5137e-05
1.0918e-05
6.6484e-06
3.5926e-06
9.5600e-07
0.0000e+00
0.0000e+00
0.0000e+00
0.0000e+00
0.0000e+00
8.9700e-05
5.2828e-05
3.7702e-05
2.8609e-05
2.2881e-05
1.8142e-05
1.4047e-05
1.1241e-05
8.3462e-06
5.7565e-06
3.9782e-06
2.3042e-06
1.0965e-06
1.9501e-07
0.0000e+00
0.0000e+00
0.0000e+00
0.0000e+00
0.0000e+00
0.0000e+00
0.0000e+00
0.0000e+00
0.0000e+00
0.0000e+00
0.0000e+00
0.0000e+00
0.0000e+00
0.0000e+00
0.0000e+00
0.0000e+00
0.0000e+00
0.0000e+00
0.0000e+00
0.0000e+00
0.0000e+00
0.0000e+00
0.0000e+00
0.0000e+00
0.0000e+00
0.0000e+00
3.5671e-06
3.5669e-06
3.5661e-06
3.5648e-06
3.5627e-06
3.5597e-06
3.5557e-06
3.5507e-06
3.5446e-06
3.5372e-06
3.5285e-06
3.5183e-06
3.5065e-06
3.4930e-06
3.4777e-06
3.4606e-06
3.4415e-06
3.4206e-06
3.3979e-06
3.3732e-06
