1.1577e-02
6.8794e-03
5.2182e-03
4.6872e-03
3.8248e-03
3.6095e-03
3.2590e-03
3.0812e-03
2.9428e-03
2.8285e-03
2.7365e-03
2.6582e-03
2.5876e-03
2.5242e-03
2.4669e-03
2.4148e-03
2.3671e-03
2.3233e-03
2.2828e-03
2.2452e-03
4.7146e-04
2.5649e-04
1.6472e-04
1.1720e-04
8.4426e-05
6.5050e-05
4.8429e-05
3.7772e-05
2.7964e-05
2.1455e-05
1.5253e-05
1.1032e-05
6.7447e-06
3.6436e-06
9.9473e-07
0.0000e+00
0.0000e+00
0.0000e+00
0.0000e+00
0.0000e+00
8.9869e-05
5.2953e-05
3.7855e-05
2.8778e-05
2.3011e-05
1.8282e-05
1.4190e-05
1.1319e-05
8.4409e-06
5.8526e-06
4.0358e-06
2.3625e-06
1.1238e-06
2.2273e-07
0.0000e+00
0.0000e+00
0.0000e+00
0.0000e+00
0.0000e+00
0.0000e+00
0.0000e+00
0.0000e+00
0.0000e+00
0.0000e+00
0.0000e+00
0.0000e+00
0.0000e+00
0.0000e+00
0.0000e+00
0.0000e+00
0.0000e+00
0.0000e+00
0.0000e+00
0.0000e+00
0.0000e+00
0.0000e+00
0.0000e+00
0.0000e+00
0.0000e+00
0.0000e+00
3.5977e-06
3.5971e-06
3.5960e-06
3.5941e-06
3.5915e-06
3.5881e-06
3.5837e-06
3.5783e-06
3.5717e-06
3.5640e-06
3.5549e-06
3.5444e-06
3.5323e-06
3.5184e-06
3.5028e-06
3.4854e-06
3.4661e-06
3.4449e-06
3.4218e-06
3.3969e-06
