1.1584e-02
6.8596e-03
5.1918e-03
4.6665e-03
3.8036e-03
3.5868e-03
3.2225e-03
3.0438e-03
2.9055e-03
2.7919e-03
2.7040e-03
2.6251e-03
2.5548e-03
2.4918e-03
2.4350e-03
2.3834e-03
2.3363e-03
2.2929e-03
2.2528e-03
2.2156e-03
4.7104e-04
2.5601e-04
1.6411e-04
1.1669e-04
8.3929e-05
6.4584e-05
4.8044e-05
3.7388e-05
2.7661e-05
2.1156e-05
1.5018e-05
1.0795e-05
6.5197e-06
3.4788e-06
8.2991e-07
0.0000e+00
0.0000e+00
0.0000e+00
0.0000e+00
0.0000e+00
8.9304e-05
5.2541e-05
3.7346e-05
2.8366e-05
2.2587e-05
1.7825e-05
1.3717e-05
1.1059e-05
8.1147e-06
5.5412e-06
3.8182e-06
2.1295e-06
1.0050e-06
9.3236e-08
0.0000e+00
0.0000e+00
0.0000e+00
0.0000e+00
0.0000e+00
0.0000e+00
1.2990e-08
4.9218e-09
0.0000e+00
0.0000e+00
0.0000e+00
0.0000e+00
0.0000e+00
0.0000e+00
0.0000e+00
0.0000e+00
0.0000e+00
0.0000e+00
0.0000e+00
0.0000e+00
0.0000e+00
0.0000e+00
0.0000e+00
0.0000e+00
0.0000e+00
0.0000e+00
3.4832e-06
3.4840e-06
3.4832e-06
3.4823e-06
3.4819e-06
3.4807e-06
3.4785e-06
3.4753e-06
3.4710e-06
3.4654e-06
3.4583e-06
3.4497e-06
3.4394e-06
3.4274e-06
3.4135e-06
3.3976e-06
3.3798e-06
3.3600e-06
3.3383e-06
3.3146e-06
