1.1475e-02
6.8000e-03
5.1527e-03
4.6418e-03
3.7825e-03
3.5681e-03
3.1994e-03
3.0220e-03
2.8848e-03
2.7789e-03
2.6861e-03
2.6069e-03
2.5366e-03
2.4737e-03
2.4169e-03
2.3654e-03
2.3183e-03
2.2750e-03
2.2349e-03
2.1977e-03
4.7108e-04
2.5601e-04
1.6405e-04
1.1668e-04
8.3929e-05
6.4565e-05
4.8038e-05
3.7363e-05
2.7649e-05
2.1131e-05
1.5008e-05
1.0775e-05
6.5072e-06
3.4887e-06
8.6094e-07
0.0000e+00
0.0000e+00
0.0000e+00
0.0000e+00
0.0000e+00
8.9673e-05
5.2800e-05
3.7671e-05
2.8574e-05
2.2844e-05
1.8098e-05
1.3994e-05
1.1199e-05
8.2898e-06
5.6886e-06
3.9239e-06
2.2393e-06
1.0558e-06
1.4613e-07
0.0000e+00
0.0000e+00
0.0000e+00
0.0000e+00
0.0000e+00
0.0000e+00
0.0000e+00
0.0000e+00
0.0000e+00
0.0000e+00
0.0000e+00
0.0000e+00
0.0000e+00
0.0000e+00
0.0000e+00
0.0000e+00
0.0000e+00
0.0000e+00
0.0000e+00
0.0000e+00
0.0000e+00
0.0000e+00
0.0000e+00
0.0000e+00
0.0000e+00
0.0000e+00
3.5678e-06
3.5659e-06
3.5627e-06
3.5584e-06
3.5532e-06
3.5471e-06
3.5401e-06
3.5323e-06
3.5235e-06
3.5136e-06
3.5026e-06
3.4903e-06
3.4765e-06
3.4611e-06
3.4441e-06
3.4253e-06
3.4048e-06
3.3824e-06
3.3582e-06
3.3322e-06
