1.1725e-02
6.9810e-03
5.2905e-03
4.7443e-03
3.8648e-03
3.6452e-03
3.2994e-03
3.1189e-03
2.9778e-03
2.8615e-03
2.7656e-03
2.6867e-03
2.6153e-03
2.5509e-03
2.4927e-03
2.4397e-03
2.3913e-03
2.3467e-03
2.3054e-03
2.2671e-03
4.7137e-04
2.5642e-04
1.6469e-04
1.1711e-04
8.4355e-05
6.4963e-05
4.8355e-05
3.7716e-05
2.7922e-05
2.1430e-05
1.5237e-05
1.1030e-05
6.7498e-06
3.6472e-06
9.9740e-07
0.0000e+00
0.0000e+00
0.0000e+00
0.0000e+00
0.0000e+00
8.9517e-05
5.2703e-05
3.7548e-05
2.8509e-05
2.2773e-05
1.8038e-05
1.3955e-05
1.1200e-05
8.3076e-06
5.7297e-06
3.9700e-06
2.3053e-06
1.1024e-06
2.0725e-07
0.0000e+00
0.0000e+00
0.0000e+00
0.0000e+00
0.0000e+00
0.0000e+00
1.8341e-08
6.3317e-09
0.0000e+00
0.0000e+00
0.0000e+00
0.0000e+00
0.0000e+00
0.0000e+00
0.0000e+00
0.0000e+00
0.0000e+00
0.0000e+00
0.0000e+00
0.0000e+00
0.0000e+00
0.0000e+00
0.0000e+00
0.0000e+00
0.0000e+00
0.0000e+00
3.5264e-06
3.5274e-06
3.5263e-06
3.5253e-06
3.5248e-06
3.5234e-06
3.5210e-06
3.5175e-06
3.5128e-06
3.5067e-06
3.4992e-06
3.4901e-06
3.4794e-06
3.4668e-06
3.4523e-06
3.4359e-06
3.4175e-06
3.3972e-06
3.3748e-06
3.3505e-06
