1.1447e-02
6.7948e-03
5.1622e-03
4.6531e-03
3.7954e-03
3.5816e-03
3.2194e-03
3.0421e-03
2.9047e-03
2.7917e-03
2.7038e-03
2.6253e-03
2.5552e-03
2.4925e-03
2.4359e-03
2.3846e-03
2.3377e-03
2.2946e-03
2.2548e-03
2.2179e-03
4.7126e-04
2.5619e-04
1.6428e-04
1.1691e-04
8.4147e-05
6.4813e-05
4.8265e-05
3.7614e-05
2.7871e-05
2.1372e-05
1.5215e-05
1.1001e-05
6.7286e-06
3.6531e-06
1.0140e-06
0.0000e+00
0.0000e+00
0.0000e+00
0.0000e+00
0.0000e+00
8.9843e-05
5.2932e-05
3.7829e-05
2.8748e-05
2.2986e-05
1.8257e-05
1.4167e-05
1.1308e-05
8.4333e-06
5.8507e-06
4.0404e-06
2.3724e-06
1.1329e-06
2.3541e-07
0.0000e+00
0.0000e+00
0.0000e+00
0.0000e+00
0.0000e+00
0.0000e+00
0.0000e+00
0.0000e+00
0.0000e+00
0.0000e+00
0.0000e+00
0.0000e+00
0.0000e+00
0.0000e+00
0.0000e+00
0.0000e+00
0.0000e+00
0.0000e+00
0.0000e+00
0.0000e+00
0.0000e+00
0.0000e+00
0.0000e+00
0.0000e+00
0.0000e+00
0.0000e+00
3.5864e-06
3.5857e-06
3.5844e-06
3.5823e-06
3.5795e-06
3.5759e-06
3.5713e-06
3.5657e-06
3.5591e-06
3.5512e-06
3.5421e-06
3.5316e-06
3.5195e-06
3.5057e-06
3.4902e-06
3.4729e-06
3.4538e-06
3.4328e-06
3.4099e-06
3.3852e-06
