1.1657e-02
6.9211e-03
5.2390e-03
4.6991e-03
3.8324e-03
3.6153e-03
3.2618e-03
3.0836e-03
2.9451e-03
2.8310e-03
2.7393e-03
2.6610e-03
2.5905e-03
2.5271e-03
2.4698e-03
2.4176e-03
2.3699e-03
2.3260e-03
2.2854e-03
2.2477e-03
4.7170e-04
2.5669e-04
1.6486e-04
1.1732e-04
8.4502e-05
6.5152e-05
4.8547e-05
3.7897e-05
2.8106e-05
2.1610e-05
1.5414e-05
1.1208e-05
6.9279e-06
3.8030e-06
1.1577e-06
0.0000e+00
0.0000e+00
0.0000e+00
0.0000e+00
0.0000e+00
9.0094e-05
5.3123e-05
3.8063e-05
2.9006e-05
2.3193e-05
1.8485e-05
1.4411e-05
1.1456e-05
8.6217e-06
6.0563e-06
4.1813e-06
2.5281e-06
1.2186e-06
3.3144e-07
0.0000e+00
0.0000e+00
0.0000e+00
0.0000e+00
0.0000e+00
0.0000e+00
8.3463e-09
7.7993e-11
0.0000e+00
0.0000e+00
0.0000e+00
0.0000e+00
0.0000e+00
0.0000e+00
0.0000e+00
0.0000e+00
0.0000e+00
0.0000e+00
0.0000e+00
0.0000e+00
0.0000e+00
0.0000e+00
0.0000e+00
0.0000e+00
0.0000e+00
0.0000e+00
3.6335e-06
3.6333e-06
3.6326e-06
3.6321e-06
3.6308e-06
3.6287e-06
3.6255e-06
3.6211e-06
3.6155e-06
3.6086e-06
3.6003e-06
3.5905e-06
3.5789e-06
3.5657e-06
3.5506e-06
3.5336e-06
3.5147e-06
3.4939e-06
3.4712e-06
3.4467e-06
