1.1733e-02
6.9897e-03
5.2969e-03
4.7480e-03
3.8662e-03
3.6455e-03
3.2987e-03
3.1174e-03
2.9757e-03
2.8589e-03
2.7629e-03
2.6836e-03
2.6118e-03
2.5472e-03
2.4887e-03
2.4355e-03
2.3868e-03
2.3419e-03
2.3004e-03
2.2619e-03
4.7144e-04
2.5650e-04
1.6478e-04
1.1720e-04
8.4447e-05
6.5046e-05
4.8430e-05
3.7789e-05
2.7987e-05
2.1491e-05
1.5288e-05
1.1076e-05
6.7871e-06
3.6707e-06
1.0087e-06
0.0000e+00
0.0000e+00
0.0000e+00
0.0000e+00
0.0000e+00
8.9720e-05
5.2844e-05
3.7723e-05
2.8636e-05
2.2907e-05
1.8173e-05
1.4083e-05
1.1269e-05
8.3811e-06
5.7942e-06
4.0072e-06
2.3346e-06
1.1147e-06
2.1397e-07
0.0000e+00
0.0000e+00
0.0000e+00
0.0000e+00
0.0000e+00
0.0000e+00
0.0000e+00
0.0000e+00
0.0000e+00
0.0000e+00
0.0000e+00
0.0000e+00
0.0000e+00
0.0000e+00
0.0000e+00
0.0000e+00
0.0000e+00
0.0000e+00
0.0000e+00
0.0000e+00
0.0000e+00
0.0000e+00
0.0000e+00
0.0000e+00
0.0000e+00
0.0000e+00
3.5499e-06
3.5494e-06
3.5485e-06
3.5469e-06
3.5445e-06
3.5413e-06
3.5372e-06
3.5320e-06
3.5258e-06
3.5183e-06
3.5095e-06
3.4992e-06
3.4873e-06
3.4737e-06
3.4583e-06
3.4409e-06
3.4217e-06
3.4005e-06
3.3773e-06
3.3522e-06
