1.1525e-02
6.8175e-03
5.1550e-03
4.6396e-03
3.7771e-03
3.5607e-03
3.1860e-03
3.0077e-03
2.8706e-03
2.7718e-03
2.6744e-03
2.5955e-03
2.5258e-03
2.4637e-03
2.4078e-03
2.3571e-03
2.3108e-03
2.2683e-03
2.2290e-03
2.1925e-03
4.7054e-04
2.5548e-04
1.6349e-04
1.1614e-04
8.3402e-05
6.4020e-05
4.7526e-05
3.6830e-05
2.7159e-05
2.0631e-05
1.4557e-05
1.0310e-05
6.0447e-06
3.1133e-06
4.7681e-07
0.0000e+00
0.0000e+00
0.0000e+00
0.0000e+00
0.0000e+00
8.8557e-05
5.1999e-05
3.6674e-05
2.7921e-05
2.2023e-05
1.7208e-05
1.3266e-05
1.0279e-05
7.4990e-06
5.2594e-06
3.4453e-06
1.7271e-06
7.8871e-07
0.0000e+00
0.0000e+00
0.0000e+00
0.0000e+00
0.0000e+00
0.0000e+00
0.0000e+00
1.2265e-07
8.2522e-08
5.3277e-08
3.1175e-08
1.4027e-08
1.1376e-09
0.0000e+00
0.0000e+00
0.0000e+00
0.0000e+00
0.0000e+00
0.0000e+00
0.0000e+00
0.0000e+00
0.0000e+00
0.0000e+00
0.0000e+00
0.0000e+00
0.0000e+00
0.0000e+00
3.3346e-06
3.3455e-06
3.3507e-06
3.3526e-06
3.3522e-06
3.3500e-06
3.3462e-06
3.3437e-06
3.3427e-06
3.3406e-06
3.3369e-06
3.3313e-06
3.3240e-06
3.3146e-06
3.3032e-06
3.2898e-06
3.2742e-06
3.2565e-06
3.2368e-06
3.2149e-06
