1.1650e-02
6.9318e-03
5.2570e-03
4.7185e-03
3.8468e-03
3.6292e-03
3.2806e-03
3.1014e-03
2.9616e-03
2.8462e-03
2.7520e-03
2.6733e-03
2.6021e-03
2.5379e-03
2.4799e-03
2.4271e-03
2.3788e-03
2.3343e-03
2.2932e-03
2.2549e-03
4.7166e-04
2.5669e-04
1.6493e-04
1.1739e-04
8.4625e-05
6.5245e-05
4.8629e-05
3.7990e-05
2.8180e-05
2.1689e-05
1.5476e-05
1.1271e-05
6.9856e-06
3.8396e-06
1.1901e-06
0.0000e+00
0.0000e+00
0.0000e+00
0.0000e+00
0.0000e+00
9.0242e-05
5.3221e-05
3.8192e-05
2.9147e-05
2.3295e-05
1.8595e-05
1.4522e-05
1.1513e-05
8.6925e-06
6.1283e-06
4.2246e-06
2.5718e-06
1.2396e-06
3.5231e-07
0.0000e+00
0.0000e+00
0.0000e+00
0.0000e+00
0.0000e+00
0.0000e+00
0.0000e+00
0.0000e+00
0.0000e+00
0.0000e+00
0.0000e+00
0.0000e+00
0.0000e+00
0.0000e+00
0.0000e+00
0.0000e+00
0.0000e+00
0.0000e+00
0.0000e+00
0.0000e+00
0.0000e+00
0.0000e+00
0.0000e+00
0.0000e+00
0.0000e+00
0.0000e+00
3.6461e-06
3.6444e-06
3.6415e-06
3.6374e-06
3.6324e-06
3.6265e-06
3.6196e-06
3.6118e-06
3.6029e-06
3.5930e-06
3.5818e-06
3.5693e-06
3.5554e-06
3.5398e-06
3.5225e-06
3.5034e-06
3.4825e-06
3.4598e-06
3.4352e-06
3.4088e-06
