1.1668e-02
6.9365e-03
5.2525e-03
4.7093e-03
3.8382e-03
3.6195e-03
3.2657e-03
3.0859e-03
2.9460e-03
2.8308e-03
2.7383e-03
2.6594e-03
2.5884e-03
2.5246e-03
2.4669e-03
2.4145e-03
2.3665e-03
2.3224e-03
2.2816e-03
2.2437e-03
4.7159e-04
2.5661e-04
1.6482e-04
1.1728e-04
8.4476e-05
6.5113e-05
4.8504e-05
3.7849e-05
2.8054e-05
2.1551e-05
1.5356e-05
1.1142e-05
6.8596e-06
3.7478e-06
1.1042e-06
0.0000e+00
0.0000e+00
0.0000e+00
0.0000e+00
0.0000e+00
9.0082e-05
5.3105e-05
3.8048e-05
2.8989e-05
2.3174e-05
1.8462e-05
1.4383e-05
1.1432e-05
8.5895e-06
6.0168e-06
4.1492e-06
2.4892e-06
1.1942e-06
3.0191e-07
0.0000e+00
0.0000e+00
0.0000e+00
0.0000e+00
0.0000e+00
0.0000e+00
0.0000e+00
0.0000e+00
0.0000e+00
0.0000e+00
0.0000e+00
0.0000e+00
0.0000e+00
0.0000e+00
0.0000e+00
0.0000e+00
0.0000e+00
0.0000e+00
0.0000e+00
0.0000e+00
0.0000e+00
0.0000e+00
0.0000e+00
0.0000e+00
0.0000e+00
0.0000e+00
3.6379e-06
3.6364e-06
3.6338e-06
3.6302e-06
3.6256e-06
3.6201e-06
3.6137e-06
3.6062e-06
3.5977e-06
3.5880e-06
3.5770e-06
3.5645e-06
3.5504e-06
3.5346e-06
3.5170e-06
3.4975e-06
3.4761e-06
3.4527e-06
3.4274e-06
3.4002e-06
