2.70000000e+02
5.00000000e+01
4.04705150e+01
3.75749850e+01
3.54158680e+01
3.39088190e+01
3.27699070e+01
3.18638650e+01
3.11192200e+01
3.04935290e+01
2.99593000e+01
2.94975430e+01
2.90210640e+01
2.85304990e+01
2.80885430e+01
2.76915630e+01
2.73340800e+01
2.70110760e+01
2.67182260e+01
2.64518500e+01
2.62088230e+01
2.59864820e+01
2.57825470e+01
2.55950590e+01
2.54223230e+01
2.52628690e+01
2.51154100e+01
2.49788200e+01
2.48521060e+01
2.47343880e+01
2.46248860e+01
2.45229030e+01
2.44278170e+01
2.43390670e+01
2.42561500e+01
2.41786090e+01
2.41060330e+01
2.70000000e+02
1.50000000e+02
1.50000000e+02
1.50000000e+02
1.41592724e+02
1.35074278e+02
1.29080556e+02
1.23808561e+02
1.19209218e+02
1.15191407e+02
1.11666933e+02
1.08560463e+02
1.05805795e+02
1.03333370e+02
1.01105914e+02
9.90981090e+01
9.72861650e+01
9.56484170e+01
9.41656040e+01
9.28207710e+01
9.15990310e+01
9.04873150e+01
8.94741330e+01
8.85493660e+01
8.77040810e+01
8.69303780e+01
8.62212520e+01
8.55704840e+01
8.49725360e+01
8.44224710e+01
8.39158780e+01
8.34488080e+01
8.30177220e+01
8.26194400e+01
8.22511000e+01
8.19101260e+01
8.15941910e+01
2.70000000e+02
2.50000000e+02
2.46301189e+02
2.41870251e+02
2.37155417e+02
2.31929296e+02
2.26373175e+02
2.20898942e+02
2.15704716e+02
2.10869423e+02
2.06414364e+02
2.02333050e+02
1.98605945e+02
1.95207354e+02
1.92108714e+02
1.89282240e+02
1.86702620e+02
1.84346982e+02
1.82194598e+02
1.80226659e+02
1.78426102e+02
1.76777464e+02
1.75266748e+02
1.73881298e+02
1.72609676e+02
1.71441549e+02
1.70367586e+02
1.69379357e+02
1.68469248e+02
1.67630375e+02
1.66856516e+02
1.66142039e+02
1.65481847e+02
1.64871321e+02
1.64306274e+02
1.63782906e+02
1.63297767e+02
2.71003909e+02
2.70798412e+02
2.70423896e+02
2.69815083e+02
2.68887657e+02
2.67630670e+02
2.66097215e+02
2.64366359e+02
2.62518279e+02
2.60620738e+02
2.58725255e+02
2.56868361e+02
2.55074507e+02
2.53359066e+02
2.51730739e+02
2.50193483e+02
2.48747969e+02
2.47392702e+02
2.46124814e+02
2.44940602e+02
2.43835885e+02
2.42806248e+02
2.41847206e+02
2.40954310e+02
2.40123230e+02
2.39349796e+02
2.38630032e+02
2.37960174e+02
2.37336673e+02
2.36756205e+02
2.36215658e+02
2.35712133e+02
2.35242932e+02
2.34805550e+02
2.34397664e+02
2.34017119e+02
2.33661924e+02
2.68199375e+02
2.68184370e+02
2.68140471e+02
2.68062146e+02
2.67935374e+02
2.67750926e+02
2.67511516e+02
2.67228100e+02
2.66914589e+02
2.66584260e+02
2.66248046e+02
2.65914160e+02
2.65588378e+02
2.65274530e+02
2.64974982e+02
2.64691028e+02
2.64423203e+02
2.64171519e+02
2.63935649e+02
2.63715049e+02
2.63509043e+02
2.63316884e+02
2.63137789e+02
2.62970970e+02
2.62815647e+02
2.62671063e+02
2.62536492e+02
2.62411240e+02
2.62294654e+02
2.62186118e+02
2.62085053e+02
2.61990920e+02
2.61903217e+02
2.61821474e+02
2.61745259e+02
2.61674167e+02
2.61607826e+02
2.72486301e+02
2.71592416e+02
2.68153807e+02
2.63194351e+02
2.57716619e+02
2.52196357e+02
2.46858263e+02
2.41808476e+02
2.37090538e+02
2.32713880e+02
2.28669628e+02
2.24939599e+02
2.21501390e+02
2.18330649e+02
2.15402858e+02
2.12695448e+02
2.10188082e+02
2.07862476e+02
2.05702221e+02
2.03692625e+02
2.01820541e+02
2.00074209e+02
1.98443104e+02
1.96917790e+02
1.95489797e+02
1.94151506e+02
1.92896045e+02
1.91717204e+02
1.90609356e+02
1.89567388e+02
1.88586646e+02
1.87662879e+02
1.86792197e+02
1.85971034e+02
1.85196112e+02
1.84464411e+02
1.83773146e+02
2.72501992e+02
2.71460462e+02
2.67796568e+02
2.62933427e+02
2.57889670e+02
2.53005283e+02
2.48383253e+02
2.44053109e+02
2.40017462e+02
2.36267057e+02
2.32786924e+02
2.29559484e+02
2.26566269e+02
2.23788237e+02
2.21206715e+02
2.18805035e+02
2.16568337e+02
2.14483189e+02
2.12537402e+02
2.10719910e+02
2.09020671e+02
2.07430564e+02
2.05941304e+02
2.04545357e+02
2.03235859e+02
2.02006548e+02
2.00851704e+02
1.99766089e+02
1.98744904e+02
1.97783740e+02
1.96878541e+02
1.96025573e+02
1.95221387e+02
1.94462801e+02
1.93746868e+02
1.93070859e+02
1.92432246e+02
2.72482642e+02
2.72413364e+02
2.72206204e+02
2.71660270e+02
2.70710874e+02
2.69421024e+02
2.67887226e+02
2.66195615e+02
2.64412983e+02
2.62588917e+02
2.60759730e+02
2.58951830e+02
2.57184213e+02
2.55470260e+02
2.53819020e+02
2.52236189e+02
2.50724977e+02
2.49286768e+02
2.47921595e+02
2.46628486e+02
2.45405739e+02
2.44251126e+02
2.43162059e+02
2.42135720e+02
2.41169157e+02
2.40259359e+02
2.39403316e+02
2.38598060e+02
2.37840696e+02
2.37128426e+02
2.36458562e+02
2.35828534e+02
2.35235901e+02
2.34678347e+02
2.34153686e+02
2.33659855e+02
2.33194914e+02
2.72338138e+02
2.72272946e+02
2.72174705e+02
2.71982320e+02
2.71615337e+02
2.71042015e+02
2.70274850e+02
2.69347366e+02
2.68298192e+02
2.67163738e+02
2.65975600e+02
2.64760012e+02
2.63538111e+02
2.62326498e+02
2.61137873e+02
2.59981641e+02
2.58864502e+02
2.57790999e+02
2.56763973e+02
2.55784946e+02
2.54854419e+02
2.53972116e+02
2.53137185e+02
2.52348347e+02
2.51604023e+02
2.50902431e+02
2.50241661e+02
2.49619734e+02
2.49034649e+02
2.48484413e+02
2.47967070e+02
2.47480719e+02
2.47023524e+02
2.46593728e+02
2.46189652e+02
2.45809703e+02
2.45452373e+02
2.72017795e+02
2.71931987e+02
2.71857864e+02
2.71744911e+02
2.71544992e+02
2.71229740e+02
2.70794385e+02
2.70250424e+02
2.69617408e+02
2.68917229e+02
2.68170884e+02
2.67396920e+02
2.66610891e+02
2.65825356e+02
2.65050124e+02
2.64292615e+02
2.63558243e+02
2.62850792e+02
2.62172744e+02
2.61525564e+02
2.60909928e+02
2.60325912e+02
2.59773139e+02
2.59250899e+02
2.58758240e+02
2.58294046e+02
2.57857093e+02
2.57446092e+02
2.57059726e+02
2.56696674e+02
2.56355631e+02
2.56035325e+02
2.55734524e+02
2.55452045e+02
2.55186756e+02
2.54937584e+02
2.54703509e+02
