2.70000e+02 2.70000e+02 2.70000e+02 2.70353e+02 2.68082e+02 2.68672e+02 2.68885e+02 2.69905e+02 2.70547e+02 2.71243e+02
2.70000e+02 2.70000e+02 2.70000e+02 2.70353e+02 2.68082e+02 2.68672e+02 2.68885e+02 2.69905e+02 2.70547e+02 2.71243e+02
5.00000e+01 1.50000e+02 2.50000e+02 2.70083e+02 2.68061e+02 2.67877e+02 2.67992e+02 2.69888e+02 2.70518e+02 2.71146e+02
3.99667e+01 1.50000e+02 2.46133e+02 2.69675e+02 2.68009e+02 2.64624e+02 2.64628e+02 2.69752e+02 2.70462e+02 2.71068e+02
3.69903e+01 1.50000e+02 2.41600e+02 2.69058e+02 2.67927e+02 2.59918e+02 2.60125e+02 2.69303e+02 2.70329e+02 2.70960e+02
3.48872e+01 1.41284e+02 2.36820e+02 2.68146e+02 2.67801e+02 2.54725e+02 2.55437e+02 2.68468e+02 2.70043e+02 2.70773e+02
3.34277e+01 1.34691e+02 2.31534e+02 2.66925e+02 2.67621e+02 2.49499e+02 2.50885e+02 2.67294e+02 2.69564e+02 2.70479e+02
3.23264e+01 1.28669e+02 2.25935e+02 2.65439e+02 2.67389e+02 2.44452e+02 2.46568e+02 2.65866e+02 2.68891e+02 2.70070e+02
3.14516e+01 1.23393e+02 2.20436e+02 2.63764e+02 2.67115e+02 2.39685e+02 2.42516e+02 2.64263e+02 2.68050e+02 2.69558e+02
3.07337e+01 1.18801e+02 2.15233e+02 2.61973e+02 2.66813e+02 2.35238e+02 2.38734e+02 2.62547e+02 2.67074e+02 2.68961e+02
3.01312e+01 1.14796e+02 2.10400e+02 2.60132e+02 2.66493e+02 2.31119e+02 2.35215e+02 2.60769e+02 2.65999e+02 2.68300e+02
2.96175e+01 1.11287e+02 2.05954e+02 2.58289e+02 2.66168e+02 2.27318e+02 2.31943e+02 2.58965e+02 2.64855e+02 2.67595e+02
2.91267e+01 1.08197e+02 2.01887e+02 2.56481e+02 2.65844e+02 2.23815e+02 2.28903e+02 2.57165e+02 2.63671e+02 2.66863e+02
2.85953e+01 1.05443e+02 1.98176e+02 2.54731e+02 2.65527e+02 2.20587e+02 2.26076e+02 2.55388e+02 2.62468e+02 2.66120e+02
2.81179e+01 1.02971e+02 1.94794e+02 2.53053e+02 2.65221e+02 2.17608e+02 2.23444e+02 2.53650e+02 2.61265e+02 2.65377e+02
2.76915e+01 1.00752e+02 1.91711e+02 2.51457e+02 2.64929e+02 2.14855e+02 2.20989e+02 2.51963e+02 2.60076e+02 2.64644e+02
2.73097e+01 9.87563e+01 1.88899e+02 2.49947e+02 2.64651e+02 2.12304e+02 2.18697e+02 2.50333e+02 2.58910e+02 2.63927e+02
2.69663e+01 9.69580e+01 1.86333e+02 2.48524e+02 2.64389e+02 2.09937e+02 2.16554e+02 2.48765e+02 2.57776e+02 2.63231e+02
2.66562e+01 9.53343e+01 1.83990e+02 2.47187e+02 2.64141e+02 2.07735e+02 2.14547e+02 2.47261e+02 2.56679e+02 2.62561e+02
2.63751e+01 9.38653e+01 1.81849e+02 2.45932e+02 2.63909e+02 2.05683e+02 2.12664e+02 2.45823e+02 2.55623e+02 2.61917e+02
2.61193e+01 9.25337e+01 1.79891e+02 2.44757e+02 2.63691e+02 2.03767e+02 2.10897e+02 2.44450e+02 2.54609e+02 2.61302e+02
2.58857e+01 9.13243e+01 1.78099e+02 2.43658e+02 2.63487e+02 2.01974e+02 2.09236e+02 2.43143e+02 2.53639e+02 2.60715e+02
2.56717e+01 9.02239e+01 1.76458e+02 2.42630e+02 2.63296e+02 2.00294e+02 2.07673e+02 2.41898e+02 2.52713e+02 2.60157e+02
2.54750e+01 8.92208e+01 1.74953e+02 2.41670e+02 2.63117e+02 1.98716e+02 2.06200e+02 2.40715e+02 2.51831e+02 2.59627e+02
2.52939e+01 8.83049e+01 1.73571e+02 2.40773e+02 2.62951e+02 1.97233e+02 2.04811e+02 2.39590e+02 2.50990e+02 2.59125e+02
2.51266e+01 8.74672e+01 1.72302e+02 2.39936e+02 2.62795e+02 1.95836e+02 2.03499e+02 2.38523e+02 2.50191e+02 2.58649e+02
2.49717e+01 8.66999e+01 1.71135e+02 2.39153e+02 2.62649e+02 1.94519e+02 2.02260e+02 2.37509e+02 2.49432e+02 2.58198e+02
2.48280e+01 8.59958e+01 1.70060e+02 2.38422e+02 2.62513e+02 1.93275e+02 2.01088e+02 2.36546e+02 2.48711e+02 2.57772e+02
2.46944e+01 8.53489e+01 1.69069e+02 2.37738e+02 2.62386e+02 1.92100e+02 1.99978e+02 2.35633e+02 2.48026e+02 2.57369e+02
2.45700e+01 8.47536e+01 1.68155e+02 2.37098e+02 2.62267e+02 1.90989e+02 1.98927e+02 2.34766e+02 2.47377e+02 2.56988e+02
2.44540e+01 8.42049e+01 1.67310e+02 2.36500e+02 2.62156e+02 1.89936e+02 1.97930e+02 2.33942e+02 2.46760e+02 2.56628e+02
2.43456e+01 8.36986e+01 1.66529e+02 2.35939e+02 2.62052e+02 1.88938e+02 1.96985e+02 2.33160e+02 2.46174e+02 2.56287e+02
2.42441e+01 8.32307e+01 1.65806e+02 2.35414e+02 2.61954e+02 1.87992e+02 1.96087e+02 2.32417e+02 2.45618e+02 2.55965e+02
2.41490e+01 8.27978e+01 1.65136e+02 2.34922e+02 2.61863e+02 1.87093e+02 1.95234e+02 2.31711e+02 2.45091e+02 2.55660e+02
2.40598e+01 8.23966e+01 1.64514e+02 2.34461e+02 2.61777e+02 1.86239e+02 1.94424e+02 2.31040e+02 2.44589e+02 2.55371e+02
2.39760e+01 8.20244e+01 1.63936e+02 2.34027e+02 2.61696e+02 1.85428e+02 1.93653e+02 2.30402e+02 2.44113e+02 2.55098e+02
2.38972e+01 8.16787e+01 1.63399e+02 2.33620e+02 2.61621e+02 1.84656e+02 1.92919e+02 2.29795e+02 2.43660e+02 2.54839e+02
2.38229e+01 8.13571e+01 1.62899e+02 2.33237e+02 2.61550e+02 1.83921e+02 1.92221e+02 2.29218e+02 2.43230e+02 2.54594e+02
