2.70000e+02 2.70000e+02 2.70000e+02 2.70270e+02 2.68031e+02 2.71502e+02 2.71530e+02 2.71620e+02 2.71587e+02 2.71493e+02
2.70000e+02 2.70000e+02 2.70000e+02 2.70270e+02 2.68031e+02 2.71502e+02 2.71530e+02 2.71620e+02 2.71587e+02 2.71493e+02
5.00000e+01 1.50000e+02 2.50000e+02 2.70171e+02 2.68027e+02 2.70746e+02 2.70503e+02 2.71601e+02 2.71579e+02 2.71478e+02
4.00643e+01 1.50000e+02 2.46155e+02 2.69869e+02 2.68000e+02 2.67618e+02 2.66935e+02 2.71455e+02 2.71546e+02 2.71456e+02
3.71320e+01 1.50000e+02 2.41667e+02 2.69322e+02 2.67939e+02 2.62915e+02 2.62214e+02 2.70980e+02 2.71416e+02 2.71382e+02
3.50424e+01 1.41403e+02 2.36945e+02 2.68452e+02 2.67832e+02 2.57618e+02 2.57318e+02 2.70109e+02 2.71111e+02 2.71208e+02
3.35896e+01 1.34872e+02 2.31729e+02 2.67253e+02 2.67672e+02 2.52227e+02 2.52574e+02 2.68900e+02 2.70601e+02 2.70907e+02
3.24907e+01 1.28897e+02 2.26200e+02 2.65778e+02 2.67461e+02 2.46985e+02 2.48082e+02 2.67447e+02 2.69895e+02 2.70475e+02
3.16151e+01 1.23656e+02 2.20765e+02 2.64105e+02 2.67209e+02 2.42013e+02 2.43871e+02 2.65833e+02 2.69026e+02 2.69924e+02
3.08943e+01 1.19092e+02 2.15618e+02 2.62314e+02 2.66929e+02 2.37359e+02 2.39944e+02 2.64124e+02 2.68032e+02 2.69276e+02
3.02879e+01 1.15109e+02 2.10835e+02 2.60471e+02 2.66634e+02 2.33037e+02 2.36292e+02 2.62370e+02 2.66948e+02 2.68554e+02
2.97695e+01 1.11619e+02 2.06433e+02 2.58626e+02 2.66332e+02 2.29040e+02 2.32901e+02 2.60605e+02 2.65805e+02 2.67780e+02
2.93201e+01 1.08546e+02 2.02404e+02 2.56817e+02 2.66033e+02 2.25352e+02 2.29754e+02 2.58856e+02 2.64630e+02 2.66974e+02
2.87958e+01 1.05814e+02 1.98728e+02 2.55066e+02 2.65740e+02 2.21950e+02 2.26833e+02 2.57143e+02 2.63444e+02 2.66153e+02
2.83138e+01 1.03361e+02 1.95377e+02 2.53390e+02 2.65457e+02 2.18812e+02 2.24119e+02 2.55478e+02 2.62264e+02 2.65330e+02
2.78818e+01 1.01154e+02 1.92323e+02 2.51796e+02 2.65187e+02 2.15913e+02 2.21595e+02 2.53870e+02 2.61102e+02 2.64515e+02
2.74942e+01 9.91684e+01 1.89537e+02 2.50289e+02 2.64931e+02 2.13231e+02 2.19245e+02 2.52327e+02 2.59969e+02 2.63717e+02
2.71453e+01 9.73777e+01 1.86995e+02 2.48871e+02 2.64689e+02 2.10747e+02 2.17054e+02 2.50850e+02 2.58872e+02 2.62941e+02
2.68301e+01 9.57602e+01 1.84674e+02 2.47539e+02 2.64461e+02 2.08442e+02 2.15011e+02 2.49442e+02 2.57815e+02 2.62192e+02
2.65443e+01 9.42964e+01 1.82552e+02 2.46290e+02 2.64247e+02 2.06300e+02 2.13102e+02 2.48103e+02 2.56801e+02 2.61473e+02
2.62843e+01 9.29692e+01 1.80613e+02 2.45123e+02 2.64046e+02 2.04307e+02 2.11319e+02 2.46834e+02 2.55833e+02 2.60786e+02
2.60470e+01 9.17636e+01 1.78838e+02 2.44033e+02 2.63859e+02 2.02449e+02 2.09650e+02 2.45631e+02 2.54911e+02 2.60130e+02
2.58299e+01 9.06666e+01 1.77212e+02 2.43015e+02 2.63684e+02 2.00716e+02 2.08087e+02 2.44494e+02 2.54035e+02 2.59507e+02
2.56307e+01 8.96669e+01 1.75721e+02 2.42065e+02 2.63521e+02 1.99097e+02 2.06622e+02 2.43419e+02 2.53205e+02 2.58917e+02
2.54475e+01 8.87542e+01 1.74354e+02 2.41180e+02 2.63368e+02 1.97583e+02 2.05248e+02 2.42405e+02 2.52420e+02 2.58358e+02
2.52787e+01 8.79198e+01 1.73098e+02 2.40355e+02 2.63226e+02 1.96164e+02 2.03958e+02 2.41449e+02 2.51677e+02 2.57830e+02
2.51228e+01 8.71558e+01 1.71944e+02 2.39586e+02 2.63094e+02 1.94834e+02 2.02747e+02 2.40548e+02 2.50977e+02 2.57331e+02
2.49785e+01 8.64554e+01 1.70882e+02 2.38870e+02 2.62970e+02 1.93586e+02 2.01608e+02 2.39699e+02 2.50316e+02 2.56861e+02
2.48448e+01 8.58123e+01 1.69904e+02 2.38202e+02 2.62855e+02 1.92414e+02 2.00537e+02 2.38900e+02 2.49693e+02 2.56419e+02
2.47208e+01 8.52211e+01 1.69003e+02 2.37580e+02 2.62748e+02 1.91312e+02 1.99529e+02 2.38147e+02 2.49106e+02 2.56002e+02
2.46054e+01 8.46770e+01 1.68172e+02 2.37000e+02 2.62648e+02 1.90275e+02 1.98580e+02 2.37438e+02 2.48553e+02 2.55610e+02
2.44981e+01 8.41756e+01 1.67404e+02 2.36459e+02 2.62555e+02 1.89299e+02 1.97686e+02 2.36771e+02 2.48033e+02 2.55241e+02
2.43981e+01 8.37130e+01 1.66695e+02 2.35954e+02 2.62468e+02 1.88379e+02 1.96843e+02 2.36143e+02 2.47543e+02 2.54894e+02
2.43048e+01 8.32857e+01 1.66039e+02 2.35483e+02 2.62387e+02 1.87512e+02 1.96048e+02 2.35551e+02 2.47082e+02 2.54568e+02
2.42177e+01 8.28907e+01 1.65431e+02 2.35044e+02 2.62311e+02 1.86695e+02 1.95297e+02 2.34994e+02 2.46648e+02 2.54261e+02
2.41362e+01 8.25252e+01 1.64869e+02 2.34633e+02 2.62240e+02 1.85923e+02 1.94589e+02 2.34469e+02 2.46240e+02 2.53972e+02
2.40600e+01 8.21865e+01 1.64347e+02 2.34250e+02 2.62174e+02 1.85194e+02 1.93920e+02 2.33975e+02 2.45856e+02 2.53701e+02
2.39887e+01 8.18724e+01 1.63863e+02 2.33892e+02 2.62113e+02 1.84505e+02 1.93288e+02 2.33509e+02 2.45494e+02 2.53446e+02
