2.70000e+02 2.70000e+02 2.70000e+02 2.70271e+02 2.68045e+02 2.71917e+02 2.71904e+02 2.71744e+02 2.71620e+02 2.71473e+02
2.70000e+02 2.70000e+02 2.70000e+02 2.70271e+02 2.68045e+02 2.71917e+02 2.71904e+02 2.71744e+02 2.71620e+02 2.71473e+02
5.00000e+01 1.50000e+02 2.50000e+02 2.70160e+02 2.68039e+02 2.70947e+02 2.70859e+02 2.71731e+02 2.71617e+02 2.71469e+02
4.04151e+01 1.50000e+02 2.46157e+02 2.69862e+02 2.68010e+02 2.67275e+02 2.67181e+02 2.71585e+02 2.71592e+02 2.71451e+02
3.75399e+01 1.50000e+02 2.41673e+02 2.69321e+02 2.67946e+02 2.62049e+02 2.62293e+02 2.71102e+02 2.71480e+02 2.71382e+02
3.53968e+01 1.41553e+02 2.36951e+02 2.68458e+02 2.67835e+02 2.56343e+02 2.57220e+02 2.70214e+02 2.71204e+02 2.71218e+02
3.38982e+01 1.35027e+02 2.31731e+02 2.67267e+02 2.67669e+02 2.50645e+02 2.52306e+02 2.68982e+02 2.70730e+02 2.70933e+02
3.27638e+01 1.29026e+02 2.26186e+02 2.65801e+02 2.67451e+02 2.45175e+02 2.47657e+02 2.67503e+02 2.70062e+02 2.70524e+02
3.18601e+01 1.23748e+02 2.20727e+02 2.64142e+02 2.67193e+02 2.40029e+02 2.43304e+02 2.65862e+02 2.69231e+02 2.70003e+02
3.11167e+01 1.19143e+02 2.15549e+02 2.62370e+02 2.66907e+02 2.35242e+02 2.39251e+02 2.64128e+02 2.68272e+02 2.69391e+02
3.04918e+01 1.15121e+02 2.10732e+02 2.60550e+02 2.66606e+02 2.30817e+02 2.35487e+02 2.62350e+02 2.67223e+02 2.68710e+02
2.99581e+01 1.11594e+02 2.06299e+02 2.58733e+02 2.66301e+02 2.26740e+02 2.31997e+02 2.60565e+02 2.66113e+02 2.67982e+02
2.94969e+01 1.08488e+02 2.02242e+02 2.56955e+02 2.65998e+02 2.22989e+02 2.28763e+02 2.58799e+02 2.64971e+02 2.67224e+02
2.90340e+01 1.05737e+02 1.98542e+02 2.55239e+02 2.65704e+02 2.19539e+02 2.25767e+02 2.57071e+02 2.63816e+02 2.66454e+02
2.85452e+01 1.03271e+02 1.95174e+02 2.53600e+02 2.65420e+02 2.16362e+02 2.22988e+02 2.55394e+02 2.62667e+02 2.65683e+02
2.81043e+01 1.01052e+02 1.92108e+02 2.52046e+02 2.65150e+02 2.13433e+02 2.20408e+02 2.53778e+02 2.61536e+02 2.64922e+02
2.77084e+01 9.90532e+01 1.89317e+02 2.50580e+02 2.64895e+02 2.10728e+02 2.18010e+02 2.52229e+02 2.60434e+02 2.64177e+02
2.73520e+01 9.72519e+01 1.86773e+02 2.49203e+02 2.64654e+02 2.08226e+02 2.15778e+02 2.50749e+02 2.59366e+02 2.63455e+02
2.70302e+01 9.56259e+01 1.84454e+02 2.47913e+02 2.64428e+02 2.05907e+02 2.13698e+02 2.49341e+02 2.58339e+02 2.62759e+02
2.67387e+01 9.41557e+01 1.82339e+02 2.46707e+02 2.64216e+02 2.03756e+02 2.11759e+02 2.48004e+02 2.57355e+02 2.62091e+02
2.64736e+01 9.28242e+01 1.80408e+02 2.45582e+02 2.64018e+02 2.01756e+02 2.09948e+02 2.46737e+02 2.56416e+02 2.61453e+02
2.62320e+01 9.16163e+01 1.78645e+02 2.44533e+02 2.63834e+02 1.99894e+02 2.08257e+02 2.45538e+02 2.55522e+02 2.60846e+02
2.60111e+01 9.05188e+01 1.77032e+02 2.43556e+02 2.63662e+02 1.98159e+02 2.06674e+02 2.44407e+02 2.54674e+02 2.60270e+02
2.58086e+01 8.95199e+01 1.75557e+02 2.42646e+02 2.63501e+02 1.96539e+02 2.05193e+02 2.43339e+02 2.53871e+02 2.59725e+02
2.56226e+01 8.86096e+01 1.74206e+02 2.41799e+02 2.63352e+02 1.95025e+02 2.03805e+02 2.42332e+02 2.53112e+02 2.59209e+02
2.54513e+01 8.77785e+01 1.72968e+02 2.41012e+02 2.63214e+02 1.93609e+02 2.02504e+02 2.41384e+02 2.52395e+02 2.58722e+02
2.52932e+01 8.70189e+01 1.71832e+02 2.40279e+02 2.63084e+02 1.92283e+02 2.01283e+02 2.40491e+02 2.51719e+02 2.58263e+02
2.51472e+01 8.63236e+01 1.70789e+02 2.39597e+02 2.62964e+02 1.91039e+02 2.00137e+02 2.39651e+02 2.51082e+02 2.57831e+02
2.50119e+01 8.56863e+01 1.69830e+02 2.38963e+02 2.62852e+02 1.89871e+02 1.99059e+02 2.38861e+02 2.50481e+02 2.57424e+02
2.48865e+01 8.51014e+01 1.68949e+02 2.38373e+02 2.62748e+02 1.88775e+02 1.98046e+02 2.38117e+02 2.49917e+02 2.57042e+02
2.47701e+01 8.45639e+01 1.68137e+02 2.37823e+02 2.62651e+02 1.87744e+02 1.97093e+02 2.37417e+02 2.49385e+02 2.56682e+02
2.46618e+01 8.40695e+01 1.67388e+02 2.37312e+02 2.62561e+02 1.86774e+02 1.96196e+02 2.36759e+02 2.48885e+02 2.56343e+02
2.45611e+01 8.36140e+01 1.66698e+02 2.36835e+02 2.62477e+02 1.85861e+02 1.95350e+02 2.36140e+02 2.48415e+02 2.56025e+02
2.44671e+01 8.31941e+01 1.66061e+02 2.36391e+02 2.62399e+02 1.85000e+02 1.94553e+02 2.35557e+02 2.47972e+02 2.55727e+02
2.43795e+01 8.28064e+01 1.65472e+02 2.35977e+02 2.62326e+02 1.84189e+02 1.93802e+02 2.35009e+02 2.47556e+02 2.55446e+02
2.42976e+01 8.24482e+01 1.64928e+02 2.35591e+02 2.62258e+02 1.83424e+02 1.93093e+02 2.34493e+02 2.47165e+02 2.55182e+02
2.42211e+01 8.21168e+01 1.64424e+02 2.35231e+02 2.62194e+02 1.82702e+02 1.92424e+02 2.34007e+02 2.46797e+02 2.54934e+02
2.41494e+01 8.18100e+01 1.63957e+02 2.34894e+02 2.62135e+02 1.82020e+02 1.91793e+02 2.33549e+02 2.46451e+02 2.54701e+02
