2.70000000e+02
5.00000000e+01
4.04279680e+01
3.75613340e+01
3.54188450e+01
3.39202540e+01
3.27865830e+01
3.18847480e+01
3.11442000e+01
3.05228310e+01
2.99932170e+01
2.95363240e+01
2.90928450e+01
2.86124350e+01
2.81782860e+01
2.77886270e+01
2.74381410e+01
2.71218090e+01
2.68352810e+01
2.65748500e+01
2.63373680e+01
2.61201570e+01
2.59209320e+01
2.57377320e+01
2.55688660e+01
2.54128700e+01
2.52684720e+01
2.51345570e+01
2.50101480e+01
2.48943850e+01
2.47865060e+01
2.46858330e+01
2.45917630e+01
2.45037560e+01
2.44213280e+01
2.43440430e+01
2.42715070e+01
2.70000000e+02
1.50000000e+02
1.50000000e+02
1.50000000e+02
1.41545709e+02
1.35009995e+02
1.29003873e+02
1.23723768e+02
1.19119467e+02
1.15099693e+02
1.11576155e+02
1.08473318e+02
1.05726991e+02
1.03268332e+02
1.01054926e+02
9.90614590e+01
9.72643010e+01
9.56417140e+01
9.41742820e+01
9.28448700e+01
9.16384190e+01
9.05417080e+01
8.95431130e+01
8.86324050e+01
8.78005600e+01
8.70396070e+01
8.63424890e+01
8.57029460e+01
8.51154170e+01
8.45749510e+01
8.40771330e+01
8.36180210e+01
8.31940860e+01
8.28021670e+01
8.24394270e+01
8.21033170e+01
8.17915390e+01
2.70000000e+02
2.50000000e+02
2.46093249e+02
2.41578956e+02
2.36843072e+02
2.31614479e+02
2.26065767e+02
2.20604060e+02
2.15424706e+02
2.10606047e+02
2.06169402e+02
2.02108298e+02
1.98403102e+02
1.95028126e+02
1.91954706e+02
1.89154568e+02
1.86601867e+02
1.84273299e+02
1.82147790e+02
1.80206248e+02
1.78431380e+02
1.76807534e+02
1.75320565e+02
1.73957697e+02
1.72707401e+02
1.71559279e+02
1.70503956e+02
1.69532978e+02
1.68638722e+02
1.67814309e+02
1.67053536e+02
1.66350798e+02
1.65701034e+02
1.65099670e+02
1.64542565e+02
1.64025972e+02
1.63546497e+02
2.69961292e+02
2.69894654e+02
2.69625011e+02
2.69102411e+02
2.68249823e+02
2.67060733e+02
2.65590985e+02
2.63921188e+02
2.62132181e+02
2.60291836e+02
2.58451513e+02
2.56647506e+02
2.54904040e+02
2.53236306e+02
2.51652902e+02
2.50157736e+02
2.48751468e+02
2.47432611e+02
2.46198326e+02
2.45044959e+02
2.43968394e+02
2.42964297e+02
2.42028274e+02
2.41155981e+02
2.40343191e+02
2.39585849e+02
2.38880095e+02
2.38222279e+02
2.37608972e+02
2.37036964e+02
2.36503259e+02
2.36005069e+02
2.35539807e+02
2.35105071e+02
2.34698640e+02
2.34318457e+02
2.33962625e+02
2.67988920e+02
2.67986358e+02
2.67963096e+02
2.67904561e+02
2.67797456e+02
2.67634087e+02
2.67417969e+02
2.67160059e+02
2.66873768e+02
2.66571680e+02
2.66264043e+02
2.65958489e+02
2.65660353e+02
2.65373152e+02
2.65099047e+02
2.64839211e+02
2.64594117e+02
2.64363763e+02
2.64147830e+02
2.63945806e+02
2.63757058e+02
2.63580892e+02
2.63416585e+02
2.63263406e+02
2.63120641e+02
2.62987595e+02
2.62863601e+02
2.62748030e+02
2.62640284e+02
2.62539803e+02
2.62446064e+02
2.62358578e+02
2.62276891e+02
2.62200581e+02
2.62129257e+02
2.62062557e+02
2.62000146e+02
2.71373819e+02
2.70455448e+02
2.66948225e+02
2.61945008e+02
2.56462141e+02
2.50969974e+02
2.45686468e+02
2.40711645e+02
2.36083642e+02
2.31807207e+02
2.27869491e+02
2.24249002e+02
2.20920672e+02
2.17858205e+02
2.15035412e+02
2.12428342e+02
2.10015682e+02
2.07778494e+02
2.05699968e+02
2.03765203e+02
2.01961001e+02
2.00275670e+02
1.98698844e+02
1.97221317e+02
1.95834900e+02
1.94532288e+02
1.93306948e+02
1.92153022e+02
1.91065241e+02
1.90038848e+02
1.89069539e+02
1.88153407e+02
1.87286893e+02
1.86466746e+02
1.85689990e+02
1.84953893e+02
1.84255937e+02
2.71377933e+02
2.70339511e+02
2.66690162e+02
2.61873882e+02
2.56897254e+02
2.52092329e+02
2.47558717e+02
2.43323679e+02
2.39387668e+02
2.35739307e+02
2.32361639e+02
2.29235332e+02
2.26340480e+02
2.23657084e+02
2.21165537e+02
2.18848355e+02
2.16690152e+02
2.14677195e+02
2.12797158e+02
2.11038963e+02
2.09392655e+02
2.07849280e+02
2.06400776e+02
2.05039874e+02
2.03760007e+02
2.02555229e+02
2.01420146e+02
2.00349854e+02
1.99339884e+02
1.98386151e+02
1.97484919e+02
1.96632756e+02
1.95826511e+02
1.95063278e+02
1.94340378e+02
1.93655330e+02
1.93005839e+02
2.71334421e+02
2.71336876e+02
2.71203296e+02
2.70723294e+02
2.69829105e+02
2.68585128e+02
2.67091222e+02
2.65436326e+02
2.63688866e+02
2.61899117e+02
2.60103494e+02
2.58328179e+02
2.56591801e+02
2.54907343e+02
2.53283494e+02
2.51725640e+02
2.50236734e+02
2.48817969e+02
2.47469255e+02
2.46189572e+02
2.44977221e+02
2.43830029e+02
2.42745503e+02
2.41720946e+02
2.40753550e+02
2.39840463e+02
2.38978845e+02
2.38165903e+02
2.37398917e+02
2.36675263e+02
2.35992425e+02
2.35347999e+02
2.34739702e+02
2.34165371e+02
2.33622962e+02
2.33110548e+02
2.32626316e+02
2.71291194e+02
2.71302712e+02
2.71295616e+02
2.71193960e+02
2.70918266e+02
2.70433583e+02
2.69748940e+02
2.68896060e+02
2.67913165e+02
2.66836991e+02
2.65699745e+02
2.64528332e+02
2.63344522e+02
2.62165481e+02
2.61004405e+02
2.59871143e+02
2.58772785e+02
2.57714217e+02
2.56698586e+02
2.55727695e+02
2.54802304e+02
2.53922385e+02
2.53087318e+02
2.52296043e+02
2.51547193e+02
2.50839183e+02
2.50170291e+02
2.49538716e+02
2.48942621e+02
2.48380169e+02
2.47849551e+02
2.47348999e+02
2.46876803e+02
2.46431322e+02
2.46010985e+02
2.45614297e+02
2.45239843e+02
2.71237204e+02
2.71256977e+02
2.71257051e+02
2.71201096e+02
2.71043125e+02
2.70756071e+02
2.70336676e+02
2.69798179e+02
2.69161887e+02
2.68451306e+02
2.67688832e+02
2.66894181e+02
2.66083867e+02
2.65271227e+02
2.64466706e+02
2.63678239e+02
2.62911660e+02
2.62171093e+02
2.61459296e+02
2.60777962e+02
2.60127953e+02
2.59509500e+02
2.58922354e+02
2.58365914e+02
2.57839318e+02
2.57341525e+02
2.56871375e+02
2.56427631e+02
2.56009019e+02
2.55614256e+02
2.55242067e+02
2.54891203e+02
2.54560451e+02
2.54248644e+02
2.53954663e+02
2.53677440e+02
2.53415965e+02
