2.70000e+02 2.70000e+02 2.70000e+02 2.72851e+02 2.68461e+02 2.72406e+02 2.72654e+02 2.73762e+02 2.73747e+02 2.73347e+02
2.70000e+02 2.70000e+02 2.70000e+02 2.72851e+02 2.68461e+02 2.72406e+02 2.72654e+02 2.73762e+02 2.73747e+02 2.73347e+02
5.00000e+01 1.50000e+02 2.50000e+02 2.72335e+02 2.68423e+02 2.71648e+02 2.71604e+02 2.73536e+02 2.73524e+02 2.72953e+02
4.03011e+01 1.50000e+02 2.46738e+02 2.71696e+02 2.68339e+02 2.68490e+02 2.67946e+02 2.73177e+02 2.73225e+02 2.72688e+02
3.74314e+01 1.50000e+02 2.42570e+02 2.70875e+02 2.68227e+02 2.63731e+02 2.63109e+02 2.72502e+02 2.72877e+02 2.72432e+02
3.53203e+01 1.41638e+02 2.38031e+02 2.69775e+02 2.68078e+02 2.58351e+02 2.58090e+02 2.71438e+02 2.72398e+02 2.72121e+02
3.38435e+01 1.35228e+02 2.32958e+02 2.68377e+02 2.67882e+02 2.52856e+02 2.53219e+02 2.70036e+02 2.71741e+02 2.71716e+02
3.27245e+01 1.29320e+02 2.27529e+02 2.66727e+02 2.67640e+02 2.47498e+02 2.48600e+02 2.68387e+02 2.70903e+02 2.71208e+02
3.18323e+01 1.24111e+02 2.22162e+02 2.64898e+02 2.67361e+02 2.42403e+02 2.44264e+02 2.66574e+02 2.69908e+02 2.70604e+02
3.10977e+01 1.19559e+02 2.17066e+02 2.62965e+02 2.67057e+02 2.37626e+02 2.40216e+02 2.64662e+02 2.68788e+02 2.69921e+02
3.04795e+01 1.15581e+02 2.12323e+02 2.60993e+02 2.66739e+02 2.33183e+02 2.36446e+02 2.62701e+02 2.67579e+02 2.69181e+02
2.99509e+01 1.12090e+02 2.07954e+02 2.59031e+02 2.66417e+02 2.29068e+02 2.32939e+02 2.60727e+02 2.66312e+02 2.68401e+02
2.94935e+01 1.09014e+02 2.03954e+02 2.57113e+02 2.66099e+02 2.25265e+02 2.29677e+02 2.58768e+02 2.65012e+02 2.67601e+02
2.90275e+01 1.06287e+02 2.00303e+02 2.55262e+02 2.65789e+02 2.21752e+02 2.26641e+02 2.56845e+02 2.63703e+02 2.66794e+02
2.85404e+01 1.03841e+02 1.96973e+02 2.53493e+02 2.65491e+02 2.18506e+02 2.23814e+02 2.54970e+02 2.62401e+02 2.65992e+02
2.81004e+01 1.01636e+02 1.93937e+02 2.51813e+02 2.65206e+02 2.15500e+02 2.21176e+02 2.53156e+02 2.61119e+02 2.65204e+02
2.77044e+01 9.96490e+01 1.91167e+02 2.50226e+02 2.64936e+02 2.12713e+02 2.18711e+02 2.51407e+02 2.59868e+02 2.64437e+02
2.73470e+01 9.78549e+01 1.88636e+02 2.48731e+02 2.64681e+02 2.10123e+02 2.16404e+02 2.49728e+02 2.58655e+02 2.63694e+02
2.70233e+01 9.62324e+01 1.86323e+02 2.47328e+02 2.64441e+02 2.07713e+02 2.14244e+02 2.48121e+02 2.57484e+02 2.62980e+02
2.67290e+01 9.47624e+01 1.84207e+02 2.46013e+02 2.64215e+02 2.05465e+02 2.12217e+02 2.46587e+02 2.56358e+02 2.62296e+02
2.64605e+01 9.34279e+01 1.82269e+02 2.44782e+02 2.64004e+02 2.03366e+02 2.10314e+02 2.45124e+02 2.55280e+02 2.61642e+02
2.62147e+01 9.22141e+01 1.80494e+02 2.43630e+02 2.63807e+02 2.01401e+02 2.08526e+02 2.43732e+02 2.54250e+02 2.61020e+02
2.59891e+01 9.11080e+01 1.78865e+02 2.42554e+02 2.63622e+02 1.99560e+02 2.06843e+02 2.42409e+02 2.53268e+02 2.60429e+02
2.57813e+01 9.00983e+01 1.77369e+02 2.41549e+02 2.63449e+02 1.97832e+02 2.05258e+02 2.41152e+02 2.52333e+02 2.59868e+02
2.55896e+01 8.91751e+01 1.75994e+02 2.40609e+02 2.63288e+02 1.96208e+02 2.03764e+02 2.39959e+02 2.51444e+02 2.59337e+02
2.54121e+01 8.83294e+01 1.74729e+02 2.39732e+02 2.63137e+02 1.94681e+02 2.02355e+02 2.38827e+02 2.50599e+02 2.58835e+02
2.52476e+01 8.75535e+01 1.73563e+02 2.38912e+02 2.62996e+02 1.93242e+02 2.01024e+02 2.37754e+02 2.49798e+02 2.58359e+02
2.50948e+01 8.68405e+01 1.72488e+02 2.38145e+02 2.62864e+02 1.91885e+02 1.99767e+02 2.36736e+02 2.49037e+02 2.57910e+02
2.49526e+01 8.61844e+01 1.71496e+02 2.37429e+02 2.62741e+02 1.90604e+02 1.98578e+02 2.35771e+02 2.48316e+02 2.57485e+02
2.48201e+01 8.55798e+01 1.70579e+02 2.36758e+02 2.62626e+02 1.89394e+02 1.97453e+02 2.34855e+02 2.47632e+02 2.57083e+02
2.46963e+01 8.50217e+01 1.69730e+02 2.36131e+02 2.62518e+02 1.88250e+02 1.96388e+02 2.33988e+02 2.46984e+02 2.56704e+02
2.45806e+01 8.45060e+01 1.68944e+02 2.35544e+02 2.62417e+02 1.87168e+02 1.95380e+02 2.33165e+02 2.46370e+02 2.56346e+02
2.44723e+01 8.40288e+01 1.68216e+02 2.34994e+02 2.62322e+02 1.86143e+02 1.94425e+02 2.32385e+02 2.45787e+02 2.56007e+02
2.43707e+01 8.35866e+01 1.67539e+02 2.34478e+02 2.62234e+02 1.85172e+02 1.93519e+02 2.31644e+02 2.45235e+02 2.55687e+02
2.42755e+01 8.31763e+01 1.66911e+02 2.33994e+02 2.62151e+02 1.84252e+02 1.92659e+02 2.30942e+02 2.44711e+02 2.55384e+02
2.41860e+01 8.27952e+01 1.66326e+02 2.33540e+02 2.62073e+02 1.83379e+02 1.91844e+02 2.30276e+02 2.44214e+02 2.55098e+02
2.41018e+01 8.24409e+01 1.65782e+02 2.33113e+02 2.62000e+02 1.82551e+02 1.91069e+02 2.29643e+02 2.43743e+02 2.54828e+02
2.40226e+01 8.21109e+01 1.65275e+02 2.32712e+02 2.61931e+02 1.81765e+02 1.90334e+02 2.29042e+02 2.43296e+02 2.54572e+02
