2.70000e+02 2.70000e+02 2.70000e+02 2.70145e+02 2.68050e+02 2.68936e+02 2.69250e+02 2.70731e+02 2.71076e+02 2.71192e+02
2.70000e+02 2.70000e+02 2.70000e+02 2.70145e+02 2.68050e+02 2.68936e+02 2.69250e+02 2.70731e+02 2.71076e+02 2.71192e+02
5.00000e+01 1.50000e+02 2.50000e+02 2.70001e+02 2.68040e+02 2.68177e+02 2.68389e+02 2.70689e+02 2.71054e+02 2.71171e+02
4.00623e+01 1.50000e+02 2.46111e+02 2.69664e+02 2.68003e+02 2.64977e+02 2.65065e+02 2.70536e+02 2.71005e+02 2.71136e+02
3.71309e+01 1.50000e+02 2.41596e+02 2.69099e+02 2.67931e+02 2.60280e+02 2.60559e+02 2.70081e+02 2.70878e+02 2.71052e+02
3.50356e+01 1.41496e+02 2.36860e+02 2.68226e+02 2.67812e+02 2.55050e+02 2.55830e+02 2.69248e+02 2.70598e+02 2.70878e+02
3.35753e+01 1.34990e+02 2.31638e+02 2.67034e+02 2.67635e+02 2.49757e+02 2.51214e+02 2.68085e+02 2.70126e+02 2.70588e+02
3.24705e+01 1.29022e+02 2.26104e+02 2.65569e+02 2.67405e+02 2.44626e+02 2.46821e+02 2.66677e+02 2.69468e+02 2.70176e+02
3.15912e+01 1.23777e+02 2.20660e+02 2.63907e+02 2.67130e+02 2.39768e+02 2.42690e+02 2.65107e+02 2.68648e+02 2.69655e+02
3.08684e+01 1.19204e+02 2.15499e+02 2.62124e+02 2.66825e+02 2.35229e+02 2.38831e+02 2.63438e+02 2.67703e+02 2.69043e+02
3.02612e+01 1.15210e+02 2.10697e+02 2.60286e+02 2.66503e+02 2.31021e+02 2.35241e+02 2.61720e+02 2.66667e+02 2.68363e+02
2.97429e+01 1.11707e+02 2.06274e+02 2.58446e+02 2.66174e+02 2.27136e+02 2.31907e+02 2.59989e+02 2.65570e+02 2.67635e+02
2.92691e+01 1.08620e+02 2.02222e+02 2.56638e+02 2.65846e+02 2.23557e+02 2.28815e+02 2.58272e+02 2.64440e+02 2.66877e+02
2.87368e+01 1.05869e+02 1.98522e+02 2.54888e+02 2.65525e+02 2.20264e+02 2.25947e+02 2.56589e+02 2.63297e+02 2.66107e+02
2.82557e+01 1.03398e+02 1.95146e+02 2.53212e+02 2.65216e+02 2.17230e+02 2.23286e+02 2.54955e+02 2.62159e+02 2.65336e+02
2.78257e+01 1.01176e+02 1.92067e+02 2.51619e+02 2.64921e+02 2.14432e+02 2.20814e+02 2.53377e+02 2.61039e+02 2.64574e+02
2.74406e+01 9.91770e+01 1.89257e+02 2.50114e+02 2.64640e+02 2.11849e+02 2.18516e+02 2.51864e+02 2.59947e+02 2.63829e+02
2.70943e+01 9.73742e+01 1.86692e+02 2.48697e+02 2.64375e+02 2.09460e+02 2.16377e+02 2.50418e+02 2.58890e+02 2.63106e+02
2.67818e+01 9.57457e+01 1.84350e+02 2.47367e+02 2.64126e+02 2.07247e+02 2.14384e+02 2.49042e+02 2.57873e+02 2.62410e+02
2.64987e+01 9.42718e+01 1.82209e+02 2.46123e+02 2.63893e+02 2.05194e+02 2.12527e+02 2.47735e+02 2.56899e+02 2.61743e+02
2.62415e+01 9.29356e+01 1.80252e+02 2.44960e+02 2.63674e+02 2.03287e+02 2.10793e+02 2.46498e+02 2.55970e+02 2.61106e+02
2.60070e+01 9.17219e+01 1.78461e+02 2.43876e+02 2.63470e+02 2.01512e+02 2.09174e+02 2.45328e+02 2.55088e+02 2.60501e+02
2.57926e+01 9.06179e+01 1.76821e+02 2.42865e+02 2.63280e+02 1.99859e+02 2.07660e+02 2.44224e+02 2.54251e+02 2.59927e+02
2.55962e+01 8.96119e+01 1.75319e+02 2.41923e+02 2.63102e+02 1.98316e+02 2.06243e+02 2.43184e+02 2.53459e+02 2.59384e+02
2.54157e+01 8.86940e+01 1.73941e+02 2.41047e+02 2.62937e+02 1.96875e+02 2.04917e+02 2.42203e+02 2.52711e+02 2.58871e+02
2.52495e+01 8.78551e+01 1.72677e+02 2.40231e+02 2.62783e+02 1.95527e+02 2.03673e+02 2.41281e+02 2.52006e+02 2.58388e+02
2.50963e+01 8.70875e+01 1.71516e+02 2.39473e+02 2.62640e+02 1.94265e+02 2.02507e+02 2.40414e+02 2.51342e+02 2.57934e+02
2.49547e+01 8.63842e+01 1.70449e+02 2.38767e+02 2.62507e+02 1.93082e+02 2.01413e+02 2.39598e+02 2.50717e+02 2.57506e+02
2.48236e+01 8.57390e+01 1.69467e+02 2.38111e+02 2.62383e+02 1.91972e+02 2.00385e+02 2.38832e+02 2.50130e+02 2.57104e+02
2.47021e+01 8.51464e+01 1.68564e+02 2.37500e+02 2.62267e+02 1.90931e+02 1.99420e+02 2.38112e+02 2.49577e+02 2.56727e+02
2.45894e+01 8.46016e+01 1.67731e+02 2.36932e+02 2.62160e+02 1.89952e+02 1.98512e+02 2.37435e+02 2.49059e+02 2.56373e+02
2.44846e+01 8.41000e+01 1.66963e+02 2.36404e+02 2.62060e+02 1.89031e+02 1.97658e+02 2.36799e+02 2.48571e+02 2.56040e+02
2.43871e+01 8.36378e+01 1.66255e+02 2.35912e+02 2.61968e+02 1.88165e+02 1.96853e+02 2.36202e+02 2.48114e+02 2.55728e+02
2.42963e+01 8.32114e+01 1.65601e+02 2.35454e+02 2.61881e+02 1.87350e+02 1.96096e+02 2.35641e+02 2.47684e+02 2.55436e+02
2.42116e+01 8.28177e+01 1.64996e+02 2.35027e+02 2.61801e+02 1.86581e+02 1.95383e+02 2.35114e+02 2.47281e+02 2.55161e+02
2.41325e+01 8.24539e+01 1.64437e+02 2.34630e+02 2.61726e+02 1.85857e+02 1.94710e+02 2.34618e+02 2.46902e+02 2.54904e+02
2.40587e+01 8.21174e+01 1.63919e+02 2.34259e+02 2.61656e+02 1.85173e+02 1.94075e+02 2.34152e+02 2.46546e+02 2.54663e+02
2.39896e+01 8.18058e+01 1.63440e+02 2.33914e+02 2.61591e+02 1.84528e+02 1.93476e+02 2.33714e+02 2.46212e+02 2.54436e+02
