2.70000e+02 2.70000e+02 2.70000e+02 2.71062e+02 2.68164e+02 2.73072e+02 2.73028e+02 2.72762e+02 2.72465e+02 2.72071e+02
2.70000e+02 2.70000e+02 2.70000e+02 2.71062e+02 2.68164e+02 2.73072e+02 2.73028e+02 2.72762e+02 2.72465e+02 2.72071e+02
5.00000e+01 1.50000e+02 2.50000e+02 2.70870e+02 2.68151e+02 2.72036e+02 2.71872e+02 2.72671e+02 2.72399e+02 2.71994e+02
4.01756e+01 1.50000e+02 2.46320e+02 2.70509e+02 2.68113e+02 2.68370e+02 2.68093e+02 2.72439e+02 2.72297e+02 2.71923e+02
3.72933e+01 1.50000e+02 2.41903e+02 2.69917e+02 2.68043e+02 2.63193e+02 2.63133e+02 2.71869e+02 2.72116e+02 2.71813e+02
3.51983e+01 1.41519e+02 2.37203e+02 2.69015e+02 2.67930e+02 2.57538e+02 2.57998e+02 2.70895e+02 2.71779e+02 2.71618e+02
3.37346e+01 1.35033e+02 2.31997e+02 2.67791e+02 2.67764e+02 2.51878e+02 2.53028e+02 2.69575e+02 2.71241e+02 2.71310e+02
3.26256e+01 1.29081e+02 2.26466e+02 2.66295e+02 2.67549e+02 2.46432e+02 2.48326e+02 2.68000e+02 2.70506e+02 2.70885e+02
3.17414e+01 1.23848e+02 2.21022e+02 2.64604e+02 2.67294e+02 2.41296e+02 2.43922e+02 2.66253e+02 2.69600e+02 2.70353e+02
3.10133e+01 1.19286e+02 2.15861e+02 2.62792e+02 2.67010e+02 2.36509e+02 2.39818e+02 2.64400e+02 2.68558e+02 2.69733e+02
3.04006e+01 1.15301e+02 2.11061e+02 2.60927e+02 2.66711e+02 2.32074e+02 2.36003e+02 2.62490e+02 2.67416e+02 2.69048e+02
2.98767e+01 1.11807e+02 2.06641e+02 2.59058e+02 2.66406e+02 2.27980e+02 2.32460e+02 2.60562e+02 2.66207e+02 2.68317e+02
2.94232e+01 1.08728e+02 2.02593e+02 2.57221e+02 2.66101e+02 2.24203e+02 2.29170e+02 2.58644e+02 2.64959e+02 2.67560e+02
2.89242e+01 1.05994e+02 1.98896e+02 2.55440e+02 2.65803e+02 2.20719e+02 2.26113e+02 2.56756e+02 2.63694e+02 2.66791e+02
2.84379e+01 1.03538e+02 1.95524e+02 2.53732e+02 2.65515e+02 2.17503e+02 2.23269e+02 2.54914e+02 2.62431e+02 2.66022e+02
2.80006e+01 1.01327e+02 1.92447e+02 2.52105e+02 2.65239e+02 2.14527e+02 2.20618e+02 2.53128e+02 2.61184e+02 2.65264e+02
2.76073e+01 9.93332e+01 1.89638e+02 2.50564e+02 2.64977e+02 2.11769e+02 2.18144e+02 2.51405e+02 2.59963e+02 2.64522e+02
2.72525e+01 9.75333e+01 1.87072e+02 2.49110e+02 2.64729e+02 2.09208e+02 2.15831e+02 2.49750e+02 2.58776e+02 2.63803e+02
2.69310e+01 9.59054e+01 1.84725e+02 2.47741e+02 2.64494e+02 2.06825e+02 2.13666e+02 2.48164e+02 2.57628e+02 2.63109e+02
2.66388e+01 9.44299e+01 1.82578e+02 2.46456e+02 2.64274e+02 2.04604e+02 2.11638e+02 2.46648e+02 2.56523e+02 2.62442e+02
2.63721e+01 9.30901e+01 1.80611e+02 2.45252e+02 2.64067e+02 2.02530e+02 2.09734e+02 2.45203e+02 2.55463e+02 2.61805e+02
2.61280e+01 9.18710e+01 1.78809e+02 2.44124e+02 2.63874e+02 2.00590e+02 2.07946e+02 2.43826e+02 2.54450e+02 2.61197e+02
2.59038e+01 9.07597e+01 1.77155e+02 2.43068e+02 2.63692e+02 1.98773e+02 2.06265e+02 2.42517e+02 2.53482e+02 2.60619e+02
2.56974e+01 8.97449e+01 1.75635e+02 2.42080e+02 2.63522e+02 1.97068e+02 2.04683e+02 2.41273e+02 2.52559e+02 2.60069e+02
2.55068e+01 8.88167e+01 1.74239e+02 2.41157e+02 2.63363e+02 1.95467e+02 2.03192e+02 2.40092e+02 2.51682e+02 2.59548e+02
2.53305e+01 8.79661e+01 1.72953e+02 2.40293e+02 2.63214e+02 1.93961e+02 2.01786e+02 2.38971e+02 2.50848e+02 2.59055e+02
2.51670e+01 8.71855e+01 1.71769e+02 2.39485e+02 2.63075e+02 1.92542e+02 2.00460e+02 2.37908e+02 2.50055e+02 2.58587e+02
2.50151e+01 8.64680e+01 1.70676e+02 2.38730e+02 2.62945e+02 1.91206e+02 1.99207e+02 2.36899e+02 2.49303e+02 2.58145e+02
2.48738e+01 8.58076e+01 1.69668e+02 2.38023e+02 2.62824e+02 1.89944e+02 1.98023e+02 2.35942e+02 2.48590e+02 2.57727e+02
2.47420e+01 8.51987e+01 1.68736e+02 2.37361e+02 2.62710e+02 1.88753e+02 1.96903e+02 2.35035e+02 2.47913e+02 2.57332e+02
2.46190e+01 8.46367e+01 1.67873e+02 2.36742e+02 2.62603e+02 1.87627e+02 1.95844e+02 2.34175e+02 2.47271e+02 2.56958e+02
2.45040e+01 8.41171e+01 1.67075e+02 2.36161e+02 2.62503e+02 1.86562e+02 1.94841e+02 2.33359e+02 2.46662e+02 2.56605e+02
2.43963e+01 8.36363e+01 1.66334e+02 2.35617e+02 2.62410e+02 1.85554e+02 1.93890e+02 2.32585e+02 2.46085e+02 2.56271e+02
2.42954e+01 8.31907e+01 1.65647e+02 2.35107e+02 2.62322e+02 1.84600e+02 1.92990e+02 2.31851e+02 2.45537e+02 2.55955e+02
2.42007e+01 8.27772e+01 1.65008e+02 2.34628e+02 2.62239e+02 1.83695e+02 1.92136e+02 2.31155e+02 2.45018e+02 2.55656e+02
2.41118e+01 8.23931e+01 1.64414e+02 2.34178e+02 2.62162e+02 1.82837e+02 1.91325e+02 2.30494e+02 2.44525e+02 2.55374e+02
2.40281e+01 8.20358e+01 1.63861e+02 2.33756e+02 2.62090e+02 1.82024e+02 1.90556e+02 2.29866e+02 2.44058e+02 2.55106e+02
2.39494e+01 8.17032e+01 1.63345e+02 2.33359e+02 2.62021e+02 1.81251e+02 1.89826e+02 2.29270e+02 2.43614e+02 2.54853e+02
