2.70000e+02 2.70000e+02 2.70000e+02 2.71005e+02 2.68187e+02 2.72173e+02 2.72221e+02 2.72393e+02 2.72265e+02 2.71885e+02
2.70000e+02 2.70000e+02 2.70000e+02 2.71005e+02 2.68187e+02 2.72173e+02 2.72221e+02 2.72393e+02 2.72265e+02 2.71885e+02
5.00000e+01 1.50000e+02 2.50000e+02 2.70795e+02 2.68173e+02 2.71249e+02 2.71175e+02 2.72324e+02 2.72202e+02 2.71812e+02
4.03365e+01 1.50000e+02 2.46304e+02 2.70419e+02 2.68130e+02 2.67754e+02 2.67545e+02 2.72123e+02 2.72107e+02 2.71746e+02
3.74440e+01 1.50000e+02 2.41890e+02 2.69818e+02 2.68055e+02 2.62766e+02 2.62756e+02 2.71594e+02 2.71935e+02 2.71657e+02
3.53125e+01 1.41642e+02 2.37207e+02 2.68912e+02 2.67935e+02 2.57298e+02 2.57803e+02 2.70667e+02 2.71609e+02 2.71505e+02
3.38246e+01 1.35177e+02 2.32024e+02 2.67687e+02 2.67761e+02 2.51820e+02 2.53015e+02 2.69393e+02 2.71087e+02 2.71260e+02
3.26997e+01 1.29223e+02 2.26513e+02 2.66191e+02 2.67534e+02 2.46548e+02 2.48489e+02 2.67859e+02 2.70370e+02 2.70913e+02
3.18047e+01 1.23978e+02 2.21081e+02 2.64499e+02 2.67264e+02 2.41583e+02 2.44254e+02 2.66148e+02 2.69485e+02 2.70471e+02
3.10695e+01 1.19400e+02 2.15925e+02 2.62688e+02 2.66965e+02 2.36960e+02 2.40308e+02 2.64326e+02 2.68466e+02 2.69949e+02
3.04521e+01 1.15400e+02 2.11126e+02 2.60824e+02 2.66648e+02 2.32685e+02 2.36643e+02 2.62443e+02 2.67350e+02 2.69366e+02
2.99254e+01 1.11891e+02 2.06704e+02 2.58957e+02 2.66325e+02 2.28744e+02 2.33240e+02 2.60538e+02 2.66167e+02 2.68739e+02
2.94705e+01 1.08799e+02 2.02654e+02 2.57123e+02 2.66002e+02 2.25115e+02 2.30081e+02 2.58641e+02 2.64947e+02 2.68085e+02
2.89806e+01 1.06057e+02 1.98955e+02 2.55347e+02 2.65687e+02 2.21774e+02 2.27148e+02 2.56771e+02 2.63711e+02 2.67418e+02
2.84962e+01 1.03595e+02 1.95583e+02 2.53643e+02 2.65382e+02 2.18694e+02 2.24419e+02 2.54946e+02 2.62478e+02 2.66750e+02
2.80612e+01 1.01378e+02 1.92507e+02 2.52021e+02 2.65090e+02 2.15848e+02 2.21877e+02 2.53176e+02 2.61261e+02 2.66088e+02
2.76708e+01 9.93823e+01 1.89700e+02 2.50485e+02 2.64812e+02 2.13214e+02 2.19504e+02 2.51469e+02 2.60072e+02 2.65440e+02
2.73192e+01 9.75817e+01 1.87138e+02 2.49036e+02 2.64549e+02 2.10771e+02 2.17288e+02 2.49828e+02 2.58916e+02 2.64811e+02
2.70015e+01 9.59546e+01 1.84796e+02 2.47674e+02 2.64302e+02 2.08499e+02 2.15213e+02 2.48258e+02 2.57800e+02 2.64204e+02
2.67132e+01 9.44814e+01 1.82656e+02 2.46396e+02 2.64069e+02 2.06383e+02 2.13269e+02 2.46757e+02 2.56728e+02 2.63620e+02
2.64507e+01 9.31451e+01 1.80697e+02 2.45199e+02 2.63850e+02 2.04408e+02 2.11446e+02 2.45328e+02 2.55700e+02 2.63062e+02
2.62108e+01 9.19306e+01 1.78902e+02 2.44078e+02 2.63646e+02 2.02562e+02 2.09734e+02 2.43967e+02 2.54718e+02 2.62530e+02
2.59909e+01 9.08248e+01 1.77258e+02 2.43030e+02 2.63454e+02 2.00833e+02 2.08124e+02 2.42674e+02 2.53782e+02 2.62023e+02
2.57887e+01 8.98162e+01 1.75748e+02 2.42051e+02 2.63275e+02 1.99211e+02 2.06608e+02 2.41446e+02 2.52891e+02 2.61543e+02
2.56024e+01 8.88947e+01 1.74362e+02 2.41136e+02 2.63107e+02 1.97688e+02 2.05181e+02 2.40281e+02 2.52045e+02 2.61087e+02
2.54303e+01 8.80512e+01 1.73087e+02 2.40280e+02 2.62951e+02 1.96256e+02 2.03835e+02 2.39177e+02 2.51241e+02 2.60655e+02
2.52709e+01 8.72781e+01 1.71914e+02 2.39481e+02 2.62805e+02 1.94907e+02 2.02566e+02 2.38129e+02 2.50478e+02 2.60247e+02
2.51230e+01 8.65683e+01 1.70833e+02 2.38734e+02 2.62668e+02 1.93635e+02 2.01367e+02 2.37137e+02 2.49756e+02 2.59861e+02
2.49856e+01 8.59156e+01 1.69836e+02 2.38036e+02 2.62540e+02 1.92436e+02 2.00234e+02 2.36197e+02 2.49071e+02 2.59496e+02
2.48576e+01 8.53147e+01 1.68916e+02 2.37383e+02 2.62421e+02 1.91303e+02 1.99162e+02 2.35306e+02 2.48422e+02 2.59151e+02
2.47382e+01 8.47605e+01 1.68065e+02 2.36772e+02 2.62309e+02 1.90232e+02 1.98149e+02 2.34462e+02 2.47807e+02 2.58826e+02
2.46267e+01 8.42488e+01 1.67277e+02 2.36200e+02 2.62204e+02 1.89220e+02 1.97189e+02 2.33661e+02 2.47224e+02 2.58518e+02
2.45224e+01 8.37757e+01 1.66548e+02 2.35665e+02 2.62106e+02 1.88261e+02 1.96280e+02 2.32903e+02 2.46673e+02 2.58228e+02
2.44247e+01 8.33378e+01 1.65872e+02 2.35163e+02 2.62014e+02 1.87353e+02 1.95419e+02 2.32184e+02 2.46150e+02 2.57953e+02
2.43332e+01 8.29318e+01 1.65244e+02 2.34693e+02 2.61928e+02 1.86493e+02 1.94603e+02 2.31502e+02 2.45655e+02 2.57694e+02
2.42472e+01 8.25551e+01 1.64660e+02 2.34251e+02 2.61848e+02 1.85677e+02 1.93828e+02 2.30856e+02 2.45185e+02 2.57449e+02
2.41665e+01 8.22050e+01 1.64118e+02 2.33837e+02 2.61772e+02 1.84903e+02 1.93093e+02 2.30242e+02 2.44740e+02 2.57217e+02
2.40905e+01 8.18794e+01 1.63613e+02 2.33448e+02 2.61701e+02 1.84168e+02 1.92395e+02 2.29660e+02 2.44319e+02 2.56997e+02
