2.70000000e+02
5.00000000e+01
4.04150630e+01
3.75399230e+01
3.53968220e+01
3.38982380e+01
3.27637730e+01
3.18600720e+01
3.11166970e+01
3.04917680e+01
2.99580960e+01
2.94968510e+01
2.90340010e+01
2.85451780e+01
2.81042900e+01
2.77083660e+01
2.73520130e+01
2.70302240e+01
2.67386650e+01
2.64736410e+01
2.62320110e+01
2.60110960e+01
2.58086040e+01
2.56225610e+01
2.54512630e+01
2.52932280e+01
2.51471630e+01
2.50119350e+01
2.48865460e+01
2.47701120e+01
2.46618490e+01
2.45610600e+01
2.44671190e+01
2.43794670e+01
2.42976000e+01
2.42210620e+01
2.41494420e+01
2.70000000e+02
1.50000000e+02
1.50000000e+02
1.50000000e+02
1.41553428e+02
1.35026890e+02
1.29026168e+02
1.23747807e+02
1.19142866e+02
1.15120889e+02
1.11594192e+02
1.08487706e+02
1.05736662e+02
1.03271107e+02
1.01051710e+02
9.90532380e+01
9.72518920e+01
9.56258590e+01
9.41556810e+01
9.28241940e+01
9.16163100e+01
9.05187780e+01
8.95199460e+01
8.86095520e+01
8.77785430e+01
8.70189170e+01
8.63235890e+01
8.56862690e+01
8.51013680e+01
8.45639090e+01
8.40694510e+01
8.36140250e+01
8.31940780e+01
8.28064260e+01
8.24482070e+01
8.21168480e+01
8.18100330e+01
2.70000000e+02
2.50000000e+02
2.46157186e+02
2.41672925e+02
2.36950593e+02
2.31730578e+02
2.26186370e+02
2.20726781e+02
2.15549010e+02
2.10732415e+02
2.06298838e+02
2.02242042e+02
1.98542443e+02
1.95174186e+02
1.92108350e+02
1.89316580e+02
1.86772989e+02
1.84454191e+02
1.82339018e+02
1.80408282e+02
1.78644601e+02
1.77032252e+02
1.75557025e+02
1.74206095e+02
1.72967893e+02
1.71831988e+02
1.70788980e+02
1.69830394e+02
1.68948590e+02
1.68136676e+02
1.67388434e+02
1.66698252e+02
1.66061057e+02
1.65472263e+02
1.64927723e+02
1.64423679e+02
1.63956728e+02
2.70270693e+02
2.70160160e+02
2.69861779e+02
2.69320689e+02
2.68458067e+02
2.67266583e+02
2.65801445e+02
2.64142493e+02
2.62369608e+02
2.60549635e+02
2.58732946e+02
2.56954946e+02
2.55239101e+02
2.53600023e+02
2.52045808e+02
2.50579993e+02
2.49202965e+02
2.47913050e+02
2.46707283e+02
2.45581930e+02
2.44532832e+02
2.43555629e+02
2.42645919e+02
2.41799362e+02
2.41011741e+02
2.40279014e+02
2.39597337e+02
2.38963079e+02
2.38372826e+02
2.37823384e+02
2.37311773e+02
2.36835219e+02
2.36391146e+02
2.35977165e+02
2.35591064e+02
2.35230796e+02
2.34894469e+02
2.68045471e+02
2.68038948e+02
2.68009646e+02
2.67946200e+02
2.67835296e+02
2.67669132e+02
2.67451291e+02
2.67192790e+02
2.66907008e+02
2.66606413e+02
2.66301085e+02
2.65998485e+02
2.65703785e+02
2.65420371e+02
2.65150289e+02
2.64894624e+02
2.64653782e+02
2.64427709e+02
2.64216052e+02
2.64018274e+02
2.63833728e+02
2.63661707e+02
2.63501481e+02
2.63352319e+02
2.63213501e+02
2.63084333e+02
2.62964151e+02
2.62852322e+02
2.62748252e+02
2.62651382e+02
2.62561190e+02
2.62477188e+02
2.62398922e+02
2.62325973e+02
2.62257949e+02
2.62194490e+02
2.62135260e+02
2.71917002e+02
2.70947176e+02
2.67274793e+02
2.62049307e+02
2.56343174e+02
2.50645118e+02
2.45174563e+02
2.40028501e+02
2.35241892e+02
2.30817239e+02
2.26740398e+02
2.22989267e+02
2.19538567e+02
2.16361861e+02
2.13432945e+02
2.10727983e+02
2.08225735e+02
2.05907245e+02
2.03755599e+02
2.01755710e+02
1.99894124e+02
1.98158840e+02
1.96539139e+02
1.95025436e+02
1.93609138e+02
1.92282533e+02
1.91038675e+02
1.89871298e+02
1.88774731e+02
1.87743830e+02
1.86773917e+02
1.85860727e+02
1.85000362e+02
1.84189252e+02
1.83424118e+02
1.82701945e+02
1.82019954e+02
2.71903688e+02
2.70858780e+02
2.67180981e+02
2.62293128e+02
2.57219758e+02
2.52305748e+02
2.47656972e+02
2.43304299e+02
2.39250703e+02
2.35486752e+02
2.31997039e+02
2.28763466e+02
2.25767073e+02
2.22988448e+02
2.20408446e+02
2.18009957e+02
2.15777774e+02
2.13698190e+02
2.11758790e+02
2.09948320e+02
2.08256579e+02
2.06674316e+02
2.05193136e+02
2.03805415e+02
2.02504212e+02
2.01283207e+02
2.00136630e+02
1.99059206e+02
1.98046104e+02
1.97092893e+02
1.96195503e+02
1.95350186e+02
1.94553489e+02
1.93802224e+02
1.93093447e+02
1.92424431e+02
1.91792650e+02
2.71743576e+02
2.71730875e+02
2.71584774e+02
2.71101582e+02
2.70213592e+02
2.68981819e+02
2.67502566e+02
2.65862343e+02
2.64128327e+02
2.62350377e+02
2.60564992e+02
2.58798698e+02
2.57070571e+02
2.55394052e+02
2.53778249e+02
2.52228911e+02
2.50749291e+02
2.49340815e+02
2.48003564e+02
2.46736623e+02
2.45538350e+02
2.44406586e+02
2.43338817e+02
2.42332299e+02
2.41384157e+02
2.40491458e+02
2.39651272e+02
2.38860706e+02
2.38116942e+02
2.37417253e+02
2.36759023e+02
2.36139750e+02
2.35557058e+02
2.35008692e+02
2.34492524e+02
2.34006547e+02
2.33548872e+02
2.71620332e+02
2.71616899e+02
2.71591763e+02
2.71479670e+02
2.71204335e+02
2.70729651e+02
2.70061999e+02
2.69230735e+02
2.68272425e+02
2.67222760e+02
2.66113312e+02
2.64970601e+02
2.63816169e+02
2.62667035e+02
2.61536305e+02
2.60433760e+02
2.59366438e+02
2.58339177e+02
2.57355083e+02
2.56415910e+02
2.55522373e+02
2.54674396e+02
2.53871308e+02
2.53112001e+02
2.52395057e+02
2.51718845e+02
2.51081596e+02
2.50481465e+02
2.49916574e+02
2.49385049e+02
2.48885043e+02
2.48414757e+02
2.47972452e+02
2.47556457e+02
2.47165180e+02
2.46797104e+02
2.46450793e+02
2.71472947e+02
2.71468689e+02
2.71450724e+02
2.71381984e+02
2.71218133e+02
2.70933205e+02
2.70524046e+02
2.70003261e+02
2.69391167e+02
2.68710186e+02
2.67981664e+02
2.67224374e+02
2.66454001e+02
2.65683182e+02
2.64921762e+02
2.64177185e+02
2.63454879e+02
2.62758638e+02
2.62090960e+02
2.61453328e+02
2.60846441e+02
2.60270404e+02
2.59724872e+02
2.59209171e+02
2.58722389e+02
2.58263450e+02
2.57831169e+02
2.57424299e+02
2.57041564e+02
2.56681680e+02
2.56343383e+02
2.56025436e+02
2.55726642e+02
2.55445849e+02
2.55181959e+02
2.54933925e+02
2.54700756e+02
