2.70000e+02 2.70000e+02 2.70000e+02 2.70090e+02 2.68035e+02 2.71454e+02 2.71471e+02 2.71485e+02 2.71441e+02 2.71361e+02
2.70000e+02 2.70000e+02 2.70000e+02 2.70090e+02 2.68035e+02 2.71454e+02 2.71471e+02 2.71485e+02 2.71441e+02 2.71361e+02
5.00000e+01 1.50000e+02 2.50000e+02 2.70020e+02 2.68032e+02 2.70753e+02 2.70496e+02 2.71479e+02 2.71441e+02 2.71360e+02
4.01914e+01 1.50000e+02 2.46120e+02 2.69743e+02 2.68007e+02 2.67711e+02 2.66973e+02 2.71350e+02 2.71424e+02 2.71351e+02
3.72497e+01 1.50000e+02 2.41618e+02 2.69221e+02 2.67945e+02 2.63055e+02 2.62251e+02 2.70897e+02 2.71324e+02 2.71290e+02
3.51204e+01 1.41429e+02 2.36889e+02 2.68382e+02 2.67835e+02 2.57748e+02 2.57322e+02 2.70046e+02 2.71063e+02 2.71134e+02
3.36382e+01 1.34869e+02 2.31663e+02 2.67216e+02 2.67666e+02 2.52304e+02 2.52528e+02 2.68854e+02 2.70603e+02 2.70855e+02
3.25182e+01 1.28858e+02 2.26118e+02 2.65772e+02 2.67443e+02 2.46984e+02 2.47978e+02 2.67411e+02 2.69950e+02 2.70446e+02
3.16273e+01 1.23581e+02 2.20665e+02 2.64128e+02 2.67176e+02 2.41919e+02 2.43709e+02 2.65802e+02 2.69131e+02 2.69920e+02
3.08953e+01 1.18985e+02 2.15499e+02 2.62360e+02 2.66877e+02 2.37170e+02 2.39725e+02 2.64094e+02 2.68181e+02 2.69297e+02
3.02803e+01 1.14975e+02 2.10696e+02 2.60537e+02 2.66561e+02 2.32756e+02 2.36021e+02 2.62336e+02 2.67135e+02 2.68599e+02
2.97552e+01 1.11462e+02 2.06275e+02 2.58709e+02 2.66238e+02 2.28674e+02 2.32583e+02 2.60565e+02 2.66024e+02 2.67847e+02
2.92988e+01 1.08369e+02 2.02230e+02 2.56912e+02 2.65915e+02 2.24909e+02 2.29393e+02 2.58808e+02 2.64876e+02 2.67060e+02
2.87685e+01 1.05621e+02 1.98539e+02 2.55171e+02 2.65600e+02 2.21440e+02 2.26434e+02 2.57084e+02 2.63710e+02 2.66256e+02
2.82815e+01 1.03154e+02 1.95175e+02 2.53502e+02 2.65295e+02 2.18242e+02 2.23687e+02 2.55406e+02 2.62545e+02 2.65447e+02
2.78453e+01 1.00935e+02 1.92108e+02 2.51914e+02 2.65004e+02 2.15291e+02 2.21132e+02 2.53784e+02 2.61394e+02 2.64644e+02
2.74541e+01 9.89390e+01 1.89311e+02 2.50411e+02 2.64726e+02 2.12563e+02 2.18754e+02 2.52224e+02 2.60268e+02 2.63854e+02
2.71021e+01 9.71394e+01 1.86759e+02 2.48995e+02 2.64464e+02 2.10038e+02 2.16539e+02 2.50729e+02 2.59173e+02 2.63085e+02
2.67841e+01 9.55141e+01 1.84428e+02 2.47664e+02 2.64218e+02 2.07697e+02 2.14472e+02 2.49302e+02 2.58115e+02 2.62340e+02
2.64959e+01 9.40434e+01 1.82299e+02 2.46416e+02 2.63986e+02 2.05523e+02 2.12541e+02 2.47944e+02 2.57097e+02 2.61622e+02
2.62337e+01 9.27100e+01 1.80351e+02 2.45248e+02 2.63769e+02 2.03501e+02 2.10737e+02 2.46652e+02 2.56122e+02 2.60934e+02
2.59945e+01 9.14988e+01 1.78568e+02 2.44156e+02 2.63565e+02 2.01617e+02 2.09048e+02 2.45427e+02 2.55191e+02 2.60276e+02
2.57756e+01 9.03968e+01 1.76935e+02 2.43135e+02 2.63375e+02 1.99860e+02 2.07466e+02 2.44266e+02 2.54304e+02 2.59648e+02
2.55747e+01 8.93924e+01 1.75438e+02 2.42183e+02 2.63197e+02 1.98218e+02 2.05983e+02 2.43167e+02 2.53461e+02 2.59052e+02
2.53899e+01 8.84755e+01 1.74064e+02 2.41293e+02 2.63032e+02 1.96681e+02 2.04590e+02 2.42128e+02 2.52660e+02 2.58485e+02
2.52196e+01 8.76370e+01 1.72801e+02 2.40463e+02 2.62877e+02 1.95242e+02 2.03282e+02 2.41146e+02 2.51902e+02 2.57948e+02
2.50622e+01 8.68693e+01 1.71641e+02 2.39689e+02 2.62732e+02 1.93892e+02 2.02052e+02 2.40219e+02 2.51184e+02 2.57440e+02
2.49166e+01 8.61652e+01 1.70572e+02 2.38967e+02 2.62597e+02 1.92624e+02 2.00895e+02 2.39343e+02 2.50505e+02 2.56960e+02
2.47816e+01 8.55186e+01 1.69588e+02 2.38292e+02 2.62471e+02 1.91433e+02 1.99805e+02 2.38517e+02 2.49863e+02 2.56505e+02
2.46561e+01 8.49240e+01 1.68681e+02 2.37663e+02 2.62354e+02 1.90311e+02 1.98779e+02 2.37737e+02 2.49256e+02 2.56077e+02
2.45395e+01 8.43765e+01 1.67843e+02 2.37075e+02 2.62244e+02 1.89256e+02 1.97810e+02 2.37001e+02 2.48684e+02 2.55672e+02
2.44309e+01 8.38717e+01 1.67069e+02 2.36526e+02 2.62142e+02 1.88260e+02 1.96897e+02 2.36306e+02 2.48143e+02 2.55290e+02
2.43295e+01 8.34058e+01 1.66353e+02 2.36014e+02 2.62046e+02 1.87321e+02 1.96035e+02 2.35651e+02 2.47633e+02 2.54929e+02
2.42349e+01 8.29753e+01 1.65691e+02 2.35534e+02 2.61957e+02 1.86435e+02 1.95220e+02 2.35032e+02 2.47151e+02 2.54590e+02
2.41465e+01 8.25770e+01 1.65077e+02 2.35086e+02 2.61873e+02 1.85598e+02 1.94450e+02 2.34448e+02 2.46697e+02 2.54269e+02
2.40637e+01 8.22080e+01 1.64508e+02 2.34667e+02 2.61795e+02 1.84807e+02 1.93722e+02 2.33897e+02 2.46268e+02 2.53967e+02
2.39862e+01 8.18660e+01 1.63980e+02 2.34275e+02 2.61722e+02 1.84058e+02 1.93033e+02 2.33376e+02 2.45863e+02 2.53681e+02
2.39135e+01 8.15485e+01 1.63489e+02 2.33907e+02 2.61653e+02 1.83350e+02 1.92381e+02 2.32884e+02 2.45481e+02 2.53412e+02
