2.70000e+02 2.70000e+02 2.70000e+02 2.73359e+02 2.68622e+02 2.77054e+02 2.76833e+02 2.75723e+02 2.75012e+02 2.74018e+02
2.70000e+02 2.70000e+02 2.70000e+02 2.73359e+02 2.68622e+02 2.77054e+02 2.76833e+02 2.75723e+02 2.75012e+02 2.74018e+02
5.00000e+01 1.50000e+02 2.50000e+02 2.72915e+02 2.68586e+02 2.75892e+02 2.75544e+02 2.75495e+02 2.74777e+02 2.73681e+02
4.02667e+01 1.50000e+02 2.46873e+02 2.72354e+02 2.68507e+02 2.72151e+02 2.71724e+02 2.75124e+02 2.74486e+02 2.73431e+02
3.74172e+01 1.50000e+02 2.42691e+02 2.71603e+02 2.68399e+02 2.66939e+02 2.66783e+02 2.74427e+02 2.74127e+02 2.73183e+02
3.53267e+01 1.41922e+02 2.38176e+02 2.70577e+02 2.68250e+02 2.61264e+02 2.61684e+02 2.73342e+02 2.73620e+02 2.72874e+02
3.38638e+01 1.35518e+02 2.33073e+02 2.69257e+02 2.68050e+02 2.55594e+02 2.56748e+02 2.71928e+02 2.72928e+02 2.72466e+02
3.27548e+01 1.29649e+02 2.27611e+02 2.67683e+02 2.67801e+02 2.50144e+02 2.52075e+02 2.70280e+02 2.72057e+02 2.71950e+02
3.18698e+01 1.24465e+02 2.22206e+02 2.65927e+02 2.67512e+02 2.45011e+02 2.47694e+02 2.68481e+02 2.71038e+02 2.71332e+02
3.11404e+01 1.19928e+02 2.17064e+02 2.64062e+02 2.67195e+02 2.40231e+02 2.43608e+02 2.66598e+02 2.69906e+02 2.70631e+02
3.05258e+01 1.15954e+02 2.12267e+02 2.62151e+02 2.66862e+02 2.35809e+02 2.39810e+02 2.64679e+02 2.68695e+02 2.69867e+02
2.99997e+01 1.12461e+02 2.07840e+02 2.60244e+02 2.66524e+02 2.31730e+02 2.36284e+02 2.62760e+02 2.67437e+02 2.69059e+02
2.95438e+01 1.09376e+02 2.03778e+02 2.58375e+02 2.66188e+02 2.27974e+02 2.33013e+02 2.60868e+02 2.66156e+02 2.68228e+02
2.90883e+01 1.06638e+02 2.00064e+02 2.56568e+02 2.65861e+02 2.24516e+02 2.29979e+02 2.59021e+02 2.64873e+02 2.67387e+02
2.86030e+01 1.04177e+02 1.96672e+02 2.54840e+02 2.65545e+02 2.21330e+02 2.27163e+02 2.57233e+02 2.63605e+02 2.66550e+02
2.81643e+01 1.01956e+02 1.93575e+02 2.53197e+02 2.65243e+02 2.18390e+02 2.24546e+02 2.55513e+02 2.62363e+02 2.65727e+02
2.77694e+01 9.99507e+01 1.90747e+02 2.51644e+02 2.64957e+02 2.15673e+02 2.22110e+02 2.53866e+02 2.61158e+02 2.64923e+02
2.74133e+01 9.81379e+01 1.88161e+02 2.50183e+02 2.64687e+02 2.13157e+02 2.19842e+02 2.52294e+02 2.59996e+02 2.64147e+02
2.70911e+01 9.64968e+01 1.85797e+02 2.48812e+02 2.64433e+02 2.10824e+02 2.17727e+02 2.50800e+02 2.58880e+02 2.63399e+02
2.67985e+01 9.50088e+01 1.83634e+02 2.47528e+02 2.64194e+02 2.08656e+02 2.15752e+02 2.49383e+02 2.57814e+02 2.62684e+02
2.65321e+01 9.36572e+01 1.81653e+02 2.46328e+02 2.63971e+02 2.06640e+02 2.13908e+02 2.48041e+02 2.56799e+02 2.62003e+02
2.62887e+01 9.24276e+01 1.79839e+02 2.45207e+02 2.63763e+02 2.04761e+02 2.12183e+02 2.46774e+02 2.55835e+02 2.61356e+02
2.60658e+01 9.13072e+01 1.78175e+02 2.44162e+02 2.63568e+02 2.03008e+02 2.10569e+02 2.45577e+02 2.54922e+02 2.60742e+02
2.58611e+01 9.02848e+01 1.76649e+02 2.43188e+02 2.63386e+02 2.01371e+02 2.09058e+02 2.44450e+02 2.54059e+02 2.60162e+02
2.56728e+01 8.93503e+01 1.75247e+02 2.42281e+02 2.63217e+02 1.99839e+02 2.07641e+02 2.43387e+02 2.53244e+02 2.59615e+02
2.54992e+01 8.84951e+01 1.73959e+02 2.41436e+02 2.63059e+02 1.98405e+02 2.06311e+02 2.42387e+02 2.52476e+02 2.59100e+02
2.53388e+01 8.77115e+01 1.72775e+02 2.40649e+02 2.62913e+02 1.97060e+02 2.05063e+02 2.41446e+02 2.51752e+02 2.58614e+02
2.51903e+01 8.69924e+01 1.71685e+02 2.39917e+02 2.62776e+02 1.95799e+02 2.03891e+02 2.40562e+02 2.51071e+02 2.58158e+02
2.50527e+01 8.63318e+01 1.70681e+02 2.39235e+02 2.62649e+02 1.94615e+02 2.02789e+02 2.39730e+02 2.50431e+02 2.57729e+02
2.49250e+01 8.57242e+01 1.69755e+02 2.38600e+02 2.62530e+02 1.93502e+02 2.01753e+02 2.38947e+02 2.49828e+02 2.57326e+02
2.48063e+01 8.51648e+01 1.68902e+02 2.38008e+02 2.62420e+02 1.92455e+02 2.00778e+02 2.38212e+02 2.49262e+02 2.56947e+02
2.46958e+01 8.46491e+01 1.68113e+02 2.37458e+02 2.62317e+02 1.91470e+02 1.99860e+02 2.37521e+02 2.48730e+02 2.56592e+02
2.45929e+01 8.41733e+01 1.67385e+02 2.36945e+02 2.62221e+02 1.90542e+02 1.98996e+02 2.36871e+02 2.48230e+02 2.56259e+02
2.44969e+01 8.37338e+01 1.66712e+02 2.36466e+02 2.62132e+02 1.89668e+02 1.98181e+02 2.36260e+02 2.47761e+02 2.55946e+02
2.44073e+01 8.33274e+01 1.66089e+02 2.36020e+02 2.62049e+02 1.88844e+02 1.97413e+02 2.35685e+02 2.47319e+02 2.55653e+02
2.43236e+01 8.29514e+01 1.65512e+02 2.35605e+02 2.61971e+02 1.88066e+02 1.96688e+02 2.35145e+02 2.46905e+02 2.55378e+02
2.42453e+01 8.26032e+01 1.64977e+02 2.35217e+02 2.61899e+02 1.87333e+02 1.96004e+02 2.34636e+02 2.46515e+02 2.55119e+02
2.41720e+01 8.22803e+01 1.64481e+02 2.34854e+02 2.61831e+02 1.86640e+02 1.95359e+02 2.34158e+02 2.46149e+02 2.54877e+02
