2.70000e+02 2.70000e+02 2.70000e+02 2.70841e+02 2.68170e+02 2.71149e+02 2.71307e+02 2.71975e+02 2.72059e+02 2.71972e+02
2.70000e+02 2.70000e+02 2.70000e+02 2.70841e+02 2.68170e+02 2.71149e+02 2.71307e+02 2.71975e+02 2.72059e+02 2.71972e+02
5.00000e+01 1.50000e+02 2.50000e+02 2.70642e+02 2.68155e+02 2.70297e+02 2.70337e+02 2.71913e+02 2.71997e+02 2.71852e+02
4.01677e+01 1.50000e+02 2.46262e+02 2.70268e+02 2.68112e+02 2.66892e+02 2.66787e+02 2.71724e+02 2.71899e+02 2.71761e+02
3.72335e+01 1.50000e+02 2.41817e+02 2.69663e+02 2.68034e+02 2.61991e+02 2.62070e+02 2.71214e+02 2.71728e+02 2.71637e+02
3.51144e+01 1.41405e+02 2.37097e+02 2.68744e+02 2.67908e+02 2.56596e+02 2.57181e+02 2.70318e+02 2.71409e+02 2.71428e+02
3.36397e+01 1.34846e+02 2.31858e+02 2.67500e+02 2.67726e+02 2.51173e+02 2.52444e+02 2.69090e+02 2.70902e+02 2.71102e+02
3.25261e+01 1.28836e+02 2.26286e+02 2.65983e+02 2.67489e+02 2.45938e+02 2.47958e+02 2.67623e+02 2.70211e+02 2.70654e+02
3.16409e+01 1.23557e+02 2.20799e+02 2.64270e+02 2.67209e+02 2.40993e+02 2.43752e+02 2.65998e+02 2.69362e+02 2.70092e+02
3.09138e+01 1.18956e+02 2.15595e+02 2.62439e+02 2.66900e+02 2.36380e+02 2.39830e+02 2.64280e+02 2.68388e+02 2.69436e+02
3.03033e+01 1.14940e+02 2.10755e+02 2.60559e+02 2.66573e+02 2.32107e+02 2.36184e+02 2.62517e+02 2.67324e+02 2.68708e+02
2.97823e+01 1.11421e+02 2.06299e+02 2.58680e+02 2.66240e+02 2.28164e+02 2.32801e+02 2.60744e+02 2.66200e+02 2.67929e+02
2.93322e+01 1.08322e+02 2.02220e+02 2.56837e+02 2.65910e+02 2.24532e+02 2.29662e+02 2.58988e+02 2.65042e+02 2.67118e+02
2.88219e+01 1.05571e+02 1.98498e+02 2.55056e+02 2.65587e+02 2.21187e+02 2.26751e+02 2.57268e+02 2.63870e+02 2.66292e+02
2.83400e+01 1.03100e+02 1.95106e+02 2.53352e+02 2.65276e+02 2.18105e+02 2.24048e+02 2.55596e+02 2.62703e+02 2.65463e+02
2.79079e+01 1.00879e+02 1.92015e+02 2.51733e+02 2.64979e+02 2.15260e+02 2.21536e+02 2.53982e+02 2.61553e+02 2.64643e+02
2.75203e+01 9.88793e+01 1.89196e+02 2.50203e+02 2.64697e+02 2.12631e+02 2.19198e+02 2.52433e+02 2.60429e+02 2.63840e+02
2.71715e+01 9.70765e+01 1.86624e+02 2.48763e+02 2.64431e+02 2.10197e+02 2.17019e+02 2.50950e+02 2.59340e+02 2.63058e+02
2.68566e+01 9.54483e+01 1.84276e+02 2.47412e+02 2.64181e+02 2.07940e+02 2.14988e+02 2.49537e+02 2.58289e+02 2.62303e+02
2.65711e+01 9.39750e+01 1.82131e+02 2.46147e+02 2.63946e+02 2.05844e+02 2.13092e+02 2.48193e+02 2.57282e+02 2.61578e+02
2.63114e+01 9.26394e+01 1.80170e+02 2.44963e+02 2.63726e+02 2.03894e+02 2.11319e+02 2.46918e+02 2.56318e+02 2.60884e+02
2.60746e+01 9.14266e+01 1.78376e+02 2.43858e+02 2.63521e+02 2.02076e+02 2.09661e+02 2.45711e+02 2.55400e+02 2.60222e+02
2.58579e+01 9.03232e+01 1.76733e+02 2.42827e+02 2.63329e+02 2.00381e+02 2.08108e+02 2.44568e+02 2.54528e+02 2.59592e+02
2.56591e+01 8.93178e+01 1.75227e+02 2.41865e+02 2.63150e+02 1.98796e+02 2.06653e+02 2.43489e+02 2.53700e+02 2.58995e+02
2.54763e+01 8.84003e+01 1.73846e+02 2.40969e+02 2.62983e+02 1.97314e+02 2.05288e+02 2.42471e+02 2.52917e+02 2.58430e+02
2.53078e+01 8.75616e+01 1.72578e+02 2.40133e+02 2.62827e+02 1.95925e+02 2.04006e+02 2.41510e+02 2.52176e+02 2.57895e+02
2.51522e+01 8.67939e+01 1.71413e+02 2.39355e+02 2.62682e+02 1.94622e+02 2.02802e+02 2.40605e+02 2.51477e+02 2.57390e+02
2.50083e+01 8.60901e+01 1.70341e+02 2.38630e+02 2.62546e+02 1.93399e+02 2.01670e+02 2.39751e+02 2.50817e+02 2.56914e+02
2.48749e+01 8.54442e+01 1.69354e+02 2.37954e+02 2.62420e+02 1.92250e+02 2.00604e+02 2.38948e+02 2.50195e+02 2.56465e+02
2.47511e+01 8.48505e+01 1.68445e+02 2.37324e+02 2.62303e+02 1.91169e+02 1.99601e+02 2.38190e+02 2.49608e+02 2.56043e+02
2.46360e+01 8.43041e+01 1.67607e+02 2.36737e+02 2.62193e+02 1.90151e+02 1.98656e+02 2.37477e+02 2.49056e+02 2.55645e+02
2.45289e+01 8.38007e+01 1.66832e+02 2.36189e+02 2.62091e+02 1.89192e+02 1.97765e+02 2.36806e+02 2.48536e+02 2.55270e+02
2.44290e+01 8.33364e+01 1.66117e+02 2.35678e+02 2.61996e+02 1.88289e+02 1.96925e+02 2.36173e+02 2.48046e+02 2.54918e+02
2.43359e+01 8.29076e+01 1.65456e+02 2.35202e+02 2.61907e+02 1.87436e+02 1.96132e+02 2.35578e+02 2.47585e+02 2.54586e+02
2.42488e+01 8.25113e+01 1.64844e+02 2.34757e+02 2.61824e+02 1.86631e+02 1.95383e+02 2.35016e+02 2.47151e+02 2.54274e+02
2.41675e+01 8.21445e+01 1.64276e+02 2.34342e+02 2.61747e+02 1.85870e+02 1.94676e+02 2.34488e+02 2.46743e+02 2.53981e+02
2.40913e+01 8.18047e+01 1.63751e+02 2.33953e+02 2.61675e+02 1.85151e+02 1.94007e+02 2.33989e+02 2.46358e+02 2.53705e+02
2.40199e+01 8.14896e+01 1.63263e+02 2.33591e+02 2.61607e+02 1.84472e+02 1.93375e+02 2.33520e+02 2.45996e+02 2.53445e+02
