2.70000e+02 2.70000e+02 2.70000e+02 2.71455e+02 2.68340e+02 2.72660e+02 2.72705e+02 2.72865e+02 2.72690e+02 2.72338e+02
2.70000e+02 2.70000e+02 2.70000e+02 2.71455e+02 2.68340e+02 2.72660e+02 2.72705e+02 2.72865e+02 2.72690e+02 2.72338e+02
5.00000e+01 1.50000e+02 2.50000e+02 2.71196e+02 2.68319e+02 2.71929e+02 2.71653e+02 2.72763e+02 2.72603e+02 2.72206e+02
4.03974e+01 1.50000e+02 2.46395e+02 2.70775e+02 2.68263e+02 2.68922e+02 2.68037e+02 2.72518e+02 2.72467e+02 2.72091e+02
3.75231e+01 1.50000e+02 2.42016e+02 2.70133e+02 2.68170e+02 2.64365e+02 2.63257e+02 2.71935e+02 2.72253e+02 2.71945e+02
3.53840e+01 1.41629e+02 2.37330e+02 2.69181e+02 2.68027e+02 2.59184e+02 2.58302e+02 2.70957e+02 2.71888e+02 2.71715e+02
3.38877e+01 1.35156e+02 2.32127e+02 2.67906e+02 2.67823e+02 2.53861e+02 2.53500e+02 2.69647e+02 2.71335e+02 2.71374e+02
3.27556e+01 1.29190e+02 2.26580e+02 2.66358e+02 2.67560e+02 2.48646e+02 2.48949e+02 2.68103e+02 2.70599e+02 2.70915e+02
3.18545e+01 1.23932e+02 2.21104e+02 2.64613e+02 2.67250e+02 2.43667e+02 2.44683e+02 2.66408e+02 2.69708e+02 2.70352e+02
3.11140e+01 1.19337e+02 2.15898e+02 2.62752e+02 2.66906e+02 2.38985e+02 2.40704e+02 2.64630e+02 2.68700e+02 2.69702e+02
3.04920e+01 1.15319e+02 2.11046e+02 2.60841e+02 2.66545e+02 2.34625e+02 2.37007e+02 2.62816e+02 2.67607e+02 2.68990e+02
2.99610e+01 1.11791e+02 2.06571e+02 2.58933e+02 2.66177e+02 2.30586e+02 2.33577e+02 2.61002e+02 2.66463e+02 2.68235e+02
2.95023e+01 1.08678e+02 2.02467e+02 2.57065e+02 2.65812e+02 2.26856e+02 2.30399e+02 2.59213e+02 2.65291e+02 2.67457e+02
2.90376e+01 1.05918e+02 1.98717e+02 2.55261e+02 2.65455e+02 2.23418e+02 2.27453e+02 2.57469e+02 2.64114e+02 2.66670e+02
2.85514e+01 1.03440e+02 1.95296e+02 2.53536e+02 2.65112e+02 2.20248e+02 2.24723e+02 2.55782e+02 2.62949e+02 2.65888e+02
2.81131e+01 1.01206e+02 1.92175e+02 2.51901e+02 2.64785e+02 2.17324e+02 2.22189e+02 2.54161e+02 2.61807e+02 2.65119e+02
2.77195e+01 9.91923e+01 1.89328e+02 2.50358e+02 2.64475e+02 2.14624e+02 2.19834e+02 2.52611e+02 2.60698e+02 2.64370e+02
2.73653e+01 9.73742e+01 1.86730e+02 2.48909e+02 2.64183e+02 2.12126e+02 2.17644e+02 2.51136e+02 2.59630e+02 2.63648e+02
2.70455e+01 9.57305e+01 1.84357e+02 2.47552e+02 2.63909e+02 2.09813e+02 2.15605e+02 2.49735e+02 2.58605e+02 2.62954e+02
2.67557e+01 9.42422e+01 1.82189e+02 2.46284e+02 2.63652e+02 2.07668e+02 2.13705e+02 2.48410e+02 2.57628e+02 2.62293e+02
2.64923e+01 9.28923e+01 1.80207e+02 2.45102e+02 2.63412e+02 2.05676e+02 2.11932e+02 2.47158e+02 2.56699e+02 2.61663e+02
2.62522e+01 9.16662e+01 1.78394e+02 2.44001e+02 2.63189e+02 2.03823e+02 2.10278e+02 2.45977e+02 2.55818e+02 2.61067e+02
2.60327e+01 9.05506e+01 1.76735e+02 2.42976e+02 2.62981e+02 2.02097e+02 2.08732e+02 2.44866e+02 2.54986e+02 2.60504e+02
2.58315e+01 8.95343e+01 1.75215e+02 2.42024e+02 2.62787e+02 2.00487e+02 2.07286e+02 2.43820e+02 2.54201e+02 2.59972e+02
2.56468e+01 8.86070e+01 1.73823e+02 2.41138e+02 2.62607e+02 1.98984e+02 2.05933e+02 2.42837e+02 2.53461e+02 2.59472e+02
2.54767e+01 8.77598e+01 1.72546e+02 2.40316e+02 2.62440e+02 1.97580e+02 2.04665e+02 2.41914e+02 2.52765e+02 2.59002e+02
2.53199e+01 8.69849e+01 1.71374e+02 2.39553e+02 2.62284e+02 1.96265e+02 2.03477e+02 2.41048e+02 2.52112e+02 2.58561e+02
2.51751e+01 8.62751e+01 1.70297e+02 2.38843e+02 2.62140e+02 1.95034e+02 2.02363e+02 2.40235e+02 2.51498e+02 2.58147e+02
2.50411e+01 8.56243e+01 1.69308e+02 2.38185e+02 2.62006e+02 1.93880e+02 2.01316e+02 2.39472e+02 2.50922e+02 2.57759e+02
2.49170e+01 8.50269e+01 1.68398e+02 2.37573e+02 2.61881e+02 1.92796e+02 2.00334e+02 2.38756e+02 2.50382e+02 2.57396e+02
2.48018e+01 8.44779e+01 1.67560e+02 2.37005e+02 2.61765e+02 1.91779e+02 1.99410e+02 2.38085e+02 2.49876e+02 2.57056e+02
2.46949e+01 8.39729e+01 1.66788e+02 2.36477e+02 2.61658e+02 1.90823e+02 1.98541e+02 2.37455e+02 2.49401e+02 2.56737e+02
2.45954e+01 8.35079e+01 1.66077e+02 2.35987e+02 2.61558e+02 1.89923e+02 1.97724e+02 2.36864e+02 2.48956e+02 2.56439e+02
2.45027e+01 8.30792e+01 1.65421e+02 2.35531e+02 2.61465e+02 1.89076e+02 1.96955e+02 2.36309e+02 2.48539e+02 2.56159e+02
2.44164e+01 8.26838e+01 1.64815e+02 2.35107e+02 2.61379e+02 1.88279e+02 1.96230e+02 2.35789e+02 2.48148e+02 2.55898e+02
2.43359e+01 8.23186e+01 1.64255e+02 2.34712e+02 2.61299e+02 1.87528e+02 1.95546e+02 2.35300e+02 2.47782e+02 2.55653e+02
2.42607e+01 8.19811e+01 1.63737e+02 2.34345e+02 2.61224e+02 1.86819e+02 1.94902e+02 2.34841e+02 2.47438e+02 2.55424e+02
2.41904e+01 8.16688e+01 1.63258e+02 2.34003e+02 2.61154e+02 1.86150e+02 1.94294e+02 2.34409e+02 2.47116e+02 2.55209e+02
