2.70000e+02 2.70000e+02 2.70000e+02 2.68882e+02 2.67801e+02 2.68184e+02 2.68428e+02 2.69525e+02 2.69920e+02 2.70253e+02
2.70000e+02 2.70000e+02 2.70000e+02 2.68882e+02 2.67801e+02 2.68184e+02 2.68428e+02 2.69525e+02 2.69920e+02 2.70253e+02
5.00000e+01 1.50000e+02 2.50000e+02 2.68901e+02 2.67806e+02 2.67578e+02 2.67600e+02 2.69598e+02 2.70001e+02 2.70368e+02
3.98793e+01 1.50000e+02 2.45651e+02 2.68702e+02 2.67796e+02 2.64667e+02 2.64283e+02 2.69553e+02 2.70074e+02 2.70437e+02
3.68711e+01 1.50000e+02 2.41187e+02 2.68246e+02 2.67751e+02 2.60212e+02 2.59800e+02 2.69188e+02 2.70045e+02 2.70440e+02
3.47758e+01 1.41176e+02 2.36395e+02 2.67465e+02 2.67659e+02 2.55166e+02 2.55118e+02 2.68436e+02 2.69840e+02 2.70338e+02
3.33251e+01 1.34522e+02 2.31114e+02 2.66353e+02 2.67514e+02 2.50011e+02 2.50563e+02 2.67351e+02 2.69426e+02 2.70107e+02
3.22307e+01 1.28468e+02 2.25538e+02 2.64962e+02 2.67317e+02 2.44987e+02 2.46241e+02 2.66019e+02 2.68814e+02 2.69742e+02
3.13612e+01 1.23178e+02 2.20078e+02 2.63370e+02 2.67079e+02 2.40212e+02 2.42185e+02 2.64522e+02 2.68033e+02 2.69257e+02
3.06476e+01 1.18584e+02 2.14921e+02 2.61656e+02 2.66813e+02 2.35740e+02 2.38402e+02 2.62924e+02 2.67121e+02 2.68673e+02
3.00490e+01 1.14586e+02 2.10138e+02 2.59885e+02 2.66530e+02 2.31587e+02 2.34886e+02 2.61273e+02 2.66114e+02 2.68011e+02
2.95387e+01 1.11090e+02 2.05747e+02 2.58110e+02 2.66240e+02 2.27749e+02 2.31623e+02 2.59604e+02 2.65042e+02 2.67295e+02
2.90281e+01 1.08014e+02 2.01737e+02 2.56365e+02 2.65952e+02 2.24212e+02 2.28599e+02 2.57946e+02 2.63933e+02 2.66544e+02
2.84977e+01 1.05274e+02 1.98084e+02 2.54676e+02 2.65669e+02 2.20954e+02 2.25795e+02 2.56318e+02 2.62808e+02 2.65775e+02
2.80237e+01 1.02821e+02 1.94760e+02 2.53058e+02 2.65397e+02 2.17952e+02 2.23193e+02 2.54733e+02 2.61686e+02 2.65001e+02
2.76012e+01 1.00623e+02 1.91734e+02 2.51520e+02 2.65136e+02 2.15183e+02 2.20776e+02 2.53201e+02 2.60578e+02 2.64234e+02
2.72235e+01 9.86496e+01 1.88979e+02 2.50066e+02 2.64889e+02 2.12626e+02 2.18529e+02 2.51729e+02 2.59497e+02 2.63481e+02
2.68845e+01 9.68749e+01 1.86469e+02 2.48697e+02 2.64655e+02 2.10261e+02 2.16437e+02 2.50322e+02 2.58448e+02 2.62749e+02
2.65789e+01 9.52756e+01 1.84180e+02 2.47412e+02 2.64435e+02 2.08071e+02 2.14488e+02 2.48980e+02 2.57438e+02 2.62042e+02
2.63025e+01 9.38312e+01 1.82093e+02 2.46210e+02 2.64229e+02 2.06038e+02 2.12670e+02 2.47704e+02 2.56469e+02 2.61363e+02
2.60516e+01 9.25242e+01 1.80188e+02 2.45085e+02 2.64036e+02 2.04148e+02 2.10973e+02 2.46495e+02 2.55544e+02 2.60713e+02
2.58231e+01 9.13393e+01 1.78447e+02 2.44036e+02 2.63856e+02 2.02390e+02 2.09386e+02 2.45351e+02 2.54664e+02 2.60095e+02
2.56143e+01 9.02633e+01 1.76855e+02 2.43058e+02 2.63687e+02 2.00750e+02 2.07901e+02 2.44269e+02 2.53829e+02 2.59508e+02
2.54232e+01 8.92843e+01 1.75398e+02 2.42147e+02 2.63531e+02 1.99219e+02 2.06510e+02 2.43249e+02 2.53038e+02 2.58951e+02
2.52476e+01 8.83922e+01 1.74064e+02 2.41298e+02 2.63384e+02 1.97788e+02 2.05207e+02 2.42287e+02 2.52290e+02 2.58425e+02
2.50861e+01 8.75781e+01 1.72841e+02 2.40509e+02 2.63248e+02 1.96448e+02 2.03984e+02 2.41381e+02 2.51583e+02 2.57929e+02
2.49372e+01 8.68340e+01 1.71718e+02 2.39774e+02 2.63122e+02 1.95192e+02 2.02835e+02 2.40528e+02 2.50918e+02 2.57461e+02
2.47995e+01 8.61528e+01 1.70687e+02 2.39089e+02 2.63004e+02 1.94014e+02 2.01756e+02 2.39724e+02 2.50290e+02 2.57021e+02
2.46721e+01 8.55286e+01 1.69739e+02 2.38453e+02 2.62894e+02 1.92907e+02 2.00740e+02 2.38969e+02 2.49700e+02 2.56606e+02
2.45540e+01 8.49556e+01 1.68867e+02 2.37860e+02 2.62792e+02 1.91866e+02 1.99785e+02 2.38258e+02 2.49144e+02 2.56217e+02
2.44444e+01 8.44291e+01 1.68064e+02 2.37309e+02 2.62697e+02 1.90886e+02 1.98884e+02 2.37589e+02 2.48622e+02 2.55851e+02
2.43424e+01 8.39447e+01 1.67323e+02 2.36795e+02 2.62608e+02 1.89963e+02 1.98036e+02 2.36960e+02 2.48130e+02 2.55507e+02
2.42475e+01 8.34984e+01 1.66640e+02 2.36317e+02 2.62526e+02 1.89092e+02 1.97235e+02 2.36368e+02 2.47668e+02 2.55184e+02
2.41589e+01 8.30870e+01 1.66009e+02 2.35871e+02 2.62449e+02 1.88271e+02 1.96480e+02 2.35811e+02 2.47234e+02 2.54880e+02
2.40763e+01 8.27071e+01 1.65426e+02 2.35456e+02 2.62377e+02 1.87495e+02 1.95766e+02 2.35287e+02 2.46825e+02 2.54595e+02
2.39991e+01 8.23560e+01 1.64887e+02 2.35068e+02 2.62310e+02 1.86762e+02 1.95092e+02 2.34793e+02 2.46441e+02 2.54327e+02
2.39269e+01 8.20312e+01 1.64388e+02 2.34707e+02 2.62248e+02 1.86069e+02 1.94454e+02 2.34328e+02 2.46080e+02 2.54076e+02
2.38593e+01 8.17304e+01 1.63926e+02 2.34369e+02 2.62190e+02 1.85413e+02 1.93851e+02 2.33890e+02 2.45740e+02 2.53839e+02
