2.70000000e+02
5.00000000e+01
4.01327870e+01
3.72002430e+01
3.50913190e+01
3.36234150e+01
3.25142220e+01
3.16323090e+01
3.09083300e+01
3.03009770e+01
2.97833730e+01
2.93368790e+01
2.88331510e+01
2.83567500e+01
2.79301560e+01
2.75480900e+01
2.72047710e+01
2.68951040e+01
2.66147550e+01
2.63600650e+01
2.61279390e+01
2.59157510e+01
2.57212620e+01
2.55425510e+01
2.53779640e+01
2.52260690e+01
2.50856170e+01
2.49555190e+01
2.48348130e+01
2.47226550e+01
2.46182930e+01
2.45210600e+01
2.44303590e+01
2.43456560e+01
2.42664710e+01
2.41923700e+01
2.41229620e+01
2.70000000e+02
1.50000000e+02
1.50000000e+02
1.50000000e+02
1.41383608e+02
1.34823994e+02
1.28819080e+02
1.23549409e+02
1.18958958e+02
1.14954057e+02
1.11445259e+02
1.08356409e+02
1.05615202e+02
1.03155637e+02
1.00944634e+02
9.89553370e+01
9.71628390e+01
9.55448100e+01
9.40815780e+01
9.27559220e+01
9.15527820e+01
9.04589810e+01
8.94629590e+01
8.85545600e+01
8.77248330e+01
8.69658780e+01
8.62707000e+01
8.56330960e+01
8.50475520e+01
8.45091560e+01
8.40135260e+01
8.35567430e+01
8.31352970e+01
8.27460400e+01
8.23861390e+01
8.20530480e+01
8.17444690e+01
2.70000000e+02
2.50000000e+02
2.46153241e+02
2.41660119e+02
2.36926662e+02
2.31689974e+02
2.26131510e+02
2.20663889e+02
2.15482660e+02
2.10665048e+02
2.06231107e+02
2.02173322e+02
1.98471222e+02
1.95097979e+02
1.92024392e+02
1.89222611e+02
1.86667279e+02
1.84335415e+02
1.82206162e+02
1.80260602e+02
1.78481587e+02
1.76853599e+02
1.75362613e+02
1.73995957e+02
1.72742197e+02
1.71591012e+02
1.70533090e+02
1.69560027e+02
1.68664234e+02
1.67838859e+02
1.67077709e+02
1.66375186e+02
1.65726221e+02
1.65126228e+02
1.64571049e+02
1.64056915e+02
1.63580403e+02
2.70317560e+02
2.70186419e+02
2.69852188e+02
2.69277616e+02
2.68385159e+02
2.67165105e+02
2.65669541e+02
2.63976330e+02
2.62164807e+02
2.60302198e+02
2.58439703e+02
2.56613688e+02
2.54848560e+02
2.53159702e+02
2.51555882e+02
2.50041152e+02
2.48616323e+02
2.47280063e+02
2.46029674e+02
2.44861609e+02
2.43771830e+02
2.42756045e+02
2.41809872e+02
2.40928956e+02
2.40109040e+02
2.39346022e+02
2.38635979e+02
2.37975195e+02
2.37360164e+02
2.36787594e+02
2.36254408e+02
2.35757733e+02
2.35294899e+02
2.34863422e+02
2.34461001e+02
2.34085504e+02
2.33734956e+02
2.68039674e+02
2.68032428e+02
2.68000199e+02
2.67934458e+02
2.67823516e+02
2.67659480e+02
2.67444912e+02
2.67189783e+02
2.66906781e+02
2.66608049e+02
2.66303607e+02
2.66000987e+02
2.65705497e+02
2.65420664e+02
2.65148673e+02
2.64890731e+02
2.64647346e+02
2.64418555e+02
2.64204082e+02
2.64003452e+02
2.63816067e+02
2.63641260e+02
2.63478327e+02
2.63326559e+02
2.63185249e+02
2.63053713e+02
2.62931289e+02
2.62817349e+02
2.62711296e+02
2.62612568e+02
2.62520639e+02
2.62435015e+02
2.62355237e+02
2.62280878e+02
2.62211540e+02
2.62146857e+02
2.62086487e+02
2.70121643e+02
2.69521354e+02
2.66657338e+02
2.62239659e+02
2.57204489e+02
2.52037043e+02
2.46982869e+02
2.42167984e+02
2.37651578e+02
2.33454104e+02
2.29573851e+02
2.25996966e+02
2.22703405e+02
2.19669890e+02
2.16872626e+02
2.14289364e+02
2.11899804e+02
2.09685607e+02
2.07630320e+02
2.05719258e+02
2.03939341e+02
2.02278942e+02
2.00727715e+02
1.99276449e+02
1.97916927e+02
1.96641803e+02
1.95444490e+02
1.94319066e+02
1.93260192e+02
1.92263038e+02
1.91323220e+02
1.90436752e+02
1.89599993e+02
1.88809617e+02
1.88062568e+02
1.87356039e+02
1.86687445e+02
2.70338524e+02
2.69432415e+02
2.65940685e+02
2.61292171e+02
2.56490503e+02
2.51854139e+02
2.47474626e+02
2.43377117e+02
2.39562949e+02
2.36022655e+02
2.32741344e+02
2.29701583e+02
2.26884957e+02
2.24272324e+02
2.21845523e+02
2.19588463e+02
2.17486747e+02
2.15527373e+02
2.13698585e+02
2.11989765e+02
2.10391322e+02
2.08894592e+02
2.07491740e+02
2.06175668e+02
2.04939936e+02
2.03778687e+02
2.02686587e+02
2.01658765e+02
2.00690764e+02
1.99778498e+02
1.98918215e+02
1.98106462e+02
1.97340057e+02
1.96616061e+02
1.95931759e+02
1.95284636e+02
1.94672360e+02
2.71282809e+02
2.71251775e+02
2.71094143e+02
2.70610644e+02
2.69735564e+02
2.68528842e+02
2.67083346e+02
2.65481815e+02
2.63788419e+02
2.62050987e+02
2.60304798e+02
2.58575735e+02
2.56882599e+02
2.55238760e+02
2.53653349e+02
2.52132227e+02
2.50678824e+02
2.49294757e+02
2.47980281e+02
2.46734638e+02
2.45556318e+02
2.44443273e+02
2.43393080e+02
2.42403073e+02
2.41470443e+02
2.40592311e+02
2.39765791e+02
2.38988034e+02
2.38256254e+02
2.37567758e+02
2.36919957e+02
2.36310377e+02
2.35736665e+02
2.35196593e+02
2.34688055e+02
2.34209068e+02
2.33757765e+02
2.71511153e+02
2.71473899e+02
2.71411016e+02
2.71270466e+02
2.70975070e+02
2.70486915e+02
2.69810447e+02
2.68973079e+02
2.68009749e+02
2.66955014e+02
2.65839812e+02
2.64690428e+02
2.63528432e+02
2.62371029e+02
2.61231564e+02
2.60120066e+02
2.59043811e+02
2.58007849e+02
2.57015455e+02
2.56068513e+02
2.55167823e+02
2.54313359e+02
2.53504465e+02
2.52740031e+02
2.52018612e+02
2.51338539e+02
2.50697997e+02
2.50095087e+02
2.49527877e+02
2.48994436e+02
2.48492863e+02
2.48021305e+02
2.47577975e+02
2.47161157e+02
2.46769214e+02
2.46400593e+02
2.46053824e+02
2.71564444e+02
2.71473881e+02
2.71412723e+02
2.71314171e+02
2.71126188e+02
2.70817939e+02
2.70383242e+02
2.69833132e+02
2.69187402e+02
2.68468649e+02
2.67698821e+02
2.66897516e+02
2.66081320e+02
2.65263742e+02
2.64455411e+02
2.63664430e+02
2.62896766e+02
2.62156632e+02
2.61446835e+02
2.60769070e+02
2.60124171e+02
2.59512304e+02
2.58933137e+02
2.58385966e+02
2.57869817e+02
2.57383530e+02
2.56925823e+02
2.56495342e+02
2.56090695e+02
2.55710487e+02
2.55353340e+02
2.55017906e+02
2.54702882e+02
2.54407017e+02
2.54129116e+02
2.53868045e+02
2.53622728e+02
