2.70000e+02 2.70000e+02 2.70000e+02 2.69954e+02 2.68001e+02 2.71526e+02 2.71533e+02 2.71500e+02 2.71452e+02 2.71385e+02
2.70000e+02 2.70000e+02 2.70000e+02 2.69954e+02 2.68001e+02 2.71526e+02 2.71533e+02 2.71500e+02 2.71452e+02 2.71385e+02
5.00000e+01 1.50000e+02 2.50000e+02 2.69915e+02 2.68001e+02 2.70724e+02 2.70592e+02 2.71513e+02 2.71466e+02 2.71386e+02
4.00948e+01 1.50000e+02 2.46090e+02 2.69665e+02 2.67982e+02 2.67520e+02 2.67183e+02 2.71401e+02 2.71465e+02 2.71383e+02
3.71752e+01 1.50000e+02 2.41570e+02 2.69163e+02 2.67927e+02 2.62846e+02 2.62608e+02 2.70963e+02 2.71378e+02 2.71333e+02
3.50738e+01 1.41379e+02 2.36830e+02 2.68339e+02 2.67824e+02 2.57641e+02 2.57821e+02 2.70125e+02 2.71125e+02 2.71191e+02
3.36083e+01 1.34817e+02 2.31597e+02 2.67184e+02 2.67664e+02 2.52356e+02 2.53153e+02 2.68935e+02 2.70666e+02 2.70928e+02
3.24993e+01 1.28817e+02 2.26056e+02 2.65750e+02 2.67450e+02 2.47214e+02 2.48713e+02 2.67481e+02 2.70002e+02 2.70539e+02
3.16167e+01 1.23557e+02 2.20617e+02 2.64114e+02 2.67191e+02 2.42327e+02 2.44536e+02 2.65844e+02 2.69158e+02 2.70037e+02
3.08914e+01 1.18980e+02 2.15470e+02 2.62354e+02 2.66902e+02 2.37746e+02 2.40629e+02 2.64090e+02 2.68173e+02 2.69442e+02
3.02823e+01 1.14991e+02 2.10691e+02 2.60537e+02 2.66595e+02 2.33484e+02 2.36985e+02 2.62270e+02 2.67081e+02 2.68776e+02
2.97626e+01 1.11498e+02 2.06297e+02 2.58712e+02 2.66280e+02 2.29537e+02 2.33593e+02 2.60423e+02 2.65917e+02 2.68060e+02
2.93084e+01 1.08425e+02 2.02278e+02 2.56916e+02 2.65965e+02 2.25890e+02 2.30435e+02 2.58578e+02 2.64709e+02 2.67314e+02
2.87826e+01 1.05695e+02 1.98613e+02 2.55174e+02 2.65656e+02 2.22520e+02 2.27495e+02 2.56756e+02 2.63481e+02 2.66553e+02
2.83008e+01 1.03247e+02 1.95273e+02 2.53502e+02 2.65358e+02 2.19404e+02 2.24754e+02 2.54975e+02 2.62251e+02 2.65790e+02
2.78693e+01 1.01046e+02 1.92229e+02 2.51909e+02 2.65071e+02 2.16519e+02 2.22196e+02 2.53244e+02 2.61034e+02 2.65036e+02
2.74822e+01 9.90665e+01 1.89453e+02 2.50399e+02 2.64799e+02 2.13842e+02 2.19805e+02 2.51572e+02 2.59841e+02 2.64298e+02
2.71335e+01 9.72824e+01 1.86920e+02 2.48974e+02 2.64541e+02 2.11355e+02 2.17567e+02 2.49963e+02 2.58680e+02 2.63580e+02
2.68182e+01 9.56711e+01 1.84605e+02 2.47634e+02 2.64298e+02 2.09040e+02 2.15470e+02 2.48420e+02 2.57556e+02 2.62888e+02
2.65319e+01 9.42128e+01 1.82490e+02 2.46375e+02 2.64069e+02 2.06880e+02 2.13503e+02 2.46944e+02 2.56473e+02 2.62223e+02
2.62710e+01 9.28904e+01 1.80554e+02 2.45195e+02 2.63854e+02 2.04862e+02 2.11656e+02 2.45536e+02 2.55434e+02 2.61586e+02
2.60324e+01 9.16886e+01 1.78782e+02 2.44091e+02 2.63652e+02 2.02973e+02 2.09919e+02 2.44194e+02 2.54440e+02 2.60978e+02
2.58135e+01 9.05944e+01 1.77157e+02 2.43057e+02 2.63464e+02 2.01203e+02 2.08285e+02 2.42917e+02 2.53490e+02 2.60400e+02
2.56122e+01 8.95963e+01 1.75665e+02 2.42090e+02 2.63287e+02 1.99542e+02 2.06746e+02 2.41704e+02 2.52586e+02 2.59851e+02
2.54264e+01 8.86843e+01 1.74295e+02 2.41186e+02 2.63122e+02 1.97980e+02 2.05295e+02 2.40551e+02 2.51724e+02 2.59330e+02
2.52547e+01 8.78494e+01 1.73035e+02 2.40341e+02 2.62968e+02 1.96510e+02 2.03926e+02 2.39457e+02 2.50906e+02 2.58836e+02
2.50956e+01 8.70839e+01 1.71876e+02 2.39550e+02 2.62823e+02 1.95125e+02 2.02633e+02 2.38419e+02 2.50128e+02 2.58369e+02
2.49479e+01 8.63809e+01 1.70807e+02 2.38811e+02 2.62688e+02 1.93820e+02 2.01412e+02 2.37434e+02 2.49390e+02 2.57926e+02
2.48105e+01 8.57343e+01 1.69820e+02 2.38120e+02 2.62562e+02 1.92587e+02 2.00258e+02 2.36500e+02 2.48690e+02 2.57508e+02
2.46824e+01 8.51387e+01 1.68909e+02 2.37473e+02 2.62444e+02 1.91422e+02 1.99165e+02 2.35614e+02 2.48025e+02 2.57113e+02
2.45629e+01 8.45892e+01 1.68067e+02 2.36868e+02 2.62333e+02 1.90321e+02 1.98132e+02 2.34774e+02 2.47396e+02 2.56739e+02
2.44513e+01 8.40817e+01 1.67287e+02 2.36301e+02 2.62230e+02 1.89280e+02 1.97152e+02 2.33977e+02 2.46799e+02 2.56386e+02
2.43467e+01 8.36122e+01 1.66564e+02 2.35769e+02 2.62133e+02 1.88293e+02 1.96225e+02 2.33222e+02 2.46233e+02 2.56052e+02
2.42488e+01 8.31774e+01 1.65893e+02 2.35271e+02 2.62042e+02 1.87359e+02 1.95345e+02 2.32505e+02 2.45696e+02 2.55737e+02
2.41570e+01 8.27742e+01 1.65271e+02 2.34803e+02 2.61957e+02 1.86473e+02 1.94511e+02 2.31825e+02 2.45187e+02 2.55438e+02
2.40707e+01 8.23998e+01 1.64692e+02 2.34364e+02 2.61876e+02 1.85634e+02 1.93720e+02 2.31180e+02 2.44704e+02 2.55156e+02
2.39897e+01 8.20518e+01 1.64153e+02 2.33952e+02 2.61801e+02 1.84837e+02 1.92969e+02 2.30567e+02 2.44246e+02 2.54889e+02
2.39134e+01 8.17279e+01 1.63651e+02 2.33564e+02 2.61731e+02 1.84081e+02 1.92256e+02 2.29986e+02 2.43812e+02 2.54636e+02
