2.70000000e+02
5.00000000e+01
4.01207170e+01
3.71981000e+01
3.50915920e+01
3.36237910e+01
3.25144570e+01
3.16322090e+01
3.09075080e+01
3.02989660e+01
2.97797380e+01
2.93312650e+01
2.88095560e+01
2.83290720e+01
2.78988650e+01
2.75132740e+01
2.71664910e+01
2.68534480e+01
2.65698380e+01
2.63120250e+01
2.60769290e+01
2.58619350e+01
2.56648090e+01
2.54836330e+01
2.53167520e+01
2.51627280e+01
2.50203090e+01
2.48884000e+01
2.47660320e+01
2.46523550e+01
2.45466080e+01
2.44481190e+01
2.43562840e+01
2.42705610e+01
2.41904630e+01
2.41155510e+01
2.40454270e+01
2.70000000e+02
1.50000000e+02
1.50000000e+02
1.50000000e+02
1.41420021e+02
1.34872049e+02
1.28874504e+02
1.23611266e+02
1.19027289e+02
1.15029008e+02
1.11526802e+02
1.08444286e+02
1.05706622e+02
1.03249625e+02
1.01041295e+02
9.90544040e+01
9.72638280e+01
9.56471560e+01
9.41847080e+01
9.28592940e+01
9.16559030e+01
9.05614130e+01
8.95643240e+01
8.86545390e+01
8.78231620e+01
8.70623420e+01
8.63651320e+01
8.57253690e+01
8.51375760e+01
8.45968750e+01
8.40989100e+01
8.36397880e+01
8.32160200e+01
8.28244740e+01
8.24623370e+01
8.21270710e+01
8.18163910e+01
2.70000000e+02
2.50000000e+02
2.46130817e+02
2.41626531e+02
2.36891483e+02
2.31662104e+02
2.26117987e+02
2.20669212e+02
2.15509564e+02
2.10714846e+02
2.06303972e+02
2.02268573e+02
1.98587552e+02
1.95233535e+02
1.92177092e+02
1.89390401e+02
1.86848199e+02
1.84527617e+02
1.82407927e+02
1.80470344e+02
1.78697863e+02
1.77075110e+02
1.75588195e+02
1.74224584e+02
1.72972966e+02
1.71823138e+02
1.70765896e+02
1.69792933e+02
1.68896751e+02
1.68070578e+02
1.67308295e+02
1.66604366e+02
1.65953783e+02
1.65352008e+02
1.64794931e+02
1.64278819e+02
1.63800286e+02
2.70199755e+02
2.70058897e+02
2.69742957e+02
2.69199539e+02
2.68349194e+02
2.67178494e+02
2.65735127e+02
2.64093453e+02
2.62330573e+02
2.60512554e+02
2.58690163e+02
2.56899777e+02
2.55166044e+02
2.53504686e+02
2.51924839e+02
2.50430918e+02
2.49024078e+02
2.47703308e+02
2.46466197e+02
2.45309460e+02
2.44229286e+02
2.43221592e+02
2.42282181e+02
2.41406862e+02
2.40591531e+02
2.39832216e+02
2.39125118e+02
2.38466627e+02
2.37853335e+02
2.37282036e+02
2.36749730e+02
2.36253614e+02
2.35791075e+02
2.35359686e+02
2.34957189e+02
2.34581495e+02
2.34230663e+02
2.68054610e+02
2.68045343e+02
2.68011498e+02
2.67944192e+02
2.67830091e+02
2.67660174e+02
2.67436522e+02
2.67169212e+02
2.66871440e+02
2.66556025e+02
2.66233659e+02
2.65912457e+02
2.65598188e+02
2.65294728e+02
2.65004512e+02
2.64728913e+02
2.64468550e+02
2.64223525e+02
2.63993594e+02
2.63778292e+02
2.63577016e+02
2.63389083e+02
2.63213767e+02
2.63050328e+02
2.62898032e+02
2.62756161e+02
2.62624021e+02
2.62500952e+02
2.62386324e+02
2.62279546e+02
2.62180061e+02
2.62087349e+02
2.62000921e+02
2.61920327e+02
2.61845144e+02
2.61774981e+02
2.61709476e+02
2.70852739e+02
2.70165397e+02
2.67218655e+02
2.62733586e+02
2.57625012e+02
2.52371357e+02
2.47219438e+02
2.42298750e+02
2.37672160e+02
2.33363351e+02
2.29373210e+02
2.25689841e+02
2.22294543e+02
2.19164846e+02
2.16277524e+02
2.13610618e+02
2.11143871e+02
2.08858817e+02
2.06738771e+02
2.04768743e+02
2.02935316e+02
2.01226505e+02
1.99631607e+02
1.98141059e+02
1.96746310e+02
1.95439694e+02
1.94214326e+02
1.93064009e+02
1.91983145e+02
1.90966668e+02
1.90009978e+02
1.89108887e+02
1.88259574e+02
1.87458541e+02
1.86702580e+02
1.85988743e+02
1.85314312e+02
2.70922660e+02
2.69900894e+02
2.66277681e+02
2.61499227e+02
2.56563976e+02
2.51794170e+02
2.47286224e+02
2.43067950e+02
2.39141605e+02
2.35497773e+02
2.32121261e+02
2.28994209e+02
2.26097672e+02
2.23411913e+02
2.20918360e+02
2.18600518e+02
2.16443557e+02
2.14434050e+02
2.12559838e+02
2.10809924e+02
2.09174367e+02
2.07644175e+02
2.06211213e+02
2.04868110e+02
2.03608175e+02
2.02425322e+02
2.01314009e+02
2.00269175e+02
1.99286189e+02
1.98360809e+02
1.97489138e+02
1.96667591e+02
1.95892864e+02
1.95161908e+02
1.94471905e+02
1.93820244e+02
1.93204507e+02
2.71236366e+02
2.71232126e+02
2.71084329e+02
2.70589687e+02
2.69692888e+02
2.68462372e+02
2.66994394e+02
2.65372428e+02
2.63660491e+02
2.61906051e+02
2.60144024e+02
2.58399984e+02
2.56692486e+02
2.55034712e+02
2.53435645e+02
2.51901058e+02
2.50434342e+02
2.49037106e+02
2.47709622e+02
2.46451160e+02
2.45260246e+02
2.44134873e+02
2.43072661e+02
2.42070986e+02
2.41127076e+02
2.40238088e+02
2.39401169e+02
2.38613493e+02
2.37872297e+02
2.37174903e+02
2.36518732e+02
2.35901319e+02
2.35320312e+02
2.34773483e+02
2.34258720e+02
2.33774032e+02
2.33317544e+02
2.71284062e+02
2.71291797e+02
2.71273300e+02
2.71153692e+02
2.70857685e+02
2.70355017e+02
2.69656999e+02
2.68795363e+02
2.67807318e+02
2.66728469e+02
2.65590134e+02
2.64418646e+02
2.63235466e+02
2.62057640e+02
2.60898346e+02
2.59767468e+02
2.58672177e+02
2.57617455e+02
2.56606549e+02
2.55641339e+02
2.54722641e+02
2.53850457e+02
2.53024172e+02
2.52242711e+02
2.51504675e+02
2.50808431e+02
2.50152202e+02
2.49534121e+02
2.48952281e+02
2.48404774e+02
2.47889716e+02
2.47405265e+02
2.46949640e+02
2.46521127e+02
2.46118089e+02
2.45738968e+02
2.45382284e+02
2.71242735e+02
2.71265653e+02
2.71258385e+02
2.71197265e+02
2.71039723e+02
2.70758470e+02
2.70348689e+02
2.69821966e+02
2.69198309e+02
2.68500364e+02
2.67750044e+02
2.66966876e+02
2.66167367e+02
2.65364965e+02
2.64570267e+02
2.63791379e+02
2.63034299e+02
2.62303299e+02
2.61601268e+02
2.60930000e+02
2.60290433e+02
2.59682850e+02
2.59107030e+02
2.58562379e+02
2.58048032e+02
2.57562930e+02
2.57105883e+02
2.56675621e+02
2.56270832e+02
2.55890191e+02
2.55532380e+02
2.55196107e+02
2.54880116e+02
2.54583199e+02
2.54304195e+02
2.54042001e+02
2.53795567e+02
