2.70000e+02 2.70000e+02 2.70000e+02 2.70619e+02 2.68136e+02 2.73510e+02 2.73348e+02 2.72546e+02 2.72214e+02 2.71825e+02
2.70000e+02 2.70000e+02 2.70000e+02 2.70619e+02 2.68136e+02 2.73510e+02 2.73348e+02 2.72546e+02 2.72214e+02 2.71825e+02
5.00000e+01 1.50000e+02 2.50000e+02 2.70508e+02 2.68129e+02 2.72654e+02 2.72222e+02 2.72506e+02 2.72187e+02 2.71805e+02
4.01907e+01 1.50000e+02 2.46238e+02 2.70210e+02 2.68098e+02 2.69407e+02 2.68557e+02 2.72330e+02 2.72133e+02 2.71777e+02
3.72618e+01 1.50000e+02 2.41790e+02 2.69672e+02 2.68032e+02 2.64599e+02 2.63735e+02 2.71821e+02 2.71978e+02 2.71701e+02
3.51522e+01 1.41456e+02 2.37080e+02 2.68815e+02 2.67916e+02 2.59210e+02 2.58743e+02 2.70915e+02 2.71644e+02 2.71535e+02
3.36858e+01 1.34919e+02 2.31862e+02 2.67628e+02 2.67742e+02 2.53739e+02 2.53915e+02 2.69671e+02 2.71098e+02 2.71249e+02
3.25773e+01 1.28927e+02 2.26318e+02 2.66162e+02 2.67512e+02 2.48430e+02 2.49349e+02 2.68183e+02 2.70355e+02 2.70838e+02
3.16943e+01 1.23666e+02 2.20862e+02 2.64496e+02 2.67237e+02 2.43398e+02 2.45074e+02 2.66536e+02 2.69448e+02 2.70315e+02
3.09676e+01 1.19082e+02 2.15692e+02 2.62707e+02 2.66931e+02 2.38696e+02 2.41092e+02 2.64794e+02 2.68416e+02 2.69699e+02
3.03562e+01 1.15082e+02 2.10884e+02 2.60864e+02 2.66608e+02 2.34334e+02 2.37393e+02 2.63008e+02 2.67296e+02 2.69012e+02
2.98336e+01 1.11576e+02 2.06460e+02 2.59019e+02 2.66277e+02 2.30307e+02 2.33963e+02 2.61213e+02 2.66120e+02 2.68276e+02
2.93815e+01 1.08489e+02 2.02411e+02 2.57207e+02 2.65949e+02 2.26596e+02 2.30784e+02 2.59435e+02 2.64913e+02 2.67509e+02
2.88753e+01 1.05749e+02 1.98716e+02 2.55454e+02 2.65628e+02 2.23180e+02 2.27837e+02 2.57695e+02 2.63698e+02 2.66728e+02
2.83909e+01 1.03289e+02 1.95350e+02 2.53775e+02 2.65318e+02 2.20034e+02 2.25104e+02 2.56004e+02 2.62491e+02 2.65945e+02
2.79562e+01 1.01077e+02 1.92281e+02 2.52179e+02 2.65021e+02 2.17132e+02 2.22565e+02 2.54374e+02 2.61305e+02 2.65171e+02
2.75661e+01 9.90850e+01 1.89484e+02 2.50670e+02 2.64740e+02 2.14452e+02 2.20204e+02 2.52810e+02 2.60150e+02 2.64413e+02
2.72151e+01 9.72891e+01 1.86932e+02 2.49250e+02 2.64475e+02 2.11973e+02 2.18007e+02 2.51315e+02 2.59033e+02 2.63677e+02
2.68980e+01 9.56670e+01 1.84602e+02 2.47917e+02 2.64225e+02 2.09676e+02 2.15959e+02 2.49890e+02 2.57958e+02 2.62966e+02
2.66106e+01 9.41992e+01 1.82473e+02 2.46669e+02 2.63991e+02 2.07545e+02 2.14049e+02 2.48538e+02 2.56929e+02 2.62285e+02
2.63493e+01 9.28686e+01 1.80527e+02 2.45503e+02 2.63772e+02 2.05564e+02 2.12266e+02 2.47255e+02 2.55947e+02 2.61633e+02
2.61110e+01 9.16602e+01 1.78747e+02 2.44413e+02 2.63567e+02 2.03720e+02 2.10599e+02 2.46041e+02 2.55012e+02 2.61013e+02
2.58930e+01 9.05609e+01 1.77117e+02 2.43397e+02 2.63375e+02 2.02001e+02 2.09039e+02 2.44895e+02 2.54126e+02 2.60424e+02
2.56932e+01 8.95593e+01 1.75624e+02 2.42450e+02 2.63197e+02 2.00396e+02 2.07578e+02 2.43812e+02 2.53286e+02 2.59865e+02
2.55095e+01 8.86452e+01 1.74254e+02 2.41568e+02 2.63031e+02 1.98896e+02 2.06210e+02 2.42792e+02 2.52493e+02 2.59338e+02
2.53404e+01 8.78098e+01 1.72996e+02 2.40746e+02 2.62876e+02 1.97492e+02 2.04926e+02 2.41830e+02 2.51743e+02 2.58839e+02
2.51842e+01 8.70452e+01 1.71841e+02 2.39981e+02 2.62731e+02 1.96177e+02 2.03720e+02 2.40924e+02 2.51036e+02 2.58369e+02
2.50399e+01 8.63444e+01 1.70778e+02 2.39268e+02 2.62597e+02 1.94943e+02 2.02588e+02 2.40072e+02 2.50369e+02 2.57926e+02
2.49062e+01 8.57013e+01 1.69800e+02 2.38604e+02 2.62472e+02 1.93785e+02 2.01524e+02 2.39269e+02 2.49742e+02 2.57509e+02
2.47822e+01 8.51103e+01 1.68899e+02 2.37986e+02 2.62355e+02 1.92697e+02 2.00522e+02 2.38514e+02 2.49151e+02 2.57117e+02
2.46670e+01 8.45666e+01 1.68069e+02 2.37411e+02 2.62246e+02 1.91673e+02 1.99580e+02 2.37803e+02 2.48595e+02 2.56748e+02
2.45599e+01 8.40659e+01 1.67302e+02 2.36874e+02 2.62145e+02 1.90710e+02 1.98693e+02 2.37135e+02 2.48071e+02 2.56401e+02
2.44601e+01 8.36042e+01 1.66595e+02 2.36374e+02 2.62051e+02 1.89803e+02 1.97856e+02 2.36505e+02 2.47579e+02 2.56075e+02
2.43671e+01 8.31779e+01 1.65940e+02 2.35908e+02 2.61963e+02 1.88947e+02 1.97068e+02 2.35913e+02 2.47116e+02 2.55769e+02
2.42803e+01 8.27841e+01 1.65335e+02 2.35473e+02 2.61881e+02 1.88141e+02 1.96324e+02 2.35356e+02 2.46680e+02 2.55481e+02
2.41992e+01 8.24198e+01 1.64775e+02 2.35067e+02 2.61804e+02 1.87380e+02 1.95622e+02 2.34831e+02 2.46271e+02 2.55211e+02
2.41234e+01 8.20825e+01 1.64256e+02 2.34688e+02 2.61733e+02 1.86661e+02 1.94959e+02 2.34337e+02 2.45885e+02 2.54956e+02
2.40524e+01 8.17699e+01 1.63775e+02 2.34335e+02 2.61666e+02 1.85982e+02 1.94332e+02 2.33871e+02 2.45522e+02 2.54717e+02
