2.70000000e+02
5.00000000e+01
4.01024880e+01
3.71528380e+01
3.50464580e+01
3.35848230e+01
3.24819590e+01
3.16051720e+01
3.08847220e+01
3.02793030e+01
2.97622030e+01
2.93149940e+01
2.87931210e+01
2.83123640e+01
2.78810520e+01
2.74936300e+01
2.71443740e+01
2.68282780e+01
2.65410930e+01
2.62792320e+01
2.60396650e+01
2.58198170e+01
2.56174990e+01
2.54308290e+01
2.52581920e+01
2.50981860e+01
2.49495930e+01
2.48113480e+01
2.46825160e+01
2.45622720e+01
2.44498870e+01
2.43447100e+01
2.42461620e+01
2.41537220e+01
2.40669240e+01
2.39853470e+01
2.39086080e+01
2.70000000e+02
1.50000000e+02
1.50000000e+02
1.50000000e+02
1.41373962e+02
1.34821911e+02
1.28827947e+02
1.23568952e+02
1.18987698e+02
1.14989693e+02
1.11485062e+02
1.08397513e+02
1.05652342e+02
1.03185772e+02
1.00966080e+02
9.89662590e+01
9.71614100e+01
9.55293230e+01
9.40504860e+01
9.27078460e+01
9.14865040e+01
9.03734300e+01
8.93572010e+01
8.84277840e+01
8.75763390e+01
8.67950660e+01
8.60770620e+01
8.54162100e+01
8.48070730e+01
8.42448120e+01
8.37251130e+01
8.32441220e+01
8.27983880e+01
8.23848200e+01
8.20006400e+01
8.16433510e+01
8.13107040e+01
2.70000000e+02
2.50000000e+02
2.46296322e+02
2.41844414e+02
2.37106319e+02
2.31852197e+02
2.26273549e+02
2.20787295e+02
2.15589715e+02
2.10757028e+02
2.06308002e+02
2.02234074e+02
1.98514029e+02
1.95120457e+02
1.92023950e+02
1.89196736e+02
1.86613612e+02
1.84251763e+02
1.82090511e+02
1.80111109e+02
1.78296583e+02
1.76631581e+02
1.75102235e+02
1.73696029e+02
1.72401672e+02
1.71208982e+02
1.70108779e+02
1.69092785e+02
1.68153535e+02
1.67284293e+02
1.66478980e+02
1.65732102e+02
1.65038697e+02
1.64394275e+02
1.63794774e+02
1.63236512e+02
1.62716152e+02
2.71168534e+02
2.70798624e+02
2.70315272e+02
2.69633093e+02
2.68660941e+02
2.67380728e+02
2.65837456e+02
2.64103494e+02
2.62254398e+02
2.60355030e+02
2.58455207e+02
2.56590533e+02
2.54785029e+02
2.53053898e+02
2.51405856e+02
2.49844972e+02
2.48372125e+02
2.46986087e+02
2.45684281e+02
2.44463297e+02
2.43319240e+02
2.42247969e+02
2.41245260e+02
2.40306918e+02
2.39428847e+02
2.38607104e+02
2.37837930e+02
2.37117763e+02
2.36443248e+02
2.35811241e+02
2.35218803e+02
2.34663194e+02
2.34141867e+02
2.33652453e+02
2.33192757e+02
2.32760744e+02
2.32354528e+02
2.68263391e+02
2.68234112e+02
2.68166489e+02
2.68068025e+02
2.67925123e+02
2.67726730e+02
2.67473647e+02
2.67175577e+02
2.66845918e+02
2.66497955e+02
2.66142885e+02
2.65789255e+02
2.65443155e+02
2.65108679e+02
2.64788388e+02
2.64483722e+02
2.64195319e+02
2.63923267e+02
2.63667292e+02
2.63426889e+02
2.63201408e+02
2.62990118e+02
2.62792246e+02
2.62607011e+02
2.62433634e+02
2.62271360e+02
2.62119464e+02
2.61977251e+02
2.61844068e+02
2.61719297e+02
2.61602359e+02
2.61492716e+02
2.61389862e+02
2.61293331e+02
2.61202687e+02
2.61117526e+02
2.61037474e+02
2.69175750e+02
2.68608148e+02
2.65707199e+02
2.61203144e+02
2.56064895e+02
2.50797809e+02
2.45654647e+02
2.40760607e+02
2.36171079e+02
2.31902524e+02
2.27950122e+02
2.24297999e+02
2.20924976e+02
2.17807237e+02
2.14921064e+02
2.12244622e+02
2.09758174e+02
2.07444004e+02
2.05286297e+02
2.03270974e+02
2.01385533e+02
1.99618869e+02
1.97961115e+02
1.96403491e+02
1.94938168e+02
1.93558142e+02
1.92257137e+02
1.91029500e+02
1.89870132e+02
1.88774411e+02
1.87738137e+02
1.86757478e+02
1.85828929e+02
1.84949271e+02
1.84115542e+02
1.83325007e+02
1.82575135e+02
2.69534369e+02
2.68718041e+02
2.65322585e+02
2.60721601e+02
2.55918152e+02
2.51251401e+02
2.46826570e+02
2.42674444e+02
2.38798058e+02
2.35188302e+02
2.31830400e+02
2.28707161e+02
2.25800541e+02
2.23091880e+02
2.20563759e+02
2.18200849e+02
2.15989481e+02
2.13917360e+02
2.11973403e+02
2.10147624e+02
2.08431018e+02
2.06815461e+02
2.05293609e+02
2.03858810e+02
2.02505030e+02
2.01226775e+02
2.00019035e+02
1.98877227e+02
1.97797150e+02
1.96774942e+02
1.95807043e+02
1.94890167e+02
1.94021271e+02
1.93197534e+02
1.92416336e+02
1.91675236e+02
1.90971960e+02
2.71108891e+02
2.71053072e+02
2.70872701e+02
2.70370066e+02
2.69470036e+02
2.68225326e+02
2.66725773e+02
2.65053895e+02
2.63274929e+02
2.61438187e+02
2.59580464e+02
2.57729065e+02
2.55904099e+02
2.54120145e+02
2.52387444e+02
2.50712905e+02
2.49100943e+02
2.47554103e+02
2.46073514e+02
2.44659232e+02
2.43310507e+02
2.42025997e+02
2.40803930e+02
2.39642238e+02
2.38538654e+02
2.37490795e+02
2.36496217e+02
2.35552465e+02
2.34657105e+02
2.33807752e+02
2.33002082e+02
2.32237852e+02
2.31512903e+02
2.30825168e+02
2.30172673e+02
2.29553537e+02
2.28965977e+02
2.71618606e+02
2.71546253e+02
2.71430896e+02
2.71241211e+02
2.70900417e+02
2.70366455e+02
2.69640287e+02
2.68747441e+02
2.67722146e+02
2.66598876e+02
2.65408753e+02
2.64178348e+02
2.62929562e+02
2.61679961e+02
2.60443273e+02
2.59229940e+02
2.58047678e+02
2.56901997e+02
2.55796656e+02
2.54734027e+02
2.53715401e+02
2.52741235e+02
2.51811349e+02
2.50925082e+02
2.50081423e+02
2.49279106e+02
2.48516694e+02
2.47792635e+02
2.47105313e+02
2.46453085e+02
2.45834305e+02
2.45247350e+02
2.44690630e+02
2.44162604e+02
2.43661785e+02
2.43186742e+02
2.42736109e+02
2.71926959e+02
2.71743136e+02
2.71608838e+02
2.71455265e+02
2.71228322e+02
2.70896314e+02
2.70451783e+02
2.69903670e+02
2.69269187e+02
2.68568282e+02
2.67820464e+02
2.67043224e+02
2.66251413e+02
2.65457153e+02
2.64670012e+02
2.63897317e+02
2.63144492e+02
2.62415415e+02
2.61712718e+02
2.61038056e+02
2.60392321e+02
2.59775820e+02
2.59188415e+02
2.58629637e+02
2.58098775e+02
2.57594948e+02
2.57117159e+02
2.56664337e+02
2.56235370e+02
2.55829132e+02
2.55444502e+02
2.55080375e+02
2.54735675e+02
2.54409362e+02
2.54100435e+02
2.53807937e+02
2.53530955e+02
