2.70000e+02 2.70000e+02 2.70000e+02 2.71970e+02 2.68373e+02 2.75190e+02 2.75025e+02 2.74144e+02 2.73627e+02 2.73052e+02
2.70000e+02 2.70000e+02 2.70000e+02 2.71970e+02 2.68373e+02 2.75190e+02 2.75025e+02 2.74144e+02 2.73627e+02 2.73052e+02
5.00000e+01 1.50000e+02 2.50000e+02 2.71706e+02 2.68353e+02 2.74089e+02 2.73838e+02 2.74007e+02 2.73504e+02 2.72855e+02
4.02844e+01 1.50000e+02 2.46522e+02 2.71284e+02 2.68300e+02 2.70315e+02 2.70071e+02 2.73733e+02 2.73329e+02 2.72706e+02
3.74017e+01 1.50000e+02 2.42222e+02 2.70639e+02 2.68214e+02 2.65017e+02 2.65135e+02 2.73131e+02 2.73085e+02 2.72532e+02
3.52889e+01 1.41611e+02 2.37595e+02 2.69687e+02 2.68082e+02 2.59255e+02 2.60028e+02 2.72133e+02 2.72692e+02 2.72276e+02
3.38131e+01 1.35175e+02 2.32446e+02 2.68415e+02 2.67894e+02 2.53511e+02 2.55084e+02 2.70798e+02 2.72111e+02 2.71906e+02
3.26951e+01 1.29246e+02 2.26948e+02 2.66872e+02 2.67652e+02 2.48004e+02 2.50407e+02 2.69221e+02 2.71344e+02 2.71412e+02
3.18037e+01 1.24018e+02 2.21513e+02 2.65134e+02 2.67367e+02 2.42830e+02 2.46026e+02 2.67488e+02 2.70419e+02 2.70805e+02
3.10695e+01 1.19450e+02 2.16347e+02 2.63277e+02 2.67052e+02 2.38022e+02 2.41946e+02 2.65666e+02 2.69369e+02 2.70104e+02
3.04517e+01 1.15453e+02 2.11530e+02 2.61368e+02 2.66720e+02 2.33582e+02 2.38157e+02 2.63803e+02 2.68231e+02 2.69331e+02
2.99234e+01 1.11944e+02 2.07087e+02 2.59459e+02 2.66381e+02 2.29496e+02 2.34645e+02 2.61935e+02 2.67034e+02 2.68510e+02
2.94663e+01 1.08847e+02 2.03011e+02 2.57586e+02 2.66045e+02 2.25740e+02 2.31390e+02 2.60091e+02 2.65806e+02 2.67658e+02
2.89963e+01 1.06099e+02 1.99285e+02 2.55773e+02 2.65716e+02 2.22288e+02 2.28375e+02 2.58288e+02 2.64569e+02 2.66793e+02
2.85094e+01 1.03631e+02 1.95884e+02 2.54036e+02 2.65398e+02 2.19112e+02 2.25578e+02 2.56540e+02 2.63338e+02 2.65928e+02
2.80703e+01 1.01405e+02 1.92779e+02 2.52385e+02 2.65095e+02 2.16186e+02 2.22982e+02 2.54856e+02 2.62129e+02 2.65074e+02
2.76757e+01 9.93969e+01 1.89943e+02 2.50822e+02 2.64806e+02 2.13485e+02 2.20567e+02 2.53242e+02 2.60951e+02 2.64239e+02
2.73201e+01 9.75827e+01 1.87352e+02 2.49351e+02 2.64534e+02 2.10987e+02 2.18320e+02 2.51701e+02 2.59811e+02 2.63429e+02
2.69986e+01 9.59414e+01 1.84982e+02 2.47969e+02 2.64278e+02 2.08672e+02 2.16226e+02 2.50234e+02 2.58714e+02 2.62648e+02
2.67070e+01 9.44538e+01 1.82814e+02 2.46674e+02 2.64037e+02 2.06524e+02 2.14272e+02 2.48842e+02 2.57663e+02 2.61899e+02
2.64416e+01 9.31032e+01 1.80830e+02 2.45463e+02 2.63812e+02 2.04527e+02 2.12447e+02 2.47523e+02 2.56661e+02 2.61184e+02
2.61994e+01 9.18749e+01 1.79011e+02 2.44331e+02 2.63601e+02 2.02667e+02 2.10741e+02 2.46276e+02 2.55708e+02 2.60504e+02
2.59776e+01 9.07560e+01 1.77344e+02 2.43275e+02 2.63404e+02 2.00932e+02 2.09145e+02 2.45098e+02 2.54803e+02 2.59858e+02
2.57740e+01 8.97351e+01 1.75814e+02 2.42290e+02 2.63220e+02 1.99312e+02 2.07650e+02 2.43986e+02 2.53947e+02 2.59247e+02
2.55868e+01 8.88023e+01 1.74409e+02 2.41371e+02 2.63048e+02 1.97797e+02 2.06248e+02 2.42939e+02 2.53138e+02 2.58669e+02
2.54142e+01 8.79487e+01 1.73118e+02 2.40516e+02 2.62889e+02 1.96379e+02 2.04933e+02 2.41952e+02 2.52374e+02 2.58124e+02
2.52547e+01 8.71665e+01 1.71930e+02 2.39718e+02 2.62740e+02 1.95049e+02 2.03698e+02 2.41023e+02 2.51654e+02 2.57610e+02
2.51072e+01 8.64489e+01 1.70837e+02 2.38975e+02 2.62601e+02 1.93801e+02 2.02537e+02 2.40149e+02 2.50975e+02 2.57125e+02
2.49704e+01 8.57895e+01 1.69830e+02 2.38283e+02 2.62471e+02 1.92629e+02 2.01446e+02 2.39326e+02 2.50336e+02 2.56670e+02
2.48435e+01 8.51831e+01 1.68901e+02 2.37639e+02 2.62351e+02 1.91527e+02 2.00419e+02 2.38553e+02 2.49735e+02 2.56242e+02
2.47254e+01 8.46246e+01 1.68044e+02 2.37038e+02 2.62239e+02 1.90490e+02 1.99452e+02 2.37825e+02 2.49169e+02 2.55839e+02
2.46156e+01 8.41097e+01 1.67253e+02 2.36478e+02 2.62134e+02 1.89514e+02 1.98541e+02 2.37140e+02 2.48637e+02 2.55461e+02
2.45132e+01 8.36345e+01 1.66521e+02 2.35956e+02 2.62036e+02 1.88593e+02 1.97683e+02 2.36495e+02 2.48137e+02 2.55105e+02
2.44177e+01 8.31956e+01 1.65844e+02 2.35469e+02 2.61946e+02 1.87725e+02 1.96873e+02 2.35889e+02 2.47667e+02 2.54771e+02
2.43285e+01 8.27896e+01 1.65218e+02 2.35015e+02 2.61861e+02 1.86907e+02 1.96108e+02 2.35319e+02 2.47225e+02 2.54458e+02
2.42451e+01 8.24138e+01 1.64638e+02 2.34591e+02 2.61781e+02 1.86133e+02 1.95387e+02 2.34782e+02 2.46809e+02 2.54163e+02
2.41671e+01 8.20656e+01 1.64099e+02 2.34195e+02 2.61708e+02 1.85403e+02 1.94705e+02 2.34276e+02 2.46418e+02 2.53886e+02
2.40940e+01 8.17428e+01 1.63600e+02 2.33825e+02 2.61639e+02 1.84712e+02 1.94061e+02 2.33800e+02 2.46050e+02 2.53626e+02
