2.70000000e+02
5.00000000e+01
4.01434740e+01
3.72246140e+01
3.51266570e+01
3.36679820e+01
3.25659280e+01
3.16888330e+01
3.09675100e+01
3.03609930e+01
2.98427940e+01
2.93946300e+01
2.88991850e+01
2.84194810e+01
2.79887070e+01
2.76020530e+01
2.72539510e+01
2.69394400e+01
2.66542780e+01
2.63948640e+01
2.61581450e+01
2.59415210e+01
2.57427680e+01
2.55599770e+01
2.53914950e+01
2.52358910e+01
2.50919150e+01
2.49584710e+01
2.48345970e+01
2.47194390e+01
2.46122420e+01
2.45123320e+01
2.44191070e+01
2.43320260e+01
2.42506040e+01
2.41744010e+01
2.41030190e+01
2.70000000e+02
1.50000000e+02
1.50000000e+02
1.50000000e+02
1.41478064e+02
1.34966612e+02
1.28993904e+02
1.23745789e+02
1.19170343e+02
1.15175731e+02
1.11673534e+02
1.08588301e+02
1.05849933e+02
1.03391184e+02
1.01178553e+02
9.91857720e+01
9.73883620e+01
9.57642980e+01
9.42941380e+01
9.29608440e+01
9.17495070e+01
9.06470710e+01
8.96420830e+01
8.87244750e+01
8.78853740e+01
8.71169440e+01
8.64122500e+01
8.57651390e+01
8.51701400e+01
8.46223820e+01
8.41175150e+01
8.36516490e+01
8.32213000e+01
8.28233370e+01
8.24549500e+01
8.21136040e+01
8.17970140e+01
2.70000000e+02
2.50000000e+02
2.46245242e+02
2.41809719e+02
2.37115197e+02
2.31914965e+02
2.26385526e+02
2.20938312e+02
2.15771185e+02
2.10962909e+02
2.06534523e+02
2.02479172e+02
1.98776878e+02
1.95401275e+02
1.92323437e+02
1.89515648e+02
1.86952687e+02
1.84611726e+02
1.82472072e+02
1.80514968e+02
1.78723427e+02
1.77082081e+02
1.75577046e+02
1.74195789e+02
1.72926998e+02
1.71760468e+02
1.70686991e+02
1.69698258e+02
1.68786769e+02
1.67945747e+02
1.67169067e+02
1.66451190e+02
1.65787102e+02
1.65172260e+02
1.64602547e+02
1.64074224e+02
1.63583896e+02
2.70642805e+02
2.70546488e+02
2.70244281e+02
2.69690770e+02
2.68811771e+02
2.67600128e+02
2.66109566e+02
2.64418698e+02
2.62607073e+02
2.60741964e+02
2.58874621e+02
2.57041511e+02
2.55267186e+02
2.53567220e+02
2.51950587e+02
2.50421561e+02
2.48981162e+02
2.47628261e+02
2.46360349e+02
2.45174055e+02
2.44065505e+02
2.43030558e+02
2.42064969e+02
2.41164508e+02
2.40325031e+02
2.39542533e+02
2.38813182e+02
2.38133335e+02
2.37499555e+02
2.36908606e+02
2.36357458e+02
2.35843279e+02
2.35363430e+02
2.34915455e+02
2.34497071e+02
2.34106161e+02
2.33740760e+02
2.68457367e+02
2.68450352e+02
2.68408300e+02
2.68309448e+02
2.68132982e+02
2.67865083e+02
2.67509077e+02
2.67081196e+02
2.66602826e+02
2.66094843e+02
2.65574719e+02
2.65055755e+02
2.64547427e+02
2.64056113e+02
2.63585831e+02
2.63138872e+02
2.62716291e+02
2.62318293e+02
2.61944517e+02
2.61594240e+02
2.61266511e+02
2.60960247e+02
2.60674298e+02
2.60407487e+02
2.60158643e+02
2.59926622e+02
2.59710320e+02
2.59508677e+02
2.59320692e+02
2.59145415e+02
2.58981956e+02
2.58829480e+02
2.58687207e+02
2.58554409e+02
2.58430410e+02
2.58314581e+02
2.58206338e+02
2.72759683e+02
2.71620008e+02
2.67732088e+02
2.62428720e+02
2.56764170e+02
2.51181263e+02
2.45866392e+02
2.40895439e+02
2.36290389e+02
2.32045952e+02
2.28143393e+02
2.24557997e+02
2.21262983e+02
2.18230881e+02
2.15435509e+02
2.12853547e+02
2.10464309e+02
2.08249412e+02
2.06192529e+02
2.04279170e+02
2.02496472e+02
2.00833014e+02
1.99278636e+02
1.97824284e+02
1.96461870e+02
1.95184153e+02
1.93984627e+02
1.92857430e+02
1.91797269e+02
1.90799342e+02
1.89859287e+02
1.88973126e+02
1.88137223e+02
1.87348247e+02
1.86603136e+02
1.85899071e+02
1.85233451e+02
2.72707591e+02
2.71615754e+02
2.67973205e+02
2.63182507e+02
2.58225761e+02
2.53428871e+02
2.48891362e+02
2.44642379e+02
2.40684797e+02
2.37009573e+02
2.33601772e+02
2.30443728e+02
2.27516747e+02
2.24801423e+02
2.22279132e+02
2.19933312e+02
2.17749123e+02
2.15713149e+02
2.13813241e+02
2.12038408e+02
2.10378709e+02
2.08825153e+02
2.07369597e+02
2.06004662e+02
2.04723646e+02
2.03520454e+02
2.02389530e+02
2.01325799e+02
2.00324619e+02
1.99381731e+02
1.98493226e+02
1.97655502e+02
1.96865243e+02
1.96119383e+02
1.95415088e+02
1.94749734e+02
1.94120886e+02
2.72446823e+02
2.72383048e+02
2.72193515e+02
2.71685169e+02
2.70792609e+02
2.69571156e+02
2.68109979e+02
2.66490215e+02
2.64775674e+02
2.63014342e+02
2.61241808e+02
2.59484292e+02
2.57760926e+02
2.56085388e+02
2.54467126e+02
2.52912288e+02
2.51424564e+02
2.50005808e+02
2.48656492e+02
2.47376053e+02
2.46163158e+02
2.45015919e+02
2.43932052e+02
2.42909014e+02
2.41944099e+02
2.41034517e+02
2.40177457e+02
2.39370126e+02
2.38609787e+02
2.37893780e+02
2.37219541e+02
2.36584613e+02
2.35986648e+02
2.35423420e+02
2.34892815e+02
2.34392840e+02
2.33921612e+02
2.72228317e+02
2.72176959e+02
2.72094952e+02
2.71935811e+02
2.71621287e+02
2.71112664e+02
2.70414048e+02
2.69552916e+02
2.68564462e+02
2.67483514e+02
2.66341205e+02
2.65163941e+02
2.63973366e+02
2.62786733e+02
2.61617448e+02
2.60475613e+02
2.59368593e+02
2.58301540e+02
2.57277841e+02
2.56299501e+02
2.55367441e+02
2.54481757e+02
2.53641912e+02
2.52846902e+02
2.52095384e+02
2.51385779e+02
2.50716352e+02
2.50085271e+02
2.49490662e+02
2.48930640e+02
2.48403343e+02
2.47906945e+02
2.47439678e+02
2.46999840e+02
2.46585800e+02
2.46196004e+02
2.45828976e+02
2.71957972e+02
2.71862258e+02
2.71793487e+02
2.71689403e+02
2.71498171e+02
2.71189224e+02
2.70756246e+02
2.70209881e+02
2.69569427e+02
2.68856955e+02
2.68093905e+02
2.67299407e+02
2.66489645e+02
2.65677802e+02
2.64874269e+02
2.64086992e+02
2.63321848e+02
2.62583020e+02
2.61873330e+02
2.61194525e+02
2.60547515e+02
2.59932560e+02
2.59349432e+02
2.58797534e+02
2.58276002e+02
2.57783783e+02
2.57319695e+02
2.56882477e+02
2.56470826e+02
2.56083427e+02
2.55718970e+02
2.55376173e+02
2.55053788e+02
2.54750613e+02
2.54465494e+02
2.54197333e+02
2.53945085e+02
