2.70000e+02 2.70000e+02 2.70000e+02 2.70672e+02 2.68145e+02 2.72482e+02 2.72436e+02 2.72228e+02 2.72037e+02 2.71799e+02
2.70000e+02 2.70000e+02 2.70000e+02 2.70672e+02 2.68145e+02 2.72482e+02 2.72436e+02 2.72228e+02 2.72037e+02 2.71799e+02
5.00000e+01 1.50000e+02 2.50000e+02 2.70528e+02 2.68136e+02 2.71698e+02 2.71303e+02 2.72177e+02 2.72002e+02 2.71750e+02
4.02593e+01 1.50000e+02 2.46243e+02 2.70202e+02 2.68100e+02 2.68591e+02 2.67548e+02 2.71983e+02 2.71937e+02 2.71702e+02
3.73615e+01 1.50000e+02 2.41802e+02 2.69638e+02 2.68029e+02 2.63928e+02 2.62653e+02 2.71445e+02 2.71787e+02 2.71609e+02
3.52333e+01 1.41492e+02 2.37106e+02 2.68758e+02 2.67909e+02 2.58649e+02 2.57616e+02 2.70504e+02 2.71475e+02 2.71426e+02
3.37470e+01 1.34979e+02 2.31907e+02 2.67549e+02 2.67730e+02 2.53241e+02 2.52757e+02 2.69228e+02 2.70966e+02 2.71124e+02
3.26229e+01 1.28999e+02 2.26382e+02 2.66061e+02 2.67496e+02 2.47954e+02 2.48169e+02 2.67714e+02 2.70267e+02 2.70700e+02
3.17284e+01 1.23743e+02 2.20939e+02 2.64371e+02 2.67217e+02 2.42915e+02 2.43878e+02 2.66046e+02 2.69406e+02 2.70165e+02
3.09936e+01 1.19158e+02 2.15775e+02 2.62557e+02 2.66907e+02 2.38188e+02 2.39885e+02 2.64290e+02 2.68421e+02 2.69539e+02
3.03764e+01 1.15154e+02 2.10966e+02 2.60687e+02 2.66578e+02 2.33792e+02 2.36180e+02 2.62494e+02 2.67346e+02 2.68844e+02
2.98497e+01 1.11643e+02 2.06534e+02 2.58813e+02 2.66243e+02 2.29727e+02 2.32748e+02 2.60692e+02 2.66212e+02 2.68102e+02
2.93949e+01 1.08549e+02 2.02473e+02 2.56972e+02 2.65909e+02 2.25979e+02 2.29570e+02 2.58912e+02 2.65045e+02 2.67330e+02
2.89051e+01 1.05803e+02 1.98764e+02 2.55191e+02 2.65583e+02 2.22527e+02 2.26627e+02 2.57170e+02 2.63867e+02 2.66545e+02
2.84200e+01 1.03337e+02 1.95379e+02 2.53484e+02 2.65268e+02 2.19348e+02 2.23900e+02 2.55482e+02 2.62695e+02 2.65759e+02
2.79842e+01 1.01116e+02 1.92291e+02 2.51861e+02 2.64967e+02 2.16418e+02 2.21368e+02 2.53854e+02 2.61542e+02 2.64983e+02
2.75933e+01 9.91147e+01 1.89473e+02 2.50328e+02 2.64681e+02 2.13712e+02 2.19014e+02 2.52294e+02 2.60418e+02 2.64223e+02
2.72415e+01 9.73087e+01 1.86899e+02 2.48884e+02 2.64411e+02 2.11211e+02 2.16825e+02 2.50804e+02 2.59329e+02 2.63486e+02
2.69238e+01 9.56763e+01 1.84547e+02 2.47529e+02 2.64157e+02 2.08894e+02 2.14785e+02 2.49385e+02 2.58282e+02 2.62775e+02
2.66359e+01 9.41980e+01 1.82397e+02 2.46260e+02 2.63919e+02 2.06745e+02 2.12883e+02 2.48038e+02 2.57278e+02 2.62093e+02
2.63742e+01 9.28570e+01 1.80431e+02 2.45074e+02 2.63696e+02 2.04749e+02 2.11106e+02 2.46762e+02 2.56320e+02 2.61442e+02
2.61354e+01 9.16384e+01 1.78630e+02 2.43967e+02 2.63487e+02 2.02890e+02 2.09446e+02 2.45555e+02 2.55409e+02 2.60822e+02
2.59170e+01 9.05293e+01 1.76981e+02 2.42935e+02 2.63293e+02 2.01158e+02 2.07893e+02 2.44414e+02 2.54544e+02 2.60234e+02
2.57167e+01 8.95183e+01 1.75469e+02 2.41973e+02 2.63112e+02 1.99541e+02 2.06438e+02 2.43338e+02 2.53725e+02 2.59676e+02
2.55325e+01 8.85952e+01 1.74082e+02 2.41077e+02 2.62943e+02 1.98030e+02 2.05075e+02 2.42324e+02 2.52950e+02 2.59150e+02
2.53629e+01 8.77512e+01 1.72808e+02 2.40242e+02 2.62785e+02 1.96616e+02 2.03795e+02 2.41368e+02 2.52219e+02 2.58653e+02
2.52063e+01 8.69785e+01 1.71637e+02 2.39465e+02 2.62639e+02 1.95291e+02 2.02594e+02 2.40469e+02 2.51530e+02 2.58184e+02
2.50614e+01 8.62701e+01 1.70560e+02 2.38742e+02 2.62502e+02 1.94048e+02 2.01466e+02 2.39622e+02 2.50880e+02 2.57742e+02
2.49273e+01 8.56198e+01 1.69569e+02 2.38069e+02 2.62375e+02 1.92880e+02 2.00404e+02 2.38825e+02 2.50268e+02 2.57327e+02
2.48028e+01 8.50222e+01 1.68656e+02 2.37442e+02 2.62257e+02 1.91783e+02 1.99406e+02 2.38075e+02 2.49692e+02 2.56937e+02
2.46871e+01 8.44723e+01 1.67814e+02 2.36858e+02 2.62147e+02 1.90751e+02 1.98466e+02 2.37369e+02 2.49151e+02 2.56569e+02
2.45795e+01 8.39658e+01 1.67037e+02 2.36314e+02 2.62044e+02 1.89780e+02 1.97580e+02 2.36705e+02 2.48641e+02 2.56224e+02
2.44793e+01 8.34987e+01 1.66320e+02 2.35807e+02 2.61948e+02 1.88865e+02 1.96745e+02 2.36081e+02 2.48162e+02 2.55900e+02
2.43858e+01 8.30675e+01 1.65657e+02 2.35334e+02 2.61859e+02 1.88002e+02 1.95957e+02 2.35493e+02 2.47711e+02 2.55595e+02
2.42985e+01 8.26690e+01 1.65043e+02 2.34894e+02 2.61776e+02 1.87188e+02 1.95214e+02 2.34940e+02 2.47288e+02 2.55309e+02
2.42170e+01 8.23005e+01 1.64475e+02 2.34482e+02 2.61699e+02 1.86419e+02 1.94513e+02 2.34419e+02 2.46889e+02 2.55040e+02
2.41407e+01 8.19592e+01 1.63949e+02 2.34099e+02 2.61626e+02 1.85693e+02 1.93850e+02 2.33929e+02 2.46514e+02 2.54788e+02
2.40693e+01 8.16430e+01 1.63461e+02 2.33741e+02 2.61559e+02 1.85007e+02 1.93223e+02 2.33467e+02 2.46162e+02 2.54550e+02
