2.70000e+02 2.70000e+02 2.70000e+02 2.70576e+02 2.68083e+02 2.72188e+02 2.72179e+02 2.72070e+02 2.71963e+02 2.71760e+02
2.70000e+02 2.70000e+02 2.70000e+02 2.70576e+02 2.68083e+02 2.72188e+02 2.72179e+02 2.72070e+02 2.71963e+02 2.71760e+02
5.00000e+01 1.50000e+02 2.50000e+02 2.70438e+02 2.68074e+02 2.71312e+02 2.71195e+02 2.72035e+02 2.71932e+02 2.71713e+02
4.01007e+01 1.50000e+02 2.46218e+02 2.70117e+02 2.68043e+02 2.68021e+02 2.67804e+02 2.71877e+02 2.71873e+02 2.71669e+02
3.71648e+01 1.50000e+02 2.41760e+02 2.69560e+02 2.67980e+02 2.63341e+02 2.63355e+02 2.71414e+02 2.71722e+02 2.71583e+02
3.50678e+01 1.41451e+02 2.37052e+02 2.68692e+02 2.67872e+02 2.58213e+02 2.58758e+02 2.70583e+02 2.71403e+02 2.71409e+02
3.36153e+01 1.34935e+02 2.31846e+02 2.67500e+02 2.67712e+02 2.53067e+02 2.54301e+02 2.69437e+02 2.70883e+02 2.71117e+02
3.25220e+01 1.28970e+02 2.26324e+02 2.66037e+02 2.67502e+02 2.48104e+02 2.50074e+02 2.68056e+02 2.70174e+02 2.70701e+02
3.16549e+01 1.23736e+02 2.20895e+02 2.64378e+02 2.67252e+02 2.43416e+02 2.46104e+02 2.66518e+02 2.69305e+02 2.70171e+02
3.09440e+01 1.19180e+02 2.15755e+02 2.62601e+02 2.66974e+02 2.39041e+02 2.42393e+02 2.64882e+02 2.68311e+02 2.69546e+02
3.03479e+01 1.15208e+02 2.10979e+02 2.60773e+02 2.66681e+02 2.34986e+02 2.38936e+02 2.63196e+02 2.67229e+02 2.68848e+02
2.98396e+01 1.11730e+02 2.06588e+02 2.58943e+02 2.66382e+02 2.31241e+02 2.35720e+02 2.61494e+02 2.66087e+02 2.68098e+02
2.94008e+01 1.08671e+02 2.02572e+02 2.57148e+02 2.66084e+02 2.27787e+02 2.32730e+02 2.59801e+02 2.64913e+02 2.67315e+02
2.89115e+01 1.05958e+02 1.98911e+02 2.55411e+02 2.65793e+02 2.24602e+02 2.29950e+02 2.58137e+02 2.63726e+02 2.66516e+02
2.84429e+01 1.03525e+02 1.95577e+02 2.53749e+02 2.65512e+02 2.21663e+02 2.27363e+02 2.56515e+02 2.62544e+02 2.65713e+02
2.80226e+01 1.01339e+02 1.92541e+02 2.52169e+02 2.65244e+02 2.18946e+02 2.24952e+02 2.54946e+02 2.61380e+02 2.64917e+02
2.76457e+01 9.93718e+01 1.89774e+02 2.50675e+02 2.64989e+02 2.16430e+02 2.22704e+02 2.53435e+02 2.60243e+02 2.64136e+02
2.73066e+01 9.75998e+01 1.87250e+02 2.49269e+02 2.64749e+02 2.14096e+02 2.20604e+02 2.51987e+02 2.59140e+02 2.63376e+02
2.70002e+01 9.60002e+01 1.84948e+02 2.47948e+02 2.64522e+02 2.11927e+02 2.18641e+02 2.50604e+02 2.58077e+02 2.62642e+02
2.67225e+01 9.45535e+01 1.82845e+02 2.46712e+02 2.64310e+02 2.09908e+02 2.16804e+02 2.49287e+02 2.57057e+02 2.61935e+02
2.64698e+01 9.32426e+01 1.80924e+02 2.45555e+02 2.64111e+02 2.08026e+02 2.15084e+02 2.48035e+02 2.56082e+02 2.61259e+02
2.62392e+01 9.20525e+01 1.79166e+02 2.44474e+02 2.63925e+02 2.06268e+02 2.13470e+02 2.46847e+02 2.55152e+02 2.60613e+02
2.60280e+01 9.09701e+01 1.77557e+02 2.43465e+02 2.63751e+02 2.04623e+02 2.11956e+02 2.45722e+02 2.54268e+02 2.59999e+02
2.58342e+01 8.99840e+01 1.76083e+02 2.42524e+02 2.63589e+02 2.03083e+02 2.10534e+02 2.44658e+02 2.53430e+02 2.59416e+02
2.56558e+01 8.90841e+01 1.74731e+02 2.41647e+02 2.63438e+02 2.01639e+02 2.09197e+02 2.43652e+02 2.52635e+02 2.58864e+02
2.54912e+01 8.82616e+01 1.73489e+02 2.40828e+02 2.63297e+02 2.00282e+02 2.07939e+02 2.42703e+02 2.51883e+02 2.58342e+02
2.53391e+01 8.75086e+01 1.72348e+02 2.40066e+02 2.63165e+02 1.99008e+02 2.06754e+02 2.41806e+02 2.51173e+02 2.57848e+02
2.51983e+01 8.68184e+01 1.71299e+02 2.39355e+02 2.63043e+02 1.97808e+02 2.05638e+02 2.40960e+02 2.50502e+02 2.57383e+02
2.50676e+01 8.61846e+01 1.70332e+02 2.38692e+02 2.62928e+02 1.96678e+02 2.04586e+02 2.40162e+02 2.49869e+02 2.56944e+02
2.49461e+01 8.56020e+01 1.69441e+02 2.38074e+02 2.62822e+02 1.95613e+02 2.03593e+02 2.39410e+02 2.49272e+02 2.56530e+02
2.48330e+01 8.50657e+01 1.68620e+02 2.37497e+02 2.62722e+02 1.94608e+02 2.02656e+02 2.38701e+02 2.48709e+02 2.56140e+02
2.47277e+01 8.45714e+01 1.67861e+02 2.36959e+02 2.62629e+02 1.93660e+02 2.01771e+02 2.38032e+02 2.48179e+02 2.55773e+02
2.46293e+01 8.41152e+01 1.67160e+02 2.36457e+02 2.62543e+02 1.92764e+02 2.00935e+02 2.37401e+02 2.47679e+02 2.55427e+02
2.45374e+01 8.36937e+01 1.66511e+02 2.35988e+02 2.62462e+02 1.91917e+02 2.00144e+02 2.36806e+02 2.47208e+02 2.55101e+02
2.44515e+01 8.33038e+01 1.65910e+02 2.35550e+02 2.62386e+02 1.91115e+02 1.99396e+02 2.36245e+02 2.46764e+02 2.54795e+02
2.43710e+01 8.29428e+01 1.65353e+02 2.35141e+02 2.62316e+02 1.90357e+02 1.98689e+02 2.35716e+02 2.46346e+02 2.54506e+02
2.42956e+01 8.26082e+01 1.64837e+02 2.34758e+02 2.62250e+02 1.89639e+02 1.98019e+02 2.35217e+02 2.45951e+02 2.54235e+02
2.42248e+01 8.22976e+01 1.64357e+02 2.34400e+02 2.62188e+02 1.88959e+02 1.97384e+02 2.34746e+02 2.45579e+02 2.53979e+02
