2.70000e+02 2.70000e+02 2.70000e+02 2.71348e+02 2.68211e+02 2.73989e+02 2.73866e+02 2.73236e+02 2.72817e+02 2.72329e+02
2.70000e+02 2.70000e+02 2.70000e+02 2.71348e+02 2.68211e+02 2.73989e+02 2.73866e+02 2.73236e+02 2.72817e+02 2.72329e+02
5.00000e+01 1.50000e+02 2.50000e+02 2.71131e+02 2.68197e+02 2.73171e+02 2.72709e+02 2.73136e+02 2.72742e+02 2.72231e+02
4.02777e+01 1.50000e+02 2.46384e+02 2.70749e+02 2.68155e+02 2.70073e+02 2.69007e+02 2.72892e+02 2.72626e+02 2.72144e+02
3.73865e+01 1.50000e+02 2.42003e+02 2.70140e+02 2.68082e+02 2.65461e+02 2.64192e+02 2.72309e+02 2.72429e+02 2.72019e+02
3.52655e+01 1.41557e+02 2.37319e+02 2.69221e+02 2.67965e+02 2.60255e+02 2.59233e+02 2.71332e+02 2.72077e+02 2.71810e+02
3.37846e+01 1.35068e+02 2.32116e+02 2.67980e+02 2.67797e+02 2.54926e+02 2.54441e+02 2.70028e+02 2.71535e+02 2.71488e+02
3.26648e+01 1.29101e+02 2.26576e+02 2.66469e+02 2.67579e+02 2.49714e+02 2.49907e+02 2.68493e+02 2.70809e+02 2.71048e+02
3.17737e+01 1.23849e+02 2.21113e+02 2.64764e+02 2.67322e+02 2.44744e+02 2.45658e+02 2.66810e+02 2.69928e+02 2.70502e+02
3.10414e+01 1.19266e+02 2.15928e+02 2.62944e+02 2.67037e+02 2.40073e+02 2.41697e+02 2.65043e+02 2.68926e+02 2.69868e+02
3.04260e+01 1.15262e+02 2.11102e+02 2.61075e+02 2.66736e+02 2.35723e+02 2.38014e+02 2.63238e+02 2.67838e+02 2.69167e+02
2.99005e+01 1.11750e+02 2.06657e+02 2.59208e+02 2.66431e+02 2.31692e+02 2.34596e+02 2.61430e+02 2.66694e+02 2.68421e+02
2.94462e+01 1.08655e+02 2.02587e+02 2.57379e+02 2.66127e+02 2.27969e+02 2.31426e+02 2.59644e+02 2.65520e+02 2.67648e+02
2.89658e+01 1.05911e+02 1.98871e+02 2.55612e+02 2.65831e+02 2.24534e+02 2.28486e+02 2.57898e+02 2.64336e+02 2.66863e+02
2.84817e+01 1.03448e+02 1.95485e+02 2.53923e+02 2.65545e+02 2.21366e+02 2.25756e+02 2.56206e+02 2.63160e+02 2.66079e+02
2.80461e+01 1.01230e+02 1.92399e+02 2.52318e+02 2.65273e+02 2.18440e+02 2.23220e+02 2.54575e+02 2.62004e+02 2.65305e+02
2.76551e+01 9.92320e+01 1.89585e+02 2.50804e+02 2.65014e+02 2.15734e+02 2.20860e+02 2.53011e+02 2.60877e+02 2.64549e+02
2.73030e+01 9.74298e+01 1.87018e+02 2.49379e+02 2.64771e+02 2.13230e+02 2.18662e+02 2.51518e+02 2.59788e+02 2.63816e+02
2.69850e+01 9.58016e+01 1.84674e+02 2.48044e+02 2.64542e+02 2.10908e+02 2.16613e+02 2.50097e+02 2.58739e+02 2.63109e+02
2.66968e+01 9.43279e+01 1.82534e+02 2.46794e+02 2.64327e+02 2.08752e+02 2.14701e+02 2.48748e+02 2.57735e+02 2.62432e+02
2.64346e+01 9.29918e+01 1.80577e+02 2.45627e+02 2.64126e+02 2.06746e+02 2.12914e+02 2.47470e+02 2.56778e+02 2.61786e+02
2.61955e+01 9.17784e+01 1.78788e+02 2.44539e+02 2.63939e+02 2.04879e+02 2.11244e+02 2.46261e+02 2.55867e+02 2.61171e+02
2.59768e+01 9.06746e+01 1.77150e+02 2.43524e+02 2.63764e+02 2.03137e+02 2.09680e+02 2.45119e+02 2.55003e+02 2.60588e+02
2.57762e+01 8.96690e+01 1.75649e+02 2.42578e+02 2.63601e+02 2.01511e+02 2.08215e+02 2.44041e+02 2.54185e+02 2.60036e+02
2.55919e+01 8.87513e+01 1.74274e+02 2.41698e+02 2.63449e+02 1.99990e+02 2.06842e+02 2.43026e+02 2.53412e+02 2.59514e+02
2.54221e+01 8.79128e+01 1.73011e+02 2.40879e+02 2.63307e+02 1.98566e+02 2.05553e+02 2.42069e+02 2.52682e+02 2.59022e+02
2.52653e+01 8.71454e+01 1.71852e+02 2.40117e+02 2.63176e+02 1.97231e+02 2.04343e+02 2.41169e+02 2.51994e+02 2.58558e+02
2.51204e+01 8.64423e+01 1.70786e+02 2.39407e+02 2.63053e+02 1.95979e+02 2.03206e+02 2.40321e+02 2.51346e+02 2.58121e+02
2.49861e+01 8.57972e+01 1.69805e+02 2.38747e+02 2.62939e+02 1.94804e+02 2.02136e+02 2.39524e+02 2.50736e+02 2.57711e+02
2.48616e+01 8.52045e+01 1.68902e+02 2.38132e+02 2.62833e+02 1.93699e+02 2.01130e+02 2.38774e+02 2.50162e+02 2.57325e+02
2.47459e+01 8.46595e+01 1.68070e+02 2.37560e+02 2.62734e+02 1.92659e+02 2.00182e+02 2.38068e+02 2.49622e+02 2.56962e+02
2.46383e+01 8.41576e+01 1.67303e+02 2.37027e+02 2.62642e+02 1.91681e+02 1.99290e+02 2.37404e+02 2.49114e+02 2.56621e+02
2.45381e+01 8.36950e+01 1.66594e+02 2.36530e+02 2.62556e+02 1.90759e+02 1.98448e+02 2.36779e+02 2.48636e+02 2.56300e+02
2.44447e+01 8.32681e+01 1.65940e+02 2.36067e+02 2.62477e+02 1.89889e+02 1.97655e+02 2.36192e+02 2.48187e+02 2.56000e+02
2.43575e+01 8.28737e+01 1.65335e+02 2.35636e+02 2.62402e+02 1.89069e+02 1.96906e+02 2.35639e+02 2.47765e+02 2.55717e+02
2.42760e+01 8.25091e+01 1.64775e+02 2.35233e+02 2.62333e+02 1.88295e+02 1.96198e+02 2.35118e+02 2.47368e+02 2.55452e+02
2.41998e+01 8.21715e+01 1.64256e+02 2.34858e+02 2.62268e+02 1.87564e+02 1.95530e+02 2.34628e+02 2.46995e+02 2.55202e+02
2.41285e+01 8.18588e+01 1.63775e+02 2.34508e+02 2.62207e+02 1.86873e+02 1.94899e+02 2.34166e+02 2.46644e+02 2.54968e+02
