2.70000e+02 2.70000e+02 2.70000e+02 2.69865e+02 2.67994e+02 2.71618e+02 2.71590e+02 2.71334e+02 2.71231e+02 2.71149e+02
2.70000e+02 2.70000e+02 2.70000e+02 2.69865e+02 2.67994e+02 2.71618e+02 2.71590e+02 2.71334e+02 2.71231e+02 2.71149e+02
5.00000e+01 1.50000e+02 2.50000e+02 2.69823e+02 2.67994e+02 2.70858e+02 2.70392e+02 2.71344e+02 2.71254e+02 2.71191e+02
4.00604e+01 1.50000e+02 2.46075e+02 2.69569e+02 2.67973e+02 2.67831e+02 2.66557e+02 2.71208e+02 2.71262e+02 2.71206e+02
3.71277e+01 1.50000e+02 2.41552e+02 2.69064e+02 2.67915e+02 2.63346e+02 2.61719e+02 2.70727e+02 2.71179e+02 2.71163e+02
3.50263e+01 1.41389e+02 2.36818e+02 2.68235e+02 2.67807e+02 2.58328e+02 2.56842e+02 2.69856e+02 2.70932e+02 2.71020e+02
3.35649e+01 1.34843e+02 2.31599e+02 2.67073e+02 2.67640e+02 2.53238e+02 2.52202e+02 2.68667e+02 2.70487e+02 2.70752e+02
3.24626e+01 1.28856e+02 2.26069e+02 2.65630e+02 2.67417e+02 2.48299e+02 2.47864e+02 2.67254e+02 2.69851e+02 2.70357e+02
3.15879e+01 1.23607e+02 2.20637e+02 2.63982e+02 2.67150e+02 2.43620e+02 2.43838e+02 2.65697e+02 2.69054e+02 2.69847e+02
3.08714e+01 1.19038e+02 2.15492e+02 2.62209e+02 2.66851e+02 2.39247e+02 2.40113e+02 2.64056e+02 2.68131e+02 2.69243e+02
3.02714e+01 1.15054e+02 2.10710e+02 2.60379e+02 2.66533e+02 2.35192e+02 2.36672e+02 2.62376e+02 2.67118e+02 2.68569e+02
2.97609e+01 1.11566e+02 2.06308e+02 2.58544e+02 2.66209e+02 2.31449e+02 2.33493e+02 2.60689e+02 2.66043e+02 2.67845e+02
2.93182e+01 1.08495e+02 2.02278e+02 2.56741e+02 2.65885e+02 2.28000e+02 2.30554e+02 2.59020e+02 2.64934e+02 2.67091e+02
2.88055e+01 1.05768e+02 1.98601e+02 2.54996e+02 2.65569e+02 2.24824e+02 2.27834e+02 2.57386e+02 2.63810e+02 2.66322e+02
2.83365e+01 1.03320e+02 1.95249e+02 2.53325e+02 2.65263e+02 2.21896e+02 2.25312e+02 2.55798e+02 2.62689e+02 2.65550e+02
2.79178e+01 1.01122e+02 1.92193e+02 2.51737e+02 2.64972e+02 2.19192e+02 2.22968e+02 2.54266e+02 2.61584e+02 2.64786e+02
2.75431e+01 9.91438e+01 1.89407e+02 2.50237e+02 2.64695e+02 2.16692e+02 2.20786e+02 2.52793e+02 2.60504e+02 2.64038e+02
2.72068e+01 9.73621e+01 1.86865e+02 2.48826e+02 2.64433e+02 2.14374e+02 2.18750e+02 2.51383e+02 2.59456e+02 2.63311e+02
2.69035e+01 9.57538e+01 1.84545e+02 2.47502e+02 2.64187e+02 2.12221e+02 2.16849e+02 2.50038e+02 2.58445e+02 2.62608e+02
2.66290e+01 9.42995e+01 1.82426e+02 2.46263e+02 2.63957e+02 2.10218e+02 2.15071e+02 2.48757e+02 2.57474e+02 2.61933e+02
2.63796e+01 9.29819e+01 1.80490e+02 2.45105e+02 2.63741e+02 2.08351e+02 2.13404e+02 2.47540e+02 2.56545e+02 2.61287e+02
2.61522e+01 9.17860e+01 1.78720e+02 2.44024e+02 2.63540e+02 2.06606e+02 2.11841e+02 2.46386e+02 2.55659e+02 2.60670e+02
2.59442e+01 9.06987e+01 1.77099e+02 2.43017e+02 2.63352e+02 2.04973e+02 2.10372e+02 2.45292e+02 2.54816e+02 2.60084e+02
2.57534e+01 8.97085e+01 1.75615e+02 2.42078e+02 2.63177e+02 2.03443e+02 2.08990e+02 2.44257e+02 2.54015e+02 2.59528e+02
2.55779e+01 8.88053e+01 1.74254e+02 2.41203e+02 2.63013e+02 2.02006e+02 2.07689e+02 2.43278e+02 2.53256e+02 2.59000e+02
2.54161e+01 8.79801e+01 1.73006e+02 2.40388e+02 2.62861e+02 2.00656e+02 2.06463e+02 2.42352e+02 2.52537e+02 2.58502e+02
2.52666e+01 8.72251e+01 1.71859e+02 2.39629e+02 2.62719e+02 1.99384e+02 2.05306e+02 2.41477e+02 2.51858e+02 2.58030e+02
2.51281e+01 8.65334e+01 1.70806e+02 2.38922e+02 2.62587e+02 1.98186e+02 2.04214e+02 2.40651e+02 2.51215e+02 2.57585e+02
2.49995e+01 8.58986e+01 1.69836e+02 2.38263e+02 2.62464e+02 1.97056e+02 2.03182e+02 2.39871e+02 2.50608e+02 2.57165e+02
2.48800e+01 8.53154e+01 1.68943e+02 2.37649e+02 2.62349e+02 1.95988e+02 2.02206e+02 2.39134e+02 2.50034e+02 2.56768e+02
2.47688e+01 8.47788e+01 1.68119e+02 2.37076e+02 2.62242e+02 1.94979e+02 2.01283e+02 2.38438e+02 2.49493e+02 2.56395e+02
2.46650e+01 8.42846e+01 1.67359e+02 2.36542e+02 2.62143e+02 1.94025e+02 2.00408e+02 2.37780e+02 2.48982e+02 2.56042e+02
2.45681e+01 8.38286e+01 1.66658e+02 2.36043e+02 2.62049e+02 1.93121e+02 1.99580e+02 2.37159e+02 2.48500e+02 2.55710e+02
2.44775e+01 8.34076e+01 1.66009e+02 2.35578e+02 2.61963e+02 1.92265e+02 1.98795e+02 2.36572e+02 2.48045e+02 2.55397e+02
2.43926e+01 8.30183e+01 1.65408e+02 2.35143e+02 2.61881e+02 1.91453e+02 1.98050e+02 2.36017e+02 2.47616e+02 2.55102e+02
2.43131e+01 8.26580e+01 1.64852e+02 2.34736e+02 2.61806e+02 1.90683e+02 1.97343e+02 2.35493e+02 2.47210e+02 2.54824e+02
2.42384e+01 8.23240e+01 1.64336e+02 2.34356e+02 2.61735e+02 1.89953e+02 1.96673e+02 2.34997e+02 2.46827e+02 2.54561e+02
2.41683e+01 8.20142e+01 1.63857e+02 2.34000e+02 2.61668e+02 1.89259e+02 1.96036e+02 2.34529e+02 2.46466e+02 2.54314e+02
