2.70000e+02 2.70000e+02 2.70000e+02 2.70811e+02 2.68121e+02 2.74121e+02 2.73865e+02 2.72585e+02 2.72061e+02 2.71565e+02
2.70000e+02 2.70000e+02 2.70000e+02 2.70811e+02 2.68121e+02 2.74121e+02 2.73865e+02 2.72585e+02 2.72061e+02 2.71565e+02
5.00000e+01 1.50000e+02 2.50000e+02 2.70614e+02 2.68108e+02 2.73067e+02 2.72674e+02 2.72593e+02 2.72104e+02 2.71711e+02
4.04482e+01 1.50000e+02 2.46273e+02 2.70271e+02 2.68071e+02 2.69317e+02 2.68793e+02 2.72452e+02 2.72122e+02 2.71759e+02
3.75887e+01 1.50000e+02 2.41846e+02 2.69703e+02 2.68004e+02 2.64030e+02 2.63741e+02 2.71956e+02 2.72018e+02 2.71725e+02
3.54499e+01 1.41619e+02 2.37155e+02 2.68820e+02 2.67895e+02 2.58269e+02 2.58552e+02 2.71039e+02 2.71718e+02 2.71578e+02
3.39520e+01 1.35134e+02 2.31964e+02 2.67609e+02 2.67732e+02 2.52525e+02 2.53559e+02 2.69764e+02 2.71193e+02 2.71296e+02
3.28175e+01 1.29162e+02 2.26444e+02 2.66118e+02 2.67519e+02 2.47022e+02 2.48861e+02 2.68231e+02 2.70458e+02 2.70876e+02
3.19139e+01 1.23904e+02 2.21002e+02 2.64425e+02 2.67264e+02 2.41861e+02 2.44482e+02 2.66530e+02 2.69550e+02 2.70334e+02
3.11712e+01 1.19315e+02 2.15838e+02 2.62609e+02 2.66981e+02 2.37080e+02 2.40423e+02 2.64732e+02 2.68509e+02 2.69690e+02
3.05476e+01 1.15306e+02 2.11029e+02 2.60738e+02 2.66681e+02 2.32679e+02 2.36670e+02 2.62889e+02 2.67376e+02 2.68971e+02
3.00158e+01 1.11790e+02 2.06598e+02 2.58863e+02 2.66375e+02 2.28643e+02 2.33204e+02 2.61039e+02 2.66182e+02 2.68199e+02
2.95568e+01 1.08691e+02 2.02538e+02 2.57022e+02 2.66070e+02 2.24946e+02 2.30004e+02 2.59210e+02 2.64958e+02 2.67394e+02
2.91179e+01 1.05947e+02 1.98831e+02 2.55240e+02 2.65772e+02 2.21560e+02 2.27049e+02 2.57423e+02 2.63725e+02 2.66574e+02
2.86362e+01 1.03491e+02 1.95450e+02 2.53533e+02 2.65484e+02 2.18456e+02 2.24316e+02 2.55691e+02 2.62501e+02 2.65753e+02
2.82001e+01 1.01277e+02 1.92367e+02 2.51909e+02 2.65209e+02 2.15604e+02 2.21786e+02 2.54024e+02 2.61300e+02 2.64942e+02
2.78085e+01 9.92812e+01 1.89556e+02 2.50375e+02 2.64948e+02 2.12978e+02 2.19439e+02 2.52427e+02 2.60131e+02 2.64148e+02
2.74564e+01 9.74805e+01 1.86990e+02 2.48931e+02 2.64701e+02 2.10556e+02 2.17259e+02 2.50903e+02 2.59002e+02 2.63379e+02
2.71386e+01 9.58533e+01 1.84646e+02 2.47576e+02 2.64469e+02 2.08317e+02 2.15232e+02 2.49455e+02 2.57917e+02 2.62637e+02
2.68509e+01 9.43804e+01 1.82505e+02 2.46307e+02 2.64252e+02 2.06242e+02 2.13343e+02 2.48081e+02 2.56880e+02 2.61926e+02
2.65895e+01 9.30448e+01 1.80546e+02 2.45121e+02 2.64048e+02 2.04317e+02 2.11581e+02 2.46781e+02 2.55892e+02 2.61247e+02
2.63512e+01 9.18318e+01 1.78754e+02 2.44015e+02 2.63858e+02 2.02526e+02 2.09936e+02 2.45552e+02 2.54953e+02 2.60602e+02
2.61334e+01 9.07282e+01 1.77113e+02 2.42983e+02 2.63680e+02 2.00859e+02 2.08399e+02 2.44393e+02 2.54063e+02 2.59990e+02
2.59338e+01 8.97227e+01 1.75609e+02 2.42022e+02 2.63515e+02 1.99303e+02 2.06960e+02 2.43300e+02 2.53222e+02 2.59411e+02
2.57505e+01 8.88050e+01 1.74229e+02 2.41127e+02 2.63361e+02 1.97849e+02 2.05613e+02 2.42271e+02 2.52427e+02 2.58865e+02
2.55816e+01 8.79664e+01 1.72963e+02 2.40294e+02 2.63217e+02 1.96488e+02 2.04349e+02 2.41302e+02 2.51677e+02 2.58349e+02
2.54259e+01 8.71988e+01 1.71799e+02 2.39518e+02 2.63083e+02 1.95214e+02 2.03164e+02 2.40391e+02 2.50971e+02 2.57863e+02
2.52819e+01 8.64955e+01 1.70729e+02 2.38797e+02 2.62959e+02 1.94019e+02 2.02050e+02 2.39533e+02 2.50306e+02 2.57406e+02
2.51485e+01 8.58501e+01 1.69745e+02 2.38125e+02 2.62843e+02 1.92897e+02 2.01004e+02 2.38727e+02 2.49681e+02 2.56976e+02
2.50249e+01 8.52572e+01 1.68839e+02 2.37500e+02 2.62735e+02 1.91843e+02 2.00020e+02 2.37969e+02 2.49093e+02 2.56573e+02
2.49100e+01 8.47118e+01 1.68003e+02 2.36918e+02 2.62635e+02 1.90852e+02 1.99094e+02 2.37256e+02 2.48539e+02 2.56193e+02
2.48032e+01 8.42095e+01 1.67232e+02 2.36376e+02 2.62542e+02 1.89918e+02 1.98221e+02 2.36585e+02 2.48019e+02 2.55837e+02
2.47037e+01 8.37466e+01 1.66520e+02 2.35871e+02 2.62455e+02 1.89039e+02 1.97399e+02 2.35955e+02 2.47530e+02 2.55502e+02
2.46110e+01 8.33193e+01 1.65863e+02 2.35400e+02 2.62373e+02 1.88209e+02 1.96625e+02 2.35362e+02 2.47071e+02 2.55188e+02
2.45244e+01 8.29246e+01 1.65254e+02 2.34961e+02 2.62298e+02 1.87427e+02 1.95893e+02 2.34803e+02 2.46639e+02 2.54892e+02
2.44435e+01 8.25596e+01 1.64692e+02 2.34552e+02 2.62227e+02 1.86689e+02 1.95203e+02 2.34278e+02 2.46232e+02 2.54615e+02
2.43679e+01 8.22217e+01 1.64170e+02 2.34171e+02 2.62162e+02 1.85991e+02 1.94552e+02 2.33783e+02 2.45850e+02 2.54355e+02
2.42971e+01 8.19087e+01 1.63687e+02 2.33814e+02 2.62100e+02 1.85332e+02 1.93936e+02 2.33318e+02 2.45491e+02 2.54110e+02
