2.70000000e+02
5.00000000e+01
4.05095300e+01
3.76619830e+01
3.55169420e+01
3.40137920e+01
3.28752320e+01
3.19676820e+01
3.12203810e+01
3.05913340e+01
3.00533450e+01
2.95876220e+01
2.91480000e+01
2.86573070e+01
2.82109990e+01
2.78090820e+01
2.74465850e+01
2.71186520e+01
2.68210230e+01
2.65500540e+01
2.63026330e+01
2.60761060e+01
2.58681940e+01
2.56769360e+01
2.55006350e+01
2.53378140e+01
2.51871810e+01
2.50476040e+01
2.49180810e+01
2.47977280e+01
2.46857560e+01
2.45814620e+01
2.44842150e+01
2.43934490e+01
2.43086530e+01
2.42293660e+01
2.41551690e+01
2.70000000e+02
1.50000000e+02
1.50000000e+02
1.50000000e+02
1.41876079e+02
1.35373249e+02
1.29435290e+02
1.24200105e+02
1.19623926e+02
1.15620205e+02
1.12103696e+02
1.09000919e+02
1.06249965e+02
1.03783934e+02
1.01558283e+02
9.95487640e+01
9.77328390e+01
9.60895790e+01
9.46001910e+01
9.32480440e+01
9.20184890e+01
9.08986390e+01
8.98771470e+01
8.89440080e+01
8.80903790e+01
8.73084290e+01
8.65912110e+01
8.59325460e+01
8.53269310e+01
8.47694510e+01
8.42557130e+01
8.37817780e+01
8.33441140e+01
8.29395440e+01
8.25652070e+01
8.22185240e+01
8.18971650e+01
2.70000000e+02
2.50000000e+02
2.46709059e+02
2.42483089e+02
2.37877195e+02
2.32737501e+02
2.27236436e+02
2.21792902e+02
2.16616231e+02
2.11790826e+02
2.07340676e+02
2.03260685e+02
1.99532126e+02
1.96130156e+02
1.93026877e+02
1.90194538e+02
1.87607778e+02
1.85243808e+02
1.83082067e+02
1.81103940e+02
1.79292559e+02
1.77632642e+02
1.76110354e+02
1.74713174e+02
1.73429783e+02
1.72249944e+02
1.71164406e+02
1.70164803e+02
1.69243572e+02
1.68393869e+02
1.67609502e+02
1.66884863e+02
1.66214870e+02
1.65594915e+02
1.65020816e+02
1.64488777e+02
1.63995347e+02
2.72893953e+02
2.72476906e+02
2.71943853e+02
2.71217641e+02
2.70205102e+02
2.68886665e+02
2.67307841e+02
2.65541910e+02
2.63665122e+02
2.61742814e+02
2.59825058e+02
2.57947534e+02
2.56134188e+02
2.54400116e+02
2.52753874e+02
2.51199362e+02
2.49737219e+02
2.48365919e+02
2.47082562e+02
2.45883415e+02
2.44764275e+02
2.43720708e+02
2.42748217e+02
2.41842345e+02
2.40998751e+02
2.40213262e+02
2.39481895e+02
2.38800879e+02
2.38166664e+02
2.37575916e+02
2.37025520e+02
2.36512569e+02
2.36034359e+02
2.35588378e+02
2.35172293e+02
2.34783944e+02
2.34421328e+02
2.68467382e+02
2.68436516e+02
2.68367791e+02
2.68272156e+02
2.68137798e+02
2.67955012e+02
2.67724938e+02
2.67456560e+02
2.67161890e+02
2.66852632e+02
2.66538534e+02
2.66226966e+02
2.65923129e+02
2.65630484e+02
2.65351172e+02
2.65086364e+02
2.64836544e+02
2.64601717e+02
2.64381574e+02
2.64175606e+02
2.63983188e+02
2.63803624e+02
2.63636190e+02
2.63480157e+02
2.63334805e+02
2.63199432e+02
2.63073369e+02
2.62955976e+02
2.62846648e+02
2.62744816e+02
2.62649945e+02
2.62561539e+02
2.62479131e+02
2.62402288e+02
2.62330610e+02
2.62263723e+02
2.62201280e+02
2.76234415e+02
2.75213354e+02
2.71702305e+02
2.66635770e+02
2.61011889e+02
2.55320259e+02
2.49798001e+02
2.44561043e+02
2.39659762e+02
2.35107821e+02
2.30898640e+02
2.27015015e+02
2.23434735e+02
2.20133472e+02
2.17086164e+02
2.14269241e+02
2.11661418e+02
2.09243556e+02
2.06998482e+02
2.04910819e+02
2.02966813e+02
2.01154164e+02
1.99461868e+02
1.97880067e+02
1.96399912e+02
1.95013448e+02
1.93713504e+02
1.92493601e+02
1.91347869e+02
1.90270977e+02
1.89258072e+02
1.88304721e+02
1.87406871e+02
1.86560803e+02
1.85763098e+02
1.85010608e+02
1.84300428e+02
2.76010325e+02
2.74669969e+02
2.70657565e+02
2.65494612e+02
2.60203095e+02
2.55109804e+02
2.50308140e+02
2.45821685e+02
2.41648910e+02
2.37777349e+02
2.34189435e+02
2.30865475e+02
2.27785331e+02
2.24928906e+02
2.22276327e+02
2.19809761e+02
2.17513517e+02
2.15373541e+02
2.13377154e+02
2.11512886e+02
2.09770358e+02
2.08140167e+02
2.06613785e+02
2.05183463e+02
2.03842152e+02
2.02583425e+02
2.01401412e+02
2.00290742e+02
1.99246490e+02
1.98264135e+02
1.97339517e+02
1.96468802e+02
1.95648451e+02
1.94875196e+02
1.94146010e+02
1.93458089e+02
1.92808830e+02
2.74995067e+02
2.74812081e+02
2.74466549e+02
2.73769860e+02
2.72669703e+02
2.71238812e+02
2.69577948e+02
2.67773679e+02
2.65891466e+02
2.63979041e+02
2.62070915e+02
2.60191928e+02
2.58359793e+02
2.56586864e+02
2.54881403e+02
2.53248476e+02
2.51690769e+02
2.50209235e+02
2.48803558e+02
2.47472483e+02
2.46214077e+02
2.45025923e+02
2.43905275e+02
2.42849180e+02
2.41854569e+02
2.40918332e+02
2.40037370e+02
2.39208637e+02
2.38429165e+02
2.37696091e+02
2.37006666e+02
2.36358264e+02
2.35748390e+02
2.35174680e+02
2.34634897e+02
2.34126935e+02
2.33648809e+02
2.74321897e+02
2.74161475e+02
2.73931139e+02
2.73628217e+02
2.73179558e+02
2.72547539e+02
2.71736820e+02
2.70774886e+02
2.69696479e+02
2.68535711e+02
2.67322891e+02
2.66083573e+02
2.64838565e+02
2.63604333e+02
2.62393556e+02
2.61215678e+02
2.60077458e+02
2.58983488e+02
2.57936652e+02
2.56938496e+02
2.55989542e+02
2.55089528e+02
2.54237608e+02
2.53432505e+02
2.52672638e+02
2.51956221e+02
2.51281337e+02
2.50645996e+02
2.50048184e+02
2.49485897e+02
2.48957162e+02
2.48460061e+02
2.47992743e+02
2.47553430e+02
2.47140427e+02
2.46752121e+02
2.46386986e+02
2.73532455e+02
2.73278634e+02
2.73081619e+02
2.72869377e+02
2.72585854e+02
2.72196938e+02
2.71694028e+02
2.71086402e+02
2.70392468e+02
2.69633600e+02
2.68830603e+02
2.68001987e+02
2.67163326e+02
2.66327215e+02
2.65503494e+02
2.64699603e+02
2.63920955e+02
2.63171312e+02
2.62453116e+02
2.61767779e+02
2.61115916e+02
2.60497533e+02
2.59912182e+02
2.59359080e+02
2.58837203e+02
2.58345364e+02
2.57882266e+02
2.57446552e+02
2.57036837e+02
2.56651736e+02
2.56289882e+02
2.55949942e+02
2.55630626e+02
2.55330694e+02
2.55048964e+02
2.54784308e+02
2.54535662e+02
