2.70000e+02 2.70000e+02 2.70000e+02 2.70150e+02 2.68036e+02 2.71705e+02 2.71705e+02 2.71662e+02 2.71593e+02 2.71447e+02
2.70000e+02 2.70000e+02 2.70000e+02 2.70150e+02 2.68036e+02 2.71705e+02 2.71705e+02 2.71662e+02 2.71593e+02 2.71447e+02
5.00000e+01 1.50000e+02 2.50000e+02 2.70076e+02 2.68033e+02 2.70796e+02 2.70678e+02 2.71657e+02 2.71596e+02 2.71447e+02
4.02240e+01 1.50000e+02 2.46133e+02 2.69800e+02 2.68009e+02 2.67309e+02 2.67062e+02 2.71522e+02 2.71573e+02 2.71434e+02
3.72984e+01 1.50000e+02 2.41627e+02 2.69276e+02 2.67950e+02 2.62313e+02 2.62281e+02 2.71056e+02 2.71445e+02 2.71372e+02
3.51800e+01 1.41373e+02 2.36881e+02 2.68431e+02 2.67843e+02 2.56827e+02 2.57331e+02 2.70194e+02 2.71134e+02 2.71213e+02
3.37066e+01 1.34785e+02 2.31630e+02 2.67256e+02 2.67679e+02 2.51323e+02 2.52542e+02 2.68994e+02 2.70611e+02 2.70933e+02
3.25939e+01 1.28764e+02 2.26065e+02 2.65805e+02 2.67461e+02 2.46022e+02 2.48014e+02 2.67551e+02 2.69891e+02 2.70527e+02
3.17092e+01 1.23488e+02 2.20600e+02 2.64157e+02 2.67200e+02 2.41026e+02 2.43775e+02 2.65950e+02 2.69011e+02 2.70011e+02
3.09826e+01 1.18898e+02 2.15430e+02 2.62389e+02 2.66909e+02 2.36374e+02 2.39830e+02 2.64258e+02 2.68010e+02 2.69406e+02
3.03725e+01 1.14898e+02 2.10629e+02 2.60569e+02 2.66600e+02 2.32075e+02 2.36169e+02 2.62525e+02 2.66927e+02 2.68734e+02
2.98520e+01 1.11396e+02 2.06216e+02 2.58749e+02 2.66285e+02 2.28114e+02 2.32779e+02 2.60788e+02 2.65795e+02 2.68019e+02
2.94026e+01 1.08316e+02 2.02183e+02 2.56966e+02 2.65972e+02 2.24474e+02 2.29642e+02 2.59075e+02 2.64639e+02 2.67279e+02
2.89196e+01 1.05588e+02 1.98506e+02 2.55243e+02 2.65666e+02 2.21129e+02 2.26739e+02 2.57405e+02 2.63482e+02 2.66532e+02
2.84409e+01 1.03142e+02 1.95160e+02 2.53597e+02 2.65371e+02 2.18054e+02 2.24051e+02 2.55791e+02 2.62341e+02 2.65789e+02
2.80111e+01 1.00943e+02 1.92115e+02 2.52036e+02 2.65090e+02 2.15223e+02 2.21559e+02 2.54242e+02 2.61227e+02 2.65060e+02
2.76257e+01 9.89655e+01 1.89342e+02 2.50565e+02 2.64824e+02 2.12612e+02 2.19248e+02 2.52764e+02 2.60150e+02 2.64352e+02
2.72793e+01 9.71839e+01 1.86816e+02 2.49184e+02 2.64573e+02 2.10202e+02 2.17102e+02 2.51360e+02 2.59116e+02 2.63671e+02
2.69668e+01 9.55764e+01 1.84513e+02 2.47893e+02 2.64338e+02 2.07973e+02 2.15107e+02 2.50030e+02 2.58129e+02 2.63020e+02
2.66840e+01 9.41235e+01 1.82413e+02 2.46688e+02 2.64118e+02 2.05909e+02 2.13252e+02 2.48775e+02 2.57192e+02 2.62400e+02
2.64272e+01 9.28081e+01 1.80496e+02 2.45566e+02 2.63913e+02 2.03995e+02 2.11525e+02 2.47593e+02 2.56304e+02 2.61813e+02
2.61934e+01 9.16152e+01 1.78746e+02 2.44523e+02 2.63723e+02 2.02218e+02 2.09916e+02 2.46482e+02 2.55466e+02 2.61258e+02
2.59800e+01 9.05317e+01 1.77148e+02 2.43555e+02 2.63545e+02 2.00565e+02 2.08416e+02 2.45438e+02 2.54676e+02 2.60736e+02
2.57846e+01 8.95462e+01 1.75686e+02 2.42656e+02 2.63380e+02 1.99026e+02 2.07017e+02 2.44460e+02 2.53935e+02 2.60246e+02
2.56055e+01 8.86486e+01 1.74349e+02 2.41823e+02 2.63227e+02 1.97593e+02 2.05710e+02 2.43543e+02 2.53239e+02 2.59786e+02
2.54409e+01 8.78299e+01 1.73125e+02 2.41050e+02 2.63086e+02 1.96255e+02 2.04490e+02 2.42685e+02 2.52587e+02 2.59356e+02
2.52894e+01 8.70822e+01 1.72003e+02 2.40335e+02 2.62954e+02 1.95006e+02 2.03348e+02 2.41882e+02 2.51976e+02 2.58953e+02
2.51496e+01 8.63986e+01 1.70976e+02 2.39672e+02 2.62833e+02 1.93839e+02 2.02280e+02 2.41131e+02 2.51405e+02 2.58577e+02
2.50206e+01 8.57730e+01 1.70033e+02 2.39057e+02 2.62720e+02 1.92747e+02 2.01281e+02 2.40429e+02 2.50871e+02 2.58226e+02
2.49013e+01 8.51997e+01 1.69167e+02 2.38489e+02 2.62615e+02 1.91725e+02 2.00345e+02 2.39772e+02 2.50372e+02 2.57898e+02
2.47908e+01 8.46738e+01 1.68372e+02 2.37961e+02 2.62518e+02 1.90767e+02 1.99468e+02 2.39157e+02 2.49905e+02 2.57592e+02
2.46884e+01 8.41910e+01 1.67641e+02 2.37473e+02 2.62429e+02 1.89869e+02 1.98645e+02 2.38583e+02 2.49469e+02 2.57307e+02
2.45934e+01 8.37472e+01 1.66968e+02 2.37020e+02 2.62346e+02 1.89027e+02 1.97873e+02 2.38046e+02 2.49062e+02 2.57040e+02
2.45051e+01 8.33391e+01 1.66349e+02 2.36601e+02 2.62269e+02 1.88237e+02 1.97149e+02 2.37543e+02 2.48682e+02 2.56792e+02
2.44231e+01 8.29633e+01 1.65779e+02 2.36212e+02 2.62197e+02 1.87494e+02 1.96469e+02 2.37073e+02 2.48327e+02 2.56561e+02
2.43467e+01 8.26170e+01 1.65253e+02 2.35851e+02 2.62131e+02 1.86797e+02 1.95830e+02 2.36633e+02 2.47995e+02 2.56345e+02
2.42756e+01 8.22977e+01 1.64768e+02 2.35515e+02 2.62069e+02 1.86141e+02 1.95229e+02 2.36221e+02 2.47684e+02 2.56143e+02
2.42093e+01 8.20030e+01 1.64321e+02 2.35204e+02 2.62012e+02 1.85524e+02 1.94664e+02 2.35835e+02 2.47394e+02 2.55955e+02
