2.70000000e+02
5.00000000e+01
4.02903290e+01
3.74028600e+01
3.52812740e+01
3.37979940e+01
3.26746530e+01
3.17797250e+01
3.10435820e+01
3.04247040e+01
2.98960680e+01
2.94389290e+01
2.89518870e+01
2.84636880e+01
2.80241650e+01
2.76289750e+01
2.72725120e+01
2.69497350e+01
2.66563290e+01
2.63886440e+01
2.61435940e+01
2.59185600e+01
2.57113110e+01
2.55199360e+01
2.53427920e+01
2.51784570e+01
2.50256940e+01
2.48834240e+01
2.47506990e+01
2.46266840e+01
2.45106370e+01
2.44019020e+01
2.42998920e+01
2.42040790e+01
2.41139920e+01
2.40292040e+01
2.39493280e+01
2.70000000e+02
1.50000000e+02
1.50000000e+02
1.50000000e+02
1.41604163e+02
1.35145568e+02
1.29198207e+02
1.23958334e+02
1.19382104e+02
1.15381724e+02
1.11870938e+02
1.08775477e+02
1.06028163e+02
1.03560137e+02
1.01336357e+02
9.93312020e+01
9.75205990e+01
9.58827160e+01
9.43982070e+01
9.30500830e+01
9.18234540e+01
9.07052770e+01
8.96841060e+01
8.87498760e+01
8.78937240e+01
8.71078220e+01
8.63852480e+01
8.57198650e+01
8.51062210e+01
8.45394670e+01
8.40152800e+01
8.35297960e+01
8.30795620e+01
8.26614820e+01
8.22727770e+01
8.19109470e+01
8.15737440e+01
2.70000000e+02
2.50000000e+02
2.46403296e+02
2.42043424e+02
2.37384499e+02
2.32212486e+02
2.26701207e+02
2.21261894e+02
2.16095760e+02
2.11283568e+02
2.06847577e+02
2.02781737e+02
1.99066660e+02
1.95676550e+02
1.92582785e+02
1.89757707e+02
1.87176139e+02
1.84815317e+02
1.82654618e+02
1.80675346e+02
1.78860562e+02
1.77194941e+02
1.75664633e+02
1.74257136e+02
1.72961168e+02
1.71766557e+02
1.70664131e+02
1.69645621e+02
1.68703572e+02
1.67831255e+02
1.67022603e+02
1.66272133e+02
1.65574894e+02
1.64926408e+02
1.64322624e+02
1.63759872e+02
1.63234828e+02
2.71403308e+02
2.71243816e+02
2.70880234e+02
2.70283887e+02
2.69381793e+02
2.68162234e+02
2.66673367e+02
2.64989177e+02
2.63185850e+02
2.61328458e+02
2.59466889e+02
2.57636825e+02
2.55862403e+02
2.54159013e+02
2.52535613e+02
2.50996538e+02
2.49542919e+02
2.48173753e+02
2.46886670e+02
2.45678448e+02
2.44545368e+02
2.43483449e+02
2.42488613e+02
2.41556794e+02
2.40684019e+02
2.39866451e+02
2.39100426e+02
2.38382470e+02
2.37709308e+02
2.37077866e+02
2.36485269e+02
2.35928838e+02
2.35406078e+02
2.34914670e+02
2.34452465e+02
2.34017468e+02
2.33607832e+02
2.68240457e+02
2.68230078e+02
2.68191020e+02
2.68117122e+02
2.67997629e+02
2.67824904e+02
2.67601579e+02
2.67337603e+02
2.67045581e+02
2.66737563e+02
2.66423490e+02
2.66110852e+02
2.65804942e+02
2.65509298e+02
2.65226131e+02
2.64956681e+02
2.64701495e+02
2.64460646e+02
2.64233889e+02
2.64020783e+02
2.63820758e+02
2.63633178e+02
2.63457367e+02
2.63292643e+02
2.63138326e+02
2.62993756e+02
2.62858298e+02
2.62731345e+02
2.62612325e+02
2.62500697e+02
2.62395955e+02
2.62297624e+02
2.62205265e+02
2.62118467e+02
2.62036847e+02
2.61960053e+02
2.61887757e+02
2.73869747e+02
2.73083431e+02
2.70019600e+02
2.65406415e+02
2.60168132e+02
2.54789676e+02
2.49519440e+02
2.44486383e+02
2.39751873e+02
2.35337715e+02
2.31242905e+02
2.27453884e+02
2.23950736e+02
2.20710326e+02
2.17708721e+02
2.14923479e+02
2.12334206e+02
2.09922552e+02
2.07672118e+02
2.05568317e+02
2.03598205e+02
2.01750307e+02
2.00014442e+02
1.98381564e+02
1.96843619e+02
1.95393412e+02
1.94024496e+02
1.92731076e+02
1.91507919e+02
1.90350287e+02
1.89253874e+02
1.88214749e+02
1.87229317e+02
1.86294276e+02
1.85406585e+02
1.84563437e+02
1.83762232e+02
2.73809991e+02
2.72700933e+02
2.69058373e+02
2.64269878e+02
2.59310119e+02
2.54500607e+02
2.49938685e+02
2.45653019e+02
2.41646724e+02
2.37911265e+02
2.34432351e+02
2.31193051e+02
2.28175524e+02
2.25361320e+02
2.22732602e+02
2.20273582e+02
2.17970241e+02
2.15809982e+02
2.13781450e+02
2.11874409e+02
2.10079626e+02
2.08388772e+02
2.06794315e+02
2.05289435e+02
2.03867939e+02
2.02524192e+02
2.01253052e+02
2.00049814e+02
1.98910162e+02
1.97830127e+02
1.96806052e+02
1.95834557e+02
1.94912514e+02
1.94037019e+02
1.93205376e+02
1.92415074e+02
1.91663773e+02
2.73537492e+02
2.73444686e+02
2.73207769e+02
2.72635712e+02
2.71660231e+02
2.70336312e+02
2.68753982e+02
2.66995677e+02
2.65126996e+02
2.63198104e+02
2.61246922e+02
2.59301917e+02
2.57384239e+02
2.55509327e+02
2.53688090e+02
2.51927881e+02
2.50233365e+02
2.48607194e+02
2.47050502e+02
2.45563282e+02
2.44144674e+02
2.42793194e+02
2.41506915e+02
2.40283604e+02
2.39120830e+02
2.38016045e+02
2.36966652e+02
2.35970050e+02
2.35023664e+02
2.34124982e+02
2.33271561e+02
2.32461047e+02
2.31691182e+02
2.30959806e+02
2.30264862e+02
2.29604392e+02
2.28976540e+02
2.73248464e+02
2.73137587e+02
2.72982801e+02
2.72744236e+02
2.72335077e+02
2.71715272e+02
2.70891226e+02
2.69893183e+02
2.68758781e+02
2.67524931e+02
2.66224536e+02
2.64885473e+02
2.63530584e+02
2.62178085e+02
2.60842127e+02
2.59533394e+02
2.58259696e+02
2.57026536e+02
2.55837585e+02
2.54695080e+02
2.53600149e+02
2.52553063e+02
2.51553453e+02
2.50600465e+02
2.49692900e+02
2.48829312e+02
2.48008090e+02
2.47227522e+02
2.46485840e+02
2.45781260e+02
2.45112007e+02
2.44476335e+02
2.43872547e+02
2.43298998e+02
2.42754106e+02
2.42236357e+02
2.41744305e+02
2.72736995e+02
2.72502846e+02
2.72366550e+02
2.72219339e+02
2.71997048e+02
2.71664995e+02
2.71215009e+02
2.70656328e+02
2.70006901e+02
2.69287529e+02
2.68518552e+02
2.67718205e+02
2.66901971e+02
2.66082498e+02
2.65269786e+02
2.64471496e+02
2.63693311e+02
2.62939293e+02
2.62212201e+02
2.61513773e+02
2.60844946e+02
2.60206046e+02
2.59596938e+02
2.59017141e+02
2.58465920e+02
2.57942368e+02
2.57445454e+02
2.56974074e+02
2.56527083e+02
2.56103322e+02
2.55701637e+02
2.55320892e+02
2.54959984e+02
2.54617845e+02
2.54293450e+02
2.53985819e+02
2.53694020e+02
