2.70000000e+02
5.00000000e+01
4.01794770e+01
3.72593390e+01
3.51484900e+01
3.36779490e+01
3.25656110e+01
3.16798990e+01
3.09515520e+01
3.03394310e+01
2.98168390e+01
2.93652950e+01
2.88655680e+01
2.83830860e+01
2.79502610e+01
2.75622060e+01
2.72132550e+01
2.68983610e+01
2.66132080e+01
2.63541400e+01
2.61180510e+01
2.59023030e+01
2.57046370e+01
2.55231120e+01
2.53560510e+01
2.52020000e+01
2.50596870e+01
2.49280020e+01
2.48059620e+01
2.46927010e+01
2.45874500e+01
2.44895240e+01
2.43983080e+01
2.43132530e+01
2.42338640e+01
2.41596920e+01
2.40903350e+01
2.70000000e+02
1.50000000e+02
1.50000000e+02
1.50000000e+02
1.41438322e+02
1.34902756e+02
1.28912157e+02
1.23650713e+02
1.19064971e+02
1.15062417e+02
1.11554220e+02
1.08464619e+02
1.05723047e+02
1.03262105e+02
1.01048239e+02
9.90551070e+01
9.72581700e+01
9.56353480e+01
9.41671540e+01
9.28365100e+01
9.16284680e+01
9.05299380e+01
8.95294280e+01
8.86168310e+01
8.77832370e+01
8.70207670e+01
8.63224430e+01
8.56820680e+01
8.50941290e+01
8.45537090e+01
8.40564150e+01
8.35983170e+01
8.31758880e+01
8.27859640e+01
8.24256940e+01
8.20925130e+01
8.17841030e+01
2.70000000e+02
2.50000000e+02
2.46199011e+02
2.41735575e+02
2.37024632e+02
2.31812034e+02
2.26275852e+02
2.20827216e+02
2.15662213e+02
2.10858366e+02
2.06435917e+02
2.02387530e+02
1.98692951e+02
1.95325668e+02
1.92256694e+02
1.89458312e+02
1.86905332e+02
1.84574959e+02
1.82446530e+02
1.80501304e+02
1.78722293e+02
1.77094117e+02
1.75602863e+02
1.74235957e+02
1.72982037e+02
1.71830841e+02
1.70773102e+02
1.69800444e+02
1.68905301e+02
1.68080832e+02
1.67320849e+02
1.66619750e+02
1.65972464e+02
1.65374394e+02
1.64821371e+02
1.64309611e+02
1.63835678e+02
2.70466400e+02
2.70342730e+02
2.70027410e+02
2.69477045e+02
2.68614629e+02
2.67428138e+02
2.65966794e+02
2.64306356e+02
2.62524999e+02
2.60689516e+02
2.58851120e+02
2.57046441e+02
2.55300241e+02
2.53628302e+02
2.52039748e+02
2.50538956e+02
2.49127003e+02
2.47802774e+02
2.46563738e+02
2.45406479e+02
2.44327062e+02
2.43321272e+02
2.42384789e+02
2.41513304e+02
2.40702595e+02
2.39948585e+02
2.39247374e+02
2.38595257e+02
2.37988741e+02
2.37424543e+02
2.36899589e+02
2.36411014e+02
2.35956147e+02
2.35532510e+02
2.35137800e+02
2.34769888e+02
2.34426800e+02
2.68092184e+02
2.68085111e+02
2.68054063e+02
2.67989008e+02
2.67877413e+02
2.67710554e+02
2.67490397e+02
2.67226848e+02
2.66932972e+02
2.66621511e+02
2.66303113e+02
2.65985870e+02
2.65675542e+02
2.65376002e+02
2.65089681e+02
2.64817956e+02
2.64561448e+02
2.64320255e+02
2.64094131e+02
2.63882608e+02
2.63685075e+02
2.63500844e+02
2.63329184e+02
2.63169349e+02
2.63020599e+02
2.62882211e+02
2.62753486e+02
2.62633760e+02
2.62522400e+02
2.62418810e+02
2.62322430e+02
2.62232739e+02
2.62149246e+02
2.62071499e+02
2.61999075e+02
2.61931582e+02
2.61868658e+02
2.71930279e+02
2.70956318e+02
2.67377174e+02
2.62290602e+02
2.56729344e+02
2.51169030e+02
2.45826838e+02
2.40801061e+02
2.36128653e+02
2.31813759e+02
2.27843260e+02
2.24195537e+02
2.20845320e+02
2.17765718e+02
2.14930483e+02
2.12315807e+02
2.09900366e+02
2.07665102e+02
2.05593030e+02
2.03669041e+02
2.01879711e+02
2.00213107e+02
1.98658613e+02
1.97206769e+02
1.95849129e+02
1.94578129e+02
1.93386980e+02
1.92269570e+02
1.91220380e+02
1.90234409e+02
1.89307118e+02
1.88434371e+02
1.87612392e+02
1.86837725e+02
1.86107195e+02
1.85417887e+02
1.84767111e+02
2.71928369e+02
2.70830976e+02
2.67124669e+02
2.62253964e+02
2.57229010e+02
2.52380173e+02
2.47805364e+02
2.43531496e+02
2.39559434e+02
2.35878393e+02
2.32471930e+02
2.29321088e+02
2.26406084e+02
2.23706563e+02
2.21203145e+02
2.18878672e+02
2.16717827e+02
2.14706806e+02
2.12833142e+02
2.11085574e+02
2.09453936e+02
2.07929043e+02
2.06502583e+02
2.05167031e+02
2.03915552e+02
2.02741937e+02
2.01640523e+02
2.00606145e+02
1.99634075e+02
1.98719981e+02
1.97859885e+02
1.97050128e+02
1.96287341e+02
1.95568413e+02
1.94890472e+02
1.94250858e+02
1.93647109e+02
2.71889876e+02
2.71847398e+02
2.71671015e+02
2.71159131e+02
2.70246141e+02
2.68993934e+02
2.67498597e+02
2.65845982e+02
2.64102563e+02
2.62317643e+02
2.60527340e+02
2.58757939e+02
2.57028369e+02
2.55351959e+02
2.53737704e+02
2.52191266e+02
2.50715835e+02
2.49312775e+02
2.47982096e+02
2.46722799e+02
2.45533149e+02
2.44410885e+02
2.43353390e+02
2.42357817e+02
2.41421187e+02
2.40540473e+02
2.39712648e+02
2.38934733e+02
2.38203829e+02
2.37517136e+02
2.36871967e+02
2.36265761e+02
2.35696085e+02
2.35160637e+02
2.34657244e+02
2.34183863e+02
2.33738571e+02
2.71775359e+02
2.71748073e+02
2.71693754e+02
2.71555204e+02
2.71255786e+02
2.70759242e+02
2.70071760e+02
2.69222304e+02
2.68247031e+02
2.67181362e+02
2.66056772e+02
2.64899821e+02
2.63732169e+02
2.62570986e+02
2.61429508e+02
2.60317614e+02
2.59242408e+02
2.58208764e+02
2.57219788e+02
2.56277205e+02
2.55381674e+02
2.54533039e+02
2.53730537e+02
2.52972958e+02
2.52258773e+02
2.51586243e+02
2.50953489e+02
2.50358561e+02
2.49799479e+02
2.49274276e+02
2.48781017e+02
2.48317821e+02
2.47882875e+02
2.47474443e+02
2.47090872e+02
2.46730591e+02
2.46392117e+02
2.71608433e+02
2.71572029e+02
2.71533200e+02
2.71449734e+02
2.71275827e+02
2.70983719e+02
2.70568674e+02
2.70042261e+02
2.69424270e+02
2.68736962e+02
2.68001752e+02
2.67237602e+02
2.66460441e+02
2.65683144e+02
2.64915771e+02
2.64165934e+02
2.63439187e+02
2.62739407e+02
2.62069139e+02
2.61429876e+02
2.60822306e+02
2.60246496e+02
2.59702048e+02
2.59188225e+02
2.58704043e+02
2.58248353e+02
2.57819894e+02
2.57417346e+02
2.57039359e+02
2.56684585e+02
2.56351695e+02
2.56039393e+02
2.55746429e+02
2.55471604e+02
2.55213775e+02
2.54971856e+02
2.54744822e+02
