2.70000e+02 2.70000e+02 2.70000e+02 2.70833e+02 2.68125e+02 2.72522e+02 2.72443e+02 2.72019e+02 2.71877e+02 2.71760e+02
2.70000e+02 2.70000e+02 2.70000e+02 2.70833e+02 2.68125e+02 2.72522e+02 2.72443e+02 2.72019e+02 2.71877e+02 2.71760e+02
5.00000e+01 1.50000e+02 2.50000e+02 2.70604e+02 2.68109e+02 2.71816e+02 2.71413e+02 2.72054e+02 2.71894e+02 2.71713e+02
4.02360e+01 1.50000e+02 2.46265e+02 2.70232e+02 2.68067e+02 2.68850e+02 2.67819e+02 2.71925e+02 2.71876e+02 2.71672e+02
3.73312e+01 1.50000e+02 2.41821e+02 2.69644e+02 2.67997e+02 2.64353e+02 2.63087e+02 2.71440e+02 2.71759e+02 2.71589e+02
3.52080e+01 1.41487e+02 2.37107e+02 2.68752e+02 2.67884e+02 2.59250e+02 2.58207e+02 2.70549e+02 2.71476e+02 2.71417e+02
3.37264e+01 1.34959e+02 2.31886e+02 2.67543e+02 2.67721e+02 2.54022e+02 2.53502e+02 2.69324e+02 2.70996e+02 2.71126e+02
3.26071e+01 1.28967e+02 2.26339e+02 2.66064e+02 2.67509e+02 2.48914e+02 2.49066e+02 2.67862e+02 2.70327e+02 2.70713e+02
3.17178e+01 1.23701e+02 2.20879e+02 2.64392e+02 2.67256e+02 2.44053e+02 2.44925e+02 2.66249e+02 2.69497e+02 2.70189e+02
3.09882e+01 1.19110e+02 2.15705e+02 2.62605e+02 2.66977e+02 2.39497e+02 2.41078e+02 2.64550e+02 2.68543e+02 2.69573e+02
3.03766e+01 1.15104e+02 2.10895e+02 2.60770e+02 2.66683e+02 2.35267e+02 2.37514e+02 2.62811e+02 2.67500e+02 2.68888e+02
2.98556e+01 1.11594e+02 2.06470e+02 2.58936e+02 2.66383e+02 2.31360e+02 2.34216e+02 2.61068e+02 2.66399e+02 2.68156e+02
2.94064e+01 1.08505e+02 2.02422e+02 2.57140e+02 2.66085e+02 2.27761e+02 2.31165e+02 2.59346e+02 2.65265e+02 2.67394e+02
2.89189e+01 1.05767e+02 1.98732e+02 2.55405e+02 2.65795e+02 2.24449e+02 2.28341e+02 2.57662e+02 2.64120e+02 2.66620e+02
2.84415e+01 1.03313e+02 1.95372e+02 2.53747e+02 2.65515e+02 2.21400e+02 2.25723e+02 2.56029e+02 2.62980e+02 2.65845e+02
2.80137e+01 1.01106e+02 1.92314e+02 2.52175e+02 2.65248e+02 2.18589e+02 2.23293e+02 2.54455e+02 2.61859e+02 2.65080e+02
2.76307e+01 9.91218e+01 1.89529e+02 2.50691e+02 2.64995e+02 2.15994e+02 2.21034e+02 2.52947e+02 2.60766e+02 2.64332e+02
2.72867e+01 9.73348e+01 1.86991e+02 2.49297e+02 2.64757e+02 2.13594e+02 2.18930e+02 2.51506e+02 2.59708e+02 2.63606e+02
2.69766e+01 9.57226e+01 1.84677e+02 2.47991e+02 2.64533e+02 2.11369e+02 2.16969e+02 2.50135e+02 2.58690e+02 2.62906e+02
2.66960e+01 9.42658e+01 1.82566e+02 2.46770e+02 2.64324e+02 2.09304e+02 2.15138e+02 2.48832e+02 2.57714e+02 2.62236e+02
2.64411e+01 9.29470e+01 1.80640e+02 2.45630e+02 2.64128e+02 2.07383e+02 2.13427e+02 2.47597e+02 2.56783e+02 2.61595e+02
2.62090e+01 9.17509e+01 1.78880e+02 2.44568e+02 2.63945e+02 2.05594e+02 2.11826e+02 2.46429e+02 2.55897e+02 2.60986e+02
2.59969e+01 9.06645e+01 1.77271e+02 2.43579e+02 2.63775e+02 2.03924e+02 2.10326e+02 2.45324e+02 2.55057e+02 2.60408e+02
2.58025e+01 8.96760e+01 1.75798e+02 2.42658e+02 2.63616e+02 2.02363e+02 2.08920e+02 2.44282e+02 2.54260e+02 2.59860e+02
2.56240e+01 8.87752e+01 1.74450e+02 2.41802e+02 2.63469e+02 2.00902e+02 2.07600e+02 2.43299e+02 2.53507e+02 2.59343e+02
2.54596e+01 8.79531e+01 1.73215e+02 2.41005e+02 2.63331e+02 1.99533e+02 2.06360e+02 2.42372e+02 2.52796e+02 2.58854e+02
2.53080e+01 8.72017e+01 1.72081e+02 2.40263e+02 2.63203e+02 1.98249e+02 2.05195e+02 2.41499e+02 2.52125e+02 2.58394e+02
2.51678e+01 8.65140e+01 1.71041e+02 2.39574e+02 2.63084e+02 1.97043e+02 2.04099e+02 2.40677e+02 2.51492e+02 2.57960e+02
2.50379e+01 8.58837e+01 1.70084e+02 2.38932e+02 2.62974e+02 1.95909e+02 2.03067e+02 2.39903e+02 2.50897e+02 2.57552e+02
2.49175e+01 8.53053e+01 1.69204e+02 2.38335e+02 2.62871e+02 1.94843e+02 2.02096e+02 2.39174e+02 2.50336e+02 2.57168e+02
2.48056e+01 8.47738e+01 1.68394e+02 2.37780e+02 2.62775e+02 1.93838e+02 2.01180e+02 2.38487e+02 2.49808e+02 2.56807e+02
2.47016e+01 8.42848e+01 1.67648e+02 2.37262e+02 2.62686e+02 1.92892e+02 2.00317e+02 2.37842e+02 2.49311e+02 2.56468e+02
2.46046e+01 8.38345e+01 1.66959e+02 2.36780e+02 2.62603e+02 1.92000e+02 1.99503e+02 2.37233e+02 2.48844e+02 2.56149e+02
2.45142e+01 8.34192e+01 1.66323e+02 2.36331e+02 2.62525e+02 1.91159e+02 1.98735e+02 2.36661e+02 2.48405e+02 2.55850e+02
2.44299e+01 8.30358e+01 1.65736e+02 2.35913e+02 2.62453e+02 1.90365e+02 1.98011e+02 2.36122e+02 2.47991e+02 2.55568e+02
2.43510e+01 8.26815e+01 1.65192e+02 2.35522e+02 2.62386e+02 1.89616e+02 1.97326e+02 2.35615e+02 2.47603e+02 2.55304e+02
2.42773e+01 8.23538e+01 1.64689e+02 2.35158e+02 2.62323e+02 1.88908e+02 1.96680e+02 2.35137e+02 2.47237e+02 2.55055e+02
2.42082e+01 8.20503e+01 1.64223e+02 2.34817e+02 2.62265e+02 1.88239e+02 1.96070e+02 2.34687e+02 2.46893e+02 2.54821e+02
