2.70000e+02 2.70000e+02 2.70000e+02 2.71994e+02 2.68377e+02 2.70923e+02 2.71237e+02 2.72663e+02 2.72891e+02 2.72777e+02
2.70000e+02 2.70000e+02 2.70000e+02 2.71994e+02 2.68377e+02 2.70923e+02 2.71237e+02 2.72663e+02 2.72891e+02 2.72777e+02
5.00000e+01 1.50000e+02 2.50000e+02 2.71587e+02 2.68344e+02 2.70209e+02 2.70284e+02 2.72527e+02 2.72739e+02 2.72497e+02
4.04505e+01 1.50000e+02 2.46483e+02 2.71060e+02 2.68271e+02 2.66994e+02 2.66677e+02 2.72257e+02 2.72531e+02 2.72296e+02
3.75851e+01 1.50000e+02 2.42139e+02 2.70333e+02 2.68168e+02 2.62157e+02 2.61864e+02 2.71662e+02 2.72259e+02 2.72084e+02
3.54393e+01 1.41651e+02 2.37467e+02 2.69311e+02 2.68022e+02 2.56738e+02 2.56874e+02 2.70674e+02 2.71848e+02 2.71799e+02
3.39380e+01 1.35191e+02 2.32269e+02 2.67980e+02 2.67822e+02 2.51252e+02 2.52044e+02 2.69351e+02 2.71254e+02 2.71405e+02
3.28024e+01 1.29231e+02 2.26721e+02 2.66388e+02 2.67570e+02 2.45944e+02 2.47477e+02 2.67790e+02 2.70481e+02 2.70891e+02
3.18988e+01 1.23971e+02 2.21238e+02 2.64612e+02 2.67278e+02 2.40929e+02 2.43204e+02 2.66076e+02 2.69555e+02 2.70269e+02
3.11564e+01 1.19372e+02 2.16025e+02 2.62729e+02 2.66957e+02 2.36252e+02 2.39228e+02 2.64275e+02 2.68512e+02 2.69558e+02
3.05332e+01 1.15347e+02 2.11166e+02 2.60805e+02 2.66622e+02 2.31926e+02 2.35540e+02 2.62439e+02 2.67385e+02 2.68779e+02
3.00017e+01 1.11813e+02 2.06685e+02 2.58889e+02 2.66282e+02 2.27940e+02 2.32126e+02 2.60603e+02 2.66206e+02 2.67956e+02
2.95429e+01 1.08696e+02 2.02579e+02 2.57017e+02 2.65945e+02 2.24275e+02 2.28968e+02 2.58793e+02 2.65002e+02 2.67106e+02
2.90991e+01 1.05934e+02 1.98828e+02 2.55212e+02 2.65618e+02 2.20908e+02 2.26046e+02 2.57028e+02 2.63792e+02 2.66247e+02
2.86165e+01 1.03458e+02 1.95409e+02 2.53489e+02 2.65303e+02 2.17813e+02 2.23341e+02 2.55321e+02 2.62594e+02 2.65392e+02
2.81800e+01 1.01226e+02 1.92292e+02 2.51855e+02 2.65002e+02 2.14964e+02 2.20833e+02 2.53682e+02 2.61421e+02 2.64552e+02
2.77881e+01 9.92142e+01 1.89451e+02 2.50315e+02 2.64718e+02 2.12337e+02 2.18506e+02 2.52115e+02 2.60282e+02 2.63733e+02
2.74356e+01 9.73991e+01 1.86860e+02 2.48869e+02 2.64450e+02 2.09912e+02 2.16343e+02 2.50623e+02 2.59184e+02 2.62942e+02
2.71174e+01 9.57592e+01 1.84496e+02 2.47514e+02 2.64199e+02 2.07667e+02 2.14331e+02 2.49207e+02 2.58132e+02 2.62183e+02
2.68294e+01 9.42753e+01 1.82336e+02 2.46249e+02 2.63964e+02 2.05588e+02 2.12457e+02 2.47867e+02 2.57128e+02 2.61458e+02
2.65677e+01 9.29304e+01 1.80364e+02 2.45069e+02 2.63744e+02 2.03658e+02 2.10711e+02 2.46601e+02 2.56173e+02 2.60768e+02
2.63294e+01 9.17095e+01 1.78561e+02 2.43969e+02 2.63540e+02 2.01863e+02 2.09082e+02 2.45407e+02 2.55268e+02 2.60113e+02
2.61116e+01 9.05995e+01 1.76911e+02 2.42946e+02 2.63349e+02 2.00193e+02 2.07560e+02 2.44284e+02 2.54413e+02 2.59495e+02
2.59121e+01 8.95888e+01 1.75401e+02 2.41994e+02 2.63171e+02 1.98636e+02 2.06138e+02 2.43227e+02 2.53606e+02 2.58911e+02
2.57290e+01 8.86673e+01 1.74018e+02 2.41109e+02 2.63006e+02 1.97183e+02 2.04807e+02 2.42233e+02 2.52846e+02 2.58362e+02
2.55605e+01 8.78258e+01 1.72749e+02 2.40287e+02 2.62853e+02 1.95826e+02 2.03561e+02 2.41301e+02 2.52131e+02 2.57845e+02
2.54052e+01 8.70564e+01 1.71586e+02 2.39524e+02 2.62710e+02 1.94555e+02 2.02394e+02 2.40425e+02 2.51459e+02 2.57360e+02
2.52618e+01 8.63520e+01 1.70517e+02 2.38814e+02 2.62578e+02 1.93366e+02 2.01300e+02 2.39604e+02 2.50828e+02 2.56905e+02
2.51292e+01 8.57064e+01 1.69535e+02 2.38155e+02 2.62454e+02 1.92251e+02 2.00273e+02 2.38833e+02 2.50237e+02 2.56478e+02
2.50064e+01 8.51140e+01 1.68631e+02 2.37543e+02 2.62340e+02 1.91205e+02 1.99309e+02 2.38110e+02 2.49682e+02 2.56078e+02
2.48925e+01 8.45697e+01 1.67800e+02 2.36974e+02 2.62234e+02 1.90224e+02 1.98404e+02 2.37433e+02 2.49162e+02 2.55703e+02
2.47867e+01 8.40692e+01 1.67034e+02 2.36445e+02 2.62135e+02 1.89301e+02 1.97553e+02 2.36797e+02 2.48674e+02 2.55352e+02
2.46883e+01 8.36084e+01 1.66328e+02 2.35954e+02 2.62043e+02 1.88434e+02 1.96753e+02 2.36201e+02 2.48217e+02 2.55024e+02
2.45967e+01 8.31837e+01 1.65677e+02 2.35497e+02 2.61958e+02 1.87618e+02 1.96000e+02 2.35641e+02 2.47789e+02 2.54716e+02
2.45114e+01 8.27919e+01 1.65076e+02 2.35072e+02 2.61878e+02 1.86850e+02 1.95291e+02 2.35116e+02 2.47388e+02 2.54428e+02
2.44319e+01 8.24302e+01 1.64520e+02 2.34676e+02 2.61805e+02 1.86126e+02 1.94624e+02 2.34624e+02 2.47012e+02 2.54159e+02
2.43576e+01 8.20959e+01 1.64006e+02 2.34308e+02 2.61736e+02 1.85444e+02 1.93995e+02 2.34162e+02 2.46659e+02 2.53907e+02
2.42882e+01 8.17867e+01 1.63531e+02 2.33965e+02 2.61672e+02 1.84801e+02 1.93402e+02 2.33727e+02 2.46329e+02 2.53670e+02
