2.70000000e+02
5.00000000e+01
4.02777180e+01
3.73865200e+01
3.52654780e+01
3.37845650e+01
3.26647680e+01
3.17737500e+01
3.10413920e+01
3.04259780e+01
2.99004710e+01
2.94462040e+01
2.89658430e+01
2.84816820e+01
2.80461160e+01
2.76550630e+01
2.73030220e+01
2.69850120e+01
2.66967550e+01
2.64346160e+01
2.61955060e+01
2.59767950e+01
2.57762290e+01
2.55918730e+01
2.54220520e+01
2.52653100e+01
2.51203780e+01
2.49861410e+01
2.48616200e+01
2.47459460e+01
2.46383480e+01
2.45381400e+01
2.44447060e+01
2.43574950e+01
2.42760100e+01
2.41998040e+01
2.41284690e+01
2.70000000e+02
1.50000000e+02
1.50000000e+02
1.50000000e+02
1.41557151e+02
1.35068468e+02
1.29101166e+02
1.23849130e+02
1.19265815e+02
1.15261847e+02
1.11750003e+02
1.08655440e+02
1.05911024e+02
1.03447761e+02
1.01229977e+02
9.92320180e+01
9.74298210e+01
9.58015630e+01
9.43278960e+01
9.29918200e+01
9.17784260e+01
9.06746400e+01
8.96689760e+01
8.87513250e+01
8.79127660e+01
8.71454140e+01
8.64422820e+01
8.57971650e+01
8.52045430e+01
8.46594930e+01
8.41576210e+01
8.36949920e+01
8.32680800e+01
8.28737190e+01
8.25090600e+01
8.21715400e+01
8.18588420e+01
2.70000000e+02
2.50000000e+02
2.46384405e+02
2.42002599e+02
2.37318612e+02
2.32116364e+02
2.26576220e+02
2.21112903e+02
2.15927911e+02
2.11101902e+02
2.06656907e+02
2.02586603e+02
1.98871324e+02
1.95485035e+02
1.92398875e+02
1.89584922e+02
1.87017740e+02
1.84674338e+02
1.82533881e+02
1.80577479e+02
1.78788013e+02
1.77149987e+02
1.75649387e+02
1.74273552e+02
1.73011048e+02
1.71851552e+02
1.70785746e+02
1.69805219e+02
1.68902371e+02
1.68070338e+02
1.67302916e+02
1.66594491e+02
1.65939985e+02
1.65334795e+02
1.64774750e+02
1.64256068e+02
1.63775313e+02
2.71348189e+02
2.71130889e+02
2.70748823e+02
2.70139726e+02
2.69220776e+02
2.67980153e+02
2.66468925e+02
2.64764068e+02
2.62944016e+02
2.61075254e+02
2.59208417e+02
2.57379454e+02
2.55612449e+02
2.53922545e+02
2.52318331e+02
2.50803716e+02
2.49379382e+02
2.48043876e+02
2.46794398e+02
2.45627315e+02
2.44538526e+02
2.43523690e+02
2.42578395e+02
2.41698266e+02
2.40879036e+02
2.40116600e+02
2.39407039e+02
2.38746643e+02
2.38131916e+02
2.37559577e+02
2.37026560e+02
2.36530008e+02
2.36067258e+02
2.35635843e+02
2.35233469e+02
2.34858015e+02
2.34507517e+02
2.68211158e+02
2.68196512e+02
2.68154580e+02
2.68081721e+02
2.67965452e+02
2.67797260e+02
2.67579399e+02
2.67321672e+02
2.67036622e+02
2.66736273e+02
2.66430545e+02
2.66126901e+02
2.65830594e+02
2.65545111e+02
2.65272607e+02
2.65014264e+02
2.64770570e+02
2.64541544e+02
2.64326890e+02
2.64126118e+02
2.63938617e+02
2.63763708e+02
2.63600683e+02
2.63448825e+02
2.63307425e+02
2.63175796e+02
2.63053276e+02
2.62939235e+02
2.62833079e+02
2.62734245e+02
2.62642208e+02
2.62556477e+02
2.62476593e+02
2.62402132e+02
2.62332696e+02
2.62267920e+02
2.62207463e+02
2.73988832e+02
2.73171282e+02
2.70072919e+02
2.65461499e+02
2.60254987e+02
2.54925981e+02
2.49714316e+02
2.44743709e+02
2.40072844e+02
2.35722660e+02
2.31692404e+02
2.27969316e+02
2.24534449e+02
2.21365589e+02
2.18439528e+02
2.15734318e+02
2.13229819e+02
2.10907724e+02
2.08751502e+02
2.06746300e+02
2.04878810e+02
2.03137123e+02
2.01510591e+02
1.99989682e+02
1.98565849e+02
1.97231423e+02
1.95979496e+02
1.94803839e+02
1.93698817e+02
1.92659317e+02
1.91680692e+02
1.90758704e+02
1.89889478e+02
1.89069466e+02
1.88295407e+02
1.87564302e+02
1.86873386e+02
2.73866337e+02
2.72708999e+02
2.69006512e+02
2.64191668e+02
2.59233105e+02
2.54440978e+02
2.49907157e+02
2.45658265e+02
2.41696822e+02
2.38014247e+02
2.34596327e+02
2.31426150e+02
2.28485766e+02
2.25756480e+02
2.23220059e+02
2.20860215e+02
2.18662351e+02
2.16613239e+02
2.14700864e+02
2.12914318e+02
2.11243708e+02
2.09680061e+02
2.08215231e+02
2.06841817e+02
2.05553085e+02
2.04342896e+02
2.03205646e+02
2.02136209e+02
2.01129888e+02
2.00182372e+02
1.99289696e+02
1.98448209e+02
1.97654543e+02
1.96905585e+02
1.96198458e+02
1.95530495e+02
1.94899224e+02
2.73235677e+02
2.73136170e+02
2.72892262e+02
2.72309159e+02
2.71331803e+02
2.70027899e+02
2.68493084e+02
2.66810290e+02
2.65042989e+02
2.63238126e+02
2.61430140e+02
2.59644180e+02
2.57898432e+02
2.56205769e+02
2.54574925e+02
2.53011422e+02
2.51518397e+02
2.50097219e+02
2.48747935e+02
2.47469612e+02
2.46260591e+02
2.45118698e+02
2.44041398e+02
2.43025927e+02
2.42069386e+02
2.41168818e+02
2.40321263e+02
2.39523800e+02
2.38773581e+02
2.38067850e+02
2.37403959e+02
2.36779378e+02
2.36191700e+02
2.35638645e+02
2.35118056e+02
2.34627901e+02
2.34166269e+02
2.72816784e+02
2.72742034e+02
2.72626109e+02
2.72429405e+02
2.72077438e+02
2.71535239e+02
2.70809277e+02
2.69927836e+02
2.68925943e+02
2.67837809e+02
2.66693805e+02
2.65519568e+02
2.64336019e+02
2.63159769e+02
2.62003648e+02
2.60877258e+02
2.59787523e+02
2.58739211e+02
2.57735376e+02
2.56777733e+02
2.55866957e+02
2.55002928e+02
2.54184928e+02
2.53411799e+02
2.52682067e+02
2.51994044e+02
2.51345902e+02
2.50735735e+02
2.50161606e+02
2.49621583e+02
2.49113761e+02
2.48636287e+02
2.48187370e+02
2.47765290e+02
2.47368407e+02
2.46995161e+02
2.46644076e+02
2.72328541e+02
2.72231334e+02
2.72143986e+02
2.72019295e+02
2.71810151e+02
2.71488229e+02
2.71048419e+02
2.70501802e+02
2.69867518e+02
2.69167088e+02
2.68421192e+02
2.67648126e+02
2.66863251e+02
2.66078986e+02
2.65305049e+02
2.64548797e+02
2.63815609e+02
2.63109251e+02
2.62432198e+02
2.61785916e+02
2.61171084e+02
2.60587783e+02
2.60035641e+02
2.59513954e+02
2.59021774e+02
2.58557990e+02
2.58121379e+02
2.57710655e+02
2.57324504e+02
2.56961606e+02
2.56620659e+02
2.56300392e+02
2.55999575e+02
2.55717025e+02
2.55451615e+02
2.55202271e+02
2.54967977e+02
