2.70000e+02 2.70000e+02 2.70000e+02 2.70772e+02 2.68164e+02 2.73440e+02 2.73322e+02 2.72688e+02 2.72338e+02 2.71983e+02
2.70000e+02 2.70000e+02 2.70000e+02 2.70772e+02 2.68164e+02 2.73440e+02 2.73322e+02 2.72688e+02 2.72338e+02 2.71983e+02
5.00000e+01 1.50000e+02 2.50000e+02 2.70645e+02 2.68155e+02 2.72683e+02 2.72241e+02 2.72635e+02 2.72301e+02 2.71928e+02
4.01632e+01 1.50000e+02 2.46271e+02 2.70330e+02 2.68122e+02 2.69669e+02 2.68619e+02 2.72443e+02 2.72234e+02 2.71878e+02
3.72716e+01 1.50000e+02 2.41856e+02 2.69778e+02 2.68053e+02 2.65135e+02 2.63862e+02 2.71914e+02 2.72084e+02 2.71785e+02
3.51701e+01 1.41564e+02 2.37195e+02 2.68913e+02 2.67935e+02 2.59997e+02 2.58947e+02 2.70989e+02 2.71776e+02 2.71604e+02
3.37028e+01 1.35119e+02 2.32048e+02 2.67726e+02 2.67760e+02 2.54730e+02 2.54196e+02 2.69735e+02 2.71277e+02 2.71306e+02
3.25920e+01 1.29197e+02 2.26580e+02 2.66266e+02 2.67530e+02 2.49576e+02 2.49705e+02 2.68247e+02 2.70591e+02 2.70889e+02
3.17072e+01 1.23986e+02 2.21191e+02 2.64611e+02 2.67257e+02 2.44660e+02 2.45502e+02 2.66609e+02 2.69749e+02 2.70364e+02
3.09794e+01 1.19437e+02 2.16076e+02 2.62837e+02 2.66953e+02 2.40044e+02 2.41589e+02 2.64885e+02 2.68786e+02 2.69750e+02
3.03678e+01 1.15461e+02 2.11313e+02 2.61011e+02 2.66632e+02 2.35749e+02 2.37957e+02 2.63122e+02 2.67736e+02 2.69069e+02
2.98455e+01 1.11971e+02 2.06923e+02 2.59184e+02 2.66305e+02 2.31774e+02 2.34590e+02 2.61355e+02 2.66629e+02 2.68342e+02
2.93943e+01 1.08895e+02 2.02900e+02 2.57391e+02 2.65980e+02 2.28105e+02 2.31471e+02 2.59609e+02 2.65490e+02 2.67586e+02
2.88938e+01 1.06162e+02 1.99224e+02 2.55657e+02 2.65662e+02 2.24724e+02 2.28580e+02 2.57901e+02 2.64342e+02 2.66818e+02
2.84115e+01 1.03706e+02 1.95871e+02 2.53997e+02 2.65355e+02 2.21606e+02 2.25899e+02 2.56246e+02 2.63198e+02 2.66049e+02
2.79790e+01 1.01495e+02 1.92814e+02 2.52420e+02 2.65063e+02 2.18728e+02 2.23407e+02 2.54650e+02 2.62074e+02 2.65289e+02
2.75912e+01 9.95027e+01 1.90023e+02 2.50930e+02 2.64785e+02 2.16068e+02 2.21088e+02 2.53119e+02 2.60977e+02 2.64545e+02
2.72424e+01 9.77059e+01 1.87477e+02 2.49529e+02 2.64523e+02 2.13606e+02 2.18928e+02 2.51656e+02 2.59914e+02 2.63823e+02
2.69275e+01 9.60823e+01 1.85151e+02 2.48214e+02 2.64276e+02 2.11321e+02 2.16912e+02 2.50262e+02 2.58890e+02 2.63127e+02
2.66422e+01 9.46127e+01 1.83026e+02 2.46983e+02 2.64045e+02 2.09199e+02 2.15029e+02 2.48937e+02 2.57909e+02 2.62458e+02
2.63829e+01 9.32803e+01 1.81084e+02 2.45833e+02 2.63829e+02 2.07223e+02 2.13268e+02 2.47680e+02 2.56972e+02 2.61819e+02
2.61464e+01 9.20702e+01 1.79306e+02 2.44760e+02 2.63627e+02 2.05380e+02 2.11619e+02 2.46490e+02 2.56079e+02 2.61210e+02
2.59301e+01 9.09695e+01 1.77679e+02 2.43759e+02 2.63439e+02 2.03659e+02 2.10073e+02 2.45364e+02 2.55230e+02 2.60631e+02
2.57317e+01 8.99666e+01 1.76189e+02 2.42826e+02 2.63263e+02 2.02049e+02 2.08621e+02 2.44300e+02 2.54425e+02 2.60082e+02
2.55494e+01 8.90514e+01 1.74822e+02 2.41957e+02 2.63099e+02 2.00541e+02 2.07258e+02 2.43295e+02 2.53663e+02 2.59562e+02
2.53813e+01 8.82151e+01 1.73567e+02 2.41147e+02 2.62947e+02 1.99126e+02 2.05976e+02 2.42347e+02 2.52942e+02 2.59071e+02
2.52261e+01 8.74498e+01 1.72415e+02 2.40394e+02 2.62804e+02 1.97797e+02 2.04768e+02 2.41452e+02 2.52261e+02 2.58607e+02
2.50825e+01 8.67485e+01 1.71356e+02 2.39691e+02 2.62672e+02 1.96546e+02 2.03631e+02 2.40608e+02 2.51618e+02 2.58170e+02
2.49493e+01 8.61050e+01 1.70381e+02 2.39037e+02 2.62549e+02 1.95369e+02 2.02559e+02 2.39812e+02 2.51011e+02 2.57757e+02
2.48257e+01 8.55138e+01 1.69483e+02 2.38428e+02 2.62434e+02 1.94260e+02 2.01548e+02 2.39061e+02 2.50439e+02 2.57368e+02
2.47107e+01 8.49698e+01 1.68656e+02 2.37860e+02 2.62327e+02 1.93214e+02 2.00593e+02 2.38353e+02 2.49899e+02 2.57002e+02
2.46036e+01 8.44689e+01 1.67892e+02 2.37330e+02 2.62227e+02 1.92226e+02 1.99690e+02 2.37686e+02 2.49391e+02 2.56657e+02
2.45037e+01 8.40069e+01 1.67187e+02 2.36836e+02 2.62134e+02 1.91293e+02 1.98837e+02 2.37056e+02 2.48911e+02 2.56332e+02
2.44105e+01 8.35804e+01 1.66535e+02 2.36375e+02 2.62047e+02 1.90410e+02 1.98030e+02 2.36461e+02 2.48459e+02 2.56026e+02
2.43232e+01 8.31862e+01 1.65932e+02 2.35944e+02 2.61965e+02 1.89575e+02 1.97267e+02 2.35901e+02 2.48033e+02 2.55737e+02
2.42416e+01 8.28214e+01 1.65373e+02 2.35542e+02 2.61890e+02 1.88785e+02 1.96544e+02 2.35371e+02 2.47631e+02 2.55466e+02
2.41651e+01 8.24836e+01 1.64856e+02 2.35166e+02 2.61819e+02 1.88036e+02 1.95859e+02 2.34871e+02 2.47252e+02 2.55210e+02
2.40933e+01 8.21703e+01 1.64375e+02 2.34815e+02 2.61753e+02 1.87326e+02 1.95210e+02 2.34399e+02 2.46895e+02 2.54969e+02
