2.70000e+02 2.70000e+02 2.70000e+02 2.70200e+02 2.68055e+02 2.70853e+02 2.70923e+02 2.71236e+02 2.71284e+02 2.71243e+02
2.70000e+02 2.70000e+02 2.70000e+02 2.70200e+02 2.68055e+02 2.70853e+02 2.70923e+02 2.71236e+02 2.71284e+02 2.71243e+02
5.00000e+01 1.50000e+02 2.50000e+02 2.70059e+02 2.68045e+02 2.70165e+02 2.69901e+02 2.71232e+02 2.71292e+02 2.71266e+02
4.01207e+01 1.50000e+02 2.46131e+02 2.69743e+02 2.68011e+02 2.67219e+02 2.66278e+02 2.71084e+02 2.71273e+02 2.71258e+02
3.71981e+01 1.50000e+02 2.41627e+02 2.69200e+02 2.67944e+02 2.62734e+02 2.61499e+02 2.70590e+02 2.71154e+02 2.71197e+02
3.50916e+01 1.41420e+02 2.36891e+02 2.68349e+02 2.67830e+02 2.57625e+02 2.56564e+02 2.69693e+02 2.70858e+02 2.71040e+02
3.36238e+01 1.34872e+02 2.31662e+02 2.67178e+02 2.67660e+02 2.52371e+02 2.51794e+02 2.68462e+02 2.70355e+02 2.70758e+02
3.25145e+01 1.28875e+02 2.26118e+02 2.65735e+02 2.67437e+02 2.47219e+02 2.47286e+02 2.66994e+02 2.69657e+02 2.70349e+02
3.16322e+01 1.23611e+02 2.20669e+02 2.64093e+02 2.67169e+02 2.42299e+02 2.43068e+02 2.65372e+02 2.68795e+02 2.69822e+02
3.09075e+01 1.19027e+02 2.15510e+02 2.62331e+02 2.66871e+02 2.37672e+02 2.39142e+02 2.63660e+02 2.67807e+02 2.69198e+02
3.02990e+01 1.15029e+02 2.10715e+02 2.60513e+02 2.66556e+02 2.33363e+02 2.35498e+02 2.61906e+02 2.66728e+02 2.68500e+02
2.97797e+01 1.11527e+02 2.06304e+02 2.58690e+02 2.66234e+02 2.29373e+02 2.32121e+02 2.60144e+02 2.65590e+02 2.67750e+02
2.93313e+01 1.08444e+02 2.02269e+02 2.56900e+02 2.65912e+02 2.25690e+02 2.28994e+02 2.58400e+02 2.64419e+02 2.66967e+02
2.88096e+01 1.05707e+02 1.98588e+02 2.55166e+02 2.65598e+02 2.22295e+02 2.26098e+02 2.56692e+02 2.63235e+02 2.66167e+02
2.83291e+01 1.03250e+02 1.95234e+02 2.53505e+02 2.65295e+02 2.19165e+02 2.23412e+02 2.55035e+02 2.62058e+02 2.65365e+02
2.78989e+01 1.01041e+02 1.92177e+02 2.51925e+02 2.65005e+02 2.16278e+02 2.20918e+02 2.53436e+02 2.60898e+02 2.64570e+02
2.75133e+01 9.90544e+01 1.89390e+02 2.50431e+02 2.64729e+02 2.13611e+02 2.18601e+02 2.51901e+02 2.59767e+02 2.63791e+02
2.71665e+01 9.72638e+01 1.86848e+02 2.49024e+02 2.64469e+02 2.11144e+02 2.16444e+02 2.50434e+02 2.58672e+02 2.63034e+02
2.68534e+01 9.56472e+01 1.84528e+02 2.47703e+02 2.64224e+02 2.08859e+02 2.14434e+02 2.49037e+02 2.57617e+02 2.62303e+02
2.65698e+01 9.41847e+01 1.82408e+02 2.46466e+02 2.63994e+02 2.06739e+02 2.12560e+02 2.47710e+02 2.56607e+02 2.61601e+02
2.63120e+01 9.28593e+01 1.80470e+02 2.45309e+02 2.63778e+02 2.04769e+02 2.10810e+02 2.46451e+02 2.55641e+02 2.60930e+02
2.60769e+01 9.16559e+01 1.78698e+02 2.44229e+02 2.63577e+02 2.02935e+02 2.09174e+02 2.45260e+02 2.54723e+02 2.60290e+02
2.58619e+01 9.05614e+01 1.77075e+02 2.43222e+02 2.63389e+02 2.01227e+02 2.07644e+02 2.44135e+02 2.53850e+02 2.59683e+02
2.56648e+01 8.95643e+01 1.75588e+02 2.42282e+02 2.63214e+02 1.99632e+02 2.06211e+02 2.43073e+02 2.53024e+02 2.59107e+02
2.54836e+01 8.86545e+01 1.74225e+02 2.41407e+02 2.63050e+02 1.98141e+02 2.04868e+02 2.42071e+02 2.52243e+02 2.58562e+02
2.53168e+01 8.78232e+01 1.72973e+02 2.40592e+02 2.62898e+02 1.96746e+02 2.03608e+02 2.41127e+02 2.51505e+02 2.58048e+02
2.51627e+01 8.70623e+01 1.71823e+02 2.39832e+02 2.62756e+02 1.95440e+02 2.02425e+02 2.40238e+02 2.50808e+02 2.57563e+02
2.50203e+01 8.63651e+01 1.70766e+02 2.39125e+02 2.62624e+02 1.94214e+02 2.01314e+02 2.39401e+02 2.50152e+02 2.57106e+02
2.48884e+01 8.57254e+01 1.69793e+02 2.38467e+02 2.62501e+02 1.93064e+02 2.00269e+02 2.38613e+02 2.49534e+02 2.56676e+02
2.47660e+01 8.51376e+01 1.68897e+02 2.37853e+02 2.62386e+02 1.91983e+02 1.99286e+02 2.37872e+02 2.48952e+02 2.56271e+02
2.46524e+01 8.45969e+01 1.68071e+02 2.37282e+02 2.62280e+02 1.90967e+02 1.98361e+02 2.37175e+02 2.48405e+02 2.55890e+02
2.45466e+01 8.40989e+01 1.67308e+02 2.36750e+02 2.62180e+02 1.90010e+02 1.97489e+02 2.36519e+02 2.47890e+02 2.55532e+02
2.44481e+01 8.36398e+01 1.66604e+02 2.36254e+02 2.62087e+02 1.89109e+02 1.96668e+02 2.35901e+02 2.47405e+02 2.55196e+02
2.43563e+01 8.32160e+01 1.65954e+02 2.35791e+02 2.62001e+02 1.88260e+02 1.95893e+02 2.35320e+02 2.46950e+02 2.54880e+02
2.42706e+01 8.28245e+01 1.65352e+02 2.35360e+02 2.61920e+02 1.87459e+02 1.95162e+02 2.34773e+02 2.46521e+02 2.54583e+02
2.41905e+01 8.24623e+01 1.64795e+02 2.34957e+02 2.61845e+02 1.86703e+02 1.94472e+02 2.34259e+02 2.46118e+02 2.54304e+02
2.41156e+01 8.21271e+01 1.64279e+02 2.34581e+02 2.61775e+02 1.85989e+02 1.93820e+02 2.33774e+02 2.45739e+02 2.54042e+02
2.40454e+01 8.18164e+01 1.63800e+02 2.34231e+02 2.61709e+02 1.85314e+02 1.93205e+02 2.33318e+02 2.45382e+02 2.53796e+02
