2.70000000e+02
5.00000000e+01
4.01134650e+01
3.72032720e+01
3.51125760e+01
3.36556570e+01
3.25526160e+01
3.16733640e+01
3.09494760e+01
3.03403180e+01
2.98195170e+01
2.93688140e+01
2.88626270e+01
2.83788240e+01
2.79442330e+01
2.75538470e+01
2.72020440e+01
2.68838440e+01
2.65949960e+01
2.63319070e+01
2.60915290e+01
2.58712730e+01
2.56689250e+01
2.54825840e+01
2.53106090e+01
2.51515760e+01
2.50042420e+01
2.48675170e+01
2.47404430e+01
2.46221710e+01
2.45119460e+01
2.44090980e+01
2.43130250e+01
2.42231860e+01
2.41390950e+01
2.40603130e+01
2.39864400e+01
2.70000000e+02
1.50000000e+02
1.50000000e+02
1.50000000e+02
1.41505606e+02
1.35034195e+02
1.29094155e+02
1.23870822e+02
1.19315336e+02
1.15337559e+02
1.11850023e+02
1.08777798e+02
1.06049872e+02
1.03600004e+02
1.01395356e+02
9.94096070e+01
9.76182540e+01
9.59992830e+01
9.45332890e+01
9.32032830e+01
9.19944150e+01
9.08936920e+01
8.98897260e+01
8.89725130e+01
8.81332430e+01
8.73641410e+01
8.66583280e+01
8.60097030e+01
8.54128460e+01
8.48629290e+01
8.43556430e+01
8.38871360e+01
8.34539580e+01
8.30530110e+01
8.26815100e+01
8.23369480e+01
8.20170630e+01
2.70000000e+02
2.50000000e+02
2.46402386e+02
2.42050469e+02
2.37404904e+02
2.32248378e+02
2.26757973e+02
2.21346447e+02
2.16213655e+02
2.11438699e+02
2.07042361e+02
2.03017414e+02
1.99343546e+02
1.95994097e+02
1.92940005e+02
1.90153574e+02
1.87609663e+02
1.85285555e+02
1.83160684e+02
1.81216427e+02
1.79435938e+02
1.77803991e+02
1.76306837e+02
1.74932074e+02
1.73668515e+02
1.72506073e+02
1.71435648e+02
1.70449037e+02
1.69538831e+02
1.68698343e+02
1.67921531e+02
1.67202931e+02
1.66537598e+02
1.65921052e+02
1.65349235e+02
1.64818461e+02
1.64325386e+02
2.71313577e+02
2.71188215e+02
2.70868235e+02
2.70307344e+02
2.69431949e+02
2.68233184e+02
2.66761897e+02
2.65093915e+02
2.63306643e+02
2.61465896e+02
2.59622001e+02
2.57810882e+02
2.56056804e+02
2.54375213e+02
2.52775057e+02
2.51260646e+02
2.49833080e+02
2.48491327e+02
2.47232990e+02
2.46054811e+02
2.44953028e+02
2.43923608e+02
2.42962414e+02
2.42065314e+02
2.41228260e+02
2.40447337e+02
2.39718798e+02
2.39039081e+02
2.38404822e+02
2.37812856e+02
2.37260215e+02
2.36744129e+02
2.36262012e+02
2.35811458e+02
2.35390230e+02
2.34996252e+02
2.34627597e+02
2.68205030e+02
2.68197860e+02
2.68167384e+02
2.68103755e+02
2.67995250e+02
2.67834279e+02
2.67623383e+02
2.67372280e+02
2.67093338e+02
2.66798420e+02
2.66497347e+02
2.66197535e+02
2.65904235e+02
2.65620964e+02
2.65349924e+02
2.65092355e+02
2.64848810e+02
2.64619375e+02
2.64403823e+02
2.64201727e+02
2.64012537e+02
2.63835630e+02
2.63670344e+02
2.63516008e+02
2.63371954e+02
2.63237527e+02
2.63112098e+02
2.62995066e+02
2.62885858e+02
2.62783935e+02
2.62688790e+02
2.62599948e+02
2.62516965e+02
2.62439427e+02
2.62366950e+02
2.62299176e+02
2.62235771e+02
2.76360739e+02
2.75423878e+02
2.72223861e+02
2.67530061e+02
2.62247417e+02
2.56845947e+02
2.51565204e+02
2.46528311e+02
2.41793027e+02
2.37379339e+02
2.33285720e+02
2.29498892e+02
2.25999580e+02
2.22765336e+02
2.19773093e+02
2.17001191e+02
2.14429779e+02
2.12040831e+02
2.09818082e+02
2.07746922e+02
2.05814262e+02
2.04008385e+02
2.02318804e+02
2.00736121e+02
1.99251904e+02
1.97858568e+02
1.96549278e+02
1.95317855e+02
1.94158700e+02
1.93066725e+02
1.92037296e+02
1.91066179e+02
1.90149496e+02
1.89283687e+02
1.88465478e+02
1.87691847e+02
1.86960007e+02
2.75954329e+02
2.74675116e+02
2.70916265e+02
2.66072209e+02
2.61082543e+02
2.56254527e+02
2.51680831e+02
2.47388246e+02
2.43379250e+02
2.39645350e+02
2.36172623e+02
2.32944581e+02
2.29943699e+02
2.27151649e+02
2.24550866e+02
2.22125676e+02
2.19861969e+02
2.17746923e+02
2.15768869e+02
2.13917197e+02
2.12182263e+02
2.10555304e+02
2.09028343e+02
2.07594119e+02
2.06246008e+02
2.04977958e+02
2.03784429e+02
2.02660342e+02
2.01601034e+02
2.00602211e+02
1.99659918e+02
1.98770504e+02
1.97930591e+02
1.97137054e+02
1.96386995e+02
1.95677723e+02
1.95006740e+02
2.74089189e+02
2.74006873e+02
2.73775320e+02
2.73204649e+02
2.72240003e+02
2.70943775e+02
2.69408032e+02
2.67714753e+02
2.65927928e+02
2.64095602e+02
2.62253443e+02
2.60427778e+02
2.58637851e+02
2.56897449e+02
2.55216089e+02
2.53599978e+02
2.52052843e+02
2.50576561e+02
2.49171610e+02
2.47837420e+02
2.46572643e+02
2.45375363e+02
2.44243265e+02
2.43173770e+02
2.42164132e+02
2.41211517e+02
2.40313069e+02
2.39465949e+02
2.38667372e+02
2.37914630e+02
2.37205110e+02
2.36536306e+02
2.35905824e+02
2.35311387e+02
2.34750837e+02
2.34222132e+02
2.33723346e+02
2.73313169e+02
2.73244096e+02
2.73136734e+02
2.72950697e+02
2.72610033e+02
2.72077247e+02
2.71356459e+02
2.70474590e+02
2.69466225e+02
2.68365750e+02
2.67204046e+02
2.66007402e+02
2.64797430e+02
2.63591399e+02
2.62402746e+02
2.61241612e+02
2.60115402e+02
2.59029304e+02
2.57986744e+02
2.56989757e+02
2.56039296e+02
2.55135481e+02
2.54277800e+02
2.53465271e+02
2.52696570e+02
2.51970135e+02
2.51284245e+02
2.50637081e+02
2.50026778e+02
2.49451461e+02
2.48909271e+02
2.48398389e+02
2.47917049e+02
2.47463546e+02
2.47036252e+02
2.46633608e+02
2.46254136e+02
2.72708012e+02
2.72587506e+02
2.72498446e+02
2.72377784e+02
2.72172828e+02
2.71851540e+02
2.71406198e+02
2.70846460e+02
2.70191108e+02
2.69462065e+02
2.68680865e+02
2.67866861e+02
2.67036519e+02
2.66203302e+02
2.65377862e+02
2.64568374e+02
2.63780910e+02
2.63019813e+02
2.62288035e+02
2.61587428e+02
2.60918982e+02
2.60283024e+02
2.59679372e+02
2.59107467e+02
2.58566473e+02
2.58055353e+02
2.57572939e+02
2.57117975e+02
2.56689162e+02
2.56285180e+02
2.55904718e+02
2.55546484e+02
2.55209221e+02
2.54891715e+02
2.54592803e+02
2.54311371e+02
2.54046360e+02
