2.70000e+02 2.70000e+02 2.70000e+02 2.69901e+02 2.68001e+02 2.71897e+02 2.71896e+02 2.71783e+02 2.71604e+02 2.71326e+02
2.70000e+02 2.70000e+02 2.70000e+02 2.69901e+02 2.68001e+02 2.71897e+02 2.71896e+02 2.71783e+02 2.71604e+02 2.71326e+02
5.00000e+01 1.50000e+02 2.50000e+02 2.69893e+02 2.68004e+02 2.71014e+02 2.70892e+02 2.71794e+02 2.71629e+02 2.71356e+02
4.02370e+01 1.50000e+02 2.46084e+02 2.69666e+02 2.67988e+02 2.67546e+02 2.67283e+02 2.71675e+02 2.71636e+02 2.71369e+02
3.73149e+01 1.50000e+02 2.41569e+02 2.69183e+02 2.67934e+02 2.62558e+02 2.62494e+02 2.71221e+02 2.71550e+02 2.71341e+02
3.51876e+01 1.41434e+02 2.36834e+02 2.68374e+02 2.67830e+02 2.57070e+02 2.57530e+02 2.70357e+02 2.71292e+02 2.71236e+02
3.37056e+01 1.34867e+02 2.31606e+02 2.67231e+02 2.67666e+02 2.51559e+02 2.52723e+02 2.69134e+02 2.70824e+02 2.71027e+02
3.25864e+01 1.28852e+02 2.26062e+02 2.65807e+02 2.67447e+02 2.46247e+02 2.48174e+02 2.67642e+02 2.70148e+02 2.70710e+02
3.16969e+01 1.23575e+02 2.20612e+02 2.64178e+02 2.67183e+02 2.41237e+02 2.43912e+02 2.65962e+02 2.69292e+02 2.70292e+02
3.09666e+01 1.18980e+02 2.15451e+02 2.62423e+02 2.66887e+02 2.36569e+02 2.39939e+02 2.64162e+02 2.68295e+02 2.69791e+02
3.03537e+01 1.14974e+02 2.10654e+02 2.60608e+02 2.66573e+02 2.32249e+02 2.36244e+02 2.62294e+02 2.67192e+02 2.69223e+02
2.98310e+01 1.11465e+02 2.06240e+02 2.58784e+02 2.66251e+02 2.28265e+02 2.32812e+02 2.60398e+02 2.66017e+02 2.68609e+02
2.93796e+01 1.08377e+02 2.02201e+02 2.56987e+02 2.65929e+02 2.24596e+02 2.29624e+02 2.58504e+02 2.64800e+02 2.67965e+02
2.88786e+01 1.05639e+02 1.98515e+02 2.55243e+02 2.65613e+02 2.21216e+02 2.26661e+02 2.56635e+02 2.63562e+02 2.67305e+02
2.83964e+01 1.03182e+02 1.95157e+02 2.53567e+02 2.65308e+02 2.18099e+02 2.23903e+02 2.54805e+02 2.62323e+02 2.66640e+02
2.79636e+01 1.00974e+02 1.92096e+02 2.51969e+02 2.65015e+02 2.15218e+02 2.21332e+02 2.53027e+02 2.61096e+02 2.65979e+02
2.75752e+01 9.89856e+01 1.89303e+02 2.50453e+02 2.64735e+02 2.12550e+02 2.18931e+02 2.51309e+02 2.59894e+02 2.65330e+02
2.72253e+01 9.71933e+01 1.86754e+02 2.49021e+02 2.64471e+02 2.10075e+02 2.16687e+02 2.49656e+02 2.58723e+02 2.64697e+02
2.69088e+01 9.55743e+01 1.84425e+02 2.47673e+02 2.64221e+02 2.07772e+02 2.14585e+02 2.48069e+02 2.57590e+02 2.64084e+02
2.66215e+01 9.41089e+01 1.82296e+02 2.46405e+02 2.63986e+02 2.05627e+02 2.12614e+02 2.46552e+02 2.56498e+02 2.63494e+02
2.63597e+01 9.27798e+01 1.80347e+02 2.45215e+02 2.63765e+02 2.03624e+02 2.10765e+02 2.45103e+02 2.55449e+02 2.62927e+02
2.61203e+01 9.15719e+01 1.78562e+02 2.44100e+02 2.63558e+02 2.01750e+02 2.09026e+02 2.43721e+02 2.54445e+02 2.62386e+02
2.59007e+01 9.04719e+01 1.76925e+02 2.43056e+02 2.63363e+02 1.99995e+02 2.07391e+02 2.42406e+02 2.53486e+02 2.61869e+02
2.56987e+01 8.94685e+01 1.75422e+02 2.42078e+02 2.63181e+02 1.98347e+02 2.05850e+02 2.41156e+02 2.52570e+02 2.61377e+02
2.55123e+01 8.85514e+01 1.74041e+02 2.41162e+02 2.63011e+02 1.96799e+02 2.04397e+02 2.39967e+02 2.51699e+02 2.60909e+02
2.53399e+01 8.77117e+01 1.72770e+02 2.40305e+02 2.62851e+02 1.95342e+02 2.03027e+02 2.38838e+02 2.50870e+02 2.60465e+02
2.51802e+01 8.69416e+01 1.71600e+02 2.39503e+02 2.62702e+02 1.93968e+02 2.01732e+02 2.37766e+02 2.50082e+02 2.60044e+02
2.50318e+01 8.62343e+01 1.70520e+02 2.38752e+02 2.62562e+02 1.92673e+02 2.00509e+02 2.36748e+02 2.49333e+02 2.59645e+02
2.48938e+01 8.55834e+01 1.69524e+02 2.38049e+02 2.62431e+02 1.91450e+02 1.99352e+02 2.35782e+02 2.48622e+02 2.59267e+02
2.47651e+01 8.49837e+01 1.68603e+02 2.37390e+02 2.62308e+02 1.90294e+02 1.98256e+02 2.34865e+02 2.47947e+02 2.58909e+02
2.46449e+01 8.44303e+01 1.67751e+02 2.36773e+02 2.62193e+02 1.89200e+02 1.97219e+02 2.33995e+02 2.47307e+02 2.58570e+02
2.45326e+01 8.39188e+01 1.66962e+02 2.36194e+02 2.62085e+02 1.88164e+02 1.96235e+02 2.33169e+02 2.46699e+02 2.58249e+02
2.44274e+01 8.34455e+01 1.66230e+02 2.35650e+02 2.61984e+02 1.87183e+02 1.95303e+02 2.32385e+02 2.46122e+02 2.57945e+02
2.43287e+01 8.30069e+01 1.65550e+02 2.35140e+02 2.61889e+02 1.86253e+02 1.94418e+02 2.31640e+02 2.45574e+02 2.57658e+02
2.42361e+01 8.25999e+01 1.64919e+02 2.34661e+02 2.61800e+02 1.85370e+02 1.93579e+02 2.30933e+02 2.45054e+02 2.57385e+02
2.41491e+01 8.22218e+01 1.64331e+02 2.34211e+02 2.61716e+02 1.84533e+02 1.92781e+02 2.30261e+02 2.44560e+02 2.57127e+02
2.40672e+01 8.18701e+01 1.63784e+02 2.33787e+02 2.61638e+02 1.83737e+02 1.92023e+02 2.29623e+02 2.44092e+02 2.56883e+02
2.39902e+01 8.15425e+01 1.63274e+02 2.33389e+02 2.61564e+02 1.82981e+02 1.91303e+02 2.29016e+02 2.43646e+02 2.56651e+02
