2.70000e+02 2.70000e+02 2.70000e+02 2.70364e+02 2.68074e+02 2.69094e+02 2.69399e+02 2.70876e+02 2.71257e+02 2.71405e+02
2.70000e+02 2.70000e+02 2.70000e+02 2.70364e+02 2.68074e+02 2.69094e+02 2.69399e+02 2.70876e+02 2.71257e+02 2.71405e+02
5.00000e+01 1.50000e+02 2.50000e+02 2.70163e+02 2.68060e+02 2.68500e+02 2.68493e+02 2.70845e+02 2.71222e+02 2.71329e+02
4.02173e+01 1.50000e+02 2.46148e+02 2.69797e+02 2.68019e+02 2.65646e+02 2.64955e+02 2.70675e+02 2.71155e+02 2.71266e+02
3.73258e+01 1.50000e+02 2.41646e+02 2.69205e+02 2.67946e+02 2.61256e+02 2.60263e+02 2.70165e+02 2.70996e+02 2.71165e+02
3.52141e+01 1.41464e+02 2.36905e+02 2.68304e+02 2.67827e+02 2.56270e+02 2.55446e+02 2.69257e+02 2.70670e+02 2.70978e+02
3.37403e+01 1.34929e+02 2.31667e+02 2.67082e+02 2.67654e+02 2.51169e+02 2.50823e+02 2.68024e+02 2.70144e+02 2.70675e+02
3.26267e+01 1.28935e+02 2.26111e+02 2.65589e+02 2.67428e+02 2.46195e+02 2.46482e+02 2.66562e+02 2.69429e+02 2.70247e+02
3.17422e+01 1.23670e+02 2.20647e+02 2.63901e+02 2.67159e+02 2.41470e+02 2.42442e+02 2.64957e+02 2.68557e+02 2.69707e+02
3.10171e+01 1.19082e+02 2.15469e+02 2.62097e+02 2.66861e+02 2.37051e+02 2.38700e+02 2.63270e+02 2.67565e+02 2.69074e+02
3.04096e+01 1.15079e+02 2.10655e+02 2.60244e+02 2.66547e+02 2.32953e+02 2.35239e+02 2.61548e+02 2.66487e+02 2.68369e+02
2.98927e+01 1.11571e+02 2.06225e+02 2.58394e+02 2.66226e+02 2.29173e+02 2.32043e+02 2.59824e+02 2.65356e+02 2.67616e+02
2.94474e+01 1.08483e+02 2.02172e+02 2.56581e+02 2.65908e+02 2.25696e+02 2.29089e+02 2.58122e+02 2.64195e+02 2.66832e+02
2.89799e+01 1.05748e+02 1.98475e+02 2.54830e+02 2.65597e+02 2.22498e+02 2.26357e+02 2.56459e+02 2.63025e+02 2.66034e+02
2.85088e+01 1.03298e+02 1.95109e+02 2.53157e+02 2.65297e+02 2.19556e+02 2.23827e+02 2.54847e+02 2.61864e+02 2.65234e+02
2.80863e+01 1.01094e+02 1.92045e+02 2.51569e+02 2.65011e+02 2.16845e+02 2.21478e+02 2.53294e+02 2.60722e+02 2.64444e+02
2.77081e+01 9.91120e+01 1.89253e+02 2.50072e+02 2.64740e+02 2.14342e+02 2.19295e+02 2.51805e+02 2.59610e+02 2.63670e+02
2.73684e+01 9.73267e+01 1.86709e+02 2.48665e+02 2.64485e+02 2.12027e+02 2.17261e+02 2.50382e+02 2.58533e+02 2.62918e+02
2.70622e+01 9.57161e+01 1.84389e+02 2.47346e+02 2.64245e+02 2.09881e+02 2.15364e+02 2.49026e+02 2.57497e+02 2.62193e+02
2.67852e+01 9.42604e+01 1.82273e+02 2.46114e+02 2.64021e+02 2.07887e+02 2.13591e+02 2.47738e+02 2.56505e+02 2.61497e+02
2.65336e+01 9.29426e+01 1.80341e+02 2.44963e+02 2.63811e+02 2.06031e+02 2.11932e+02 2.46516e+02 2.55557e+02 2.60832e+02
2.63044e+01 9.17473e+01 1.78576e+02 2.43890e+02 2.63615e+02 2.04299e+02 2.10378e+02 2.45358e+02 2.54654e+02 2.60198e+02
2.60949e+01 9.06615e+01 1.76961e+02 2.42891e+02 2.63432e+02 2.02681e+02 2.08920e+02 2.44263e+02 2.53797e+02 2.59595e+02
2.59028e+01 8.96734e+01 1.75484e+02 2.41960e+02 2.63262e+02 2.01167e+02 2.07550e+02 2.43228e+02 2.52984e+02 2.59024e+02
2.57263e+01 8.87728e+01 1.74131e+02 2.41094e+02 2.63103e+02 1.99747e+02 2.06262e+02 2.42250e+02 2.52215e+02 2.58483e+02
2.55637e+01 8.79507e+01 1.72891e+02 2.40287e+02 2.62955e+02 1.98414e+02 2.05050e+02 2.41327e+02 2.51487e+02 2.57972e+02
2.54135e+01 8.71992e+01 1.71753e+02 2.39537e+02 2.62818e+02 1.97161e+02 2.03908e+02 2.40456e+02 2.50800e+02 2.57490e+02
2.52745e+01 8.65112e+01 1.70708e+02 2.38839e+02 2.62690e+02 1.95981e+02 2.02831e+02 2.39635e+02 2.50151e+02 2.57034e+02
2.51456e+01 8.58804e+01 1.69747e+02 2.38188e+02 2.62571e+02 1.94869e+02 2.01815e+02 2.38860e+02 2.49539e+02 2.56605e+02
2.50259e+01 8.53013e+01 1.68862e+02 2.37583e+02 2.62460e+02 1.93820e+02 2.00855e+02 2.38129e+02 2.48961e+02 2.56201e+02
2.49145e+01 8.47689e+01 1.68048e+02 2.37018e+02 2.62357e+02 1.92830e+02 1.99948e+02 2.37439e+02 2.48417e+02 2.55820e+02
2.48107e+01 8.42789e+01 1.67297e+02 2.36493e+02 2.62261e+02 1.91893e+02 1.99090e+02 2.36788e+02 2.47904e+02 2.55461e+02
2.47138e+01 8.38273e+01 1.66603e+02 2.36002e+02 2.62171e+02 1.91008e+02 1.98279e+02 2.36175e+02 2.47420e+02 2.55123e+02
2.46233e+01 8.34106e+01 1.65963e+02 2.35545e+02 2.62087e+02 1.90170e+02 1.97510e+02 2.35595e+02 2.46964e+02 2.54805e+02
2.45387e+01 8.30256e+01 1.65371e+02 2.35118e+02 2.62009e+02 1.89376e+02 1.96782e+02 2.35048e+02 2.46533e+02 2.54506e+02
2.44594e+01 8.26695e+01 1.64822e+02 2.34719e+02 2.61936e+02 1.88624e+02 1.96092e+02 2.34532e+02 2.46128e+02 2.54223e+02
2.43850e+01 8.23398e+01 1.64314e+02 2.34346e+02 2.61868e+02 1.87910e+02 1.95438e+02 2.34044e+02 2.45745e+02 2.53958e+02
2.43152e+01 8.20342e+01 1.63843e+02 2.33998e+02 2.61804e+02 1.87233e+02 1.94817e+02 2.33583e+02 2.45384e+02 2.53707e+02
