2.70000000e+02
5.00000000e+01
3.99526890e+01
3.69739650e+01
3.48817760e+01
3.34346880e+01
3.23469580e+01
3.14863200e+01
3.07827710e+01
3.01946370e+01
2.96949170e+01
2.92448090e+01
2.87374080e+01
2.82787260e+01
2.78698740e+01
2.75046180e+01
2.71770270e+01
2.68820040e+01
2.66152560e+01
2.63731760e+01
2.61527240e+01
2.59513280e+01
2.57668010e+01
2.55972740e+01
2.54411410e+01
2.52970170e+01
2.51636970e+01
2.50401340e+01
2.49254090e+01
2.48187140e+01
2.47193360e+01
2.46266430e+01
2.45400710e+01
2.44591180e+01
2.43833310e+01
2.43123070e+01
2.42456780e+01
2.70000000e+02
1.50000000e+02
1.50000000e+02
1.50000000e+02
1.41251488e+02
1.34628971e+02
1.28595902e+02
1.23322536e+02
1.18742568e+02
1.14756745e+02
1.11272273e+02
1.08210397e+02
1.05491431e+02
1.03056582e+02
1.00873572e+02
9.89138320e+01
9.71514290e+01
9.55634540e+01
9.41298920e+01
9.28333050e+01
9.16584950e+01
9.05921880e+01
8.96227600e+01
8.87400050e+01
8.79349400e+01
8.71996400e+01
8.65270970e+01
8.59110970e+01
8.53461270e+01
8.48272780e+01
8.43501770e+01
8.39109190e+01
8.35060130e+01
8.31323320e+01
8.27870710e+01
8.24677100e+01
8.21719820e+01
2.70000000e+02
2.50000000e+02
2.45692249e+02
2.41230107e+02
2.36437516e+02
2.31159159e+02
2.25585114e+02
2.20125241e+02
2.14967249e+02
2.10183083e+02
2.05789258e+02
2.01775853e+02
1.98120613e+02
1.94795177e+02
1.91769703e+02
1.89016167e+02
1.86509043e+02
1.84225139e+02
1.82143382e+02
1.80244646e+02
1.78511601e+02
1.76928569e+02
1.75481383e+02
1.74157254e+02
1.72944648e+02
1.71833163e+02
1.70813421e+02
1.69876970e+02
1.69016189e+02
1.68224205e+02
1.67494820e+02
1.66822437e+02
1.66202007e+02
1.65628965e+02
1.65099187e+02
1.64608941e+02
1.64154851e+02
2.69125458e+02
2.69051794e+02
2.68782744e+02
2.68273215e+02
2.67449259e+02
2.66300721e+02
2.64877741e+02
2.63256697e+02
2.61516218e+02
2.59723332e+02
2.57929285e+02
2.56170554e+02
2.54471624e+02
2.52847857e+02
2.51307925e+02
2.49855741e+02
2.48491964e+02
2.47215115e+02
2.46022352e+02
2.44909993e+02
2.43873879e+02
2.42909620e+02
2.42012758e+02
2.41178882e+02
2.40403709e+02
2.39683124e+02
2.39013220e+02
2.38390308e+02
2.37810927e+02
2.37271841e+02
2.36770039e+02
2.36302724e+02
2.35867306e+02
2.35461386e+02
2.35082751e+02
2.34729358e+02
2.34399323e+02
2.67855441e+02
2.67852550e+02
2.67829555e+02
2.67772357e+02
2.67668012e+02
2.67508153e+02
2.67295024e+02
2.67038686e+02
2.66752296e+02
2.66448642e+02
2.66138381e+02
2.65829586e+02
2.65527968e+02
2.65237330e+02
2.64960025e+02
2.64697342e+02
2.64449822e+02
2.64217493e+02
2.64000046e+02
2.63796962e+02
2.63607587e+02
2.63431197e+02
2.63267034e+02
2.63114332e+02
2.62972337e+02
2.62840316e+02
2.62717570e+02
2.62603434e+02
2.62497280e+02
2.62398522e+02
2.62306609e+02
2.62221031e+02
2.62141314e+02
2.62067018e+02
2.61997736e+02
2.61933094e+02
2.61872744e+02
2.66256343e+02
2.65807011e+02
2.63248368e+02
2.59254512e+02
2.54690146e+02
2.50000444e+02
2.45412635e+02
2.41043705e+02
2.36948116e+02
2.33143937e+02
2.29628503e+02
2.26387957e+02
2.23402757e+02
2.20650554e+02
2.18109163e+02
2.15758070e+02
2.13578676e+02
2.11554298e+02
2.09670090e+02
2.07912901e+02
2.06271112e+02
2.04734466e+02
2.03293904e+02
2.01941408e+02
2.00669869e+02
1.99472961e+02
1.98345038e+02
1.97281041e+02
1.96276421e+02
1.95327070e+02
1.94429264e+02
1.93579619e+02
1.92775042e+02
1.92012702e+02
1.91289996e+02
1.90604528e+02
1.89954081e+02
2.66723958e+02
2.65976809e+02
2.62752756e+02
2.58476522e+02
2.54083882e+02
2.49857337e+02
2.45874883e+02
2.42155623e+02
2.38697740e+02
2.35490208e+02
2.32517623e+02
2.29762750e+02
2.27207628e+02
2.24833958e+02
2.22625092e+02
2.20566403e+02
2.18644839e+02
2.16848690e+02
2.15167454e+02
2.13591719e+02
2.12113049e+02
2.10723874e+02
2.09417390e+02
2.08187470e+02
2.07028579e+02
2.05935704e+02
2.04904294e+02
2.03930202e+02
2.03009639e+02
2.02139135e+02
2.01315502e+02
2.00535807e+02
1.99797342e+02
1.99097601e+02
1.98434263e+02
1.97805174e+02
1.97208329e+02
2.69070965e+02
2.69120506e+02
2.69051892e+02
2.68672261e+02
2.67924054e+02
2.66864821e+02
2.65580497e+02
2.64147358e+02
2.62624767e+02
2.61057154e+02
2.59477389e+02
2.57909637e+02
2.56371480e+02
2.54875433e+02
2.53430061e+02
2.52040937e+02
2.50711406e+02
2.49443143e+02
2.48236566e+02
2.47091152e+02
2.46005683e+02
2.44978442e+02
2.44007361e+02
2.43090145e+02
2.42224359e+02
2.41407504e+02
2.40637063e+02
2.39910545e+02
2.39225515e+02
2.38579612e+02
2.37970565e+02
2.37396200e+02
2.36854451e+02
2.36343353e+02
2.35861053e+02
2.35405799e+02
2.34975943e+02
2.69822783e+02
2.69867718e+02
2.69899571e+02
2.69839453e+02
2.69615666e+02
2.69197649e+02
2.68594562e+02
2.67835750e+02
2.66956260e+02
2.65989799e+02
2.64966030e+02
2.63909845e+02
2.62841483e+02
2.61776953e+02
2.60728580e+02
2.59705569e+02
2.58714566e+02
2.57760165e+02
2.56845335e+02
2.55971774e+02
2.55140198e+02
2.54350568e+02
2.53602287e+02
2.52894342e+02
2.52225424e+02
2.51594025e+02
2.50998508e+02
2.50437163e+02
2.49908252e+02
2.49410040e+02
2.48940821e+02
2.48498935e+02
2.48082779e+02
2.47690815e+02
2.47321579e+02
2.46973679e+02
2.46645801e+02
2.70373367e+02
2.70417329e+02
2.70439041e+02
2.70408552e+02
2.70285557e+02
2.70046273e+02
2.69688067e+02
2.69222981e+02
2.68670245e+02
2.68051068e+02
2.67385674e+02
2.66691889e+02
2.65984645e+02
2.65275981e+02
2.64575291e+02
2.63889673e+02
2.63224312e+02
2.62582834e+02
2.61967632e+02
2.61380132e+02
2.60821010e+02
2.60290372e+02
2.59787896e+02
2.59312945e+02
2.58864656e+02
2.58442013e+02
2.58043899e+02
2.57669139e+02
2.57316532e+02
2.56984877e+02
2.56672989e+02
2.56379716e+02
2.56103944e+02
2.55844605e+02
2.55600680e+02
2.55371205e+02
2.55155267e+02
