2.70000e+02 2.70000e+02 2.70000e+02 2.69475e+02 2.67900e+02 2.70464e+02 2.70525e+02 2.70759e+02 2.70834e+02 2.70884e+02
2.70000e+02 2.70000e+02 2.70000e+02 2.69475e+02 2.67900e+02 2.70464e+02 2.70525e+02 2.70759e+02 2.70834e+02 2.70884e+02
5.00000e+01 1.50000e+02 2.50000e+02 2.69474e+02 2.67903e+02 2.69602e+02 2.69532e+02 2.70792e+02 2.70880e+02 2.70952e+02
4.03216e+01 1.50000e+02 2.45986e+02 2.69254e+02 2.67889e+02 2.66206e+02 2.65970e+02 2.70700e+02 2.70912e+02 2.70988e+02
3.73755e+01 1.50000e+02 2.41399e+02 2.68772e+02 2.67841e+02 2.61356e+02 2.61293e+02 2.70286e+02 2.70848e+02 2.70963e+02
3.52318e+01 1.41384e+02 2.36600e+02 2.67954e+02 2.67745e+02 2.56042e+02 2.56482e+02 2.69489e+02 2.70611e+02 2.70833e+02
3.37414e+01 1.34753e+02 2.31303e+02 2.66795e+02 2.67592e+02 2.50714e+02 2.51842e+02 2.68363e+02 2.70168e+02 2.70574e+02
3.26174e+01 1.28692e+02 2.25698e+02 2.65351e+02 2.67387e+02 2.45576e+02 2.47457e+02 2.66998e+02 2.69527e+02 2.70183e+02
3.17253e+01 1.23386e+02 2.20199e+02 2.63703e+02 2.67140e+02 2.40727e+02 2.43351e+02 2.65472e+02 2.68719e+02 2.69671e+02
3.09938e+01 1.18772e+02 2.14997e+02 2.61933e+02 2.66864e+02 2.36204e+02 2.39522e+02 2.63849e+02 2.67782e+02 2.69062e+02
3.03808e+01 1.14752e+02 2.10168e+02 2.60110e+02 2.66572e+02 2.32014e+02 2.35963e+02 2.62175e+02 2.66750e+02 2.68379e+02
2.98587e+01 1.11235e+02 2.05729e+02 2.58285e+02 2.66273e+02 2.28146e+02 2.32659e+02 2.60486e+02 2.65658e+02 2.67644e+02
2.94086e+01 1.08142e+02 2.01672e+02 2.56495e+02 2.65976e+02 2.24583e+02 2.29593e+02 2.58809e+02 2.64531e+02 2.66878e+02
2.89161e+01 1.05403e+02 1.97975e+02 2.54765e+02 2.65686e+02 2.21301e+02 2.26748e+02 2.57165e+02 2.63391e+02 2.66097e+02
2.84374e+01 1.02947e+02 1.94610e+02 2.53109e+02 2.65407e+02 2.18276e+02 2.24105e+02 2.55566e+02 2.62258e+02 2.65316e+02
2.80082e+01 1.00742e+02 1.91548e+02 2.51538e+02 2.65140e+02 2.15484e+02 2.21648e+02 2.54023e+02 2.61143e+02 2.64545e+02
2.76236e+01 9.87583e+01 1.88759e+02 2.50055e+02 2.64887e+02 2.12902e+02 2.19360e+02 2.52542e+02 2.60057e+02 2.63791e+02
2.72779e+01 9.69724e+01 1.86219e+02 2.48661e+02 2.64649e+02 2.10511e+02 2.17229e+02 2.51127e+02 2.59007e+02 2.63062e+02
2.69660e+01 9.53615e+01 1.83903e+02 2.47355e+02 2.64425e+02 2.08294e+02 2.15241e+02 2.49781e+02 2.57998e+02 2.62360e+02
2.66835e+01 9.39058e+01 1.81791e+02 2.46134e+02 2.64215e+02 2.06234e+02 2.13386e+02 2.48503e+02 2.57034e+02 2.61688e+02
2.64269e+01 9.25879e+01 1.79863e+02 2.44995e+02 2.64019e+02 2.04317e+02 2.11653e+02 2.47294e+02 2.56115e+02 2.61048e+02
2.61930e+01 9.13927e+01 1.78102e+02 2.43933e+02 2.63836e+02 2.02532e+02 2.10032e+02 2.46151e+02 2.55244e+02 2.60441e+02
2.59791e+01 9.03068e+01 1.76492e+02 2.42944e+02 2.63665e+02 2.00866e+02 2.08515e+02 2.45072e+02 2.54418e+02 2.59866e+02
2.57831e+01 8.93188e+01 1.75019e+02 2.42024e+02 2.63506e+02 1.99309e+02 2.07094e+02 2.44056e+02 2.53639e+02 2.59323e+02
2.56031e+01 8.84183e+01 1.73670e+02 2.41169e+02 2.63359e+02 1.97854e+02 2.05763e+02 2.43100e+02 2.52904e+02 2.58811e+02
2.54373e+01 8.75965e+01 1.72434e+02 2.40374e+02 2.63221e+02 1.96491e+02 2.04514e+02 2.42201e+02 2.52211e+02 2.58329e+02
2.52843e+01 8.68452e+01 1.71300e+02 2.39635e+02 2.63094e+02 1.95213e+02 2.03341e+02 2.41356e+02 2.51560e+02 2.57877e+02
2.51429e+01 8.61577e+01 1.70259e+02 2.38948e+02 2.62975e+02 1.94015e+02 2.02240e+02 2.40561e+02 2.50947e+02 2.57452e+02
2.50120e+01 8.55276e+01 1.69303e+02 2.38310e+02 2.62865e+02 1.92889e+02 2.01205e+02 2.39815e+02 2.50372e+02 2.57053e+02
2.48907e+01 8.49493e+01 1.68423e+02 2.37717e+02 2.62762e+02 1.91832e+02 2.00232e+02 2.39115e+02 2.49832e+02 2.56679e+02
2.47780e+01 8.44181e+01 1.67614e+02 2.37166e+02 2.62667e+02 1.90837e+02 1.99316e+02 2.38457e+02 2.49326e+02 2.56329e+02
2.46732e+01 8.39295e+01 1.66869e+02 2.36654e+02 2.62578e+02 1.89900e+02 1.98454e+02 2.37839e+02 2.48850e+02 2.56000e+02
2.45757e+01 8.34796e+01 1.66181e+02 2.36177e+02 2.62496e+02 1.89019e+02 1.97642e+02 2.37259e+02 2.48404e+02 2.55692e+02
2.44848e+01 8.30649e+01 1.65547e+02 2.35734e+02 2.62419e+02 1.88187e+02 1.96877e+02 2.36714e+02 2.47986e+02 2.55404e+02
2.44000e+01 8.26822e+01 1.64962e+02 2.35321e+02 2.62348e+02 1.87404e+02 1.96156e+02 2.36202e+02 2.47593e+02 2.55134e+02
2.43208e+01 8.23288e+01 1.64421e+02 2.34937e+02 2.62282e+02 1.86664e+02 1.95475e+02 2.35721e+02 2.47225e+02 2.54880e+02
2.42468e+01 8.20020e+01 1.63920e+02 2.34579e+02 2.62220e+02 1.85966e+02 1.94832e+02 2.35268e+02 2.46879e+02 2.54643e+02
2.41776e+01 8.16996e+01 1.63457e+02 2.34245e+02 2.62162e+02 1.85306e+02 1.94226e+02 2.34843e+02 2.46554e+02 2.54420e+02
