2.70000e+02 2.70000e+02 2.70000e+02 2.69959e+02 2.67992e+02 2.69639e+02 2.69835e+02 2.70766e+02 2.71017e+02 2.71139e+02
2.70000e+02 2.70000e+02 2.70000e+02 2.69959e+02 2.67992e+02 2.69639e+02 2.69835e+02 2.70766e+02 2.71017e+02 2.71139e+02
5.00000e+01 1.50000e+02 2.50000e+02 2.69841e+02 2.67985e+02 2.68999e+02 2.68885e+02 2.70764e+02 2.71020e+02 2.71130e+02
4.04305e+01 1.50000e+02 2.46070e+02 2.69540e+02 2.67956e+02 2.66073e+02 2.65327e+02 2.70621e+02 2.70995e+02 2.71111e+02
3.75482e+01 1.50000e+02 2.41513e+02 2.68992e+02 2.67891e+02 2.61631e+02 2.60648e+02 2.70130e+02 2.70864e+02 2.71039e+02
3.54023e+01 1.41493e+02 2.36723e+02 2.68116e+02 2.67779e+02 2.56617e+02 2.55855e+02 2.69236e+02 2.70550e+02 2.70867e+02
3.39048e+01 1.34911e+02 2.31431e+02 2.66903e+02 2.67610e+02 2.51508e+02 2.51256e+02 2.68011e+02 2.70023e+02 2.70565e+02
3.27754e+01 1.28876e+02 2.25825e+02 2.65411e+02 2.67388e+02 2.46539e+02 2.46936e+02 2.66554e+02 2.69298e+02 2.70132e+02
3.18801e+01 1.23580e+02 2.20317e+02 2.63719e+02 2.67124e+02 2.41827e+02 2.42913e+02 2.64949e+02 2.68410e+02 2.69581e+02
3.11473e+01 1.18970e+02 2.15100e+02 2.61909e+02 2.66832e+02 2.37422e+02 2.39181e+02 2.63258e+02 2.67399e+02 2.68934e+02
3.05343e+01 1.14949e+02 2.10252e+02 2.60050e+02 2.66524e+02 2.33339e+02 2.35727e+02 2.61530e+02 2.66300e+02 2.68215e+02
3.00132e+01 1.11429e+02 2.05791e+02 2.58194e+02 2.66212e+02 2.29572e+02 2.32531e+02 2.59797e+02 2.65147e+02 2.67445e+02
2.95647e+01 1.08331e+02 2.01710e+02 2.56376e+02 2.65902e+02 2.26103e+02 2.29574e+02 2.58084e+02 2.63964e+02 2.66646e+02
2.91294e+01 1.05590e+02 1.97990e+02 2.54622e+02 2.65600e+02 2.22911e+02 2.26835e+02 2.56408e+02 2.62773e+02 2.65833e+02
2.86596e+01 1.03139e+02 1.94602e+02 2.52945e+02 2.65310e+02 2.19970e+02 2.24294e+02 2.54781e+02 2.61590e+02 2.65019e+02
2.82358e+01 1.00934e+02 1.91519e+02 2.51356e+02 2.65033e+02 2.17258e+02 2.21933e+02 2.53213e+02 2.60427e+02 2.64215e+02
2.78559e+01 9.89487e+01 1.88711e+02 2.49856e+02 2.64771e+02 2.14751e+02 2.19735e+02 2.51707e+02 2.59295e+02 2.63429e+02
2.75146e+01 9.71604e+01 1.86153e+02 2.48447e+02 2.64524e+02 2.12428e+02 2.17685e+02 2.50267e+02 2.58198e+02 2.62665e+02
2.72067e+01 9.55467e+01 1.83821e+02 2.47127e+02 2.64292e+02 2.10272e+02 2.15770e+02 2.48894e+02 2.57143e+02 2.61929e+02
2.69279e+01 9.40881e+01 1.81694e+02 2.45893e+02 2.64075e+02 2.08267e+02 2.13978e+02 2.47588e+02 2.56132e+02 2.61222e+02
2.66746e+01 9.27673e+01 1.79752e+02 2.44741e+02 2.63872e+02 2.06397e+02 2.12300e+02 2.46348e+02 2.55166e+02 2.60546e+02
2.64437e+01 9.15693e+01 1.77978e+02 2.43666e+02 2.63682e+02 2.04651e+02 2.10726e+02 2.45173e+02 2.54246e+02 2.59903e+02
2.62325e+01 9.04808e+01 1.76355e+02 2.42665e+02 2.63506e+02 2.03018e+02 2.09247e+02 2.44061e+02 2.53372e+02 2.59291e+02
2.60387e+01 8.94901e+01 1.74871e+02 2.41732e+02 2.63341e+02 2.01487e+02 2.07858e+02 2.43008e+02 2.52542e+02 2.58711e+02
2.58605e+01 8.85871e+01 1.73511e+02 2.40864e+02 2.63188e+02 2.00051e+02 2.06550e+02 2.42014e+02 2.51757e+02 2.58161e+02
2.56962e+01 8.77626e+01 1.72264e+02 2.40055e+02 2.63045e+02 1.98701e+02 2.05318e+02 2.41074e+02 2.51014e+02 2.57642e+02
2.55443e+01 8.70087e+01 1.71120e+02 2.39302e+02 2.62912e+02 1.97430e+02 2.04156e+02 2.40187e+02 2.50312e+02 2.57152e+02
2.54037e+01 8.63183e+01 1.70069e+02 2.38601e+02 2.62788e+02 1.96233e+02 2.03060e+02 2.39349e+02 2.49648e+02 2.56689e+02
2.52732e+01 8.56851e+01 1.69103e+02 2.37947e+02 2.62673e+02 1.95105e+02 2.02025e+02 2.38558e+02 2.49022e+02 2.56253e+02
2.51519e+01 8.51037e+01 1.68214e+02 2.37339e+02 2.62565e+02 1.94039e+02 2.01047e+02 2.37812e+02 2.48431e+02 2.55842e+02
2.50389e+01 8.45690e+01 1.67394e+02 2.36771e+02 2.62465e+02 1.93032e+02 2.00122e+02 2.37108e+02 2.47874e+02 2.55454e+02
2.49336e+01 8.40767e+01 1.66638e+02 2.36242e+02 2.62372e+02 1.92080e+02 1.99247e+02 2.36443e+02 2.47348e+02 2.55089e+02
2.48352e+01 8.36227e+01 1.65940e+02 2.35748e+02 2.62285e+02 1.91179e+02 1.98418e+02 2.35815e+02 2.46852e+02 2.54745e+02
2.47433e+01 8.32037e+01 1.65295e+02 2.35288e+02 2.62203e+02 1.90326e+02 1.97634e+02 2.35223e+02 2.46385e+02 2.54421e+02
2.46572e+01 8.28163e+01 1.64698e+02 2.34857e+02 2.62127e+02 1.89518e+02 1.96890e+02 2.34663e+02 2.45943e+02 2.54116e+02
2.45765e+01 8.24579e+01 1.64146e+02 2.34455e+02 2.62056e+02 1.88752e+02 1.96185e+02 2.34134e+02 2.45527e+02 2.53829e+02
2.45008e+01 8.21259e+01 1.63634e+02 2.34079e+02 2.61990e+02 1.88025e+02 1.95517e+02 2.33635e+02 2.45134e+02 2.53558e+02
2.44298e+01 8.18179e+01 1.63159e+02 2.33727e+02 2.61928e+02 1.87335e+02 1.94882e+02 2.33162e+02 2.44764e+02 2.53302e+02
