2.70000e+02 2.70000e+02 2.70000e+02 2.70875e+02 2.68190e+02 2.72436e+02 2.72417e+02 2.72294e+02 2.72116e+02 2.71865e+02
2.70000e+02 2.70000e+02 2.70000e+02 2.70875e+02 2.68190e+02 2.72436e+02 2.72417e+02 2.72294e+02 2.72116e+02 2.71865e+02
5.00000e+01 1.50000e+02 2.50000e+02 2.70694e+02 2.68175e+02 2.71689e+02 2.71320e+02 2.72241e+02 2.72078e+02 2.71814e+02
4.04705e+01 1.50000e+02 2.46244e+02 2.70366e+02 2.68135e+02 2.68675e+02 2.67627e+02 2.72043e+02 2.72008e+02 2.71758e+02
3.75690e+01 1.50000e+02 2.41738e+02 2.69811e+02 2.68062e+02 2.64138e+02 2.62811e+02 2.71499e+02 2.71850e+02 2.71657e+02
3.53976e+01 1.41537e+02 2.36928e+02 2.68945e+02 2.67940e+02 2.59005e+02 2.57880e+02 2.70555e+02 2.71530e+02 2.71463e+02
3.38803e+01 1.34971e+02 2.31585e+02 2.67751e+02 2.67760e+02 2.53759e+02 2.53150e+02 2.69282e+02 2.71014e+02 2.71147e+02
3.27351e+01 1.28927e+02 2.25900e+02 2.66279e+02 2.67525e+02 2.48645e+02 2.48707e+02 2.67778e+02 2.70309e+02 2.70704e+02
3.18265e+01 1.23606e+02 2.20290e+02 2.64604e+02 2.67244e+02 2.43785e+02 2.44572e+02 2.66130e+02 2.69445e+02 2.70146e+02
3.10824e+01 1.18960e+02 2.14958e+02 2.62807e+02 2.66932e+02 2.39237e+02 2.40740e+02 2.64400e+02 2.68458e+02 2.69494e+02
3.04597e+01 1.14899e+02 2.09986e+02 2.60955e+02 2.66602e+02 2.35020e+02 2.37197e+02 2.62637e+02 2.67383e+02 2.68772e+02
2.99302e+01 1.11334e+02 2.05398e+02 2.59099e+02 2.66266e+02 2.31130e+02 2.33923e+02 2.60875e+02 2.66253e+02 2.68003e+02
2.94743e+01 1.08190e+02 2.01188e+02 2.57278e+02 2.65931e+02 2.27551e+02 2.30898e+02 2.59138e+02 2.65094e+02 2.67205e+02
2.90118e+01 1.05401e+02 1.97340e+02 2.55516e+02 2.65605e+02 2.24260e+02 2.28101e+02 2.57443e+02 2.63926e+02 2.66396e+02
2.85316e+01 1.02898e+02 1.93829e+02 2.53831e+02 2.65290e+02 2.21234e+02 2.25512e+02 2.55804e+02 2.62766e+02 2.65589e+02
2.80999e+01 1.00643e+02 1.90625e+02 2.52230e+02 2.64989e+02 2.18446e+02 2.23110e+02 2.54227e+02 2.61628e+02 2.64794e+02
2.77133e+01 9.86104e+01 1.87703e+02 2.50719e+02 2.64705e+02 2.15874e+02 2.20879e+02 2.52719e+02 2.60522e+02 2.64018e+02
2.73662e+01 9.67758e+01 1.85036e+02 2.49299e+02 2.64436e+02 2.13497e+02 2.18801e+02 2.51280e+02 2.59453e+02 2.63267e+02
2.70532e+01 9.51179e+01 1.82601e+02 2.47969e+02 2.64184e+02 2.11294e+02 2.16865e+02 2.49913e+02 2.58426e+02 2.62545e+02
2.67701e+01 9.36173e+01 1.80378e+02 2.46726e+02 2.63948e+02 2.09250e+02 2.15058e+02 2.48617e+02 2.57444e+02 2.61854e+02
2.65132e+01 9.22569e+01 1.78346e+02 2.45565e+02 2.63727e+02 2.07349e+02 2.13369e+02 2.47390e+02 2.56509e+02 2.61196e+02
2.62791e+01 9.10217e+01 1.76489e+02 2.44484e+02 2.63521e+02 2.05577e+02 2.11788e+02 2.46230e+02 2.55621e+02 2.60571e+02
2.60652e+01 8.98985e+01 1.74790e+02 2.43478e+02 2.63329e+02 2.03923e+02 2.10307e+02 2.45136e+02 2.54780e+02 2.59979e+02
2.58693e+01 8.88757e+01 1.73235e+02 2.42541e+02 2.63151e+02 2.02377e+02 2.08917e+02 2.44105e+02 2.53985e+02 2.59420e+02
2.56894e+01 8.79429e+01 1.71811e+02 2.41671e+02 2.62985e+02 2.00930e+02 2.07613e+02 2.43133e+02 2.53234e+02 2.58893e+02
2.55237e+01 8.70912e+01 1.70506e+02 2.40862e+02 2.62830e+02 1.99572e+02 2.06387e+02 2.42217e+02 2.52526e+02 2.58396e+02
2.53709e+01 8.63124e+01 1.69309e+02 2.40109e+02 2.62687e+02 1.98298e+02 2.05233e+02 2.41356e+02 2.51859e+02 2.57928e+02
2.52295e+01 8.55994e+01 1.68210e+02 2.39410e+02 2.62553e+02 1.97100e+02 2.04147e+02 2.40545e+02 2.51231e+02 2.57488e+02
2.50987e+01 8.49459e+01 1.67200e+02 2.38760e+02 2.62429e+02 1.95973e+02 2.03124e+02 2.39782e+02 2.50641e+02 2.57075e+02
2.49773e+01 8.43462e+01 1.66272e+02 2.38156e+02 2.62314e+02 1.94911e+02 2.02159e+02 2.39064e+02 2.50085e+02 2.56687e+02
2.48644e+01 8.37951e+01 1.65417e+02 2.37594e+02 2.62207e+02 1.93909e+02 2.01248e+02 2.38388e+02 2.49563e+02 2.56323e+02
2.47595e+01 8.32883e+01 1.64631e+02 2.37072e+02 2.62107e+02 1.92965e+02 2.00389e+02 2.37753e+02 2.49073e+02 2.55981e+02
2.46617e+01 8.28216e+01 1.63905e+02 2.36585e+02 2.62014e+02 1.92073e+02 1.99577e+02 2.37154e+02 2.48611e+02 2.55660e+02
2.45704e+01 8.23914e+01 1.63236e+02 2.36132e+02 2.61928e+02 1.91230e+02 1.98810e+02 2.36591e+02 2.48178e+02 2.55358e+02
2.44852e+01 8.19944e+01 1.62619e+02 2.35710e+02 2.61847e+02 1.90433e+02 1.98084e+02 2.36060e+02 2.47770e+02 2.55076e+02
2.44055e+01 8.16277e+01 1.62048e+02 2.35317e+02 2.61772e+02 1.89678e+02 1.97397e+02 2.35561e+02 2.47386e+02 2.54810e+02
2.43310e+01 8.12887e+01 1.61520e+02 2.34950e+02 2.61702e+02 1.88964e+02 1.96747e+02 2.35090e+02 2.47026e+02 2.54560e+02
2.42611e+01 8.09749e+01 1.61032e+02 2.34608e+02 2.61637e+02 1.88288e+02 1.96132e+02 2.34646e+02 2.46686e+02 2.54326e+02
