2.70000e+02 2.70000e+02 2.70000e+02 2.70720e+02 2.68106e+02 2.72538e+02 2.72491e+02 2.72194e+02 2.71997e+02 2.71770e+02
2.70000e+02 2.70000e+02 2.70000e+02 2.70720e+02 2.68106e+02 2.72538e+02 2.72491e+02 2.72194e+02 2.71997e+02 2.71770e+02
5.00000e+01 1.50000e+02 2.50000e+02 2.70552e+02 2.68096e+02 2.71460e+02 2.71441e+02 2.72131e+02 2.71953e+02 2.71730e+02
4.02846e+01 1.50000e+02 2.46247e+02 2.70210e+02 2.68061e+02 2.67739e+02 2.67882e+02 2.71937e+02 2.71878e+02 2.71679e+02
3.73709e+01 1.50000e+02 2.41794e+02 2.69629e+02 2.67994e+02 2.62638e+02 2.63182e+02 2.71413e+02 2.71720e+02 2.71586e+02
3.52385e+01 1.41443e+02 2.37071e+02 2.68729e+02 2.67881e+02 2.57146e+02 2.58306e+02 2.70487e+02 2.71400e+02 2.71405e+02
3.37502e+01 1.34887e+02 2.31836e+02 2.67499e+02 2.67716e+02 2.51684e+02 2.53573e+02 2.69213e+02 2.70878e+02 2.71110e+02
3.26242e+01 1.28880e+02 2.26275e+02 2.65990e+02 2.67499e+02 2.46442e+02 2.49082e+02 2.67678e+02 2.70155e+02 2.70699e+02
3.17279e+01 1.23606e+02 2.20803e+02 2.64281e+02 2.67241e+02 2.41504e+02 2.44862e+02 2.65964e+02 2.69258e+02 2.70184e+02
3.09913e+01 1.19011e+02 2.15618e+02 2.62449e+02 2.66955e+02 2.36904e+02 2.40918e+02 2.64136e+02 2.68222e+02 2.69584e+02
3.03725e+01 1.15001e+02 2.10795e+02 2.60563e+02 2.66652e+02 2.32645e+02 2.37244e+02 2.62242e+02 2.67083e+02 2.68921e+02
2.98445e+01 1.11487e+02 2.06354e+02 2.58674e+02 2.66343e+02 2.28713e+02 2.33823e+02 2.60320e+02 2.65873e+02 2.68214e+02
2.93883e+01 1.08392e+02 2.02288e+02 2.56817e+02 2.66036e+02 2.25088e+02 2.30641e+02 2.58400e+02 2.64619e+02 2.67481e+02
2.88918e+01 1.05646e+02 1.98575e+02 2.55018e+02 2.65734e+02 2.21746e+02 2.27680e+02 2.56503e+02 2.63345e+02 2.66736e+02
2.84048e+01 1.03181e+02 1.95188e+02 2.53293e+02 2.65443e+02 2.18660e+02 2.24920e+02 2.54645e+02 2.62069e+02 2.65992e+02
2.79673e+01 1.00962e+02 1.92099e+02 2.51649e+02 2.65165e+02 2.15806e+02 2.22344e+02 2.52838e+02 2.60806e+02 2.65256e+02
2.75745e+01 9.89622e+01 1.89279e+02 2.50093e+02 2.64899e+02 2.13160e+02 2.19937e+02 2.51090e+02 2.59567e+02 2.64537e+02
2.72206e+01 9.71578e+01 1.86703e+02 2.48624e+02 2.64649e+02 2.10702e+02 2.17685e+02 2.49407e+02 2.58360e+02 2.63839e+02
2.69005e+01 9.55265e+01 1.84348e+02 2.47242e+02 2.64412e+02 2.08416e+02 2.15574e+02 2.47792e+02 2.57192e+02 2.63165e+02
2.66100e+01 9.40489e+01 1.82194e+02 2.45944e+02 2.64189e+02 2.06283e+02 2.13594e+02 2.46246e+02 2.56066e+02 2.62517e+02
2.63453e+01 9.27078e+01 1.80221e+02 2.44727e+02 2.63981e+02 2.04291e+02 2.11734e+02 2.44770e+02 2.54986e+02 2.61898e+02
2.61032e+01 9.14882e+01 1.78413e+02 2.43588e+02 2.63785e+02 2.02426e+02 2.09986e+02 2.43364e+02 2.53952e+02 2.61307e+02
2.58812e+01 9.03771e+01 1.76755e+02 2.42521e+02 2.63601e+02 2.00678e+02 2.08340e+02 2.42026e+02 2.52965e+02 2.60745e+02
2.56770e+01 8.93631e+01 1.75232e+02 2.41523e+02 2.63430e+02 1.99037e+02 2.06789e+02 2.40755e+02 2.52025e+02 2.60211e+02
2.54887e+01 8.84360e+01 1.73833e+02 2.40591e+02 2.63269e+02 1.97493e+02 2.05327e+02 2.39549e+02 2.51131e+02 2.59705e+02
2.53145e+01 8.75869e+01 1.72545e+02 2.39718e+02 2.63119e+02 1.96040e+02 2.03947e+02 2.38405e+02 2.50282e+02 2.59225e+02
2.51532e+01 8.68081e+01 1.71359e+02 2.38903e+02 2.62978e+02 1.94671e+02 2.02644e+02 2.37321e+02 2.49477e+02 2.58772e+02
2.50034e+01 8.60927e+01 1.70265e+02 2.38141e+02 2.62847e+02 1.93378e+02 2.01412e+02 2.36294e+02 2.48714e+02 2.58344e+02
2.48640e+01 8.54344e+01 1.69255e+02 2.37428e+02 2.62724e+02 1.92157e+02 2.00247e+02 2.35321e+02 2.47992e+02 2.57940e+02
2.47342e+01 8.48278e+01 1.68323e+02 2.36761e+02 2.62609e+02 1.91003e+02 1.99144e+02 2.34400e+02 2.47308e+02 2.57558e+02
2.46130e+01 8.42682e+01 1.67460e+02 2.36137e+02 2.62502e+02 1.89911e+02 1.98100e+02 2.33528e+02 2.46661e+02 2.57197e+02
2.44997e+01 8.37511e+01 1.66662e+02 2.35553e+02 2.62401e+02 1.88876e+02 1.97111e+02 2.32702e+02 2.46048e+02 2.56857e+02
2.43937e+01 8.32728e+01 1.65922e+02 2.35006e+02 2.62307e+02 1.87896e+02 1.96172e+02 2.31921e+02 2.45469e+02 2.56537e+02
2.42943e+01 8.28297e+01 1.65235e+02 2.34493e+02 2.62219e+02 1.86966e+02 1.95283e+02 2.31181e+02 2.44922e+02 2.56234e+02
2.42011e+01 8.24187e+01 1.64598e+02 2.34013e+02 2.62136e+02 1.86084e+02 1.94438e+02 2.30480e+02 2.44404e+02 2.55948e+02
2.41135e+01 8.20372e+01 1.64005e+02 2.33563e+02 2.62059e+02 1.85246e+02 1.93636e+02 2.29817e+02 2.43913e+02 2.55679e+02
2.40311e+01 8.16825e+01 1.63454e+02 2.33140e+02 2.61986e+02 1.84450e+02 1.92875e+02 2.29189e+02 2.43450e+02 2.55425e+02
2.39537e+01 8.13525e+01 1.62940e+02 2.32744e+02 2.61918e+02 1.83693e+02 1.92151e+02 2.28594e+02 2.43011e+02 2.55185e+02
