2.70000000e+02
5.00000000e+01
4.01745370e+01
3.72393520e+01
3.51217290e+01
3.36497600e+01
3.25395180e+01
3.16578700e+01
3.09345450e+01
3.03278270e+01
2.98107050e+01
2.93645210e+01
2.88616320e+01
2.83855840e+01
2.79592570e+01
2.75773960e+01
2.72342610e+01
2.69247880e+01
2.66446610e+01
2.63902330e+01
2.61584130e+01
2.59465760e+01
2.57524820e+01
2.55742080e+01
2.54100970e+01
2.52587100e+01
2.51187980e+01
2.49892650e+01
2.48691480e+01
2.47575990e+01
2.46538640e+01
2.45572740e+01
2.44672310e+01
2.43831980e+01
2.43046940e+01
2.42312850e+01
2.41625780e+01
2.70000000e+02
1.50000000e+02
1.50000000e+02
1.50000000e+02
1.41437499e+02
1.34884385e+02
1.28876855e+02
1.23601658e+02
1.19005745e+02
1.14996578e+02
1.11485157e+02
1.08395482e+02
1.05655334e+02
1.03198578e+02
1.00991947e+02
9.90083810e+01
9.72227700e+01
9.56125860e+01
9.41579700e+01
9.28415270e+01
9.16480400e+01
9.05641900e+01
8.95782930e+01
8.86800850e+01
8.78605260e+01
8.71116380e+01
8.64263630e+01
8.57984470e+01
8.52223360e+01
8.46930880e+01
8.42062970e+01
8.37580300e+01
8.33447680e+01
8.29633560e+01
8.26109640e+01
8.22850470e+01
8.19833150e+01
2.70000000e+02
2.50000000e+02
2.46216458e+02
2.41748872e+02
2.37020234e+02
2.31781060e+02
2.26215234e+02
2.20738471e+02
2.15549545e+02
2.10727511e+02
2.06293253e+02
2.02239440e+02
1.98545403e+02
1.95183908e+02
1.92125244e+02
1.89341012e+02
1.86805322e+02
1.84494696e+02
1.82387834e+02
1.80465427e+02
1.78709995e+02
1.77105734e+02
1.75638383e+02
1.74295077e+02
1.73064223e+02
1.71935377e+02
1.70899129e+02
1.69947004e+02
1.69071363e+02
1.68265318e+02
1.67522660e+02
1.66837781e+02
1.66205619e+02
1.65621598e+02
1.65081579e+02
1.64581816e+02
1.64118914e+02
2.70613076e+02
2.70429353e+02
2.70073428e+02
2.69486382e+02
2.68586022e+02
2.67362343e+02
2.65868401e+02
2.64182665e+02
2.62384382e+02
2.60540206e+02
2.58700535e+02
2.56900875e+02
2.55164799e+02
2.53506938e+02
2.51935396e+02
2.50453656e+02
2.49062056e+02
2.47758874e+02
2.46541096e+02
2.45404929e+02
2.44346142e+02
2.43360299e+02
2.42442917e+02
2.41589572e+02
2.40795967e+02
2.40057981e+02
2.39371698e+02
2.38733416e+02
2.38139659e+02
2.37587173e+02
2.37072926e+02
2.36594096e+02
2.36148063e+02
2.35732401e+02
2.35344862e+02
2.34983371e+02
2.34646007e+02
2.68088486e+02
2.68076647e+02
2.68039259e+02
2.67970459e+02
2.67857667e+02
2.67692569e+02
2.67477736e+02
2.67223255e+02
2.66941859e+02
2.66645649e+02
2.66344533e+02
2.66045910e+02
2.65754947e+02
2.65475039e+02
2.65208253e+02
2.64955690e+02
2.64717773e+02
2.64494465e+02
2.64285429e+02
2.64090144e+02
2.63907973e+02
2.63738220e+02
2.63580163e+02
2.63433074e+02
2.63296240e+02
2.63168970e+02
2.63050602e+02
2.62940508e+02
2.62838094e+02
2.62742805e+02
2.62654120e+02
2.62571555e+02
2.62494659e+02
2.62423012e+02
2.62356228e+02
2.62293947e+02
2.62235838e+02
2.71240587e+02
2.70571579e+02
2.67702285e+02
2.63347764e+02
2.58405670e+02
2.53337899e+02
2.48377382e+02
2.43643432e+02
2.39192321e+02
2.35044079e+02
2.31198084e+02
2.27642364e+02
2.24359051e+02
2.21327056e+02
2.18524608e+02
2.15931192e+02
2.13527944e+02
2.11297686e+02
2.09224887e+02
2.07295576e+02
2.05497227e+02
2.03818627e+02
2.02249744e+02
2.00781594e+02
1.99406124e+02
1.98116100e+02
1.96905014e+02
1.95766989e+02
1.94696710e+02
1.93689355e+02
1.92740536e+02
1.91846251e+02
1.91002841e+02
1.90206948e+02
1.89455489e+02
1.88745621e+02
1.88074723e+02
2.71335460e+02
2.70330135e+02
2.66796934e+02
2.62186637e+02
2.57462315e+02
2.52915323e+02
2.48624020e+02
2.44607214e+02
2.40863420e+02
2.37382370e+02
2.34149543e+02
2.31148499e+02
2.28362084e+02
2.25772491e+02
2.23362847e+02
2.21118207e+02
2.19025150e+02
2.17071493e+02
2.15246159e+02
2.13539085e+02
2.11941134e+02
2.10444010e+02
2.09040176e+02
2.07722774e+02
2.06485558e+02
2.05322827e+02
2.04229371e+02
2.03200418e+02
2.02231592e+02
2.01318870e+02
2.00458547e+02
1.99647207e+02
1.98881697e+02
1.98159097e+02
1.97476704e+02
1.96832011e+02
1.96222688e+02
2.71708407e+02
2.71673844e+02
2.71503022e+02
2.71004326e+02
2.70120430e+02
2.68912835e+02
2.67472227e+02
2.65878889e+02
2.64195290e+02
2.62468252e+02
2.60732494e+02
2.59013585e+02
2.57330151e+02
2.55695468e+02
2.54118614e+02
2.52605436e+02
2.51159363e+02
2.49782024e+02
2.48473695e+02
2.47233642e+02
2.46060386e+02
2.44951916e+02
2.43905848e+02
2.42919556e+02
2.41990275e+02
2.41115172e+02
2.40291403e+02
2.39516163e+02
2.38786709e+02
2.38100388e+02
2.37454648e+02
2.36847053e+02
2.36275282e+02
2.35737138e+02
2.35230542e+02
2.34753536e+02
2.34304276e+02
2.71743796e+02
2.71711312e+02
2.71645979e+02
2.71483181e+02
2.71146410e+02
2.70605934e+02
2.69874459e+02
2.68984862e+02
2.67974956e+02
2.66880444e+02
2.65732373e+02
2.64556570e+02
2.63373862e+02
2.62200609e+02
2.61049311e+02
2.59929211e+02
2.58846893e+02
2.57806819e+02
2.56811779e+02
2.55863264e+02
2.54961761e+02
2.54107000e+02
2.53298141e+02
2.52533932e+02
2.51812828e+02
2.51133089e+02
2.50492853e+02
2.49890193e+02
2.49323162e+02
2.48789826e+02
2.48288288e+02
2.47816705e+02
2.47373303e+02
2.46956381e+02
2.46564320e+02
2.46195582e+02
2.45848715e+02
2.71638680e+02
2.71583018e+02
2.71529584e+02
2.71434012e+02
2.71249172e+02
2.70947464e+02
2.70524953e+02
2.69993892e+02
2.69374362e+02
2.68688540e+02
2.67957506e+02
2.67199759e+02
2.66430717e+02
2.65662755e+02
2.64905484e+02
2.64166125e+02
2.63449909e+02
2.62760461e+02
2.62100132e+02
2.61470277e+02
2.60871486e+02
2.60303767e+02
2.59766693e+02
2.59259516e+02
2.58781263e+02
2.58330804e+02
2.57906910e+02
2.57508297e+02
2.57133657e+02
2.56781684e+02
2.56451092e+02
2.56140631e+02
2.55849093e+02
2.55575320e+02
2.55318210e+02
2.55076714e+02
2.54849842e+02
