2.70000e+02 2.70000e+02 2.70000e+02 2.72641e+02 2.68475e+02 2.76056e+02 2.75834e+02 2.74822e+02 2.74180e+02 2.73453e+02
2.70000e+02 2.70000e+02 2.70000e+02 2.72641e+02 2.68475e+02 2.76056e+02 2.75834e+02 2.74822e+02 2.74180e+02 2.73453e+02
5.00000e+01 1.50000e+02 2.50000e+02 2.72281e+02 2.68448e+02 2.75104e+02 2.74522e+02 2.74642e+02 2.74026e+02 2.73212e+02
4.05495e+01 1.50000e+02 2.46664e+02 2.71784e+02 2.68383e+02 2.71783e+02 2.70612e+02 2.74311e+02 2.73807e+02 2.73026e+02
3.77183e+01 1.50000e+02 2.42429e+02 2.71079e+02 2.68288e+02 2.66901e+02 2.65567e+02 2.73638e+02 2.73517e+02 2.72820e+02
3.55687e+01 1.41931e+02 2.37832e+02 2.70076e+02 2.68150e+02 2.61416e+02 2.60381e+02 2.72565e+02 2.73078e+02 2.72537e+02
3.40586e+01 1.35448e+02 2.32707e+02 2.68757e+02 2.67959e+02 2.55821e+02 2.55376e+02 2.71158e+02 2.72450e+02 2.72141e+02
3.29132e+01 1.29515e+02 2.27217e+02 2.67171e+02 2.67716e+02 2.50365e+02 2.50647e+02 2.69515e+02 2.71638e+02 2.71625e+02
3.19999e+01 1.24275e+02 2.21776e+02 2.65395e+02 2.67432e+02 2.45173e+02 2.46219e+02 2.67721e+02 2.70670e+02 2.70997e+02
3.12480e+01 1.19689e+02 2.16595e+02 2.63506e+02 2.67118e+02 2.40304e+02 2.42095e+02 2.65844e+02 2.69580e+02 2.70278e+02
3.06156e+01 1.15674e+02 2.11761e+02 2.61570e+02 2.66789e+02 2.35776e+02 2.38263e+02 2.63931e+02 2.68404e+02 2.69490e+02
3.00752e+01 1.12146e+02 2.07299e+02 2.59638e+02 2.66454e+02 2.31585e+02 2.34709e+02 2.62018e+02 2.67172e+02 2.68654e+02
2.96079e+01 1.09032e+02 2.03205e+02 2.57746e+02 2.66121e+02 2.27716e+02 2.31413e+02 2.60131e+02 2.65911e+02 2.67791e+02
2.91749e+01 1.06271e+02 1.99462e+02 2.55918e+02 2.65796e+02 2.24149e+02 2.28356e+02 2.58289e+02 2.64643e+02 2.66916e+02
2.86852e+01 1.03797e+02 1.96046e+02 2.54169e+02 2.65483e+02 2.20859e+02 2.25520e+02 2.56503e+02 2.63384e+02 2.66043e+02
2.82391e+01 1.01565e+02 1.92930e+02 2.52509e+02 2.65184e+02 2.17822e+02 2.22886e+02 2.54783e+02 2.62147e+02 2.65182e+02
2.78375e+01 9.95489e+01 1.90085e+02 2.50940e+02 2.64901e+02 2.15016e+02 2.20435e+02 2.53135e+02 2.60943e+02 2.64340e+02
2.74756e+01 9.77276e+01 1.87487e+02 2.49464e+02 2.64633e+02 2.12418e+02 2.18152e+02 2.51560e+02 2.59778e+02 2.63524e+02
2.71483e+01 9.60796e+01 1.85113e+02 2.48079e+02 2.64381e+02 2.10010e+02 2.16024e+02 2.50062e+02 2.58656e+02 2.62737e+02
2.68514e+01 9.45863e+01 1.82942e+02 2.46782e+02 2.64145e+02 2.07773e+02 2.14038e+02 2.48638e+02 2.57582e+02 2.61983e+02
2.65812e+01 9.32308e+01 1.80955e+02 2.45569e+02 2.63924e+02 2.05694e+02 2.12183e+02 2.47290e+02 2.56557e+02 2.61262e+02
2.63345e+01 9.19983e+01 1.79135e+02 2.44436e+02 2.63717e+02 2.03758e+02 2.10448e+02 2.46013e+02 2.55581e+02 2.60576e+02
2.61087e+01 9.08760e+01 1.77468e+02 2.43380e+02 2.63524e+02 2.01953e+02 2.08825e+02 2.44807e+02 2.54655e+02 2.59924e+02
2.59015e+01 8.98524e+01 1.75938e+02 2.42394e+02 2.63344e+02 2.00267e+02 2.07304e+02 2.43669e+02 2.53778e+02 2.59307e+02
2.57109e+01 8.89173e+01 1.74534e+02 2.41476e+02 2.63176e+02 1.98691e+02 2.05878e+02 2.42596e+02 2.52948e+02 2.58723e+02
2.55352e+01 8.80619e+01 1.73244e+02 2.40620e+02 2.63019e+02 1.97216e+02 2.04541e+02 2.41584e+02 2.52164e+02 2.58171e+02
2.53730e+01 8.72783e+01 1.72058e+02 2.39822e+02 2.62873e+02 1.95835e+02 2.03286e+02 2.40631e+02 2.51424e+02 2.57651e+02
2.52228e+01 8.65594e+01 1.70966e+02 2.39079e+02 2.62737e+02 1.94539e+02 2.02106e+02 2.39733e+02 2.50727e+02 2.57161e+02
2.50836e+01 8.58992e+01 1.69960e+02 2.38386e+02 2.62611e+02 1.93323e+02 2.00997e+02 2.38889e+02 2.50070e+02 2.56699e+02
2.49545e+01 8.52920e+01 1.69033e+02 2.37740e+02 2.62493e+02 1.92180e+02 1.99954e+02 2.38094e+02 2.49451e+02 2.56264e+02
2.48344e+01 8.47330e+01 1.68177e+02 2.37139e+02 2.62382e+02 1.91105e+02 1.98973e+02 2.37345e+02 2.48869e+02 2.55856e+02
2.47227e+01 8.42177e+01 1.67387e+02 2.36578e+02 2.62280e+02 1.90094e+02 1.98048e+02 2.36641e+02 2.48321e+02 2.55471e+02
2.46186e+01 8.37421e+01 1.66657e+02 2.36054e+02 2.62184e+02 1.89142e+02 1.97177e+02 2.35979e+02 2.47805e+02 2.55110e+02
2.45215e+01 8.33028e+01 1.65981e+02 2.35566e+02 2.62095e+02 1.88245e+02 1.96356e+02 2.35355e+02 2.47320e+02 2.54770e+02
2.44308e+01 8.28966e+01 1.65356e+02 2.35111e+02 2.62011e+02 1.87399e+02 1.95581e+02 2.34768e+02 2.46864e+02 2.54451e+02
2.43461e+01 8.25205e+01 1.64776e+02 2.34685e+02 2.61933e+02 1.86601e+02 1.94850e+02 2.34215e+02 2.46434e+02 2.54151e+02
2.42668e+01 8.21721e+01 1.64239e+02 2.34288e+02 2.61861e+02 1.85848e+02 1.94160e+02 2.33695e+02 2.46031e+02 2.53869e+02
2.41926e+01 8.18490e+01 1.63740e+02 2.33917e+02 2.61793e+02 1.85137e+02 1.93508e+02 2.33205e+02 2.45651e+02 2.53604e+02
