2.70000e+02 2.70000e+02 2.70000e+02 2.70318e+02 2.68040e+02 2.70122e+02 2.70339e+02 2.71283e+02 2.71511e+02 2.71564e+02
2.70000e+02 2.70000e+02 2.70000e+02 2.70318e+02 2.68040e+02 2.70122e+02 2.70339e+02 2.71283e+02 2.71511e+02 2.71564e+02
5.00000e+01 1.50000e+02 2.50000e+02 2.70186e+02 2.68032e+02 2.69521e+02 2.69432e+02 2.71252e+02 2.71474e+02 2.71474e+02
4.01328e+01 1.50000e+02 2.46153e+02 2.69852e+02 2.68000e+02 2.66657e+02 2.65941e+02 2.71094e+02 2.71411e+02 2.71413e+02
3.72002e+01 1.50000e+02 2.41660e+02 2.69278e+02 2.67934e+02 2.62240e+02 2.61292e+02 2.70611e+02 2.71270e+02 2.71314e+02
3.50913e+01 1.41384e+02 2.36927e+02 2.68385e+02 2.67824e+02 2.57204e+02 2.56491e+02 2.69736e+02 2.70975e+02 2.71126e+02
3.36234e+01 1.34824e+02 2.31690e+02 2.67165e+02 2.67659e+02 2.52037e+02 2.51854e+02 2.68529e+02 2.70487e+02 2.70818e+02
3.25142e+01 1.28819e+02 2.26132e+02 2.65670e+02 2.67445e+02 2.46983e+02 2.47475e+02 2.67083e+02 2.69810e+02 2.70383e+02
3.16323e+01 1.23549e+02 2.20664e+02 2.63976e+02 2.67190e+02 2.42168e+02 2.43377e+02 2.65482e+02 2.68973e+02 2.69833e+02
3.09083e+01 1.18959e+02 2.15483e+02 2.62165e+02 2.66907e+02 2.37652e+02 2.39563e+02 2.63788e+02 2.68010e+02 2.69187e+02
3.03010e+01 1.14954e+02 2.10665e+02 2.60302e+02 2.66608e+02 2.33454e+02 2.36023e+02 2.62051e+02 2.66955e+02 2.68469e+02
2.97834e+01 1.11445e+02 2.06231e+02 2.58440e+02 2.66304e+02 2.29574e+02 2.32741e+02 2.60305e+02 2.65840e+02 2.67699e+02
2.93369e+01 1.08356e+02 2.02173e+02 2.56614e+02 2.66001e+02 2.25997e+02 2.29702e+02 2.58576e+02 2.64690e+02 2.66898e+02
2.88332e+01 1.05615e+02 1.98471e+02 2.54849e+02 2.65705e+02 2.22703e+02 2.26885e+02 2.56883e+02 2.63528e+02 2.66081e+02
2.83568e+01 1.03156e+02 1.95098e+02 2.53160e+02 2.65421e+02 2.19670e+02 2.24272e+02 2.55239e+02 2.62371e+02 2.65264e+02
2.79302e+01 1.00945e+02 1.92024e+02 2.51556e+02 2.65149e+02 2.16873e+02 2.21846e+02 2.53653e+02 2.61232e+02 2.64455e+02
2.75481e+01 9.89553e+01 1.89223e+02 2.50041e+02 2.64891e+02 2.14289e+02 2.19588e+02 2.52132e+02 2.60120e+02 2.63664e+02
2.72048e+01 9.71628e+01 1.86667e+02 2.48616e+02 2.64647e+02 2.11900e+02 2.17487e+02 2.50679e+02 2.59044e+02 2.62897e+02
2.68951e+01 9.55448e+01 1.84335e+02 2.47280e+02 2.64419e+02 2.09686e+02 2.15527e+02 2.49295e+02 2.58008e+02 2.62157e+02
2.66148e+01 9.40816e+01 1.82206e+02 2.46030e+02 2.64204e+02 2.07630e+02 2.13699e+02 2.47980e+02 2.57015e+02 2.61447e+02
2.63601e+01 9.27559e+01 1.80261e+02 2.44862e+02 2.64003e+02 2.05719e+02 2.11990e+02 2.46735e+02 2.56069e+02 2.60769e+02
2.61279e+01 9.15528e+01 1.78482e+02 2.43772e+02 2.63816e+02 2.03939e+02 2.10391e+02 2.45556e+02 2.55168e+02 2.60124e+02
2.59158e+01 9.04590e+01 1.76854e+02 2.42756e+02 2.63641e+02 2.02279e+02 2.08895e+02 2.44443e+02 2.54313e+02 2.59512e+02
2.57213e+01 8.94630e+01 1.75363e+02 2.41810e+02 2.63478e+02 2.00728e+02 2.07492e+02 2.43393e+02 2.53504e+02 2.58933e+02
2.55426e+01 8.85546e+01 1.73996e+02 2.40929e+02 2.63327e+02 1.99276e+02 2.06176e+02 2.42403e+02 2.52740e+02 2.58386e+02
2.53780e+01 8.77248e+01 1.72742e+02 2.40109e+02 2.63185e+02 1.97917e+02 2.04940e+02 2.41470e+02 2.52019e+02 2.57870e+02
2.52261e+01 8.69659e+01 1.71591e+02 2.39346e+02 2.63054e+02 1.96642e+02 2.03779e+02 2.40592e+02 2.51339e+02 2.57384e+02
2.50856e+01 8.62707e+01 1.70533e+02 2.38636e+02 2.62931e+02 1.95444e+02 2.02687e+02 2.39766e+02 2.50698e+02 2.56926e+02
2.49555e+01 8.56331e+01 1.69560e+02 2.37975e+02 2.62817e+02 1.94319e+02 2.01659e+02 2.38988e+02 2.50095e+02 2.56495e+02
2.48348e+01 8.50476e+01 1.68664e+02 2.37360e+02 2.62711e+02 1.93260e+02 2.00691e+02 2.38256e+02 2.49528e+02 2.56091e+02
2.47227e+01 8.45092e+01 1.67839e+02 2.36788e+02 2.62613e+02 1.92263e+02 1.99778e+02 2.37568e+02 2.48994e+02 2.55710e+02
2.46183e+01 8.40135e+01 1.67078e+02 2.36254e+02 2.62521e+02 1.91323e+02 1.98918e+02 2.36920e+02 2.48493e+02 2.55353e+02
2.45211e+01 8.35567e+01 1.66375e+02 2.35758e+02 2.62435e+02 1.90437e+02 1.98106e+02 2.36310e+02 2.48021e+02 2.55018e+02
2.44304e+01 8.31353e+01 1.65726e+02 2.35295e+02 2.62355e+02 1.89600e+02 1.97340e+02 2.35737e+02 2.47578e+02 2.54703e+02
2.43457e+01 8.27460e+01 1.65126e+02 2.34863e+02 2.62281e+02 1.88810e+02 1.96616e+02 2.35197e+02 2.47161e+02 2.54407e+02
2.42665e+01 8.23861e+01 1.64571e+02 2.34461e+02 2.62212e+02 1.88063e+02 1.95932e+02 2.34688e+02 2.46769e+02 2.54129e+02
2.41924e+01 8.20530e+01 1.64057e+02 2.34086e+02 2.62147e+02 1.87356e+02 1.95285e+02 2.34209e+02 2.46401e+02 2.53868e+02
2.41230e+01 8.17445e+01 1.63580e+02 2.33735e+02 2.62086e+02 1.86687e+02 1.94672e+02 2.33758e+02 2.46054e+02 2.53623e+02
