2.70000e+02 2.70000e+02 2.70000e+02 2.69961e+02 2.67989e+02 2.71374e+02 2.71378e+02 2.71334e+02 2.71291e+02 2.71237e+02
2.70000e+02 2.70000e+02 2.70000e+02 2.69961e+02 2.67989e+02 2.71374e+02 2.71378e+02 2.71334e+02 2.71291e+02 2.71237e+02
5.00000e+01 1.50000e+02 2.50000e+02 2.69895e+02 2.67986e+02 2.70455e+02 2.70340e+02 2.71337e+02 2.71303e+02 2.71257e+02
4.04280e+01 1.50000e+02 2.46093e+02 2.69625e+02 2.67963e+02 2.66948e+02 2.66690e+02 2.71203e+02 2.71296e+02 2.71257e+02
3.75613e+01 1.50000e+02 2.41579e+02 2.69102e+02 2.67905e+02 2.61945e+02 2.61874e+02 2.70723e+02 2.71194e+02 2.71201e+02
3.54188e+01 1.41546e+02 2.36843e+02 2.68250e+02 2.67797e+02 2.56462e+02 2.56897e+02 2.69829e+02 2.70918e+02 2.71043e+02
3.39203e+01 1.35010e+02 2.31614e+02 2.67061e+02 2.67634e+02 2.50970e+02 2.52092e+02 2.68585e+02 2.70434e+02 2.70756e+02
3.27866e+01 1.29004e+02 2.26066e+02 2.65591e+02 2.67418e+02 2.45686e+02 2.47559e+02 2.67091e+02 2.69749e+02 2.70337e+02
3.18847e+01 1.23724e+02 2.20604e+02 2.63921e+02 2.67160e+02 2.40712e+02 2.43324e+02 2.65436e+02 2.68896e+02 2.69798e+02
3.11442e+01 1.19119e+02 2.15425e+02 2.62132e+02 2.66874e+02 2.36084e+02 2.39388e+02 2.63689e+02 2.67913e+02 2.69162e+02
3.05228e+01 1.15100e+02 2.10606e+02 2.60292e+02 2.66572e+02 2.31807e+02 2.35739e+02 2.61899e+02 2.66837e+02 2.68451e+02
2.99932e+01 1.11576e+02 2.06169e+02 2.58452e+02 2.66264e+02 2.27869e+02 2.32362e+02 2.60103e+02 2.65700e+02 2.67689e+02
2.95363e+01 1.08473e+02 2.02108e+02 2.56648e+02 2.65958e+02 2.24249e+02 2.29235e+02 2.58328e+02 2.64528e+02 2.66894e+02
2.90928e+01 1.05727e+02 1.98403e+02 2.54904e+02 2.65660e+02 2.20921e+02 2.26340e+02 2.56592e+02 2.63345e+02 2.66084e+02
2.86124e+01 1.03268e+02 1.95028e+02 2.53236e+02 2.65373e+02 2.17858e+02 2.23657e+02 2.54907e+02 2.62165e+02 2.65271e+02
2.81783e+01 1.01055e+02 1.91955e+02 2.51653e+02 2.65099e+02 2.15035e+02 2.21166e+02 2.53283e+02 2.61004e+02 2.64467e+02
2.77886e+01 9.90615e+01 1.89155e+02 2.50158e+02 2.64839e+02 2.12428e+02 2.18848e+02 2.51726e+02 2.59871e+02 2.63678e+02
2.74381e+01 9.72643e+01 1.86602e+02 2.48751e+02 2.64594e+02 2.10016e+02 2.16690e+02 2.50237e+02 2.58773e+02 2.62912e+02
2.71218e+01 9.56417e+01 1.84273e+02 2.47433e+02 2.64364e+02 2.07778e+02 2.14677e+02 2.48818e+02 2.57714e+02 2.62171e+02
2.68353e+01 9.41743e+01 1.82148e+02 2.46198e+02 2.64148e+02 2.05700e+02 2.12797e+02 2.47469e+02 2.56699e+02 2.61459e+02
2.65749e+01 9.28449e+01 1.80206e+02 2.45045e+02 2.63946e+02 2.03765e+02 2.11039e+02 2.46190e+02 2.55728e+02 2.60778e+02
2.63374e+01 9.16384e+01 1.78431e+02 2.43968e+02 2.63757e+02 2.01961e+02 2.09393e+02 2.44977e+02 2.54802e+02 2.60128e+02
2.61202e+01 9.05417e+01 1.76808e+02 2.42964e+02 2.63581e+02 2.00276e+02 2.07849e+02 2.43830e+02 2.53922e+02 2.59510e+02
2.59209e+01 8.95431e+01 1.75321e+02 2.42028e+02 2.63417e+02 1.98699e+02 2.06401e+02 2.42746e+02 2.53087e+02 2.58922e+02
2.57377e+01 8.86324e+01 1.73958e+02 2.41156e+02 2.63263e+02 1.97221e+02 2.05040e+02 2.41721e+02 2.52296e+02 2.58366e+02
2.55689e+01 8.78006e+01 1.72707e+02 2.40343e+02 2.63121e+02 1.95835e+02 2.03760e+02 2.40754e+02 2.51547e+02 2.57839e+02
2.54129e+01 8.70396e+01 1.71559e+02 2.39586e+02 2.62988e+02 1.94532e+02 2.02555e+02 2.39840e+02 2.50839e+02 2.57342e+02
2.52685e+01 8.63425e+01 1.70504e+02 2.38880e+02 2.62864e+02 1.93307e+02 2.01420e+02 2.38979e+02 2.50170e+02 2.56871e+02
2.51346e+01 8.57029e+01 1.69533e+02 2.38222e+02 2.62748e+02 1.92153e+02 2.00350e+02 2.38166e+02 2.49539e+02 2.56428e+02
2.50101e+01 8.51154e+01 1.68639e+02 2.37609e+02 2.62640e+02 1.91065e+02 1.99340e+02 2.37399e+02 2.48943e+02 2.56009e+02
2.48944e+01 8.45750e+01 1.67814e+02 2.37037e+02 2.62540e+02 1.90039e+02 1.98386e+02 2.36675e+02 2.48380e+02 2.55614e+02
2.47865e+01 8.40771e+01 1.67054e+02 2.36503e+02 2.62446e+02 1.89070e+02 1.97485e+02 2.35992e+02 2.47850e+02 2.55242e+02
2.46858e+01 8.36180e+01 1.66351e+02 2.36005e+02 2.62359e+02 1.88153e+02 1.96633e+02 2.35348e+02 2.47349e+02 2.54891e+02
2.45918e+01 8.31941e+01 1.65701e+02 2.35540e+02 2.62277e+02 1.87287e+02 1.95827e+02 2.34740e+02 2.46877e+02 2.54560e+02
2.45038e+01 8.28022e+01 1.65100e+02 2.35105e+02 2.62201e+02 1.86467e+02 1.95063e+02 2.34165e+02 2.46431e+02 2.54249e+02
2.44213e+01 8.24394e+01 1.64543e+02 2.34699e+02 2.62129e+02 1.85690e+02 1.94340e+02 2.33623e+02 2.46011e+02 2.53955e+02
2.43440e+01 8.21033e+01 1.64026e+02 2.34318e+02 2.62063e+02 1.84954e+02 1.93655e+02 2.33111e+02 2.45614e+02 2.53677e+02
2.42715e+01 8.17915e+01 1.63546e+02 2.33963e+02 2.62000e+02 1.84256e+02 1.93006e+02 2.32626e+02 2.45240e+02 2.53416e+02
