2.70000e+02 2.70000e+02 2.70000e+02 2.68783e+02 2.67784e+02 2.68160e+02 2.68436e+02 2.69834e+02 2.70337e+02 2.70704e+02
2.70000e+02 2.70000e+02 2.70000e+02 2.68783e+02 2.67784e+02 2.68160e+02 2.68436e+02 2.69834e+02 2.70337e+02 2.70704e+02
5.00000e+01 1.50000e+02 2.50000e+02 2.68916e+02 2.67799e+02 2.67545e+02 2.67529e+02 2.69834e+02 2.70331e+02 2.70644e+02
4.01288e+01 1.50000e+02 2.45647e+02 2.68765e+02 2.67801e+02 2.64700e+02 2.64070e+02 2.69713e+02 2.70315e+02 2.70627e+02
3.71892e+01 1.50000e+02 2.41190e+02 2.68323e+02 2.67762e+02 2.60343e+02 2.59479e+02 2.69259e+02 2.70224e+02 2.70574e+02
3.50687e+01 1.41313e+02 2.36400e+02 2.67531e+02 2.67671e+02 2.55407e+02 2.54758e+02 2.68411e+02 2.69975e+02 2.70430e+02
3.35926e+01 1.34686e+02 2.31120e+02 2.66392e+02 2.67523e+02 2.50369e+02 2.50224e+02 2.67236e+02 2.69530e+02 2.70162e+02
3.24793e+01 1.28634e+02 2.25535e+02 2.64963e+02 2.67321e+02 2.45467e+02 2.45965e+02 2.65830e+02 2.68894e+02 2.69765e+02
3.15963e+01 1.23336e+02 2.20055e+02 2.63328e+02 2.67076e+02 2.40819e+02 2.42001e+02 2.64274e+02 2.68096e+02 2.69253e+02
3.08736e+01 1.18730e+02 2.14869e+02 2.61569e+02 2.66802e+02 2.36478e+02 2.38329e+02 2.62634e+02 2.67172e+02 2.68644e+02
3.02690e+01 1.14717e+02 2.10053e+02 2.59755e+02 2.66512e+02 2.32457e+02 2.34934e+02 2.60954e+02 2.66157e+02 2.67963e+02
2.97553e+01 1.11206e+02 2.05625e+02 2.57938e+02 2.66215e+02 2.28752e+02 2.31797e+02 2.59268e+02 2.65082e+02 2.67230e+02
2.93134e+01 1.08120e+02 2.01576e+02 2.56155e+02 2.65919e+02 2.25345e+02 2.28899e+02 2.57601e+02 2.63972e+02 2.66466e+02
2.88006e+01 1.05382e+02 1.97886e+02 2.54432e+02 2.65630e+02 2.22214e+02 2.26220e+02 2.55970e+02 2.62850e+02 2.65687e+02
2.83308e+01 1.02928e+02 1.94527e+02 2.52784e+02 2.65352e+02 2.19335e+02 2.23738e+02 2.54388e+02 2.61731e+02 2.64905e+02
2.79118e+01 1.00726e+02 1.91470e+02 2.51219e+02 2.65086e+02 2.16683e+02 2.21435e+02 2.52862e+02 2.60628e+02 2.64132e+02
2.75374e+01 9.87478e+01 1.88685e+02 2.49742e+02 2.64834e+02 2.14236e+02 2.19294e+02 2.51398e+02 2.59552e+02 2.63374e+02
2.72018e+01 9.69681e+01 1.86149e+02 2.48354e+02 2.64597e+02 2.11972e+02 2.17300e+02 2.49999e+02 2.58509e+02 2.62639e+02
2.68997e+01 9.53640e+01 1.83838e+02 2.47053e+02 2.64374e+02 2.09875e+02 2.15441e+02 2.48666e+02 2.57505e+02 2.61928e+02
2.66267e+01 9.39154e+01 1.81730e+02 2.45837e+02 2.64165e+02 2.07926e+02 2.13704e+02 2.47399e+02 2.56541e+02 2.61247e+02
2.63791e+01 9.26048e+01 1.79806e+02 2.44701e+02 2.63969e+02 2.06114e+02 2.12079e+02 2.46197e+02 2.55621e+02 2.60595e+02
2.61537e+01 9.14170e+01 1.78049e+02 2.43643e+02 2.63787e+02 2.04423e+02 2.10558e+02 2.45059e+02 2.54745e+02 2.59974e+02
2.59479e+01 9.03387e+01 1.76444e+02 2.42656e+02 2.63617e+02 2.02844e+02 2.09131e+02 2.43982e+02 2.53912e+02 2.59384e+02
2.57594e+01 8.93580e+01 1.74975e+02 2.41738e+02 2.63459e+02 2.01367e+02 2.07791e+02 2.42965e+02 2.53123e+02 2.58825e+02
2.55863e+01 8.84647e+01 1.73631e+02 2.40883e+02 2.63311e+02 1.99982e+02 2.06532e+02 2.42004e+02 2.52375e+02 2.58296e+02
2.54270e+01 8.76498e+01 1.72399e+02 2.40088e+02 2.63174e+02 1.98682e+02 2.05347e+02 2.41098e+02 2.51669e+02 2.57797e+02
2.52799e+01 8.69052e+01 1.71269e+02 2.39348e+02 2.63046e+02 1.97460e+02 2.04231e+02 2.40242e+02 2.51002e+02 2.57325e+02
2.51440e+01 8.62239e+01 1.70232e+02 2.38659e+02 2.62927e+02 1.96311e+02 2.03179e+02 2.39436e+02 2.50372e+02 2.56880e+02
2.50180e+01 8.55997e+01 1.69279e+02 2.38018e+02 2.62816e+02 1.95228e+02 2.02187e+02 2.38675e+02 2.49778e+02 2.56461e+02
2.49011e+01 8.50269e+01 1.68402e+02 2.37422e+02 2.62713e+02 1.94207e+02 2.01250e+02 2.37958e+02 2.49219e+02 2.56066e+02
2.47924e+01 8.45007e+01 1.67595e+02 2.36866e+02 2.62617e+02 1.93242e+02 2.00365e+02 2.37282e+02 2.48691e+02 2.55695e+02
2.46912e+01 8.40166e+01 1.66851e+02 2.36348e+02 2.62528e+02 1.92332e+02 1.99528e+02 2.36644e+02 2.48194e+02 2.55345e+02
2.45968e+01 8.35707e+01 1.66164e+02 2.35865e+02 2.62445e+02 1.91471e+02 1.98737e+02 2.36043e+02 2.47726e+02 2.55016e+02
2.45087e+01 8.31595e+01 1.65531e+02 2.35415e+02 2.62367e+02 1.90656e+02 1.97988e+02 2.35476e+02 2.47285e+02 2.54706e+02
2.44263e+01 8.27798e+01 1.64945e+02 2.34995e+02 2.62295e+02 1.89885e+02 1.97280e+02 2.34941e+02 2.46869e+02 2.54415e+02
2.43492e+01 8.24289e+01 1.64403e+02 2.34603e+02 2.62227e+02 1.89154e+02 1.96608e+02 2.34436e+02 2.46477e+02 2.54140e+02
2.42770e+01 8.21041e+01 1.63901e+02 2.34237e+02 2.62164e+02 1.88462e+02 1.95972e+02 2.33959e+02 2.46108e+02 2.53882e+02
2.42092e+01 8.18032e+01 1.63436e+02 2.33894e+02 2.62105e+02 1.87805e+02 1.95368e+02 2.33509e+02 2.45759e+02 2.53639e+02
