2.70000e+02 2.70000e+02 2.70000e+02 2.70061e+02 2.67619e+02 2.72864e+02 2.72747e+02 2.72118e+02 2.71885e+02 2.71626e+02
2.70000e+02 2.70000e+02 2.70000e+02 2.70061e+02 2.67619e+02 2.72864e+02 2.72747e+02 2.72118e+02 2.71885e+02 2.71626e+02
5.00000e+01 1.50000e+02 2.50000e+02 2.70081e+02 2.67619e+02 2.72107e+02 2.71636e+02 2.72085e+02 2.71858e+02 2.71594e+02
4.05650e+01 1.50000e+02 2.46130e+02 2.69845e+02 2.67618e+02 2.69037e+02 2.67876e+02 2.71914e+02 2.71815e+02 2.71577e+02
3.76861e+01 1.50000e+02 2.41630e+02 2.69334e+02 2.67615e+02 2.64407e+02 2.62960e+02 2.71394e+02 2.71675e+02 2.71514e+02
3.55082e+01 1.41569e+02 2.36888e+02 2.68479e+02 2.67607e+02 2.59156e+02 2.57906e+02 2.70466e+02 2.71349e+02 2.71352e+02
3.39843e+01 1.35007e+02 2.31638e+02 2.67278e+02 2.67596e+02 2.53772e+02 2.53036e+02 2.69198e+02 2.70807e+02 2.71062e+02
3.28328e+01 1.28973e+02 2.26060e+02 2.65789e+02 2.67580e+02 2.48505e+02 2.48440e+02 2.67690e+02 2.70062e+02 2.70639e+02
3.19180e+01 1.23667e+02 2.20567e+02 2.64096e+02 2.67562e+02 2.43483e+02 2.44145e+02 2.66024e+02 2.69150e+02 2.70096e+02
3.11676e+01 1.19042e+02 2.15355e+02 2.62281e+02 2.67542e+02 2.38768e+02 2.40150e+02 2.64268e+02 2.68109e+02 2.69453e+02
3.05387e+01 1.15004e+02 2.10506e+02 2.60415e+02 2.67521e+02 2.34382e+02 2.36445e+02 2.62470e+02 2.66979e+02 2.68735e+02
3.00031e+01 1.11465e+02 2.06040e+02 2.58548e+02 2.67499e+02 2.30324e+02 2.33012e+02 2.60664e+02 2.65790e+02 2.67964e+02
2.95413e+01 1.08350e+02 2.01952e+02 2.56719e+02 2.67478e+02 2.26582e+02 2.29835e+02 2.58879e+02 2.64571e+02 2.67160e+02
2.90942e+01 1.05593e+02 1.98223e+02 2.54951e+02 2.67457e+02 2.23135e+02 2.26892e+02 2.57131e+02 2.63342e+02 2.66340e+02
2.86095e+01 1.03125e+02 1.94826e+02 2.53260e+02 2.67436e+02 2.19961e+02 2.24166e+02 2.55435e+02 2.62122e+02 2.65519e+02
2.81713e+01 1.00903e+02 1.91732e+02 2.51655e+02 2.67417e+02 2.17035e+02 2.21637e+02 2.53801e+02 2.60923e+02 2.64706e+02
2.77781e+01 9.89029e+01 1.88914e+02 2.50139e+02 2.67399e+02 2.14334e+02 2.19286e+02 2.52233e+02 2.59755e+02 2.63910e+02
2.74244e+01 9.70994e+01 1.86344e+02 2.48714e+02 2.67382e+02 2.11838e+02 2.17100e+02 2.50735e+02 2.58626e+02 2.63136e+02
2.71054e+01 9.54712e+01 1.84001e+02 2.47378e+02 2.67366e+02 2.09526e+02 2.15063e+02 2.49310e+02 2.57540e+02 2.62390e+02
2.68164e+01 9.39987e+01 1.81861e+02 2.46129e+02 2.67350e+02 2.07382e+02 2.13165e+02 2.47956e+02 2.56500e+02 2.61674e+02
2.65540e+01 9.26647e+01 1.79907e+02 2.44961e+02 2.67336e+02 2.05391e+02 2.11393e+02 2.46673e+02 2.55507e+02 2.60990e+02
2.63147e+01 9.14542e+01 1.78121e+02 2.43872e+02 2.67323e+02 2.03539e+02 2.09738e+02 2.45460e+02 2.54564e+02 2.60338e+02
2.60961e+01 9.03539e+01 1.76486e+02 2.42857e+02 2.67311e+02 2.01813e+02 2.08190e+02 2.44314e+02 2.53669e+02 2.59720e+02
2.58957e+01 8.93521e+01 1.74990e+02 2.41911e+02 2.67299e+02 2.00203e+02 2.06741e+02 2.43232e+02 2.52821e+02 2.59133e+02
2.57117e+01 8.84386e+01 1.73619e+02 2.41030e+02 2.67289e+02 1.98700e+02 2.05384e+02 2.42213e+02 2.52020e+02 2.58579e+02
2.55423e+01 8.76044e+01 1.72361e+02 2.40210e+02 2.67279e+02 1.97294e+02 2.04111e+02 2.41254e+02 2.51265e+02 2.58056e+02
2.53860e+01 8.68415e+01 1.71206e+02 2.39447e+02 2.67269e+02 1.95977e+02 2.02917e+02 2.40350e+02 2.50552e+02 2.57563e+02
2.52415e+01 8.61427e+01 1.70145e+02 2.38737e+02 2.67261e+02 1.94744e+02 2.01797e+02 2.39500e+02 2.49880e+02 2.57099e+02
2.51078e+01 8.55020e+01 1.69170e+02 2.38076e+02 2.67253e+02 1.93587e+02 2.00744e+02 2.38701e+02 2.49248e+02 2.56662e+02
2.49838e+01 8.49136e+01 1.68271e+02 2.37460e+02 2.67245e+02 1.92500e+02 1.99755e+02 2.37949e+02 2.48654e+02 2.56251e+02
2.48687e+01 8.43727e+01 1.67444e+02 2.36887e+02 2.67238e+02 1.91480e+02 1.98824e+02 2.37242e+02 2.48095e+02 2.55865e+02
2.47617e+01 8.38748e+01 1.66680e+02 2.36354e+02 2.67232e+02 1.90520e+02 1.97949e+02 2.36577e+02 2.47569e+02 2.55503e+02
2.46621e+01 8.34160e+01 1.65976e+02 2.35856e+02 2.67226e+02 1.89618e+02 1.97124e+02 2.35952e+02 2.47075e+02 2.55162e+02
2.45694e+01 8.29928e+01 1.65325e+02 2.35393e+02 2.67220e+02 1.88768e+02 1.96348e+02 2.35364e+02 2.46610e+02 2.54842e+02
2.44828e+01 8.26020e+01 1.64724e+02 2.34961e+02 2.67215e+02 1.87968e+02 1.95617e+02 2.34812e+02 2.46174e+02 2.54541e+02
2.44020e+01 8.22407e+01 1.64167e+02 2.34558e+02 2.67210e+02 1.87214e+02 1.94928e+02 2.34292e+02 2.45764e+02 2.54259e+02
2.43265e+01 8.19064e+01 1.63652e+02 2.34183e+02 2.67205e+02 1.86503e+02 1.94278e+02 2.33803e+02 2.45378e+02 2.53994e+02
2.42559e+01 8.15967e+01 1.63174e+02 2.33832e+02 2.67201e+02 1.85832e+02 1.93665e+02 2.33343e+02 2.45016e+02 2.53746e+02
