2.70000000e+02
5.00000000e+01
4.02846000e+01
3.73708680e+01
3.52384800e+01
3.37501830e+01
3.26242070e+01
3.17279220e+01
3.09912640e+01
3.03724980e+01
2.98444650e+01
2.93883220e+01
2.88918340e+01
2.84048410e+01
2.79673090e+01
2.75744610e+01
2.72205740e+01
2.69005400e+01
2.66099970e+01
2.63452590e+01
2.61032090e+01
2.58812050e+01
2.56769980e+01
2.54886610e+01
2.53145380e+01
2.51531960e+01
2.50033920e+01
2.48640380e+01
2.47341810e+01
2.46129810e+01
2.44996950e+01
2.43936620e+01
2.42942930e+01
2.42010590e+01
2.41134870e+01
2.40311490e+01
2.39536570e+01
2.70000000e+02
1.50000000e+02
1.50000000e+02
1.50000000e+02
1.41442605e+02
1.34887056e+02
1.28879742e+02
1.23605924e+02
1.19010999e+02
1.15001303e+02
1.11487140e+02
1.08392135e+02
1.05646456e+02
1.03181133e+02
1.00961807e+02
9.89622030e+01
9.71578110e+01
9.55265420e+01
9.40488900e+01
9.27077620e+01
9.14882070e+01
9.03771400e+01
8.93630890e+01
8.84359800e+01
8.75869410e+01
8.68081460e+01
8.60926720e+01
8.54343860e+01
8.48278410e+01
8.42681910e+01
8.37511160e+01
8.32727540e+01
8.28296540e+01
8.24187190e+01
8.20371680e+01
8.16825000e+01
8.13524610e+01
2.70000000e+02
2.50000000e+02
2.46247467e+02
2.41794321e+02
2.37070894e+02
2.31835642e+02
2.26274871e+02
2.20803423e+02
2.15617800e+02
2.10794926e+02
2.06354250e+02
2.02287731e+02
1.98574602e+02
1.95188046e+02
1.92098804e+02
1.89278911e+02
1.86703017e+02
1.84348254e+02
1.82193936e+02
1.80221333e+02
1.78413495e+02
1.76755096e+02
1.75232295e+02
1.73832598e+02
1.72544737e+02
1.71358550e+02
1.70264875e+02
1.69255448e+02
1.68322814e+02
1.67460246e+02
1.66661667e+02
1.65921587e+02
1.65235042e+02
1.64597536e+02
1.64005000e+02
1.63453743e+02
1.62940416e+02
2.70720273e+02
2.70551984e+02
2.70209847e+02
2.69629060e+02
2.68728859e+02
2.67498643e+02
2.65990079e+02
2.64280658e+02
2.62449408e+02
2.60563406e+02
2.58673870e+02
2.56817316e+02
2.55018370e+02
2.53292711e+02
2.51649397e+02
2.50092784e+02
2.48623966e+02
2.47241880e+02
2.45944080e+02
2.44727260e+02
2.43587614e+02
2.42521067e+02
2.41523450e+02
2.40590602e+02
2.39718453e+02
2.38903070e+02
2.38140692e+02
2.37427747e+02
2.36760863e+02
2.36136868e+02
2.35552793e+02
2.35005861e+02
2.34493485e+02
2.34013258e+02
2.33562941e+02
2.33140456e+02
2.32743875e+02
2.68106474e+02
2.68095703e+02
2.68060735e+02
2.67993600e+02
2.67881384e+02
2.67715744e+02
2.67499081e+02
2.67241286e+02
2.66954997e+02
2.66652339e+02
2.66343332e+02
2.66035539e+02
2.65734308e+02
2.65443218e+02
2.65164508e+02
2.64899437e+02
2.64648566e+02
2.64411979e+02
2.64189445e+02
2.63980527e+02
2.63784669e+02
2.63601238e+02
2.63429568e+02
2.63268980e+02
2.63118800e+02
2.62978370e+02
2.62847058e+02
2.62724258e+02
2.62609395e+02
2.62501930e+02
2.62401353e+02
2.62307187e+02
2.62218988e+02
2.62136341e+02
2.62058859e+02
2.61986185e+02
2.61917985e+02
2.72538166e+02
2.71460477e+02
2.67739349e+02
2.62637729e+02
2.57145720e+02
2.51684151e+02
2.46441595e+02
2.41504153e+02
2.36904287e+02
2.32644973e+02
2.28713295e+02
2.25088379e+02
2.21745925e+02
2.18660063e+02
2.15805598e+02
2.13159822e+02
2.10702478e+02
2.08415534e+02
2.06282984e+02
2.04290656e+02
2.02426012e+02
2.00677960e+02
1.99036674e+02
1.97493431e+02
1.96040467e+02
1.94670854e+02
1.93378384e+02
1.92157481e+02
1.91003113e+02
1.89910727e+02
1.88876186e+02
1.87895721e+02
1.86965886e+02
1.86083518e+02
1.85245710e+02
1.84449780e+02
1.83693249e+02
2.72490779e+02
2.71440871e+02
2.67882030e+02
2.63182450e+02
2.58306381e+02
2.53573211e+02
2.49081593e+02
2.44861884e+02
2.40918459e+02
2.37243585e+02
2.33823449e+02
2.30641388e+02
2.27679689e+02
2.24919913e+02
2.22344329e+02
2.19937236e+02
2.17684655e+02
2.15574005e+02
2.13593940e+02
2.11734228e+02
2.09985639e+02
2.08339842e+02
2.06789300e+02
2.05327188e+02
2.03947307e+02
2.02644013e+02
2.01412158e+02
2.00247030e+02
1.99144309e+02
1.98100023e+02
1.97110513e+02
1.96172401e+02
1.95282561e+02
1.94438096e+02
1.93636319e+02
1.92874728e+02
1.92150996e+02
2.72193992e+02
2.72131470e+02
2.71937265e+02
2.71412809e+02
2.70486854e+02
2.69212547e+02
2.67678077e+02
2.65964265e+02
2.64135584e+02
2.62241622e+02
2.60320209e+02
2.58400114e+02
2.56503058e+02
2.54645209e+02
2.52838280e+02
2.51090436e+02
2.49407116e+02
2.47791671e+02
2.46245837e+02
2.44770105e+02
2.43364009e+02
2.42026362e+02
2.40755444e+02
2.39549151e+02
2.38405114e+02
2.37320795e+02
2.36293559e+02
2.35320731e+02
2.34399640e+02
2.33527651e+02
2.32702190e+02
2.31920763e+02
2.31180965e+02
2.30480492e+02
2.29817143e+02
2.29188822e+02
2.28593540e+02
2.71996863e+02
2.71952863e+02
2.71877913e+02
2.71719903e+02
2.71399970e+02
2.70877532e+02
2.70154751e+02
2.69257972e+02
2.68222251e+02
2.67083062e+02
2.65872674e+02
2.64618850e+02
2.63344641e+02
2.62068661e+02
2.60805560e+02
2.59566553e+02
2.58359977e+02
2.57191819e+02
2.56066184e+02
2.54985680e+02
2.53951738e+02
2.52964878e+02
2.52024913e+02
2.51131130e+02
2.50282420e+02
2.49477392e+02
2.48714457e+02
2.47991901e+02
2.47307933e+02
2.46660730e+02
2.46048468e+02
2.45469346e+02
2.44921603e+02
2.44403533e+02
2.43913490e+02
2.43449898e+02
2.43011252e+02
2.71770490e+02
2.71729992e+02
2.71679269e+02
2.71585882e+02
2.71404877e+02
2.71110416e+02
2.70699469e+02
2.70184301e+02
2.69584365e+02
2.68920874e+02
2.68213853e+02
2.67480787e+02
2.66736207e+02
2.65991764e+02
2.65256491e+02
2.64537183e+02
2.63838780e+02
2.63164724e+02
2.62517276e+02
2.61897775e+02
2.61306856e+02
2.60744613e+02
2.60210740e+02
2.59704631e+02
2.59225468e+02
2.58772284e+02
2.58344014e+02
2.57939536e+02
2.57557699e+02
2.57197347e+02
2.56857338e+02
2.56536552e+02
2.56233905e+02
2.55948352e+02
2.55678895e+02
2.55424580e+02
2.55184503e+02
