2.70000000e+02
5.00000000e+01
4.01913690e+01
3.72496590e+01
3.51204490e+01
3.36381520e+01
3.25181840e+01
3.16273230e+01
3.08952670e+01
3.02802540e+01
2.97552260e+01
2.92988320e+01
2.87684850e+01
2.82815330e+01
2.78453220e+01
2.74541280e+01
2.71021060e+01
2.67841490e+01
2.64959160e+01
2.62337380e+01
2.59945070e+01
2.57755810e+01
2.55747020e+01
2.53899310e+01
2.52195940e+01
2.50622370e+01
2.49165950e+01
2.47815580e+01
2.46561490e+01
2.45395060e+01
2.44308650e+01
2.43295440e+01
2.42349360e+01
2.41464940e+01
2.40637280e+01
2.39861970e+01
2.39135000e+01
2.70000000e+02
1.50000000e+02
1.50000000e+02
1.50000000e+02
1.41428915e+02
1.34869005e+02
1.28857872e+02
1.23581479e+02
1.18985132e+02
1.14975251e+02
1.11462136e+02
1.08369267e+02
1.05620902e+02
1.03153516e+02
1.00935314e+02
9.89390060e+01
9.71394230e+01
9.55141180e+01
9.40433760e+01
9.27099670e+01
9.14988420e+01
9.03968410e+01
8.93924280e+01
8.84754690e+01
8.76370400e+01
8.68692610e+01
8.61651600e+01
8.55185560e+01
8.49239550e+01
8.43764640e+01
8.38717190e+01
8.34058210e+01
8.29752760e+01
8.25769520e+01
8.22080350e+01
8.18659910e+01
8.15485390e+01
2.70000000e+02
2.50000000e+02
2.46119881e+02
2.41618288e+02
2.36888751e+02
2.31662756e+02
2.26118106e+02
2.20665204e+02
2.15498832e+02
2.10695715e+02
2.06275470e+02
2.02230203e+02
1.98539103e+02
1.95174908e+02
1.92108261e+02
1.89311389e+02
1.86759047e+02
1.84428354e+02
1.82298555e+02
1.80350835e+02
1.78568157e+02
1.76935115e+02
1.75437793e+02
1.74063636e+02
1.72801317e+02
1.71640622e+02
1.70572343e+02
1.69588174e+02
1.68680623e+02
1.67842926e+02
1.67068977e+02
1.66353255e+02
1.65690771e+02
1.65077005e+02
1.64507868e+02
1.63979648e+02
1.63488981e+02
2.70089560e+02
2.70020218e+02
2.69742912e+02
2.69221242e+02
2.68382035e+02
2.67215530e+02
2.65772007e+02
2.64127541e+02
2.62360290e+02
2.60536921e+02
2.58708515e+02
2.56911571e+02
2.55170811e+02
2.53501914e+02
2.51913972e+02
2.50411346e+02
2.48995147e+02
2.47664332e+02
2.46416474e+02
2.45248284e+02
2.44155969e+02
2.43135467e+02
2.42182620e+02
2.41293282e+02
2.40463398e+02
2.39689055e+02
2.38966510e+02
2.38292215e+02
2.37662822e+02
2.37075184e+02
2.36526360e+02
2.36013600e+02
2.35534344e+02
2.35086214e+02
2.34666998e+02
2.34274646e+02
2.33907258e+02
2.68034858e+02
2.68032159e+02
2.68007085e+02
2.67945498e+02
2.67834644e+02
2.67666301e+02
2.67443138e+02
2.67175643e+02
2.66877278e+02
2.66561025e+02
2.66237663e+02
2.65915353e+02
2.65599881e+02
2.65295131e+02
2.65003529e+02
2.64726440e+02
2.64464474e+02
2.64217726e+02
2.63985947e+02
2.63768671e+02
2.63565295e+02
2.63375139e+02
2.63197483e+02
2.63031594e+02
2.62876747e+02
2.62732232e+02
2.62597366e+02
2.62471500e+02
2.62354016e+02
2.62244332e+02
2.62141903e+02
2.62046217e+02
2.61956797e+02
2.61873201e+02
2.61795014e+02
2.61721855e+02
2.61653367e+02
2.71454281e+02
2.70753036e+02
2.67711150e+02
2.63055113e+02
2.57748445e+02
2.52304153e+02
2.46983535e+02
2.41918626e+02
2.37169596e+02
2.32755888e+02
2.28674274e+02
2.24909472e+02
2.21440200e+02
2.18242069e+02
2.15290518e+02
2.12562692e+02
2.10037745e+02
2.07696818e+02
2.05522957e+02
2.03500971e+02
2.01617291e+02
1.99859799e+02
1.98217679e+02
1.96681267e+02
1.95241917e+02
1.93891877e+02
1.92624186e+02
1.91432576e+02
1.90311387e+02
1.89255501e+02
1.88260270e+02
1.87321469e+02
1.86435241e+02
1.85598064e+02
1.84806708e+02
1.84058205e+02
1.83349826e+02
2.71471429e+02
2.70496434e+02
2.66972776e+02
2.62251136e+02
2.57321952e+02
2.52527552e+02
2.47978081e+02
2.43708604e+02
2.39725361e+02
2.36021346e+02
2.32582928e+02
2.29393300e+02
2.26434245e+02
2.23686523e+02
2.21131919e+02
2.18754149e+02
2.16538515e+02
2.14471669e+02
2.12541491e+02
2.10736991e+02
2.09048211e+02
2.07466131e+02
2.05982576e+02
2.04590129e+02
2.03282051e+02
2.02052212e+02
2.00895024e+02
1.99805387e+02
1.98778633e+02
1.97810488e+02
1.96897025e+02
1.96034636e+02
1.95219995e+02
1.94450036e+02
1.93721922e+02
1.93033033e+02
1.92380937e+02
2.71485296e+02
2.71479360e+02
2.71350062e+02
2.70896671e+02
2.70046499e+02
2.68853879e+02
2.67410916e+02
2.65802174e+02
2.64094089e+02
2.62336325e+02
2.60565428e+02
2.58808092e+02
2.57083614e+02
2.55405699e+02
2.53783714e+02
2.52223728e+02
2.50729379e+02
2.49302499e+02
2.47943575e+02
2.46652087e+02
2.45426773e+02
2.44265828e+02
2.43167074e+02
2.42128075e+02
2.41146243e+02
2.40218905e+02
2.39343364e+02
2.38516938e+02
2.37736998e+02
2.37000983e+02
2.36306423e+02
2.35650944e+02
2.35032281e+02
2.34448277e+02
2.33896882e+02
2.33376161e+02
2.32884284e+02
2.71440966e+02
2.71440958e+02
2.71424384e+02
2.71324108e+02
2.71062918e+02
2.70603391e+02
2.69950145e+02
2.69130867e+02
2.68180856e+02
2.67134995e+02
2.66024438e+02
2.64875587e+02
2.63710080e+02
2.62545186e+02
2.61394332e+02
2.60267676e+02
2.59172675e+02
2.58114609e+02
2.57097025e+02
2.56122108e+02
2.55190978e+02
2.54303935e+02
2.53460651e+02
2.52660330e+02
2.51901833e+02
2.51183775e+02
2.50504603e+02
2.49862661e+02
2.49256232e+02
2.48683582e+02
2.48142980e+02
2.47632725e+02
2.47151159e+02
2.46696678e+02
2.46267739e+02
2.45862867e+02
2.45480657e+02
2.71360933e+02
2.71359937e+02
2.71350532e+02
2.71290486e+02
2.71134343e+02
2.70854501e+02
2.70446082e+02
2.69920431e+02
2.69297222e+02
2.68598768e+02
2.67846693e+02
2.67060270e+02
2.66255864e+02
2.65446772e+02
2.64643529e+02
2.63854226e+02
2.63084895e+02
2.62339883e+02
2.61622186e+02
2.60933728e+02
2.60275596e+02
2.59648227e+02
2.59051562e+02
2.58485169e+02
2.57948336e+02
2.57440153e+02
2.56959572e+02
2.56505452e+02
2.56076600e+02
2.55671798e+02
2.55289826e+02
2.54929478e+02
2.54589574e+02
2.54268970e+02
2.53966566e+02
2.53681306e+02
2.53412181e+02
