2.70000000e+02
5.00000000e+01
4.01631750e+01
3.72716330e+01
3.51700700e+01
3.37028340e+01
3.25920080e+01
3.17071800e+01
3.09794460e+01
3.03677840e+01
2.98455440e+01
2.93942650e+01
2.88938140e+01
2.84115170e+01
2.79789940e+01
2.75911740e+01
2.72423520e+01
2.69274690e+01
2.66422000e+01
2.63828780e+01
2.61463960e+01
2.59301060e+01
2.57317450e+01
2.55493720e+01
2.53813090e+01
2.52261010e+01
2.50824820e+01
2.49493440e+01
2.48257120e+01
2.47107260e+01
2.46036270e+01
2.45037360e+01
2.44104510e+01
2.43232300e+01
2.42415900e+01
2.41650930e+01
2.40933440e+01
2.70000000e+02
1.50000000e+02
1.50000000e+02
1.50000000e+02
1.41563660e+02
1.35119188e+02
1.29197361e+02
1.23985961e+02
1.19436818e+02
1.15460750e+02
1.11971345e+02
1.08894693e+02
1.06161538e+02
1.03705695e+02
1.01494663e+02
9.95027430e+01
9.77058550e+01
9.60822600e+01
9.46127180e+01
9.32803230e+01
9.20702480e+01
9.09694730e+01
8.99665540e+01
8.90514050e+01
8.82151200e+01
8.74498200e+01
8.67485180e+01
8.61050050e+01
8.55137570e+01
8.49698460e+01
8.44688710e+01
8.40068950e+01
8.35803900e+01
8.31861890e+01
8.28214450e+01
8.24835970e+01
8.21703350e+01
2.70000000e+02
2.50000000e+02
2.46270613e+02
2.41856223e+02
2.37194851e+02
2.32048069e+02
2.26579655e+02
2.21190892e+02
2.16076168e+02
2.11313088e+02
2.06922871e+02
2.02899515e+02
1.99224137e+02
1.95871452e+02
1.92813515e+02
1.90023466e+02
1.87476777e+02
1.85151145e+02
1.83026262e+02
1.81083634e+02
1.79306441e+02
1.77679414e+02
1.76188710e+02
1.74821796e+02
1.73567336e+02
1.72415077e+02
1.71355757e+02
1.70381004e+02
1.69483253e+02
1.68655667e+02
1.67892063e+02
1.67186850e+02
1.66534968e+02
1.65931836e+02
1.65373304e+02
1.64855610e+02
1.64375341e+02
2.70772499e+02
2.70645372e+02
2.70330397e+02
2.69778289e+02
2.68913246e+02
2.67725666e+02
2.66266229e+02
2.64610884e+02
2.62837268e+02
2.61011467e+02
2.59184047e+02
2.57391090e+02
2.55656919e+02
2.53996952e+02
2.52420025e+02
2.50930277e+02
2.49528598e+02
2.48213724e+02
2.46983013e+02
2.45832970e+02
2.44759603e+02
2.43758671e+02
2.42825844e+02
2.41956819e+02
2.41147399e+02
2.40393541e+02
2.39691389e+02
2.39037293e+02
2.38427814e+02
2.37859733e+02
2.37330041e+02
2.36835936e+02
2.36374816e+02
2.35944266e+02
2.35542050e+02
2.35166100e+02
2.34814503e+02
2.68163643e+02
2.68155460e+02
2.68122118e+02
2.68053114e+02
2.67935193e+02
2.67759918e+02
2.67530148e+02
2.67256622e+02
2.66952949e+02
2.66632159e+02
2.66305025e+02
2.65979672e+02
2.65661843e+02
2.65355368e+02
2.65062630e+02
2.64784947e+02
2.64522882e+02
2.64276483e+02
2.64045453e+02
2.63829277e+02
2.63627308e+02
2.63438822e+02
2.63263058e+02
2.63099245e+02
2.62946623e+02
2.62804451e+02
2.62672015e+02
2.62548640e+02
2.62433684e+02
2.62326546e+02
2.62226660e+02
2.62133500e+02
2.62046577e+02
2.61965434e+02
2.61889650e+02
2.61818833e+02
2.61752622e+02
2.73439806e+02
2.72683302e+02
2.69668813e+02
2.65135449e+02
2.59997355e+02
2.54729813e+02
2.49575551e+02
2.44660435e+02
2.40044492e+02
2.35749236e+02
2.31773869e+02
2.28105190e+02
2.24723550e+02
2.21605867e+02
2.18728295e+02
2.16068387e+02
2.13605580e+02
2.11321238e+02
2.09198611e+02
2.07222723e+02
2.05380234e+02
2.03659280e+02
2.02049317e+02
2.00540964e+02
1.99125868e+02
1.97796573e+02
1.96546409e+02
1.95369393e+02
1.94260139e+02
1.93213790e+02
1.92225945e+02
1.91292609e+02
1.90410143e+02
1.89575221e+02
1.88784797e+02
1.88036071e+02
1.87326466e+02
2.73322158e+02
2.72240528e+02
2.68618637e+02
2.63861562e+02
2.58947075e+02
2.54195891e+02
2.49704808e+02
2.45501737e+02
2.41588905e+02
2.37956827e+02
2.34590210e+02
2.31471064e+02
2.28580396e+02
2.25898509e+02
2.23406591e+02
2.21087930e+02
2.18927583e+02
2.16912079e+02
2.15029259e+02
2.13268169e+02
2.11618942e+02
2.10072691e+02
2.08621407e+02
2.07257862e+02
2.05975521e+02
2.04768465e+02
2.03631320e+02
2.02559198e+02
2.01547638e+02
2.00592566e+02
1.99690248e+02
1.98837254e+02
1.98030430e+02
1.97266869e+02
1.96543883e+02
1.95858987e+02
1.95209877e+02
2.72687579e+02
2.72635097e+02
2.72443499e+02
2.71913916e+02
2.70989075e+02
2.69734965e+02
2.68247057e+02
2.66608926e+02
2.64884736e+02
2.63121853e+02
2.61354840e+02
2.59608740e+02
2.57901492e+02
2.56245655e+02
2.54649631e+02
2.53118656e+02
2.51655638e+02
2.50261779e+02
2.48937021e+02
2.47680377e+02
2.46490184e+02
2.45364305e+02
2.44300279e+02
2.43295443e+02
2.42347019e+02
2.41452187e+02
2.40608136e+02
2.39812101e+02
2.39061389e+02
2.38353405e+02
2.37685655e+02
2.37055762e+02
2.36461466e+02
2.35900627e+02
2.35371223e+02
2.34871348e+02
2.34399209e+02
2.72338234e+02
2.72301047e+02
2.72233967e+02
2.72084049e+02
2.71776460e+02
2.71276612e+02
2.70591365e+02
2.69749419e+02
2.68786107e+02
2.67735766e+02
2.66628711e+02
2.65490401e+02
2.64341511e+02
2.63198386e+02
2.62073604e+02
2.60976543e+02
2.59913957e+02
2.58890495e+02
2.57909144e+02
2.56971595e+02
2.56078537e+02
2.55229898e+02
2.54425030e+02
2.53662868e+02
2.52942044e+02
2.52260986e+02
2.51617991e+02
2.51011278e+02
2.50439039e+02
2.49899466e+02
2.49390782e+02
2.48911252e+02
2.48459200e+02
2.48033018e+02
2.47631170e+02
2.47252195e+02
2.46894710e+02
2.71983316e+02
2.71928079e+02
2.71877516e+02
2.71784835e+02
2.71603556e+02
2.71306448e+02
2.70889378e+02
2.70364086e+02
2.69750073e+02
2.69069000e+02
2.68341556e+02
2.67585972e+02
2.66817517e+02
2.66048512e+02
2.65288580e+02
2.64545005e+02
2.63823116e+02
2.63126653e+02
2.62458090e+02
2.61818910e+02
2.61209829e+02
2.60630977e+02
2.60082042e+02
2.59562385e+02
2.59071131e+02
2.58607244e+02
2.58169577e+02
2.57756923e+02
2.57368041e+02
2.57001687e+02
2.56656629e+02
2.56331666e+02
2.56025633e+02
2.55737409e+02
2.55465926e+02
2.55210165e+02
2.54969161e+02
