2.70000e+02 2.70000e+02 2.70000e+02 2.70602e+02 2.68087e+02 2.72731e+02 2.72661e+02 2.72280e+02 2.72036e+02 2.71765e+02
2.70000e+02 2.70000e+02 2.70000e+02 2.70602e+02 2.68087e+02 2.72731e+02 2.72661e+02 2.72280e+02 2.72036e+02 2.71765e+02
5.00000e+01 1.50000e+02 2.50000e+02 2.70475e+02 2.68080e+02 2.71864e+02 2.71580e+02 2.72242e+02 2.72011e+02 2.71728e+02
4.03447e+01 1.50000e+02 2.46226e+02 2.70158e+02 2.68049e+02 2.68565e+02 2.67960e+02 2.72068e+02 2.71959e+02 2.71689e+02
3.74626e+01 1.50000e+02 2.41762e+02 2.69596e+02 2.67986e+02 2.63831e+02 2.63284e+02 2.71564e+02 2.71825e+02 2.71603e+02
3.53411e+01 1.41539e+02 2.37035e+02 2.68713e+02 2.67877e+02 2.58634e+02 2.58511e+02 2.70675e+02 2.71533e+02 2.71425e+02
3.38637e+01 1.35014e+02 2.31805e+02 2.67502e+02 2.67714e+02 2.53425e+02 2.53934e+02 2.69464e+02 2.71048e+02 2.71128e+02
3.27500e+01 1.29029e+02 2.26257e+02 2.66017e+02 2.67501e+02 2.48413e+02 2.49632e+02 2.68023e+02 2.70373e+02 2.70707e+02
3.18669e+01 1.23775e+02 2.20803e+02 2.64338e+02 2.67248e+02 2.43695e+02 2.45622e+02 2.66430e+02 2.69539e+02 2.70176e+02
3.11436e+01 1.19201e+02 2.15640e+02 2.62545e+02 2.66968e+02 2.39306e+02 2.41899e+02 2.64750e+02 2.68579e+02 2.69553e+02
3.05382e+01 1.15213e+02 2.10844e+02 2.60704e+02 2.66672e+02 2.35251e+02 2.38450e+02 2.63026e+02 2.67530e+02 2.68862e+02
3.00232e+01 1.11722e+02 2.06435e+02 2.58866e+02 2.66372e+02 2.31516e+02 2.35255e+02 2.61295e+02 2.66420e+02 2.68123e+02
2.95797e+01 1.08652e+02 2.02405e+02 2.57066e+02 2.66073e+02 2.28081e+02 2.32296e+02 2.59581e+02 2.65278e+02 2.67356e+02
2.91484e+01 1.05937e+02 1.98731e+02 2.55328e+02 2.65782e+02 2.24920e+02 2.29552e+02 2.57902e+02 2.64123e+02 2.66576e+02
2.86833e+01 1.03509e+02 1.95389e+02 2.53668e+02 2.65502e+02 2.22008e+02 2.27004e+02 2.56270e+02 2.62974e+02 2.65795e+02
2.82636e+01 1.01326e+02 1.92348e+02 2.52092e+02 2.65235e+02 2.19321e+02 2.24634e+02 2.54695e+02 2.61842e+02 2.65024e+02
2.78872e+01 9.93617e+01 1.89580e+02 2.50606e+02 2.64981e+02 2.16834e+02 2.22424e+02 2.53182e+02 2.60737e+02 2.64270e+02
2.75489e+01 9.75926e+01 1.87058e+02 2.49210e+02 2.64743e+02 2.14529e+02 2.20361e+02 2.51735e+02 2.59667e+02 2.63539e+02
2.72436e+01 9.59965e+01 1.84760e+02 2.47901e+02 2.64518e+02 2.12386e+02 2.18432e+02 2.50354e+02 2.58636e+02 2.62833e+02
2.69671e+01 9.45541e+01 1.82663e+02 2.46677e+02 2.64308e+02 2.10390e+02 2.16626e+02 2.49040e+02 2.57647e+02 2.62157e+02
2.67157e+01 9.32481e+01 1.80749e+02 2.45535e+02 2.64112e+02 2.08527e+02 2.14933e+02 2.47792e+02 2.56702e+02 2.61510e+02
2.64863e+01 9.20636e+01 1.79001e+02 2.44469e+02 2.63929e+02 2.06786e+02 2.13343e+02 2.46609e+02 2.55802e+02 2.60894e+02
2.62764e+01 9.09874e+01 1.77402e+02 2.43476e+02 2.63758e+02 2.05154e+02 2.11849e+02 2.45488e+02 2.54947e+02 2.60309e+02
2.60838e+01 9.00079e+01 1.75939e+02 2.42550e+02 2.63599e+02 2.03624e+02 2.10444e+02 2.44428e+02 2.54135e+02 2.59755e+02
2.59065e+01 8.91149e+01 1.74599e+02 2.41689e+02 2.63450e+02 2.02186e+02 2.09120e+02 2.43426e+02 2.53367e+02 2.59231e+02
2.57429e+01 8.82995e+01 1.73370e+02 2.40886e+02 2.63312e+02 2.00833e+02 2.07872e+02 2.42480e+02 2.52640e+02 2.58735e+02
2.55917e+01 8.75538e+01 1.72242e+02 2.40139e+02 2.63183e+02 1.99559e+02 2.06695e+02 2.41586e+02 2.51953e+02 2.58267e+02
2.54515e+01 8.68708e+01 1.71206e+02 2.39443e+02 2.63063e+02 1.98357e+02 2.05583e+02 2.40741e+02 2.51304e+02 2.57826e+02
2.53213e+01 8.62443e+01 1.70253e+02 2.38794e+02 2.62951e+02 1.97223e+02 2.04533e+02 2.39944e+02 2.50691e+02 2.57410e+02
2.52003e+01 8.56688e+01 1.69375e+02 2.38190e+02 2.62847e+02 1.96151e+02 2.03540e+02 2.39192e+02 2.50113e+02 2.57018e+02
2.50875e+01 8.51394e+01 1.68566e+02 2.37626e+02 2.62750e+02 1.95138e+02 2.02601e+02 2.38482e+02 2.49568e+02 2.56649e+02
2.49823e+01 8.46518e+01 1.67820e+02 2.37101e+02 2.62660e+02 1.94179e+02 2.01712e+02 2.37811e+02 2.49054e+02 2.56301e+02
2.48839e+01 8.42021e+01 1.67131e+02 2.36611e+02 2.62575e+02 1.93271e+02 2.00870e+02 2.37178e+02 2.48569e+02 2.55973e+02
2.47920e+01 8.37868e+01 1.66494e+02 2.36153e+02 2.62496e+02 1.92411e+02 2.00072e+02 2.36580e+02 2.48112e+02 2.55665e+02
2.47058e+01 8.34029e+01 1.65905e+02 2.35725e+02 2.62423e+02 1.91595e+02 1.99316e+02 2.36016e+02 2.47681e+02 2.55374e+02
2.46250e+01 8.30474e+01 1.65359e+02 2.35325e+02 2.62354e+02 1.90822e+02 1.98599e+02 2.35482e+02 2.47274e+02 2.55101e+02
2.45492e+01 8.27180e+01 1.64853e+02 2.34951e+02 2.62290e+02 1.90088e+02 1.97919e+02 2.34978e+02 2.46890e+02 2.54843e+02
2.44779e+01 8.24124e+01 1.64383e+02 2.34601e+02 2.62229e+02 1.89391e+02 1.97273e+02 2.34501e+02 2.46527e+02 2.54600e+02
