2.70000e+02 2.70000e+02 2.70000e+02 2.71027e+02 2.68190e+02 2.71214e+02 2.71360e+02 2.72028e+02 2.72073e+02 2.71932e+02
2.70000e+02 2.70000e+02 2.70000e+02 2.71027e+02 2.68190e+02 2.71214e+02 2.71360e+02 2.72028e+02 2.72073e+02 2.71932e+02
5.00000e+01 1.50000e+02 2.50000e+02 2.70775e+02 2.68173e+02 2.70442e+02 2.70330e+02 2.71949e+02 2.72006e+02 2.71821e+02
4.03038e+01 1.50000e+02 2.46298e+02 2.70368e+02 2.68124e+02 2.67215e+02 2.66666e+02 2.71735e+02 2.71899e+02 2.71728e+02
3.74229e+01 1.50000e+02 2.41868e+02 2.69745e+02 2.68044e+02 2.62386e+02 2.61800e+02 2.71184e+02 2.71714e+02 2.71602e+02
3.53003e+01 1.41540e+02 2.37160e+02 2.68821e+02 2.67921e+02 2.56961e+02 2.56752e+02 2.70233e+02 2.71376e+02 2.71393e+02
3.38158e+01 1.35034e+02 2.31943e+02 2.67581e+02 2.67744e+02 2.51448e+02 2.51864e+02 2.68946e+02 2.70848e+02 2.71071e+02
3.26915e+01 1.29053e+02 2.26397e+02 2.66073e+02 2.67515e+02 2.46096e+02 2.47241e+02 2.67419e+02 2.70134e+02 2.70631e+02
3.17958e+01 1.23791e+02 2.20934e+02 2.64372e+02 2.67244e+02 2.41024e+02 2.42914e+02 2.65737e+02 2.69263e+02 2.70082e+02
3.10588e+01 1.19201e+02 2.15754e+02 2.62558e+02 2.66944e+02 2.36282e+02 2.38888e+02 2.63968e+02 2.68270e+02 2.69444e+02
3.04393e+01 1.15191e+02 2.10935e+02 2.60694e+02 2.66627e+02 2.31885e+02 2.35152e+02 2.62160e+02 2.67188e+02 2.68738e+02
2.99102e+01 1.11674e+02 2.06499e+02 2.58833e+02 2.66305e+02 2.27823e+02 2.31690e+02 2.60348e+02 2.66049e+02 2.67986e+02
2.94529e+01 1.08577e+02 2.02439e+02 2.57010e+02 2.65984e+02 2.24080e+02 2.28483e+02 2.58558e+02 2.64878e+02 2.67205e+02
2.89716e+01 1.05830e+02 1.98734e+02 2.55248e+02 2.65671e+02 2.20633e+02 2.25512e+02 2.56808e+02 2.63697e+02 2.66411e+02
2.84846e+01 1.03366e+02 1.95359e+02 2.53564e+02 2.65370e+02 2.17458e+02 2.22758e+02 2.55111e+02 2.62522e+02 2.65617e+02
2.80466e+01 1.01149e+02 1.92283e+02 2.51965e+02 2.65082e+02 2.14528e+02 2.20200e+02 2.53476e+02 2.61366e+02 2.64832e+02
2.76534e+01 9.91512e+01 1.89480e+02 2.50455e+02 2.64809e+02 2.11822e+02 2.17822e+02 2.51908e+02 2.60238e+02 2.64064e+02
2.72994e+01 9.73501e+01 1.86924e+02 2.49036e+02 2.64552e+02 2.09317e+02 2.15609e+02 2.50410e+02 2.59147e+02 2.63319e+02
2.69797e+01 9.57234e+01 1.84591e+02 2.47705e+02 2.64310e+02 2.06996e+02 2.13546e+02 2.48984e+02 2.58095e+02 2.62600e+02
2.66899e+01 9.42515e+01 1.82461e+02 2.46459e+02 2.64083e+02 2.04841e+02 2.11622e+02 2.47629e+02 2.57087e+02 2.61909e+02
2.64264e+01 9.29175e+01 1.80514e+02 2.45296e+02 2.63871e+02 2.02838e+02 2.09825e+02 2.46344e+02 2.56125e+02 2.61250e+02
2.61860e+01 9.17064e+01 1.78734e+02 2.44210e+02 2.63672e+02 2.00973e+02 2.08146e+02 2.45129e+02 2.55209e+02 2.60621e+02
2.59661e+01 9.06048e+01 1.77105e+02 2.43198e+02 2.63487e+02 1.99233e+02 2.06574e+02 2.43980e+02 2.54338e+02 2.60024e+02
2.57644e+01 8.96014e+01 1.75613e+02 2.42255e+02 2.63315e+02 1.97610e+02 2.05103e+02 2.42895e+02 2.53513e+02 2.59458e+02
2.55790e+01 8.86860e+01 1.74244e+02 2.41376e+02 2.63154e+02 1.96092e+02 2.03723e+02 2.41872e+02 2.52732e+02 2.58922e+02
2.54082e+01 8.78496e+01 1.72989e+02 2.40558e+02 2.63004e+02 1.94671e+02 2.02429e+02 2.40907e+02 2.51995e+02 2.58416e+02
2.52505e+01 8.70842e+01 1.71836e+02 2.39797e+02 2.62865e+02 1.93340e+02 2.01214e+02 2.39998e+02 2.51298e+02 2.57938e+02
2.51046e+01 8.63830e+01 1.70776e+02 2.39088e+02 2.62735e+02 1.92092e+02 2.00073e+02 2.39142e+02 2.50641e+02 2.57488e+02
2.49695e+01 8.57395e+01 1.69801e+02 2.38427e+02 2.62614e+02 1.90920e+02 1.99000e+02 2.38336e+02 2.50022e+02 2.57064e+02
2.48442e+01 8.51485e+01 1.68902e+02 2.37812e+02 2.62502e+02 1.89819e+02 1.97991e+02 2.37577e+02 2.49439e+02 2.56664e+02
2.47277e+01 8.46048e+01 1.68074e+02 2.37239e+02 2.62397e+02 1.88783e+02 1.97041e+02 2.36863e+02 2.48890e+02 2.56288e+02
2.46194e+01 8.41041e+01 1.67311e+02 2.36705e+02 2.62299e+02 1.87809e+02 1.96147e+02 2.36190e+02 2.48373e+02 2.55934e+02
2.45184e+01 8.36425e+01 1.66605e+02 2.36207e+02 2.62208e+02 1.86892e+02 1.95304e+02 2.35557e+02 2.47886e+02 2.55602e+02
2.44243e+01 8.32165e+01 1.65954e+02 2.35742e+02 2.62123e+02 1.86027e+02 1.94509e+02 2.34961e+02 2.47428e+02 2.55289e+02
2.43365e+01 8.28228e+01 1.65351e+02 2.35309e+02 2.62044e+02 1.85212e+02 1.93760e+02 2.34400e+02 2.46997e+02 2.54994e+02
2.42544e+01 8.24587e+01 1.64792e+02 2.34905e+02 2.61970e+02 1.84442e+02 1.93052e+02 2.33871e+02 2.46591e+02 2.54718e+02
2.41776e+01 8.21216e+01 1.64275e+02 2.34527e+02 2.61901e+02 1.83716e+02 1.92384e+02 2.33373e+02 2.46209e+02 2.54457e+02
2.41057e+01 8.18092e+01 1.63795e+02 2.34174e+02 2.61836e+02 1.83030e+02 1.91753e+02 2.32904e+02 2.45850e+02 2.54212e+02
