2.70000e+02 2.70000e+02 2.70000e+02 2.71556e+02 2.68245e+02 2.74884e+02 2.74683e+02 2.73718e+02 2.73202e+02 2.72667e+02
2.70000e+02 2.70000e+02 2.70000e+02 2.71556e+02 2.68245e+02 2.74884e+02 2.74683e+02 2.73718e+02 2.73202e+02 2.72667e+02
5.00000e+01 1.50000e+02 2.50000e+02 2.71348e+02 2.68231e+02 2.73852e+02 2.73517e+02 2.73610e+02 2.73115e+02 2.72532e+02
4.00815e+01 1.50000e+02 2.46435e+02 2.70968e+02 2.68190e+02 2.70360e+02 2.69888e+02 2.73369e+02 2.72984e+02 2.72426e+02
3.71621e+01 1.50000e+02 2.42086e+02 2.70358e+02 2.68118e+02 2.65412e+02 2.65141e+02 2.72805e+02 2.72777e+02 2.72287e+02
3.50752e+01 1.41500e+02 2.37428e+02 2.69437e+02 2.68001e+02 2.59976e+02 2.60224e+02 2.71856e+02 2.72419e+02 2.72063e+02
3.36239e+01 1.35034e+02 2.32252e+02 2.68194e+02 2.67833e+02 2.54513e+02 2.55455e+02 2.70577e+02 2.71871e+02 2.71725e+02
3.25264e+01 1.29098e+02 2.26737e+02 2.66681e+02 2.67615e+02 2.49242e+02 2.50935e+02 2.69058e+02 2.71137e+02 2.71264e+02
3.16522e+01 1.23876e+02 2.21298e+02 2.64972e+02 2.67357e+02 2.44265e+02 2.46695e+02 2.67382e+02 2.70244e+02 2.70692e+02
3.09327e+01 1.19319e+02 2.16136e+02 2.63147e+02 2.67072e+02 2.39621e+02 2.42738e+02 2.65614e+02 2.69227e+02 2.70026e+02
3.03274e+01 1.15338e+02 2.11330e+02 2.61271e+02 2.66771e+02 2.35320e+02 2.39059e+02 2.63802e+02 2.68119e+02 2.69290e+02
2.98101e+01 1.11846e+02 2.06903e+02 2.59394e+02 2.66464e+02 2.31350e+02 2.35643e+02 2.61982e+02 2.66952e+02 2.68504e+02
2.93625e+01 1.08768e+02 2.02847e+02 2.57553e+02 2.66159e+02 2.27693e+02 2.32473e+02 2.60180e+02 2.65751e+02 2.67687e+02
2.88564e+01 1.06033e+02 1.99143e+02 2.55772e+02 2.65861e+02 2.24324e+02 2.29531e+02 2.58415e+02 2.64539e+02 2.66856e+02
2.83761e+01 1.03575e+02 1.95764e+02 2.54066e+02 2.65573e+02 2.21220e+02 2.26800e+02 2.56701e+02 2.63333e+02 2.66023e+02
2.79450e+01 1.01363e+02 1.92682e+02 2.52444e+02 2.65298e+02 2.18355e+02 2.24260e+02 2.55048e+02 2.62144e+02 2.65199e+02
2.75581e+01 9.93705e+01 1.89870e+02 2.50909e+02 2.65037e+02 2.15706e+02 2.21895e+02 2.53460e+02 2.60985e+02 2.64393e+02
2.72096e+01 9.75723e+01 1.87301e+02 2.49464e+02 2.64791e+02 2.13252e+02 2.19692e+02 2.51942e+02 2.59862e+02 2.63610e+02
2.68947e+01 9.59468e+01 1.84955e+02 2.48107e+02 2.64559e+02 2.10977e+02 2.17636e+02 2.50494e+02 2.58779e+02 2.62853e+02
2.66091e+01 9.44747e+01 1.82809e+02 2.46835e+02 2.64341e+02 2.08862e+02 2.15716e+02 2.49119e+02 2.57741e+02 2.62127e+02
2.63491e+01 9.31392e+01 1.80845e+02 2.45645e+02 2.64137e+02 2.06894e+02 2.13921e+02 2.47814e+02 2.56749e+02 2.61432e+02
2.61118e+01 9.19253e+01 1.79048e+02 2.44533e+02 2.63946e+02 2.05059e+02 2.12242e+02 2.46578e+02 2.55805e+02 2.60770e+02
2.58946e+01 9.08201e+01 1.77400e+02 2.43495e+02 2.63767e+02 2.03347e+02 2.10668e+02 2.45409e+02 2.54907e+02 2.60141e+02
2.56952e+01 8.98122e+01 1.75889e+02 2.42526e+02 2.63600e+02 2.01746e+02 2.09193e+02 2.44305e+02 2.54057e+02 2.59544e+02
2.55117e+01 8.88916e+01 1.74502e+02 2.41623e+02 2.63445e+02 2.00247e+02 2.07809e+02 2.43263e+02 2.53251e+02 2.58979e+02
2.53426e+01 8.80494e+01 1.73227e+02 2.40781e+02 2.63300e+02 1.98843e+02 2.06509e+02 2.42281e+02 2.52490e+02 2.58445e+02
2.51863e+01 8.72779e+01 1.72055e+02 2.39996e+02 2.63165e+02 1.97525e+02 2.05287e+02 2.41354e+02 2.51771e+02 2.57941e+02
2.50417e+01 8.65702e+01 1.70976e+02 2.39265e+02 2.63039e+02 1.96287e+02 2.04138e+02 2.40481e+02 2.51093e+02 2.57466e+02
2.49075e+01 8.59201e+01 1.69982e+02 2.38582e+02 2.62921e+02 1.95124e+02 2.03057e+02 2.39659e+02 2.50454e+02 2.57019e+02
2.47830e+01 8.53222e+01 1.69065e+02 2.37947e+02 2.62812e+02 1.94029e+02 2.02039e+02 2.38885e+02 2.49852e+02 2.56597e+02
2.46672e+01 8.47716e+01 1.68219e+02 2.37354e+02 2.62710e+02 1.92998e+02 2.01079e+02 2.38155e+02 2.49284e+02 2.56200e+02
2.45593e+01 8.42640e+01 1.67438e+02 2.36801e+02 2.62614e+02 1.92027e+02 2.00174e+02 2.37468e+02 2.48750e+02 2.55827e+02
2.44588e+01 8.37955e+01 1.66716e+02 2.36285e+02 2.62525e+02 1.91110e+02 1.99321e+02 2.36821e+02 2.48247e+02 2.55476e+02
2.43649e+01 8.33626e+01 1.66048e+02 2.35803e+02 2.62443e+02 1.90246e+02 1.98515e+02 2.36212e+02 2.47774e+02 2.55145e+02
2.42772e+01 8.29621e+01 1.65429e+02 2.35353e+02 2.62365e+02 1.89429e+02 1.97754e+02 2.35638e+02 2.47328e+02 2.54834e+02
2.41952e+01 8.25914e+01 1.64855e+02 2.34933e+02 2.62293e+02 1.88658e+02 1.97035e+02 2.35097e+02 2.46908e+02 2.54542e+02
2.41184e+01 8.22478e+01 1.64323e+02 2.34541e+02 2.62225e+02 1.87929e+02 1.96356e+02 2.34587e+02 2.46513e+02 2.54267e+02
2.40464e+01 8.19290e+01 1.63830e+02 2.34174e+02 2.62162e+02 1.87239e+02 1.95714e+02 2.34106e+02 2.46141e+02 2.54008e+02
