2.70000000e+02
5.00000000e+01
4.02199630e+01
3.73000770e+01
3.51834180e+01
3.37101650e+01
3.25960890e+01
3.17084600e+01
3.09776940e+01
3.03626570e+01
2.98367590e+01
2.93816380e+01
2.88829080e+01
2.83955070e+01
2.79574240e+01
2.75640400e+01
2.72097930e+01
2.68896910e+01
2.65994560e+01
2.63354510e+01
2.60945880e+01
2.58742350e+01
2.56721380e+01
2.54863590e+01
2.53152210e+01
2.51572650e+01
2.50112200e+01
2.48759680e+01
2.47505240e+01
2.46340160e+01
2.45256700e+01
2.44247940e+01
2.43307690e+01
2.42430400e+01
2.41611060e+01
2.40845140e+01
2.40128540e+01
2.70000000e+02
1.50000000e+02
1.50000000e+02
1.50000000e+02
1.41419319e+02
1.34868742e+02
1.28867583e+02
1.23597919e+02
1.19005050e+02
1.14995840e+02
1.11481252e+02
1.08385513e+02
1.05638903e+02
1.03173138e+02
1.00954287e+02
9.89561900e+01
9.71544020e+01
9.55268700e+01
9.40540940e+01
9.27189630e+01
9.15064920e+01
9.04035520e+01
8.93986200e+01
8.84815640e+01
8.76434540e+01
8.68764040e+01
8.61734300e+01
8.55283380e+01
8.49356210e+01
8.43903720e+01
8.38882110e+01
8.34252210e+01
8.29978920e+01
8.26030730e+01
8.22379320e+01
8.18999150e+01
8.15867210e+01
2.70000000e+02
2.50000000e+02
2.46298595e+02
2.41859529e+02
2.37132507e+02
2.31886473e+02
2.26311299e+02
2.20824749e+02
2.15625301e+02
2.10791104e+02
2.06342353e+02
2.02271388e+02
1.98557539e+02
1.95173873e+02
1.92090915e+02
1.89280438e+02
1.86716805e+02
1.84376850e+02
1.82239606e+02
1.80286084e+02
1.78499100e+02
1.76863123e+02
1.75364128e+02
1.73989458e+02
1.72727701e+02
1.71568563e+02
1.70502763e+02
1.69521928e+02
1.68618502e+02
1.67785664e+02
1.67017250e+02
1.66307684e+02
1.65651926e+02
1.65045406e+02
1.64483984e+02
1.63963903e+02
1.63481753e+02
2.71014682e+02
2.70776340e+02
2.70391800e+02
2.69789962e+02
2.68881868e+02
2.67652972e+02
2.66153356e+02
2.64459717e+02
2.62650354e+02
2.60791555e+02
2.58933735e+02
2.57112650e+02
2.55352249e+02
2.53667630e+02
2.52067367e+02
2.50555414e+02
2.49132540e+02
2.47797410e+02
2.46547356e+02
2.45378885e+02
2.44288028e+02
2.43270572e+02
2.42322222e+02
2.41438705e+02
2.40615851e+02
2.39849634e+02
2.39136207e+02
2.38471921e+02
2.37853331e+02
2.37277201e+02
2.36740499e+02
2.36240396e+02
2.35774253e+02
2.35339619e+02
2.34934214e+02
2.34555924e+02
2.34202792e+02
2.68155282e+02
2.68138851e+02
2.68095297e+02
2.68022760e+02
2.67908001e+02
2.67741820e+02
2.67526145e+02
2.67270646e+02
2.66987814e+02
2.66689621e+02
2.66385938e+02
2.66084178e+02
2.65789555e+02
2.65505533e+02
2.65234254e+02
2.64976898e+02
2.64733963e+02
2.64505481e+02
2.64291179e+02
2.64090588e+02
2.63903120e+02
2.63728120e+02
2.63564900e+02
2.63412764e+02
2.63271020e+02
2.63138996e+02
2.63016045e+02
2.62901551e+02
2.62794926e+02
2.62695619e+02
2.62603113e+02
2.62516921e+02
2.62436591e+02
2.62361701e+02
2.62291859e+02
2.62226700e+02
2.62165886e+02
2.72533702e+02
2.71588715e+02
2.68019688e+02
2.62922118e+02
2.57332842e+02
2.51731269e+02
2.46337331e+02
2.41251011e+02
2.36510465e+02
2.32120988e+02
2.28070719e+02
2.24339381e+02
2.20903079e+02
2.17736228e+02
2.14813689e+02
2.12112600e+02
2.09612425e+02
2.07294729e+02
2.05142996e+02
2.03142447e+02
2.01279872e+02
1.99543452e+02
1.97922615e+02
1.96407879e+02
1.94990735e+02
1.93663522e+02
1.92419331e+02
1.91251916e+02
1.90155613e+02
1.89125277e+02
1.88156218e+02
1.87244154e+02
1.86385168e+02
1.85575663e+02
1.84812335e+02
1.84092141e+02
1.83412274e+02
2.72512463e+02
2.71455313e+02
2.67780726e+02
2.62918967e+02
2.57881571e+02
2.53004478e+02
2.48389800e+02
2.44066953e+02
2.40038523e+02
2.36295199e+02
2.32821949e+02
2.29601157e+02
2.26614287e+02
2.23842097e+02
2.21266087e+02
2.18869817e+02
2.16638561e+02
2.14558973e+02
2.12618929e+02
2.10807412e+02
2.09114414e+02
2.07530837e+02
2.06048409e+02
2.04659595e+02
2.03357524e+02
2.02135922e+02
2.00989048e+02
1.99911644e+02
1.98898881e+02
1.97946325e+02
1.97049891e+02
1.96205814e+02
1.95410618e+02
1.94661091e+02
1.93954259e+02
1.93287369e+02
1.92657865e+02
2.72329089e+02
2.72291265e+02
2.72118138e+02
2.71612537e+02
2.70707138e+02
2.69461394e+02
2.67970063e+02
2.66318515e+02
2.64573111e+02
2.62783166e+02
2.60984866e+02
2.59204625e+02
2.57461561e+02
2.55769252e+02
2.54136982e+02
2.52570722e+02
2.51073976e+02
2.49648417e+02
2.48294343e+02
2.47011028e+02
2.45796981e+02
2.44650161e+02
2.43568141e+02
2.42548239e+02
2.41587617e+02
2.40683361e+02
2.39832541e+02
2.39032253e+02
2.38279657e+02
2.37571995e+02
2.36906614e+02
2.36280971e+02
2.35692643e+02
2.35139332e+02
2.34618860e+02
2.34129173e+02
2.33668336e+02
2.72126095e+02
2.72104927e+02
2.72053261e+02
2.71913988e+02
2.71613877e+02
2.71116884e+02
2.70428174e+02
2.69575746e+02
2.68595171e+02
2.67521611e+02
2.66386499e+02
2.65216500e+02
2.64033459e+02
2.62854793e+02
2.61694010e+02
2.60561275e+02
2.59463979e+02
2.58407270e+02
2.57394510e+02
2.56427665e+02
2.55507608e+02
2.54634377e+02
2.53807379e+02
2.53025549e+02
2.52287488e+02
2.51591558e+02
2.50935969e+02
2.50318840e+02
2.49738248e+02
2.49192263e+02
2.48678980e+02
2.48196538e+02
2.47743132e+02
2.47317030e+02
2.46916571e+02
2.46540176e+02
2.46186348e+02
2.71851454e+02
2.71841620e+02
2.71802754e+02
2.71711998e+02
2.71526564e+02
2.71218188e+02
2.70781309e+02
2.70227226e+02
2.69576041e+02
2.68850696e+02
2.68073463e+02
2.67264196e+02
2.66439659e+02
2.65613492e+02
2.64796402e+02
2.63996553e+02
2.63219958e+02
2.62470867e+02
2.61752125e+02
2.61065465e+02
2.60411760e+02
2.59791218e+02
2.59203546e+02
2.58648080e+02
2.58123884e+02
2.57629831e+02
2.57164671e+02
2.56727071e+02
2.56315665e+02
2.55929071e+02
2.55565924e+02
2.55224882e+02
2.54904647e+02
2.54603968e+02
2.54321645e+02
2.54056539e+02
2.53807565e+02
