2.70000000e+02
5.00000000e+01
4.01288210e+01
3.71891830e+01
3.50687210e+01
3.35926480e+01
3.24792570e+01
3.15963150e+01
3.08735710e+01
3.02690200e+01
2.97552940e+01
2.93134030e+01
2.88005810e+01
2.83308300e+01
2.79117650e+01
2.75374380e+01
2.72018390e+01
2.68997460e+01
2.66267420e+01
2.63791090e+01
2.61537120e+01
2.59478970e+01
2.57594090e+01
2.55863200e+01
2.54269740e+01
2.52799420e+01
2.51439860e+01
2.50180240e+01
2.49011110e+01
2.47924170e+01
2.46912070e+01
2.45968310e+01
2.45087110e+01
2.44263300e+01
2.43492250e+01
2.42769810e+01
2.42092230e+01
2.70000000e+02
1.50000000e+02
1.50000000e+02
1.50000000e+02
1.41313423e+02
1.34685851e+02
1.28633965e+02
1.23336258e+02
1.18729776e+02
1.14716995e+02
1.11206129e+02
1.08119505e+02
1.05381527e+02
1.02927822e+02
1.00725835e+02
9.87477810e+01
9.69680870e+01
9.53639550e+01
9.39153640e+01
9.26048200e+01
9.14170420e+01
9.03386660e+01
8.93579810e+01
8.84647030e+01
8.76497760e+01
8.69052100e+01
8.62239400e+01
8.55997060e+01
8.50269490e+01
8.45007280e+01
8.40166350e+01
8.35707400e+01
8.31595260e+01
8.27798470e+01
8.24288780e+01
8.21040830e+01
8.18031810e+01
2.70000000e+02
2.50000000e+02
2.45647491e+02
2.41190123e+02
2.36400406e+02
2.31119706e+02
2.25534575e+02
2.20054554e+02
2.14869360e+02
2.10053358e+02
2.05625173e+02
2.01576488e+02
1.97886272e+02
1.94527135e+02
1.91469533e+02
1.88685425e+02
1.86149234e+02
1.83837716e+02
1.81729740e+02
1.79806113e+02
1.78049432e+02
1.76443944e+02
1.74975409e+02
1.73630969e+02
1.72399024e+02
1.71269115e+02
1.70231809e+02
1.69278606e+02
1.68401842e+02
1.67594604e+02
1.66850656e+02
1.66164372e+02
1.65530670e+02
1.64944958e+02
1.64403086e+02
1.63901298e+02
1.63436192e+02
2.68782990e+02
2.68915592e+02
2.68765015e+02
2.68322755e+02
2.67531186e+02
2.66391503e+02
2.64962883e+02
2.63327874e+02
2.61568755e+02
2.59754574e+02
2.57937680e+02
2.56155174e+02
2.54431919e+02
2.52783553e+02
2.51218958e+02
2.49742213e+02
2.48354103e+02
2.47053245e+02
2.45836875e+02
2.44701380e+02
2.43642658e+02
2.42656363e+02
2.41738075e+02
2.40883414e+02
2.40088116e+02
2.39348082e+02
2.38659413e+02
2.38018423e+02
2.37421648e+02
2.36865849e+02
2.36348004e+02
2.35865306e+02
2.35415150e+02
2.34995122e+02
2.34602992e+02
2.34236699e+02
2.33894339e+02
2.67784399e+02
2.67798758e+02
2.67800757e+02
2.67762116e+02
2.67671446e+02
2.67523006e+02
2.67320922e+02
2.67076223e+02
2.66802288e+02
2.66511707e+02
2.66214781e+02
2.65919226e+02
2.65630468e+02
2.65352108e+02
2.65086374e+02
2.64834487e+02
2.64596964e+02
2.64373838e+02
2.64164822e+02
2.63969433e+02
2.63787061e+02
2.63617028e+02
2.63458625e+02
2.63311133e+02
2.63173844e+02
2.63046071e+02
2.62927156e+02
2.62816471e+02
2.62713426e+02
2.62617465e+02
2.62528071e+02
2.62444759e+02
2.62367080e+02
2.62294618e+02
2.62226987e+02
2.62163830e+02
2.62104817e+02
2.68159922e+02
2.67545277e+02
2.64699956e+02
2.60343121e+02
2.55406527e+02
2.50368596e+02
2.45466822e+02
2.40819094e+02
2.36477539e+02
2.32457042e+02
2.28751747e+02
2.25344851e+02
2.22214238e+02
2.19335206e+02
2.16683215e+02
2.14235673e+02
2.11972188e+02
2.09874510e+02
2.07926412e+02
2.06113531e+02
2.04423182e+02
2.02844175e+02
2.01366636e+02
1.99981836e+02
1.98682050e+02
1.97460417e+02
1.96310828e+02
1.95227823e+02
1.94206507e+02
1.93242474e+02
1.92331742e+02
1.91470703e+02
1.90656072e+02
1.89884852e+02
1.89154297e+02
1.88461884e+02
1.87805289e+02
2.68436254e+02
2.67529007e+02
2.64069820e+02
2.59478887e+02
2.54758016e+02
2.50224194e+02
2.45965319e+02
2.42001490e+02
2.38328902e+02
2.34933621e+02
2.31797182e+02
2.28899444e+02
2.26219958e+02
2.23738100e+02
2.21434883e+02
2.19293733e+02
2.17299993e+02
2.15440590e+02
2.13703852e+02
2.12079353e+02
2.10557784e+02
2.09130817e+02
2.07790995e+02
2.06531623e+02
2.05346676e+02
2.04230717e+02
2.03178827e+02
2.02186539e+02
2.01249789e+02
2.00364868e+02
1.99528378e+02
1.98737205e+02
1.97988482e+02
1.97279567e+02
1.96608016e+02
1.95971571e+02
1.95368134e+02
2.69833889e+02
2.69833833e+02
2.69712914e+02
2.69258924e+02
2.68411030e+02
2.67235994e+02
2.65829547e+02
2.64274465e+02
2.62633737e+02
2.60953632e+02
2.59267842e+02
2.57600774e+02
2.55969930e+02
2.54387575e+02
2.52861921e+02
2.51398118e+02
2.49999074e+02
2.48666040e+02
2.47399040e+02
2.46197191e+02
2.45058947e+02
2.43982291e+02
2.42964890e+02
2.42004207e+02
2.41097591e+02
2.40242345e+02
2.39435776e+02
2.38675235e+02
2.37958140e+02
2.37282000e+02
2.36644422e+02
2.36043123e+02
2.35475934e+02
2.34940799e+02
2.34435777e+02
2.33959036e+02
2.33508857e+02
2.70337161e+02
2.70330553e+02
2.70314700e+02
2.70223777e+02
2.69974919e+02
2.69529781e+02
2.68894039e+02
2.68096358e+02
2.67172496e+02
2.66157381e+02
2.65081954e+02
2.63972267e+02
2.62849520e+02
2.61730505e+02
2.60628152e+02
2.59552127e+02
2.58509407e+02
2.57504818e+02
2.56541484e+02
2.55621202e+02
2.54744741e+02
2.53912087e+02
2.53122638e+02
2.52375362e+02
2.51668917e+02
2.51001750e+02
2.50372172e+02
2.49778417e+02
2.49218687e+02
2.48691186e+02
2.48194144e+02
2.47725838e+02
2.47284602e+02
2.46868837e+02
2.46477018e+02
2.46107695e+02
2.45759494e+02
2.70704322e+02
2.70643755e+02
2.70626904e+02
2.70574405e+02
2.70429667e+02
2.70161738e+02
2.69765438e+02
2.69252813e+02
2.68644326e+02
2.67962871e+02
2.67230398e+02
2.66466306e+02
2.65686884e+02
2.64905298e+02
2.64131850e+02
2.63374354e+02
2.62638539e+02
2.61928441e+02
2.61246745e+02
2.60595080e+02
2.59974253e+02
2.59384443e+02
2.58825358e+02
2.58296356e+02
2.57796542e+02
2.57324849e+02
2.56880092e+02
2.56461020e+02
2.56066349e+02
2.55694787e+02
2.55345058e+02
2.55015917e+02
2.54706156e+02
2.54414618e+02
2.54140193e+02
2.53881831e+02
2.53638534e+02
