2.70000e+02 2.70000e+02 2.70000e+02 2.69016e+02 2.67842e+02 2.71893e+02 2.71705e+02 2.70792e+02 2.70618e+02 2.70623e+02
2.70000e+02 2.70000e+02 2.70000e+02 2.69016e+02 2.67842e+02 2.71893e+02 2.71705e+02 2.70792e+02 2.70618e+02 2.70623e+02
5.00000e+01 1.50000e+02 2.50000e+02 2.69126e+02 2.67855e+02 2.70745e+02 2.70615e+02 2.70865e+02 2.70719e+02 2.70784e+02
4.02212e+01 1.50000e+02 2.45735e+02 2.68991e+02 2.67856e+02 2.66874e+02 2.66970e+02 2.70802e+02 2.70802e+02 2.70881e+02
3.72938e+01 1.50000e+02 2.41309e+02 2.68582e+02 2.67818e+02 2.61614e+02 2.62162e+02 2.70385e+02 2.70759e+02 2.70902e+02
3.51656e+01 1.41403e+02 2.36559e+02 2.67833e+02 2.67726e+02 2.55990e+02 2.57188e+02 2.69545e+02 2.70507e+02 2.70811e+02
3.36835e+01 1.34812e+02 2.31324e+02 2.66738e+02 2.67572e+02 2.50431e+02 2.52379e+02 2.68342e+02 2.70017e+02 2.70583e+02
3.25644e+01 1.28782e+02 2.25784e+02 2.65352e+02 2.67361e+02 2.45120e+02 2.47836e+02 2.66870e+02 2.69301e+02 2.70219e+02
3.16754e+01 1.23498e+02 2.20345e+02 2.63752e+02 2.67103e+02 2.40141e+02 2.43587e+02 2.65215e+02 2.68396e+02 2.69731e+02
3.09460e+01 1.18903e+02 2.15198e+02 2.62020e+02 2.66812e+02 2.35520e+02 2.39632e+02 2.63444e+02 2.67343e+02 2.69141e+02
3.03343e+01 1.14898e+02 2.10416e+02 2.60223e+02 2.66502e+02 2.31257e+02 2.35960e+02 2.61608e+02 2.66181e+02 2.68472e+02
2.98130e+01 1.11394e+02 2.06016e+02 2.58413e+02 2.66183e+02 2.27335e+02 2.32554e+02 2.59745e+02 2.64945e+02 2.67747e+02
2.93632e+01 1.08311e+02 2.01991e+02 2.56627e+02 2.65863e+02 2.23730e+02 2.29395e+02 2.57884e+02 2.63664e+02 2.66985e+02
2.88589e+01 1.05578e+02 1.98319e+02 2.54892e+02 2.65549e+02 2.20416e+02 2.26463e+02 2.56047e+02 2.62363e+02 2.66203e+02
2.83786e+01 1.03127e+02 1.94972e+02 2.53224e+02 2.65245e+02 2.17363e+02 2.23738e+02 2.54250e+02 2.61061e+02 2.65415e+02
2.79480e+01 1.00923e+02 1.91920e+02 2.51632e+02 2.64953e+02 2.14545e+02 2.21199e+02 2.52503e+02 2.59771e+02 2.64631e+02
2.75617e+01 9.89404e+01 1.89137e+02 2.50121e+02 2.64675e+02 2.11939e+02 2.18831e+02 2.50815e+02 2.58506e+02 2.63859e+02
2.72140e+01 9.71532e+01 1.86596e+02 2.48693e+02 2.64412e+02 2.09522e+02 2.16619e+02 2.49189e+02 2.57273e+02 2.63106e+02
2.68997e+01 9.55391e+01 1.84274e+02 2.47348e+02 2.64162e+02 2.07275e+02 2.14548e+02 2.47629e+02 2.56079e+02 2.62376e+02
2.66146e+01 9.40782e+01 1.82150e+02 2.46083e+02 2.63928e+02 2.05183e+02 2.12608e+02 2.46135e+02 2.54927e+02 2.61672e+02
2.63548e+01 9.27532e+01 1.80207e+02 2.44895e+02 2.63707e+02 2.03230e+02 2.10787e+02 2.44708e+02 2.53820e+02 2.60995e+02
2.61174e+01 9.15492e+01 1.78426e+02 2.43782e+02 2.63500e+02 2.01403e+02 2.09076e+02 2.43348e+02 2.52758e+02 2.60347e+02
2.58997e+01 9.04528e+01 1.76793e+02 2.42738e+02 2.63306e+02 1.99692e+02 2.07466e+02 2.42052e+02 2.51743e+02 2.59729e+02
2.56995e+01 8.94526e+01 1.75294e+02 2.41761e+02 2.63124e+02 1.98086e+02 2.05950e+02 2.40819e+02 2.50774e+02 2.59139e+02
2.55149e+01 8.85385e+01 1.73916e+02 2.40846e+02 2.62954e+02 1.96577e+02 2.04520e+02 2.39647e+02 2.49850e+02 2.58578e+02
2.53441e+01 8.77015e+01 1.72648e+02 2.39989e+02 2.62794e+02 1.95156e+02 2.03171e+02 2.38533e+02 2.48970e+02 2.58044e+02
2.51859e+01 8.69340e+01 1.71479e+02 2.39187e+02 2.62645e+02 1.93817e+02 2.01897e+02 2.37475e+02 2.48133e+02 2.57538e+02
2.50390e+01 8.62289e+01 1.70402e+02 2.38435e+02 2.62505e+02 1.92553e+02 2.00692e+02 2.36470e+02 2.47338e+02 2.57058e+02
2.49023e+01 8.55801e+01 1.69407e+02 2.37731e+02 2.62374e+02 1.91359e+02 1.99552e+02 2.35516e+02 2.46582e+02 2.56602e+02
2.47748e+01 8.49823e+01 1.68488e+02 2.37072e+02 2.62251e+02 1.90231e+02 1.98473e+02 2.34610e+02 2.45863e+02 2.56171e+02
2.46559e+01 8.44305e+01 1.67637e+02 2.36453e+02 2.62136e+02 1.89163e+02 1.97450e+02 2.33750e+02 2.45181e+02 2.55762e+02
2.45446e+01 8.39206e+01 1.66848e+02 2.35873e+02 2.62028e+02 1.88152e+02 1.96481e+02 2.32933e+02 2.44533e+02 2.55374e+02
2.44404e+01 8.34486e+01 1.66117e+02 2.35329e+02 2.61927e+02 1.87193e+02 1.95562e+02 2.32158e+02 2.43917e+02 2.55007e+02
2.43427e+01 8.30113e+01 1.65438e+02 2.34817e+02 2.61831e+02 1.86284e+02 1.94689e+02 2.31422e+02 2.43333e+02 2.54660e+02
2.42510e+01 8.26054e+01 1.64807e+02 2.34337e+02 2.61742e+02 1.85421e+02 1.93861e+02 2.30722e+02 2.42778e+02 2.54330e+02
2.41648e+01 8.22283e+01 1.64219e+02 2.33886e+02 2.61658e+02 1.84602e+02 1.93074e+02 2.30057e+02 2.42250e+02 2.54018e+02
2.40836e+01 8.18774e+01 1.63672e+02 2.33461e+02 2.61579e+02 1.83823e+02 1.92326e+02 2.29426e+02 2.41749e+02 2.53722e+02
2.40072e+01 8.15507e+01 1.63162e+02 2.33061e+02 2.61505e+02 1.83084e+02 1.91615e+02 2.28825e+02 2.41273e+02 2.53441e+02
