2.70000e+02 2.70000e+02 2.70000e+02 2.69400e+02 2.67914e+02 2.68601e+02 2.68693e+02 2.69092e+02 2.69551e+02 2.70160e+02
2.70000e+02 2.70000e+02 2.70000e+02 2.69400e+02 2.67914e+02 2.68601e+02 2.68693e+02 2.69092e+02 2.69551e+02 2.70160e+02
5.00000e+01 1.50000e+02 2.50000e+02 2.69240e+02 2.67902e+02 2.68005e+02 2.67789e+02 2.69172e+02 2.69635e+02 2.70321e+02
4.00731e+01 1.50000e+02 2.45946e+02 2.68927e+02 2.67867e+02 2.65185e+02 2.64310e+02 2.69111e+02 2.69717e+02 2.70402e+02
3.71021e+01 1.50000e+02 2.41337e+02 2.68393e+02 2.67800e+02 2.60848e+02 2.59691e+02 2.68700e+02 2.69691e+02 2.70404e+02
3.49848e+01 1.41297e+02 2.36537e+02 2.67550e+02 2.67685e+02 2.55912e+02 2.54933e+02 2.67879e+02 2.69482e+02 2.70300e+02
3.35164e+01 1.34673e+02 2.31248e+02 2.66384e+02 2.67514e+02 2.50851e+02 2.50356e+02 2.66711e+02 2.69060e+02 2.70070e+02
3.24099e+01 1.28624e+02 2.25655e+02 2.64943e+02 2.67288e+02 2.45907e+02 2.46048e+02 2.65291e+02 2.68431e+02 2.69715e+02
3.15322e+01 1.23328e+02 2.20168e+02 2.63303e+02 2.67018e+02 2.41200e+02 2.42028e+02 2.63699e+02 2.67625e+02 2.69249e+02
3.08130e+01 1.18722e+02 2.14979e+02 2.61542e+02 2.66717e+02 2.36787e+02 2.38293e+02 2.61999e+02 2.66678e+02 2.68691e+02
3.02103e+01 1.14708e+02 2.10161e+02 2.59725e+02 2.66398e+02 2.32686e+02 2.34828e+02 2.60238e+02 2.65626e+02 2.68063e+02
2.96971e+01 1.11196e+02 2.05732e+02 2.57904e+02 2.66072e+02 2.28892e+02 2.31615e+02 2.58450e+02 2.64501e+02 2.67386e+02
2.92391e+01 1.08107e+02 2.01682e+02 2.56115e+02 2.65748e+02 2.25392e+02 2.28635e+02 2.56663e+02 2.63328e+02 2.66675e+02
2.87180e+01 1.05362e+02 1.97990e+02 2.54381e+02 2.65431e+02 2.22165e+02 2.25866e+02 2.54897e+02 2.62132e+02 2.65948e+02
2.82443e+01 1.02902e+02 1.94628e+02 2.52718e+02 2.65124e+02 2.19186e+02 2.23290e+02 2.53166e+02 2.60929e+02 2.65214e+02
2.78210e+01 1.00693e+02 1.91566e+02 2.51135e+02 2.64831e+02 2.16431e+02 2.20887e+02 2.51480e+02 2.59733e+02 2.64484e+02
2.74420e+01 9.87072e+01 1.88774e+02 2.49636e+02 2.64552e+02 2.13880e+02 2.18643e+02 2.49847e+02 2.58557e+02 2.63765e+02
2.71013e+01 9.69194e+01 1.86228e+02 2.48221e+02 2.64288e+02 2.11512e+02 2.16543e+02 2.48271e+02 2.57407e+02 2.63063e+02
2.67937e+01 9.53062e+01 1.83905e+02 2.46890e+02 2.64039e+02 2.09308e+02 2.14574e+02 2.46756e+02 2.56290e+02 2.62380e+02
2.65149e+01 9.38477e+01 1.81783e+02 2.45640e+02 2.63804e+02 2.07254e+02 2.12726e+02 2.45304e+02 2.55210e+02 2.61721e+02
2.62613e+01 9.25262e+01 1.79842e+02 2.44468e+02 2.63584e+02 2.05334e+02 2.10988e+02 2.43914e+02 2.54170e+02 2.61087e+02
2.60296e+01 9.13266e+01 1.78066e+02 2.43369e+02 2.63378e+02 2.03536e+02 2.09351e+02 2.42587e+02 2.53172e+02 2.60478e+02
2.58173e+01 9.02355e+01 1.76440e+02 2.42341e+02 2.63185e+02 2.01850e+02 2.07808e+02 2.41321e+02 2.52215e+02 2.59896e+02
2.56222e+01 8.92411e+01 1.74948e+02 2.41378e+02 2.63004e+02 2.00264e+02 2.06352e+02 2.40116e+02 2.51301e+02 2.59340e+02
2.54423e+01 8.83332e+01 1.73578e+02 2.40477e+02 2.62835e+02 1.98772e+02 2.04976e+02 2.38968e+02 2.50429e+02 2.58810e+02
2.52761e+01 8.75029e+01 1.72319e+02 2.39634e+02 2.62676e+02 1.97365e+02 2.03674e+02 2.37877e+02 2.49597e+02 2.58306e+02
2.51220e+01 8.67422e+01 1.71160e+02 2.38845e+02 2.62528e+02 1.96036e+02 2.02441e+02 2.36839e+02 2.48806e+02 2.57827e+02
2.49789e+01 8.60440e+01 1.70092e+02 2.38106e+02 2.62389e+02 1.94779e+02 2.01273e+02 2.35853e+02 2.48054e+02 2.57372e+02
2.48458e+01 8.54022e+01 1.69107e+02 2.37414e+02 2.62259e+02 1.93589e+02 2.00165e+02 2.34917e+02 2.47338e+02 2.56940e+02
2.47216e+01 8.48112e+01 1.68198e+02 2.36766e+02 2.62137e+02 1.92462e+02 1.99113e+02 2.34027e+02 2.46659e+02 2.56530e+02
2.46056e+01 8.42663e+01 1.67357e+02 2.36159e+02 2.62022e+02 1.91393e+02 1.98114e+02 2.33182e+02 2.46014e+02 2.56141e+02
2.44971e+01 8.37630e+01 1.66578e+02 2.35589e+02 2.61915e+02 1.90377e+02 1.97164e+02 2.32380e+02 2.45401e+02 2.55772e+02
2.43953e+01 8.32974e+01 1.65856e+02 2.35055e+02 2.61815e+02 1.89412e+02 1.96261e+02 2.31618e+02 2.44819e+02 2.55422e+02
2.42999e+01 8.28662e+01 1.65187e+02 2.34553e+02 2.61721e+02 1.88494e+02 1.95401e+02 2.30894e+02 2.44267e+02 2.55091e+02
2.42101e+01 8.24663e+01 1.64565e+02 2.34081e+02 2.61632e+02 1.87621e+02 1.94583e+02 2.30206e+02 2.43743e+02 2.54777e+02
2.41257e+01 8.20948e+01 1.63986e+02 2.33638e+02 2.61549e+02 1.86789e+02 1.93804e+02 2.29553e+02 2.43245e+02 2.54479e+02
2.40461e+01 8.17493e+01 1.63447e+02 2.33222e+02 2.61471e+02 1.85997e+02 1.93061e+02 2.28932e+02 2.42772e+02 2.54196e+02
2.39711e+01 8.14276e+01 1.62945e+02 2.32830e+02 2.61397e+02 1.85241e+02 1.92353e+02 2.28342e+02 2.42324e+02 2.53928e+02
