2.70000e+02 2.70000e+02 2.70000e+02 2.69799e+02 2.67953e+02 2.72964e+02 2.72816e+02 2.71847e+02 2.71514e+02 2.71198e+02
2.70000e+02 2.70000e+02 2.70000e+02 2.69799e+02 2.67953e+02 2.72964e+02 2.72816e+02 2.71847e+02 2.71514e+02 2.71198e+02
5.00000e+01 1.50000e+02 2.50000e+02 2.69781e+02 2.67956e+02 2.71954e+02 2.71649e+02 2.71839e+02 2.71538e+02 2.71314e+02
4.04635e+01 1.50000e+02 2.46121e+02 2.69534e+02 2.67940e+02 2.68282e+02 2.67790e+02 2.71695e+02 2.71548e+02 2.71362e+02
3.76002e+01 1.50000e+02 2.41699e+02 2.69026e+02 2.67888e+02 2.63104e+02 2.62788e+02 2.71198e+02 2.71442e+02 2.71337e+02
3.54569e+01 1.41572e+02 2.37079e+02 2.68178e+02 2.67787e+02 2.57474e+02 2.57670e+02 2.70286e+02 2.71138e+02 2.71202e+02
3.39595e+01 1.35058e+02 2.31976e+02 2.66986e+02 2.67630e+02 2.51868e+02 2.52757e+02 2.69027e+02 2.70609e+02 2.70935e+02
3.28278e+01 1.29076e+02 2.26555e+02 2.65506e+02 2.67420e+02 2.46497e+02 2.48137e+02 2.67523e+02 2.69873e+02 2.70533e+02
3.19280e+01 1.23824e+02 2.21219e+02 2.63822e+02 2.67168e+02 2.41457e+02 2.43834e+02 2.65861e+02 2.68968e+02 2.70012e+02
3.11894e+01 1.19250e+02 2.16164e+02 2.62017e+02 2.66887e+02 2.36779e+02 2.39843e+02 2.64109e+02 2.67936e+02 2.69393e+02
3.05696e+01 1.15262e+02 2.11468e+02 2.60161e+02 2.66589e+02 2.32464e+02 2.36150e+02 2.62316e+02 2.66813e+02 2.68700e+02
3.00414e+01 1.11772e+02 2.07149e+02 2.58305e+02 2.66287e+02 2.28498e+02 2.32737e+02 2.60518e+02 2.65633e+02 2.67956e+02
2.95856e+01 1.08703e+02 2.03201e+02 2.56487e+02 2.65985e+02 2.24856e+02 2.29583e+02 2.58742e+02 2.64424e+02 2.67180e+02
2.91601e+01 1.05992e+02 1.99603e+02 2.54731e+02 2.65692e+02 2.21511e+02 2.26665e+02 2.57005e+02 2.63206e+02 2.66388e+02
2.86835e+01 1.03571e+02 1.96328e+02 2.53053e+02 2.65409e+02 2.18437e+02 2.23964e+02 2.55321e+02 2.61997e+02 2.65595e+02
2.82509e+01 1.01393e+02 1.93349e+02 2.51460e+02 2.65139e+02 2.15607e+02 2.21458e+02 2.53698e+02 2.60810e+02 2.64810e+02
2.78623e+01 9.94321e+01 1.90636e+02 2.49956e+02 2.64883e+02 2.12994e+02 2.19129e+02 2.52143e+02 2.59653e+02 2.64041e+02
2.75127e+01 9.76660e+01 1.88164e+02 2.48543e+02 2.64641e+02 2.10577e+02 2.16961e+02 2.50657e+02 2.58536e+02 2.63294e+02
2.71971e+01 9.60724e+01 1.85910e+02 2.47219e+02 2.64415e+02 2.08338e+02 2.14941e+02 2.49242e+02 2.57460e+02 2.62574e+02
2.69112e+01 9.46321e+01 1.83852e+02 2.45980e+02 2.64202e+02 2.06257e+02 2.13054e+02 2.47899e+02 2.56431e+02 2.61882e+02
2.66514e+01 9.33278e+01 1.81973e+02 2.44823e+02 2.64004e+02 2.04322e+02 2.11291e+02 2.46625e+02 2.55448e+02 2.61221e+02
2.64144e+01 9.21446e+01 1.80256e+02 2.43744e+02 2.63818e+02 2.02517e+02 2.09640e+02 2.45419e+02 2.54513e+02 2.60591e+02
2.61976e+01 9.10694e+01 1.78684e+02 2.42739e+02 2.63645e+02 2.00831e+02 2.08093e+02 2.44279e+02 2.53626e+02 2.59992e+02
2.59988e+01 9.00907e+01 1.77245e+02 2.41802e+02 2.63484e+02 1.99255e+02 2.06641e+02 2.43203e+02 2.52785e+02 2.59425e+02
2.58160e+01 8.91982e+01 1.75926e+02 2.40929e+02 2.63334e+02 1.97777e+02 2.05278e+02 2.42187e+02 2.51990e+02 2.58888e+02
2.56475e+01 8.83832e+01 1.74716e+02 2.40117e+02 2.63194e+02 1.96391e+02 2.03996e+02 2.41229e+02 2.51238e+02 2.58381e+02
2.54919e+01 8.76377e+01 1.73604e+02 2.39361e+02 2.63064e+02 1.95089e+02 2.02789e+02 2.40325e+02 2.50528e+02 2.57902e+02
2.53478e+01 8.69548e+01 1.72583e+02 2.38656e+02 2.62942e+02 1.93865e+02 2.01653e+02 2.39474e+02 2.49859e+02 2.57450e+02
2.52142e+01 8.63283e+01 1.71643e+02 2.38000e+02 2.62829e+02 1.92712e+02 2.00582e+02 2.38671e+02 2.49227e+02 2.57025e+02
2.50900e+01 8.57528e+01 1.70777e+02 2.37389e+02 2.62724e+02 1.91625e+02 1.99571e+02 2.37914e+02 2.48632e+02 2.56624e+02
2.49746e+01 8.52233e+01 1.69978e+02 2.36820e+02 2.62626e+02 1.90600e+02 1.98617e+02 2.37201e+02 2.48072e+02 2.56246e+02
2.48670e+01 8.47357e+01 1.69242e+02 2.36289e+02 2.62535e+02 1.89632e+02 1.97716e+02 2.36529e+02 2.47543e+02 2.55891e+02
2.47666e+01 8.42860e+01 1.68561e+02 2.35794e+02 2.62449e+02 1.88718e+02 1.96864e+02 2.35895e+02 2.47045e+02 2.55557e+02
2.46728e+01 8.38708e+01 1.67932e+02 2.35332e+02 2.62370e+02 1.87853e+02 1.96059e+02 2.35297e+02 2.46576e+02 2.55242e+02
2.45850e+01 8.34869e+01 1.67349e+02 2.34901e+02 2.62296e+02 1.87035e+02 1.95296e+02 2.34733e+02 2.46134e+02 2.54945e+02
2.45029e+01 8.31316e+01 1.66810e+02 2.34498e+02 2.62226e+02 1.86261e+02 1.94574e+02 2.34202e+02 2.45718e+02 2.54666e+02
2.44259e+01 8.28024e+01 1.66309e+02 2.34122e+02 2.62161e+02 1.85527e+02 1.93891e+02 2.33700e+02 2.45325e+02 2.54404e+02
2.43536e+01 8.24971e+01 1.65845e+02 2.33770e+02 2.62101e+02 1.84831e+02 1.93243e+02 2.33226e+02 2.44954e+02 2.54156e+02
