2.70000e+02 2.70000e+02 2.70000e+02 2.68223e+02 2.67696e+02 2.65224e+02 2.65745e+02 2.68081e+02 2.68909e+02 2.69708e+02
2.70000e+02 2.70000e+02 2.70000e+02 2.68223e+02 2.67696e+02 2.65224e+02 2.65745e+02 2.68081e+02 2.68909e+02 2.69708e+02
5.00000e+01 1.50000e+02 2.50000e+02 2.68270e+02 2.67704e+02 2.64802e+02 2.65067e+02 2.68200e+02 2.69032e+02 2.69843e+02
3.98832e+01 1.50000e+02 2.45458e+02 2.68089e+02 2.67697e+02 2.62256e+02 2.61935e+02 2.68207e+02 2.69141e+02 2.69930e+02
3.68544e+01 1.50000e+02 2.40948e+02 2.67649e+02 2.67654e+02 2.58235e+02 2.57707e+02 2.67903e+02 2.69139e+02 2.69952e+02
3.47512e+01 1.41132e+02 2.36110e+02 2.66879e+02 2.67561e+02 2.53625e+02 2.53330e+02 2.67222e+02 2.68953e+02 2.69871e+02
3.33003e+01 1.34430e+02 2.30787e+02 2.65772e+02 2.67410e+02 2.48881e+02 2.49098e+02 2.66217e+02 2.68555e+02 2.69666e+02
3.22107e+01 1.28339e+02 2.25174e+02 2.64380e+02 2.67203e+02 2.44231e+02 2.45095e+02 2.64972e+02 2.67959e+02 2.69334e+02
3.13488e+01 1.23024e+02 2.19682e+02 2.62783e+02 2.66952e+02 2.39794e+02 2.41344e+02 2.63566e+02 2.67197e+02 2.68887e+02
3.06442e+01 1.18413e+02 2.14496e+02 2.61061e+02 2.66669e+02 2.35622e+02 2.37846e+02 2.62058e+02 2.66307e+02 2.68346e+02
3.00551e+01 1.14403e+02 2.09688e+02 2.59282e+02 2.66368e+02 2.31735e+02 2.34592e+02 2.60497e+02 2.65324e+02 2.67734e+02
2.95544e+01 1.10900e+02 2.05274e+02 2.57499e+02 2.66059e+02 2.28134e+02 2.31569e+02 2.58916e+02 2.64281e+02 2.67071e+02
2.90586e+01 1.07820e+02 2.01244e+02 2.55748e+02 2.65752e+02 2.24805e+02 2.28764e+02 2.57341e+02 2.63203e+02 2.66377e+02
2.85410e+01 1.05080e+02 1.97575e+02 2.54055e+02 2.65451e+02 2.21733e+02 2.26158e+02 2.55793e+02 2.62111e+02 2.65666e+02
2.80790e+01 1.02629e+02 1.94237e+02 2.52435e+02 2.65161e+02 2.18897e+02 2.23736e+02 2.54284e+02 2.61023e+02 2.64953e+02
2.76677e+01 1.00434e+02 1.91201e+02 2.50898e+02 2.64883e+02 2.16276e+02 2.21482e+02 2.52825e+02 2.59951e+02 2.64246e+02
2.73005e+01 9.84659e+01 1.88439e+02 2.49447e+02 2.64621e+02 2.13852e+02 2.19383e+02 2.51422e+02 2.58905e+02 2.63554e+02
2.69712e+01 9.66969e+01 1.85925e+02 2.48083e+02 2.64373e+02 2.11606e+02 2.17426e+02 2.50080e+02 2.57893e+02 2.62882e+02
2.66747e+01 9.51037e+01 1.83635e+02 2.46805e+02 2.64140e+02 2.09522e+02 2.15599e+02 2.48799e+02 2.56919e+02 2.62234e+02
2.64067e+01 9.36662e+01 1.81548e+02 2.45611e+02 2.63922e+02 2.07586e+02 2.13893e+02 2.47582e+02 2.55985e+02 2.61612e+02
2.61636e+01 9.23665e+01 1.79645e+02 2.44496e+02 2.63718e+02 2.05785e+02 2.12298e+02 2.46428e+02 2.55095e+02 2.61019e+02
2.59423e+01 9.11893e+01 1.77908e+02 2.43458e+02 2.63528e+02 2.04107e+02 2.10805e+02 2.45335e+02 2.54249e+02 2.60454e+02
2.57403e+01 9.01211e+01 1.76321e+02 2.42491e+02 2.63351e+02 2.02541e+02 2.09406e+02 2.44303e+02 2.53446e+02 2.59919e+02
2.55554e+01 8.91503e+01 1.74871e+02 2.41592e+02 2.63186e+02 2.01077e+02 2.08095e+02 2.43329e+02 2.52687e+02 2.59413e+02
2.53857e+01 8.82665e+01 1.73545e+02 2.40756e+02 2.63032e+02 1.99709e+02 2.06865e+02 2.42410e+02 2.51970e+02 2.58935e+02
2.52297e+01 8.74607e+01 1.72330e+02 2.39979e+02 2.62890e+02 1.98426e+02 2.05710e+02 2.41545e+02 2.51293e+02 2.58484e+02
2.50858e+01 8.67250e+01 1.71217e+02 2.39257e+02 2.62757e+02 1.97224e+02 2.04625e+02 2.40731e+02 2.50655e+02 2.58060e+02
2.49530e+01 8.60522e+01 1.70195e+02 2.38585e+02 2.62634e+02 1.96096e+02 2.03605e+02 2.39965e+02 2.50055e+02 2.57661e+02
2.48301e+01 8.54363e+01 1.69257e+02 2.37962e+02 2.62519e+02 1.95036e+02 2.02645e+02 2.39245e+02 2.49491e+02 2.57286e+02
2.47162e+01 8.48716e+01 1.68396e+02 2.37382e+02 2.62413e+02 1.94039e+02 2.01742e+02 2.38567e+02 2.48960e+02 2.56934e+02
2.46105e+01 8.43532e+01 1.67603e+02 2.36843e+02 2.62314e+02 1.93101e+02 2.00891e+02 2.37930e+02 2.48461e+02 2.56603e+02
2.45123e+01 8.38768e+01 1.66873e+02 2.36341e+02 2.62222e+02 1.92217e+02 2.00089e+02 2.37331e+02 2.47993e+02 2.56293e+02
2.44209e+01 8.34384e+01 1.66201e+02 2.35875e+02 2.62136e+02 1.91385e+02 1.99333e+02 2.36767e+02 2.47552e+02 2.56002e+02
2.43357e+01 8.30347e+01 1.65580e+02 2.35441e+02 2.62056e+02 1.90599e+02 1.98620e+02 2.36238e+02 2.47139e+02 2.55729e+02
2.42563e+01 8.26623e+01 1.65008e+02 2.35037e+02 2.61982e+02 1.89858e+02 1.97947e+02 2.35739e+02 2.46750e+02 2.55473e+02
2.41821e+01 8.23186e+01 1.64479e+02 2.34661e+02 2.61913e+02 1.89159e+02 1.97311e+02 2.35270e+02 2.46385e+02 2.55233e+02
2.41128e+01 8.20009e+01 1.63990e+02 2.34310e+02 2.61849e+02 1.88498e+02 1.96711e+02 2.34829e+02 2.46042e+02 2.55007e+02
2.40480e+01 8.17071e+01 1.63537e+02 2.33983e+02 2.61789e+02 1.87874e+02 1.96143e+02 2.34414e+02 2.45719e+02 2.54796e+02
