2.70000000e+02
5.00000000e+01
4.00717520e+01
3.71231460e+01
3.50123980e+01
3.35441110e+01
3.24348630e+01
3.15525610e+01
3.08275090e+01
3.02183330e+01
2.96982450e+01
2.92255080e+01
2.86917360e+01
2.82080410e+01
2.77753990e+01
2.73876280e+01
2.70388090e+01
2.67238370e+01
2.64383940e+01
2.61788350e+01
2.59420750e+01
2.57254950e+01
2.55268560e+01
2.53442350e+01
2.51759740e+01
2.50206310e+01
2.48769510e+01
2.47438320e+01
2.46203070e+01
2.45055190e+01
2.43987080e+01
2.42991970e+01
2.42063810e+01
2.41197170e+01
2.40387170e+01
2.39629380e+01
2.38919830e+01
2.70000000e+02
1.50000000e+02
1.50000000e+02
1.50000000e+02
1.41375818e+02
1.34814368e+02
1.28810402e+02
1.23543595e+02
1.18957076e+02
1.14956568e+02
1.11452240e+02
1.08367161e+02
1.05621671e+02
1.03157980e+02
1.00944907e+02
9.89545130e+01
9.71612670e+01
9.55425270e+01
9.40784610e+01
9.27517620e+01
9.15473320e+01
9.04519740e+01
8.94541280e+01
8.85436430e+01
8.77115860e+01
8.69500720e+01
8.62521290e+01
8.56115760e+01
8.50229230e+01
8.44812830e+01
8.39822980e+01
8.35220710e+01
8.30971170e+01
8.27043070e+01
8.23408320e+01
8.20041630e+01
8.16920200e+01
2.70000000e+02
2.50000000e+02
2.46171370e+02
2.41678734e+02
2.36937804e+02
2.31692984e+02
2.26129736e+02
2.20661953e+02
2.15484804e+02
2.10674618e+02
2.06250488e+02
2.02204029e+02
1.98513871e+02
1.95152095e+02
1.92089098e+02
1.89297046e+02
1.86750581e+02
1.84426669e+02
1.82304396e+02
1.80364795e+02
1.78590700e+02
1.76966595e+02
1.75478476e+02
1.74113714e+02
1.72860924e+02
1.71709848e+02
1.70651239e+02
1.69676765e+02
1.68778910e+02
1.67950893e+02
1.67186593e+02
1.66480477e+02
1.65827547e+02
1.65223276e+02
1.64663566e+02
1.64144701e+02
1.63663309e+02
2.70378860e+02
2.70246085e+02
2.69933253e+02
2.69384779e+02
2.68521689e+02
2.67334316e+02
2.65874261e+02
2.64218268e+02
2.62444339e+02
2.60618539e+02
2.58791210e+02
2.56998154e+02
2.55263443e+02
2.53602264e+02
2.52023295e+02
2.50530579e+02
2.49124997e+02
2.47805344e+02
2.46569078e+02
2.45412823e+02
2.44332720e+02
2.43324656e+02
2.42384426e+02
2.41507847e+02
2.40690830e+02
2.39929431e+02
2.39219881e+02
2.38558604e+02
2.37942227e+02
2.37367582e+02
2.36831705e+02
2.36331828e+02
2.35865372e+02
2.35429942e+02
2.35023311e+02
2.34643416e+02
2.34288343e+02
2.68049688e+02
2.68041923e+02
2.68011780e+02
2.67949889e+02
2.67843561e+02
2.67684704e+02
2.67475826e+02
2.67226775e+02
2.66950039e+02
2.66657559e+02
2.66359178e+02
2.66062307e+02
2.65772173e+02
2.65492256e+02
2.65224718e+02
2.64970753e+02
2.64730876e+02
2.64505139e+02
2.64293289e+02
2.64094877e+02
2.63909336e+02
2.63736027e+02
2.63574278e+02
2.63423408e+02
2.63282739e+02
2.63151614e+02
2.63029398e+02
2.62915487e+02
2.62809307e+02
2.62710318e+02
2.62618013e+02
2.62531917e+02
2.62451588e+02
2.62376614e+02
2.62306610e+02
2.62241222e+02
2.62180120e+02
2.71821101e+02
2.71067533e+02
2.67960307e+02
2.63295515e+02
2.58036668e+02
2.52676094e+02
2.47456316e+02
2.42496215e+02
2.37847991e+02
2.33526939e+02
2.29528173e+02
2.25836238e+02
2.22430346e+02
2.19286975e+02
2.16382837e+02
2.13696337e+02
2.11207736e+02
2.08899127e+02
2.06754353e+02
2.04758894e+02
2.02899730e+02
2.01165201e+02
1.99544860e+02
1.98029345e+02
1.96610251e+02
1.95280021e+02
1.94031848e+02
1.92859580e+02
1.91757650e+02
1.90721006e+02
1.89745048e+02
1.88825583e+02
1.87958776e+02
1.87141111e+02
1.86369359e+02
1.85640549e+02
1.84951938e+02
2.71812275e+02
2.70810999e+02
2.67292326e+02
2.62605617e+02
2.57725594e+02
2.52984012e+02
2.48485908e+02
2.44263978e+02
2.40323501e+02
2.36657301e+02
2.33252033e+02
2.30091408e+02
2.27157646e+02
2.24432053e+02
2.21897181e+02
2.19537374e+02
2.17338421e+02
2.15287359e+02
2.13372383e+02
2.11582750e+02
2.09908703e+02
2.08341375e+02
2.06872708e+02
2.05495371e+02
2.04202688e+02
2.02988569e+02
2.01847448e+02
2.00774235e+02
1.99764262e+02
1.98813241e+02
1.97917231e+02
1.97072599e+02
1.96275994e+02
1.95524318e+02
1.94814707e+02
1.94144504e+02
1.93511246e+02
2.71728362e+02
2.71714491e+02
2.71571288e+02
2.71104170e+02
2.70247131e+02
2.69055993e+02
2.67620933e+02
2.66024055e+02
2.64329949e+02
2.62587168e+02
2.60831694e+02
2.59090001e+02
2.57381372e+02
2.55719566e+02
2.54114035e+02
2.52570958e+02
2.51094072e+02
2.49685286e+02
2.48345128e+02
2.47073090e+02
2.45867895e+02
2.44727707e+02
2.43650297e+02
2.42633172e+02
2.41673676e+02
2.40769068e+02
2.39916580e+02
2.39113462e+02
2.38357016e+02
2.37644617e+02
2.36973735e+02
2.36341941e+02
2.35746916e+02
2.35186456e+02
2.34658471e+02
2.34160985e+02
2.33692133e+02
2.71628007e+02
2.71625836e+02
2.71602591e+02
2.71495110e+02
2.71229756e+02
2.70770246e+02
2.70120839e+02
2.69308386e+02
2.68367420e+02
2.67332273e+02
2.66233753e+02
2.65098071e+02
2.63946766e+02
2.62797054e+02
2.61662330e+02
2.60552726e+02
2.59475667e+02
2.58436395e+02
2.57438410e+02
2.56483835e+02
2.55573720e+02
2.54708285e+02
2.53887121e+02
2.53109345e+02
2.52373734e+02
2.51678818e+02
2.51022965e+02
2.50404445e+02
2.49821471e+02
2.49272243e+02
2.48754974e+02
2.48267909e+02
2.47809344e+02
2.47377633e+02
2.46971198e+02
2.46588533e+02
2.46228205e+02
2.71493337e+02
2.71500030e+02
2.71486062e+02
2.71421951e+02
2.71265385e+02
2.70989135e+02
2.70587662e+02
2.70071475e+02
2.69459553e+02
2.68773706e+02
2.68035222e+02
2.67263176e+02
2.66473777e+02
2.65680266e+02
2.64893128e+02
2.64120420e+02
2.63368141e+02
2.62640607e+02
2.61940777e+02
2.61270534e+02
2.60630917e+02
2.60022313e+02
2.59444610e+02
2.58897318e+02
2.58379673e+02
2.57890710e+02
2.57429331e+02
2.56994348e+02
2.56584523e+02
2.56198598e+02
2.55835319e+02
2.55493446e+02
2.55171773e+02
2.54869132e+02
2.54584401e+02
2.54316507e+02
2.54064429e+02
