2.70000e+02 2.70000e+02 2.70000e+02 2.70067e+02 2.68035e+02 2.70674e+02 2.70777e+02 2.71215e+02 2.71299e+02 2.71290e+02
2.70000e+02 2.70000e+02 2.70000e+02 2.70067e+02 2.68035e+02 2.70674e+02 2.70777e+02 2.71215e+02 2.71299e+02 2.71290e+02
5.00000e+01 1.50000e+02 2.50000e+02 2.69970e+02 2.68029e+02 2.69979e+02 2.69795e+02 2.71205e+02 2.71295e+02 2.71278e+02
4.00609e+01 1.50000e+02 2.46107e+02 2.69676e+02 2.68000e+02 2.66969e+02 2.66284e+02 2.71072e+02 2.71266e+02 2.71260e+02
3.71319e+01 1.50000e+02 2.41596e+02 2.69136e+02 2.67934e+02 2.62375e+02 2.61612e+02 2.70619e+02 2.71139e+02 2.71194e+02
3.50342e+01 1.41361e+02 2.36866e+02 2.68279e+02 2.67818e+02 2.57146e+02 2.56751e+02 2.69776e+02 2.70833e+02 2.71035e+02
3.35729e+01 1.34803e+02 2.31651e+02 2.67095e+02 2.67644e+02 2.51783e+02 2.52029e+02 2.68597e+02 2.70318e+02 2.70755e+02
3.24677e+01 1.28811e+02 2.26131e+02 2.65635e+02 2.67415e+02 2.46545e+02 2.47551e+02 2.67171e+02 2.69606e+02 2.70351e+02
3.15879e+01 1.23562e+02 2.20715e+02 2.63975e+02 2.67141e+02 2.41562e+02 2.43350e+02 2.65579e+02 2.68730e+02 2.69833e+02
3.08646e+01 1.18996e+02 2.15593e+02 2.62193e+02 2.66837e+02 2.36893e+02 2.39434e+02 2.63890e+02 2.67728e+02 2.69222e+02
3.02570e+01 1.15017e+02 2.10838e+02 2.60357e+02 2.66515e+02 2.32560e+02 2.35796e+02 2.62151e+02 2.66636e+02 2.68541e+02
2.97383e+01 1.11533e+02 2.06466e+02 2.58517e+02 2.66186e+02 2.28558e+02 2.32423e+02 2.60400e+02 2.65487e+02 2.67810e+02
2.92784e+01 1.08468e+02 2.02467e+02 2.56710e+02 2.65858e+02 2.24873e+02 2.29299e+02 2.58665e+02 2.64307e+02 2.67050e+02
2.87510e+01 1.05744e+02 1.98820e+02 2.54960e+02 2.65538e+02 2.21484e+02 2.26406e+02 2.56965e+02 2.63119e+02 2.66276e+02
2.82701e+01 1.03300e+02 1.95498e+02 2.53284e+02 2.65229e+02 2.18367e+02 2.23724e+02 2.55315e+02 2.61939e+02 2.65501e+02
2.78399e+01 1.01103e+02 1.92469e+02 2.51691e+02 2.64934e+02 2.15496e+02 2.21236e+02 2.53724e+02 2.60780e+02 2.64736e+02
2.74546e+01 9.91280e+01 1.89708e+02 2.50185e+02 2.64654e+02 2.12849e+02 2.18925e+02 2.52198e+02 2.59653e+02 2.63988e+02
2.71082e+01 9.73480e+01 1.87188e+02 2.48767e+02 2.64389e+02 2.10405e+02 2.16777e+02 2.50742e+02 2.58564e+02 2.63263e+02
2.67957e+01 9.57410e+01 1.84887e+02 2.47437e+02 2.64140e+02 2.08145e+02 2.14779e+02 2.49357e+02 2.57518e+02 2.62565e+02
2.65127e+01 9.42873e+01 1.82785e+02 2.46192e+02 2.63907e+02 2.06051e+02 2.12918e+02 2.48043e+02 2.56518e+02 2.61896e+02
2.62557e+01 9.29699e+01 1.80864e+02 2.45029e+02 2.63688e+02 2.04110e+02 2.11184e+02 2.46800e+02 2.55565e+02 2.61259e+02
2.60215e+01 9.17737e+01 1.79106e+02 2.43944e+02 2.63485e+02 2.02306e+02 2.09565e+02 2.45625e+02 2.54661e+02 2.60653e+02
2.58076e+01 9.06859e+01 1.77497e+02 2.42932e+02 2.63294e+02 2.00629e+02 2.08054e+02 2.44518e+02 2.53805e+02 2.60079e+02
2.56116e+01 8.96950e+01 1.76022e+02 2.41990e+02 2.63117e+02 1.99066e+02 2.06643e+02 2.43475e+02 2.52996e+02 2.59536e+02
2.54317e+01 8.87910e+01 1.74670e+02 2.41114e+02 2.62952e+02 1.97609e+02 2.05322e+02 2.42494e+02 2.52233e+02 2.59025e+02
2.52661e+01 8.79650e+01 1.73429e+02 2.40298e+02 2.62798e+02 1.96249e+02 2.04087e+02 2.41571e+02 2.51514e+02 2.58543e+02
2.51136e+01 8.72093e+01 1.72289e+02 2.39539e+02 2.62655e+02 1.94977e+02 2.02929e+02 2.40705e+02 2.50838e+02 2.58090e+02
2.49727e+01 8.65170e+01 1.71241e+02 2.38834e+02 2.62522e+02 1.93787e+02 2.01845e+02 2.39891e+02 2.50202e+02 2.57664e+02
2.48425e+01 8.58821e+01 1.70278e+02 2.38178e+02 2.62399e+02 1.92673e+02 2.00828e+02 2.39127e+02 2.49605e+02 2.57264e+02
2.47218e+01 8.52990e+01 1.69390e+02 2.37568e+02 2.62284e+02 1.91629e+02 1.99874e+02 2.38410e+02 2.49044e+02 2.56889e+02
2.46100e+01 8.47629e+01 1.68573e+02 2.37001e+02 2.62177e+02 1.90650e+02 1.98978e+02 2.37737e+02 2.48518e+02 2.56537e+02
2.45061e+01 8.42695e+01 1.67819e+02 2.36474e+02 2.62077e+02 1.89730e+02 1.98136e+02 2.37105e+02 2.48024e+02 2.56208e+02
2.44095e+01 8.38150e+01 1.67124e+02 2.35983e+02 2.61985e+02 1.88867e+02 1.97346e+02 2.36513e+02 2.47561e+02 2.55899e+02
2.43197e+01 8.33958e+01 1.66482e+02 2.35526e+02 2.61898e+02 1.88055e+02 1.96602e+02 2.35957e+02 2.47127e+02 2.55610e+02
2.42360e+01 8.30089e+01 1.65888e+02 2.35101e+02 2.61818e+02 1.87292e+02 1.95902e+02 2.35435e+02 2.46720e+02 2.55339e+02
2.41580e+01 8.26514e+01 1.65339e+02 2.34705e+02 2.61744e+02 1.86573e+02 1.95244e+02 2.34945e+02 2.46338e+02 2.55084e+02
2.40852e+01 8.23208e+01 1.64832e+02 2.34337e+02 2.61674e+02 1.85897e+02 1.94624e+02 2.34485e+02 2.45979e+02 2.54846e+02
2.40172e+01 8.20148e+01 1.64361e+02 2.33993e+02 2.61610e+02 1.85259e+02 1.94040e+02 2.34053e+02 2.45643e+02 2.54623e+02
