2.70000e+02 2.70000e+02 2.70000e+02 2.71015e+02 2.68155e+02 2.72534e+02 2.72512e+02 2.72329e+02 2.72126e+02 2.71851e+02
2.70000e+02 2.70000e+02 2.70000e+02 2.71015e+02 2.68155e+02 2.72534e+02 2.72512e+02 2.72329e+02 2.72126e+02 2.71851e+02
5.00000e+01 1.50000e+02 2.50000e+02 2.70776e+02 2.68139e+02 2.71589e+02 2.71455e+02 2.72291e+02 2.72105e+02 2.71842e+02
4.02200e+01 1.50000e+02 2.46299e+02 2.70392e+02 2.68095e+02 2.68020e+02 2.67781e+02 2.72118e+02 2.72053e+02 2.71803e+02
3.73001e+01 1.50000e+02 2.41860e+02 2.69790e+02 2.68023e+02 2.62922e+02 2.62919e+02 2.71613e+02 2.71914e+02 2.71712e+02
3.51834e+01 1.41419e+02 2.37133e+02 2.68882e+02 2.67908e+02 2.57333e+02 2.57882e+02 2.70707e+02 2.71614e+02 2.71527e+02
3.37102e+01 1.34869e+02 2.31886e+02 2.67653e+02 2.67742e+02 2.51731e+02 2.53004e+02 2.69461e+02 2.71117e+02 2.71218e+02
3.25961e+01 1.28868e+02 2.26311e+02 2.66153e+02 2.67526e+02 2.46337e+02 2.48390e+02 2.67970e+02 2.70428e+02 2.70781e+02
3.17085e+01 1.23598e+02 2.20825e+02 2.64460e+02 2.67271e+02 2.41251e+02 2.44067e+02 2.66319e+02 2.69576e+02 2.70227e+02
3.09777e+01 1.19005e+02 2.15625e+02 2.62650e+02 2.66988e+02 2.36510e+02 2.40039e+02 2.64573e+02 2.68595e+02 2.69576e+02
3.03627e+01 1.14996e+02 2.10791e+02 2.60792e+02 2.66690e+02 2.32121e+02 2.36295e+02 2.62783e+02 2.67522e+02 2.68851e+02
2.98368e+01 1.11481e+02 2.06342e+02 2.58934e+02 2.66386e+02 2.28071e+02 2.32822e+02 2.60985e+02 2.66386e+02 2.68073e+02
2.93816e+01 1.08386e+02 2.02271e+02 2.57113e+02 2.66084e+02 2.24339e+02 2.29601e+02 2.59205e+02 2.65216e+02 2.67264e+02
2.88829e+01 1.05639e+02 1.98558e+02 2.55352e+02 2.65790e+02 2.20903e+02 2.26614e+02 2.57462e+02 2.64033e+02 2.66440e+02
2.83955e+01 1.03173e+02 1.95174e+02 2.53668e+02 2.65506e+02 2.17736e+02 2.23842e+02 2.55769e+02 2.62855e+02 2.65613e+02
2.79574e+01 1.00954e+02 1.92091e+02 2.52067e+02 2.65234e+02 2.14814e+02 2.21266e+02 2.54137e+02 2.61694e+02 2.64796e+02
2.75640e+01 9.89562e+01 1.89280e+02 2.50555e+02 2.64977e+02 2.12113e+02 2.18870e+02 2.52571e+02 2.60561e+02 2.63997e+02
2.72098e+01 9.71544e+01 1.86717e+02 2.49133e+02 2.64734e+02 2.09612e+02 2.16639e+02 2.51074e+02 2.59464e+02 2.63220e+02
2.68897e+01 9.55269e+01 1.84377e+02 2.47797e+02 2.64505e+02 2.07295e+02 2.14559e+02 2.49648e+02 2.58407e+02 2.62471e+02
2.65995e+01 9.40541e+01 1.82240e+02 2.46547e+02 2.64291e+02 2.05143e+02 2.12619e+02 2.48294e+02 2.57395e+02 2.61752e+02
2.63355e+01 9.27190e+01 1.80286e+02 2.45379e+02 2.64091e+02 2.03142e+02 2.10807e+02 2.47011e+02 2.56428e+02 2.61065e+02
2.60946e+01 9.15065e+01 1.78499e+02 2.44288e+02 2.63903e+02 2.01280e+02 2.09114e+02 2.45797e+02 2.55508e+02 2.60412e+02
2.58742e+01 9.04036e+01 1.76863e+02 2.43271e+02 2.63728e+02 1.99543e+02 2.07531e+02 2.44650e+02 2.54634e+02 2.59791e+02
2.56721e+01 8.93986e+01 1.75364e+02 2.42322e+02 2.63565e+02 1.97923e+02 2.06048e+02 2.43568e+02 2.53807e+02 2.59204e+02
2.54864e+01 8.84816e+01 1.73989e+02 2.41439e+02 2.63413e+02 1.96408e+02 2.04660e+02 2.42548e+02 2.53026e+02 2.58648e+02
2.53152e+01 8.76435e+01 1.72728e+02 2.40616e+02 2.63271e+02 1.94991e+02 2.03358e+02 2.41588e+02 2.52287e+02 2.58124e+02
2.51573e+01 8.68764e+01 1.71569e+02 2.39850e+02 2.63139e+02 1.93664e+02 2.02136e+02 2.40683e+02 2.51592e+02 2.57630e+02
2.50112e+01 8.61734e+01 1.70503e+02 2.39136e+02 2.63016e+02 1.92419e+02 2.00989e+02 2.39833e+02 2.50936e+02 2.57165e+02
2.48760e+01 8.55283e+01 1.69522e+02 2.38472e+02 2.62902e+02 1.91252e+02 1.99912e+02 2.39032e+02 2.50319e+02 2.56727e+02
2.47505e+01 8.49356e+01 1.68619e+02 2.37853e+02 2.62795e+02 1.90156e+02 1.98899e+02 2.38280e+02 2.49738e+02 2.56316e+02
2.46340e+01 8.43904e+01 1.67786e+02 2.37277e+02 2.62696e+02 1.89125e+02 1.97946e+02 2.37572e+02 2.49192e+02 2.55929e+02
2.45257e+01 8.38882e+01 1.67017e+02 2.36740e+02 2.62603e+02 1.88156e+02 1.97050e+02 2.36907e+02 2.48679e+02 2.55566e+02
2.44248e+01 8.34252e+01 1.66308e+02 2.36240e+02 2.62517e+02 1.87244e+02 1.96206e+02 2.36281e+02 2.48197e+02 2.55225e+02
2.43308e+01 8.29979e+01 1.65652e+02 2.35774e+02 2.62437e+02 1.86385e+02 1.95411e+02 2.35693e+02 2.47743e+02 2.54905e+02
2.42430e+01 8.26031e+01 1.65045e+02 2.35340e+02 2.62362e+02 1.85576e+02 1.94661e+02 2.35139e+02 2.47317e+02 2.54604e+02
2.41611e+01 8.22379e+01 1.64484e+02 2.34934e+02 2.62292e+02 1.84812e+02 1.93954e+02 2.34619e+02 2.46917e+02 2.54322e+02
2.40845e+01 8.18999e+01 1.63964e+02 2.34556e+02 2.62227e+02 1.84092e+02 1.93287e+02 2.34129e+02 2.46540e+02 2.54057e+02
2.40129e+01 8.15867e+01 1.63482e+02 2.34203e+02 2.62166e+02 1.83412e+02 1.92658e+02 2.33668e+02 2.46186e+02 2.53808e+02
