2.70000000e+02
5.00000000e+01
4.02987830e+01
3.73959610e+01
3.52677950e+01
3.37839870e+01
3.26625080e+01
3.17701120e+01
3.10364870e+01
3.04198970e+01
2.98933000e+01
2.94380020e+01
2.89549880e+01
2.84693050e+01
2.80321210e+01
2.76392540e+01
2.72851560e+01
2.69648090e+01
2.66739140e+01
2.64088220e+01
2.61664440e+01
2.59441550e+01
2.57397180e+01
2.55512140e+01
2.53769910e+01
2.52156190e+01
2.50658530e+01
2.49266070e+01
2.47969250e+01
2.46759650e+01
2.45629820e+01
2.44573100e+01
2.43583580e+01
2.42655940e+01
2.41785410e+01
2.40967670e+01
2.40198840e+01
2.70000000e+02
1.50000000e+02
1.50000000e+02
1.50000000e+02
1.41532421e+02
1.35027321e+02
1.29051966e+02
1.23797630e+02
1.19214836e+02
1.15212512e+02
1.11702441e+02
1.08609174e+02
1.05865053e+02
1.03400863e+02
1.01180999e+02
9.91797140e+01
9.73729050e+01
9.57387540e+01
9.42579440e+01
9.29135230e+01
9.16906460e+01
9.05763090e+01
8.95591020e+01
8.86289940e+01
8.77771470e+01
8.69957520e+01
8.62779000e+01
8.56174600e+01
8.50089850e+01
8.44476220e+01
8.39290390e+01
8.34493640e+01
8.30051310e+01
8.25932280e+01
8.22108590e+01
8.18555090e+01
8.15249080e+01
2.70000000e+02
2.50000000e+02
2.46324997e+02
2.41915389e+02
2.37222235e+02
2.32018353e+02
2.26483291e+02
2.21029499e+02
2.15855457e+02
2.11039704e+02
2.06602856e+02
2.02537712e+02
1.98824141e+02
1.95435921e+02
1.92344214e+02
1.89521264e+02
1.86941880e+02
1.84583347e+02
1.82425120e+02
1.80448589e+02
1.78636900e+02
1.76974800e+02
1.75448501e+02
1.74045543e+02
1.72754675e+02
1.71565739e+02
1.70469566e+02
1.69457878e+02
1.68523201e+02
1.67658783e+02
1.66858523e+02
1.66116906e+02
1.65428940e+02
1.64790109e+02
1.64196318e+02
1.63643858e+02
1.63129363e+02
2.71101708e+02
2.70884166e+02
2.70502021e+02
2.69894596e+02
2.68979094e+02
2.67742262e+02
2.66232956e+02
2.64526218e+02
2.62699229e+02
2.60817878e+02
2.58932731e+02
2.57080021e+02
2.55284336e+02
2.53561420e+02
2.51920490e+02
2.50366060e+02
2.48899359e+02
2.47519421e+02
2.46223859e+02
2.45009394e+02
2.43872214e+02
2.42808223e+02
2.41813211e+02
2.40882971e+02
2.40013381e+02
2.39200459e+02
2.38440395e+02
2.37729575e+02
2.37064589e+02
2.36442238e+02
2.35859528e+02
2.35313670e+02
2.34802067e+02
2.34322310e+02
2.33872162e+02
2.33449555e+02
2.33052570e+02
2.68223512e+02
2.68207122e+02
2.68160729e+02
2.68080482e+02
2.67952809e+02
2.67768435e+02
2.67529691e+02
2.67247033e+02
2.66933923e+02
2.66603319e+02
2.66265969e+02
2.65930009e+02
2.65601218e+02
2.65283480e+02
2.64979241e+02
2.64689891e+02
2.64416059e+02
2.64157850e+02
2.63915020e+02
2.63687099e+02
2.63473476e+02
2.63273457e+02
2.63086307e+02
2.62911274e+02
2.62747615e+02
2.62594599e+02
2.62451526e+02
2.62317725e+02
2.62192563e+02
2.62075440e+02
2.61965797e+02
2.61863108e+02
2.61766886e+02
2.61676677e+02
2.61592057e+02
2.61512637e+02
2.61438054e+02
2.72438266e+02
2.71441133e+02
2.67764977e+02
2.62547534e+02
2.56854315e+02
2.51174630e+02
2.45729355e+02
2.40615879e+02
2.35868344e+02
2.31487531e+02
2.27457070e+02
2.23752500e+02
2.20346282e+02
2.17209861e+02
2.14315594e+02
2.11638689e+02
2.09157267e+02
2.06852032e+02
2.04705997e+02
2.02704222e+02
2.00833566e+02
1.99082459e+02
1.97440696e+02
1.95899252e+02
1.94450119e+02
1.93086163e+02
1.91801011e+02
1.90588941e+02
1.89444798e+02
1.88363918e+02
1.87342065e+02
1.86375381e+02
1.85460334e+02
1.84593685e+02
1.83772453e+02
1.82993889e+02
1.82255446e+02
2.72463275e+02
2.71348667e+02
2.67569304e+02
2.62596982e+02
2.57463384e+02
2.52509137e+02
2.47835658e+02
2.43469749e+02
2.39410559e+02
2.35645172e+02
2.32155184e+02
2.28920065e+02
2.25918934e+02
2.23130793e+02
2.20535694e+02
2.18116163e+02
2.15856852e+02
2.13744102e+02
2.11765706e+02
2.09910743e+02
2.08169430e+02
2.06532989e+02
2.04993525e+02
2.03543925e+02
2.02177754e+02
2.00889181e+02
1.99672902e+02
1.98524081e+02
1.97438292e+02
1.96411481e+02
1.95439915e+02
1.94520156e+02
1.93649029e+02
1.92823592e+02
1.92041119e+02
1.91299076e+02
1.90595105e+02
2.72537616e+02
2.72452057e+02
2.72228326e+02
2.71662347e+02
2.70682829e+02
2.69347178e+02
2.67748895e+02
2.65973585e+02
2.64089278e+02
2.62147776e+02
2.60187967e+02
2.58238793e+02
2.56321545e+02
2.54451578e+02
2.52639577e+02
2.50892585e+02
2.49214914e+02
2.47608844e+02
2.46075136e+02
2.44613421e+02
2.43222498e+02
2.41900562e+02
2.40645388e+02
2.39454472e+02
2.38325137e+02
2.37254617e+02
2.36240115e+02
2.35278852e+02
2.34368103e+02
2.33505214e+02
2.32687626e+02
2.31912879e+02
2.31178624e+02
2.30482624e+02
2.29822754e+02
2.29196998e+02
2.28603453e+02
2.72367739e+02
2.72299218e+02
2.72192445e+02
2.72004305e+02
2.71652962e+02
2.71096279e+02
2.70337111e+02
2.69403601e+02
2.68332748e+02
2.67161628e+02
2.65923600e+02
2.64647015e+02
2.63355079e+02
2.62066233e+02
2.60794728e+02
2.59551234e+02
2.58343469e+02
2.57176783e+02
2.56054657e+02
2.54979121e+02
2.53951093e+02
2.52970643e+02
2.52037209e+02
2.51149767e+02
2.50306964e+02
2.49507223e+02
2.48748818e+02
2.48029942e+02
2.47348750e+02
2.46703395e+02
2.46092057e+02
2.45512954e+02
2.44964363e+02
2.44444628e+02
2.43952160e+02
2.43485446e+02
2.43043047e+02
2.72088464e+02
2.71988360e+02
2.71905199e+02
2.71786251e+02
2.71583291e+02
2.71267924e+02
2.70835057e+02
2.70295693e+02
2.69668883e+02
2.68976087e+02
2.68237947e+02
2.67472702e+02
2.66695619e+02
2.65918971e+02
2.65152289e+02
2.64402718e+02
2.63675418e+02
2.62973943e+02
2.62300582e+02
2.61656640e+02
2.61042674e+02
2.60458680e+02
2.59904234e+02
2.59378615e+02
2.58880889e+02
2.58409983e+02
2.57964735e+02
2.57543935e+02
2.57146359e+02
2.56770789e+02
2.56416027e+02
2.56080914e+02
2.55764329e+02
2.55465201e+02
2.55182511e+02
2.54915289e+02
2.54662621e+02
