2.70000e+02 2.70000e+02 2.70000e+02 2.69710e+02 2.67966e+02 2.70009e+02 2.70093e+02 2.70451e+02 2.70707e+02 2.70995e+02
2.70000e+02 2.70000e+02 2.70000e+02 2.69710e+02 2.67966e+02 2.70009e+02 2.70093e+02 2.70451e+02 2.70707e+02 2.70995e+02
5.00000e+01 1.50000e+02 2.50000e+02 2.69620e+02 2.67961e+02 2.69129e+02 2.69096e+02 2.70485e+02 2.70737e+02 2.71022e+02
4.03828e+01 1.50000e+02 2.46029e+02 2.69347e+02 2.67935e+02 2.65603e+02 2.65435e+02 2.70388e+02 2.70757e+02 2.71030e+02
3.74783e+01 1.50000e+02 2.41477e+02 2.68832e+02 2.67875e+02 2.60545e+02 2.60589e+02 2.69950e+02 2.70685e+02 2.70984e+02
3.53298e+01 1.41477e+02 2.36715e+02 2.67995e+02 2.67765e+02 2.55001e+02 2.55582e+02 2.69097e+02 2.70441e+02 2.70839e+02
3.38304e+01 1.34900e+02 2.31461e+02 2.66826e+02 2.67597e+02 2.49448e+02 2.50745e+02 2.67887e+02 2.69983e+02 2.70568e+02
3.26973e+01 1.28864e+02 2.25890e+02 2.65378e+02 2.67373e+02 2.44107e+02 2.46175e+02 2.66409e+02 2.69316e+02 2.70170e+02
3.17965e+01 1.23564e+02 2.20413e+02 2.63729e+02 2.67105e+02 2.39078e+02 2.41898e+02 2.64750e+02 2.68469e+02 2.69658e+02
3.10569e+01 1.18946e+02 2.15223e+02 2.61958e+02 2.66807e+02 2.34396e+02 2.37916e+02 2.62977e+02 2.67479e+02 2.69052e+02
3.04363e+01 1.14917e+02 2.10398e+02 2.60131e+02 2.66490e+02 2.30067e+02 2.34216e+02 2.61142e+02 2.66384e+02 2.68377e+02
2.99073e+01 1.11387e+02 2.05957e+02 2.58301e+02 2.66167e+02 2.26077e+02 2.30782e+02 2.59283e+02 2.65217e+02 2.67654e+02
2.94506e+01 1.08280e+02 2.01895e+02 2.56503e+02 2.65845e+02 2.22402e+02 2.27594e+02 2.57429e+02 2.64009e+02 2.66903e+02
2.89773e+01 1.05529e+02 1.98189e+02 2.54762e+02 2.65530e+02 2.19018e+02 2.24634e+02 2.55602e+02 2.62781e+02 2.66139e+02
2.84928e+01 1.03064e+02 1.94814e+02 2.53094e+02 2.65226e+02 2.15898e+02 2.21881e+02 2.53817e+02 2.61554e+02 2.65375e+02
2.80565e+01 1.00846e+02 1.91741e+02 2.51507e+02 2.64935e+02 2.13015e+02 2.19316e+02 2.52086e+02 2.60341e+02 2.64621e+02
2.76648e+01 9.88495e+01 1.88940e+02 2.50005e+02 2.64659e+02 2.10346e+02 2.16923e+02 2.50415e+02 2.59152e+02 2.63885e+02
2.73121e+01 9.70500e+01 1.86386e+02 2.48591e+02 2.64397e+02 2.07870e+02 2.14687e+02 2.48808e+02 2.57997e+02 2.63170e+02
2.69932e+01 9.54254e+01 1.84055e+02 2.47261e+02 2.64151e+02 2.05568e+02 2.12594e+02 2.47270e+02 2.56880e+02 2.62482e+02
2.67038e+01 9.39557e+01 1.81926e+02 2.46015e+02 2.63920e+02 2.03423e+02 2.10634e+02 2.45799e+02 2.55805e+02 2.61821e+02
2.64403e+01 9.26238e+01 1.79980e+02 2.44848e+02 2.63704e+02 2.01422e+02 2.08796e+02 2.44397e+02 2.54774e+02 2.61190e+02
2.61995e+01 9.14143e+01 1.78201e+02 2.43756e+02 2.63501e+02 1.99551e+02 2.07069e+02 2.43061e+02 2.53787e+02 2.60588e+02
2.59787e+01 9.03141e+01 1.76571e+02 2.42736e+02 2.63311e+02 1.97799e+02 2.05445e+02 2.41791e+02 2.52846e+02 2.60016e+02
2.57758e+01 8.93115e+01 1.75077e+02 2.41783e+02 2.63134e+02 1.96156e+02 2.03917e+02 2.40584e+02 2.51949e+02 2.59473e+02
2.55887e+01 8.83962e+01 1.73706e+02 2.40893e+02 2.62968e+02 1.94613e+02 2.02478e+02 2.39439e+02 2.51096e+02 2.58958e+02
2.54159e+01 8.75592e+01 1.72447e+02 2.40061e+02 2.62813e+02 1.93161e+02 2.01121e+02 2.38351e+02 2.50285e+02 2.58471e+02
2.52558e+01 8.67926e+01 1.71289e+02 2.39284e+02 2.62669e+02 1.91794e+02 1.99840e+02 2.37320e+02 2.49516e+02 2.58010e+02
2.51072e+01 8.60893e+01 1.70223e+02 2.38558e+02 2.62534e+02 1.90506e+02 1.98631e+02 2.36342e+02 2.48785e+02 2.57574e+02
2.49691e+01 8.54432e+01 1.69241e+02 2.37880e+02 2.62407e+02 1.89291e+02 1.97487e+02 2.35414e+02 2.48092e+02 2.57162e+02
2.48405e+01 8.48486e+01 1.68335e+02 2.37245e+02 2.62289e+02 1.88142e+02 1.96406e+02 2.34534e+02 2.47434e+02 2.56773e+02
2.47206e+01 8.43007e+01 1.67497e+02 2.36652e+02 2.62179e+02 1.87057e+02 1.95383e+02 2.33700e+02 2.46811e+02 2.56405e+02
2.46085e+01 8.37951e+01 1.66723e+02 2.36096e+02 2.62075e+02 1.86030e+02 1.94414e+02 2.32909e+02 2.46220e+02 2.56057e+02
2.45036e+01 8.33279e+01 1.66007e+02 2.35575e+02 2.61979e+02 1.85059e+02 1.93496e+02 2.32158e+02 2.45659e+02 2.55728e+02
2.44054e+01 8.28956e+01 1.65342e+02 2.35088e+02 2.61888e+02 1.84138e+02 1.92626e+02 2.31446e+02 2.45127e+02 2.55418e+02
2.43133e+01 8.24951e+01 1.64726e+02 2.34630e+02 2.61803e+02 1.83265e+02 1.91801e+02 2.30770e+02 2.44623e+02 2.55124e+02
2.42268e+01 8.21236e+01 1.64154e+02 2.34201e+02 2.61723e+02 1.82437e+02 1.91017e+02 2.30128e+02 2.44145e+02 2.54846e+02
2.41455e+01 8.17785e+01 1.63622e+02 2.33798e+02 2.61648e+02 1.81651e+02 1.90274e+02 2.29519e+02 2.43691e+02 2.54583e+02
2.40691e+01 8.14576e+01 1.63126e+02 2.33419e+02 2.61578e+02 1.80906e+02 1.89567e+02 2.28940e+02 2.43260e+02 2.54334e+02
