2.70000e+02 2.70000e+02 2.70000e+02 2.70623e+02 2.67626e+02 2.74452e+02 2.74196e+02 2.72976e+02 2.72463e+02 2.72027e+02
2.70000e+02 2.70000e+02 2.70000e+02 2.70623e+02 2.67626e+02 2.74452e+02 2.74196e+02 2.72976e+02 2.72463e+02 2.72027e+02
5.00000e+01 1.50000e+02 2.50000e+02 2.70554e+02 2.67625e+02 2.73441e+02 2.73066e+02 2.72923e+02 2.72430e+02 2.71986e+02
4.03573e+01 1.50000e+02 2.46254e+02 2.70276e+02 2.67624e+02 2.69955e+02 2.69463e+02 2.72743e+02 2.72372e+02 2.71947e+02
3.74793e+01 1.50000e+02 2.41836e+02 2.69748e+02 2.67619e+02 2.65062e+02 2.64791e+02 2.72244e+02 2.72235e+02 2.71865e+02
3.53568e+01 1.41650e+02 2.37166e+02 2.68897e+02 2.67612e+02 2.59723e+02 2.59986e+02 2.71363e+02 2.71942e+02 2.71692e+02
3.38768e+01 1.35193e+02 2.32005e+02 2.67716e+02 2.67601e+02 2.54374e+02 2.55342e+02 2.70156e+02 2.71456e+02 2.71400e+02
3.27588e+01 1.29248e+02 2.26518e+02 2.66260e+02 2.67586e+02 2.49218e+02 2.50946e+02 2.68710e+02 2.70781e+02 2.70981e+02
3.18700e+01 1.24015e+02 2.21109e+02 2.64606e+02 2.67568e+02 2.44352e+02 2.46823e+02 2.67105e+02 2.69943e+02 2.70448e+02
3.11401e+01 1.19448e+02 2.15977e+02 2.62834e+02 2.67548e+02 2.39813e+02 2.42975e+02 2.65404e+02 2.68977e+02 2.69819e+02
3.05275e+01 1.15460e+02 2.11202e+02 2.61010e+02 2.67527e+02 2.35607e+02 2.39393e+02 2.63656e+02 2.67918e+02 2.69117e+02
3.00051e+01 1.11964e+02 2.06805e+02 2.59185e+02 2.67506e+02 2.31724e+02 2.36064e+02 2.61895e+02 2.66797e+02 2.68365e+02
2.95540e+01 1.08885e+02 2.02780e+02 2.57396e+02 2.67485e+02 2.28145e+02 2.32973e+02 2.60149e+02 2.65640e+02 2.67580e+02
2.91091e+01 1.06160e+02 1.99107e+02 2.55667e+02 2.67465e+02 2.24848e+02 2.30102e+02 2.58435e+02 2.64470e+02 2.66780e+02
2.86329e+01 1.03718e+02 1.95762e+02 2.54012e+02 2.67445e+02 2.21808e+02 2.27433e+02 2.56769e+02 2.63303e+02 2.65978e+02
2.82030e+01 1.01520e+02 1.92715e+02 2.52440e+02 2.67426e+02 2.19000e+02 2.24950e+02 2.55160e+02 2.62153e+02 2.65184e+02
2.78169e+01 9.95407e+01 1.89939e+02 2.50955e+02 2.67408e+02 2.16403e+02 2.22637e+02 2.53614e+02 2.61030e+02 2.64406e+02
2.74694e+01 9.77559e+01 1.87407e+02 2.49559e+02 2.67391e+02 2.13997e+02 2.20479e+02 2.52135e+02 2.59942e+02 2.63651e+02
2.71555e+01 9.61443e+01 1.85097e+02 2.48249e+02 2.67376e+02 2.11763e+02 2.18465e+02 2.50724e+02 2.58893e+02 2.62922e+02
2.68711e+01 9.46864e+01 1.82989e+02 2.47022e+02 2.67361e+02 2.09686e+02 2.16582e+02 2.49383e+02 2.57888e+02 2.62223e+02
2.66124e+01 9.33653e+01 1.81062e+02 2.45877e+02 2.67347e+02 2.07752e+02 2.14821e+02 2.48111e+02 2.56928e+02 2.61554e+02
2.63763e+01 9.21660e+01 1.79301e+02 2.44807e+02 2.67334e+02 2.05948e+02 2.13171e+02 2.46906e+02 2.56014e+02 2.60917e+02
2.61604e+01 9.10755e+01 1.77689e+02 2.43810e+02 2.67322e+02 2.04263e+02 2.11626e+02 2.45767e+02 2.55145e+02 2.60312e+02
2.59622e+01 9.00824e+01 1.76212e+02 2.42881e+02 2.67310e+02 2.02687e+02 2.10176e+02 2.44691e+02 2.54323e+02 2.59740e+02
2.57800e+01 8.91763e+01 1.74859e+02 2.42015e+02 2.67300e+02 2.01212e+02 2.08815e+02 2.43676e+02 2.53544e+02 2.59198e+02
2.56121e+01 8.83486e+01 1.73617e+02 2.41209e+02 2.67290e+02 1.99828e+02 2.07537e+02 2.42719e+02 2.52809e+02 2.58686e+02
2.54570e+01 8.75912e+01 1.72476e+02 2.40458e+02 2.67281e+02 1.98530e+02 2.06336e+02 2.41816e+02 2.52115e+02 2.58204e+02
2.53135e+01 8.68973e+01 1.71428e+02 2.39759e+02 2.67272e+02 1.97310e+02 2.05205e+02 2.40967e+02 2.51461e+02 2.57749e+02
2.51805e+01 8.62606e+01 1.70464e+02 2.39108e+02 2.67265e+02 1.96164e+02 2.04142e+02 2.40167e+02 2.50845e+02 2.57321e+02
2.50570e+01 8.56757e+01 1.69575e+02 2.38502e+02 2.67257e+02 1.95085e+02 2.03140e+02 2.39413e+02 2.50265e+02 2.56919e+02
2.49422e+01 8.51377e+01 1.68757e+02 2.37937e+02 2.67250e+02 1.94069e+02 2.02197e+02 2.38704e+02 2.49719e+02 2.56540e+02
2.48354e+01 8.46422e+01 1.68001e+02 2.37411e+02 2.67244e+02 1.93112e+02 2.01307e+02 2.38037e+02 2.49205e+02 2.56185e+02
2.47358e+01 8.41853e+01 1.67304e+02 2.36920e+02 2.67238e+02 1.92210e+02 2.00468e+02 2.37409e+02 2.48722e+02 2.55850e+02
2.46429e+01 8.37636e+01 1.66659e+02 2.36462e+02 2.67232e+02 1.91359e+02 1.99677e+02 2.36817e+02 2.48268e+02 2.55536e+02
2.45561e+01 8.33739e+01 1.66063e+02 2.36036e+02 2.67227e+02 1.90555e+02 1.98930e+02 2.36260e+02 2.47840e+02 2.55241e+02
2.44749e+01 8.30134e+01 1.65511e+02 2.35637e+02 2.67222e+02 1.89797e+02 1.98225e+02 2.35736e+02 2.47438e+02 2.54963e+02
2.43990e+01 8.26796e+01 1.65000e+02 2.35265e+02 2.67218e+02 1.89080e+02 1.97559e+02 2.35243e+02 2.47060e+02 2.54703e+02
2.43279e+01 8.23702e+01 1.64526e+02 2.34918e+02 2.67214e+02 1.88403e+02 1.96929e+02 2.34778e+02 2.46704e+02 2.54458e+02
