2.70000e+02 2.70000e+02 2.70000e+02 2.69160e+02 2.67867e+02 2.68643e+02 2.68865e+02 2.69964e+02 2.70330e+02 2.70620e+02
2.70000e+02 2.70000e+02 2.70000e+02 2.69160e+02 2.67867e+02 2.68643e+02 2.68865e+02 2.69964e+02 2.70330e+02 2.70620e+02
5.00000e+01 1.50000e+02 2.50000e+02 2.69177e+02 2.67873e+02 2.67991e+02 2.67887e+02 2.69994e+02 2.70367e+02 2.70655e+02
4.02736e+01 1.50000e+02 2.45734e+02 2.68960e+02 2.67859e+02 2.65031e+02 2.64255e+02 2.69885e+02 2.70385e+02 2.70677e+02
3.73695e+01 1.50000e+02 2.41286e+02 2.68480e+02 2.67807e+02 2.60526e+02 2.59489e+02 2.69425e+02 2.70296e+02 2.70642e+02
3.52376e+01 1.41347e+02 2.36501e+02 2.67669e+02 2.67703e+02 2.55435e+02 2.54617e+02 2.68556e+02 2.70018e+02 2.70505e+02
3.37499e+01 1.34725e+02 2.31223e+02 2.66518e+02 2.67539e+02 2.50249e+02 2.49956e+02 2.67352e+02 2.69525e+02 2.70238e+02
3.26268e+01 1.28676e+02 2.25643e+02 2.65082e+02 2.67318e+02 2.45211e+02 2.45588e+02 2.65914e+02 2.68831e+02 2.69836e+02
3.17357e+01 1.23382e+02 2.20171e+02 2.63440e+02 2.67052e+02 2.40439e+02 2.41529e+02 2.64326e+02 2.67973e+02 2.69315e+02
3.10062e+01 1.18780e+02 2.14996e+02 2.61672e+02 2.66754e+02 2.35986e+02 2.37774e+02 2.62653e+02 2.66989e+02 2.68695e+02
3.03959e+01 1.14771e+02 2.10190e+02 2.59847e+02 2.66437e+02 2.31866e+02 2.34305e+02 2.60942e+02 2.65917e+02 2.68000e+02
2.98772e+01 1.11264e+02 2.05771e+02 2.58017e+02 2.66114e+02 2.28071e+02 2.31104e+02 2.59227e+02 2.64787e+02 2.67254e+02
2.94309e+01 1.08180e+02 2.01729e+02 2.56219e+02 2.65791e+02 2.24584e+02 2.28147e+02 2.57532e+02 2.63628e+02 2.66475e+02
2.89666e+01 1.05451e+02 1.98043e+02 2.54479e+02 2.65476e+02 2.21382e+02 2.25414e+02 2.55876e+02 2.62459e+02 2.65680e+02
2.84955e+01 1.03007e+02 1.94686e+02 2.52814e+02 2.65171e+02 2.18437e+02 2.22883e+02 2.54270e+02 2.61297e+02 2.64884e+02
2.80728e+01 1.00809e+02 1.91629e+02 2.51232e+02 2.64880e+02 2.15726e+02 2.20535e+02 2.52722e+02 2.60156e+02 2.64096e+02
2.76945e+01 9.88321e+01 1.88843e+02 2.49737e+02 2.64604e+02 2.13224e+02 2.18352e+02 2.51238e+02 2.59044e+02 2.63325e+02
2.73548e+01 9.70512e+01 1.86303e+02 2.48332e+02 2.64344e+02 2.10911e+02 2.16319e+02 2.49821e+02 2.57969e+02 2.62577e+02
2.70487e+01 9.54440e+01 1.83986e+02 2.47014e+02 2.64099e+02 2.08766e+02 2.14423e+02 2.48471e+02 2.56934e+02 2.61855e+02
2.67717e+01 9.39910e+01 1.81871e+02 2.45782e+02 2.63870e+02 2.06774e+02 2.12651e+02 2.47189e+02 2.55944e+02 2.61163e+02
2.65201e+01 9.26751e+01 1.79939e+02 2.44631e+02 2.63656e+02 2.04919e+02 2.10993e+02 2.45973e+02 2.54999e+02 2.60501e+02
2.62909e+01 9.14812e+01 1.78173e+02 2.43557e+02 2.63456e+02 2.03190e+02 2.09440e+02 2.44822e+02 2.54099e+02 2.59872e+02
2.60813e+01 9.03961e+01 1.76558e+02 2.42557e+02 2.63269e+02 2.01573e+02 2.07983e+02 2.43733e+02 2.53246e+02 2.59274e+02
2.58892e+01 8.94083e+01 1.75079e+02 2.41625e+02 2.63095e+02 2.00060e+02 2.06614e+02 2.42706e+02 2.52438e+02 2.58708e+02
2.57125e+01 8.85077e+01 1.73724e+02 2.40758e+02 2.62933e+02 1.98641e+02 2.05327e+02 2.41735e+02 2.51673e+02 2.58173e+02
2.55498e+01 8.76853e+01 1.72482e+02 2.39951e+02 2.62782e+02 1.97309e+02 2.04116e+02 2.40820e+02 2.50951e+02 2.57668e+02
2.53994e+01 8.69332e+01 1.71341e+02 2.39201e+02 2.62642e+02 1.96056e+02 2.02975e+02 2.39957e+02 2.50270e+02 2.57191e+02
2.52603e+01 8.62445e+01 1.70293e+02 2.38502e+02 2.62511e+02 1.94877e+02 2.01899e+02 2.39143e+02 2.49627e+02 2.56742e+02
2.51312e+01 8.56130e+01 1.69330e+02 2.37852e+02 2.62390e+02 1.93766e+02 2.00883e+02 2.38376e+02 2.49021e+02 2.56319e+02
2.50114e+01 8.50331e+01 1.68444e+02 2.37246e+02 2.62276e+02 1.92717e+02 1.99924e+02 2.37653e+02 2.48451e+02 2.55921e+02
2.48998e+01 8.44999e+01 1.67627e+02 2.36682e+02 2.62171e+02 1.91726e+02 1.99017e+02 2.36972e+02 2.47913e+02 2.55547e+02
2.47959e+01 8.40090e+01 1.66874e+02 2.36157e+02 2.62073e+02 1.90790e+02 1.98160e+02 2.36329e+02 2.47406e+02 2.55195e+02
2.46989e+01 8.35567e+01 1.66179e+02 2.35668e+02 2.61981e+02 1.89905e+02 1.97349e+02 2.35723e+02 2.46929e+02 2.54863e+02
2.46083e+01 8.31392e+01 1.65537e+02 2.35211e+02 2.61896e+02 1.89066e+02 1.96581e+02 2.35152e+02 2.46480e+02 2.54552e+02
2.45235e+01 8.27536e+01 1.64943e+02 2.34785e+02 2.61816e+02 1.88272e+02 1.95853e+02 2.34613e+02 2.46057e+02 2.54259e+02
2.44441e+01 8.23969e+01 1.64394e+02 2.34388e+02 2.61742e+02 1.87519e+02 1.95164e+02 2.34104e+02 2.45658e+02 2.53983e+02
2.43696e+01 8.20667e+01 1.63885e+02 2.34017e+02 2.61673e+02 1.86806e+02 1.94510e+02 2.33624e+02 2.45282e+02 2.53723e+02
2.42997e+01 8.17606e+01 1.63414e+02 2.33670e+02 2.61608e+02 1.86128e+02 1.93889e+02 2.33171e+02 2.44928e+02 2.53479e+02
