2.70000000e+02
5.00000000e+01
4.02844080e+01
3.74017120e+01
3.52889150e+01
3.38131150e+01
3.26951470e+01
3.18036710e+01
3.10695310e+01
3.04516590e+01
2.99233990e+01
2.94662900e+01
2.89962820e+01
2.85094330e+01
2.80703400e+01
2.76756890e+01
2.73201060e+01
2.69986420e+01
2.67070280e+01
2.64416280e+01
2.61993530e+01
2.59775690e+01
2.57740240e+01
2.55867810e+01
2.54141640e+01
2.52547180e+01
2.51071730e+01
2.49704160e+01
2.48434630e+01
2.47254480e+01
2.46155970e+01
2.45132240e+01
2.44177110e+01
2.43285050e+01
2.42451080e+01
2.41670700e+01
2.40939820e+01
2.70000000e+02
1.50000000e+02
1.50000000e+02
1.50000000e+02
1.41611283e+02
1.35175157e+02
1.29245955e+02
1.24018206e+02
1.19449542e+02
1.15453181e+02
1.11943647e+02
1.08847323e+02
1.06099383e+02
1.03631042e+02
1.01405161e+02
9.93968710e+01
9.75827470e+01
9.59414030e+01
9.44538130e+01
9.31032220e+01
9.18749260e+01
9.07560170e+01
8.97351470e+01
8.88023220e+01
8.79487220e+01
8.71665400e+01
8.64488580e+01
8.57895230e+01
8.51830610e+01
8.46245810e+01
8.41097150e+01
8.36345460e+01
8.31955600e+01
8.27895990e+01
8.24138150e+01
8.20656430e+01
8.17427630e+01
2.70000000e+02
2.50000000e+02
2.46522456e+02
2.42222193e+02
2.37594979e+02
2.32445662e+02
2.26947576e+02
2.21513416e+02
2.16346815e+02
2.11530067e+02
2.07086545e+02
2.03011100e+02
1.99285127e+02
1.95883659e+02
1.92778727e+02
1.89943041e+02
1.87351727e+02
1.84982320e+02
1.82814466e+02
1.80829701e+02
1.79011275e+02
1.77344008e+02
1.75814152e+02
1.74409268e+02
1.73118104e+02
1.71930489e+02
1.70837223e+02
1.69829986e+02
1.68901253e+02
1.68044212e+02
1.67252694e+02
1.66521108e+02
1.65844386e+02
1.65217928e+02
1.64637558e+02
1.64099477e+02
1.63600234e+02
2.71970068e+02
2.71705661e+02
2.71283910e+02
2.70638695e+02
2.69687033e+02
2.68415250e+02
2.66872257e+02
2.65133514e+02
2.63276758e+02
2.61368398e+02
2.59459358e+02
2.57586056e+02
2.55773117e+02
2.54036244e+02
2.52384546e+02
2.50822410e+02
2.49350927e+02
2.47968982e+02
2.46674048e+02
2.45462709e+02
2.44331028e+02
2.43274790e+02
2.42289667e+02
2.41371336e+02
2.40515562e+02
2.39718242e+02
2.38975448e+02
2.38283443e+02
2.37638694e+02
2.37037878e+02
2.36477877e+02
2.35955777e+02
2.35468860e+02
2.35014595e+02
2.34590632e+02
2.34194787e+02
2.33825037e+02
2.68373434e+02
2.68353133e+02
2.68300444e+02
2.68214365e+02
2.68081828e+02
2.67893584e+02
2.67651771e+02
2.67366661e+02
2.67051606e+02
2.66719521e+02
2.66381142e+02
2.66044604e+02
2.65715676e+02
2.65398231e+02
2.65094695e+02
2.64806437e+02
2.64534066e+02
2.64277670e+02
2.64036985e+02
2.63811523e+02
2.63600659e+02
2.63403685e+02
2.63219853e+02
2.63048398e+02
2.62888562e+02
2.62739603e+02
2.62600805e+02
2.62471483e+02
2.62350987e+02
2.62238701e+02
2.62134048e+02
2.62036487e+02
2.61945512e+02
2.61860650e+02
2.61781462e+02
2.61707541e+02
2.61638508e+02
2.75190202e+02
2.74089340e+02
2.70315121e+02
2.65017042e+02
2.59254508e+02
2.53511219e+02
2.48004326e+02
2.42829749e+02
2.38021762e+02
2.33582157e+02
2.29495921e+02
2.25739960e+02
2.22287950e+02
2.19112389e+02
2.16186231e+02
2.13484947e+02
2.10986707e+02
2.08672088e+02
2.06523820e+02
2.04526573e+02
2.02666735e+02
2.00932217e+02
1.99312269e+02
1.97797313e+02
1.96378796e+02
1.95049060e+02
1.93801228e+02
1.92629107e+02
1.91527102e+02
1.90490143e+02
1.89513625e+02
1.88593350e+02
1.87725482e+02
1.86906508e+02
1.86133201e+02
1.85402592e+02
1.84711944e+02
2.75024686e+02
2.73837642e+02
2.70071070e+02
2.65134585e+02
2.60027556e+02
2.55084113e+02
2.50406784e+02
2.46026210e+02
2.41945982e+02
2.38157200e+02
2.34644675e+02
2.31390256e+02
2.28374737e+02
2.25578335e+02
2.22981658e+02
2.20567368e+02
2.18320029e+02
2.16225733e+02
2.14271907e+02
2.12447182e+02
2.10741281e+02
2.09144908e+02
2.07649647e+02
2.06247865e+02
2.04932632e+02
2.03697639e+02
2.02537134e+02
2.01445862e+02
2.00419013e+02
1.99452173e+02
1.98541289e+02
1.97682629e+02
1.96872751e+02
1.96108479e+02
1.95386874e+02
1.94705215e+02
1.94060981e+02
2.74144448e+02
2.74007154e+02
2.73733244e+02
2.73130737e+02
2.72132524e+02
2.70797840e+02
2.69221314e+02
2.67488388e+02
2.65665621e+02
2.63802544e+02
2.61935499e+02
2.60090952e+02
2.58287964e+02
2.56539970e+02
2.54856061e+02
2.53241960e+02
2.51700877e+02
2.50234177e+02
2.48841861e+02
2.47522915e+02
2.46275587e+02
2.45097597e+02
2.43986302e+02
2.42938828e+02
2.41952165e+02
2.41023249e+02
2.40149015e+02
2.39326444e+02
2.38552592e+02
2.37824613e+02
2.37139774e+02
2.36495464e+02
2.35889202e+02
2.35318635e+02
2.34781541e+02
2.34275826e+02
2.33799520e+02
2.73627139e+02
2.73503667e+02
2.73329459e+02
2.73084951e+02
2.72692347e+02
2.72111174e+02
2.71344348e+02
2.70418741e+02
2.69369281e+02
2.68230722e+02
2.67034223e+02
2.65806253e+02
2.64568511e+02
2.63338287e+02
2.62128976e+02
2.60950627e+02
2.59810504e+02
2.58713613e+02
2.57663171e+02
2.56660984e+02
2.55707773e+02
2.54803420e+02
2.53947183e+02
2.53137855e+02
2.52373901e+02
2.51653557e+02
2.50974915e+02
2.50335986e+02
2.49734746e+02
2.49169177e+02
2.48637289e+02
2.48137147e+02
2.47666878e+02
2.47224689e+02
2.46808864e+02
2.46417775e+02
2.46049880e+02
2.73052426e+02
2.72855050e+02
2.72705840e+02
2.72531858e+02
2.72276336e+02
2.71905558e+02
2.71411616e+02
2.70804571e+02
2.70103720e+02
2.69331437e+02
2.68509603e+02
2.67657817e+02
2.66792696e+02
2.65927796e+02
2.65073785e+02
2.64238804e+02
2.63428842e+02
2.62648123e+02
2.61899447e+02
2.61184494e+02
2.60504070e+02
2.59858313e+02
2.59246851e+02
2.58668940e+02
2.58123562e+02
2.57609510e+02
2.57125455e+02
2.56669991e+02
2.56241678e+02
2.55839069e+02
2.55460735e+02
2.55105277e+02
2.54771343e+02
2.54457631e+02
2.54162899e+02
2.53885962e+02
2.53625701e+02
