2.70000e+02 2.70000e+02 2.70000e+02 2.70635e+02 2.68139e+02 2.72162e+02 2.72146e+02 2.72075e+02 2.71965e+02 2.71736e+02
2.70000e+02 2.70000e+02 2.70000e+02 2.70635e+02 2.68139e+02 2.72162e+02 2.72146e+02 2.72075e+02 2.71965e+02 2.71736e+02
5.00000e+01 1.50000e+02 2.50000e+02 2.70480e+02 2.68128e+02 2.71427e+02 2.71097e+02 2.72029e+02 2.71925e+02 2.71689e+02
4.01011e+01 1.50000e+02 2.46232e+02 2.70150e+02 2.68091e+02 2.68461e+02 2.67551e+02 2.71849e+02 2.71857e+02 2.71641e+02
3.71620e+01 1.50000e+02 2.41786e+02 2.69594e+02 2.68020e+02 2.63991e+02 2.62892e+02 2.71342e+02 2.71694e+02 2.71550e+02
3.50615e+01 1.41484e+02 2.37087e+02 2.68735e+02 2.67902e+02 2.58924e+02 2.58081e+02 2.70448e+02 2.71361e+02 2.71370e+02
3.36023e+01 1.34973e+02 2.31889e+02 2.67556e+02 2.67728e+02 2.53729e+02 2.53428e+02 2.69227e+02 2.70827e+02 2.71073e+02
3.25013e+01 1.29001e+02 2.26368e+02 2.66107e+02 2.67500e+02 2.48643e+02 2.49022e+02 2.67771e+02 2.70103e+02 2.70655e+02
3.16264e+01 1.23754e+02 2.20933e+02 2.64462e+02 2.67229e+02 2.43791e+02 2.44892e+02 2.66160e+02 2.69223e+02 2.70128e+02
3.09079e+01 1.19182e+02 2.15783e+02 2.62698e+02 2.66927e+02 2.39231e+02 2.41039e+02 2.64460e+02 2.68222e+02 2.69511e+02
3.03045e+01 1.15192e+02 2.10995e+02 2.60880e+02 2.66608e+02 2.34985e+02 2.37455e+02 2.62716e+02 2.67136e+02 2.68826e+02
2.97895e+01 1.11696e+02 2.06588e+02 2.59061e+02 2.66282e+02 2.31052e+02 2.34128e+02 2.60964e+02 2.65996e+02 2.68095e+02
2.93436e+01 1.08618e+02 2.02556e+02 2.57275e+02 2.65958e+02 2.27420e+02 2.31040e+02 2.59229e+02 2.64826e+02 2.67334e+02
2.88240e+01 1.05884e+02 1.98878e+02 2.55547e+02 2.65641e+02 2.24070e+02 2.28174e+02 2.57531e+02 2.63648e+02 2.66561e+02
2.83466e+01 1.03430e+02 1.95528e+02 2.53893e+02 2.65336e+02 2.20978e+02 2.25513e+02 2.55881e+02 2.62478e+02 2.65786e+02
2.79189e+01 1.01224e+02 1.92475e+02 2.52321e+02 2.65044e+02 2.18124e+02 2.23037e+02 2.54289e+02 2.61329e+02 2.65022e+02
2.75355e+01 9.92391e+01 1.89692e+02 2.50836e+02 2.64768e+02 2.15484e+02 2.20733e+02 2.52761e+02 2.60209e+02 2.64274e+02
2.71905e+01 9.74507e+01 1.87153e+02 2.49440e+02 2.64507e+02 2.13040e+02 2.18586e+02 2.51301e+02 2.59127e+02 2.63548e+02
2.68789e+01 9.58360e+01 1.84837e+02 2.48129e+02 2.64261e+02 2.10773e+02 2.16583e+02 2.49910e+02 2.58085e+02 2.62848e+02
2.65965e+01 9.43755e+01 1.82722e+02 2.46903e+02 2.64031e+02 2.08667e+02 2.14713e+02 2.48588e+02 2.57087e+02 2.62177e+02
2.63398e+01 9.30520e+01 1.80790e+02 2.45757e+02 2.63815e+02 2.06709e+02 2.12965e+02 2.47335e+02 2.56136e+02 2.61536e+02
2.61055e+01 9.18505e+01 1.79023e+02 2.44688e+02 2.63614e+02 2.04883e+02 2.11329e+02 2.46149e+02 2.55230e+02 2.60926e+02
2.58913e+01 9.07579e+01 1.77406e+02 2.43691e+02 2.63426e+02 2.03180e+02 2.09797e+02 2.45028e+02 2.54371e+02 2.60346e+02
2.56948e+01 8.97627e+01 1.75924e+02 2.42762e+02 2.63251e+02 2.01589e+02 2.08362e+02 2.43970e+02 2.53557e+02 2.59798e+02
2.55142e+01 8.88549e+01 1.74567e+02 2.41897e+02 2.63088e+02 2.00100e+02 2.07015e+02 2.42972e+02 2.52788e+02 2.59279e+02
2.53478e+01 8.80255e+01 1.73321e+02 2.41092e+02 2.62936e+02 1.98706e+02 2.05751e+02 2.42032e+02 2.52062e+02 2.58789e+02
2.51941e+01 8.72667e+01 1.72177e+02 2.40342e+02 2.62795e+02 1.97399e+02 2.04564e+02 2.41146e+02 2.51376e+02 2.58328e+02
2.50521e+01 8.65714e+01 1.71125e+02 2.39645e+02 2.62663e+02 1.96171e+02 2.03447e+02 2.40311e+02 2.50731e+02 2.57893e+02
2.49204e+01 8.59337e+01 1.70158e+02 2.38995e+02 2.62541e+02 1.95018e+02 2.02397e+02 2.39526e+02 2.50122e+02 2.57484e+02
2.47983e+01 8.53478e+01 1.69268e+02 2.38391e+02 2.62427e+02 1.93934e+02 2.01408e+02 2.38787e+02 2.49549e+02 2.57099e+02
2.46848e+01 8.48091e+01 1.68447e+02 2.37828e+02 2.62320e+02 1.92914e+02 2.00477e+02 2.38091e+02 2.49010e+02 2.56736e+02
2.45793e+01 8.43130e+01 1.67690e+02 2.37303e+02 2.62221e+02 1.91953e+02 1.99599e+02 2.37436e+02 2.48503e+02 2.56396e+02
2.44809e+01 8.38558e+01 1.66991e+02 2.36814e+02 2.62129e+02 1.91048e+02 1.98772e+02 2.36820e+02 2.48026e+02 2.56076e+02
2.43892e+01 8.34338e+01 1.66346e+02 2.36359e+02 2.62043e+02 1.90194e+02 1.97992e+02 2.36240e+02 2.47577e+02 2.55776e+02
2.43035e+01 8.30440e+01 1.65749e+02 2.35934e+02 2.61963e+02 1.89388e+02 1.97255e+02 2.35694e+02 2.47155e+02 2.55493e+02
2.42235e+01 8.26836e+01 1.65196e+02 2.35538e+02 2.61888e+02 1.88627e+02 1.96559e+02 2.35179e+02 2.46758e+02 2.55228e+02
2.41487e+01 8.23500e+01 1.64685e+02 2.35168e+02 2.61819e+02 1.87908e+02 1.95902e+02 2.34695e+02 2.46384e+02 2.54978e+02
2.40786e+01 8.20409e+01 1.64210e+02 2.34822e+02 2.61754e+02 1.87229e+02 1.95282e+02 2.34239e+02 2.46032e+02 2.54743e+02
