2.70000e+02 2.70000e+02 2.70000e+02 2.69896e+02 2.68004e+02 2.70668e+02 2.70740e+02 2.71030e+02 2.71104e+02 2.71118e+02
2.70000e+02 2.70000e+02 2.70000e+02 2.69896e+02 2.68004e+02 2.70668e+02 2.70740e+02 2.71030e+02 2.71104e+02 2.71118e+02
5.00000e+01 1.50000e+02 2.50000e+02 2.69821e+02 2.68001e+02 2.70008e+02 2.69783e+02 2.71040e+02 2.71123e+02 2.71139e+02
4.03051e+01 1.50000e+02 2.46074e+02 2.69548e+02 2.67975e+02 2.67091e+02 2.66279e+02 2.70916e+02 2.71116e+02 2.71141e+02
3.74040e+01 1.50000e+02 2.41552e+02 2.69026e+02 2.67913e+02 2.62640e+02 2.61621e+02 2.70451e+02 2.70998e+02 2.71088e+02
3.52679e+01 1.41541e+02 2.36819e+02 2.68179e+02 2.67800e+02 2.57583e+02 2.56802e+02 2.69581e+02 2.70692e+02 2.70936e+02
3.37749e+01 1.35013e+02 2.31600e+02 2.66998e+02 2.67627e+02 2.52403e+02 2.52148e+02 2.68370e+02 2.70171e+02 2.70660e+02
3.26460e+01 1.29014e+02 2.26064e+02 2.65537e+02 2.67398e+02 2.47343e+02 2.47757e+02 2.66918e+02 2.69452e+02 2.70258e+02
3.17490e+01 1.23741e+02 2.20615e+02 2.63876e+02 2.67124e+02 2.42526e+02 2.43654e+02 2.65310e+02 2.68573e+02 2.69744e+02
3.10132e+01 1.19144e+02 2.15449e+02 2.62094e+02 2.66819e+02 2.38013e+02 2.39841e+02 2.63613e+02 2.67572e+02 2.69138e+02
3.03967e+01 1.15130e+02 2.10642e+02 2.60261e+02 2.66497e+02 2.33822e+02 2.36307e+02 2.61875e+02 2.66487e+02 2.68464e+02
2.98718e+01 1.11613e+02 2.06216e+02 2.58428e+02 2.66169e+02 2.29952e+02 2.33037e+02 2.60133e+02 2.65348e+02 2.67742e+02
2.94195e+01 1.08515e+02 2.02165e+02 2.56631e+02 2.65843e+02 2.26387e+02 2.30011e+02 2.58411e+02 2.64182e+02 2.66992e+02
2.89248e+01 1.05768e+02 1.98468e+02 2.54896e+02 2.65524e+02 2.23107e+02 2.27210e+02 2.56727e+02 2.63009e+02 2.66229e+02
2.84447e+01 1.03304e+02 1.95100e+02 2.53236e+02 2.65218e+02 2.20089e+02 2.24615e+02 2.55095e+02 2.61846e+02 2.65466e+02
2.80150e+01 1.01088e+02 1.92032e+02 2.51662e+02 2.64925e+02 2.17307e+02 2.22205e+02 2.53523e+02 2.60705e+02 2.64713e+02
2.76305e+01 9.90952e+01 1.89237e+02 2.50178e+02 2.64648e+02 2.14739e+02 2.19966e+02 2.52017e+02 2.59595e+02 2.63977e+02
2.72853e+01 9.72998e+01 1.86689e+02 2.48783e+02 2.64387e+02 2.12364e+02 2.17880e+02 2.50578e+02 2.58523e+02 2.63263e+02
2.69743e+01 9.56799e+01 1.84366e+02 2.47476e+02 2.64142e+02 2.10163e+02 2.15936e+02 2.49209e+02 2.57492e+02 2.62574e+02
2.66930e+01 9.42158e+01 1.82246e+02 2.46254e+02 2.63913e+02 2.08120e+02 2.14121e+02 2.47908e+02 2.56505e+02 2.61915e+02
2.64377e+01 9.28902e+01 1.80310e+02 2.45115e+02 2.63698e+02 2.06218e+02 2.12423e+02 2.46676e+02 2.55564e+02 2.61285e+02
2.62052e+01 9.16881e+01 1.78542e+02 2.44053e+02 2.63498e+02 2.04447e+02 2.10835e+02 2.45510e+02 2.54670e+02 2.60685e+02
2.59928e+01 9.05961e+01 1.76926e+02 2.43064e+02 2.63312e+02 2.02792e+02 2.09345e+02 2.44408e+02 2.53821e+02 2.60117e+02
2.57983e+01 8.96025e+01 1.75447e+02 2.42143e+02 2.63138e+02 2.01245e+02 2.07948e+02 2.43367e+02 2.53017e+02 2.59578e+02
2.56197e+01 8.86971e+01 1.74093e+02 2.41287e+02 2.62977e+02 1.99796e+02 2.06635e+02 2.42386e+02 2.52257e+02 2.59069e+02
2.54552e+01 8.78708e+01 1.72852e+02 2.40490e+02 2.62826e+02 1.98436e+02 2.05401e+02 2.41460e+02 2.51539e+02 2.58588e+02
2.53035e+01 8.71157e+01 1.71714e+02 2.39749e+02 2.62687e+02 1.97159e+02 2.04239e+02 2.40587e+02 2.50862e+02 2.58134e+02
2.51632e+01 8.64246e+01 1.70669e+02 2.39060e+02 2.62556e+02 1.95958e+02 2.03145e+02 2.39764e+02 2.50223e+02 2.57707e+02
2.50332e+01 8.57913e+01 1.69708e+02 2.38419e+02 2.62435e+02 1.94826e+02 2.02113e+02 2.38989e+02 2.49621e+02 2.57305e+02
2.49126e+01 8.52102e+01 1.68825e+02 2.37823e+02 2.62323e+02 1.93760e+02 2.01139e+02 2.38259e+02 2.49054e+02 2.56926e+02
2.48005e+01 8.46762e+01 1.68012e+02 2.37267e+02 2.62218e+02 1.92754e+02 2.00220e+02 2.37570e+02 2.48519e+02 2.56570e+02
2.46961e+01 8.41849e+01 1.67263e+02 2.36750e+02 2.62120e+02 1.91804e+02 1.99351e+02 2.36922e+02 2.48016e+02 2.56235e+02
2.45988e+01 8.37325e+01 1.66571e+02 2.36268e+02 2.62029e+02 1.90906e+02 1.98529e+02 2.36310e+02 2.47542e+02 2.55920e+02
2.45080e+01 8.33152e+01 1.65933e+02 2.35819e+02 2.61945e+02 1.90057e+02 1.97752e+02 2.35733e+02 2.47096e+02 2.55623e+02
2.44231e+01 8.29300e+01 1.65344e+02 2.35400e+02 2.61866e+02 1.89253e+02 1.97016e+02 2.35189e+02 2.46675e+02 2.55344e+02
2.43437e+01 8.25739e+01 1.64798e+02 2.35009e+02 2.61792e+02 1.88492e+02 1.96319e+02 2.34676e+02 2.46279e+02 2.55082e+02
2.42692e+01 8.22444e+01 1.64293e+02 2.34644e+02 2.61723e+02 1.87770e+02 1.95659e+02 2.34191e+02 2.45905e+02 2.54835e+02
2.41994e+01 8.19392e+01 1.63825e+02 2.34303e+02 2.61659e+02 1.87085e+02 1.95032e+02 2.33734e+02 2.45553e+02 2.54602e+02
