2.70000e+02 2.70000e+02 2.70000e+02 2.71169e+02 2.68263e+02 2.69176e+02 2.69534e+02 2.71109e+02 2.71619e+02 2.71927e+02
2.70000e+02 2.70000e+02 2.70000e+02 2.71169e+02 2.68263e+02 2.69176e+02 2.69534e+02 2.71109e+02 2.71619e+02 2.71927e+02
5.00000e+01 1.50000e+02 2.50000e+02 2.70799e+02 2.68234e+02 2.68608e+02 2.68718e+02 2.71053e+02 2.71546e+02 2.71743e+02
4.01025e+01 1.50000e+02 2.46296e+02 2.70315e+02 2.68166e+02 2.65707e+02 2.65323e+02 2.70873e+02 2.71431e+02 2.71609e+02
3.71528e+01 1.50000e+02 2.41844e+02 2.69633e+02 2.68068e+02 2.61203e+02 2.60722e+02 2.70370e+02 2.71241e+02 2.71455e+02
3.50465e+01 1.41374e+02 2.37106e+02 2.68661e+02 2.67925e+02 2.56065e+02 2.55918e+02 2.69470e+02 2.70900e+02 2.71228e+02
3.35848e+01 1.34822e+02 2.31852e+02 2.67381e+02 2.67727e+02 2.50798e+02 2.51251e+02 2.68225e+02 2.70366e+02 2.70896e+02
3.24820e+01 1.28828e+02 2.26274e+02 2.65837e+02 2.67474e+02 2.45655e+02 2.46827e+02 2.66726e+02 2.69640e+02 2.70452e+02
3.16052e+01 1.23569e+02 2.20787e+02 2.64103e+02 2.67176e+02 2.40761e+02 2.42674e+02 2.65054e+02 2.68747e+02 2.69904e+02
3.08847e+01 1.18988e+02 2.15590e+02 2.62254e+02 2.66846e+02 2.36171e+02 2.38798e+02 2.63275e+02 2.67722e+02 2.69269e+02
3.02793e+01 1.14990e+02 2.10757e+02 2.60355e+02 2.66498e+02 2.31903e+02 2.35188e+02 2.61438e+02 2.66599e+02 2.68568e+02
2.97622e+01 1.11485e+02 2.06308e+02 2.58455e+02 2.66143e+02 2.27950e+02 2.31830e+02 2.59580e+02 2.65409e+02 2.67820e+02
2.93150e+01 1.08398e+02 2.02234e+02 2.56591e+02 2.65789e+02 2.24298e+02 2.28707e+02 2.57729e+02 2.64178e+02 2.67043e+02
2.87931e+01 1.05652e+02 1.98514e+02 2.54785e+02 2.65443e+02 2.20925e+02 2.25801e+02 2.55904e+02 2.62930e+02 2.66251e+02
2.83124e+01 1.03186e+02 1.95120e+02 2.53054e+02 2.65109e+02 2.17807e+02 2.23092e+02 2.54120e+02 2.61680e+02 2.65457e+02
2.78811e+01 1.00966e+02 1.92024e+02 2.51406e+02 2.64788e+02 2.14921e+02 2.20564e+02 2.52387e+02 2.60443e+02 2.64670e+02
2.74936e+01 9.89663e+01 1.89197e+02 2.49845e+02 2.64484e+02 2.12245e+02 2.18201e+02 2.50713e+02 2.59230e+02 2.63897e+02
2.71444e+01 9.71614e+01 1.86614e+02 2.48372e+02 2.64195e+02 2.09758e+02 2.15989e+02 2.49101e+02 2.58048e+02 2.63144e+02
2.68283e+01 9.55293e+01 1.84252e+02 2.46986e+02 2.63923e+02 2.07444e+02 2.13917e+02 2.47554e+02 2.56902e+02 2.62415e+02
2.65411e+01 9.40505e+01 1.82091e+02 2.45684e+02 2.63667e+02 2.05286e+02 2.11973e+02 2.46074e+02 2.55797e+02 2.61713e+02
2.62792e+01 9.27078e+01 1.80111e+02 2.44463e+02 2.63427e+02 2.03271e+02 2.10148e+02 2.44659e+02 2.54734e+02 2.61038e+02
2.60397e+01 9.14865e+01 1.78297e+02 2.43319e+02 2.63201e+02 2.01386e+02 2.08431e+02 2.43311e+02 2.53715e+02 2.60392e+02
2.58198e+01 9.03734e+01 1.76632e+02 2.42248e+02 2.62990e+02 1.99619e+02 2.06815e+02 2.42026e+02 2.52741e+02 2.59776e+02
2.56175e+01 8.93572e+01 1.75102e+02 2.41245e+02 2.62792e+02 1.97961e+02 2.05294e+02 2.40804e+02 2.51811e+02 2.59188e+02
2.54308e+01 8.84278e+01 1.73696e+02 2.40307e+02 2.62607e+02 1.96403e+02 2.03859e+02 2.39642e+02 2.50925e+02 2.58630e+02
2.52582e+01 8.75763e+01 1.72402e+02 2.39429e+02 2.62434e+02 1.94938e+02 2.02505e+02 2.38539e+02 2.50081e+02 2.58099e+02
2.50982e+01 8.67951e+01 1.71209e+02 2.38607e+02 2.62271e+02 1.93558e+02 2.01227e+02 2.37491e+02 2.49279e+02 2.57595e+02
2.49496e+01 8.60771e+01 1.70109e+02 2.37838e+02 2.62119e+02 1.92257e+02 2.00019e+02 2.36496e+02 2.48517e+02 2.57117e+02
2.48113e+01 8.54162e+01 1.69093e+02 2.37118e+02 2.61977e+02 1.91030e+02 1.98877e+02 2.35552e+02 2.47793e+02 2.56664e+02
2.46825e+01 8.48071e+01 1.68154e+02 2.36443e+02 2.61844e+02 1.89870e+02 1.97797e+02 2.34657e+02 2.47105e+02 2.56235e+02
2.45623e+01 8.42448e+01 1.67284e+02 2.35811e+02 2.61719e+02 1.88774e+02 1.96775e+02 2.33808e+02 2.46453e+02 2.55829e+02
2.44499e+01 8.37251e+01 1.66479e+02 2.35219e+02 2.61602e+02 1.87738e+02 1.95807e+02 2.33002e+02 2.45834e+02 2.55445e+02
2.43447e+01 8.32441e+01 1.65732e+02 2.34663e+02 2.61493e+02 1.86757e+02 1.94890e+02 2.32238e+02 2.45247e+02 2.55080e+02
2.42462e+01 8.27984e+01 1.65039e+02 2.34142e+02 2.61390e+02 1.85829e+02 1.94021e+02 2.31513e+02 2.44691e+02 2.54736e+02
2.41537e+01 8.23848e+01 1.64394e+02 2.33652e+02 2.61293e+02 1.84949e+02 1.93198e+02 2.30825e+02 2.44163e+02 2.54409e+02
2.40669e+01 8.20006e+01 1.63795e+02 2.33193e+02 2.61203e+02 1.84116e+02 1.92416e+02 2.30173e+02 2.43662e+02 2.54100e+02
2.39853e+01 8.16434e+01 1.63237e+02 2.32761e+02 2.61118e+02 1.83325e+02 1.91675e+02 2.29554e+02 2.43187e+02 2.53808e+02
2.39086e+01 8.13107e+01 1.62716e+02 2.32355e+02 2.61037e+02 1.82575e+02 1.90972e+02 2.28966e+02 2.42736e+02 2.53531e+02
