2.70000000e+02
5.00000000e+01
4.02031850e+01
3.73210430e+01
3.52181340e+01
3.37495560e+01
3.26377760e+01
3.17517670e+01
3.10223810e+01
3.04085670e+01
2.98837190e+01
2.94294410e+01
2.89488130e+01
2.84631180e+01
2.80255290e+01
2.76320560e+01
2.72772220e+01
2.69560630e+01
2.66643180e+01
2.63983650e+01
2.61551340e+01
2.59320130e+01
2.57267720e+01
2.55374950e+01
2.53625320e+01
2.52004520e+01
2.50500100e+01
2.49101160e+01
2.47798120e+01
2.46582530e+01
2.45446890e+01
2.44384550e+01
2.43389550e+01
2.42456560e+01
2.41580780e+01
2.40757870e+01
2.39983940e+01
2.70000000e+02
1.50000000e+02
1.50000000e+02
1.50000000e+02
1.41577313e+02
1.35151059e+02
1.29238345e+02
1.24028630e+02
1.19478136e+02
1.15499381e+02
1.12006531e+02
1.08925799e+02
1.06190918e+02
1.03733443e+02
1.01518142e+02
9.95198500e+01
9.77148970e+01
9.60817820e+01
9.46014270e+01
9.32570560e+01
9.20339600e+01
9.09192350e+01
8.99015450e+01
8.89709140e+01
8.81185390e+01
8.73366390e+01
8.66183190e+01
8.59574580e+01
8.53486100e+01
8.47869230e+01
8.42680610e+01
8.37881490e+01
8.33437130e+01
8.29316350e+01
8.25491130e+01
8.21936230e+01
8.18628920e+01
2.70000000e+02
2.50000000e+02
2.46600780e+02
2.42331951e+02
2.37716796e+02
2.32577778e+02
2.27093323e+02
2.21677793e+02
2.16534263e+02
2.11743551e+02
2.07327547e+02
2.03279894e+02
1.99581086e+02
1.96205414e+02
1.93124448e+02
1.90310746e+02
1.87739383e+02
1.85387867e+02
1.83235839e+02
1.81264842e+02
1.79458145e+02
1.77800596e+02
1.76278484e+02
1.74879409e+02
1.73592168e+02
1.72406640e+02
1.71313683e+02
1.70305038e+02
1.69373247e+02
1.68511567e+02
1.67713906e+02
1.66974751e+02
1.66289116e+02
1.65652484e+02
1.65060764e+02
1.64510247e+02
1.63997567e+02
2.72372339e+02
2.72039981e+02
2.71574551e+02
2.70906047e+02
2.69949601e+02
2.68689104e+02
2.67169652e+02
2.65462569e+02
2.63641950e+02
2.61771385e+02
2.59899799e+02
2.58062283e+02
2.56282631e+02
2.54576044e+02
2.52951363e+02
2.51412853e+02
2.49961581e+02
2.48596477e+02
2.47315088e+02
2.46114101e+02
2.44989688e+02
2.43937755e+02
2.42954100e+02
2.42034534e+02
2.41174957e+02
2.40371410e+02
2.39620110e+02
2.38917470e+02
2.38260108e+02
2.37644851e+02
2.37068733e+02
2.36528989e+02
2.36023049e+02
2.35548526e+02
2.35103208e+02
2.34685047e+02
2.34292148e+02
2.68454768e+02
2.68427808e+02
2.68364916e+02
2.68271160e+02
2.68133732e+02
2.67943063e+02
2.67700898e+02
2.67417018e+02
2.67104258e+02
2.66775076e+02
2.66439845e+02
2.66106438e+02
2.65780448e+02
2.65465631e+02
2.65164344e+02
2.64877917e+02
2.64606939e+02
2.64351489e+02
2.64111306e+02
2.63885911e+02
2.63674687e+02
2.63476938e+02
2.63291930e+02
2.63118914e+02
2.62957147e+02
2.62805907e+02
2.62664495e+02
2.62532246e+02
2.62408531e+02
2.62292757e+02
2.62184367e+02
2.62082843e+02
2.61987701e+02
2.61898490e+02
2.61814793e+02
2.61736224e+02
2.61662423e+02
2.75351281e+02
2.74075108e+02
2.70048362e+02
2.64623690e+02
2.58836665e+02
2.53123959e+02
2.47674952e+02
2.42570268e+02
2.37835330e+02
2.33466536e+02
2.29445484e+02
2.25746958e+02
2.22343338e+02
2.19206273e+02
2.16308530e+02
2.13625841e+02
2.11136806e+02
2.08822541e+02
2.06666391e+02
2.04653686e+02
2.02771501e+02
2.01008434e+02
1.99354412e+02
1.97800508e+02
1.96338789e+02
1.94962181e+02
1.93664350e+02
1.92439608e+02
1.91282822e+02
1.90189347e+02
1.89154959e+02
1.88175810e+02
1.87248378e+02
1.86369429e+02
1.85535989e+02
1.84745313e+02
1.83994861e+02
2.75262474e+02
2.74099714e+02
2.70415404e+02
2.65562607e+02
2.60523255e+02
2.55633059e+02
2.50998104e+02
2.46650931e+02
2.42595695e+02
2.38823455e+02
2.35318855e+02
2.32063665e+02
2.29038741e+02
2.26224461e+02
2.23601873e+02
2.21154180e+02
2.18866504e+02
2.16725522e+02
2.14719259e+02
2.12836955e+02
2.11068928e+02
2.09406463e+02
2.07841698e+02
2.06367527e+02
2.04977513e+02
2.03665808e+02
2.02427086e+02
2.01256486e+02
2.00149555e+02
1.99102206e+02
1.98110683e+02
1.97171517e+02
1.96281508e+02
1.95437691e+02
1.94637315e+02
1.93877827e+02
1.93156850e+02
2.74778796e+02
2.74596560e+02
2.74278319e+02
2.73641916e+02
2.72616175e+02
2.71252253e+02
2.69637650e+02
2.67853650e+02
2.65965374e+02
2.64022690e+02
2.62063216e+02
2.60115070e+02
2.58199022e+02
2.56330114e+02
2.54518863e+02
2.52772236e+02
2.51094518e+02
2.49487992e+02
2.47953439e+02
2.46490512e+02
2.45098039e+02
2.43774241e+02
2.42516919e+02
2.41323594e+02
2.40191607e+02
2.39118211e+02
2.38100625e+02
2.37136087e+02
2.36221882e+02
2.35355370e+02
2.34534002e+02
2.33755330e+02
2.33017016e+02
2.32316831e+02
2.31652659e+02
2.31022497e+02
2.30424449e+02
2.74172275e+02
2.74000574e+02
2.73785305e+02
2.73488387e+02
2.73024804e+02
2.72356860e+02
2.71492210e+02
2.70461412e+02
2.69301899e+02
2.68050149e+02
2.66738540e+02
2.65394403e+02
2.64040027e+02
2.62693081e+02
2.61367182e+02
2.60072494e+02
2.58816334e+02
2.57603731e+02
2.56437917e+02
2.55320718e+02
2.54252887e+02
2.53234354e+02
2.52264441e+02
2.51342021e+02
2.50465653e+02
2.49633678e+02
2.48844299e+02
2.48095644e+02
2.47385806e+02
2.46712883e+02
2.46075002e+02
2.45470334e+02
2.44897111e+02
2.44353632e+02
2.43838271e+02
2.43349476e+02
2.42885773e+02
2.73031996e+02
2.72862175e+02
2.72720403e+02
2.72550255e+02
2.72304107e+02
2.71953666e+02
2.71493378e+02
2.70933337e+02
2.70291478e+02
2.69588151e+02
2.68843005e+02
2.68073447e+02
2.67294070e+02
2.66516614e+02
2.65750192e+02
2.65001628e+02
2.64275838e+02
2.63576190e+02
2.62904830e+02
2.62262962e+02
2.61651065e+02
2.61069078e+02
2.60516537e+02
2.59992694e+02
2.59496595e+02
2.59027155e+02
2.58583206e+02
2.58163537e+02
2.57766923e+02
2.57392149e+02
2.57038023e+02
2.56703389e+02
2.56387135e+02
2.56088195e+02
2.55805557e+02
2.55538261e+02
2.55285397e+02
