2.70000000e+02
5.00000000e+01
4.04481990e+01
3.75887440e+01
3.54498870e+01
3.39520130e+01
3.28174690e+01
3.19139020e+01
3.11712230e+01
3.05476060e+01
3.00157870e+01
2.95568180e+01
2.91178550e+01
2.86361620e+01
2.82000580e+01
2.78085470e+01
2.74564090e+01
2.71386440e+01
2.68509030e+01
2.65894770e+01
2.63512140e+01
2.61334330e+01
2.59338430e+01
2.57504790e+01
2.55816440e+01
2.54258700e+01
2.52818750e+01
2.51485390e+01
2.50248780e+01
2.49100200e+01
2.48031950e+01
2.47037150e+01
2.46109660e+01
2.45244000e+01
2.44435190e+01
2.43678790e+01
2.42970750e+01
2.70000000e+02
1.50000000e+02
1.50000000e+02
1.50000000e+02
1.41619353e+02
1.35133723e+02
1.29162068e+02
1.23904323e+02
1.19315227e+02
1.15305947e+02
1.11789508e+02
1.08691134e+02
1.05947493e+02
1.03490583e+02
1.01276820e+02
9.92812090e+01
9.74805080e+01
9.58532810e+01
9.43803550e+01
9.30448120e+01
9.18317860e+01
9.07282270e+01
8.97226690e+01
8.88050160e+01
8.79663660e+01
8.71988470e+01
8.64954850e+01
8.58500910e+01
8.52571550e+01
8.47117680e+01
8.42095420e+01
8.37465520e+01
8.33192790e+01
8.29245620e+01
8.25595570e+01
8.22217020e+01
8.19086850e+01
2.70000000e+02
2.50000000e+02
2.46272785e+02
2.41845742e+02
2.37154820e+02
2.31963667e+02
2.26443572e+02
2.21002215e+02
2.15837550e+02
2.11028864e+02
2.06597809e+02
2.02538143e+02
1.98830521e+02
1.95449681e+02
1.92367455e+02
1.89556004e+02
1.86989920e+02
1.84646350e+02
1.82504664e+02
1.80546182e+02
1.78753983e+02
1.77112743e+02
1.75608594e+02
1.74228994e+02
1.72962607e+02
1.71799189e+02
1.70729482e+02
1.69745120e+02
1.68838540e+02
1.68002903e+02
1.67232023e+02
1.66520296e+02
1.65862650e+02
1.65254484e+02
1.64691627e+02
1.64170291e+02
1.63687037e+02
2.70810585e+02
2.70614010e+02
2.70270604e+02
2.69702667e+02
2.68820313e+02
2.67608653e+02
2.66117765e+02
2.64424778e+02
2.62608926e+02
2.60737780e+02
2.58863156e+02
2.57022150e+02
2.55239905e+02
2.53532508e+02
2.51909364e+02
2.50375071e+02
2.48930849e+02
2.47575647e+02
2.46306948e+02
2.45121325e+02
2.44014808e+02
2.42983145e+02
2.42021969e+02
2.41126919e+02
2.40293722e+02
2.39518248e+02
2.38796543e+02
2.38124854e+02
2.37499636e+02
2.36917559e+02
2.36375506e+02
2.35870566e+02
2.35400030e+02
2.34961382e+02
2.34552287e+02
2.34170578e+02
2.33814255e+02
2.68121253e+02
2.68107998e+02
2.68070825e+02
2.68004415e+02
2.67894636e+02
2.67732086e+02
2.67518635e+02
2.67263977e+02
2.66980708e+02
2.66680984e+02
2.66374896e+02
2.66070085e+02
2.65771978e+02
2.65484221e+02
2.65209113e+02
2.64947956e+02
2.64701343e+02
2.64469370e+02
2.64251801e+02
2.64048188e+02
2.63857948e+02
2.63680425e+02
2.63514920e+02
2.63360724e+02
2.63217130e+02
2.63083450e+02
2.62959017e+02
2.62843196e+02
2.62735386e+02
2.62635017e+02
2.62541556e+02
2.62454505e+02
2.62373397e+02
2.62297799e+02
2.62227308e+02
2.62161551e+02
2.62100182e+02
2.74120629e+02
2.73066748e+02
2.69317162e+02
2.64030116e+02
2.58269065e+02
2.52524597e+02
2.47021564e+02
2.41861106e+02
2.37079713e+02
2.32679138e+02
2.28642988e+02
2.24946148e+02
2.21560144e+02
2.18455661e+02
2.15603835e+02
2.12978426e+02
2.10556271e+02
2.08316944e+02
2.06242444e+02
2.04316915e+02
2.02526391e+02
2.00858559e+02
1.99302540e+02
1.97848704e+02
1.96488499e+02
1.95214308e+02
1.94019323e+02
1.92897438e+02
1.91843157e+02
1.90851518e+02
1.89918024e+02
1.89038588e+02
1.88209483e+02
1.87427303e+02
1.86688923e+02
1.85991474e+02
1.85332313e+02
2.73865326e+02
2.72673813e+02
2.68792718e+02
2.63741036e+02
2.58551816e+02
2.53559126e+02
2.48860739e+02
2.44482352e+02
2.40422965e+02
2.36669597e+02
2.33203554e+02
2.30003732e+02
2.27048524e+02
2.24316399e+02
2.21786303e+02
2.19439462e+02
2.17259417e+02
2.15231525e+02
2.13342678e+02
2.11581132e+02
2.09936347e+02
2.08398858e+02
2.06960152e+02
2.05612553e+02
2.04349124e+02
2.03163586e+02
2.02050233e+02
2.01003875e+02
2.00019776e+02
1.99093603e+02
1.98221387e+02
1.97399484e+02
1.96624538e+02
1.95893458e+02
1.95203391e+02
1.94551697e+02
1.93935933e+02
2.72585191e+02
2.72592501e+02
2.72451803e+02
2.71955915e+02
2.71038723e+02
2.69763880e+02
2.68231077e+02
2.66530387e+02
2.64732183e+02
2.62888914e+02
2.61039026e+02
2.59210420e+02
2.57423079e+02
2.55690985e+02
2.54023525e+02
2.52426526e+02
2.50903166e+02
2.49454701e+02
2.48080983e+02
2.46780844e+02
2.45552379e+02
2.44393166e+02
2.43300437e+02
2.42271211e+02
2.41302387e+02
2.40390828e+02
2.39533413e+02
2.38727077e+02
2.37968847e+02
2.37255855e+02
2.36585357e+02
2.35954739e+02
2.35361521e+02
2.34803359e+02
2.34278042e+02
2.33783491e+02
2.33317754e+02
2.72060596e+02
2.72104415e+02
2.72121547e+02
2.72018309e+02
2.71718459e+02
2.71193449e+02
2.70458492e+02
2.69549961e+02
2.68509300e+02
2.67375503e+02
2.66182393e+02
2.64958043e+02
2.63725045e+02
2.62501110e+02
2.61299758e+02
2.60130979e+02
2.59001865e+02
2.57917191e+02
2.56879923e+02
2.55891623e+02
2.54952779e+02
2.54063068e+02
2.53221567e+02
2.52426916e+02
2.51677450e+02
2.50971301e+02
2.50306477e+02
2.49680924e+02
2.49092568e+02
2.48539356e+02
2.48019276e+02
2.47530378e+02
2.47070786e+02
2.46638706e+02
2.46232432e+02
2.45850344e+02
2.45490916e+02
2.71564790e+02
2.71711077e+02
2.71758952e+02
2.71725068e+02
2.71578124e+02
2.71295641e+02
2.70876017e+02
2.70333508e+02
2.69690365e+02
2.68971031e+02
2.68198798e+02
2.67394196e+02
2.66574424e+02
2.65753389e+02
2.64941949e+02
2.64148336e+02
2.63378565e+02
2.62636845e+02
2.61925942e+02
2.61247495e+02
2.60602271e+02
2.59990373e+02
2.59411409e+02
2.58864619e+02
2.58348985e+02
2.57863307e+02
2.57406271e+02
2.56976497e+02
2.56572573e+02
2.56193091e+02
2.55836659e+02
2.55501922e+02
2.55187574e+02
2.54892359e+02
2.54615082e+02
2.54354608e+02
2.54109864e+02
