2.70000e+02 2.70000e+02 2.70000e+02 2.72901e+02 2.68563e+02 2.78015e+02 2.77635e+02 2.75814e+02 2.74855e+02 2.73859e+02
2.70000e+02 2.70000e+02 2.70000e+02 2.72901e+02 2.68563e+02 2.78015e+02 2.77635e+02 2.75814e+02 2.74855e+02 2.73859e+02
5.00000e+01 1.50000e+02 2.50000e+02 2.72601e+02 2.68538e+02 2.76599e+02 2.76226e+02 2.75615e+02 2.74688e+02 2.73599e+02
4.02827e+01 1.50000e+02 2.46681e+02 2.72154e+02 2.68476e+02 2.72459e+02 2.72240e+02 2.75267e+02 2.74455e+02 2.73404e+02
3.74201e+01 1.50000e+02 2.42415e+02 2.71500e+02 2.68383e+02 2.66909e+02 2.67136e+02 2.74584e+02 2.74155e+02 2.73194e+02
3.53144e+01 1.41666e+02 2.37752e+02 2.70553e+02 2.68245e+02 2.60989e+02 2.61895e+02 2.73509e+02 2.73711e+02 2.72913e+02
3.38428e+01 1.35264e+02 2.32538e+02 2.69296e+02 2.68051e+02 2.55146e+02 2.56837e+02 2.72106e+02 2.73085e+02 2.72526e+02
3.27287e+01 1.29352e+02 2.26956e+02 2.67776e+02 2.67805e+02 2.49573e+02 2.52059e+02 2.70468e+02 2.72280e+02 2.72026e+02
3.18407e+01 1.24127e+02 2.21425e+02 2.66064e+02 2.67516e+02 2.44352e+02 2.47589e+02 2.68681e+02 2.71321e+02 2.71420e+02
3.11095e+01 1.19551e+02 2.16152e+02 2.64236e+02 2.67197e+02 2.39510e+02 2.43429e+02 2.66810e+02 2.70244e+02 2.70726e+02
3.04938e+01 1.15540e+02 2.11224e+02 2.62356e+02 2.66862e+02 2.35044e+02 2.39568e+02 2.64903e+02 2.69081e+02 2.69966e+02
2.99669e+01 1.12010e+02 2.06668e+02 2.60473e+02 2.66521e+02 2.30935e+02 2.35989e+02 2.62995e+02 2.67863e+02 2.69159e+02
2.95105e+01 1.08889e+02 2.02480e+02 2.58624e+02 2.66181e+02 2.27159e+02 2.32674e+02 2.61112e+02 2.66615e+02 2.68324e+02
2.90566e+01 1.06115e+02 1.98644e+02 2.56833e+02 2.65849e+02 2.23687e+02 2.29603e+02 2.59272e+02 2.65358e+02 2.67476e+02
2.85709e+01 1.03620e+02 1.95136e+02 2.55116e+02 2.65529e+02 2.20493e+02 2.26755e+02 2.57488e+02 2.64110e+02 2.66628e+02
2.81313e+01 1.01365e+02 1.91930e+02 2.53481e+02 2.65222e+02 2.17547e+02 2.24110e+02 2.55769e+02 2.62881e+02 2.65790e+02
2.77355e+01 9.93267e+01 1.88998e+02 2.51934e+02 2.64931e+02 2.14826e+02 2.21650e+02 2.54120e+02 2.61684e+02 2.64969e+02
2.73783e+01 9.74819e+01 1.86316e+02 2.50475e+02 2.64656e+02 2.12308e+02 2.19359e+02 2.52544e+02 2.60523e+02 2.64172e+02
2.70550e+01 9.58101e+01 1.83862e+02 2.49104e+02 2.64396e+02 2.09972e+02 2.17222e+02 2.51042e+02 2.59405e+02 2.63402e+02
2.67613e+01 9.42926e+01 1.81615e+02 2.47819e+02 2.64152e+02 2.07803e+02 2.15228e+02 2.49614e+02 2.58332e+02 2.62662e+02
2.64937e+01 9.29132e+01 1.79556e+02 2.46614e+02 2.63924e+02 2.05783e+02 2.13364e+02 2.48258e+02 2.57306e+02 2.61954e+02
2.62492e+01 9.16572e+01 1.77668e+02 2.45488e+02 2.63710e+02 2.03900e+02 2.11619e+02 2.46974e+02 2.56328e+02 2.61278e+02
2.60250e+01 9.05118e+01 1.75937e+02 2.44436e+02 2.63510e+02 2.02143e+02 2.09985e+02 2.45759e+02 2.55398e+02 2.60635e+02
2.58191e+01 8.94658e+01 1.74347e+02 2.43453e+02 2.63323e+02 2.00499e+02 2.08452e+02 2.44610e+02 2.54515e+02 2.60025e+02
2.56294e+01 8.85091e+01 1.72887e+02 2.42536e+02 2.63148e+02 1.98959e+02 2.07013e+02 2.43524e+02 2.53678e+02 2.59446e+02
2.54543e+01 8.76329e+01 1.71544e+02 2.41679e+02 2.62985e+02 1.97515e+02 2.05662e+02 2.42499e+02 2.52886e+02 2.58898e+02
2.52924e+01 8.68294e+01 1.70308e+02 2.40880e+02 2.62833e+02 1.96160e+02 2.04391e+02 2.41532e+02 2.52137e+02 2.58380e+02
2.51424e+01 8.60916e+01 1.69170e+02 2.40135e+02 2.62691e+02 1.94886e+02 2.03194e+02 2.40619e+02 2.51429e+02 2.57891e+02
2.50032e+01 8.54133e+01 1.68121e+02 2.39439e+02 2.62558e+02 1.93688e+02 2.02067e+02 2.39757e+02 2.50761e+02 2.57429e+02
2.48738e+01 8.47889e+01 1.67153e+02 2.38790e+02 2.62435e+02 1.92559e+02 2.01005e+02 2.38945e+02 2.50130e+02 2.56993e+02
2.47533e+01 8.42134e+01 1.66259e+02 2.38183e+02 2.62319e+02 1.91495e+02 2.00003e+02 2.38179e+02 2.49534e+02 2.56582e+02
2.46410e+01 8.36825e+01 1.65433e+02 2.37617e+02 2.62211e+02 1.90491e+02 1.99058e+02 2.37456e+02 2.48972e+02 2.56194e+02
2.45362e+01 8.31921e+01 1.64669e+02 2.37088e+02 2.62111e+02 1.89544e+02 1.98165e+02 2.36774e+02 2.48442e+02 2.55829e+02
2.44382e+01 8.27386e+01 1.63962e+02 2.36594e+02 2.62017e+02 1.88648e+02 1.97321e+02 2.36130e+02 2.47943e+02 2.55485e+02
2.43466e+01 8.23189e+01 1.63307e+02 2.36132e+02 2.61929e+02 1.87802e+02 1.96523e+02 2.35522e+02 2.47471e+02 2.55160e+02
2.42608e+01 8.19301e+01 1.62699e+02 2.35699e+02 2.61846e+02 1.87001e+02 1.95768e+02 2.34949e+02 2.47026e+02 2.54854e+02
2.41804e+01 8.15694e+01 1.62135e+02 2.35295e+02 2.61769e+02 1.86244e+02 1.95054e+02 2.34407e+02 2.46606e+02 2.54565e+02
2.41049e+01 8.12346e+01 1.61612e+02 2.34916e+02 2.61697e+02 1.85526e+02 1.94377e+02 2.33896e+02 2.46210e+02 2.54293e+02
