2.70000000e+02
5.00000000e+01
4.00730820e+01
3.71020930e+01
3.49848080e+01
3.35163710e+01
3.24099200e+01
3.15322280e+01
3.08129630e+01
3.02103020e+01
2.96971280e+01
2.92391330e+01
2.87179830e+01
2.82442710e+01
2.78209740e+01
2.74419600e+01
2.71012560e+01
2.67936980e+01
2.65149230e+01
2.62612540e+01
2.60295940e+01
2.58173190e+01
2.56221990e+01
2.54423290e+01
2.52760730e+01
2.51220190e+01
2.49789460e+01
2.48457900e+01
2.47216210e+01
2.46056220e+01
2.44970750e+01
2.43953410e+01
2.42998570e+01
2.42101180e+01
2.41256730e+01
2.40461170e+01
2.39710870e+01
2.70000000e+02
1.50000000e+02
1.50000000e+02
1.50000000e+02
1.41296675e+02
1.34673177e+02
1.28624486e+02
1.23327984e+02
1.18721624e+02
1.14708228e+02
1.11196078e+02
1.08107089e+02
1.05362404e+02
1.02901665e+02
1.00692701e+02
9.87072160e+01
9.69193630e+01
9.53062110e+01
9.38476770e+01
9.25262390e+01
9.13266150e+01
9.02354570e+01
8.92410800e+01
8.83332350e+01
8.75029090e+01
8.67421620e+01
8.60439840e+01
8.54021730e+01
8.48112320e+01
8.42662800e+01
8.37629750e+01
8.32974490e+01
8.28662480e+01
8.24662860e+01
8.20947990e+01
8.17493080e+01
8.14275840e+01
2.70000000e+02
2.50000000e+02
2.45946374e+02
2.41337027e+02
2.36536674e+02
2.31247866e+02
2.25654614e+02
2.20168025e+02
2.14978715e+02
2.10160638e+02
2.05731529e+02
2.01682125e+02
1.97990477e+02
1.94628315e+02
1.91565658e+02
1.88774281e+02
1.86228494e+02
1.83904987e+02
1.81782610e+02
1.79842197e+02
1.78066413e+02
1.76439601e+02
1.74947643e+02
1.73577821e+02
1.72318684e+02
1.71159930e+02
1.70092289e+02
1.69107422e+02
1.68197824e+02
1.67356740e+02
1.66578085e+02
1.65856376e+02
1.65186670e+02
1.64564505e+02
1.63985852e+02
1.63447068e+02
1.62944858e+02
2.69400495e+02
2.69240390e+02
2.68927069e+02
2.68392652e+02
2.67549906e+02
2.66383891e+02
2.64943129e+02
2.63303157e+02
2.61541823e+02
2.59725388e+02
2.57904440e+02
2.56114973e+02
2.54381192e+02
2.52718364e+02
2.51135220e+02
2.49635847e+02
2.48221164e+02
2.46890009e+02
2.45639892e+02
2.44467507e+02
2.43369076e+02
2.42340580e+02
2.41377924e+02
2.40477042e+02
2.39633971e+02
2.38844895e+02
2.38106180e+02
2.37414383e+02
2.36766267e+02
2.36158796e+02
2.35589134e+02
2.35054638e+02
2.34552853e+02
2.34081498e+02
2.33638457e+02
2.33221771e+02
2.32829625e+02
2.67913569e+02
2.67902263e+02
2.67866874e+02
2.67799511e+02
2.67685161e+02
2.67513939e+02
2.67287969e+02
2.67017705e+02
2.66716706e+02
2.66398025e+02
2.66072452e+02
2.65748109e+02
2.65430724e+02
2.65124106e+02
2.64830618e+02
2.64551564e+02
2.64287508e+02
2.64038506e+02
2.63804287e+02
2.63584366e+02
2.63378132e+02
2.63184903e+02
2.63003958e+02
2.62834571e+02
2.62676022e+02
2.62527614e+02
2.62388676e+02
2.62258570e+02
2.62136692e+02
2.62022475e+02
2.61915388e+02
2.61814934e+02
2.61720651e+02
2.61632111e+02
2.61548912e+02
2.61470687e+02
2.61397092e+02
2.68601452e+02
2.68005023e+02
2.65184545e+02
2.60847702e+02
2.55911546e+02
2.50851399e+02
2.45907130e+02
2.41200481e+02
2.36787356e+02
2.32685808e+02
2.28892456e+02
2.25392349e+02
2.22164652e+02
2.19185565e+02
2.16431356e+02
2.13880022e+02
2.11511581e+02
2.09308077e+02
2.07253503e+02
2.05333665e+02
2.03536020e+02
2.01849501e+02
2.00264342e+02
1.98771924e+02
1.97364621e+02
1.96035674e+02
1.94779075e+02
1.93589464e+02
1.92462045e+02
1.91392511e+02
1.90376976e+02
1.89411925e+02
1.88494164e+02
1.87620783e+02
1.86789116e+02
1.85996720e+02
1.85241343e+02
2.68693120e+02
2.67789381e+02
2.64310433e+02
2.59690625e+02
2.54933093e+02
2.50356092e+02
2.46047885e+02
2.42028237e+02
2.38292979e+02
2.34828051e+02
2.31615149e+02
2.28634516e+02
2.25866106e+02
2.23289827e+02
2.20887465e+02
2.18643156e+02
2.16542872e+02
2.14574114e+02
2.12725731e+02
2.10987768e+02
2.09351339e+02
2.07808499e+02
2.06352131e+02
2.04975849e+02
2.03673901e+02
2.02441099e+02
2.01272742e+02
2.00164566e+02
1.99112684e+02
1.98113546e+02
1.97163899e+02
1.96260757e+02
1.95401366e+02
1.94583186e+02
1.93803864e+02
1.93061218e+02
1.92353220e+02
2.69092199e+02
2.69172201e+02
2.69111470e+02
2.68700118e+02
2.67878542e+02
2.66711060e+02
2.65290840e+02
2.63699237e+02
2.61999114e+02
2.60237675e+02
2.58450282e+02
2.56663456e+02
2.54897016e+02
2.53165582e+02
2.51479643e+02
2.49846503e+02
2.48271047e+02
2.46756307e+02
2.45303880e+02
2.43914259e+02
2.42587086e+02
2.41321365e+02
2.40115628e+02
2.38968063e+02
2.37876628e+02
2.36839125e+02
2.35853269e+02
2.34916739e+02
2.34027211e+02
2.33182394e+02
2.32380043e+02
2.31617984e+02
2.30894116e+02
2.30206423e+02
2.29552976e+02
2.28931937e+02
2.28341558e+02
2.69550699e+02
2.69635408e+02
2.69717058e+02
2.69690847e+02
2.69482391e+02
2.69059629e+02
2.68430657e+02
2.67624854e+02
2.66678305e+02
2.65626392e+02
2.64500775e+02
2.63328453e+02
2.62131745e+02
2.60928652e+02
2.59733354e+02
2.58556753e+02
2.57407026e+02
2.56290137e+02
2.55210267e+02
2.54170184e+02
2.53171533e+02
2.52215087e+02
2.51300943e+02
2.50428678e+02
2.49597486e+02
2.48806275e+02
2.48053751e+02
2.47338485e+02
2.46658958e+02
2.46013610e+02
2.45400863e+02
2.44819146e+02
2.44266916e+02
2.43742668e+02
2.43244944e+02
2.42772341e+02
2.42323515e+02
2.70159863e+02
2.70321187e+02
2.70401608e+02
2.70404131e+02
2.70299538e+02
2.70069585e+02
2.69714727e+02
2.69248598e+02
2.68691053e+02
2.68063379e+02
2.67385636e+02
2.66675433e+02
2.65947540e+02
2.65213934e+02
2.64484054e+02
2.63765143e+02
2.63062608e+02
2.62380370e+02
2.61721154e+02
2.61086750e+02
2.60478207e+02
2.59896010e+02
2.59340201e+02
2.58810497e+02
2.58306365e+02
2.57827096e+02
2.57371852e+02
2.56939713e+02
2.56529708e+02
2.56140837e+02
2.55772094e+02
2.55422481e+02
2.55091017e+02
2.54776751e+02
2.54478759e+02
2.54196157e+02
2.53928098e+02
