2.70000e+02 2.70000e+02 2.70000e+02 2.70643e+02 2.68457e+02 2.72760e+02 2.72708e+02 2.72447e+02 2.72228e+02 2.71958e+02
2.70000e+02 2.70000e+02 2.70000e+02 2.70643e+02 2.68457e+02 2.72760e+02 2.72708e+02 2.72447e+02 2.72228e+02 2.71958e+02
5.00000e+01 1.50000e+02 2.50000e+02 2.70546e+02 2.68450e+02 2.71620e+02 2.71616e+02 2.72383e+02 2.72177e+02 2.71862e+02
4.01435e+01 1.50000e+02 2.46245e+02 2.70244e+02 2.68408e+02 2.67732e+02 2.67973e+02 2.72194e+02 2.72095e+02 2.71793e+02
3.72246e+01 1.50000e+02 2.41810e+02 2.69691e+02 2.68309e+02 2.62429e+02 2.63183e+02 2.71685e+02 2.71936e+02 2.71689e+02
3.51267e+01 1.41478e+02 2.37115e+02 2.68812e+02 2.68133e+02 2.56764e+02 2.58226e+02 2.70793e+02 2.71621e+02 2.71498e+02
3.36680e+01 1.34967e+02 2.31915e+02 2.67600e+02 2.67865e+02 2.51181e+02 2.53429e+02 2.69571e+02 2.71113e+02 2.71189e+02
3.25659e+01 1.28994e+02 2.26386e+02 2.66110e+02 2.67509e+02 2.45866e+02 2.48891e+02 2.68110e+02 2.70414e+02 2.70756e+02
3.16888e+01 1.23746e+02 2.20938e+02 2.64419e+02 2.67081e+02 2.40895e+02 2.44642e+02 2.66490e+02 2.69553e+02 2.70210e+02
3.09675e+01 1.19170e+02 2.15771e+02 2.62607e+02 2.66603e+02 2.36290e+02 2.40685e+02 2.64776e+02 2.68564e+02 2.69569e+02
3.03610e+01 1.15176e+02 2.10963e+02 2.60742e+02 2.66095e+02 2.32046e+02 2.37010e+02 2.63014e+02 2.67484e+02 2.68857e+02
2.98428e+01 1.11674e+02 2.06535e+02 2.58875e+02 2.65575e+02 2.28143e+02 2.33602e+02 2.61242e+02 2.66341e+02 2.68094e+02
2.93946e+01 1.08588e+02 2.02479e+02 2.57042e+02 2.65056e+02 2.24558e+02 2.30444e+02 2.59484e+02 2.65164e+02 2.67299e+02
2.88992e+01 1.05850e+02 1.98777e+02 2.55267e+02 2.64547e+02 2.21263e+02 2.27517e+02 2.57761e+02 2.63973e+02 2.66490e+02
2.84195e+01 1.03391e+02 1.95401e+02 2.53567e+02 2.64056e+02 2.18231e+02 2.24801e+02 2.56085e+02 2.62787e+02 2.65678e+02
2.79887e+01 1.01179e+02 1.92323e+02 2.51951e+02 2.63586e+02 2.15436e+02 2.22279e+02 2.54467e+02 2.61617e+02 2.64874e+02
2.76021e+01 9.91858e+01 1.89516e+02 2.50422e+02 2.63139e+02 2.12854e+02 2.19933e+02 2.52912e+02 2.60476e+02 2.64087e+02
2.72540e+01 9.73884e+01 1.86953e+02 2.48981e+02 2.62716e+02 2.10464e+02 2.17749e+02 2.51425e+02 2.59369e+02 2.63322e+02
2.69394e+01 9.57643e+01 1.84612e+02 2.47628e+02 2.62318e+02 2.08249e+02 2.15713e+02 2.50006e+02 2.58302e+02 2.62583e+02
2.66543e+01 9.42941e+01 1.82472e+02 2.46360e+02 2.61945e+02 2.06193e+02 2.13813e+02 2.48656e+02 2.57278e+02 2.61873e+02
2.63949e+01 9.29608e+01 1.80515e+02 2.45174e+02 2.61594e+02 2.04279e+02 2.12038e+02 2.47376e+02 2.56300e+02 2.61195e+02
2.61581e+01 9.17495e+01 1.78723e+02 2.44066e+02 2.61267e+02 2.02496e+02 2.10379e+02 2.46163e+02 2.55367e+02 2.60548e+02
2.59415e+01 9.06471e+01 1.77082e+02 2.43031e+02 2.60960e+02 2.00833e+02 2.08825e+02 2.45016e+02 2.54482e+02 2.59933e+02
2.57428e+01 8.96421e+01 1.75577e+02 2.42065e+02 2.60674e+02 1.99279e+02 2.07370e+02 2.43932e+02 2.53642e+02 2.59349e+02
2.55600e+01 8.87245e+01 1.74196e+02 2.41165e+02 2.60407e+02 1.97824e+02 2.06005e+02 2.42909e+02 2.52847e+02 2.58798e+02
2.53915e+01 8.78854e+01 1.72927e+02 2.40325e+02 2.60159e+02 1.96462e+02 2.04724e+02 2.41944e+02 2.52095e+02 2.58276e+02
2.52359e+01 8.71169e+01 1.71760e+02 2.39543e+02 2.59927e+02 1.95184e+02 2.03520e+02 2.41035e+02 2.51386e+02 2.57784e+02
2.50919e+01 8.64123e+01 1.70687e+02 2.38813e+02 2.59710e+02 1.93985e+02 2.02390e+02 2.40177e+02 2.50716e+02 2.57320e+02
2.49585e+01 8.57651e+01 1.69698e+02 2.38133e+02 2.59509e+02 1.92857e+02 2.01326e+02 2.39370e+02 2.50085e+02 2.56882e+02
2.48346e+01 8.51701e+01 1.68787e+02 2.37500e+02 2.59321e+02 1.91797e+02 2.00325e+02 2.38610e+02 2.49491e+02 2.56471e+02
2.47194e+01 8.46224e+01 1.67946e+02 2.36909e+02 2.59145e+02 1.90799e+02 1.99382e+02 2.37894e+02 2.48931e+02 2.56083e+02
2.46122e+01 8.41175e+01 1.67169e+02 2.36357e+02 2.58982e+02 1.89859e+02 1.98493e+02 2.37220e+02 2.48403e+02 2.55719e+02
2.45123e+01 8.36516e+01 1.66451e+02 2.35843e+02 2.58829e+02 1.88973e+02 1.97656e+02 2.36585e+02 2.47907e+02 2.55376e+02
2.44191e+01 8.32213e+01 1.65787e+02 2.35363e+02 2.58687e+02 1.88137e+02 1.96865e+02 2.35987e+02 2.47440e+02 2.55054e+02
2.43320e+01 8.28233e+01 1.65172e+02 2.34915e+02 2.58554e+02 1.87348e+02 1.96119e+02 2.35423e+02 2.47000e+02 2.54751e+02
2.42506e+01 8.24549e+01 1.64603e+02 2.34497e+02 2.58430e+02 1.86603e+02 1.95415e+02 2.34893e+02 2.46586e+02 2.54465e+02
2.41744e+01 8.21136e+01 1.64074e+02 2.34106e+02 2.58315e+02 1.85899e+02 1.94750e+02 2.34393e+02 2.46196e+02 2.54197e+02
2.41030e+01 8.17970e+01 1.63584e+02 2.33741e+02 2.58206e+02 1.85233e+02 1.94121e+02 2.33922e+02 2.45829e+02 2.53945e+02
