2.70000e+02 2.70000e+02 2.70000e+02 2.71102e+02 2.68224e+02 2.72438e+02 2.72463e+02 2.72538e+02 2.72368e+02 2.72088e+02
2.70000e+02 2.70000e+02 2.70000e+02 2.71102e+02 2.68224e+02 2.72438e+02 2.72463e+02 2.72538e+02 2.72368e+02 2.72088e+02
5.00000e+01 1.50000e+02 2.50000e+02 2.70884e+02 2.68207e+02 2.71441e+02 2.71349e+02 2.72452e+02 2.72299e+02 2.71988e+02
4.02988e+01 1.50000e+02 2.46325e+02 2.70502e+02 2.68161e+02 2.67765e+02 2.67569e+02 2.72228e+02 2.72192e+02 2.71905e+02
3.73960e+01 1.50000e+02 2.41915e+02 2.69895e+02 2.68080e+02 2.62548e+02 2.62597e+02 2.71662e+02 2.72004e+02 2.71786e+02
3.52678e+01 1.41532e+02 2.37222e+02 2.68979e+02 2.67953e+02 2.56854e+02 2.57463e+02 2.70683e+02 2.71653e+02 2.71583e+02
3.37840e+01 1.35027e+02 2.32018e+02 2.67742e+02 2.67768e+02 2.51175e+02 2.52509e+02 2.69347e+02 2.71096e+02 2.71268e+02
3.26625e+01 1.29052e+02 2.26483e+02 2.66233e+02 2.67530e+02 2.45729e+02 2.47836e+02 2.67749e+02 2.70337e+02 2.70835e+02
3.17701e+01 1.23798e+02 2.21029e+02 2.64526e+02 2.67247e+02 2.40616e+02 2.43470e+02 2.65974e+02 2.69404e+02 2.70296e+02
3.10365e+01 1.19215e+02 2.15855e+02 2.62699e+02 2.66934e+02 2.35868e+02 2.39411e+02 2.64089e+02 2.68333e+02 2.69669e+02
3.04199e+01 1.15213e+02 2.11040e+02 2.60818e+02 2.66603e+02 2.31488e+02 2.35645e+02 2.62148e+02 2.67162e+02 2.68976e+02
2.98933e+01 1.11702e+02 2.06603e+02 2.58933e+02 2.66266e+02 2.27457e+02 2.32155e+02 2.60188e+02 2.65924e+02 2.68238e+02
2.94380e+01 1.08609e+02 2.02538e+02 2.57080e+02 2.65930e+02 2.23752e+02 2.28920e+02 2.58239e+02 2.64647e+02 2.67473e+02
2.89550e+01 1.05865e+02 1.98824e+02 2.55284e+02 2.65601e+02 2.20346e+02 2.25919e+02 2.56322e+02 2.63355e+02 2.66696e+02
2.84693e+01 1.03401e+02 1.95436e+02 2.53561e+02 2.65283e+02 2.17210e+02 2.23131e+02 2.54452e+02 2.62066e+02 2.65919e+02
2.80321e+01 1.01181e+02 1.92344e+02 2.51920e+02 2.64979e+02 2.14316e+02 2.20536e+02 2.52640e+02 2.60795e+02 2.65152e+02
2.76393e+01 9.91797e+01 1.89521e+02 2.50366e+02 2.64690e+02 2.11639e+02 2.18116e+02 2.50893e+02 2.59551e+02 2.64403e+02
2.72852e+01 9.73729e+01 1.86942e+02 2.48899e+02 2.64416e+02 2.09157e+02 2.15857e+02 2.49215e+02 2.58343e+02 2.63675e+02
2.69648e+01 9.57388e+01 1.84583e+02 2.47519e+02 2.64158e+02 2.06852e+02 2.13744e+02 2.47609e+02 2.57177e+02 2.62974e+02
2.66739e+01 9.42579e+01 1.82425e+02 2.46224e+02 2.63915e+02 2.04706e+02 2.11766e+02 2.46075e+02 2.56055e+02 2.62301e+02
2.64088e+01 9.29135e+01 1.80449e+02 2.45009e+02 2.63687e+02 2.02704e+02 2.09911e+02 2.44613e+02 2.54979e+02 2.61657e+02
2.61664e+01 9.16906e+01 1.78637e+02 2.43872e+02 2.63473e+02 2.00834e+02 2.08169e+02 2.43222e+02 2.53951e+02 2.61043e+02
2.59442e+01 9.05763e+01 1.76975e+02 2.42808e+02 2.63273e+02 1.99082e+02 2.06533e+02 2.41901e+02 2.52971e+02 2.60459e+02
2.57397e+01 8.95591e+01 1.75449e+02 2.41813e+02 2.63086e+02 1.97441e+02 2.04994e+02 2.40645e+02 2.52037e+02 2.59904e+02
2.55512e+01 8.86290e+01 1.74046e+02 2.40883e+02 2.62911e+02 1.95899e+02 2.03544e+02 2.39454e+02 2.51150e+02 2.59379e+02
2.53770e+01 8.77771e+01 1.72755e+02 2.40013e+02 2.62748e+02 1.94450e+02 2.02178e+02 2.38325e+02 2.50307e+02 2.58881e+02
2.52156e+01 8.69958e+01 1.71566e+02 2.39200e+02 2.62595e+02 1.93086e+02 2.00889e+02 2.37255e+02 2.49507e+02 2.58410e+02
2.50659e+01 8.62779e+01 1.70470e+02 2.38440e+02 2.62452e+02 1.91801e+02 1.99673e+02 2.36240e+02 2.48749e+02 2.57965e+02
2.49266e+01 8.56175e+01 1.69458e+02 2.37730e+02 2.62318e+02 1.90589e+02 1.98524e+02 2.35279e+02 2.48030e+02 2.57544e+02
2.47969e+01 8.50090e+01 1.68523e+02 2.37065e+02 2.62193e+02 1.89445e+02 1.97438e+02 2.34368e+02 2.47349e+02 2.57146e+02
2.46760e+01 8.44476e+01 1.67659e+02 2.36442e+02 2.62075e+02 1.88364e+02 1.96411e+02 2.33505e+02 2.46703e+02 2.56771e+02
2.45630e+01 8.39290e+01 1.66859e+02 2.35860e+02 2.61966e+02 1.87342e+02 1.95440e+02 2.32688e+02 2.46092e+02 2.56416e+02
2.44573e+01 8.34494e+01 1.66117e+02 2.35314e+02 2.61863e+02 1.86375e+02 1.94520e+02 2.31913e+02 2.45513e+02 2.56081e+02
2.43584e+01 8.30051e+01 1.65429e+02 2.34802e+02 2.61767e+02 1.85460e+02 1.93649e+02 2.31179e+02 2.44964e+02 2.55764e+02
2.42656e+01 8.25932e+01 1.64790e+02 2.34322e+02 2.61677e+02 1.84594e+02 1.92824e+02 2.30483e+02 2.44445e+02 2.55465e+02
2.41785e+01 8.22109e+01 1.64196e+02 2.33872e+02 2.61592e+02 1.83772e+02 1.92041e+02 2.29823e+02 2.43952e+02 2.55183e+02
2.40968e+01 8.18555e+01 1.63644e+02 2.33450e+02 2.61513e+02 1.82994e+02 1.91299e+02 2.29197e+02 2.43485e+02 2.54915e+02
2.40199e+01 8.15249e+01 1.63129e+02 2.33053e+02 2.61438e+02 1.82255e+02 1.90595e+02 2.28603e+02 2.43043e+02 2.54663e+02
