2.70000000e+02
5.00000000e+01
4.00642750e+01
3.71319660e+01
3.50423600e+01
3.35896300e+01
3.24907110e+01
3.16150850e+01
3.08943240e+01
3.02878910e+01
2.97695290e+01
2.93200740e+01
2.87958190e+01
2.83137990e+01
2.78817880e+01
2.74942010e+01
2.71453100e+01
2.68300980e+01
2.65442970e+01
2.62842990e+01
2.60470440e+01
2.58299300e+01
2.56307320e+01
2.54475370e+01
2.52786960e+01
2.51227730e+01
2.49785180e+01
2.48448350e+01
2.47207580e+01
2.46054330e+01
2.44981020e+01
2.43980900e+01
2.43047920e+01
2.42176670e+01
2.41362250e+01
2.40600260e+01
2.39886720e+01
2.70000000e+02
1.50000000e+02
1.50000000e+02
1.50000000e+02
1.41403144e+02
1.34871558e+02
1.28896795e+02
1.23655984e+02
1.19091529e+02
1.15109072e+02
1.11619064e+02
1.08545535e+02
1.05813769e+02
1.03360504e+02
1.01154331e+02
9.91683520e+01
9.73777200e+01
9.57602440e+01
9.42964170e+01
9.29691730e+01
9.17635980e+01
9.06666420e+01
8.96668610e+01
8.87541980e+01
8.79197940e+01
8.71558260e+01
8.64553690e+01
8.58122820e+01
8.52211070e+01
8.46769810e+01
8.41755630e+01
8.37129750e+01
8.32857390e+01
8.28907370e+01
8.25251630e+01
8.21864920e+01
8.18724470e+01
2.70000000e+02
2.50000000e+02
2.46154811e+02
2.41666735e+02
2.36944664e+02
2.31729261e+02
2.26199775e+02
2.20765228e+02
2.15618478e+02
2.10834723e+02
2.06432689e+02
2.02404091e+02
1.98728050e+02
1.95377417e+02
1.92323006e+02
1.89537221e+02
1.86994987e+02
1.84673579e+02
1.82552382e+02
1.80612701e+02
1.78837603e+02
1.77211772e+02
1.75721374e+02
1.74353920e+02
1.73098141e+02
1.71943874e+02
1.70881953e+02
1.69904106e+02
1.69002871e+02
1.68171505e+02
1.67403919e+02
1.66694606e+02
1.66038585e+02
1.65431342e+02
1.64868787e+02
1.64347212e+02
1.63863246e+02
2.70269676e+02
2.70170540e+02
2.69869484e+02
2.69321857e+02
2.68451941e+02
2.67252622e+02
2.65777546e+02
2.64104914e+02
2.62313709e+02
2.60470603e+02
2.58626281e+02
2.56816711e+02
2.55066078e+02
2.53389611e+02
2.51796032e+02
2.50289413e+02
2.48870641e+02
2.47538505e+02
2.46290451e+02
2.45123090e+02
2.44032543e+02
2.43014678e+02
2.42065271e+02
2.41180116e+02
2.40355098e+02
2.39586246e+02
2.38869765e+02
2.38202049e+02
2.37579699e+02
2.36999518e+02
2.36458514e+02
2.35953893e+02
2.35483050e+02
2.35043565e+02
2.34633188e+02
2.34249834e+02
2.33891568e+02
2.68031477e+02
2.68026676e+02
2.67999713e+02
2.67938969e+02
2.67832209e+02
2.67671809e+02
2.67460664e+02
2.67208919e+02
2.66929280e+02
2.66633828e+02
2.66332496e+02
2.66032744e+02
2.65739825e+02
2.65457233e+02
2.65187136e+02
2.64930735e+02
2.64688546e+02
2.64460622e+02
2.64246707e+02
2.64046350e+02
2.63858980e+02
2.63683955e+02
2.63520599e+02
2.63368225e+02
2.63226155e+02
2.63093724e+02
2.62970293e+02
2.62855253e+02
2.62748026e+02
2.62648066e+02
2.62554862e+02
2.62467935e+02
2.62386837e+02
2.62311152e+02
2.62240492e+02
2.62174498e+02
2.62112836e+02
2.71502382e+02
2.70746193e+02
2.67617547e+02
2.62915466e+02
2.57618170e+02
2.52226577e+02
2.46985451e+02
2.42012757e+02
2.37358722e+02
2.33036599e+02
2.29039787e+02
2.25351531e+02
2.21950261e+02
2.18811980e+02
2.15912893e+02
2.13231072e+02
2.10746618e+02
2.08441564e+02
2.06299759e+02
2.04306718e+02
2.02449478e+02
2.00716439e+02
1.99097217e+02
1.97582509e+02
1.96163966e+02
1.94834080e+02
1.93586085e+02
1.92413871e+02
1.91311901e+02
1.90275150e+02
1.89299044e+02
1.88379408e+02
1.87512424e+02
1.86694590e+02
1.85922687e+02
1.85193754e+02
1.84505056e+02
2.71530154e+02
2.70503227e+02
2.66934742e+02
2.62214149e+02
2.57318437e+02
2.52574254e+02
2.48081948e+02
2.43870748e+02
2.39943563e+02
2.36291652e+02
2.32900659e+02
2.29753675e+02
2.26832741e+02
2.24119082e+02
2.21595035e+02
2.19244879e+02
2.17054449e+02
2.15010873e+02
2.13102452e+02
2.11318554e+02
2.09649526e+02
2.08086598e+02
2.06621801e+02
2.05247880e+02
2.03958229e+02
2.02746814e+02
2.01608124e+02
2.00537109e+02
1.99529140e+02
1.98579961e+02
1.97685657e+02
1.96842618e+02
1.96047514e+02
1.95297262e+02
1.94589012e+02
1.93920120e+02
1.93288134e+02
2.71619545e+02
2.71601466e+02
2.71454665e+02
2.70979746e+02
2.70108930e+02
2.68900105e+02
2.67446577e+02
2.65832683e+02
2.64124071e+02
2.62369546e+02
2.60604933e+02
2.58856391e+02
2.57142852e+02
2.55477774e+02
2.53870352e+02
2.52326533e+02
2.50849850e+02
2.49442039e+02
2.48103485e+02
2.46833561e+02
2.45630890e+02
2.44493551e+02
2.43419243e+02
2.42405413e+02
2.41449352e+02
2.40548275e+02
2.39699376e+02
2.38899874e+02
2.38147045e+02
2.37438244e+02
2.36770920e+02
2.36142633e+02
2.35551051e+02
2.34993963e+02
2.34469272e+02
2.33974996e+02
2.33509270e+02
2.71587170e+02
2.71579297e+02
2.71545533e+02
2.71415541e+02
2.71111302e+02
2.70600856e+02
2.69895197e+02
2.69026378e+02
2.68031968e+02
2.66947742e+02
2.65805008e+02
2.64629962e+02
2.63443874e+02
2.62263584e+02
2.61102075e+02
2.59969061e+02
2.58871577e+02
2.57814503e+02
2.56801009e+02
2.55832931e+02
2.54911059e+02
2.54035389e+02
2.53205312e+02
2.52419773e+02
2.51677396e+02
2.50976581e+02
2.50315582e+02
2.49692567e+02
2.49105667e+02
2.48553005e+02
2.48032732e+02
2.47543037e+02
2.47082167e+02
2.46648437e+02
2.46240233e+02
2.45856017e+02
2.45494332e+02
2.71492622e+02
2.71477523e+02
2.71455670e+02
2.71381575e+02
2.71207957e+02
2.70906937e+02
2.70474713e+02
2.69924107e+02
2.69276106e+02
2.68554016e+02
2.67780145e+02
2.66974219e+02
2.66152871e+02
2.65329539e+02
2.64514797e+02
2.63716701e+02
2.62941190e+02
2.62192477e+02
2.61473398e+02
2.60785700e+02
2.60130285e+02
2.59507400e+02
2.58916800e+02
2.58357872e+02
2.57829732e+02
2.57331307e+02
2.56861399e+02
2.56418728e+02
2.56001974e+02
2.55609805e+02
2.55240896e+02
2.54893949e+02
2.54567701e+02
2.54260936e+02
2.53972488e+02
2.53701243e+02
2.53446145e+02
