2.70000e+02 2.70000e+02 2.70000e+02 2.71314e+02 2.68205e+02 2.76361e+02 2.75954e+02 2.74089e+02 2.73313e+02 2.72708e+02
2.70000e+02 2.70000e+02 2.70000e+02 2.71314e+02 2.68205e+02 2.76361e+02 2.75954e+02 2.74089e+02 2.73313e+02 2.72708e+02
5.00000e+01 1.50000e+02 2.50000e+02 2.71188e+02 2.68198e+02 2.75424e+02 2.74675e+02 2.74007e+02 2.73244e+02 2.72588e+02
4.01135e+01 1.50000e+02 2.46402e+02 2.70868e+02 2.68167e+02 2.72224e+02 2.70916e+02 2.73775e+02 2.73137e+02 2.72498e+02
3.72033e+01 1.50000e+02 2.42050e+02 2.70307e+02 2.68104e+02 2.67530e+02 2.66072e+02 2.73205e+02 2.72951e+02 2.72378e+02
3.51126e+01 1.41506e+02 2.37405e+02 2.69432e+02 2.67995e+02 2.62247e+02 2.61083e+02 2.72240e+02 2.72610e+02 2.72173e+02
3.36557e+01 1.35034e+02 2.32248e+02 2.68233e+02 2.67834e+02 2.56846e+02 2.56255e+02 2.70944e+02 2.72077e+02 2.71852e+02
3.25526e+01 1.29094e+02 2.26758e+02 2.66762e+02 2.67623e+02 2.51565e+02 2.51681e+02 2.69408e+02 2.71356e+02 2.71406e+02
3.16734e+01 1.23871e+02 2.21346e+02 2.65094e+02 2.67372e+02 2.46528e+02 2.47388e+02 2.67715e+02 2.70475e+02 2.70846e+02
3.09495e+01 1.19315e+02 2.16214e+02 2.63307e+02 2.67093e+02 2.41793e+02 2.43379e+02 2.65928e+02 2.69466e+02 2.70191e+02
3.03403e+01 1.15338e+02 2.11439e+02 2.61466e+02 2.66798e+02 2.37379e+02 2.39645e+02 2.64096e+02 2.68366e+02 2.69462e+02
2.98195e+01 1.11850e+02 2.07042e+02 2.59622e+02 2.66497e+02 2.33286e+02 2.36173e+02 2.62253e+02 2.67204e+02 2.68681e+02
2.93688e+01 1.08778e+02 2.03017e+02 2.57811e+02 2.66198e+02 2.29499e+02 2.32945e+02 2.60428e+02 2.66007e+02 2.67867e+02
2.88626e+01 1.06050e+02 1.99344e+02 2.56057e+02 2.65904e+02 2.26000e+02 2.29944e+02 2.58638e+02 2.64797e+02 2.67037e+02
2.83788e+01 1.03600e+02 1.95994e+02 2.54375e+02 2.65621e+02 2.22765e+02 2.27152e+02 2.56897e+02 2.63591e+02 2.66203e+02
2.79442e+01 1.01395e+02 1.92940e+02 2.52775e+02 2.65350e+02 2.19773e+02 2.24551e+02 2.55216e+02 2.62403e+02 2.65378e+02
2.75538e+01 9.94096e+01 1.90154e+02 2.51261e+02 2.65092e+02 2.17001e+02 2.22126e+02 2.53600e+02 2.61242e+02 2.64568e+02
2.72020e+01 9.76183e+01 1.87610e+02 2.49833e+02 2.64849e+02 2.14430e+02 2.19862e+02 2.52053e+02 2.60115e+02 2.63781e+02
2.68838e+01 9.59993e+01 1.85286e+02 2.48491e+02 2.64619e+02 2.12041e+02 2.17747e+02 2.50577e+02 2.59029e+02 2.63020e+02
2.65950e+01 9.45333e+01 1.83161e+02 2.47233e+02 2.64404e+02 2.09818e+02 2.15769e+02 2.49172e+02 2.57987e+02 2.62288e+02
2.63319e+01 9.32033e+01 1.81216e+02 2.46055e+02 2.64202e+02 2.07747e+02 2.13917e+02 2.47837e+02 2.56990e+02 2.61587e+02
2.60915e+01 9.19944e+01 1.79436e+02 2.44953e+02 2.64013e+02 2.05814e+02 2.12182e+02 2.46573e+02 2.56039e+02 2.60919e+02
2.58713e+01 9.08937e+01 1.77804e+02 2.43924e+02 2.63836e+02 2.04008e+02 2.10555e+02 2.45375e+02 2.55135e+02 2.60283e+02
2.56689e+01 8.98897e+01 1.76307e+02 2.42962e+02 2.63670e+02 2.02319e+02 2.09028e+02 2.44243e+02 2.54278e+02 2.59679e+02
2.54826e+01 8.89725e+01 1.74932e+02 2.42065e+02 2.63516e+02 2.00736e+02 2.07594e+02 2.43174e+02 2.53465e+02 2.59107e+02
2.53106e+01 8.81332e+01 1.73669e+02 2.41228e+02 2.63372e+02 1.99252e+02 2.06246e+02 2.42164e+02 2.52697e+02 2.58566e+02
2.51516e+01 8.73641e+01 1.72506e+02 2.40447e+02 2.63238e+02 1.97859e+02 2.04978e+02 2.41212e+02 2.51970e+02 2.58055e+02
2.50042e+01 8.66583e+01 1.71436e+02 2.39719e+02 2.63112e+02 1.96549e+02 2.03784e+02 2.40313e+02 2.51284e+02 2.57573e+02
2.48675e+01 8.60097e+01 1.70449e+02 2.39039e+02 2.62995e+02 1.95318e+02 2.02660e+02 2.39466e+02 2.50637e+02 2.57118e+02
2.47404e+01 8.54128e+01 1.69539e+02 2.38405e+02 2.62886e+02 1.94159e+02 2.01601e+02 2.38667e+02 2.50027e+02 2.56689e+02
2.46222e+01 8.48629e+01 1.68698e+02 2.37813e+02 2.62784e+02 1.93067e+02 2.00602e+02 2.37915e+02 2.49451e+02 2.56285e+02
2.45119e+01 8.43556e+01 1.67922e+02 2.37260e+02 2.62689e+02 1.92037e+02 1.99660e+02 2.37205e+02 2.48909e+02 2.55905e+02
2.44091e+01 8.38871e+01 1.67203e+02 2.36744e+02 2.62600e+02 1.91066e+02 1.98771e+02 2.36536e+02 2.48398e+02 2.55546e+02
2.43130e+01 8.34540e+01 1.66538e+02 2.36262e+02 2.62517e+02 1.90149e+02 1.97931e+02 2.35906e+02 2.47917e+02 2.55209e+02
2.42232e+01 8.30530e+01 1.65921e+02 2.35811e+02 2.62439e+02 1.89284e+02 1.97137e+02 2.35311e+02 2.47464e+02 2.54892e+02
2.41391e+01 8.26815e+01 1.65349e+02 2.35390e+02 2.62367e+02 1.88465e+02 1.96387e+02 2.34751e+02 2.47036e+02 2.54593e+02
2.40603e+01 8.23369e+01 1.64818e+02 2.34996e+02 2.62299e+02 1.87692e+02 1.95678e+02 2.34222e+02 2.46634e+02 2.54311e+02
2.39864e+01 8.20171e+01 1.64325e+02 2.34628e+02 2.62236e+02 1.86960e+02 1.95007e+02 2.33723e+02 2.46254e+02 2.54046e+02
