2.70000e+02 2.70000e+02 2.70000e+02 2.71069e+02 2.68198e+02 2.74084e+02 2.73924e+02 2.73084e+02 2.72688e+02 2.72180e+02
2.70000e+02 2.70000e+02 2.70000e+02 2.71069e+02 2.68198e+02 2.74084e+02 2.73924e+02 2.73084e+02 2.72688e+02 2.72180e+02
5.00000e+01 1.50000e+02 2.50000e+02 2.70907e+02 2.68188e+02 2.73060e+02 2.72784e+02 2.73011e+02 2.72626e+02 2.72113e+02
4.00672e+01 1.50000e+02 2.46332e+02 2.70565e+02 2.68152e+02 2.69445e+02 2.69078e+02 2.72800e+02 2.72532e+02 2.72051e+02
3.71597e+01 1.50000e+02 2.41928e+02 2.69988e+02 2.68082e+02 2.64341e+02 2.64223e+02 2.72252e+02 2.72337e+02 2.71948e+02
3.50907e+01 1.41438e+02 2.37243e+02 2.69099e+02 2.67966e+02 2.58776e+02 2.59209e+02 2.71304e+02 2.71963e+02 2.71756e+02
3.36542e+01 1.34944e+02 2.32050e+02 2.67887e+02 2.67794e+02 2.53220e+02 2.54364e+02 2.70021e+02 2.71383e+02 2.71448e+02
3.25684e+01 1.29001e+02 2.26535e+02 2.66401e+02 2.67570e+02 2.47886e+02 2.49786e+02 2.68502e+02 2.70612e+02 2.71021e+02
3.17034e+01 1.23786e+02 2.21109e+02 2.64720e+02 2.67302e+02 2.42867e+02 2.45503e+02 2.66832e+02 2.69686e+02 2.70485e+02
3.09911e+01 1.19244e+02 2.15969e+02 2.62919e+02 2.67004e+02 2.38199e+02 2.41517e+02 2.65076e+02 2.68642e+02 2.69861e+02
3.03913e+01 1.15280e+02 2.11190e+02 2.61066e+02 2.66690e+02 2.33883e+02 2.37818e+02 2.63283e+02 2.67517e+02 2.69171e+02
2.98782e+01 1.11806e+02 2.06792e+02 2.59212e+02 2.66368e+02 2.29905e+02 2.34391e+02 2.61488e+02 2.66342e+02 2.68436e+02
2.94338e+01 1.08746e+02 2.02766e+02 2.57393e+02 2.66048e+02 2.26246e+02 2.31216e+02 2.59717e+02 2.65141e+02 2.67673e+02
2.89551e+01 1.06031e+02 1.99091e+02 2.55633e+02 2.65735e+02 2.22879e+02 2.28274e+02 2.57986e+02 2.63937e+02 2.66900e+02
2.84789e+01 1.03593e+02 1.95740e+02 2.53948e+02 2.65433e+02 2.19779e+02 2.25546e+02 2.56310e+02 2.62744e+02 2.66127e+02
2.80503e+01 1.01398e+02 1.92685e+02 2.52348e+02 2.65145e+02 2.16920e+02 2.23013e+02 2.54697e+02 2.61575e+02 2.65365e+02
2.76652e+01 9.94195e+01 1.89898e+02 2.50835e+02 2.64871e+02 2.14280e+02 2.20658e+02 2.53151e+02 2.60439e+02 2.64621e+02
2.73180e+01 9.76339e+01 1.87354e+02 2.49412e+02 2.64612e+02 2.11836e+02 2.18466e+02 2.51677e+02 2.59343e+02 2.63900e+02
2.70041e+01 9.60197e+01 1.85029e+02 2.48077e+02 2.64369e+02 2.09571e+02 2.16424e+02 2.50275e+02 2.58291e+02 2.63207e+02
2.67193e+01 9.45577e+01 1.82905e+02 2.46828e+02 2.64141e+02 2.07468e+02 2.14519e+02 2.48945e+02 2.57285e+02 2.62543e+02
2.64601e+01 9.32312e+01 1.80962e+02 2.45661e+02 2.63928e+02 2.05512e+02 2.12741e+02 2.47686e+02 2.56328e+02 2.61910e+02
2.62234e+01 9.20256e+01 1.79183e+02 2.44571e+02 2.63729e+02 2.03691e+02 2.11079e+02 2.46497e+02 2.55419e+02 2.61309e+02
2.60068e+01 9.09281e+01 1.77554e+02 2.43556e+02 2.63543e+02 2.01993e+02 2.09524e+02 2.45375e+02 2.54558e+02 2.60739e+02
2.58080e+01 8.99274e+01 1.76060e+02 2.42611e+02 2.63369e+02 2.00408e+02 2.08068e+02 2.44317e+02 2.53744e+02 2.60200e+02
2.56251e+01 8.90136e+01 1.74690e+02 2.41730e+02 2.63208e+02 1.98925e+02 2.06704e+02 2.43321e+02 2.52976e+02 2.59692e+02
2.54566e+01 8.81780e+01 1.73432e+02 2.40911e+02 2.63058e+02 1.97537e+02 2.05425e+02 2.42384e+02 2.52252e+02 2.59213e+02
2.53011e+01 8.74129e+01 1.72276e+02 2.40149e+02 2.62918e+02 1.96237e+02 2.04224e+02 2.41503e+02 2.51570e+02 2.58762e+02
2.51572e+01 8.67113e+01 1.71213e+02 2.39440e+02 2.62788e+02 1.95017e+02 2.03097e+02 2.40674e+02 2.50929e+02 2.58339e+02
2.50238e+01 8.60674e+01 1.70234e+02 2.38780e+02 2.62667e+02 1.93872e+02 2.02038e+02 2.39895e+02 2.50326e+02 2.57941e+02
2.49001e+01 8.54755e+01 1.69333e+02 2.38166e+02 2.62554e+02 1.92796e+02 2.01042e+02 2.39163e+02 2.49759e+02 2.57567e+02
2.47852e+01 8.49309e+01 1.68503e+02 2.37595e+02 2.62449e+02 1.91785e+02 2.00105e+02 2.38475e+02 2.49227e+02 2.57216e+02
2.46783e+01 8.44293e+01 1.67736e+02 2.37063e+02 2.62351e+02 1.90833e+02 1.99223e+02 2.37829e+02 2.48727e+02 2.56887e+02
2.45788e+01 8.39668e+01 1.67029e+02 2.36568e+02 2.62261e+02 1.89937e+02 1.98393e+02 2.37222e+02 2.48257e+02 2.56578e+02
2.44860e+01 8.35399e+01 1.66375e+02 2.36107e+02 2.62176e+02 1.89093e+02 1.97610e+02 2.36651e+02 2.47816e+02 2.56289e+02
2.43994e+01 8.31455e+01 1.65770e+02 2.35677e+02 2.62097e+02 1.88297e+02 1.96872e+02 2.36114e+02 2.47402e+02 2.56017e+02
2.43185e+01 8.27807e+01 1.65211e+02 2.35277e+02 2.62024e+02 1.87546e+02 1.96177e+02 2.35610e+02 2.47013e+02 2.55762e+02
2.42429e+01 8.24431e+01 1.64693e+02 2.34904e+02 2.61955e+02 1.86838e+02 1.95520e+02 2.35135e+02 2.46648e+02 2.55523e+02
2.41721e+01 8.21303e+01 1.64213e+02 2.34555e+02 2.61891e+02 1.86168e+02 1.94900e+02 2.34689e+02 2.46304e+02 2.55299e+02
