2.70000e+02 2.70000e+02 2.70000e+02 2.68944e+02 2.67831e+02 2.69702e+02 2.69744e+02 2.69884e+02 2.70137e+02 2.70594e+02
2.70000e+02 2.70000e+02 2.70000e+02 2.68944e+02 2.67831e+02 2.69702e+02 2.69744e+02 2.69884e+02 2.70137e+02 2.70594e+02
5.00000e+01 1.50000e+02 2.50000e+02 2.68995e+02 2.67839e+02 2.68764e+02 2.68917e+02 2.69965e+02 2.70230e+02 2.70685e+02
4.01783e+01 1.50000e+02 2.45687e+02 2.68823e+02 2.67832e+02 2.65034e+02 2.65603e+02 2.69933e+02 2.70310e+02 2.70748e+02
3.72156e+01 1.50000e+02 2.41234e+02 2.68389e+02 2.67787e+02 2.59814e+02 2.61055e+02 2.69572e+02 2.70275e+02 2.70748e+02
3.50843e+01 1.41306e+02 2.36448e+02 2.67623e+02 2.67690e+02 2.54197e+02 2.56268e+02 2.68796e+02 2.70043e+02 2.70647e+02
3.36047e+01 1.34658e+02 2.31168e+02 2.66521e+02 2.67532e+02 2.48647e+02 2.51595e+02 2.67650e+02 2.69578e+02 2.70422e+02
3.24893e+01 1.28591e+02 2.25585e+02 2.65135e+02 2.67317e+02 2.43363e+02 2.47151e+02 2.66221e+02 2.68892e+02 2.70071e+02
3.16039e+01 1.23283e+02 2.20111e+02 2.63544e+02 2.67056e+02 2.38425e+02 2.42975e+02 2.64595e+02 2.68017e+02 2.69608e+02
3.08776e+01 1.18670e+02 2.14937e+02 2.61825e+02 2.66764e+02 2.33857e+02 2.39073e+02 2.62842e+02 2.66995e+02 2.69054e+02
3.02684e+01 1.14654e+02 2.10137e+02 2.60048e+02 2.66452e+02 2.29651e+02 2.35441e+02 2.61017e+02 2.65867e+02 2.68431e+02
2.97490e+01 1.11142e+02 2.05726e+02 2.58261e+02 2.66134e+02 2.25787e+02 2.32064e+02 2.59160e+02 2.64665e+02 2.67759e+02
2.92985e+01 1.08056e+02 2.01696e+02 2.56503e+02 2.65815e+02 2.22239e+02 2.28927e+02 2.57304e+02 2.63421e+02 2.67057e+02
2.87753e+01 1.05317e+02 1.98024e+02 2.54798e+02 2.65503e+02 2.18978e+02 2.26012e+02 2.55470e+02 2.62159e+02 2.66341e+02
2.82951e+01 1.02862e+02 1.94682e+02 2.53161e+02 2.65202e+02 2.15975e+02 2.23299e+02 2.53677e+02 2.60896e+02 2.65624e+02
2.78651e+01 1.00659e+02 1.91638e+02 2.51602e+02 2.64913e+02 2.13204e+02 2.20772e+02 2.51934e+02 2.59648e+02 2.64913e+02
2.74795e+01 9.86779e+01 1.88866e+02 2.50126e+02 2.64638e+02 2.10640e+02 2.18413e+02 2.50252e+02 2.58427e+02 2.64217e+02
2.71326e+01 9.68943e+01 1.86338e+02 2.48733e+02 2.64378e+02 2.08263e+02 2.16210e+02 2.48634e+02 2.57239e+02 2.63542e+02
2.68192e+01 9.52851e+01 1.84032e+02 2.47423e+02 2.64133e+02 2.06054e+02 2.14148e+02 2.47083e+02 2.56090e+02 2.62889e+02
2.65350e+01 9.38302e+01 1.81926e+02 2.46195e+02 2.63903e+02 2.03998e+02 2.12218e+02 2.45602e+02 2.54984e+02 2.62263e+02
2.62763e+01 9.25122e+01 1.80001e+02 2.45043e+02 2.63687e+02 2.02079e+02 2.10407e+02 2.44189e+02 2.53924e+02 2.61663e+02
2.60401e+01 9.13157e+01 1.78241e+02 2.43966e+02 2.63484e+02 2.00285e+02 2.08707e+02 2.42844e+02 2.52910e+02 2.61092e+02
2.58237e+01 9.02277e+01 1.76628e+02 2.42958e+02 2.63295e+02 1.98605e+02 2.07110e+02 2.41565e+02 2.51942e+02 2.60548e+02
2.56249e+01 8.92363e+01 1.75151e+02 2.42017e+02 2.63118e+02 1.97030e+02 2.05607e+02 2.40350e+02 2.51019e+02 2.60032e+02
2.54417e+01 8.83315e+01 1.73794e+02 2.41137e+02 2.62952e+02 1.95551e+02 2.04191e+02 2.39198e+02 2.50142e+02 2.59542e+02
2.52726e+01 8.75043e+01 1.72549e+02 2.40315e+02 2.62797e+02 1.94160e+02 2.02857e+02 2.38104e+02 2.49309e+02 2.59079e+02
2.51161e+01 8.67467e+01 1.71403e+02 2.39547e+02 2.62653e+02 1.92850e+02 2.01598e+02 2.37068e+02 2.48517e+02 2.58640e+02
2.49710e+01 8.60518e+01 1.70349e+02 2.38830e+02 2.62518e+02 1.91615e+02 2.00410e+02 2.36085e+02 2.47766e+02 2.58225e+02
2.48361e+01 8.54134e+01 1.69377e+02 2.38159e+02 2.62392e+02 1.90450e+02 1.99288e+02 2.35154e+02 2.47054e+02 2.57834e+02
2.47106e+01 8.48261e+01 1.68480e+02 2.37532e+02 2.62274e+02 1.89350e+02 1.98226e+02 2.34271e+02 2.46378e+02 2.57463e+02
2.45936e+01 8.42851e+01 1.67652e+02 2.36945e+02 2.62163e+02 1.88311e+02 1.97223e+02 2.33435e+02 2.45738e+02 2.57114e+02
2.44844e+01 8.37858e+01 1.66886e+02 2.36396e+02 2.62060e+02 1.87327e+02 1.96272e+02 2.32642e+02 2.45131e+02 2.56783e+02
2.43823e+01 8.33246e+01 1.66178e+02 2.35882e+02 2.61963e+02 1.86396e+02 1.95372e+02 2.31890e+02 2.44555e+02 2.56471e+02
2.42866e+01 8.28979e+01 1.65521e+02 2.35400e+02 2.61872e+02 1.85514e+02 1.94519e+02 2.31177e+02 2.44009e+02 2.56176e+02
2.41970e+01 8.25027e+01 1.64911e+02 2.34948e+02 2.61787e+02 1.84678e+02 1.93710e+02 2.30501e+02 2.43491e+02 2.55897e+02
2.41129e+01 8.21362e+01 1.64346e+02 2.34525e+02 2.61708e+02 1.83885e+02 1.92943e+02 2.29860e+02 2.43000e+02 2.55634e+02
2.40340e+01 8.17959e+01 1.63820e+02 2.34127e+02 2.61633e+02 1.83133e+02 1.92215e+02 2.29251e+02 2.42534e+02 2.55384e+02
2.39597e+01 8.14795e+01 1.63330e+02 2.33753e+02 2.61563e+02 1.82418e+02 1.91524e+02 2.28673e+02 2.42092e+02 2.55148e+02
