2.70000e+02 2.70000e+02 2.70000e+02 2.71198e+02 2.68186e+02 2.73844e+02 2.73704e+02 2.73054e+02 2.72713e+02 2.72226e+02
2.70000e+02 2.70000e+02 2.70000e+02 2.71198e+02 2.68186e+02 2.73844e+02 2.73704e+02 2.73054e+02 2.72713e+02 2.72226e+02
5.00000e+01 1.50000e+02 2.50000e+02 2.70999e+02 2.68173e+02 2.73042e+02 2.72587e+02 2.72970e+02 2.72634e+02 2.72138e+02
4.00623e+01 1.50000e+02 2.46356e+02 2.70631e+02 2.68133e+02 2.69921e+02 2.68928e+02 2.72755e+02 2.72524e+02 2.72060e+02
3.71347e+01 1.50000e+02 2.41971e+02 2.70037e+02 2.68063e+02 2.65241e+02 2.64139e+02 2.72220e+02 2.72320e+02 2.71946e+02
3.50503e+01 1.41492e+02 2.37304e+02 2.69138e+02 2.67949e+02 2.59949e+02 2.59189e+02 2.71303e+02 2.71943e+02 2.71749e+02
3.36006e+01 1.35018e+02 2.32132e+02 2.67924e+02 2.67785e+02 2.54536e+02 2.54395e+02 2.70062e+02 2.71366e+02 2.71441e+02
3.25038e+01 1.29081e+02 2.26634e+02 2.66444e+02 2.67571e+02 2.49253e+02 2.49854e+02 2.68585e+02 2.70601e+02 2.71017e+02
3.16297e+01 1.23864e+02 2.21221e+02 2.64772e+02 2.67319e+02 2.44225e+02 2.45596e+02 2.66955e+02 2.69681e+02 2.70488e+02
3.09100e+01 1.19315e+02 2.16089e+02 2.62985e+02 2.67039e+02 2.39510e+02 2.41624e+02 2.65234e+02 2.68644e+02 2.69871e+02
3.03043e+01 1.15343e+02 2.11317e+02 2.61149e+02 2.66744e+02 2.35126e+02 2.37931e+02 2.63471e+02 2.67525e+02 2.69189e+02
2.97863e+01 1.11860e+02 2.06924e+02 2.59312e+02 2.66444e+02 2.31071e+02 2.34503e+02 2.61700e+02 2.66355e+02 2.68460e+02
2.93381e+01 1.08791e+02 2.02903e+02 2.57512e+02 2.66145e+02 2.27330e+02 2.31324e+02 2.59948e+02 2.65158e+02 2.67704e+02
2.88173e+01 1.06063e+02 1.99232e+02 2.55771e+02 2.65853e+02 2.23883e+02 2.28375e+02 2.58232e+02 2.63955e+02 2.66935e+02
2.83353e+01 1.03613e+02 1.95886e+02 2.54104e+02 2.65571e+02 2.20705e+02 2.25637e+02 2.56568e+02 2.62762e+02 2.66166e+02
2.79032e+01 1.01408e+02 1.92836e+02 2.52521e+02 2.65303e+02 2.17772e+02 2.23093e+02 2.54963e+02 2.61592e+02 2.65407e+02
2.75153e+01 9.94225e+01 1.90054e+02 2.51026e+02 2.65048e+02 2.15062e+02 2.20726e+02 2.53423e+02 2.60455e+02 2.64665e+02
2.71662e+01 9.76318e+01 1.87514e+02 2.49619e+02 2.64807e+02 2.12554e+02 2.18521e+02 2.51953e+02 2.59356e+02 2.63945e+02
2.68507e+01 9.60138e+01 1.85196e+02 2.48298e+02 2.64581e+02 2.10229e+02 2.16466e+02 2.50553e+02 2.58300e+02 2.63251e+02
2.65646e+01 9.45492e+01 1.83077e+02 2.47063e+02 2.64368e+02 2.08071e+02 2.14548e+02 2.49224e+02 2.57290e+02 2.62586e+02
2.63044e+01 9.32211e+01 1.81140e+02 2.45908e+02 2.64170e+02 2.06064e+02 2.12756e+02 2.47965e+02 2.56328e+02 2.61952e+02
2.60669e+01 9.20146e+01 1.79367e+02 2.44831e+02 2.63984e+02 2.04194e+02 2.11080e+02 2.46774e+02 2.55413e+02 2.61348e+02
2.58497e+01 9.09168e+01 1.77744e+02 2.43826e+02 2.63811e+02 2.02451e+02 2.09512e+02 2.45649e+02 2.54547e+02 2.60776e+02
2.56504e+01 8.99163e+01 1.76257e+02 2.42890e+02 2.63650e+02 2.00822e+02 2.08043e+02 2.44588e+02 2.53727e+02 2.60234e+02
2.54672e+01 8.90031e+01 1.74893e+02 2.42019e+02 2.63499e+02 1.99300e+02 2.06665e+02 2.43589e+02 2.52952e+02 2.59722e+02
2.52983e+01 8.81684e+01 1.73641e+02 2.41208e+02 2.63359e+02 1.97874e+02 2.05372e+02 2.42647e+02 2.52222e+02 2.59240e+02
2.51425e+01 8.74044e+01 1.72491e+02 2.40453e+02 2.63229e+02 1.96537e+02 2.04159e+02 2.41761e+02 2.51533e+02 2.58786e+02
2.49983e+01 8.67041e+01 1.71433e+02 2.39751e+02 2.63108e+02 1.95283e+02 2.03018e+02 2.40928e+02 2.50885e+02 2.58358e+02
2.48647e+01 8.60615e+01 1.70460e+02 2.39097e+02 2.62995e+02 1.94105e+02 2.01945e+02 2.40143e+02 2.50276e+02 2.57956e+02
2.47408e+01 8.54710e+01 1.69564e+02 2.38489e+02 2.62890e+02 1.92997e+02 2.00936e+02 2.39406e+02 2.49702e+02 2.57578e+02
2.46257e+01 8.49279e+01 1.68738e+02 2.37922e+02 2.62792e+02 1.91955e+02 1.99985e+02 2.38713e+02 2.49163e+02 2.57223e+02
2.45186e+01 8.44276e+01 1.67977e+02 2.37395e+02 2.62701e+02 1.90974e+02 1.99090e+02 2.38060e+02 2.48657e+02 2.56890e+02
2.44188e+01 8.39664e+01 1.67273e+02 2.36904e+02 2.62616e+02 1.90049e+02 1.98246e+02 2.37447e+02 2.48180e+02 2.56577e+02
2.43258e+01 8.35408e+01 1.66623e+02 2.36446e+02 2.62537e+02 1.89177e+02 1.97450e+02 2.36870e+02 2.47733e+02 2.56283e+02
2.42389e+01 8.31475e+01 1.66022e+02 2.36019e+02 2.62463e+02 1.88354e+02 1.96698e+02 2.36328e+02 2.47312e+02 2.56008e+02
2.41578e+01 8.27839e+01 1.65466e+02 2.35622e+02 2.62395e+02 1.87578e+02 1.95989e+02 2.35817e+02 2.46917e+02 2.55749e+02
2.40819e+01 8.24472e+01 1.64951e+02 2.35251e+02 2.62331e+02 1.86844e+02 1.95319e+02 2.35336e+02 2.46545e+02 2.55506e+02
2.40108e+01 8.21354e+01 1.64474e+02 2.34904e+02 2.62271e+02 1.86150e+02 1.94686e+02 2.34884e+02 2.46196e+02 2.55278e+02
