2.70000000e+02
5.00000000e+01
3.98792870e+01
3.68710850e+01
3.47757540e+01
3.33251000e+01
3.22307390e+01
3.13612480e+01
3.06476440e+01
3.00489890e+01
2.95387450e+01
2.90280850e+01
2.84977080e+01
2.80236720e+01
2.76012100e+01
2.72235110e+01
2.68844750e+01
2.65789280e+01
2.63025210e+01
2.60515990e+01
2.58230800e+01
2.56143490e+01
2.54231750e+01
2.52476480e+01
2.50861200e+01
2.49371630e+01
2.47995350e+01
2.46721460e+01
2.45540410e+01
2.44443760e+01
2.43424020e+01
2.42474550e+01
2.41589380e+01
2.40763210e+01
2.39991240e+01
2.39269160e+01
2.38593070e+01
2.70000000e+02
1.50000000e+02
1.50000000e+02
1.50000000e+02
1.41176231e+02
1.34522334e+02
1.28468084e+02
1.23178424e+02
1.18584375e+02
1.14585776e+02
1.11089546e+02
1.08013859e+02
1.05273834e+02
1.02820904e+02
1.00622698e+02
9.86495580e+01
9.68749350e+01
9.52755550e+01
9.38311740e+01
9.25242020e+01
9.13393440e+01
9.02632630e+01
8.92843000e+01
8.83922390e+01
8.75780990e+01
8.68339650e+01
8.61528470e+01
8.55285550e+01
8.49555950e+01
8.44290820e+01
8.39446620e+01
8.34984460e+01
8.30869550e+01
8.27070700e+01
8.23559930e+01
8.20312040e+01
8.17304350e+01
2.70000000e+02
2.50000000e+02
2.45650635e+02
2.41186860e+02
2.36394545e+02
2.31114264e+02
2.25538093e+02
2.20077700e+02
2.14920589e+02
2.10138407e+02
2.05747308e+02
2.01736937e+02
1.98084226e+02
1.94759917e+02
1.91734067e+02
1.88978786e+02
1.86468622e+02
1.84180410e+02
1.82093115e+02
1.80187675e+02
1.78446852e+02
1.76855087e+02
1.75398350e+02
1.74064000e+02
1.72840654e+02
1.71718057e+02
1.70686978e+02
1.69739095e+02
1.68866911e+02
1.68063660e+02
1.67323238e+02
1.66640132e+02
1.66009357e+02
1.65426404e+02
1.64887190e+02
1.64388014e+02
1.63925522e+02
2.68881988e+02
2.68901284e+02
2.68701636e+02
2.68246004e+02
2.67465119e+02
2.66352869e+02
2.64962021e+02
2.63370034e+02
2.61655560e+02
2.59885192e+02
2.58109703e+02
2.56365252e+02
2.54676258e+02
2.53058176e+02
2.51519927e+02
2.50065793e+02
2.48696892e+02
2.47412243e+02
2.46209501e+02
2.45085458e+02
2.44036387e+02
2.43058282e+02
2.42147020e+02
2.41298480e+02
2.40508620e+02
2.39773528e+02
2.39089458e+02
2.38452851e+02
2.37860345e+02
2.37308779e+02
2.36795192e+02
2.36316821e+02
2.35871090e+02
2.35455606e+02
2.35068147e+02
2.34706654e+02
2.34369218e+02
2.67800985e+02
2.67805672e+02
2.67795601e+02
2.67751027e+02
2.67659486e+02
2.67513827e+02
2.67317005e+02
2.67079052e+02
2.66812583e+02
2.66529640e+02
2.66240151e+02
2.65951597e+02
2.65669268e+02
2.65396697e+02
2.65136088e+02
2.64888678e+02
2.64655020e+02
2.64435206e+02
2.64229016e+02
2.64036034e+02
2.63855716e+02
2.63687444e+02
2.63530562e+02
2.63384400e+02
2.63248292e+02
2.63121585e+02
2.63003650e+02
2.62893886e+02
2.62791721e+02
2.62696616e+02
2.62608065e+02
2.62525595e+02
2.62448763e+02
2.62377158e+02
2.62310395e+02
2.62248122e+02
2.62190007e+02
2.68184316e+02
2.67577947e+02
2.64666685e+02
2.60212380e+02
2.55165702e+02
2.50010728e+02
2.44986687e+02
2.40212081e+02
2.35740023e+02
2.31587004e+02
2.27749144e+02
2.24211630e+02
2.20953721e+02
2.17951948e+02
2.15183311e+02
2.12626361e+02
2.10261404e+02
2.08070555e+02
2.06037693e+02
2.04148365e+02
2.02389648e+02
2.00750010e+02
1.99219156e+02
1.97787894e+02
1.96448003e+02
1.95192114e+02
1.94013611e+02
1.92906534e+02
1.91865505e+02
1.90885653e+02
1.89962557e+02
1.89092195e+02
1.88270895e+02
1.87495300e+02
1.86762332e+02
1.86069163e+02
1.85413191e+02
2.68428018e+02
2.67599918e+02
2.64283043e+02
2.59799978e+02
2.55117589e+02
2.50563146e+02
2.46241139e+02
2.42185285e+02
2.38402156e+02
2.34885654e+02
2.31623199e+02
2.28598974e+02
2.25795150e+02
2.23193261e+02
2.20776345e+02
2.18529026e+02
2.16437254e+02
2.14488197e+02
2.12670172e+02
2.10972568e+02
2.09385764e+02
2.07901038e+02
2.06510478e+02
2.05206904e+02
2.03983791e+02
2.02835196e+02
2.01755704e+02
2.00740364e+02
1.99784650e+02
1.98884412e+02
1.98035837e+02
1.97235422e+02
1.96479939e+02
1.95766410e+02
1.95092086e+02
1.94454424e+02
1.93851069e+02
2.69524933e+02
2.69597785e+02
2.69552684e+02
2.69188353e+02
2.68436451e+02
2.67350562e+02
2.66018866e+02
2.64522013e+02
2.62923811e+02
2.61272590e+02
2.59604473e+02
2.57946262e+02
2.56317618e+02
2.54732641e+02
2.53201085e+02
2.51729398e+02
2.50321547e+02
2.48979612e+02
2.47704242e+02
2.46495008e+02
2.45350681e+02
2.44269447e+02
2.43249087e+02
2.42287107e+02
2.41380847e+02
2.40527557e+02
2.39724463e+02
2.38968814e+02
2.38257909e+02
2.37589131e+02
2.36959958e+02
2.36367975e+02
2.35810883e+02
2.35286501e+02
2.34792768e+02
2.34327739e+02
2.33889585e+02
2.69919562e+02
2.70000651e+02
2.70073979e+02
2.70045230e+02
2.69839681e+02
2.69425989e+02
2.68813651e+02
2.68033183e+02
2.67121328e+02
2.66113726e+02
2.65041994e+02
2.63932872e+02
2.62808251e+02
2.61685571e+02
2.60578345e+02
2.59496749e+02
2.58448208e+02
2.57437925e+02
2.56469331e+02
2.55544458e+02
2.54664246e+02
2.53828797e+02
2.53037580e+02
2.52289592e+02
2.51583489e+02
2.50917693e+02
2.50290469e+02
2.49699994e+02
2.49144400e+02
2.48621814e+02
2.48130390e+02
2.47668321e+02
2.47233861e+02
2.46825332e+02
2.46441132e+02
2.46079737e+02
2.45739704e+02
2.70253061e+02
2.70368218e+02
2.70437123e+02
2.70440210e+02
2.70338182e+02
2.70106504e+02
2.69742047e+02
2.69257284e+02
2.68672706e+02
2.68011276e+02
2.67295176e+02
2.66544177e+02
2.65775034e+02
2.65001390e+02
2.64234019e+02
2.63481171e+02
2.62748968e+02
2.62041786e+02
2.61362602e+02
2.60713279e+02
2.60094812e+02
2.59507522e+02
2.58951222e+02
2.58425340e+02
2.57929028e+02
2.57461239e+02
2.57020796e+02
2.56606436e+02
2.56216857e+02
2.55850740e+02
2.55506777e+02
2.55183686e+02
2.54880221e+02
2.54595183e+02
2.54327427e+02
2.54075859e+02
2.53839447e+02
