2.70000e+02 2.70000e+02 2.70000e+02 2.70162e+02 2.68048e+02 2.71586e+02 2.71588e+02 2.71537e+02 2.71493e+02 2.71401e+02
2.70000e+02 2.70000e+02 2.70000e+02 2.70162e+02 2.68048e+02 2.71586e+02 2.71588e+02 2.71537e+02 2.71493e+02 2.71401e+02
5.00000e+01 1.50000e+02 2.50000e+02 2.70079e+02 2.68044e+02 2.70661e+02 2.70563e+02 2.71535e+02 2.71486e+02 2.71392e+02
4.01964e+01 1.50000e+02 2.46132e+02 2.69795e+02 2.68017e+02 2.67148e+02 2.66958e+02 2.71395e+02 2.71462e+02 2.71374e+02
3.72917e+01 1.50000e+02 2.41632e+02 2.69257e+02 2.67954e+02 2.62135e+02 2.62178e+02 2.70917e+02 2.71352e+02 2.71307e+02
3.51791e+01 1.41448e+02 2.36898e+02 2.68391e+02 2.67839e+02 2.56643e+02 2.57226e+02 2.70036e+02 2.71076e+02 2.71140e+02
3.37058e+01 1.34903e+02 2.31666e+02 2.67190e+02 2.67665e+02 2.51143e+02 2.52438e+02 2.68813e+02 2.70598e+02 2.70847e+02
3.25913e+01 1.28904e+02 2.26114e+02 2.65709e+02 2.67436e+02 2.45852e+02 2.47912e+02 2.67343e+02 2.69924e+02 2.70422e+02
3.17042e+01 1.23637e+02 2.20653e+02 2.64027e+02 2.67162e+02 2.40867e+02 2.43677e+02 2.65713e+02 2.69082e+02 2.69878e+02
3.09749e+01 1.19047e+02 2.15477e+02 2.62224e+02 2.66857e+02 2.36227e+02 2.39737e+02 2.63988e+02 2.68109e+02 2.69236e+02
3.03622e+01 1.15042e+02 2.10663e+02 2.60368e+02 2.66534e+02 2.31937e+02 2.36080e+02 2.62217e+02 2.67041e+02 2.68520e+02
2.98392e+01 1.11531e+02 2.06231e+02 2.58511e+02 2.66205e+02 2.27985e+02 2.32692e+02 2.60437e+02 2.65911e+02 2.67751e+02
2.93874e+01 1.08440e+02 2.02175e+02 2.56688e+02 2.65878e+02 2.24350e+02 2.29555e+02 2.58673e+02 2.64744e+02 2.66949e+02
2.88868e+01 1.05697e+02 1.98473e+02 2.54924e+02 2.65558e+02 2.21007e+02 2.26648e+02 2.56946e+02 2.63562e+02 2.66131e+02
2.84042e+01 1.03235e+02 1.95099e+02 2.53235e+02 2.65249e+02 2.17931e+02 2.23953e+02 2.55267e+02 2.62384e+02 2.65311e+02
2.79715e+01 1.01020e+02 1.92023e+02 2.51629e+02 2.64954e+02 2.15096e+02 2.21451e+02 2.53647e+02 2.61223e+02 2.64498e+02
2.75834e+01 9.90258e+01 1.89219e+02 2.50111e+02 2.64674e+02 2.12479e+02 2.19125e+02 2.52091e+02 2.60089e+02 2.63702e+02
2.72344e+01 9.72282e+01 1.86660e+02 2.48681e+02 2.64410e+02 2.10058e+02 2.16960e+02 2.50603e+02 2.58988e+02 2.62928e+02
2.69194e+01 9.56048e+01 1.84324e+02 2.47339e+02 2.64161e+02 2.07816e+02 2.14942e+02 2.49185e+02 2.57927e+02 2.62179e+02
2.66340e+01 9.41359e+01 1.82190e+02 2.46081e+02 2.63927e+02 2.05735e+02 2.13059e+02 2.47836e+02 2.56909e+02 2.61461e+02
2.63746e+01 9.28044e+01 1.80238e+02 2.44905e+02 2.63708e+02 2.03801e+02 2.11301e+02 2.46557e+02 2.55936e+02 2.60773e+02
2.61381e+01 9.15953e+01 1.78453e+02 2.43805e+02 2.63503e+02 2.01999e+02 2.09657e+02 2.45345e+02 2.55009e+02 2.60117e+02
2.59218e+01 9.04955e+01 1.76818e+02 2.42780e+02 2.63312e+02 2.00319e+02 2.08118e+02 2.44199e+02 2.54127e+02 2.59493e+02
2.57234e+01 8.94933e+01 1.75319e+02 2.41823e+02 2.63133e+02 1.98750e+02 2.06676e+02 2.43116e+02 2.53291e+02 2.58901e+02
2.55411e+01 8.85787e+01 1.73944e+02 2.40930e+02 2.62967e+02 1.97283e+02 2.05324e+02 2.42094e+02 2.52499e+02 2.58341e+02
2.53732e+01 8.77428e+01 1.72682e+02 2.40098e+02 2.62811e+02 1.95909e+02 2.04054e+02 2.41130e+02 2.51750e+02 2.57811e+02
2.52181e+01 8.69776e+01 1.71521e+02 2.39323e+02 2.62667e+02 1.94621e+02 2.02862e+02 2.40220e+02 2.51042e+02 2.57310e+02
2.50748e+01 8.62761e+01 1.70454e+02 2.38601e+02 2.62532e+02 1.93412e+02 2.01741e+02 2.39364e+02 2.50375e+02 2.56838e+02
2.49419e+01 8.56323e+01 1.69471e+02 2.37927e+02 2.62406e+02 1.92276e+02 2.00687e+02 2.38556e+02 2.49745e+02 2.56394e+02
2.48186e+01 8.50405e+01 1.68565e+02 2.37299e+02 2.62288e+02 1.91208e+02 1.99694e+02 2.37796e+02 2.49152e+02 2.55974e+02
2.47040e+01 8.44959e+01 1.67730e+02 2.36714e+02 2.62179e+02 1.90202e+02 1.98759e+02 2.37079e+02 2.48593e+02 2.55580e+02
2.45974e+01 8.39941e+01 1.66959e+02 2.36168e+02 2.62077e+02 1.89255e+02 1.97878e+02 2.36405e+02 2.48066e+02 2.55208e+02
2.44980e+01 8.35312e+01 1.66246e+02 2.35658e+02 2.61982e+02 1.88363e+02 1.97046e+02 2.35769e+02 2.47570e+02 2.54859e+02
2.44053e+01 8.31038e+01 1.65587e+02 2.35183e+02 2.61893e+02 1.87521e+02 1.96262e+02 2.35170e+02 2.47103e+02 2.54530e+02
2.43187e+01 8.27086e+01 1.64977e+02 2.34739e+02 2.61810e+02 1.86726e+02 1.95521e+02 2.34606e+02 2.46663e+02 2.54220e+02
2.42378e+01 8.23428e+01 1.64411e+02 2.34324e+02 2.61733e+02 1.85975e+02 1.94822e+02 2.34074e+02 2.46249e+02 2.53929e+02
2.41620e+01 8.20039e+01 1.63887e+02 2.33936e+02 2.61660e+02 1.85266e+02 1.94161e+02 2.33572e+02 2.45858e+02 2.53654e+02
2.40910e+01 8.16897e+01 1.63400e+02 2.33574e+02 2.61593e+02 1.84595e+02 1.93536e+02 2.33100e+02 2.45491e+02 2.53396e+02
