2.70000000e+02
5.00000000e+01
4.00735660e+01
3.71215280e+01
3.50155510e+01
3.35518750e+01
3.24466390e+01
3.15685970e+01
3.08485500e+01
3.02452280e+01
2.97317280e+01
2.92833280e+01
2.87664000e+01
2.82940840e+01
2.78721310e+01
2.74945310e+01
2.71552880e+01
2.68492000e+01
2.65718740e+01
2.63196160e+01
2.60893160e+01
2.58783460e+01
2.56844780e+01
2.55058090e+01
2.53407080e+01
2.51877700e+01
2.50457780e+01
2.49136730e+01
2.47905310e+01
2.46755370e+01
2.45679770e+01
2.44672160e+01
2.43726890e+01
2.42838950e+01
2.42003820e+01
2.41217470e+01
2.40476240e+01
2.70000000e+02
1.50000000e+02
1.50000000e+02
1.50000000e+02
1.41329056e+02
1.34733520e+02
1.28706159e+02
1.23425329e+02
1.18831462e+02
1.14828859e+02
1.11326663e+02
1.08247462e+02
1.05514504e+02
1.03064952e+02
1.00866361e+02
9.88906880e+01
9.71121980e+01
9.55080040e+01
9.40580500e+01
9.27448390e+01
9.15531190e+01
9.04695740e+01
8.94825540e+01
8.85818450e+01
8.77584660e+01
8.70045050e+01
8.63129740e+01
8.56776880e+01
8.50931640e+01
8.45545270e+01
8.40574380e+01
8.35980290e+01
8.31728430e+01
8.27787870e+01
8.24130920e+01
8.20732690e+01
8.17570840e+01
2.70000000e+02
2.50000000e+02
2.46025258e+02
2.41462706e+02
2.36692693e+02
2.31431831e+02
2.25863883e+02
2.20400462e+02
2.15233408e+02
2.10437011e+02
2.06028972e+02
2.01999894e+02
1.98327772e+02
1.94984420e+02
1.91939837e+02
1.89165769e+02
1.86636564e+02
1.84329000e+02
1.82222037e+02
1.80296618e+02
1.78535504e+02
1.76923119e+02
1.75445407e+02
1.74089688e+02
1.72844538e+02
1.71699663e+02
1.70645788e+02
1.69674560e+02
1.68778452e+02
1.67950683e+02
1.67185138e+02
1.66476303e+02
1.65819203e+02
1.65209346e+02
1.64642677e+02
1.64115526e+02
1.63624578e+02
2.69734742e+02
2.69599308e+02
2.69299007e+02
2.68774700e+02
2.67944565e+02
2.66794232e+02
2.65370831e+02
2.63748291e+02
2.62003358e+02
2.60201787e+02
2.58394125e+02
2.56616612e+02
2.54893879e+02
2.53241635e+02
2.51669043e+02
2.50180551e+02
2.48777343e+02
2.47458426e+02
2.46221392e+02
2.45062944e+02
2.43979256e+02
2.42966224e+02
2.42019635e+02
2.41135288e+02
2.40309079e+02
2.39537051e+02
2.38815432e+02
2.38140652e+02
2.37509356e+02
2.36918407e+02
2.36364878e+02
2.35846054e+02
2.35359416e+02
2.34902634e+02
2.34473556e+02
2.34070195e+02
2.33690721e+02
2.67942511e+02
2.67934406e+02
2.67905125e+02
2.67845994e+02
2.67744149e+02
2.67590922e+02
2.67388066e+02
2.67144801e+02
2.66873252e+02
2.66585205e+02
2.66290485e+02
2.65996549e+02
2.65708705e+02
2.65430523e+02
2.65164250e+02
2.64911154e+02
2.64671812e+02
2.64446320e+02
2.64234455e+02
2.64035787e+02
2.63849759e+02
2.63675735e+02
2.63513045e+02
2.63361004e+02
2.63218933e+02
2.63086170e+02
2.62962081e+02
2.62846060e+02
2.62737536e+02
2.62635971e+02
2.62540865e+02
2.62451750e+02
2.62368193e+02
2.62289791e+02
2.62216172e+02
2.62146993e+02
2.62081937e+02
2.69651681e+02
2.69001515e+02
2.66043216e+02
2.61532259e+02
2.56429931e+02
2.51230971e+02
2.46180225e+02
2.41397595e+02
2.36934476e+02
2.32803790e+02
2.28997321e+02
2.25495947e+02
2.22275450e+02
2.19309339e+02
2.16571723e+02
2.14039013e+02
2.11690112e+02
2.09506307e+02
2.07471105e+02
2.05570024e+02
2.03790376e+02
2.02121046e+02
2.00552287e+02
1.99075538e+02
1.97683254e+02
1.96368769e+02
1.95126163e+02
1.93950165e+02
1.92836056e+02
1.91779593e+02
1.90776950e+02
1.89824655e+02
1.88919549e+02
1.88058749e+02
1.87239607e+02
1.86459691e+02
1.85716754e+02
2.69738590e+02
2.68789717e+02
2.65242540e+02
2.60547993e+02
2.55718085e+02
2.51076636e+02
2.46714438e+02
2.42651777e+02
2.38883854e+02
2.35395411e+02
2.32166736e+02
2.29176676e+02
2.26403986e+02
2.23827503e+02
2.21428011e+02
2.19188855e+02
2.17095413e+02
2.15134735e+02
2.13295328e+02
2.11566986e+02
2.09940637e+02
2.08408198e+02
2.06962457e+02
2.05596954e+02
2.04305886e+02
2.03084028e+02
2.01926649e+02
2.00829463e+02
1.99788563e+02
1.98800385e+02
1.97861662e+02
1.96969393e+02
1.96120814e+02
1.95313372e+02
1.94544704e+02
1.93812618e+02
1.93115077e+02
2.70121813e+02
2.70187872e+02
2.70116279e+02
2.69698495e+02
2.68872416e+02
2.67699144e+02
2.66270749e+02
2.64669379e+02
2.62959549e+02
2.61190191e+02
2.59398087e+02
2.57610718e+02
2.55848403e+02
2.54125873e+02
2.52453425e+02
2.50837939e+02
2.49283728e+02
2.47793180e+02
2.46367228e+02
2.45005717e+02
2.43707689e+02
2.42471606e+02
2.41295522e+02
2.40177224e+02
2.39114330e+02
2.38104371e+02
2.37144848e+02
2.36233280e+02
2.35367230e+02
2.34544331e+02
2.33762300e+02
2.33018951e+02
2.32312193e+02
2.31640043e+02
2.31000616e+02
2.30392132e+02
2.29812907e+02
2.70400385e+02
2.70473245e+02
2.70520431e+02
2.70449346e+02
2.70183027e+02
2.69690849e+02
2.68984986e+02
2.68099062e+02
2.67072773e+02
2.65944339e+02
2.64747497e+02
2.63510624e+02
2.62256805e+02
2.61004308e+02
2.59767186e+02
2.58555926e+02
2.57378100e+02
2.56238956e+02
2.55141913e+02
2.54088972e+02
2.53081044e+02
2.52118217e+02
2.51199965e+02
2.50325317e+02
2.49492985e+02
2.48701468e+02
2.47949127e+02
2.47234248e+02
2.46555085e+02
2.45909894e+02
2.45296958e+02
2.44714603e+02
2.44161213e+02
2.43635236e+02
2.43135188e+02
2.42659659e+02
2.42207309e+02
2.70825873e+02
2.70897740e+02
2.70924537e+02
2.70893241e+02
2.70764378e+02
2.70512497e+02
2.70133956e+02
2.69641072e+02
2.69054237e+02
2.68396186e+02
2.67688667e+02
2.66950820e+02
2.66198616e+02
2.65444836e+02
2.64699369e+02
2.63969600e+02
2.63260844e+02
2.62576752e+02
2.61919669e+02
2.61290932e+02
2.60691115e+02
2.60120218e+02
2.59577822e+02
2.59063209e+02
2.58575449e+02
2.58113479e+02
2.57676150e+02
2.57262271e+02
2.56870639e+02
2.56500062e+02
2.56149373e+02
2.55817446e+02
2.55503198e+02
2.55205594e+02
2.54923655e+02
2.54656454e+02
2.54403116e+02
