2.70000000e+02
5.00000000e+01
4.01676690e+01
3.72335210e+01
3.51144440e+01
3.36396640e+01
3.25260900e+01
3.16408720e+01
3.09138460e+01
3.03033320e+01
2.97823390e+01
2.93322320e+01
2.88219290e+01
2.83400440e+01
2.79079060e+01
2.75203080e+01
2.71715400e+01
2.68565590e+01
2.65710690e+01
2.63114330e+01
2.60745710e+01
2.58578640e+01
2.56590730e+01
2.54762760e+01
2.53078150e+01
2.51522480e+01
2.50083220e+01
2.48749370e+01
2.47511250e+01
2.46360310e+01
2.45288970e+01
2.44290470e+01
2.43358780e+01
2.42488470e+01
2.41674680e+01
2.40913000e+01
2.40199460e+01
2.70000000e+02
1.50000000e+02
1.50000000e+02
1.50000000e+02
1.41405034e+02
1.34846486e+02
1.28835656e+02
1.23556640e+02
1.18955848e+02
1.14940451e+02
1.11421260e+02
1.08322179e+02
1.05570564e+02
1.03100477e+02
1.00878999e+02
9.88792960e+01
9.70764850e+01
9.54482610e+01
9.39749740e+01
9.26394230e+01
9.14265610e+01
9.03232190e+01
8.93178460e+01
8.84002890e+01
8.75616010e+01
8.67938840e+01
8.60901430e+01
8.54441780e+01
8.48504750e+01
8.43041240e+01
8.38007460e+01
8.33364210e+01
8.29076430e+01
8.25112630e+01
8.21444530e+01
8.18046650e+01
8.14896030e+01
2.70000000e+02
2.50000000e+02
2.46261997e+02
2.41816756e+02
2.37096695e+02
2.31857915e+02
2.26286095e+02
2.20798698e+02
2.15595228e+02
2.10754989e+02
2.06299032e+02
2.02220247e+02
1.98498260e+02
1.95106160e+02
1.92014610e+02
1.89195613e+02
1.86623681e+02
1.84275718e+02
1.82130776e+02
1.80169859e+02
1.78375766e+02
1.76732938e+02
1.75227322e+02
1.73846231e+02
1.72578222e+02
1.71412975e+02
1.70341181e+02
1.69354446e+02
1.68445194e+02
1.67606585e+02
1.66832441e+02
1.66117177e+02
1.65455743e+02
1.64843565e+02
1.64276497e+02
1.63750784e+02
1.63263012e+02
2.70840657e+02
2.70641926e+02
2.70268434e+02
2.69662814e+02
2.68743886e+02
2.67500175e+02
2.65982945e+02
2.64269636e+02
2.62439298e+02
2.60558930e+02
2.58679532e+02
2.56837284e+02
2.55056420e+02
2.53352172e+02
2.51733174e+02
2.50203369e+02
2.48763482e+02
2.47412123e+02
2.46146557e+02
2.44963225e+02
2.43858089e+02
2.42826873e+02
2.41865226e+02
2.40968825e+02
2.40133455e+02
2.39355054e+02
2.38629747e+02
2.37953859e+02
2.37323924e+02
2.36736691e+02
2.36189118e+02
2.35678364e+02
2.35201786e+02
2.34756926e+02
2.34341504e+02
2.33953402e+02
2.33590661e+02
2.68169520e+02
2.68155230e+02
2.68111921e+02
2.68034040e+02
2.67908377e+02
2.67726000e+02
2.67489473e+02
2.67209458e+02
2.66899597e+02
2.66572964e+02
2.66240346e+02
2.65909852e+02
2.65587187e+02
2.65276137e+02
2.64979039e+02
2.64697174e+02
2.64431077e+02
2.64180773e+02
2.63945954e+02
2.63726101e+02
2.63520566e+02
2.63328628e+02
2.63149529e+02
2.62982507e+02
2.62826805e+02
2.62681688e+02
2.62546449e+02
2.62420415e+02
2.62302948e+02
2.62193447e+02
2.62091349e+02
2.61996126e+02
2.61907288e+02
2.61824376e+02
2.61746964e+02
2.61674659e+02
2.61607094e+02
2.71149242e+02
2.70297219e+02
2.66891748e+02
2.61990816e+02
2.56596292e+02
2.51172685e+02
2.45937555e+02
2.40993071e+02
2.36380418e+02
2.32107481e+02
2.28164288e+02
2.24531846e+02
2.21187046e+02
2.18104766e+02
2.15260358e+02
2.12631338e+02
2.10197438e+02
2.07940447e+02
2.05844064e+02
2.03893732e+02
2.02076472e+02
2.00380711e+02
1.98796128e+02
1.97313505e+02
1.95924593e+02
1.94621997e+02
1.93399068e+02
1.92249815e+02
1.91168824e+02
1.90151185e+02
1.89192441e+02
1.88288526e+02
1.87435727e+02
1.86630643e+02
1.85870151e+02
1.85151377e+02
1.84471672e+02
2.71306842e+02
2.70337308e+02
2.66786798e+02
2.62070119e+02
2.57180840e+02
2.52443872e+02
2.47957779e+02
2.43751974e+02
2.39830182e+02
2.36184376e+02
2.32800611e+02
2.29662111e+02
2.26750901e+02
2.24048106e+02
2.21535709e+02
2.19197654e+02
2.17019491e+02
2.14988112e+02
2.13091614e+02
2.11319200e+02
2.09661089e+02
2.08108416e+02
2.06653143e+02
2.05287974e+02
2.04006278e+02
2.02802015e+02
2.01669678e+02
2.00604233e+02
1.99601071e+02
1.98655965e+02
1.97765030e+02
1.96924690e+02
1.96131648e+02
1.95382857e+02
1.94675501e+02
1.94006970e+02
1.93374843e+02
2.71974826e+02
2.71913477e+02
2.71723972e+02
2.71214404e+02
2.70317804e+02
2.69090469e+02
2.67623193e+02
2.65998284e+02
2.64280168e+02
2.62517034e+02
2.60744430e+02
2.58988388e+02
2.57267787e+02
2.55596042e+02
2.53982320e+02
2.52432534e+02
2.50950171e+02
2.49536923e+02
2.48193135e+02
2.46918145e+02
2.45710546e+02
2.44568395e+02
2.43489373e+02
2.42470912e+02
2.41510295e+02
2.40604727e+02
2.39751397e+02
2.38947521e+02
2.38190369e+02
2.37477295e+02
2.36805746e+02
2.36173277e+02
2.35577558e+02
2.35016374e+02
2.34487625e+02
2.33989329e+02
2.33519618e+02
2.72058853e+02
2.71997019e+02
2.71899339e+02
2.71728461e+02
2.71409124e+02
2.70902344e+02
2.70211085e+02
2.69361587e+02
2.68387906e+02
2.67323897e+02
2.66199901e+02
2.65041700e+02
2.63870451e+02
2.62703048e+02
2.61552616e+02
2.60429058e+02
2.59339599e+02
2.58289301e+02
2.57281501e+02
2.56318181e+02
2.55400263e+02
2.54527856e+02
2.53700451e+02
2.52917080e+02
2.52176440e+02
2.51476993e+02
2.50817048e+02
2.50194817e+02
2.49608470e+02
2.49056162e+02
2.48536069e+02
2.48046403e+02
2.47585431e+02
2.47151482e+02
2.46742954e+02
2.46358321e+02
2.45996133e+02
2.71972063e+02
2.71852157e+02
2.71760642e+02
2.71636712e+02
2.71427788e+02
2.71102454e+02
2.70653766e+02
2.70091926e+02
2.69435948e+02
2.68707747e+02
2.67928708e+02
2.67117977e+02
2.66291799e+02
2.65463442e+02
2.64643387e+02
2.63839669e+02
2.63058247e+02
2.62303379e+02
2.61577953e+02
2.60883772e+02
2.60221789e+02
2.59592302e+02
2.58995110e+02
2.58429637e+02
2.57895031e+02
2.57390246e+02
2.56914103e+02
2.56465339e+02
2.56042646e+02
2.55644700e+02
2.55270180e+02
2.54917792e+02
2.54586273e+02
2.54274404e+02
2.53981017e+02
2.53704996e+02
2.53445278e+02
