2.70000e+02 2.70000e+02 2.70000e+02 2.69619e+02 2.67923e+02 2.71833e+02 2.71734e+02 2.71247e+02 2.71134e+02 2.71075e+02
2.70000e+02 2.70000e+02 2.70000e+02 2.69619e+02 2.67923e+02 2.71833e+02 2.71734e+02 2.71247e+02 2.71134e+02 2.71075e+02
5.00000e+01 1.50000e+02 2.50000e+02 2.69634e+02 2.67928e+02 2.70980e+02 2.70599e+02 2.71248e+02 2.71160e+02 2.71122e+02
4.02860e+01 1.50000e+02 2.46033e+02 2.69422e+02 2.67916e+02 2.67681e+02 2.66835e+02 2.71106e+02 2.71164e+02 2.71151e+02
3.73592e+01 1.50000e+02 2.41491e+02 2.68943e+02 2.67869e+02 2.62804e+02 2.61902e+02 2.70605e+02 2.71052e+02 2.71132e+02
3.52264e+01 1.41434e+02 2.36738e+02 2.68126e+02 2.67773e+02 2.57355e+02 2.56819e+02 2.69680e+02 2.70741e+02 2.71027e+02
3.37413e+01 1.34847e+02 2.31490e+02 2.66963e+02 2.67620e+02 2.51834e+02 2.51915e+02 2.68394e+02 2.70202e+02 2.70815e+02
3.26191e+01 1.28814e+02 2.25927e+02 2.65510e+02 2.67414e+02 2.46482e+02 2.47284e+02 2.66842e+02 2.69447e+02 2.70492e+02
3.17261e+01 1.23523e+02 2.20459e+02 2.63848e+02 2.67165e+02 2.41414e+02 2.42952e+02 2.65111e+02 2.68513e+02 2.70067e+02
3.09919e+01 1.18917e+02 2.15280e+02 2.62057e+02 2.66887e+02 2.36677e+02 2.38918e+02 2.63269e+02 2.67441e+02 2.69558e+02
3.03746e+01 1.14901e+02 2.10467e+02 2.60206e+02 2.66591e+02 2.32284e+02 2.35170e+02 2.61368e+02 2.66269e+02 2.68987e+02
2.98472e+01 1.11385e+02 2.06039e+02 2.58348e+02 2.66288e+02 2.28224e+02 2.31691e+02 2.59445e+02 2.65031e+02 2.68371e+02
2.93910e+01 1.08290e+02 2.01988e+02 2.56519e+02 2.65986e+02 2.24481e+02 2.28462e+02 2.57530e+02 2.63756e+02 2.67727e+02
2.88897e+01 1.05546e+02 1.98291e+02 2.54746e+02 2.65689e+02 2.21030e+02 2.25463e+02 2.55644e+02 2.62466e+02 2.67070e+02
2.84014e+01 1.03084e+02 1.94921e+02 2.53044e+02 2.65403e+02 2.17846e+02 2.22674e+02 2.53802e+02 2.61181e+02 2.66411e+02
2.79624e+01 1.00870e+02 1.91850e+02 2.51422e+02 2.65128e+02 2.14903e+02 2.20076e+02 2.52015e+02 2.59913e+02 2.65758e+02
2.75680e+01 9.88754e+01 1.89048e+02 2.49885e+02 2.64867e+02 2.12179e+02 2.17652e+02 2.50292e+02 2.58673e+02 2.65118e+02
2.72126e+01 9.70769e+01 1.86490e+02 2.48436e+02 2.64620e+02 2.09652e+02 2.15388e+02 2.48635e+02 2.57469e+02 2.64497e+02
2.68910e+01 9.54518e+01 1.84153e+02 2.47071e+02 2.64387e+02 2.07304e+02 2.13270e+02 2.47048e+02 2.56305e+02 2.63896e+02
2.65990e+01 9.39803e+01 1.82016e+02 2.45790e+02 2.64168e+02 2.05117e+02 2.11286e+02 2.45531e+02 2.55186e+02 2.63319e+02
2.63330e+01 9.26453e+01 1.80060e+02 2.44589e+02 2.63962e+02 2.03078e+02 2.09426e+02 2.44084e+02 2.54113e+02 2.62766e+02
2.60897e+01 9.14317e+01 1.78267e+02 2.43465e+02 2.63769e+02 2.01172e+02 2.07680e+02 2.42707e+02 2.53087e+02 2.62238e+02
2.58667e+01 9.03265e+01 1.76624e+02 2.42412e+02 2.63588e+02 1.99388e+02 2.06039e+02 2.41398e+02 2.52108e+02 2.61736e+02
2.56617e+01 8.93181e+01 1.75116e+02 2.41428e+02 2.63419e+02 1.97716e+02 2.04495e+02 2.40154e+02 2.51176e+02 2.61259e+02
2.54727e+01 8.83964e+01 1.73729e+02 2.40508e+02 2.63261e+02 1.96147e+02 2.03042e+02 2.38973e+02 2.50289e+02 2.60807e+02
2.52980e+01 8.75525e+01 1.72454e+02 2.39647e+02 2.63113e+02 1.94672e+02 2.01672e+02 2.37853e+02 2.49447e+02 2.60378e+02
2.51363e+01 8.67787e+01 1.71280e+02 2.38843e+02 2.62975e+02 1.93285e+02 2.00379e+02 2.36791e+02 2.48647e+02 2.59972e+02
2.49862e+01 8.60679e+01 1.70197e+02 2.38090e+02 2.62845e+02 1.91977e+02 1.99160e+02 2.35784e+02 2.47888e+02 2.59588e+02
2.48467e+01 8.54142e+01 1.69198e+02 2.37387e+02 2.62724e+02 1.90745e+02 1.98008e+02 2.34829e+02 2.47168e+02 2.59225e+02
2.47168e+01 8.48120e+01 1.68276e+02 2.36728e+02 2.62611e+02 1.89582e+02 1.96919e+02 2.33925e+02 2.46486e+02 2.58882e+02
2.45957e+01 8.42564e+01 1.67422e+02 2.36112e+02 2.62505e+02 1.88483e+02 1.95889e+02 2.33067e+02 2.45839e+02 2.58558e+02
2.44826e+01 8.37433e+01 1.66632e+02 2.35535e+02 2.62406e+02 1.87445e+02 1.94915e+02 2.32254e+02 2.45226e+02 2.58251e+02
2.43768e+01 8.32687e+01 1.65900e+02 2.34994e+02 2.62313e+02 1.86462e+02 1.93992e+02 2.31484e+02 2.44645e+02 2.57962e+02
2.42778e+01 8.28291e+01 1.65220e+02 2.34487e+02 2.62226e+02 1.85533e+02 1.93119e+02 2.30753e+02 2.44094e+02 2.57688e+02
2.41850e+01 8.24216e+01 1.64590e+02 2.34012e+02 2.62144e+02 1.84652e+02 1.92290e+02 2.30061e+02 2.43572e+02 2.57429e+02
2.40979e+01 8.20433e+01 1.64003e+02 2.33566e+02 2.62068e+02 1.83818e+02 1.91505e+02 2.29403e+02 2.43077e+02 2.57185e+02
2.40161e+01 8.16916e+01 1.63457e+02 2.33147e+02 2.61996e+02 1.83027e+02 1.90760e+02 2.28780e+02 2.42607e+02 2.56954e+02
2.39391e+01 8.13645e+01 1.62949e+02 2.32753e+02 2.61928e+02 1.82276e+02 1.90054e+02 2.28189e+02 2.42162e+02 2.56735e+02
