2.70000000e+02
5.00000000e+01
4.02558320e+01
3.73687630e+01
3.52567190e+01
3.37804160e+01
3.26629190e+01
3.17732000e+01
3.10417620e+01
3.04271820e+01
2.99025440e+01
2.94492100e+01
2.89431730e+01
2.84589980e+01
2.80247690e+01
2.76352530e+01
2.72847040e+01
2.69680540e+01
2.66809830e+01
2.64198400e+01
2.61815320e+01
2.59634300e+01
2.57632900e+01
2.55791840e+01
2.54094500e+01
2.52526460e+01
2.51075140e+01
2.49729540e+01
2.48479960e+01
2.47317840e+01
2.46235600e+01
2.45226450e+01
2.44284360e+01
2.43403910e+01
2.42580210e+01
2.41808860e+01
2.41085880e+01
2.70000000e+02
1.50000000e+02
1.50000000e+02
1.50000000e+02
1.41619984e+02
1.35158012e+02
1.29213480e+02
1.23982034e+02
1.19416753e+02
1.15428192e+02
1.11929274e+02
1.08845370e+02
1.06106013e+02
1.03645006e+02
1.01429655e+02
9.94337960e+01
9.76330280e+01
9.60054080e+01
9.45315730e+01
9.31945530e+01
9.19794940e+01
9.08733830e+01
8.98647980e+01
8.89436900e+01
8.81012010e+01
8.73294980e+01
8.66216470e+01
8.59714900e+01
8.53735500e+01
8.48229440e+01
8.43153140e+01
8.38467590e+01
8.34137840e+01
8.30132510e+01
8.26423390e+01
8.22985060e+01
8.19794620e+01
2.70000000e+02
2.50000000e+02
2.46287422e+02
2.41851187e+02
2.37147217e+02
2.31949457e+02
2.26431489e+02
2.20998910e+02
2.15846984e+02
2.11052742e+02
2.06636253e+02
2.02590291e+02
1.98894886e+02
1.95523852e+02
1.92448592e+02
1.89641801e+02
1.87078642e+02
1.84736614e+02
1.82595283e+02
1.80636092e+02
1.78842203e+02
1.77198354e+02
1.75690737e+02
1.74306862e+02
1.73035446e+02
1.71866297e+02
1.70790209e+02
1.69798871e+02
1.68884773e+02
1.68041131e+02
1.67261809e+02
1.66541259e+02
1.65874458e+02
1.65256857e+02
1.64684332e+02
1.64153143e+02
1.63659892e+02
2.71021885e+02
2.70727169e+02
2.70294591e+02
2.69653958e+02
2.68716769e+02
2.67466073e+02
2.65948341e+02
2.64237235e+02
2.62409277e+02
2.60530114e+02
2.58650228e+02
2.56805780e+02
2.55021229e+02
2.53312119e+02
2.51687402e+02
2.50151298e+02
2.48704750e+02
2.47346528e+02
2.46074004e+02
2.44883688e+02
2.43771585e+02
2.42733440e+02
2.41764909e+02
2.40861670e+02
2.40019504e+02
2.39234344e+02
2.38502307e+02
2.37819715e+02
2.37183098e+02
2.36589204e+02
2.36034991e+02
2.35517619e+02
2.35034449e+02
2.34583028e+02
2.34161079e+02
2.33766492e+02
2.33397314e+02
2.68189882e+02
2.68168407e+02
2.68114647e+02
2.68030839e+02
2.67904142e+02
2.67724641e+02
2.67493566e+02
2.67220356e+02
2.66917729e+02
2.66598169e+02
2.66272149e+02
2.65947651e+02
2.65630361e+02
2.65324099e+02
2.65031260e+02
2.64753190e+02
2.64490483e+02
2.64243214e+02
2.64011118e+02
2.63793709e+02
2.63590365e+02
2.63400389e+02
2.63223042e+02
2.63057576e+02
2.62903248e+02
2.62759336e+02
2.62625145e+02
2.62500011e+02
2.62383308e+02
2.62274443e+02
2.62172864e+02
2.62078051e+02
2.61989522e+02
2.61906826e+02
2.61829547e+02
2.61757298e+02
2.61689718e+02
2.70420445e+02
2.69724016e+02
2.66681311e+02
2.62080610e+02
2.56875640e+02
2.51556851e+02
2.46370441e+02
2.41439671e+02
2.36819875e+02
2.32528033e+02
2.28559861e+02
2.24899833e+02
2.21526943e+02
2.18417415e+02
2.15547212e+02
2.12894027e+02
2.10437594e+02
2.08159623e+02
2.06043699e+02
2.04075138e+02
2.02240832e+02
2.00529088e+02
1.98929472e+02
1.97432664e+02
1.96030326e+02
1.94714982e+02
1.93479915e+02
1.92319074e+02
1.91226991e+02
1.90198715e+02
1.89229748e+02
1.88315992e+02
1.87453707e+02
1.86639469e+02
1.85870134e+02
1.85142813e+02
1.84454840e+02
2.70590477e+02
2.69488920e+02
2.65644545e+02
2.60688644e+02
2.55625170e+02
2.50761296e+02
2.46184249e+02
2.41915372e+02
2.37951829e+02
2.34280234e+02
2.30882396e+02
2.27738254e+02
2.24827333e+02
2.22128811e+02
2.19623203e+02
2.17293433e+02
2.15124320e+02
2.13102223e+02
2.11214857e+02
2.09451162e+02
2.07801171e+02
2.06255901e+02
2.04807244e+02
2.03447869e+02
2.02171135e+02
2.00971015e+02
1.99842025e+02
1.98779167e+02
1.97777874e+02
1.96833964e+02
1.95943601e+02
1.95103257e+02
1.94309685e+02
1.93559888e+02
1.92851093e+02
1.92180739e+02
1.91546447e+02
2.71578603e+02
2.71519120e+02
2.71316719e+02
2.70776129e+02
2.69840370e+02
2.68573966e+02
2.67070768e+02
2.65413693e+02
2.63667039e+02
2.61878667e+02
2.60083735e+02
2.58307862e+02
2.56569509e+02
2.54881687e+02
2.53253193e+02
2.51689604e+02
2.50194125e+02
2.48768214e+02
2.47412028e+02
2.46124759e+02
2.44904893e+02
2.43750408e+02
2.42658936e+02
2.41627880e+02
2.40654510e+02
2.39736033e+02
2.38869650e+02
2.38052595e+02
2.37282165e+02
2.36555738e+02
2.35870794e+02
2.35224918e+02
2.34615808e+02
2.34041279e+02
2.33499260e+02
2.32987796e+02
2.32505041e+02
2.71753555e+02
2.71694424e+02
2.71600469e+02
2.71413470e+02
2.71055356e+02
2.70494037e+02
2.69740516e+02
2.68826763e+02
2.67790233e+02
2.66666575e+02
2.65486924e+02
2.64277258e+02
2.63058589e+02
2.61847476e+02
2.60656633e+02
2.59495525e+02
2.58370961e+02
2.57287624e+02
2.56248525e+02
2.55255370e+02
2.54308853e+02
2.53408900e+02
2.52554852e+02
2.51745626e+02
2.50979829e+02
2.50255856e+02
2.49571965e+02
2.48926332e+02
2.48317099e+02
2.47742407e+02
2.47200418e+02
2.46689340e+02
2.46207435e+02
2.45753029e+02
2.45324522e+02
2.44920387e+02
2.44539175e+02
2.71697595e+02
2.71617801e+02
2.71541496e+02
2.71428183e+02
2.71230466e+02
2.70918138e+02
2.70484406e+02
2.69939425e+02
2.69302086e+02
2.68594100e+02
2.67836561e+02
2.67048265e+02
2.66245079e+02
2.65439891e+02
2.64642836e+02
2.63861640e+02
2.63102004e+02
2.62367977e+02
2.61662285e+02
2.60986618e+02
2.60341855e+02
2.59728256e+02
2.59145609e+02
2.58593351e+02
2.58070663e+02
2.57576546e+02
2.57109875e+02
2.56669451e+02
2.56254034e+02
2.55862369e+02
2.55493207e+02
2.55145323e+02
2.54817524e+02
2.54508656e+02
2.54217615e+02
2.53943343e+02
2.53684837e+02
