2.70000e+02 2.70000e+02 2.70000e+02 2.70417e+02 2.68083e+02 2.71478e+02 2.71527e+02 2.71718e+02 2.71704e+02 2.71590e+02
2.70000e+02 2.70000e+02 2.70000e+02 2.70417e+02 2.68083e+02 2.71478e+02 2.71527e+02 2.71718e+02 2.71704e+02 2.71590e+02
5.00000e+01 1.50000e+02 2.50000e+02 2.70285e+02 2.68075e+02 2.70568e+02 2.70474e+02 2.71690e+02 2.71681e+02 2.71551e+02
4.02256e+01 1.50000e+02 2.46182e+02 2.69966e+02 2.68043e+02 2.67043e+02 2.66755e+02 2.71527e+02 2.71633e+02 2.71512e+02
3.72872e+01 1.50000e+02 2.41705e+02 2.69407e+02 2.67977e+02 2.61978e+02 2.61836e+02 2.71030e+02 2.71495e+02 2.71427e+02
3.51513e+01 1.41420e+02 2.36976e+02 2.68532e+02 2.67864e+02 2.56406e+02 2.56747e+02 2.70136e+02 2.71189e+02 2.71248e+02
3.36631e+01 1.34851e+02 2.31740e+02 2.67331e+02 2.67695e+02 2.50811e+02 2.51829e+02 2.68905e+02 2.70681e+02 2.70945e+02
3.25382e+01 1.28829e+02 2.26177e+02 2.65855e+02 2.67473e+02 2.45418e+02 2.47182e+02 2.67430e+02 2.69977e+02 2.70514e+02
3.16433e+01 1.23541e+02 2.20704e+02 2.64181e+02 2.67207e+02 2.40329e+02 2.42836e+02 2.65797e+02 2.69109e+02 2.69966e+02
3.09079e+01 1.18934e+02 2.15517e+02 2.62387e+02 2.66911e+02 2.35586e+02 2.38793e+02 2.64070e+02 2.68113e+02 2.69322e+02
3.02903e+01 1.14914e+02 2.10694e+02 2.60541e+02 2.66598e+02 2.31196e+02 2.35041e+02 2.62297e+02 2.67025e+02 2.68604e+02
2.97633e+01 1.11392e+02 2.06257e+02 2.58693e+02 2.66279e+02 2.27148e+02 2.31566e+02 2.60517e+02 2.65878e+02 2.67835e+02
2.93080e+01 1.08292e+02 2.02197e+02 2.56880e+02 2.65960e+02 2.23421e+02 2.28348e+02 2.58753e+02 2.64699e+02 2.67035e+02
2.87827e+01 1.05539e+02 1.98494e+02 2.55126e+02 2.65649e+02 2.19992e+02 2.25368e+02 2.57028e+02 2.63508e+02 2.66220e+02
2.82951e+01 1.03068e+02 1.95121e+02 2.53446e+02 2.65349e+02 2.16834e+02 2.22604e+02 2.55352e+02 2.62324e+02 2.65404e+02
2.78582e+01 1.00847e+02 1.92047e+02 2.51850e+02 2.65062e+02 2.13922e+02 2.20039e+02 2.53737e+02 2.61160e+02 2.64598e+02
2.74666e+01 9.88492e+01 1.89245e+02 2.50342e+02 2.64789e+02 2.11233e+02 2.17655e+02 2.52188e+02 2.60025e+02 2.63809e+02
2.71143e+01 9.70487e+01 1.86690e+02 2.48923e+02 2.64532e+02 2.08745e+02 2.15437e+02 2.50708e+02 2.58927e+02 2.63044e+02
2.67963e+01 9.54233e+01 1.84358e+02 2.47591e+02 2.64290e+02 2.06440e+02 2.13371e+02 2.49299e+02 2.57871e+02 2.62307e+02
2.65082e+01 9.39531e+01 1.82229e+02 2.46344e+02 2.64063e+02 2.04301e+02 2.11445e+02 2.47962e+02 2.56860e+02 2.61600e+02
2.62463e+01 9.26210e+01 1.80283e+02 2.45179e+02 2.63850e+02 2.02313e+02 2.09647e+02 2.46695e+02 2.55896e+02 2.60925e+02
2.60074e+01 9.14117e+01 1.78503e+02 2.44091e+02 2.63652e+02 2.00462e+02 2.07968e+02 2.45497e+02 2.54980e+02 2.60283e+02
2.57890e+01 9.03121e+01 1.76874e+02 2.43077e+02 2.63466e+02 1.98738e+02 2.06397e+02 2.44366e+02 2.54110e+02 2.59674e+02
2.55888e+01 8.93105e+01 1.75382e+02 2.42132e+02 2.63294e+02 1.97128e+02 2.04927e+02 2.43299e+02 2.53288e+02 2.59098e+02
2.54048e+01 8.83969e+01 1.74014e+02 2.41253e+02 2.63133e+02 1.95624e+02 2.03550e+02 2.42295e+02 2.52511e+02 2.58554e+02
2.52353e+01 8.75621e+01 1.72759e+02 2.40433e+02 2.62983e+02 1.94216e+02 2.02259e+02 2.41348e+02 2.51777e+02 2.58041e+02
2.50789e+01 8.67984e+01 1.71606e+02 2.39671e+02 2.62843e+02 1.92898e+02 2.01048e+02 2.40458e+02 2.51087e+02 2.57557e+02
2.49343e+01 8.60987e+01 1.70546e+02 2.38962e+02 2.62713e+02 1.91662e+02 1.99911e+02 2.39621e+02 2.50436e+02 2.57102e+02
2.48004e+01 8.54568e+01 1.69571e+02 2.38301e+02 2.62592e+02 1.90502e+02 1.98842e+02 2.38833e+02 2.49824e+02 2.56674e+02
2.46762e+01 8.48672e+01 1.68673e+02 2.37687e+02 2.62480e+02 1.89412e+02 1.97838e+02 2.38093e+02 2.49248e+02 2.56272e+02
2.45609e+01 8.43250e+01 1.67846e+02 2.37114e+02 2.62375e+02 1.88387e+02 1.96893e+02 2.37397e+02 2.48707e+02 2.55895e+02
2.44537e+01 8.38258e+01 1.67083e+02 2.36581e+02 2.62277e+02 1.87423e+02 1.96003e+02 2.36742e+02 2.48199e+02 2.55540e+02
2.43538e+01 8.33657e+01 1.66379e+02 2.36085e+02 2.62186e+02 1.86516e+02 1.95165e+02 2.36127e+02 2.47721e+02 2.55207e+02
2.42607e+01 8.29411e+01 1.65728e+02 2.35623e+02 2.62102e+02 1.85661e+02 1.94375e+02 2.35549e+02 2.47272e+02 2.54895e+02
2.41739e+01 8.25489e+01 1.65127e+02 2.35192e+02 2.62023e+02 1.84854e+02 1.93630e+02 2.35005e+02 2.46850e+02 2.54602e+02
2.40927e+01 8.21863e+01 1.64570e+02 2.34790e+02 2.61949e+02 1.84093e+02 1.92928e+02 2.34493e+02 2.46453e+02 2.54327e+02
2.40169e+01 8.18507e+01 1.64054e+02 2.34415e+02 2.61881e+02 1.83375e+02 1.92265e+02 2.34011e+02 2.46081e+02 2.54068e+02
2.39459e+01 8.15399e+01 1.63577e+02 2.34065e+02 2.61817e+02 1.82697e+02 1.91638e+02 2.33558e+02 2.45730e+02 2.53826e+02
