2.70000e+02 2.70000e+02 2.70000e+02 2.70306e+02 2.68064e+02 2.71710e+02 2.71702e+02 2.71636e+02 2.71550e+02 2.71433e+02
2.70000e+02 2.70000e+02 2.70000e+02 2.70306e+02 2.68064e+02 2.71710e+02 2.71702e+02 2.71636e+02 2.71550e+02 2.71433e+02
5.00000e+01 1.50000e+02 2.50000e+02 2.70191e+02 2.68058e+02 2.70735e+02 2.70602e+02 2.71619e+02 2.71543e+02 2.71427e+02
4.04549e+01 1.50000e+02 2.46165e+02 2.69884e+02 2.68028e+02 2.67073e+02 2.66809e+02 2.71466e+02 2.71516e+02 2.71409e+02
3.75734e+01 1.50000e+02 2.41684e+02 2.69333e+02 2.67964e+02 2.61871e+02 2.61832e+02 2.70970e+02 2.71401e+02 2.71342e+02
3.54204e+01 1.41571e+02 2.36962e+02 2.68459e+02 2.67851e+02 2.56191e+02 2.56709e+02 2.70064e+02 2.71122e+02 2.71179e+02
3.39148e+01 1.35042e+02 2.31739e+02 2.67250e+02 2.67682e+02 2.50519e+02 2.51774e+02 2.68810e+02 2.70639e+02 2.70893e+02
3.27760e+01 1.29035e+02 2.26189e+02 2.65760e+02 2.67457e+02 2.45078e+02 2.47122e+02 2.67306e+02 2.69959e+02 2.70480e+02
3.18701e+01 1.23750e+02 2.20720e+02 2.64067e+02 2.67188e+02 2.39967e+02 2.42782e+02 2.65639e+02 2.69111e+02 2.69952e+02
3.11261e+01 1.19139e+02 2.15529e+02 2.62253e+02 2.66889e+02 2.35222e+02 2.38752e+02 2.63877e+02 2.68133e+02 2.69328e+02
3.05017e+01 1.15111e+02 2.10697e+02 2.60385e+02 2.66572e+02 2.30848e+02 2.35022e+02 2.62072e+02 2.67061e+02 2.68632e+02
2.99695e+01 1.11580e+02 2.06246e+02 2.58517e+02 2.66248e+02 2.26829e+02 2.31574e+02 2.60259e+02 2.65926e+02 2.67886e+02
2.95103e+01 1.08469e+02 2.02168e+02 2.56683e+02 2.65925e+02 2.23143e+02 2.28387e+02 2.58467e+02 2.64757e+02 2.67108e+02
2.90556e+01 1.05715e+02 1.98446e+02 2.54910e+02 2.65610e+02 2.19762e+02 2.25442e+02 2.56713e+02 2.63575e+02 2.66316e+02
2.85714e+01 1.03246e+02 1.95054e+02 2.53213e+02 2.65306e+02 2.16659e+02 2.22717e+02 2.55013e+02 2.62397e+02 2.65521e+02
2.81346e+01 1.01023e+02 1.91963e+02 2.51601e+02 2.65015e+02 2.13805e+02 2.20192e+02 2.53374e+02 2.61237e+02 2.64734e+02
2.77428e+01 9.90211e+01 1.89145e+02 2.50079e+02 2.64740e+02 2.11176e+02 2.17848e+02 2.51802e+02 2.60105e+02 2.63964e+02
2.73904e+01 9.72153e+01 1.86574e+02 2.48646e+02 2.64479e+02 2.08749e+02 2.15671e+02 2.50301e+02 2.59009e+02 2.63215e+02
2.70724e+01 9.55845e+01 1.84228e+02 2.47303e+02 2.64234e+02 2.06504e+02 2.13644e+02 2.48872e+02 2.57952e+02 2.62492e+02
2.67845e+01 9.41091e+01 1.82085e+02 2.46045e+02 2.64005e+02 2.04423e+02 2.11755e+02 2.47514e+02 2.56939e+02 2.61797e+02
2.65230e+01 9.27720e+01 1.80127e+02 2.44870e+02 2.63790e+02 2.02491e+02 2.09993e+02 2.46228e+02 2.55971e+02 2.61133e+02
2.62846e+01 9.15581e+01 1.78336e+02 2.43773e+02 2.63590e+02 2.00694e+02 2.08347e+02 2.45010e+02 2.55049e+02 2.60500e+02
2.60667e+01 9.04544e+01 1.76696e+02 2.42750e+02 2.63402e+02 1.99019e+02 2.06808e+02 2.43859e+02 2.54173e+02 2.59898e+02
2.58670e+01 8.94491e+01 1.75195e+02 2.41797e+02 2.63228e+02 1.97456e+02 2.05366e+02 2.42772e+02 2.53343e+02 2.59327e+02
2.56835e+01 8.85321e+01 1.73818e+02 2.40908e+02 2.63065e+02 1.95996e+02 2.04016e+02 2.41747e+02 2.52557e+02 2.58787e+02
2.55146e+01 8.76944e+01 1.72555e+02 2.40081e+02 2.62913e+02 1.94629e+02 2.02749e+02 2.40780e+02 2.51813e+02 2.58276e+02
2.53587e+01 8.69280e+01 1.71394e+02 2.39311e+02 2.62772e+02 1.93348e+02 2.01559e+02 2.39869e+02 2.51112e+02 2.57793e+02
2.52145e+01 8.62259e+01 1.70328e+02 2.38593e+02 2.62640e+02 1.92146e+02 2.00441e+02 2.39011e+02 2.50449e+02 2.57338e+02
2.50810e+01 8.55818e+01 1.69346e+02 2.37925e+02 2.62518e+02 1.91017e+02 1.99389e+02 2.38202e+02 2.49825e+02 2.56909e+02
2.49571e+01 8.49902e+01 1.68442e+02 2.37302e+02 2.62403e+02 1.89956e+02 1.98400e+02 2.37441e+02 2.49236e+02 2.56504e+02
2.48420e+01 8.44460e+01 1.67609e+02 2.36722e+02 2.62297e+02 1.88957e+02 1.97468e+02 2.36723e+02 2.48681e+02 2.56123e+02
2.47349e+01 8.39450e+01 1.66841e+02 2.36181e+02 2.62198e+02 1.88017e+02 1.96590e+02 2.36047e+02 2.48159e+02 2.55765e+02
2.46352e+01 8.34830e+01 1.66131e+02 2.35676e+02 2.62105e+02 1.87130e+02 1.95761e+02 2.35411e+02 2.47666e+02 2.55427e+02
2.45421e+01 8.30567e+01 1.65475e+02 2.35206e+02 2.62019e+02 1.86294e+02 1.94979e+02 2.34811e+02 2.47203e+02 2.55109e+02
2.44552e+01 8.26627e+01 1.64868e+02 2.34767e+02 2.61938e+02 1.85504e+02 1.94241e+02 2.34245e+02 2.46766e+02 2.54810e+02
2.43739e+01 8.22984e+01 1.64306e+02 2.34356e+02 2.61863e+02 1.84758e+02 1.93544e+02 2.33712e+02 2.46354e+02 2.54528e+02
2.42979e+01 8.19610e+01 1.63785e+02 2.33973e+02 2.61793e+02 1.84054e+02 1.92885e+02 2.33210e+02 2.45967e+02 2.54263e+02
2.42267e+01 8.16483e+01 1.63302e+02 2.33615e+02 2.61727e+02 1.83387e+02 1.92262e+02 2.32736e+02 2.45601e+02 2.54013e+02
