2.70000000e+02
5.00000000e+01
4.04206900e+01
3.75506840e+01
3.54085660e+01
3.39092250e+01
3.27741380e+01
3.18701810e+01
3.11267730e+01
3.05018670e+01
2.99681520e+01
2.95067260e+01
2.90399990e+01
2.85501560e+01
2.81082450e+01
2.77111180e+01
2.73533710e+01
2.70300180e+01
2.67367550e+01
2.64699220e+01
2.62264070e+01
2.60035640e+01
2.57991270e+01
2.56111450e+01
2.54379360e+01
2.52780350e+01
2.51301640e+01
2.49932000e+01
2.48661550e+01
2.47481510e+01
2.46384090e+01
2.45362330e+01
2.44410000e+01
2.43521490e+01
2.42691750e+01
2.41916200e+01
2.41190710e+01
2.70000000e+02
1.50000000e+02
1.50000000e+02
1.50000000e+02
1.41632981e+02
1.35154232e+02
1.29185974e+02
1.23928860e+02
1.19338402e+02
1.15326032e+02
1.11804942e+02
1.08700536e+02
1.05948004e+02
1.03477750e+02
1.01251238e+02
9.92434720e+01
9.74309140e+01
9.57920430e+01
9.43077060e+01
9.29610360e+01
9.17372250e+01
9.06232750e+01
8.96077620e+01
8.86806230e+01
8.78329780e+01
8.70569680e+01
8.63456270e+01
8.56927640e+01
8.50928650e+01
8.45410100e+01
8.40328010e+01
8.35642960e+01
8.31319600e+01
8.27326130e+01
8.23633940e+01
8.20217190e+01
8.17052560e+01
2.70000000e+02
2.50000000e+02
2.46321607e+02
2.41921484e+02
2.37242624e+02
2.32056430e+02
2.26534793e+02
2.21086800e+02
2.15912180e+02
2.11091437e+02
2.06647082e+02
2.02573487e+02
1.98851728e+02
1.95456671e+02
1.92360140e+02
1.89534573e+02
1.86954844e+02
1.84598266e+02
1.82444291e+02
1.80474278e+02
1.78671315e+02
1.77020071e+02
1.75506665e+02
1.74118536e+02
1.72844325e+02
1.71673761e+02
1.70597563e+02
1.69607336e+02
1.68695491e+02
1.67855160e+02
1.67080129e+02
1.66364769e+02
1.65703977e+02
1.65093130e+02
1.64528027e+02
1.64004856e+02
1.63520152e+02
2.71001447e+02
2.70846649e+02
2.70507041e+02
2.69925597e+02
2.69022236e+02
2.67786866e+02
2.66272259e+02
2.64557085e+02
2.62721388e+02
2.60833081e+02
2.58944022e+02
2.57091176e+02
2.55299464e+02
2.53584704e+02
2.51956017e+02
2.50417726e+02
2.48970808e+02
2.47614012e+02
2.46344657e+02
2.45159179e+02
2.44053495e+02
2.43023257e+02
2.42064016e+02
2.41171345e+02
2.40340913e+02
2.39568540e+02
2.38850231e+02
2.38182194e+02
2.37560855e+02
2.36982855e+02
2.36445050e+02
2.35944510e+02
2.35478504e+02
2.35044498e+02
2.34640139e+02
2.34263248e+02
2.33911806e+02
2.68186468e+02
2.68176660e+02
2.68141356e+02
2.68071501e+02
2.67953729e+02
2.67779144e+02
2.67550119e+02
2.67277114e+02
2.66973629e+02
2.66652692e+02
2.66325121e+02
2.65999107e+02
2.65680458e+02
2.65373067e+02
2.65079372e+02
2.64800744e+02
2.64537790e+02
2.64290590e+02
2.64058873e+02
2.63842143e+02
2.63639766e+02
2.63451026e+02
2.63275170e+02
2.63111430e+02
2.62959045e+02
2.62817274e+02
2.62685400e+02
2.62562741e+02
2.62448651e+02
2.62342520e+02
2.62243775e+02
2.62151881e+02
2.62066338e+02
2.61986683e+02
2.61912483e+02
2.61843337e+02
2.61778876e+02
2.74132256e+02
2.73078115e+02
2.69432398e+02
2.64284269e+02
2.58645003e+02
2.52987121e+02
2.47532281e+02
2.42384136e+02
2.37583885e+02
2.33138677e+02
2.29037471e+02
2.25260096e+02
2.21782412e+02
2.18578655e+02
2.15623034e+02
2.12891942e+02
2.10364244e+02
2.08021041e+02
2.05845464e+02
2.03822473e+02
2.01938661e+02
2.00182075e+02
1.98542040e+02
1.97009008e+02
1.95574417e+02
1.94230572e+02
1.92970537e+02
1.91788042e+02
1.90677404e+02
1.89633458e+02
1.88651497e+02
1.87727219e+02
1.86856687e+02
1.86036283e+02
1.85262683e+02
1.84532819e+02
1.83843863e+02
2.73936968e+02
2.72755261e+02
2.68987381e+02
2.64068755e+02
2.58985212e+02
2.54062131e+02
2.49399870e+02
2.45028852e+02
2.40952987e+02
2.37163969e+02
2.33647379e+02
2.30385906e+02
2.27361179e+02
2.24554237e+02
2.21946307e+02
2.19520576e+02
2.17262051e+02
2.15157178e+02
2.13193651e+02
2.11360298e+02
2.09646974e+02
2.08044464e+02
2.06544390e+02
2.05139126e+02
2.03821719e+02
2.02585819e+02
2.01425620e+02
2.00335801e+02
1.99311478e+02
1.98348162e+02
1.97441720e+02
1.96588340e+02
1.95784504e+02
1.95026960e+02
1.94312695e+02
1.93638920e+02
1.93003047e+02
2.72998884e+02
2.72929565e+02
2.72726593e+02
2.72195166e+02
2.71270513e+02
2.70009627e+02
2.68503858e+02
2.66836774e+02
2.65074533e+02
2.63267121e+02
2.61451669e+02
2.59655472e+02
2.57898329e+02
2.56194263e+02
2.54552831e+02
2.52980087e+02
2.51479470e+02
2.50052490e+02
2.48699226e+02
2.47418704e+02
2.46209178e+02
2.45068358e+02
2.43993577e+02
2.42981932e+02
2.42030384e+02
2.41135840e+02
2.40295209e+02
2.39505450e+02
2.38763599e+02
2.38066799e+02
2.37412308e+02
2.36797509e+02
2.36219921e+02
2.35677195e+02
2.35167114e+02
2.34687592e+02
2.34236670e+02
2.72545637e+02
2.72497663e+02
2.72418973e+02
2.72261472e+02
2.71948323e+02
2.71440845e+02
2.70743055e+02
2.69882841e+02
2.68896155e+02
2.67818654e+02
2.66682182e+02
2.65513659e+02
2.64335033e+02
2.63163663e+02
2.62012918e+02
2.60892748e+02
2.59810272e+02
2.58770335e+02
2.57775986e+02
2.56828876e+02
2.55929584e+02
2.55077874e+02
2.54272903e+02
2.53513391e+02
2.52797742e+02
2.52124155e+02
2.51490701e+02
2.50895381e+02
2.50336175e+02
2.49811080e+02
2.49318130e+02
2.48855416e+02
2.48421104e+02
2.48013437e+02
2.47630743e+02
2.47271437e+02
2.46934023e+02
2.72111192e+02
2.72050221e+02
2.71992092e+02
2.71890908e+02
2.71699980e+02
2.71391913e+02
2.70962485e+02
2.70423510e+02
2.69794806e+02
2.69098554e+02
2.68356050e+02
2.67586128e+02
2.66804586e+02
2.66024154e+02
2.65254765e+02
2.64503899e+02
2.63776983e+02
2.63077772e+02
2.62408690e+02
2.61771124e+02
2.61165661e+02
2.60592281e+02
2.60050512e+02
2.59539551e+02
2.59058361e+02
2.58605748e+02
2.58180414e+02
2.57781010e+02
2.57406162e+02
2.57054504e+02
2.56724691e+02
2.56415419e+02
2.56125429e+02
2.55853515e+02
2.55598531e+02
2.55359390e+02
2.55135065e+02
