2.70000e+02 2.70000e+02 2.70000e+02 2.72894e+02 2.68467e+02 2.76234e+02 2.76010e+02 2.74995e+02 2.74322e+02 2.73532e+02
2.70000e+02 2.70000e+02 2.70000e+02 2.72894e+02 2.68467e+02 2.76234e+02 2.76010e+02 2.74995e+02 2.74322e+02 2.73532e+02
5.00000e+01 1.50000e+02 2.50000e+02 2.72477e+02 2.68437e+02 2.75213e+02 2.74670e+02 2.74812e+02 2.74161e+02 2.73279e+02
4.05095e+01 1.50000e+02 2.46709e+02 2.71944e+02 2.68368e+02 2.71702e+02 2.70658e+02 2.74467e+02 2.73931e+02 2.73082e+02
3.76620e+01 1.50000e+02 2.42483e+02 2.71218e+02 2.68272e+02 2.66636e+02 2.65495e+02 2.73770e+02 2.73628e+02 2.72869e+02
3.55169e+01 1.41876e+02 2.37877e+02 2.70205e+02 2.68138e+02 2.61012e+02 2.60203e+02 2.72670e+02 2.73180e+02 2.72586e+02
3.40138e+01 1.35373e+02 2.32738e+02 2.68887e+02 2.67955e+02 2.55320e+02 2.55110e+02 2.71239e+02 2.72548e+02 2.72197e+02
3.28752e+01 1.29435e+02 2.27236e+02 2.67308e+02 2.67725e+02 2.49798e+02 2.50308e+02 2.69578e+02 2.71737e+02 2.71694e+02
3.19677e+01 1.24200e+02 2.21793e+02 2.65542e+02 2.67457e+02 2.44561e+02 2.45822e+02 2.67774e+02 2.70775e+02 2.71086e+02
3.12204e+01 1.19624e+02 2.16616e+02 2.63665e+02 2.67162e+02 2.39660e+02 2.41649e+02 2.65891e+02 2.69696e+02 2.70392e+02
3.05913e+01 1.15620e+02 2.11791e+02 2.61743e+02 2.66853e+02 2.35108e+02 2.37777e+02 2.63979e+02 2.68536e+02 2.69634e+02
3.00533e+01 1.12104e+02 2.07341e+02 2.59825e+02 2.66539e+02 2.30899e+02 2.34189e+02 2.62071e+02 2.67323e+02 2.68831e+02
2.95876e+01 1.09001e+02 2.03261e+02 2.57948e+02 2.66227e+02 2.27015e+02 2.30865e+02 2.60192e+02 2.66084e+02 2.68002e+02
2.91480e+01 1.06250e+02 1.99532e+02 2.56134e+02 2.65923e+02 2.23435e+02 2.27785e+02 2.58360e+02 2.64839e+02 2.67163e+02
2.86573e+01 1.03784e+02 1.96130e+02 2.54400e+02 2.65630e+02 2.20133e+02 2.24929e+02 2.56587e+02 2.63604e+02 2.66327e+02
2.82110e+01 1.01558e+02 1.93027e+02 2.52754e+02 2.65351e+02 2.17086e+02 2.22276e+02 2.54881e+02 2.62394e+02 2.65503e+02
2.78091e+01 9.95488e+01 1.90195e+02 2.51199e+02 2.65086e+02 2.14269e+02 2.19810e+02 2.53248e+02 2.61216e+02 2.64700e+02
2.74466e+01 9.77328e+01 1.87608e+02 2.49737e+02 2.64837e+02 2.11661e+02 2.17514e+02 2.51691e+02 2.60077e+02 2.63921e+02
2.71187e+01 9.60896e+01 1.85244e+02 2.48366e+02 2.64602e+02 2.09244e+02 2.15374e+02 2.50209e+02 2.58983e+02 2.63171e+02
2.68210e+01 9.46002e+01 1.83082e+02 2.47083e+02 2.64382e+02 2.06998e+02 2.13377e+02 2.48804e+02 2.57937e+02 2.62453e+02
2.65501e+01 9.32480e+01 1.81104e+02 2.45883e+02 2.64176e+02 2.04911e+02 2.11513e+02 2.47472e+02 2.56938e+02 2.61768e+02
2.63026e+01 9.20185e+01 1.79293e+02 2.44764e+02 2.63983e+02 2.02967e+02 2.09770e+02 2.46214e+02 2.55990e+02 2.61116e+02
2.60761e+01 9.08986e+01 1.77633e+02 2.43721e+02 2.63804e+02 2.01154e+02 2.08140e+02 2.45026e+02 2.55090e+02 2.60498e+02
2.58682e+01 8.98771e+01 1.76110e+02 2.42748e+02 2.63636e+02 1.99462e+02 2.06614e+02 2.43905e+02 2.54238e+02 2.59912e+02
2.56769e+01 8.89440e+01 1.74713e+02 2.41842e+02 2.63480e+02 1.97880e+02 2.05183e+02 2.42849e+02 2.53433e+02 2.59359e+02
2.55006e+01 8.80904e+01 1.73430e+02 2.40999e+02 2.63335e+02 1.96400e+02 2.03842e+02 2.41855e+02 2.52673e+02 2.58837e+02
2.53378e+01 8.73084e+01 1.72250e+02 2.40213e+02 2.63199e+02 1.95013e+02 2.02583e+02 2.40918e+02 2.51956e+02 2.58345e+02
2.51872e+01 8.65912e+01 1.71164e+02 2.39482e+02 2.63073e+02 1.93714e+02 2.01401e+02 2.40037e+02 2.51281e+02 2.57882e+02
2.50476e+01 8.59325e+01 1.70165e+02 2.38801e+02 2.62956e+02 1.92494e+02 2.00291e+02 2.39209e+02 2.50646e+02 2.57447e+02
2.49181e+01 8.53269e+01 1.69244e+02 2.38167e+02 2.62847e+02 1.91348e+02 1.99246e+02 2.38429e+02 2.50048e+02 2.57037e+02
2.47977e+01 8.47695e+01 1.68394e+02 2.37576e+02 2.62745e+02 1.90271e+02 1.98264e+02 2.37696e+02 2.49486e+02 2.56652e+02
2.46858e+01 8.42557e+01 1.67610e+02 2.37026e+02 2.62650e+02 1.89258e+02 1.97340e+02 2.37007e+02 2.48957e+02 2.56290e+02
2.45815e+01 8.37818e+01 1.66885e+02 2.36513e+02 2.62562e+02 1.88305e+02 1.96469e+02 2.36358e+02 2.48460e+02 2.55950e+02
2.44842e+01 8.33441e+01 1.66215e+02 2.36034e+02 2.62479e+02 1.87407e+02 1.95648e+02 2.35748e+02 2.47993e+02 2.55631e+02
2.43934e+01 8.29395e+01 1.65595e+02 2.35588e+02 2.62402e+02 1.86561e+02 1.94875e+02 2.35175e+02 2.47553e+02 2.55331e+02
2.43087e+01 8.25652e+01 1.65021e+02 2.35172e+02 2.62331e+02 1.85763e+02 1.94146e+02 2.34635e+02 2.47140e+02 2.55049e+02
2.42294e+01 8.22185e+01 1.64489e+02 2.34784e+02 2.62264e+02 1.85011e+02 1.93458e+02 2.34127e+02 2.46752e+02 2.54784e+02
2.41552e+01 8.18972e+01 1.63995e+02 2.34421e+02 2.62201e+02 1.84300e+02 1.92809e+02 2.33649e+02 2.46387e+02 2.54536e+02
