2.70000e+02 2.70000e+02 2.70000e+02 2.67348e+02 2.67541e+02 2.66562e+02 2.66874e+02 2.68178e+02 2.68784e+02 2.69371e+02
2.70000e+02 2.70000e+02 2.70000e+02 2.67348e+02 2.67541e+02 2.66562e+02 2.66874e+02 2.68178e+02 2.68784e+02 2.69371e+02
5.00000e+01 1.50000e+02 2.50000e+02 2.67629e+02 2.67570e+02 2.65935e+02 2.66144e+02 2.68338e+02 2.68935e+02 2.69590e+02
3.99895e+01 1.50000e+02 2.45269e+02 2.67609e+02 2.67595e+02 2.62834e+02 2.62918e+02 2.68392e+02 2.69112e+02 2.69746e+02
3.70040e+01 1.50000e+02 2.40732e+02 2.67286e+02 2.67575e+02 2.58284e+02 2.58569e+02 2.68129e+02 2.69189e+02 2.69823e+02
3.49009e+01 1.41141e+02 2.35877e+02 2.66606e+02 2.67496e+02 2.53262e+02 2.54061e+02 2.67478e+02 2.69089e+02 2.69784e+02
3.34461e+01 1.34427e+02 2.30548e+02 2.65567e+02 2.67353e+02 2.48214e+02 2.49699e+02 2.66490e+02 2.68777e+02 2.69605e+02
3.23515e+01 1.28329e+02 2.24940e+02 2.64230e+02 2.67149e+02 2.43346e+02 2.45572e+02 2.65250e+02 2.68260e+02 2.69287e+02
3.14846e+01 1.23014e+02 2.19457e+02 2.62677e+02 2.66897e+02 2.38755e+02 2.41706e+02 2.63840e+02 2.67568e+02 2.68845e+02
3.07752e+01 1.18406e+02 2.14284e+02 2.60990e+02 2.66611e+02 2.34477e+02 2.38101e+02 2.62324e+02 2.66738e+02 2.68300e+02
3.01816e+01 1.14400e+02 2.09489e+02 2.59240e+02 2.66306e+02 2.30520e+02 2.34752e+02 2.60749e+02 2.65807e+02 2.67676e+02
2.96769e+01 1.10902e+02 2.05086e+02 2.57480e+02 2.65993e+02 2.26874e+02 2.31644e+02 2.59154e+02 2.64807e+02 2.66997e+02
2.92222e+01 1.07829e+02 2.01065e+02 2.55748e+02 2.65680e+02 2.23519e+02 2.28762e+02 2.57565e+02 2.63766e+02 2.66283e+02
2.87089e+01 1.05103e+02 1.97404e+02 2.54070e+02 2.65373e+02 2.20434e+02 2.26088e+02 2.56002e+02 2.62706e+02 2.65551e+02
2.82444e+01 1.02662e+02 1.94073e+02 2.52461e+02 2.65077e+02 2.17593e+02 2.23606e+02 2.54481e+02 2.61646e+02 2.64814e+02
2.78300e+01 1.00474e+02 1.91042e+02 2.50932e+02 2.64794e+02 2.14973e+02 2.21300e+02 2.53010e+02 2.60599e+02 2.64084e+02
2.74596e+01 9.85095e+01 1.88283e+02 2.49487e+02 2.64525e+02 2.12554e+02 2.19153e+02 2.51597e+02 2.59576e+02 2.63369e+02
2.71271e+01 9.67430e+01 1.85771e+02 2.48128e+02 2.64272e+02 2.10316e+02 2.17154e+02 2.50246e+02 2.58584e+02 2.62675e+02
2.68277e+01 9.51513e+01 1.83482e+02 2.46854e+02 2.64033e+02 2.08241e+02 2.15291e+02 2.48960e+02 2.57630e+02 2.62005e+02
2.65569e+01 9.37142e+01 1.81394e+02 2.45662e+02 2.63810e+02 2.06316e+02 2.13552e+02 2.47738e+02 2.56715e+02 2.61363e+02
2.63111e+01 9.24141e+01 1.79489e+02 2.44549e+02 2.63601e+02 2.04525e+02 2.11927e+02 2.46581e+02 2.55844e+02 2.60751e+02
2.60873e+01 9.12358e+01 1.77750e+02 2.43511e+02 2.63406e+02 2.02858e+02 2.10409e+02 2.45487e+02 2.55015e+02 2.60170e+02
2.58829e+01 9.01661e+01 1.76161e+02 2.42545e+02 2.63225e+02 2.01303e+02 2.08988e+02 2.44455e+02 2.54230e+02 2.59619e+02
2.56958e+01 8.91934e+01 1.74707e+02 2.41646e+02 2.63055e+02 1.99851e+02 2.07657e+02 2.43482e+02 2.53488e+02 2.59098e+02
2.55240e+01 8.83074e+01 1.73377e+02 2.40810e+02 2.62898e+02 1.98493e+02 2.06410e+02 2.42567e+02 2.52788e+02 2.58607e+02
2.53660e+01 8.74992e+01 1.72158e+02 2.40033e+02 2.62752e+02 1.97222e+02 2.05240e+02 2.41705e+02 2.52128e+02 2.58145e+02
2.52203e+01 8.67609e+01 1.71040e+02 2.39311e+02 2.62616e+02 1.96031e+02 2.04142e+02 2.40895e+02 2.51507e+02 2.57710e+02
2.50858e+01 8.60855e+01 1.70015e+02 2.38640e+02 2.62489e+02 1.94913e+02 2.03111e+02 2.40135e+02 2.50924e+02 2.57302e+02
2.49613e+01 8.54669e+01 1.69073e+02 2.38017e+02 2.62372e+02 1.93864e+02 2.02142e+02 2.39420e+02 2.50376e+02 2.56919e+02
2.48460e+01 8.48996e+01 1.68207e+02 2.37438e+02 2.62262e+02 1.92878e+02 2.01230e+02 2.38748e+02 2.49861e+02 2.56559e+02
2.47389e+01 8.43786e+01 1.67411e+02 2.36899e+02 2.62161e+02 1.91951e+02 2.00372e+02 2.38118e+02 2.49378e+02 2.56222e+02
2.46395e+01 8.38997e+01 1.66677e+02 2.36399e+02 2.62066e+02 1.91078e+02 1.99565e+02 2.37526e+02 2.48924e+02 2.55906e+02
2.45469e+01 8.34590e+01 1.66002e+02 2.35934e+02 2.61979e+02 1.90255e+02 1.98804e+02 2.36970e+02 2.48499e+02 2.55611e+02
2.44607e+01 8.30530e+01 1.65378e+02 2.35501e+02 2.61897e+02 1.89480e+02 1.98087e+02 2.36448e+02 2.48100e+02 2.55333e+02
2.43803e+01 8.26785e+01 1.64803e+02 2.35098e+02 2.61821e+02 1.88749e+02 1.97411e+02 2.35957e+02 2.47726e+02 2.55073e+02
2.43053e+01 8.23328e+01 1.64272e+02 2.34723e+02 2.61751e+02 1.88059e+02 1.96773e+02 2.35496e+02 2.47375e+02 2.54830e+02
2.42352e+01 8.20134e+01 1.63780e+02 2.34374e+02 2.61685e+02 1.87408e+02 1.96171e+02 2.35063e+02 2.47045e+02 2.54602e+02
2.41697e+01 8.17179e+01 1.63326e+02 2.34049e+02 2.61624e+02 1.86793e+02 1.95602e+02 2.34655e+02 2.46736e+02 2.54388e+02
