2.70000e+02 2.70000e+02 2.70000e+02 2.70817e+02 2.68172e+02 2.74079e+02 2.73963e+02 2.73313e+02 2.72771e+02 2.72112e+02
2.70000e+02 2.70000e+02 2.70000e+02 2.70817e+02 2.68172e+02 2.74079e+02 2.73963e+02 2.73313e+02 2.72771e+02 2.72112e+02
5.00000e+01 1.50000e+02 2.50000e+02 2.70731e+02 2.68167e+02 2.73046e+02 2.72818e+02 2.73235e+02 2.72724e+02 2.72083e+02
4.01455e+01 1.50000e+02 2.46287e+02 2.70441e+02 2.68139e+02 2.69420e+02 2.69112e+02 2.73017e+02 2.72644e+02 2.72047e+02
3.72298e+01 1.50000e+02 2.41871e+02 2.69902e+02 2.68074e+02 2.64285e+02 2.64232e+02 2.72459e+02 2.72477e+02 2.71960e+02
3.51246e+01 1.41474e+02 2.37187e+02 2.69040e+02 2.67958e+02 2.58672e+02 2.59177e+02 2.71489e+02 2.72141e+02 2.71778e+02
3.36589e+01 1.34968e+02 2.31997e+02 2.67845e+02 2.67782e+02 2.53061e+02 2.54285e+02 2.70163e+02 2.71595e+02 2.71474e+02
3.25510e+01 1.29003e+02 2.26480e+02 2.66365e+02 2.67550e+02 2.47675e+02 2.49662e+02 2.68574e+02 2.70842e+02 2.71045e+02
3.16691e+01 1.23762e+02 2.21047e+02 2.64678e+02 2.67272e+02 2.42609e+02 2.45336e+02 2.66807e+02 2.69912e+02 2.70503e+02
3.09438e+01 1.19195e+02 2.15893e+02 2.62862e+02 2.66962e+02 2.37900e+02 2.41308e+02 2.64930e+02 2.68841e+02 2.69869e+02
3.03338e+01 1.15208e+02 2.11097e+02 2.60984e+02 2.66633e+02 2.33549e+02 2.37567e+02 2.62995e+02 2.67668e+02 2.69166e+02
2.98125e+01 1.11712e+02 2.06678e+02 2.59097e+02 2.66296e+02 2.29540e+02 2.34096e+02 2.61041e+02 2.66426e+02 2.68414e+02
2.93614e+01 1.08632e+02 2.02628e+02 2.57238e+02 2.65959e+02 2.25851e+02 2.30874e+02 2.59098e+02 2.65145e+02 2.67634e+02
2.88451e+01 1.05894e+02 1.98927e+02 2.55432e+02 2.65629e+02 2.22455e+02 2.27883e+02 2.57185e+02 2.63848e+02 2.66842e+02
2.83605e+01 1.03434e+02 1.95547e+02 2.53698e+02 2.65310e+02 2.19325e+02 2.25101e+02 2.55320e+02 2.62553e+02 2.66049e+02
2.79255e+01 1.01218e+02 1.92462e+02 2.52044e+02 2.65003e+02 2.16434e+02 2.22509e+02 2.53513e+02 2.61276e+02 2.65266e+02
2.75346e+01 9.92215e+01 1.89642e+02 2.50475e+02 2.64711e+02 2.13757e+02 2.20092e+02 2.51771e+02 2.60026e+02 2.64501e+02
2.71823e+01 9.74183e+01 1.87064e+02 2.48994e+02 2.64435e+02 2.11275e+02 2.17833e+02 2.50098e+02 2.58813e+02 2.63758e+02
2.68635e+01 9.57869e+01 1.84704e+02 2.47599e+02 2.64174e+02 2.08967e+02 2.15720e+02 2.48496e+02 2.57640e+02 2.63042e+02
2.65738e+01 9.43079e+01 1.82544e+02 2.46288e+02 2.63928e+02 2.06818e+02 2.13741e+02 2.46967e+02 2.56513e+02 2.62355e+02
2.63098e+01 9.29643e+01 1.80563e+02 2.45059e+02 2.63698e+02 2.04813e+02 2.11886e+02 2.45510e+02 2.55433e+02 2.61697e+02
2.60684e+01 9.17415e+01 1.78747e+02 2.43908e+02 2.63481e+02 2.02939e+02 2.10143e+02 2.44124e+02 2.54400e+02 2.61071e+02
2.58469e+01 9.06265e+01 1.77079e+02 2.42831e+02 2.63279e+02 2.01184e+02 2.08506e+02 2.42807e+02 2.53416e+02 2.60475e+02
2.56432e+01 8.96080e+01 1.75547e+02 2.41823e+02 2.63089e+02 1.99539e+02 2.06965e+02 2.41556e+02 2.52479e+02 2.59909e+02
2.54553e+01 8.86761e+01 1.74137e+02 2.40880e+02 2.62912e+02 1.97995e+02 2.05515e+02 2.40370e+02 2.51588e+02 2.59373e+02
2.52816e+01 8.78220e+01 1.72839e+02 2.39999e+02 2.62746e+02 1.96543e+02 2.04148e+02 2.39246e+02 2.50742e+02 2.58865e+02
2.51207e+01 8.70381e+01 1.71643e+02 2.39175e+02 2.62591e+02 1.95176e+02 2.02859e+02 2.38180e+02 2.49940e+02 2.58385e+02
2.49714e+01 8.63175e+01 1.70539e+02 2.38405e+02 2.62446e+02 1.93889e+02 2.01642e+02 2.37171e+02 2.49179e+02 2.57931e+02
2.48326e+01 8.56542e+01 1.69520e+02 2.37684e+02 2.62311e+02 1.92674e+02 2.00493e+02 2.36214e+02 2.48458e+02 2.57502e+02
2.47033e+01 8.50427e+01 1.68578e+02 2.37011e+02 2.62184e+02 1.91528e+02 1.99406e+02 2.35308e+02 2.47775e+02 2.57097e+02
2.45827e+01 8.44782e+01 1.67707e+02 2.36380e+02 2.62065e+02 1.90445e+02 1.98379e+02 2.34450e+02 2.47128e+02 2.56714e+02
2.44701e+01 8.39566e+01 1.66899e+02 2.35789e+02 2.61954e+02 1.89421e+02 1.97407e+02 2.33636e+02 2.46515e+02 2.56353e+02
2.43648e+01 8.34738e+01 1.66151e+02 2.35236e+02 2.61850e+02 1.88452e+02 1.96486e+02 2.32865e+02 2.45934e+02 2.56011e+02
2.42661e+01 8.30266e+01 1.65457e+02 2.34718e+02 2.61752e+02 1.87535e+02 1.95614e+02 2.32135e+02 2.45383e+02 2.55689e+02
2.41737e+01 8.26117e+01 1.64811e+02 2.34232e+02 2.61661e+02 1.86666e+02 1.94788e+02 2.31442e+02 2.44862e+02 2.55384e+02
2.40869e+01 8.22265e+01 1.64212e+02 2.33776e+02 2.61575e+02 1.85843e+02 1.94004e+02 2.30785e+02 2.44368e+02 2.55096e+02
2.40054e+01 8.18683e+01 1.63653e+02 2.33348e+02 2.61495e+02 1.85062e+02 1.93261e+02 2.30162e+02 2.43899e+02 2.54823e+02
2.39287e+01 8.15351e+01 1.63134e+02 2.32946e+02 2.61419e+02 1.84321e+02 1.92555e+02 2.29571e+02 2.43455e+02 2.54566e+02
