2.70000e+02 2.70000e+02 2.70000e+02 2.70256e+02 2.68029e+02 2.73585e+02 2.73404e+02 2.72376e+02 2.71967e+02 2.71638e+02
2.70000e+02 2.70000e+02 2.70000e+02 2.70256e+02 2.68029e+02 2.73585e+02 2.73404e+02 2.72376e+02 2.71967e+02 2.71638e+02
5.00000e+01 1.50000e+02 2.50000e+02 2.70218e+02 2.68029e+02 2.72595e+02 2.72337e+02 2.72365e+02 2.71970e+02 2.71646e+02
4.02874e+01 1.50000e+02 2.46165e+02 2.69969e+02 2.68011e+02 2.68969e+02 2.68703e+02 2.72220e+02 2.71953e+02 2.71641e+02
3.73728e+01 1.50000e+02 2.41680e+02 2.69460e+02 2.67958e+02 2.63814e+02 2.63871e+02 2.71732e+02 2.71845e+02 2.71581e+02
3.52455e+01 1.41438e+02 2.36946e+02 2.68620e+02 2.67857e+02 2.58178e+02 2.58845e+02 2.70833e+02 2.71569e+02 2.71422e+02
3.37640e+01 1.34875e+02 2.31707e+02 2.67443e+02 2.67701e+02 2.52542e+02 2.53968e+02 2.69586e+02 2.71087e+02 2.71136e+02
3.26445e+01 1.28865e+02 2.26147e+02 2.65984e+02 2.67493e+02 2.47128e+02 2.49349e+02 2.68089e+02 2.70409e+02 2.70721e+02
3.17538e+01 1.23592e+02 2.20679e+02 2.64323e+02 2.67244e+02 2.42032e+02 2.45022e+02 2.66430e+02 2.69565e+02 2.70191e+02
3.10217e+01 1.19001e+02 2.15501e+02 2.62542e+02 2.66966e+02 2.37289e+02 2.40991e+02 2.64678e+02 2.68591e+02 2.69567e+02
3.04065e+01 1.14996e+02 2.10687e+02 2.60707e+02 2.66672e+02 2.32903e+02 2.37246e+02 2.62883e+02 2.67526e+02 2.68873e+02
2.98813e+01 1.11488e+02 2.06258e+02 2.58870e+02 2.66371e+02 2.28860e+02 2.33773e+02 2.61082e+02 2.66401e+02 2.68130e+02
2.94274e+01 1.08400e+02 2.02206e+02 2.57068e+02 2.66073e+02 2.25137e+02 2.30554e+02 2.59300e+02 2.65242e+02 2.67358e+02
2.89465e+01 1.05663e+02 1.98510e+02 2.55326e+02 2.65781e+02 2.21711e+02 2.27570e+02 2.57559e+02 2.64073e+02 2.66573e+02
2.84627e+01 1.03208e+02 1.95143e+02 2.53658e+02 2.65499e+02 2.18554e+02 2.24801e+02 2.55870e+02 2.62909e+02 2.65789e+02
2.80275e+01 1.01000e+02 1.92077e+02 2.52074e+02 2.65230e+02 2.15641e+02 2.22228e+02 2.54243e+02 2.61766e+02 2.65015e+02
2.76367e+01 9.90111e+01 1.89282e+02 2.50578e+02 2.64975e+02 2.12948e+02 2.19835e+02 2.52684e+02 2.60652e+02 2.64259e+02
2.72849e+01 9.72183e+01 1.86733e+02 2.49171e+02 2.64734e+02 2.10456e+02 2.17606e+02 2.51196e+02 2.59574e+02 2.63527e+02
2.69671e+01 9.55992e+01 1.84407e+02 2.47851e+02 2.64508e+02 2.08145e+02 2.15529e+02 2.49781e+02 2.58538e+02 2.62822e+02
2.66789e+01 9.41344e+01 1.82284e+02 2.46617e+02 2.64296e+02 2.05998e+02 2.13591e+02 2.48438e+02 2.57546e+02 2.62148e+02
2.64168e+01 9.28068e+01 1.80344e+02 2.45464e+02 2.64098e+02 2.04001e+02 2.11781e+02 2.47166e+02 2.56601e+02 2.61504e+02
2.61776e+01 9.16015e+01 1.78570e+02 2.44388e+02 2.63912e+02 2.02142e+02 2.10089e+02 2.45965e+02 2.55703e+02 2.60893e+02
2.59588e+01 9.05054e+01 1.76946e+02 2.43386e+02 2.63740e+02 2.00407e+02 2.08506e+02 2.44831e+02 2.54852e+02 2.60313e+02
2.57582e+01 8.95070e+01 1.75459e+02 2.42452e+02 2.63579e+02 1.98787e+02 2.07024e+02 2.43761e+02 2.54047e+02 2.59765e+02
2.55736e+01 8.85962e+01 1.74097e+02 2.41583e+02 2.63429e+02 1.97272e+02 2.05634e+02 2.42754e+02 2.53286e+02 2.59248e+02
2.54036e+01 8.77641e+01 1.72846e+02 2.40775e+02 2.63289e+02 1.95854e+02 2.04331e+02 2.41806e+02 2.52569e+02 2.58761e+02
2.52467e+01 8.70027e+01 1.71698e+02 2.40023e+02 2.63159e+02 1.94525e+02 2.03108e+02 2.40914e+02 2.51893e+02 2.58302e+02
2.51016e+01 8.63052e+01 1.70644e+02 2.39323e+02 2.63038e+02 1.93279e+02 2.01959e+02 2.40075e+02 2.51258e+02 2.57870e+02
2.49672e+01 8.56654e+01 1.69673e+02 2.38672e+02 2.62926e+02 1.92108e+02 2.00879e+02 2.39287e+02 2.50659e+02 2.57465e+02
2.48424e+01 8.50778e+01 1.68780e+02 2.38066e+02 2.62821e+02 1.91009e+02 1.99864e+02 2.38545e+02 2.50097e+02 2.57084e+02
2.47266e+01 8.45374e+01 1.67958e+02 2.37502e+02 2.62724e+02 1.89975e+02 1.98908e+02 2.37848e+02 2.49569e+02 2.56727e+02
2.46188e+01 8.40399e+01 1.67199e+02 2.36977e+02 2.62633e+02 1.89001e+02 1.98009e+02 2.37193e+02 2.49072e+02 2.56391e+02
2.45184e+01 8.35813e+01 1.66499e+02 2.36488e+02 2.62549e+02 1.88085e+02 1.97161e+02 2.36577e+02 2.48606e+02 2.56076e+02
2.44249e+01 8.31583e+01 1.65852e+02 2.36033e+02 2.62470e+02 1.87221e+02 1.96362e+02 2.35998e+02 2.48167e+02 2.55780e+02
2.43375e+01 8.27676e+01 1.65254e+02 2.35609e+02 2.62397e+02 1.86406e+02 1.95608e+02 2.35453e+02 2.47755e+02 2.55503e+02
2.42559e+01 8.24064e+01 1.64701e+02 2.35213e+02 2.62329e+02 1.85637e+02 1.94897e+02 2.34941e+02 2.47368e+02 2.55243e+02
2.41796e+01 8.20721e+01 1.64189e+02 2.34844e+02 2.62265e+02 1.84911e+02 1.94225e+02 2.34458e+02 2.47005e+02 2.54998e+02
2.41082e+01 8.17625e+01 1.63715e+02 2.34500e+02 2.62206e+02 1.84225e+02 1.93591e+02 2.34004e+02 2.46663e+02 2.54769e+02
