2.70000e+02 2.70000e+02 2.70000e+02 2.70613e+02 2.68088e+02 2.71241e+02 2.71335e+02 2.71708e+02 2.71744e+02 2.71639e+02
2.70000e+02 2.70000e+02 2.70000e+02 2.70613e+02 2.68088e+02 2.71241e+02 2.71335e+02 2.71708e+02 2.71744e+02 2.71639e+02
5.00000e+01 1.50000e+02 2.50000e+02 2.70429e+02 2.68077e+02 2.70572e+02 2.70330e+02 2.71674e+02 2.71711e+02 2.71583e+02
4.01745e+01 1.50000e+02 2.46216e+02 2.70073e+02 2.68039e+02 2.67702e+02 2.66797e+02 2.71503e+02 2.71646e+02 2.71530e+02
3.72394e+01 1.50000e+02 2.41749e+02 2.69486e+02 2.67970e+02 2.63348e+02 2.62187e+02 2.71004e+02 2.71483e+02 2.71434e+02
3.51217e+01 1.41437e+02 2.37020e+02 2.68586e+02 2.67858e+02 2.58406e+02 2.57462e+02 2.70120e+02 2.71146e+02 2.71249e+02
3.36498e+01 1.34884e+02 2.31781e+02 2.67362e+02 2.67693e+02 2.53338e+02 2.52915e+02 2.68913e+02 2.70606e+02 2.70947e+02
3.25395e+01 1.28877e+02 2.26215e+02 2.65868e+02 2.67478e+02 2.48377e+02 2.48624e+02 2.67472e+02 2.69874e+02 2.70525e+02
3.16579e+01 1.23602e+02 2.20738e+02 2.64183e+02 2.67223e+02 2.43643e+02 2.44607e+02 2.65879e+02 2.68985e+02 2.69994e+02
3.09345e+01 1.19006e+02 2.15550e+02 2.62384e+02 2.66942e+02 2.39192e+02 2.40863e+02 2.64195e+02 2.67975e+02 2.69374e+02
3.03278e+01 1.14997e+02 2.10728e+02 2.60540e+02 2.66646e+02 2.35044e+02 2.37382e+02 2.62468e+02 2.66880e+02 2.68689e+02
2.98107e+01 1.11485e+02 2.06293e+02 2.58701e+02 2.66345e+02 2.31198e+02 2.34150e+02 2.60732e+02 2.65732e+02 2.67958e+02
2.93645e+01 1.08395e+02 2.02239e+02 2.56901e+02 2.66046e+02 2.27642e+02 2.31148e+02 2.59014e+02 2.64557e+02 2.67200e+02
2.88616e+01 1.05655e+02 1.98545e+02 2.55165e+02 2.65755e+02 2.24359e+02 2.28362e+02 2.57330e+02 2.63374e+02 2.66431e+02
2.83856e+01 1.03199e+02 1.95184e+02 2.53507e+02 2.65475e+02 2.21327e+02 2.25772e+02 2.55695e+02 2.62201e+02 2.65663e+02
2.79593e+01 1.00992e+02 1.92125e+02 2.51935e+02 2.65208e+02 2.18525e+02 2.23363e+02 2.54119e+02 2.61049e+02 2.64905e+02
2.75774e+01 9.90084e+01 1.89341e+02 2.50454e+02 2.64956e+02 2.15931e+02 2.21118e+02 2.52605e+02 2.59929e+02 2.64166e+02
2.72343e+01 9.72228e+01 1.86805e+02 2.49062e+02 2.64718e+02 2.13528e+02 2.19025e+02 2.51159e+02 2.58847e+02 2.63450e+02
2.69248e+01 9.56126e+01 1.84495e+02 2.47759e+02 2.64494e+02 2.11298e+02 2.17071e+02 2.49782e+02 2.57807e+02 2.62760e+02
2.66447e+01 9.41580e+01 1.82388e+02 2.46541e+02 2.64285e+02 2.09225e+02 2.15246e+02 2.48474e+02 2.56812e+02 2.62100e+02
2.63902e+01 9.28415e+01 1.80465e+02 2.45405e+02 2.64090e+02 2.07296e+02 2.13539e+02 2.47234e+02 2.55863e+02 2.61470e+02
2.61584e+01 9.16480e+01 1.78710e+02 2.44346e+02 2.63908e+02 2.05497e+02 2.11941e+02 2.46060e+02 2.54962e+02 2.60871e+02
2.59466e+01 9.05642e+01 1.77106e+02 2.43360e+02 2.63738e+02 2.03819e+02 2.10444e+02 2.44952e+02 2.54107e+02 2.60304e+02
2.57525e+01 8.95783e+01 1.75638e+02 2.42443e+02 2.63580e+02 2.02250e+02 2.09040e+02 2.43906e+02 2.53298e+02 2.59767e+02
2.55742e+01 8.86801e+01 1.74295e+02 2.41590e+02 2.63433e+02 2.00782e+02 2.07723e+02 2.42920e+02 2.52534e+02 2.59260e+02
2.54101e+01 8.78605e+01 1.73064e+02 2.40796e+02 2.63296e+02 1.99406e+02 2.06486e+02 2.41990e+02 2.51813e+02 2.58781e+02
2.52587e+01 8.71116e+01 1.71935e+02 2.40058e+02 2.63169e+02 1.98116e+02 2.05323e+02 2.41115e+02 2.51133e+02 2.58331e+02
2.51188e+01 8.64264e+01 1.70899e+02 2.39372e+02 2.63051e+02 1.96905e+02 2.04229e+02 2.40291e+02 2.50493e+02 2.57907e+02
2.49893e+01 8.57984e+01 1.69947e+02 2.38733e+02 2.62941e+02 1.95767e+02 2.03200e+02 2.39516e+02 2.49890e+02 2.57508e+02
2.48691e+01 8.52223e+01 1.69071e+02 2.38140e+02 2.62838e+02 1.94697e+02 2.02232e+02 2.38787e+02 2.49323e+02 2.57134e+02
2.47576e+01 8.46931e+01 1.68265e+02 2.37587e+02 2.62743e+02 1.93689e+02 2.01319e+02 2.38100e+02 2.48790e+02 2.56782e+02
2.46539e+01 8.42063e+01 1.67523e+02 2.37073e+02 2.62654e+02 1.92741e+02 2.00459e+02 2.37455e+02 2.48288e+02 2.56451e+02
2.45573e+01 8.37580e+01 1.66838e+02 2.36594e+02 2.62572e+02 1.91846e+02 1.99647e+02 2.36847e+02 2.47817e+02 2.56141e+02
2.44672e+01 8.33448e+01 1.66206e+02 2.36148e+02 2.62495e+02 1.91003e+02 1.98882e+02 2.36275e+02 2.47373e+02 2.55849e+02
2.43832e+01 8.29634e+01 1.65622e+02 2.35732e+02 2.62423e+02 1.90207e+02 1.98159e+02 2.35737e+02 2.46956e+02 2.55575e+02
2.43047e+01 8.26110e+01 1.65082e+02 2.35345e+02 2.62356e+02 1.89455e+02 1.97477e+02 2.35231e+02 2.46564e+02 2.55318e+02
2.42313e+01 8.22850e+01 1.64582e+02 2.34983e+02 2.62294e+02 1.88746e+02 1.96832e+02 2.34754e+02 2.46196e+02 2.55077e+02
2.41626e+01 8.19833e+01 1.64119e+02 2.34646e+02 2.62236e+02 1.88075e+02 1.96223e+02 2.34304e+02 2.45849e+02 2.54850e+02
