2.70000e+02 2.70000e+02 2.70000e+02 2.70489e+02 2.68068e+02 2.72281e+02 2.72246e+02 2.72031e+02 2.71873e+02 2.71692e+02
2.70000e+02 2.70000e+02 2.70000e+02 2.70489e+02 2.68068e+02 2.72281e+02 2.72246e+02 2.72031e+02 2.71873e+02 2.71692e+02
5.00000e+01 1.50000e+02 2.50000e+02 2.70365e+02 2.68061e+02 2.71543e+02 2.71203e+02 2.72007e+02 2.71861e+02 2.71671e+02
4.01262e+01 1.50000e+02 2.46200e+02 2.70054e+02 2.68032e+02 2.68486e+02 2.67608e+02 2.71847e+02 2.71822e+02 2.71643e+02
3.72159e+01 1.50000e+02 2.41728e+02 2.69507e+02 2.67970e+02 2.63870e+02 2.62874e+02 2.71350e+02 2.71694e+02 2.71567e+02
3.51168e+01 1.41388e+02 2.37004e+02 2.68646e+02 2.67864e+02 2.58648e+02 2.57977e+02 2.70453e+02 2.71403e+02 2.71397e+02
3.36556e+01 1.34842e+02 2.31779e+02 2.67462e+02 2.67705e+02 2.53315e+02 2.53241e+02 2.69220e+02 2.70913e+02 2.71105e+02
3.25519e+01 1.28856e+02 2.26239e+02 2.66007e+02 2.67496e+02 2.48120e+02 2.48765e+02 2.67746e+02 2.70234e+02 2.70687e+02
3.16742e+01 1.23608e+02 2.20798e+02 2.64356e+02 2.67248e+02 2.43186e+02 2.44579e+02 2.66118e+02 2.69394e+02 2.70155e+02
3.09533e+01 1.19040e+02 2.15649e+02 2.62588e+02 2.66972e+02 2.38569e+02 2.40685e+02 2.64401e+02 2.68429e+02 2.69528e+02
3.03478e+01 1.15058e+02 2.10868e+02 2.60769e+02 2.66680e+02 2.34286e+02 2.37074e+02 2.62644e+02 2.67376e+02 2.68830e+02
2.98310e+01 1.11572e+02 2.06473e+02 2.58948e+02 2.66382e+02 2.30332e+02 2.33729e+02 2.60884e+02 2.66264e+02 2.68082e+02
2.93846e+01 1.08505e+02 2.02454e+02 2.57163e+02 2.66085e+02 2.26691e+02 2.30633e+02 2.59145e+02 2.65120e+02 2.67304e+02
2.88929e+01 1.05785e+02 1.98791e+02 2.55436e+02 2.65796e+02 2.23340e+02 2.27767e+02 2.57446e+02 2.63967e+02 2.66513e+02
2.84161e+01 1.03347e+02 1.95456e+02 2.53784e+02 2.65517e+02 2.20256e+02 2.25110e+02 2.55799e+02 2.62820e+02 2.65722e+02
2.79883e+01 1.01154e+02 1.92419e+02 2.52215e+02 2.65251e+02 2.17413e+02 2.22643e+02 2.54215e+02 2.61693e+02 2.64940e+02
2.76047e+01 9.91813e+01 1.89652e+02 2.50733e+02 2.64998e+02 2.14789e+02 2.20350e+02 2.52697e+02 2.60595e+02 2.64177e+02
2.72598e+01 9.74038e+01 1.87129e+02 2.49340e+02 2.64759e+02 2.12361e+02 2.18216e+02 2.51249e+02 2.59534e+02 2.63437e+02
2.69484e+01 9.57993e+01 1.84827e+02 2.48034e+02 2.64535e+02 2.10112e+02 2.16227e+02 2.49872e+02 2.58514e+02 2.62724e+02
2.66664e+01 9.43484e+01 1.82726e+02 2.46812e+02 2.64325e+02 2.08025e+02 2.14371e+02 2.48565e+02 2.57538e+02 2.62042e+02
2.64100e+01 9.30339e+01 1.80807e+02 2.45671e+02 2.64129e+02 2.06084e+02 2.12637e+02 2.47329e+02 2.56608e+02 2.61391e+02
2.61763e+01 9.18409e+01 1.79053e+02 2.44607e+02 2.63946e+02 2.04276e+02 2.11015e+02 2.46160e+02 2.55724e+02 2.60772e+02
2.59626e+01 9.07563e+01 1.77447e+02 2.43616e+02 2.63775e+02 2.02589e+02 2.09497e+02 2.45058e+02 2.54887e+02 2.60186e+02
2.57667e+01 8.97687e+01 1.75978e+02 2.42693e+02 2.63616e+02 2.01013e+02 2.08074e+02 2.44018e+02 2.54095e+02 2.59631e+02
2.55867e+01 8.88681e+01 1.74631e+02 2.41834e+02 2.63467e+02 1.99539e+02 2.06740e+02 2.43038e+02 2.53347e+02 2.59108e+02
2.54209e+01 8.80455e+01 1.73396e+02 2.41035e+02 2.63330e+02 1.98158e+02 2.05487e+02 2.42116e+02 2.52641e+02 2.58614e+02
2.52678e+01 8.72932e+01 1.72262e+02 2.40292e+02 2.63201e+02 1.96862e+02 2.04310e+02 2.41249e+02 2.51977e+02 2.58150e+02
2.51263e+01 8.66041e+01 1.71220e+02 2.39601e+02 2.63082e+02 1.95646e+02 2.03203e+02 2.40432e+02 2.51351e+02 2.57713e+02
2.49953e+01 8.59722e+01 1.70263e+02 2.38959e+02 2.62971e+02 1.94503e+02 2.02162e+02 2.39664e+02 2.50763e+02 2.57302e+02
2.48737e+01 8.53920e+01 1.69381e+02 2.38361e+02 2.62867e+02 1.93428e+02 2.01181e+02 2.38942e+02 2.50210e+02 2.56916e+02
2.47607e+01 8.48586e+01 1.68569e+02 2.37805e+02 2.62771e+02 1.92415e+02 2.00257e+02 2.38263e+02 2.49689e+02 2.56554e+02
2.46556e+01 8.43676e+01 1.67821e+02 2.37287e+02 2.62682e+02 1.91461e+02 1.99386e+02 2.37624e+02 2.49201e+02 2.56214e+02
2.45577e+01 8.39152e+01 1.67130e+02 2.36805e+02 2.62599e+02 1.90561e+02 1.98564e+02 2.37024e+02 2.48741e+02 2.55895e+02
2.44664e+01 8.34979e+01 1.66493e+02 2.36356e+02 2.62521e+02 1.89712e+02 1.97788e+02 2.36458e+02 2.48310e+02 2.55595e+02
2.43811e+01 8.31125e+01 1.65903e+02 2.35937e+02 2.62449e+02 1.88911e+02 1.97056e+02 2.35926e+02 2.47904e+02 2.55313e+02
2.43014e+01 8.27563e+01 1.65358e+02 2.35547e+02 2.62382e+02 1.88153e+02 1.96364e+02 2.35426e+02 2.47523e+02 2.55049e+02
2.42269e+01 8.24267e+01 1.64853e+02 2.35183e+02 2.62319e+02 1.87437e+02 1.95711e+02 2.34954e+02 2.47164e+02 2.54801e+02
2.41571e+01 8.21214e+01 1.64386e+02 2.34844e+02 2.62260e+02 1.86761e+02 1.95092e+02 2.34510e+02 2.46827e+02 2.54568e+02
