2.70000e+02 2.70000e+02 2.70000e+02 2.72222e+02 2.68426e+02 2.71909e+02 2.72137e+02 2.73177e+02 2.73157e+02 2.72789e+02
2.70000e+02 2.70000e+02 2.70000e+02 2.72222e+02 2.68426e+02 2.71909e+02 2.72137e+02 2.73177e+02 2.73157e+02 2.72789e+02
5.00000e+01 1.50000e+02 2.50000e+02 2.71800e+02 2.68391e+02 2.70832e+02 2.71076e+02 2.72993e+02 2.72997e+02 2.72548e+02
4.03214e+01 1.50000e+02 2.46538e+02 2.71267e+02 2.68316e+02 2.67014e+02 2.67410e+02 2.72684e+02 2.72776e+02 2.72360e+02
3.74117e+01 1.50000e+02 2.42215e+02 2.70538e+02 2.68210e+02 2.61741e+02 2.62561e+02 2.72065e+02 2.72494e+02 2.72156e+02
3.52772e+01 1.41575e+02 2.37547e+02 2.69520e+02 2.68062e+02 2.56057e+02 2.57535e+02 2.71064e+02 2.72077e+02 2.71881e+02
3.37901e+01 1.35102e+02 2.32349e+02 2.68195e+02 2.67860e+02 2.50419e+02 2.52669e+02 2.69737e+02 2.71481e+02 2.71502e+02
3.26667e+01 1.29147e+02 2.26806e+02 2.66609e+02 2.67606e+02 2.45027e+02 2.48064e+02 2.68175e+02 2.70710e+02 2.71013e+02
3.17730e+01 1.23902e+02 2.21334e+02 2.64837e+02 2.67311e+02 2.39970e+02 2.43753e+02 2.66462e+02 2.69789e+02 2.70424e+02
3.10382e+01 1.19322e+02 2.16137e+02 2.62953e+02 2.66987e+02 2.35277e+02 2.39739e+02 2.64664e+02 2.68752e+02 2.69752e+02
3.04206e+01 1.15319e+02 2.11297e+02 2.61026e+02 2.66648e+02 2.30949e+02 2.36014e+02 2.62828e+02 2.67632e+02 2.69018e+02
2.98930e+01 1.11804e+02 2.06835e+02 2.59103e+02 2.66303e+02 2.26969e+02 2.32564e+02 2.60992e+02 2.66461e+02 2.68243e+02
2.94368e+01 1.08704e+02 2.02746e+02 2.57222e+02 2.65961e+02 2.23314e+02 2.29369e+02 2.59181e+02 2.65263e+02 2.67444e+02
2.89513e+01 1.05952e+02 1.99009e+02 2.55405e+02 2.65629e+02 2.19958e+02 2.26412e+02 2.57414e+02 2.64059e+02 2.66637e+02
2.84648e+01 1.03479e+02 1.95599e+02 2.53669e+02 2.65308e+02 2.16874e+02 2.23673e+02 2.55704e+02 2.62867e+02 2.65834e+02
2.80271e+01 1.01250e+02 1.92489e+02 2.52022e+02 2.65003e+02 2.14034e+02 2.21132e+02 2.54060e+02 2.61699e+02 2.65044e+02
2.76342e+01 9.92401e+01 1.89649e+02 2.50468e+02 2.64713e+02 2.11414e+02 2.18772e+02 2.52488e+02 2.60563e+02 2.64275e+02
2.72805e+01 9.74255e+01 1.87057e+02 2.49007e+02 2.64440e+02 2.08994e+02 2.16579e+02 2.50989e+02 2.59468e+02 2.63532e+02
2.69610e+01 9.57846e+01 1.84688e+02 2.47638e+02 2.64184e+02 2.06754e+02 2.14537e+02 2.49565e+02 2.58417e+02 2.62818e+02
2.66715e+01 9.42982e+01 1.82523e+02 2.46359e+02 2.63944e+02 2.04677e+02 2.12635e+02 2.48217e+02 2.57413e+02 2.62136e+02
2.64083e+01 9.29496e+01 1.80542e+02 2.45164e+02 2.63720e+02 2.02748e+02 2.10862e+02 2.46942e+02 2.56458e+02 2.61486e+02
2.61682e+01 9.17241e+01 1.78730e+02 2.44050e+02 2.63510e+02 2.00954e+02 2.09206e+02 2.45739e+02 2.55552e+02 2.60870e+02
2.59488e+01 9.06086e+01 1.77070e+02 2.43013e+02 2.63315e+02 1.99283e+02 2.07659e+02 2.44605e+02 2.54694e+02 2.60287e+02
2.57477e+01 8.95918e+01 1.75548e+02 2.42049e+02 2.63133e+02 1.97725e+02 2.06212e+02 2.43537e+02 2.53884e+02 2.59736e+02
2.55629e+01 8.86636e+01 1.74153e+02 2.41151e+02 2.62964e+02 1.96269e+02 2.04858e+02 2.42533e+02 2.53120e+02 2.59217e+02
2.53928e+01 8.78152e+01 1.72873e+02 2.40317e+02 2.62807e+02 1.94907e+02 2.03589e+02 2.41589e+02 2.52401e+02 2.58729e+02
2.52359e+01 8.70387e+01 1.71697e+02 2.39541e+02 2.62661e+02 1.93633e+02 2.02400e+02 2.40703e+02 2.51724e+02 2.58269e+02
2.50910e+01 8.63272e+01 1.70616e+02 2.38820e+02 2.62525e+02 1.92438e+02 2.01284e+02 2.39870e+02 2.51088e+02 2.57838e+02
2.49569e+01 8.56744e+01 1.69622e+02 2.38150e+02 2.62399e+02 1.91318e+02 2.00236e+02 2.39088e+02 2.50491e+02 2.57434e+02
2.48325e+01 8.50748e+01 1.68707e+02 2.37527e+02 2.62281e+02 1.90266e+02 1.99251e+02 2.38354e+02 2.49930e+02 2.57054e+02
2.47172e+01 8.45234e+01 1.67864e+02 2.36948e+02 2.62172e+02 1.89277e+02 1.98326e+02 2.37664e+02 2.49403e+02 2.56698e+02
2.46099e+01 8.40160e+01 1.67087e+02 2.36409e+02 2.62070e+02 1.88347e+02 1.97455e+02 2.37017e+02 2.48909e+02 2.56364e+02
2.45102e+01 8.35484e+01 1.66370e+02 2.35908e+02 2.61976e+02 1.87472e+02 1.96636e+02 2.36409e+02 2.48446e+02 2.56052e+02
2.44173e+01 8.31171e+01 1.65708e+02 2.35442e+02 2.61888e+02 1.86648e+02 1.95864e+02 2.35839e+02 2.48011e+02 2.55758e+02
2.43306e+01 8.27190e+01 1.65096e+02 2.35008e+02 2.61806e+02 1.85871e+02 1.95137e+02 2.35303e+02 2.47603e+02 2.55484e+02
2.42498e+01 8.23511e+01 1.64530e+02 2.34604e+02 2.61730e+02 1.85139e+02 1.94451e+02 2.34799e+02 2.47220e+02 2.55226e+02
2.41743e+01 8.20109e+01 1.64007e+02 2.34227e+02 2.61659e+02 1.84447e+02 1.93804e+02 2.34326e+02 2.46860e+02 2.54985e+02
2.41036e+01 8.16960e+01 1.63523e+02 2.33877e+02 2.61593e+02 1.83795e+02 1.93193e+02 2.33881e+02 2.46523e+02 2.54758e+02
