2.70000000e+02
5.00000000e+01
3.98202110e+01
3.67954390e+01
3.46975680e+01
3.32458180e+01
3.21515140e+01
3.12827090e+01
3.05699180e+01
2.99718930e+01
2.94619270e+01
2.89201840e+01
2.83862090e+01
2.79098090e+01
2.74847230e+01
2.71038860e+01
2.67611310e+01
2.64512690e+01
2.61699600e+01
2.59135720e+01
2.56790500e+01
2.54638160e+01
2.52656760e+01
2.50827610e+01
2.49134650e+01
2.47564020e+01
2.46103710e+01
2.44743270e+01
2.43473520e+01
2.42286420e+01
2.41174850e+01
2.40132510e+01
2.39153770e+01
2.38233630e+01
2.37367570e+01
2.36551550e+01
2.35781910e+01
2.70000000e+02
1.50000000e+02
1.50000000e+02
1.50000000e+02
1.41071694e+02
1.34348394e+02
1.28238716e+02
1.22903565e+02
1.18268757e+02
1.14231523e+02
1.10697380e+02
1.07580510e+02
1.04796368e+02
1.02300680e+02
1.00060370e+02
9.80452450e+01
9.62285190e+01
9.45868230e+01
9.30998830e+01
9.17501150e+01
9.05222410e+01
8.94029570e+01
8.83806420e+01
8.74451230e+01
8.65874650e+01
8.57998020e+01
8.50751960e+01
8.44075060e+01
8.37912930e+01
8.32217210e+01
8.26944870e+01
8.22057520e+01
8.17520860e+01
8.13304170e+01
8.09379880e+01
8.05723230e+01
8.02311930e+01
2.70000000e+02
2.50000000e+02
2.45527508e+02
2.40950057e+02
2.36005881e+02
2.30556124e+02
2.24812853e+02
2.19194305e+02
2.13886176e+02
2.08958500e+02
2.04426453e+02
2.00279083e+02
1.96492647e+02
1.93037460e+02
1.89883563e+02
1.87003065e+02
1.84370436e+02
1.81962394e+02
1.79757781e+02
1.77737418e+02
1.75883964e+02
1.74181768e+02
1.72616722e+02
1.71176118e+02
1.69848515e+02
1.68623615e+02
1.67492143e+02
1.66445749e+02
1.65476909e+02
1.64578839e+02
1.63745420e+02
1.62971128e+02
1.62250971e+02
1.61580435e+02
1.60955435e+02
1.60372269e+02
1.59827579e+02
2.68546970e+02
2.68480707e+02
2.68229671e+02
2.67748172e+02
2.66961704e+02
2.65856904e+02
2.64479039e+02
2.62898703e+02
2.61189192e+02
2.59413764e+02
2.57621590e+02
2.55848474e+02
2.54119240e+02
2.52450225e+02
2.50851458e+02
2.49328419e+02
2.47883422e+02
2.46516614e+02
2.45226685e+02
2.44011352e+02
2.42867711e+02
2.41792477e+02
2.40782162e+02
2.39833195e+02
2.38942018e+02
2.38105138e+02
2.37319178e+02
2.36580897e+02
2.35887215e+02
2.35235212e+02
2.34622141e+02
2.34045423e+02
2.33502642e+02
2.32991542e+02
2.32510020e+02
2.32056117e+02
2.31628012e+02
2.67757116e+02
2.67754276e+02
2.67731211e+02
2.67674838e+02
2.67571707e+02
2.67413097e+02
2.67200923e+02
2.66944756e+02
2.66657135e+02
2.66350286e+02
2.66034482e+02
2.65717616e+02
2.65405401e+02
2.65101765e+02
2.64809269e+02
2.64529454e+02
2.64263134e+02
2.64010616e+02
2.63771860e+02
2.63546590e+02
2.63334376e+02
2.63134689e+02
2.62946940e+02
2.62770513e+02
2.62604776e+02
2.62449107e+02
2.62302893e+02
2.62165546e+02
2.62036500e+02
2.61915219e+02
2.61801196e+02
2.61693952e+02
2.61593039e+02
2.61498038e+02
2.61408558e+02
2.61324232e+02
2.61244720e+02
2.66512090e+02
2.65801344e+02
2.62693191e+02
2.58145282e+02
2.53094530e+02
2.47986759e+02
2.43036945e+02
2.38348450e+02
2.33964378e+02
2.29894485e+02
2.26130463e+02
2.22654706e+02
2.19444652e+02
2.16476228e+02
2.13726660e+02
2.11175060e+02
2.08802504e+02
2.06591999e+02
2.04528387e+02
2.02598204e+02
2.00789514e+02
1.99091742e+02
1.97495520e+02
1.95992535e+02
1.94575392e+02
1.93237502e+02
1.91972973e+02
1.90776518e+02
1.89643379e+02
1.88569259e+02
1.87550262e+02
1.86582846e+02
1.85663776e+02
1.84790091e+02
1.83959071e+02
1.83168210e+02
1.82415194e+02
2.66678320e+02
2.65889353e+02
2.62693476e+02
2.58352384e+02
2.53800403e+02
2.49359457e+02
2.45134399e+02
2.41159064e+02
2.37439707e+02
2.33969961e+02
2.30737273e+02
2.27726142e+02
2.24919175e+02
2.22298905e+02
2.19849547e+02
2.17556875e+02
2.15407983e+02
2.13391171e+02
2.11495864e+02
2.09712521e+02
2.08032541e+02
2.06448166e+02
2.04952396e+02
2.03538899e+02
2.02201940e+02
2.00936312e+02
1.99737274e+02
1.98600500e+02
1.97522029e+02
1.96498232e+02
1.95525770e+02
1.94601562e+02
1.93722766e+02
1.92886749e+02
1.92091066e+02
1.91333447e+02
1.90611776e+02
2.67517878e+02
2.67599427e+02
2.67565714e+02
2.67219131e+02
2.66487154e+02
2.65413759e+02
2.64078964e+02
2.62558654e+02
2.60914694e+02
2.59195303e+02
2.57437548e+02
2.55669749e+02
2.53913360e+02
2.52184361e+02
2.50494401e+02
2.48851786e+02
2.47262252e+02
2.45729537e+02
2.44255829e+02
2.42842115e+02
2.41488461e+02
2.40194236e+02
2.38958290e+02
2.37779097e+02
2.36654864e+02
2.35583619e+02
2.34563280e+02
2.33591708e+02
2.32666745e+02
2.31786246e+02
2.30948103e+02
2.30150258e+02
2.29390717e+02
2.28667561e+02
2.27978943e+02
2.27323100e+02
2.26698347e+02
2.68193991e+02
2.68250508e+02
2.68303342e+02
2.68269749e+02
2.68069439e+02
2.67655834e+02
2.67024210e+02
2.66196820e+02
2.65207832e+02
2.64094022e+02
2.62890050e+02
2.61626410e+02
2.60328800e+02
2.59018185e+02
2.57711198e+02
2.56420704e+02
2.55156413e+02
2.53925454e+02
2.52732877e+02
2.51582074e+02
2.50475134e+02
2.49413128e+02
2.48396344e+02
2.47424472e+02
2.46496757e+02
2.45612116e+02
2.44769234e+02
2.43966636e+02
2.43202747e+02
2.42475934e+02
2.41784544e+02
2.41126926e+02
2.40501455e+02
2.39906542e+02
2.39340648e+02
2.38802287e+02
2.38290036e+02
2.69024320e+02
2.69037516e+02
2.69042174e+02
2.68989522e+02
2.68816754e+02
2.68483170e+02
2.67979179e+02
2.67318395e+02
2.66526702e+02
2.65634062e+02
2.64669648e+02
2.63659433e+02
2.62625278e+02
2.61584846e+02
2.60551936e+02
2.59536997e+02
2.58547698e+02
2.57589466e+02
2.56665951e+02
2.55779422e+02
2.54931081e+02
2.54121317e+02
2.53349914e+02
2.52616206e+02
2.51919202e+02
2.51257688e+02
2.50630296e+02
2.50035568e+02
2.49472000e+02
2.48938070e+02
2.48432269e+02
2.47953117e+02
2.47499176e+02
2.47069061e+02
2.46661442e+02
2.46275050e+02
2.45908682e+02
