2.70000e+02 2.70000e+02 2.70000e+02 2.71027e+02 2.68158e+02 2.73171e+02 2.73102e+02 2.72755e+02 2.72524e+02 2.72188e+02
2.70000e+02 2.70000e+02 2.70000e+02 2.71027e+02 2.68158e+02 2.73171e+02 2.73102e+02 2.72755e+02 2.72524e+02 2.72188e+02
5.00000e+01 1.50000e+02 2.50000e+02 2.70851e+02 2.68147e+02 2.72398e+02 2.72009e+02 2.72684e+02 2.72457e+02 2.72083e+02
4.01553e+01 1.50000e+02 2.46314e+02 2.70500e+02 2.68110e+02 2.69323e+02 2.68359e+02 2.72479e+02 2.72359e+02 2.72002e+02
3.72309e+01 1.50000e+02 2.41899e+02 2.69920e+02 2.68042e+02 2.64700e+02 2.63566e+02 2.71948e+02 2.72178e+02 2.71889e+02
3.51169e+01 1.41479e+02 2.37207e+02 2.69034e+02 2.67931e+02 2.59469e+02 2.58615e+02 2.71031e+02 2.71839e+02 2.71693e+02
3.36435e+01 1.34975e+02 2.32007e+02 2.67831e+02 2.67769e+02 2.54117e+02 2.53830e+02 2.69788e+02 2.71305e+02 2.71382e+02
3.25291e+01 1.29008e+02 2.26480e+02 2.66360e+02 2.67557e+02 2.48889e+02 2.49309e+02 2.68310e+02 2.70584e+02 2.70950e+02
3.16420e+01 1.23764e+02 2.21038e+02 2.64696e+02 2.67306e+02 2.43912e+02 2.45077e+02 2.66680e+02 2.69705e+02 2.70405e+02
3.09128e+01 1.19191e+02 2.15880e+02 2.62916e+02 2.67028e+02 2.39246e+02 2.41138e+02 2.64961e+02 2.68704e+02 2.69767e+02
3.03001e+01 1.15199e+02 2.11082e+02 2.61085e+02 2.66734e+02 2.34908e+02 2.37483e+02 2.63199e+02 2.67614e+02 2.69057e+02
2.97773e+01 1.11699e+02 2.06666e+02 2.59253e+02 2.66434e+02 2.30899e+02 2.34095e+02 2.61430e+02 2.66467e+02 2.68297e+02
2.93257e+01 1.08617e+02 2.02624e+02 2.57456e+02 2.66136e+02 2.27202e+02 2.30957e+02 2.59680e+02 2.65289e+02 2.67506e+02
2.88021e+01 1.05878e+02 1.98936e+02 2.55717e+02 2.65845e+02 2.23797e+02 2.28050e+02 2.57966e+02 2.64100e+02 2.66700e+02
2.83185e+01 1.03418e+02 1.95574e+02 2.54053e+02 2.65564e+02 2.20661e+02 2.25355e+02 2.56303e+02 2.62919e+02 2.65892e+02
2.78856e+01 1.01207e+02 1.92510e+02 2.52471e+02 2.65295e+02 2.17770e+02 2.22852e+02 2.54700e+02 2.61757e+02 2.65094e+02
2.74977e+01 9.92163e+01 1.89716e+02 2.50977e+02 2.65041e+02 2.15100e+02 2.20526e+02 2.53162e+02 2.60625e+02 2.64312e+02
2.71491e+01 9.74221e+01 1.87168e+02 2.49570e+02 2.64800e+02 2.12631e+02 2.18361e+02 2.51693e+02 2.59530e+02 2.63553e+02
2.68346e+01 9.58019e+01 1.84841e+02 2.48250e+02 2.64574e+02 2.10345e+02 2.16344e+02 2.50294e+02 2.58476e+02 2.62822e+02
2.65498e+01 9.43362e+01 1.82716e+02 2.47015e+02 2.64362e+02 2.08223e+02 2.14463e+02 2.48966e+02 2.57467e+02 2.62120e+02
2.62910e+01 9.30079e+01 1.80773e+02 2.45860e+02 2.64163e+02 2.06252e+02 2.12706e+02 2.47708e+02 2.56504e+02 2.61450e+02
2.60552e+01 9.18020e+01 1.78997e+02 2.44783e+02 2.63978e+02 2.04418e+02 2.11064e+02 2.46517e+02 2.55589e+02 2.60813e+02
2.58397e+01 9.07054e+01 1.77370e+02 2.43778e+02 2.63805e+02 2.02708e+02 2.09528e+02 2.45394e+02 2.54721e+02 2.60207e+02
2.56422e+01 8.97065e+01 1.75881e+02 2.42842e+02 2.63643e+02 2.01112e+02 2.08090e+02 2.44333e+02 2.53899e+02 2.59635e+02
2.54608e+01 8.87954e+01 1.74515e+02 2.41970e+02 2.63493e+02 1.99620e+02 2.06742e+02 2.43334e+02 2.53123e+02 2.59093e+02
2.52938e+01 8.79629e+01 1.73262e+02 2.41159e+02 2.63353e+02 1.98224e+02 2.05477e+02 2.42393e+02 2.52391e+02 2.58583e+02
2.51397e+01 8.72014e+01 1.72111e+02 2.40404e+02 2.63222e+02 1.96916e+02 2.04290e+02 2.41508e+02 2.51700e+02 2.58102e+02
2.49973e+01 8.65037e+01 1.71053e+02 2.39701e+02 2.63101e+02 1.95688e+02 2.03174e+02 2.40674e+02 2.51050e+02 2.57649e+02
2.48655e+01 8.58638e+01 1.70080e+02 2.39047e+02 2.62988e+02 1.94536e+02 2.02125e+02 2.39890e+02 2.50438e+02 2.57223e+02
2.47432e+01 8.52760e+01 1.69184e+02 2.38438e+02 2.62883e+02 1.93453e+02 2.01138e+02 2.39153e+02 2.49862e+02 2.56823e+02
2.46297e+01 8.47356e+01 1.68359e+02 2.37871e+02 2.62785e+02 1.92434e+02 2.00208e+02 2.38460e+02 2.49320e+02 2.56447e+02
2.45242e+01 8.42381e+01 1.67598e+02 2.37343e+02 2.62694e+02 1.91475e+02 1.99333e+02 2.37807e+02 2.48811e+02 2.56094e+02
2.44259e+01 8.37795e+01 1.66895e+02 2.36851e+02 2.62609e+02 1.90571e+02 1.98507e+02 2.37194e+02 2.48333e+02 2.55762e+02
2.43342e+01 8.33565e+01 1.66246e+02 2.36393e+02 2.62530e+02 1.89718e+02 1.97728e+02 2.36617e+02 2.47883e+02 2.55451e+02
2.42487e+01 8.29658e+01 1.65646e+02 2.35966e+02 2.62456e+02 1.88914e+02 1.96993e+02 2.36074e+02 2.47460e+02 2.55158e+02
2.41688e+01 8.26046e+01 1.65091e+02 2.35568e+02 2.62387e+02 1.88155e+02 1.96299e+02 2.35563e+02 2.47063e+02 2.54884e+02
2.40941e+01 8.22703e+01 1.64577e+02 2.35196e+02 2.62323e+02 1.87437e+02 1.95643e+02 2.35082e+02 2.46689e+02 2.54626e+02
2.40242e+01 8.19607e+01 1.64100e+02 2.34850e+02 2.62264e+02 1.86758e+02 1.95023e+02 2.34629e+02 2.46338e+02 2.54384e+02
