2.70000e+02 2.70000e+02 2.70000e+02 2.71403e+02 2.68240e+02 2.73870e+02 2.73810e+02 2.73537e+02 2.73248e+02 2.72737e+02
2.70000e+02 2.70000e+02 2.70000e+02 2.71403e+02 2.68240e+02 2.73870e+02 2.73810e+02 2.73537e+02 2.73248e+02 2.72737e+02
5.00000e+01 1.50000e+02 2.50000e+02 2.71244e+02 2.68230e+02 2.73083e+02 2.72701e+02 2.73445e+02 2.73138e+02 2.72503e+02
4.02903e+01 1.50000e+02 2.46403e+02 2.70880e+02 2.68191e+02 2.70020e+02 2.69058e+02 2.73208e+02 2.72983e+02 2.72367e+02
3.74029e+01 1.50000e+02 2.42043e+02 2.70284e+02 2.68117e+02 2.65406e+02 2.64270e+02 2.72636e+02 2.72744e+02 2.72219e+02
3.52813e+01 1.41604e+02 2.37384e+02 2.69382e+02 2.67998e+02 2.60168e+02 2.59310e+02 2.71660e+02 2.72335e+02 2.71997e+02
3.37980e+01 1.35146e+02 2.32212e+02 2.68162e+02 2.67825e+02 2.54790e+02 2.54501e+02 2.70336e+02 2.71715e+02 2.71665e+02
3.26747e+01 1.29198e+02 2.26701e+02 2.66673e+02 2.67602e+02 2.49519e+02 2.49939e+02 2.68754e+02 2.70891e+02 2.71215e+02
3.17797e+01 1.23958e+02 2.21262e+02 2.64989e+02 2.67338e+02 2.44486e+02 2.45653e+02 2.66996e+02 2.69893e+02 2.70656e+02
3.10436e+01 1.19382e+02 2.16096e+02 2.63186e+02 2.67046e+02 2.39752e+02 2.41647e+02 2.65127e+02 2.68759e+02 2.70007e+02
3.04247e+01 1.15382e+02 2.11284e+02 2.61328e+02 2.66738e+02 2.35338e+02 2.37911e+02 2.63198e+02 2.67525e+02 2.69288e+02
2.98961e+01 1.11871e+02 2.06848e+02 2.59467e+02 2.66423e+02 2.31243e+02 2.34432e+02 2.61247e+02 2.66225e+02 2.68519e+02
2.94389e+01 1.08775e+02 2.02782e+02 2.57637e+02 2.66111e+02 2.27454e+02 2.31193e+02 2.59302e+02 2.64885e+02 2.67718e+02
2.89519e+01 1.06028e+02 1.99067e+02 2.55862e+02 2.65805e+02 2.23951e+02 2.28176e+02 2.57384e+02 2.63531e+02 2.66902e+02
2.84637e+01 1.03560e+02 1.95677e+02 2.54159e+02 2.65509e+02 2.20710e+02 2.25361e+02 2.55509e+02 2.62178e+02 2.66082e+02
2.80242e+01 1.01336e+02 1.92583e+02 2.52536e+02 2.65226e+02 2.17709e+02 2.22733e+02 2.53688e+02 2.60842e+02 2.65270e+02
2.76290e+01 9.93312e+01 1.89758e+02 2.50997e+02 2.64957e+02 2.14923e+02 2.20274e+02 2.51928e+02 2.59533e+02 2.64471e+02
2.72725e+01 9.75206e+01 1.87176e+02 2.49543e+02 2.64701e+02 2.12334e+02 2.17970e+02 2.50233e+02 2.58260e+02 2.63693e+02
2.69497e+01 9.58827e+01 1.84815e+02 2.48174e+02 2.64461e+02 2.09923e+02 2.15810e+02 2.48607e+02 2.57027e+02 2.62939e+02
2.66563e+01 9.43982e+01 1.82655e+02 2.46887e+02 2.64234e+02 2.07672e+02 2.13781e+02 2.47051e+02 2.55838e+02 2.62212e+02
2.63886e+01 9.30501e+01 1.80675e+02 2.45678e+02 2.64021e+02 2.05568e+02 2.11874e+02 2.45563e+02 2.54695e+02 2.61514e+02
2.61436e+01 9.18235e+01 1.78861e+02 2.44545e+02 2.63821e+02 2.03598e+02 2.10080e+02 2.44145e+02 2.53600e+02 2.60845e+02
2.59186e+01 9.07053e+01 1.77195e+02 2.43483e+02 2.63633e+02 2.01750e+02 2.08389e+02 2.42793e+02 2.52553e+02 2.60206e+02
2.57113e+01 8.96841e+01 1.75665e+02 2.42489e+02 2.63457e+02 2.00014e+02 2.06794e+02 2.41507e+02 2.51553e+02 2.59597e+02
2.55199e+01 8.87499e+01 1.74257e+02 2.41557e+02 2.63293e+02 1.98382e+02 2.05289e+02 2.40284e+02 2.50600e+02 2.59017e+02
2.53428e+01 8.78937e+01 1.72961e+02 2.40684e+02 2.63138e+02 1.96844e+02 2.03868e+02 2.39121e+02 2.49693e+02 2.58466e+02
2.51785e+01 8.71078e+01 1.71767e+02 2.39866e+02 2.62994e+02 1.95393e+02 2.02524e+02 2.38016e+02 2.48829e+02 2.57942e+02
2.50257e+01 8.63852e+01 1.70664e+02 2.39100e+02 2.62858e+02 1.94024e+02 2.01253e+02 2.36967e+02 2.48008e+02 2.57445e+02
2.48834e+01 8.57199e+01 1.69646e+02 2.38382e+02 2.62731e+02 1.92731e+02 2.00050e+02 2.35970e+02 2.47228e+02 2.56974e+02
2.47507e+01 8.51062e+01 1.68704e+02 2.37709e+02 2.62612e+02 1.91508e+02 1.98910e+02 2.35024e+02 2.46486e+02 2.56527e+02
2.46267e+01 8.45395e+01 1.67831e+02 2.37078e+02 2.62501e+02 1.90350e+02 1.97830e+02 2.34125e+02 2.45781e+02 2.56103e+02
2.45106e+01 8.40153e+01 1.67023e+02 2.36485e+02 2.62396e+02 1.89254e+02 1.96806e+02 2.33272e+02 2.45112e+02 2.55702e+02
2.44019e+01 8.35298e+01 1.66272e+02 2.35929e+02 2.62298e+02 1.88215e+02 1.95835e+02 2.32461e+02 2.44476e+02 2.55321e+02
2.42999e+01 8.30796e+01 1.65575e+02 2.35406e+02 2.62205e+02 1.87229e+02 1.94913e+02 2.31691e+02 2.43873e+02 2.54960e+02
2.42041e+01 8.26615e+01 1.64926e+02 2.34915e+02 2.62118e+02 1.86294e+02 1.94037e+02 2.30960e+02 2.43299e+02 2.54618e+02
2.41140e+01 8.22728e+01 1.64323e+02 2.34452e+02 2.62037e+02 1.85407e+02 1.93205e+02 2.30265e+02 2.42754e+02 2.54293e+02
2.40292e+01 8.19109e+01 1.63760e+02 2.34017e+02 2.61960e+02 1.84563e+02 1.92415e+02 2.29604e+02 2.42236e+02 2.53986e+02
2.39493e+01 8.15737e+01 1.63235e+02 2.33608e+02 2.61888e+02 1.83762e+02 1.91664e+02 2.28977e+02 2.41744e+02 2.53694e+02
