2.70000000e+02
5.00000000e+01
3.99866800e+01
3.70361620e+01
3.49573760e+01
3.35163160e+01
3.24279040e+01
3.15613340e+01
3.08481680e+01
3.02479940e+01
2.97347420e+01
2.92809830e+01
2.87578990e+01
2.82791820e+01
2.78501580e+01
2.74651850e+01
2.71185910e+01
2.68054260e+01
2.65214770e+01
2.62631770e+01
2.60275000e+01
2.58118650e+01
2.56140640e+01
2.54321980e+01
2.52646230e+01
2.51099090e+01
2.49668100e+01
2.48342310e+01
2.47112070e+01
2.45968860e+01
2.44905090e+01
2.43914020e+01
2.42989600e+01
2.42126420e+01
2.41319580e+01
2.40564690e+01
2.39857760e+01
2.70000000e+02
1.50000000e+02
1.50000000e+02
1.50000000e+02
1.41342191e+02
1.34798915e+02
1.28823354e+02
1.23586854e+02
1.19029676e+02
1.15056188e+02
1.11575975e+02
1.08512269e+02
1.05788366e+02
1.03343091e+02
1.01145032e+02
9.91669190e+01
9.73837460e+01
9.57732790e+01
9.43160230e+01
9.29949550e+01
9.17952130e+01
9.07037970e+01
8.97093120e+01
8.88017440e+01
8.79722680e+01
8.72130880e+01
8.65173000e+01
8.58787790e+01
8.52920740e+01
8.47523290e+01
8.42552070e+01
8.37968270e+01
8.33737110e+01
8.29827360e+01
8.26210930e+01
8.22862530e+01
8.19759340e+01
2.70000000e+02
2.50000000e+02
2.46258239e+02
2.41807403e+02
2.37090472e+02
2.31869000e+02
2.26332143e+02
2.20894503e+02
2.15750021e+02
2.10973135e+02
2.06581333e+02
2.02565160e+02
1.98902743e+02
1.95566143e+02
1.92525749e+02
1.89753763e+02
1.87224999e+02
1.84916673e+02
1.82808152e+02
1.80880751e+02
1.79117560e+02
1.77503295e+02
1.76024149e+02
1.74667664e+02
1.73422593e+02
1.72278794e+02
1.71227112e+02
1.70259284e+02
1.69367851e+02
1.68546072e+02
1.67787856e+02
1.67087692e+02
1.66440591e+02
1.65842035e+02
1.65287929e+02
1.64774555e+02
1.64298540e+02
2.70817287e+02
2.70610862e+02
2.70249010e+02
2.69673774e+02
2.68803477e+02
2.67622656e+02
2.66176831e+02
2.64538448e+02
2.62783085e+02
2.60975612e+02
2.59165861e+02
2.57389469e+02
2.55670535e+02
2.54024335e+02
2.52459676e+02
2.50980734e+02
2.49588496e+02
2.48281839e+02
2.47058282e+02
2.45914491e+02
2.44846635e+02
2.43850617e+02
2.42922243e+02
2.42057328e+02
2.41251781e+02
2.40501648e+02
2.39803150e+02
2.39152698e+02
2.38546907e+02
2.37982594e+02
2.37456784e+02
2.36966696e+02
2.36509742e+02
2.36083517e+02
2.35685787e+02
2.35314483e+02
2.34967686e+02
2.68153874e+02
2.68139692e+02
2.68098524e+02
2.68026711e+02
2.67911724e+02
2.67744264e+02
2.67525663e+02
2.67265199e+02
2.66975402e+02
2.66668598e+02
2.66355129e+02
2.66042869e+02
2.65737424e+02
2.65442557e+02
2.65160625e+02
2.64892955e+02
2.64640138e+02
2.64402264e+02
2.64179088e+02
2.63970149e+02
2.63774856e+02
2.63592538e+02
2.63422484e+02
2.63263972e+02
2.63116284e+02
2.62978717e+02
2.62850597e+02
2.62731278e+02
2.62620148e+02
2.62516629e+02
2.62420180e+02
2.62330294e+02
2.62246498e+02
2.62168351e+02
2.62095443e+02
2.62027394e+02
2.61963853e+02
2.72284570e+02
2.71500503e+02
2.68304025e+02
2.63550005e+02
2.58232599e+02
2.52844479e+02
2.47620475e+02
2.42671970e+02
2.38045660e+02
2.33753133e+02
2.29787038e+02
2.26130228e+02
2.22760785e+02
2.19654354e+02
2.16786895e+02
2.14136247e+02
2.11682272e+02
2.09406779e+02
2.07293423e+02
2.05327568e+02
2.03496137e+02
2.01787456e+02
2.00191103e+02
1.98697763e+02
1.97299096e+02
1.95987621e+02
1.94756611e+02
1.93600003e+02
1.92512313e+02
1.91488571e+02
1.90524259e+02
1.89615260e+02
1.88757809e+02
1.87948458e+02
1.87184042e+02
1.86461645e+02
1.85778582e+02
2.72246735e+02
2.71219820e+02
2.67652394e+02
2.62935261e+02
2.58045281e+02
2.53305604e+02
2.48815892e+02
2.44606432e+02
2.40681398e+02
2.37032948e+02
2.33647185e+02
2.30507314e+02
2.27595199e+02
2.24891792e+02
2.22379196e+02
2.20041413e+02
2.17863978e+02
2.15833742e+02
2.13938758e+02
2.12168190e+02
2.10512216e+02
2.08961934e+02
2.07509271e+02
2.06146898e+02
2.04868153e+02
2.03666968e+02
2.02537805e+02
2.01475606e+02
2.00475736e+02
1.99533945e+02
1.98646324e+02
1.97809278e+02
1.97019488e+02
1.96273892e+02
1.95569655e+02
1.94904152e+02
1.94274950e+02
2.72022896e+02
2.72054371e+02
2.71922558e+02
2.71444319e+02
2.70567800e+02
2.69357818e+02
2.67908750e+02
2.66303873e+02
2.64607492e+02
2.62867333e+02
2.61118454e+02
2.59386485e+02
2.57689998e+02
2.56042187e+02
2.54452056e+02
2.52925419e+02
2.51465717e+02
2.50074615e+02
2.48752444e+02
2.47498531e+02
2.46311460e+02
2.45189279e+02
2.44129662e+02
2.43130032e+02
2.42187664e+02
2.41299759e+02
2.40463501e+02
2.39676102e+02
2.38934832e+02
2.38237044e+02
2.37580189e+02
2.36961826e+02
2.36379630e+02
2.35831393e+02
2.35315025e+02
2.34828555e+02
2.34370123e+02
2.71976572e+02
2.71973137e+02
2.71927993e+02
2.71793696e+02
2.71503916e+02
2.71025541e+02
2.70364014e+02
2.69546120e+02
2.68605682e+02
2.67576102e+02
2.66487271e+02
2.65364583e+02
2.64228884e+02
2.63096817e+02
2.61981311e+02
2.60892112e+02
2.59836330e+02
2.58818938e+02
2.57843208e+02
2.56911073e+02
2.56023417e+02
2.55180323e+02
2.54381261e+02
2.53625249e+02
2.52910979e+02
2.52236913e+02
2.51601361e+02
2.51002545e+02
2.50438645e+02
2.49907833e+02
2.49408301e+02
2.48938284e+02
2.48496068e+02
2.48080007e+02
2.47688526e+02
2.47320123e+02
2.46973377e+02
2.71940280e+02
2.71806421e+02
2.71726976e+02
2.71626283e+02
2.71449162e+02
2.71163845e+02
2.70762834e+02
2.70255361e+02
2.69659237e+02
2.68995126e+02
2.68283227e+02
2.67541610e+02
2.66785590e+02
2.66027637e+02
2.65277573e+02
2.64542900e+02
2.63829154e+02
2.63140267e+02
2.62478886e+02
2.61846636e+02
2.61244354e+02
2.60672263e+02
2.60130125e+02
2.59617355e+02
2.59133118e+02
2.58676400e+02
2.58246070e+02
2.57840923e+02
2.57459718e+02
2.57101201e+02
2.56764129e+02
2.56447283e+02
2.56149482e+02
2.55869585e+02
2.55606502e+02
2.55359195e+02
2.55126678e+02
