2.70000e+02 2.70000e+02 2.70000e+02 2.69735e+02 2.67943e+02 2.69652e+02 2.69739e+02 2.70122e+02 2.70400e+02 2.70826e+02
2.70000e+02 2.70000e+02 2.70000e+02 2.69735e+02 2.67943e+02 2.69652e+02 2.69739e+02 2.70122e+02 2.70400e+02 2.70826e+02
5.00000e+01 1.50000e+02 2.50000e+02 2.69599e+02 2.67934e+02 2.69002e+02 2.68790e+02 2.70188e+02 2.70473e+02 2.70898e+02
4.00736e+01 1.50000e+02 2.46025e+02 2.69299e+02 2.67905e+02 2.66043e+02 2.65243e+02 2.70116e+02 2.70520e+02 2.70925e+02
3.71215e+01 1.50000e+02 2.41463e+02 2.68775e+02 2.67846e+02 2.61532e+02 2.60548e+02 2.69698e+02 2.70449e+02 2.70893e+02
3.50156e+01 1.41329e+02 2.36693e+02 2.67945e+02 2.67744e+02 2.56430e+02 2.55718e+02 2.68872e+02 2.70183e+02 2.70764e+02
3.35519e+01 1.34734e+02 2.31432e+02 2.66794e+02 2.67591e+02 2.51231e+02 2.51077e+02 2.67699e+02 2.69691e+02 2.70512e+02
3.24466e+01 1.28706e+02 2.25864e+02 2.65371e+02 2.67388e+02 2.46180e+02 2.46714e+02 2.66271e+02 2.68985e+02 2.70134e+02
3.15686e+01 1.23425e+02 2.20400e+02 2.63748e+02 2.67145e+02 2.41398e+02 2.42652e+02 2.64669e+02 2.68099e+02 2.69641e+02
3.08485e+01 1.18831e+02 2.15233e+02 2.62003e+02 2.66873e+02 2.36934e+02 2.38884e+02 2.62960e+02 2.67073e+02 2.69054e+02
3.02452e+01 1.14829e+02 2.10437e+02 2.60202e+02 2.66585e+02 2.32804e+02 2.35395e+02 2.61190e+02 2.65944e+02 2.68396e+02
2.97317e+01 1.11327e+02 2.06029e+02 2.58394e+02 2.66290e+02 2.28997e+02 2.32167e+02 2.59398e+02 2.64747e+02 2.67689e+02
2.92833e+01 1.08247e+02 2.02000e+02 2.56617e+02 2.65997e+02 2.25496e+02 2.29177e+02 2.57611e+02 2.63511e+02 2.66951e+02
2.87664e+01 1.05515e+02 1.98328e+02 2.54894e+02 2.65709e+02 2.22275e+02 2.26404e+02 2.55848e+02 2.62257e+02 2.66199e+02
2.82941e+01 1.03065e+02 1.94984e+02 2.53242e+02 2.65431e+02 2.19309e+02 2.23828e+02 2.54126e+02 2.61004e+02 2.65445e+02
2.78721e+01 1.00866e+02 1.91940e+02 2.51669e+02 2.65164e+02 2.16572e+02 2.21428e+02 2.52453e+02 2.59767e+02 2.64699e+02
2.74945e+01 9.88907e+01 1.89166e+02 2.50181e+02 2.64911e+02 2.14039e+02 2.19189e+02 2.50838e+02 2.58556e+02 2.63970e+02
2.71553e+01 9.71122e+01 1.86637e+02 2.48777e+02 2.64672e+02 2.11690e+02 2.17095e+02 2.49284e+02 2.57378e+02 2.63261e+02
2.68492e+01 9.55080e+01 1.84329e+02 2.47458e+02 2.64446e+02 2.09506e+02 2.15135e+02 2.47793e+02 2.56239e+02 2.62577e+02
2.65719e+01 9.40580e+01 1.82222e+02 2.46221e+02 2.64234e+02 2.07471e+02 2.13295e+02 2.46367e+02 2.55142e+02 2.61920e+02
2.63196e+01 9.27448e+01 1.80297e+02 2.45063e+02 2.64036e+02 2.05570e+02 2.11567e+02 2.45006e+02 2.54089e+02 2.61291e+02
2.60893e+01 9.15531e+01 1.78536e+02 2.43979e+02 2.63850e+02 2.03790e+02 2.09941e+02 2.43708e+02 2.53081e+02 2.60691e+02
2.58783e+01 9.04696e+01 1.76923e+02 2.42966e+02 2.63676e+02 2.02121e+02 2.08408e+02 2.42472e+02 2.52118e+02 2.60120e+02
2.56845e+01 8.94826e+01 1.75445e+02 2.42020e+02 2.63513e+02 2.00552e+02 2.06962e+02 2.41296e+02 2.51200e+02 2.59578e+02
2.55058e+01 8.85818e+01 1.74090e+02 2.41135e+02 2.63361e+02 1.99076e+02 2.05597e+02 2.40177e+02 2.50325e+02 2.59063e+02
2.53407e+01 8.77585e+01 1.72845e+02 2.40309e+02 2.63219e+02 1.97683e+02 2.04306e+02 2.39114e+02 2.49493e+02 2.58575e+02
2.51878e+01 8.70045e+01 1.71700e+02 2.39537e+02 2.63086e+02 1.96369e+02 2.03084e+02 2.38104e+02 2.48701e+02 2.58113e+02
2.50458e+01 8.63130e+01 1.70646e+02 2.38815e+02 2.62962e+02 1.95126e+02 2.01927e+02 2.37145e+02 2.47949e+02 2.57676e+02
2.49137e+01 8.56777e+01 1.69675e+02 2.38141e+02 2.62846e+02 1.93950e+02 2.00829e+02 2.36233e+02 2.47234e+02 2.57262e+02
2.47905e+01 8.50932e+01 1.68778e+02 2.37509e+02 2.62738e+02 1.92836e+02 1.99789e+02 2.35367e+02 2.46555e+02 2.56871e+02
2.46755e+01 8.45545e+01 1.67951e+02 2.36918e+02 2.62636e+02 1.91780e+02 1.98800e+02 2.34544e+02 2.45910e+02 2.56500e+02
2.45680e+01 8.40574e+01 1.67185e+02 2.36365e+02 2.62541e+02 1.90777e+02 1.97862e+02 2.33762e+02 2.45297e+02 2.56149e+02
2.44672e+01 8.35980e+01 1.66476e+02 2.35846e+02 2.62452e+02 1.89825e+02 1.96969e+02 2.33019e+02 2.44715e+02 2.55817e+02
2.43727e+01 8.31728e+01 1.65819e+02 2.35359e+02 2.62368e+02 1.88920e+02 1.96121e+02 2.32312e+02 2.44161e+02 2.55503e+02
2.42839e+01 8.27788e+01 1.65209e+02 2.34903e+02 2.62290e+02 1.88059e+02 1.95313e+02 2.31640e+02 2.43635e+02 2.55206e+02
2.42004e+01 8.24131e+01 1.64643e+02 2.34474e+02 2.62216e+02 1.87240e+02 1.94545e+02 2.31001e+02 2.43135e+02 2.54924e+02
2.41217e+01 8.20733e+01 1.64116e+02 2.34070e+02 2.62147e+02 1.86460e+02 1.93813e+02 2.30392e+02 2.42660e+02 2.54656e+02
2.40476e+01 8.17571e+01 1.63625e+02 2.33691e+02 2.62082e+02 1.85717e+02 1.93115e+02 2.29813e+02 2.42207e+02 2.54403e+02
