2.70000e+02 2.70000e+02 2.70000e+02 2.69942e+02 2.67971e+02 2.71207e+02 2.71220e+02 2.71202e+02 2.71198e+02 2.71192e+02
2.70000e+02 2.70000e+02 2.70000e+02 2.69942e+02 2.67971e+02 2.71207e+02 2.71220e+02 2.71202e+02 2.71198e+02 2.71192e+02
5.00000e+01 1.50000e+02 2.50000e+02 2.69869e+02 2.67968e+02 2.70313e+02 2.70205e+02 2.71208e+02 2.71209e+02 2.71174e+02
4.02555e+01 1.50000e+02 2.46084e+02 2.69593e+02 2.67946e+02 2.66838e+02 2.66595e+02 2.71078e+02 2.71188e+02 2.71156e+02
3.73290e+01 1.50000e+02 2.41552e+02 2.69067e+02 2.67891e+02 2.61886e+02 2.61854e+02 2.70613e+02 2.71061e+02 2.71090e+02
3.51994e+01 1.41373e+02 2.36791e+02 2.68216e+02 2.67791e+02 2.56466e+02 2.56972e+02 2.69748e+02 2.70751e+02 2.70926e+02
3.37178e+01 1.34776e+02 2.31529e+02 2.67033e+02 2.67637e+02 2.51036e+02 2.52260e+02 2.68542e+02 2.70229e+02 2.70638e+02
3.25999e+01 1.28745e+02 2.25954e+02 2.65571e+02 2.67433e+02 2.45810e+02 2.47808e+02 2.67089e+02 2.69510e+02 2.70222e+02
3.17120e+01 1.23461e+02 2.20480e+02 2.63909e+02 2.67189e+02 2.40884e+02 2.43640e+02 2.65475e+02 2.68626e+02 2.69689e+02
3.09833e+01 1.18864e+02 2.15299e+02 2.62127e+02 2.66916e+02 2.36296e+02 2.39758e+02 2.63763e+02 2.67616e+02 2.69061e+02
3.03720e+01 1.14858e+02 2.10486e+02 2.60291e+02 2.66628e+02 2.32053e+02 2.36152e+02 2.62004e+02 2.66517e+02 2.68358e+02
2.98507e+01 1.11350e+02 2.06060e+02 2.58454e+02 2.66333e+02 2.28143e+02 2.32807e+02 2.60232e+02 2.65358e+02 2.67604e+02
2.94007e+01 1.08264e+02 2.02012e+02 2.56651e+02 2.66039e+02 2.24545e+02 2.29706e+02 2.58475e+02 2.64165e+02 2.66816e+02
2.89167e+01 1.05529e+02 1.98320e+02 2.54906e+02 2.65752e+02 2.21236e+02 2.26831e+02 2.56750e+02 2.62960e+02 2.66011e+02
2.84375e+01 1.03077e+02 1.94957e+02 2.53236e+02 2.65475e+02 2.18189e+02 2.24161e+02 2.55072e+02 2.61760e+02 2.65201e+02
2.80073e+01 1.00871e+02 1.91894e+02 2.51649e+02 2.65210e+02 2.15378e+02 2.21680e+02 2.53450e+02 2.60576e+02 2.64398e+02
2.76214e+01 9.88857e+01 1.89102e+02 2.50149e+02 2.64959e+02 2.12782e+02 2.19370e+02 2.51889e+02 2.59419e+02 2.63609e+02
2.72743e+01 9.70963e+01 1.86555e+02 2.48736e+02 2.64722e+02 2.10378e+02 2.17218e+02 2.50394e+02 2.58296e+02 2.62840e+02
2.69609e+01 9.54806e+01 1.84231e+02 2.47409e+02 2.64498e+02 2.08149e+02 2.15209e+02 2.48965e+02 2.57212e+02 2.62095e+02
2.66770e+01 9.40191e+01 1.82109e+02 2.46166e+02 2.64288e+02 2.06079e+02 2.13332e+02 2.47604e+02 2.56170e+02 2.61378e+02
2.64188e+01 9.26945e+01 1.80169e+02 2.45002e+02 2.64092e+02 2.04151e+02 2.11576e+02 2.46310e+02 2.55171e+02 2.60689e+02
2.61833e+01 9.14920e+01 1.78394e+02 2.43915e+02 2.63908e+02 2.02354e+02 2.09931e+02 2.45082e+02 2.54218e+02 2.60030e+02
2.59678e+01 9.03983e+01 1.76769e+02 2.42900e+02 2.63736e+02 2.00675e+02 2.08390e+02 2.43917e+02 2.53310e+02 2.59402e+02
2.57700e+01 8.94019e+01 1.75279e+02 2.41952e+02 2.63575e+02 1.99105e+02 2.06943e+02 2.42815e+02 2.52446e+02 2.58805e+02
2.55882e+01 8.84926e+01 1.73913e+02 2.41067e+02 2.63426e+02 1.97635e+02 2.05583e+02 2.41771e+02 2.51627e+02 2.58238e+02
2.54205e+01 8.76616e+01 1.72659e+02 2.40242e+02 2.63286e+02 1.96255e+02 2.04305e+02 2.40785e+02 2.50850e+02 2.57700e+02
2.52656e+01 8.69009e+01 1.71506e+02 2.39472e+02 2.63155e+02 1.94960e+02 2.03102e+02 2.39852e+02 2.50114e+02 2.57191e+02
2.51221e+01 8.62036e+01 1.70445e+02 2.38754e+02 2.63033e+02 1.93742e+02 2.01968e+02 2.38972e+02 2.49418e+02 2.56709e+02
2.49891e+01 8.55634e+01 1.69468e+02 2.38084e+02 2.62920e+02 1.92595e+02 2.00900e+02 2.38140e+02 2.48760e+02 2.56253e+02
2.48655e+01 8.49749e+01 1.68568e+02 2.37458e+02 2.62814e+02 1.91515e+02 1.99892e+02 2.37354e+02 2.48138e+02 2.55823e+02
2.47504e+01 8.44331e+01 1.67737e+02 2.36873e+02 2.62715e+02 1.90496e+02 1.98941e+02 2.36613e+02 2.47551e+02 2.55417e+02
2.46432e+01 8.39338e+01 1.66969e+02 2.36328e+02 2.62622e+02 1.89534e+02 1.98043e+02 2.35912e+02 2.46996e+02 2.55033e+02
2.45432e+01 8.34729e+01 1.66260e+02 2.35818e+02 2.62536e+02 1.88626e+02 1.97194e+02 2.35251e+02 2.46472e+02 2.54671e+02
2.44497e+01 8.30471e+01 1.65603e+02 2.35341e+02 2.62455e+02 1.87768e+02 1.96391e+02 2.34627e+02 2.45978e+02 2.54330e+02
2.43623e+01 8.26532e+01 1.64994e+02 2.34895e+02 2.62379e+02 1.86956e+02 1.95631e+02 2.34037e+02 2.45511e+02 2.54008e+02
2.42804e+01 8.22884e+01 1.64430e+02 2.34478e+02 2.62309e+02 1.86187e+02 1.94912e+02 2.33480e+02 2.45070e+02 2.53704e+02
2.42036e+01 8.19501e+01 1.63907e+02 2.34087e+02 2.62243e+02 1.85459e+02 1.94231e+02 2.32954e+02 2.44653e+02 2.53417e+02
2.41316e+01 8.16361e+01 1.63420e+02 2.33722e+02 2.62181e+02 1.84770e+02 1.93586e+02 2.32456e+02 2.44260e+02 2.53146e+02
