2.70000e+02 2.70000e+02 2.70000e+02 2.71001e+02 2.68186e+02 2.74132e+02 2.73937e+02 2.72999e+02 2.72546e+02 2.72111e+02
2.70000e+02 2.70000e+02 2.70000e+02 2.71001e+02 2.68186e+02 2.74132e+02 2.73937e+02 2.72999e+02 2.72546e+02 2.72111e+02
5.00000e+01 1.50000e+02 2.50000e+02 2.70847e+02 2.68177e+02 2.73078e+02 2.72755e+02 2.72930e+02 2.72498e+02 2.72050e+02
4.04207e+01 1.50000e+02 2.46322e+02 2.70507e+02 2.68141e+02 2.69432e+02 2.68987e+02 2.72727e+02 2.72419e+02 2.71992e+02
3.75507e+01 1.50000e+02 2.41921e+02 2.69926e+02 2.68072e+02 2.64284e+02 2.64069e+02 2.72195e+02 2.72261e+02 2.71891e+02
3.54086e+01 1.41633e+02 2.37243e+02 2.69022e+02 2.67954e+02 2.58645e+02 2.58985e+02 2.71271e+02 2.71948e+02 2.71700e+02
3.39092e+01 1.35154e+02 2.32056e+02 2.67787e+02 2.67779e+02 2.52987e+02 2.54062e+02 2.70010e+02 2.71441e+02 2.71392e+02
3.27741e+01 1.29186e+02 2.26535e+02 2.66272e+02 2.67550e+02 2.47532e+02 2.49400e+02 2.68504e+02 2.70743e+02 2.70962e+02
3.18702e+01 1.23929e+02 2.21087e+02 2.64557e+02 2.67277e+02 2.42384e+02 2.45029e+02 2.66837e+02 2.69883e+02 2.70424e+02
3.11268e+01 1.19338e+02 2.15912e+02 2.62721e+02 2.66974e+02 2.37584e+02 2.40953e+02 2.65075e+02 2.68896e+02 2.69795e+02
3.05019e+01 1.15326e+02 2.11091e+02 2.60833e+02 2.66653e+02 2.33139e+02 2.37164e+02 2.63267e+02 2.67819e+02 2.69099e+02
2.99682e+01 1.11805e+02 2.06647e+02 2.58944e+02 2.66325e+02 2.29037e+02 2.33647e+02 2.61452e+02 2.66682e+02 2.68356e+02
2.95067e+01 1.08701e+02 2.02573e+02 2.57091e+02 2.65999e+02 2.25260e+02 2.30386e+02 2.59655e+02 2.65514e+02 2.67586e+02
2.90400e+01 1.05948e+02 1.98852e+02 2.55299e+02 2.65680e+02 2.21782e+02 2.27361e+02 2.57898e+02 2.64335e+02 2.66805e+02
2.85502e+01 1.03478e+02 1.95457e+02 2.53585e+02 2.65373e+02 2.18579e+02 2.24554e+02 2.56194e+02 2.63164e+02 2.66024e+02
2.81082e+01 1.01251e+02 1.92360e+02 2.51956e+02 2.65079e+02 2.15623e+02 2.21946e+02 2.54553e+02 2.62013e+02 2.65255e+02
2.77111e+01 9.92435e+01 1.89535e+02 2.50418e+02 2.64801e+02 2.12892e+02 2.19521e+02 2.52980e+02 2.60893e+02 2.64504e+02
2.73534e+01 9.74309e+01 1.86955e+02 2.48971e+02 2.64538e+02 2.10364e+02 2.17262e+02 2.51479e+02 2.59810e+02 2.63777e+02
2.70300e+01 9.57920e+01 1.84598e+02 2.47614e+02 2.64291e+02 2.08021e+02 2.15157e+02 2.50052e+02 2.58770e+02 2.63078e+02
2.67368e+01 9.43077e+01 1.82444e+02 2.46345e+02 2.64059e+02 2.05845e+02 2.13194e+02 2.48699e+02 2.57776e+02 2.62409e+02
2.64699e+01 9.29610e+01 1.80474e+02 2.45159e+02 2.63842e+02 2.03822e+02 2.11360e+02 2.47419e+02 2.56829e+02 2.61771e+02
2.62264e+01 9.17372e+01 1.78671e+02 2.44053e+02 2.63640e+02 2.01939e+02 2.09647e+02 2.46209e+02 2.55930e+02 2.61166e+02
2.60036e+01 9.06233e+01 1.77020e+02 2.43023e+02 2.63451e+02 2.00182e+02 2.08044e+02 2.45068e+02 2.55078e+02 2.60592e+02
2.57991e+01 8.96078e+01 1.75507e+02 2.42064e+02 2.63275e+02 1.98542e+02 2.06544e+02 2.43994e+02 2.54273e+02 2.60051e+02
2.56111e+01 8.86806e+01 1.74119e+02 2.41171e+02 2.63111e+02 1.97009e+02 2.05139e+02 2.42982e+02 2.53513e+02 2.59540e+02
2.54379e+01 8.78330e+01 1.72844e+02 2.40341e+02 2.62959e+02 1.95574e+02 2.03822e+02 2.42030e+02 2.52798e+02 2.59058e+02
2.52780e+01 8.70570e+01 1.71674e+02 2.39569e+02 2.62817e+02 1.94231e+02 2.02586e+02 2.41136e+02 2.52124e+02 2.58606e+02
2.51302e+01 8.63456e+01 1.70598e+02 2.38850e+02 2.62685e+02 1.92971e+02 2.01426e+02 2.40295e+02 2.51491e+02 2.58180e+02
2.49932e+01 8.56928e+01 1.69607e+02 2.38182e+02 2.62563e+02 1.91788e+02 2.00336e+02 2.39505e+02 2.50895e+02 2.57781e+02
2.48662e+01 8.50929e+01 1.68695e+02 2.37561e+02 2.62449e+02 1.90677e+02 1.99311e+02 2.38764e+02 2.50336e+02 2.57406e+02
2.47482e+01 8.45410e+01 1.67855e+02 2.36983e+02 2.62343e+02 1.89633e+02 1.98348e+02 2.38067e+02 2.49811e+02 2.57055e+02
2.46384e+01 8.40328e+01 1.67080e+02 2.36445e+02 2.62244e+02 1.88651e+02 1.97442e+02 2.37412e+02 2.49318e+02 2.56725e+02
2.45362e+01 8.35643e+01 1.66365e+02 2.35945e+02 2.62152e+02 1.87727e+02 1.96588e+02 2.36798e+02 2.48855e+02 2.56415e+02
2.44410e+01 8.31320e+01 1.65704e+02 2.35479e+02 2.62066e+02 1.86857e+02 1.95785e+02 2.36220e+02 2.48421e+02 2.56125e+02
2.43521e+01 8.27326e+01 1.65093e+02 2.35044e+02 2.61987e+02 1.86036e+02 1.95027e+02 2.35677e+02 2.48013e+02 2.55854e+02
2.42692e+01 8.23634e+01 1.64528e+02 2.34640e+02 2.61912e+02 1.85263e+02 1.94313e+02 2.35167e+02 2.47631e+02 2.55599e+02
2.41916e+01 8.20217e+01 1.64005e+02 2.34263e+02 2.61843e+02 1.84533e+02 1.93639e+02 2.34688e+02 2.47271e+02 2.55359e+02
2.41191e+01 8.17053e+01 1.63520e+02 2.33912e+02 2.61779e+02 1.83844e+02 1.93003e+02 2.34237e+02 2.46934e+02 2.55135e+02
