2.70000e+02 2.70000e+02 2.70000e+02 2.69443e+02 2.67894e+02 2.70729e+02 2.70748e+02 2.70767e+02 2.70796e+02 2.70853e+02
2.70000e+02 2.70000e+02 2.70000e+02 2.69443e+02 2.67894e+02 2.70729e+02 2.70748e+02 2.70767e+02 2.70796e+02 2.70853e+02
5.00000e+01 1.50000e+02 2.50000e+02 2.69429e+02 2.67896e+02 2.70071e+02 2.69790e+02 2.70808e+02 2.70843e+02 2.70919e+02
4.00715e+01 1.50000e+02 2.45981e+02 2.69209e+02 2.67882e+02 2.67158e+02 2.66289e+02 2.70718e+02 2.70886e+02 2.70962e+02
3.71219e+01 1.50000e+02 2.41415e+02 2.68730e+02 2.67834e+02 2.62698e+02 2.61632e+02 2.70286e+02 2.70837e+02 2.70946e+02
3.50199e+01 1.41368e+02 2.36658e+02 2.67917e+02 2.67737e+02 2.57623e+02 2.56808e+02 2.69453e+02 2.70619e+02 2.70827e+02
3.35602e+01 1.34791e+02 2.31416e+02 2.66764e+02 2.67586e+02 2.52422e+02 2.52143e+02 2.68283e+02 2.70197e+02 2.70582e+02
3.24577e+01 1.28775e+02 2.25864e+02 2.65324e+02 2.67381e+02 2.47339e+02 2.47732e+02 2.66870e+02 2.69579e+02 2.70207e+02
3.15811e+01 1.23502e+02 2.20411e+02 2.63678e+02 2.67135e+02 2.42499e+02 2.43603e+02 2.65300e+02 2.68793e+02 2.69716e+02
3.08610e+01 1.18913e+02 2.15247e+02 2.61908e+02 2.66859e+02 2.37958e+02 2.39757e+02 2.63635e+02 2.67876e+02 2.69129e+02
3.02566e+01 1.14911e+02 2.10449e+02 2.60082e+02 2.66566e+02 2.33737e+02 2.36186e+02 2.61924e+02 2.66865e+02 2.68469e+02
2.97412e+01 1.11408e+02 2.06036e+02 2.58253e+02 2.66267e+02 2.29832e+02 2.32875e+02 2.60202e+02 2.65791e+02 2.67760e+02
2.92897e+01 1.08325e+02 2.01998e+02 2.56457e+02 2.65970e+02 2.26229e+02 2.29807e+02 2.58496e+02 2.64680e+02 2.67018e+02
2.87686e+01 1.05586e+02 1.98317e+02 2.54720e+02 2.65678e+02 2.22909e+02 2.26964e+02 2.56825e+02 2.63555e+02 2.66262e+02
2.82920e+01 1.03130e+02 1.94964e+02 2.53057e+02 2.65398e+02 2.19850e+02 2.24327e+02 2.55202e+02 2.62433e+02 2.65505e+02
2.78658e+01 1.00924e+02 1.91910e+02 2.51477e+02 2.65129e+02 2.17027e+02 2.21877e+02 2.53636e+02 2.61328e+02 2.64755e+02
2.74842e+01 9.89411e+01 1.89127e+02 2.49985e+02 2.64875e+02 2.14419e+02 2.19599e+02 2.52134e+02 2.60249e+02 2.64022e+02
2.71412e+01 9.71551e+01 1.86590e+02 2.48582e+02 2.64635e+02 2.12006e+02 2.17479e+02 2.50700e+02 2.59204e+02 2.63310e+02
2.68319e+01 9.55438e+01 1.84276e+02 2.47267e+02 2.64409e+02 2.09770e+02 2.15504e+02 2.49333e+02 2.58198e+02 2.62624e+02
2.65518e+01 9.40872e+01 1.82164e+02 2.46036e+02 2.64198e+02 2.07696e+02 2.13661e+02 2.48037e+02 2.57235e+02 2.61967e+02
2.62973e+01 9.27682e+01 1.80235e+02 2.44886e+02 2.64000e+02 2.05767e+02 2.11940e+02 2.46808e+02 2.56316e+02 2.61340e+02
2.60655e+01 9.15716e+01 1.78472e+02 2.43815e+02 2.63815e+02 2.03972e+02 2.10332e+02 2.45647e+02 2.55443e+02 2.60743e+02
2.58536e+01 9.04841e+01 1.76859e+02 2.42816e+02 2.63643e+02 2.02299e+02 2.08828e+02 2.44550e+02 2.54614e+02 2.60177e+02
2.56594e+01 8.94942e+01 1.75383e+02 2.41886e+02 2.63483e+02 2.00737e+02 2.07419e+02 2.43516e+02 2.53830e+02 2.59643e+02
2.54810e+01 8.85917e+01 1.74030e+02 2.41021e+02 2.63333e+02 1.99276e+02 2.06099e+02 2.42542e+02 2.53090e+02 2.59138e+02
2.53168e+01 8.77677e+01 1.72790e+02 2.40217e+02 2.63194e+02 1.97910e+02 2.04860e+02 2.41626e+02 2.52392e+02 2.58662e+02
2.51653e+01 8.70142e+01 1.71652e+02 2.39468e+02 2.63065e+02 1.96630e+02 2.03698e+02 2.40763e+02 2.51734e+02 2.58214e+02
2.50254e+01 8.63244e+01 1.70606e+02 2.38772e+02 2.62945e+02 1.95430e+02 2.02607e+02 2.39952e+02 2.51115e+02 2.57792e+02
2.48958e+01 8.56919e+01 1.69645e+02 2.38125e+02 2.62833e+02 1.94303e+02 2.01580e+02 2.39189e+02 2.50533e+02 2.57396e+02
2.47756e+01 8.51112e+01 1.68760e+02 2.37523e+02 2.62729e+02 1.93244e+02 2.00615e+02 2.38473e+02 2.49985e+02 2.57024e+02
2.46641e+01 8.45776e+01 1.67946e+02 2.36963e+02 2.62632e+02 1.92248e+02 1.99707e+02 2.37799e+02 2.49471e+02 2.56675e+02
2.45604e+01 8.40865e+01 1.67195e+02 2.36442e+02 2.62542e+02 1.91311e+02 1.98852e+02 2.37165e+02 2.48988e+02 2.56348e+02
2.44639e+01 8.36342e+01 1.66502e+02 2.35957e+02 2.62458e+02 1.90429e+02 1.98046e+02 2.36570e+02 2.48534e+02 2.56041e+02
2.43739e+01 8.32170e+01 1.65863e+02 2.35505e+02 2.62380e+02 1.89597e+02 1.97286e+02 2.36010e+02 2.48108e+02 2.55752e+02
2.42900e+01 8.28319e+01 1.65272e+02 2.35084e+02 2.62308e+02 1.88813e+02 1.96569e+02 2.35484e+02 2.47708e+02 2.55482e+02
2.42116e+01 8.24761e+01 1.64726e+02 2.34692e+02 2.62240e+02 1.88073e+02 1.95893e+02 2.34989e+02 2.47332e+02 2.55228e+02
2.41383e+01 8.21470e+01 1.64220e+02 2.34327e+02 2.62177e+02 1.87374e+02 1.95255e+02 2.34524e+02 2.46979e+02 2.54990e+02
2.40698e+01 8.18422e+01 1.63751e+02 2.33986e+02 2.62118e+02 1.86714e+02 1.94652e+02 2.34086e+02 2.46647e+02 2.54767e+02
