2.70000000e+02
5.00000000e+01
4.03051360e+01
3.74040200e+01
3.52679280e+01
3.37748680e+01
3.26460280e+01
3.17489800e+01
3.10132430e+01
3.03966590e+01
2.98717560e+01
2.94194760e+01
2.89247910e+01
2.84447260e+01
2.80149970e+01
2.76304690e+01
2.72852870e+01
2.69742640e+01
2.66929720e+01
2.64376690e+01
2.62051860e+01
2.59928340e+01
2.57983200e+01
2.56196780e+01
2.54552160e+01
2.53034710e+01
2.51631710e+01
2.50332030e+01
2.49125950e+01
2.48004880e+01
2.46961230e+01
2.45988260e+01
2.45079990e+01
2.44231050e+01
2.43436630e+01
2.42692410e+01
2.41994500e+01
2.70000000e+02
1.50000000e+02
1.50000000e+02
1.50000000e+02
1.41541176e+02
1.35012614e+02
1.29014204e+02
1.23741357e+02
1.19143791e+02
1.15130260e+02
1.11612510e+02
1.08515047e+02
1.05768089e+02
1.03303775e+02
1.01088261e+02
9.90951510e+01
9.72997750e+01
9.56798820e+01
9.42157970e+01
9.28902450e+01
9.16880900e+01
9.05960520e+01
8.96024720e+01
8.86970820e+01
8.78708280e+01
8.71157080e+01
8.64246330e+01
8.57913120e+01
8.52101540e+01
8.46761770e+01
8.41849370e+01
8.37324640e+01
8.33152020e+01
8.29299660e+01
8.25738960e+01
8.22444190e+01
8.19392200e+01
2.70000000e+02
2.50000000e+02
2.46073933e+02
2.41552359e+02
2.36819032e+02
2.31599656e+02
2.26063510e+02
2.20615217e+02
2.15448847e+02
2.10642118e+02
2.06216142e+02
2.02164502e+02
1.98467696e+02
1.95099772e+02
1.92032048e+02
1.89236902e+02
1.86689093e+02
1.84365686e+02
1.82245814e+02
1.80310494e+02
1.78542482e+02
1.76926139e+02
1.75447306e+02
1.74093176e+02
1.72852175e+02
1.71713854e+02
1.70668780e+02
1.69708437e+02
1.68825140e+02
1.68011952e+02
1.67262606e+02
1.66571443e+02
1.65933347e+02
1.65343693e+02
1.64798294e+02
1.64293361e+02
1.63825461e+02
2.69896352e+02
2.69820951e+02
2.69547737e+02
2.69026333e+02
2.68179201e+02
2.66998078e+02
2.65537032e+02
2.63875625e+02
2.62094363e+02
2.60261252e+02
2.58427996e+02
2.56631265e+02
2.54895601e+02
2.53236429e+02
2.51662452e+02
2.50177613e+02
2.48782565e+02
2.47475804e+02
2.46254452e+02
2.45114795e+02
2.44052643e+02
2.43063574e+02
2.42143099e+02
2.41286777e+02
2.40490287e+02
2.39749480e+02
2.39060408e+02
2.38419342e+02
2.37822777e+02
2.37267436e+02
2.36750264e+02
2.36268419e+02
2.35819266e+02
2.35400366e+02
2.35009461e+02
2.34644468e+02
2.34303463e+02
2.68004093e+02
2.68000640e+02
2.67975246e+02
2.67913041e+02
2.67799832e+02
2.67627056e+02
2.67397969e+02
2.67123926e+02
2.66819124e+02
2.66497040e+02
2.66168739e+02
2.65842515e+02
2.65524193e+02
2.65217633e+02
2.64925209e+02
2.64648211e+02
2.64387167e+02
2.64142080e+02
2.63912612e+02
2.63698206e+02
2.63498178e+02
2.63311770e+02
2.63138189e+02
2.62976638e+02
2.62826331e+02
2.62686507e+02
2.62556435e+02
2.62435423e+02
2.62322817e+02
2.62218002e+02
2.62120406e+02
2.62029492e+02
2.61944766e+02
2.61865766e+02
2.61792065e+02
2.61723269e+02
2.61659014e+02
2.70667659e+02
2.70008196e+02
2.67091207e+02
2.62639661e+02
2.57583310e+02
2.52403184e+02
2.47342566e+02
2.42526306e+02
2.38012881e+02
2.33822133e+02
2.29951706e+02
2.26387049e+02
2.23107433e+02
2.20088959e+02
2.17307145e+02
2.14739100e+02
2.12363996e+02
2.10163068e+02
2.08119535e+02
2.06218467e+02
2.04446622e+02
2.02792270e+02
2.01245021e+02
1.99795667e+02
1.98436031e+02
1.97158834e+02
1.95957583e+02
1.94826464e+02
1.93760257e+02
1.92754259e+02
1.91804219e+02
1.90906282e+02
1.90056939e+02
1.89252989e+02
1.88491502e+02
1.87769789e+02
1.87085375e+02
2.70740121e+02
2.69783014e+02
2.66279335e+02
2.61620712e+02
2.56801790e+02
2.52148341e+02
2.47756866e+02
2.43654068e+02
2.39841013e+02
2.36307249e+02
2.33036704e+02
2.30010789e+02
2.27210094e+02
2.24614657e+02
2.22205455e+02
2.19965665e+02
2.17880331e+02
2.15936027e+02
2.14120685e+02
2.12423467e+02
2.10834639e+02
2.09345460e+02
2.07948070e+02
2.06635390e+02
2.05401033e+02
2.04239222e+02
2.03144722e+02
2.02112776e+02
2.01139049e+02
2.00219584e+02
1.99350759e+02
1.98529250e+02
1.97752004e+02
1.97016206e+02
1.96319258e+02
1.95658758e+02
1.95032483e+02
2.71030101e+02
2.71040160e+02
2.70916433e+02
2.70451268e+02
2.69580760e+02
2.68370333e+02
2.66918049e+02
2.65310237e+02
2.63613127e+02
2.61875482e+02
2.60132758e+02
2.58410557e+02
2.56727143e+02
2.55095245e+02
2.53523336e+02
2.52016649e+02
2.50578044e+02
2.49208652e+02
2.47908331e+02
2.46676009e+02
2.45509939e+02
2.44407903e+02
2.43367367e+02
2.42385601e+02
2.41459769e+02
2.40586998e+02
2.39764434e+02
2.38989275e+02
2.38258800e+02
2.37570388e+02
2.36921528e+02
2.36309831e+02
2.35733028e+02
2.35188976e+02
2.34675652e+02
2.34191155e+02
2.33733695e+02
2.71103538e+02
2.71123368e+02
2.71116150e+02
2.70998222e+02
2.70691776e+02
2.70170801e+02
2.69452458e+02
2.68572950e+02
2.67572077e+02
2.66486559e+02
2.65347857e+02
2.64181870e+02
2.63009330e+02
2.61846414e+02
2.60705426e+02
2.59595412e+02
2.58522779e+02
2.57491835e+02
2.56505251e+02
2.55564422e+02
2.54669771e+02
2.53820981e+02
2.53017186e+02
2.52257125e+02
2.51539256e+02
2.50861852e+02
2.50223071e+02
2.49621015e+02
2.49053769e+02
2.48519436e+02
2.48016155e+02
2.47542126e+02
2.47095612e+02
2.46674956e+02
2.46278579e+02
2.45904983e+02
2.45552755e+02
2.71117641e+02
2.71139050e+02
2.71140806e+02
2.71087789e+02
2.70935896e+02
2.70659968e+02
2.70258018e+02
2.69743673e+02
2.69137917e+02
2.68463513e+02
2.67741941e+02
2.66991985e+02
2.66229283e+02
2.65466395e+02
2.64713081e+02
2.63976694e+02
2.63262573e+02
2.62574437e+02
2.61914712e+02
2.61284820e+02
2.60685408e+02
2.60116533e+02
2.59577808e+02
2.59068524e+02
2.58587741e+02
2.58134359e+02
2.57707177e+02
2.57304934e+02
2.56926348e+02
2.56570135e+02
2.56235030e+02
2.55919802e+02
2.55623264e+02
2.55344275e+02
2.55081751e+02
2.54834661e+02
2.54602031e+02
