2.70000e+02 2.70000e+02 2.70000e+02 2.70379e+02 2.68050e+02 2.71821e+02 2.71812e+02 2.71728e+02 2.71628e+02 2.71493e+02
2.70000e+02 2.70000e+02 2.70000e+02 2.70379e+02 2.68050e+02 2.71821e+02 2.71812e+02 2.71728e+02 2.71628e+02 2.71493e+02
5.00000e+01 1.50000e+02 2.50000e+02 2.70246e+02 2.68042e+02 2.71068e+02 2.70811e+02 2.71714e+02 2.71626e+02 2.71500e+02
4.00718e+01 1.50000e+02 2.46171e+02 2.69933e+02 2.68012e+02 2.67960e+02 2.67292e+02 2.71571e+02 2.71603e+02 2.71486e+02
3.71231e+01 1.50000e+02 2.41679e+02 2.69385e+02 2.67950e+02 2.63296e+02 2.62606e+02 2.71104e+02 2.71495e+02 2.71422e+02
3.50124e+01 1.41376e+02 2.36938e+02 2.68522e+02 2.67844e+02 2.58037e+02 2.57726e+02 2.70247e+02 2.71230e+02 2.71265e+02
3.35441e+01 1.34814e+02 2.31693e+02 2.67334e+02 2.67685e+02 2.52676e+02 2.52984e+02 2.69056e+02 2.70770e+02 2.70989e+02
3.24349e+01 1.28810e+02 2.26130e+02 2.65874e+02 2.67476e+02 2.47456e+02 2.48486e+02 2.67621e+02 2.70121e+02 2.70588e+02
3.15526e+01 1.23544e+02 2.20662e+02 2.64218e+02 2.67227e+02 2.42496e+02 2.44264e+02 2.66024e+02 2.69308e+02 2.70071e+02
3.08275e+01 1.18957e+02 2.15485e+02 2.62444e+02 2.66950e+02 2.37848e+02 2.40324e+02 2.64330e+02 2.68367e+02 2.69460e+02
3.02183e+01 1.14957e+02 2.10675e+02 2.60619e+02 2.66658e+02 2.33527e+02 2.36657e+02 2.62587e+02 2.67332e+02 2.68774e+02
2.96982e+01 1.11452e+02 2.06250e+02 2.58791e+02 2.66359e+02 2.29528e+02 2.33252e+02 2.60832e+02 2.66234e+02 2.68035e+02
2.92255e+01 1.08367e+02 2.02204e+02 2.56998e+02 2.66062e+02 2.25836e+02 2.30091e+02 2.59090e+02 2.65098e+02 2.67263e+02
2.86917e+01 1.05622e+02 1.98514e+02 2.55263e+02 2.65772e+02 2.22430e+02 2.27158e+02 2.57381e+02 2.63947e+02 2.66474e+02
2.82080e+01 1.03158e+02 1.95152e+02 2.53602e+02 2.65492e+02 2.19287e+02 2.24432e+02 2.55720e+02 2.62797e+02 2.65680e+02
2.77754e+01 1.00945e+02 1.92089e+02 2.52023e+02 2.65225e+02 2.16383e+02 2.21897e+02 2.54114e+02 2.61662e+02 2.64893e+02
2.73876e+01 9.89545e+01 1.89297e+02 2.50531e+02 2.64971e+02 2.13696e+02 2.19537e+02 2.52571e+02 2.60553e+02 2.64120e+02
2.70388e+01 9.71613e+01 1.86751e+02 2.49125e+02 2.64731e+02 2.11208e+02 2.17338e+02 2.51094e+02 2.59476e+02 2.63368e+02
2.67238e+01 9.55425e+01 1.84427e+02 2.47805e+02 2.64505e+02 2.08899e+02 2.15287e+02 2.49685e+02 2.58436e+02 2.62641e+02
2.64384e+01 9.40785e+01 1.82304e+02 2.46569e+02 2.64293e+02 2.06754e+02 2.13372e+02 2.48345e+02 2.57438e+02 2.61941e+02
2.61788e+01 9.27518e+01 1.80365e+02 2.45413e+02 2.64095e+02 2.04759e+02 2.11583e+02 2.47073e+02 2.56484e+02 2.61271e+02
2.59421e+01 9.15473e+01 1.78591e+02 2.44333e+02 2.63909e+02 2.02900e+02 2.09909e+02 2.45868e+02 2.55574e+02 2.60631e+02
2.57255e+01 9.04520e+01 1.76967e+02 2.43325e+02 2.63736e+02 2.01165e+02 2.08341e+02 2.44728e+02 2.54708e+02 2.60022e+02
2.55269e+01 8.94541e+01 1.75478e+02 2.42384e+02 2.63574e+02 1.99545e+02 2.06873e+02 2.43650e+02 2.53887e+02 2.59445e+02
2.53442e+01 8.85436e+01 1.74114e+02 2.41508e+02 2.63423e+02 1.98029e+02 2.05495e+02 2.42633e+02 2.53109e+02 2.58897e+02
2.51760e+01 8.77116e+01 1.72861e+02 2.40691e+02 2.63283e+02 1.96610e+02 2.04203e+02 2.41674e+02 2.52374e+02 2.58380e+02
2.50206e+01 8.69501e+01 1.71710e+02 2.39929e+02 2.63152e+02 1.95280e+02 2.02989e+02 2.40769e+02 2.51679e+02 2.57891e+02
2.48770e+01 8.62521e+01 1.70651e+02 2.39220e+02 2.63029e+02 1.94032e+02 2.01847e+02 2.39917e+02 2.51023e+02 2.57429e+02
2.47438e+01 8.56116e+01 1.69677e+02 2.38559e+02 2.62915e+02 1.92860e+02 2.00774e+02 2.39113e+02 2.50404e+02 2.56994e+02
2.46203e+01 8.50229e+01 1.68779e+02 2.37942e+02 2.62809e+02 1.91758e+02 1.99764e+02 2.38357e+02 2.49821e+02 2.56585e+02
2.45055e+01 8.44813e+01 1.67951e+02 2.37368e+02 2.62710e+02 1.90721e+02 1.98813e+02 2.37645e+02 2.49272e+02 2.56199e+02
2.43987e+01 8.39823e+01 1.67187e+02 2.36832e+02 2.62618e+02 1.89745e+02 1.97917e+02 2.36974e+02 2.48755e+02 2.55835e+02
2.42992e+01 8.35221e+01 1.66480e+02 2.36332e+02 2.62532e+02 1.88826e+02 1.97073e+02 2.36342e+02 2.48268e+02 2.55493e+02
2.42064e+01 8.30971e+01 1.65828e+02 2.35865e+02 2.62452e+02 1.87959e+02 1.96276e+02 2.35747e+02 2.47809e+02 2.55172e+02
2.41197e+01 8.27043e+01 1.65223e+02 2.35430e+02 2.62377e+02 1.87141e+02 1.95524e+02 2.35186e+02 2.47378e+02 2.54869e+02
2.40387e+01 8.23408e+01 1.64664e+02 2.35023e+02 2.62307e+02 1.86369e+02 1.94815e+02 2.34658e+02 2.46971e+02 2.54584e+02
2.39629e+01 8.20042e+01 1.64145e+02 2.34643e+02 2.62241e+02 1.85641e+02 1.94145e+02 2.34161e+02 2.46589e+02 2.54317e+02
2.38920e+01 8.16920e+01 1.63663e+02 2.34288e+02 2.62180e+02 1.84952e+02 1.93511e+02 2.33692e+02 2.46228e+02 2.54064e+02
