2.70000000e+02
5.00000000e+01
4.01783410e+01
3.72155740e+01
3.50842940e+01
3.36047180e+01
3.24893390e+01
3.16039280e+01
3.08776440e+01
3.02684220e+01
2.97490320e+01
2.92984980e+01
2.87753450e+01
2.82950920e+01
2.78650540e+01
2.74795040e+01
2.71325890e+01
2.68191980e+01
2.65349980e+01
2.62763290e+01
2.60401020e+01
2.58236960e+01
2.56248780e+01
2.54417360e+01
2.52726240e+01
2.51161180e+01
2.49709820e+01
2.48361340e+01
2.47106270e+01
2.45936230e+01
2.44843840e+01
2.43822530e+01
2.42866430e+01
2.41970290e+01
2.41129410e+01
2.40339550e+01
2.39596860e+01
2.70000000e+02
1.50000000e+02
1.50000000e+02
1.50000000e+02
1.41305994e+02
1.34658493e+02
1.28591003e+02
1.23282858e+02
1.18670209e+02
1.14654325e+02
1.11142323e+02
1.08055575e+02
1.05317143e+02
1.02862460e+02
1.00658720e+02
9.86779060e+01
9.68943140e+01
9.52850850e+01
9.38301880e+01
9.25121520e+01
9.13157500e+01
9.02276900e+01
8.92363450e+01
8.83315240e+01
8.75042660e+01
8.67466790e+01
8.60517930e+01
8.54134400e+01
8.48261470e+01
8.42850520e+01
8.37858250e+01
8.33246020e+01
8.28979300e+01
8.25027160e+01
8.21361870e+01
8.17958530e+01
8.14794700e+01
2.70000000e+02
2.50000000e+02
2.45686746e+02
2.41234433e+02
2.36447841e+02
2.31167865e+02
2.25584886e+02
2.20111332e+02
2.14937419e+02
2.10136618e+02
2.05726099e+02
2.01696024e+02
1.98024026e+02
1.94681607e+02
1.91638429e+02
1.88865931e+02
1.86338243e+02
1.84032001e+02
1.81926079e+02
1.80001384e+02
1.78240673e+02
1.76628391e+02
1.75150521e+02
1.73794435e+02
1.72548765e+02
1.71403280e+02
1.70348767e+02
1.69376932e+02
1.68480303e+02
1.67652150e+02
1.66886401e+02
1.66177581e+02
1.65520748e+02
1.64911435e+02
1.64345605e+02
1.63819603e+02
1.63330123e+02
2.68943695e+02
2.68994965e+02
2.68822907e+02
2.68388643e+02
2.67623471e+02
2.66521311e+02
2.65135370e+02
2.63543689e+02
2.61825422e+02
2.60047578e+02
2.58261299e+02
2.56503092e+02
2.54797726e+02
2.53160993e+02
2.51602153e+02
2.50125771e+02
2.48733166e+02
2.47423499e+02
2.46194529e+02
2.45043131e+02
2.43965647e+02
2.42958136e+02
2.42016535e+02
2.41136784e+02
2.40314899e+02
2.39547033e+02
2.38829506e+02
2.38158826e+02
2.37531704e+02
2.36945053e+02
2.36395988e+02
2.35881822e+02
2.35400059e+02
2.34948382e+02
2.34524645e+02
2.34126864e+02
2.33753202e+02
2.67830566e+02
2.67838589e+02
2.67832332e+02
2.67787406e+02
2.67689819e+02
2.67531842e+02
2.67316906e+02
2.67056183e+02
2.66763611e+02
2.66452449e+02
2.66133613e+02
2.65815327e+02
2.65503417e+02
2.65201793e+02
2.64912913e+02
2.64638176e+02
2.64378225e+02
2.64133186e+02
2.63902840e+02
2.63686743e+02
2.63484313e+02
2.63294886e+02
2.63117753e+02
2.62952192e+02
2.62797481e+02
2.62652919e+02
2.62517829e+02
2.62391562e+02
2.62273507e+02
2.62163088e+02
2.62059763e+02
2.61963028e+02
2.61872413e+02
2.61787481e+02
2.61707827e+02
2.61633075e+02
2.61562880e+02
2.69701524e+02
2.68764017e+02
2.65033755e+02
2.59814490e+02
2.54196754e+02
2.48647022e+02
2.43363122e+02
2.38425409e+02
2.33856647e+02
2.29650548e+02
2.25786691e+02
2.22238562e+02
2.18977710e+02
2.15975152e+02
2.13203924e+02
2.10640248e+02
2.08263204e+02
2.06054377e+02
2.03997569e+02
2.02078539e+02
2.00284758e+02
1.98605185e+02
1.97030075e+02
1.95550796e+02
1.94159681e+02
1.92849896e+02
1.91615323e+02
1.90450468e+02
1.89350379e+02
1.88310573e+02
1.87326978e+02
1.86395884e+02
1.85513897e+02
1.84677908e+02
1.83885055e+02
1.83132700e+02
1.82418407e+02
2.69743726e+02
2.68917014e+02
2.65602781e+02
2.61054593e+02
2.56267877e+02
2.51595021e+02
2.47151367e+02
2.42974842e+02
2.39073357e+02
2.35440860e+02
2.32064282e+02
2.28927195e+02
2.26011761e+02
2.23299162e+02
2.20771588e+02
2.18413192e+02
2.16209763e+02
2.14148477e+02
2.12217759e+02
2.10407170e+02
2.08707297e+02
2.07109649e+02
2.05606555e+02
2.04191076e+02
2.02856918e+02
2.01598365e+02
2.00410205e+02
1.99287684e+02
1.98226448e+02
1.97222503e+02
1.96272178e+02
1.95372090e+02
1.94519117e+02
1.93710371e+02
1.92943176e+02
1.92215050e+02
1.91523687e+02
2.69884185e+02
2.69964831e+02
2.69932770e+02
2.69571863e+02
2.68796132e+02
2.67649724e+02
2.66220848e+02
2.64595000e+02
2.62842238e+02
2.61016939e+02
2.59160464e+02
2.57303910e+02
2.55470342e+02
2.53676559e+02
2.51934384e+02
2.50251781e+02
2.48633810e+02
2.47083350e+02
2.45601638e+02
2.44188681e+02
2.42843575e+02
2.41564755e+02
2.40350189e+02
2.39197531e+02
2.38104236e+02
2.37067648e+02
2.36085068e+02
2.35153803e+02
2.34271204e+02
2.33434692e+02
2.32641772e+02
2.31890051e+02
2.31177242e+02
2.30501167e+02
2.29859760e+02
2.29251065e+02
2.28673235e+02
2.70137204e+02
2.70229552e+02
2.70309660e+02
2.70275283e+02
2.70042990e+02
2.69578167e+02
2.68891501e+02
2.68016963e+02
2.66995447e+02
2.65866577e+02
2.64665401e+02
2.63421424e+02
2.62158651e+02
2.60896100e+02
2.59648434e+02
2.58426625e+02
2.57238624e+02
2.56089975e+02
2.54984319e+02
2.53923823e+02
2.52909516e+02
2.51941562e+02
2.51019481e+02
2.50142317e+02
2.49308777e+02
2.48517334e+02
2.47766311e+02
2.47053944e+02
2.46378426e+02
2.45737949e+02
2.45130725e+02
2.44555010e+02
2.44009112e+02
2.43491407e+02
2.43000337e+02
2.42534419e+02
2.42092245e+02
2.70593549e+02
2.70685447e+02
2.70748047e+02
2.70748130e+02
2.70646786e+02
2.70421530e+02
2.70070984e+02
2.69608421e+02
2.69054248e+02
2.68430723e+02
2.67758943e+02
2.67057394e+02
2.66341483e+02
2.65623544e+02
2.64913136e+02
2.64217425e+02
2.63541592e+02
2.62889224e+02
2.62262655e+02
2.61663244e+02
2.61091611e+02
2.60547818e+02
2.60031514e+02
2.59542050e+02
2.59078568e+02
2.58640070e+02
2.58225467e+02
2.57833626e+02
2.57463394e+02
2.57113624e+02
2.56783188e+02
2.56470995e+02
2.56175988e+02
2.55897162e+02
2.55633556e+02
2.55384262e+02
2.55148420e+02
