2.70000e+02 2.70000e+02 2.70000e+02 2.70973e+02 2.68149e+02 2.75595e+02 2.75309e+02 2.73845e+02 2.73144e+02 2.72335e+02
2.70000e+02 2.70000e+02 2.70000e+02 2.70973e+02 2.68149e+02 2.75595e+02 2.75309e+02 2.73845e+02 2.73144e+02 2.72335e+02
5.00000e+01 1.50000e+02 2.50000e+02 2.70927e+02 2.68148e+02 2.74511e+02 2.74099e+02 2.73743e+02 2.73054e+02 2.72233e+02
4.02853e+01 1.50000e+02 2.46335e+02 2.70651e+02 2.68127e+02 2.70752e+02 2.70251e+02 2.73512e+02 2.72936e+02 2.72153e+02
3.74093e+01 1.50000e+02 2.41955e+02 2.70115e+02 2.68069e+02 2.65475e+02 2.65247e+02 2.72944e+02 2.72748e+02 2.72056e+02
3.52944e+01 1.41575e+02 2.37300e+02 2.69251e+02 2.67964e+02 2.59742e+02 2.60104e+02 2.71977e+02 2.72407e+02 2.71893e+02
3.38181e+01 1.35103e+02 2.32138e+02 2.68053e+02 2.67804e+02 2.54039e+02 2.55154e+02 2.70671e+02 2.71875e+02 2.71633e+02
3.27020e+01 1.29153e+02 2.26644e+02 2.66576e+02 2.67593e+02 2.48582e+02 2.50493e+02 2.69126e+02 2.71157e+02 2.71267e+02
3.18141e+01 1.23919e+02 2.21227e+02 2.64897e+02 2.67341e+02 2.43467e+02 2.46148e+02 2.67426e+02 2.70283e+02 2.70803e+02
3.10843e+01 1.19353e+02 2.16087e+02 2.63097e+02 2.67060e+02 2.38727e+02 2.42116e+02 2.65639e+02 2.69287e+02 2.70256e+02
3.04710e+01 1.15367e+02 2.11302e+02 2.61243e+02 2.66763e+02 2.34360e+02 2.38385e+02 2.63813e+02 2.68204e+02 2.69646e+02
2.99473e+01 1.11871e+02 2.06895e+02 2.59386e+02 2.66460e+02 2.30350e+02 2.34936e+02 2.61985e+02 2.67066e+02 2.68992e+02
2.94947e+01 1.08792e+02 2.02859e+02 2.57563e+02 2.66158e+02 2.26671e+02 2.31749e+02 2.60181e+02 2.65898e+02 2.68309e+02
2.90356e+01 1.06064e+02 1.99174e+02 2.55799e+02 2.65863e+02 2.23296e+02 2.28800e+02 2.58419e+02 2.64721e+02 2.67614e+02
2.85552e+01 1.03618e+02 1.95815e+02 2.54110e+02 2.65578e+02 2.20195e+02 2.26070e+02 2.56711e+02 2.63551e+02 2.66917e+02
2.81221e+01 1.01415e+02 1.92753e+02 2.52504e+02 2.65306e+02 2.17340e+02 2.23537e+02 2.55067e+02 2.62403e+02 2.66227e+02
2.77332e+01 9.94293e+01 1.89960e+02 2.50986e+02 2.65047e+02 2.14707e+02 2.21184e+02 2.53492e+02 2.61284e+02 2.65552e+02
2.73832e+01 9.76382e+01 1.87411e+02 2.49558e+02 2.64803e+02 2.12272e+02 2.18994e+02 2.51989e+02 2.60202e+02 2.64896e+02
2.70669e+01 9.60196e+01 1.85084e+02 2.48217e+02 2.64574e+02 2.10016e+02 2.16953e+02 2.50558e+02 2.59161e+02 2.64264e+02
2.67803e+01 9.45544e+01 1.82957e+02 2.46962e+02 2.64359e+02 2.07921e+02 2.15049e+02 2.49199e+02 2.58165e+02 2.63658e+02
2.65196e+01 9.32257e+01 1.81011e+02 2.45789e+02 2.64157e+02 2.05973e+02 2.13269e+02 2.47912e+02 2.57215e+02 2.63078e+02
2.62818e+01 9.20187e+01 1.79231e+02 2.44693e+02 2.63969e+02 2.04157e+02 2.11603e+02 2.46695e+02 2.56311e+02 2.62527e+02
2.60641e+01 9.09203e+01 1.77601e+02 2.43672e+02 2.63793e+02 2.02461e+02 2.10043e+02 2.45545e+02 2.55454e+02 2.62003e+02
2.58645e+01 8.99192e+01 1.76107e+02 2.42720e+02 2.63629e+02 2.00876e+02 2.08580e+02 2.44459e+02 2.54642e+02 2.61507e+02
2.56808e+01 8.90053e+01 1.74736e+02 2.41833e+02 2.63477e+02 1.99391e+02 2.07207e+02 2.43435e+02 2.53874e+02 2.61039e+02
2.55116e+01 8.81698e+01 1.73477e+02 2.41006e+02 2.63334e+02 1.97998e+02 2.05916e+02 2.42469e+02 2.53150e+02 2.60596e+02
2.53552e+01 8.74049e+01 1.72320e+02 2.40237e+02 2.63202e+02 1.96690e+02 2.04702e+02 2.41560e+02 2.52466e+02 2.60179e+02
2.52105e+01 8.67036e+01 1.71257e+02 2.39520e+02 2.63078e+02 1.95461e+02 2.03560e+02 2.40703e+02 2.51822e+02 2.59786e+02
2.50762e+01 8.60599e+01 1.70277e+02 2.38853e+02 2.62963e+02 1.94304e+02 2.02484e+02 2.39895e+02 2.51215e+02 2.59416e+02
2.49516e+01 8.54681e+01 1.69375e+02 2.38232e+02 2.62856e+02 1.93214e+02 2.01469e+02 2.39135e+02 2.50643e+02 2.59068e+02
2.48357e+01 8.49235e+01 1.68543e+02 2.37652e+02 2.62756e+02 1.92186e+02 2.00512e+02 2.38419e+02 2.50105e+02 2.58740e+02
2.47277e+01 8.44217e+01 1.67775e+02 2.37112e+02 2.62663e+02 1.91216e+02 1.99608e+02 2.37745e+02 2.49599e+02 2.58433e+02
2.46269e+01 8.39588e+01 1.67066e+02 2.36609e+02 2.62576e+02 1.90300e+02 1.98755e+02 2.37109e+02 2.49122e+02 2.58143e+02
2.45329e+01 8.35313e+01 1.66410e+02 2.36139e+02 2.62496e+02 1.89434e+02 1.97948e+02 2.36510e+02 2.48673e+02 2.57871e+02
2.44449e+01 8.31360e+01 1.65803e+02 2.35701e+02 2.62420e+02 1.88615e+02 1.97185e+02 2.35946e+02 2.48251e+02 2.57615e+02
2.43626e+01 8.27702e+01 1.65240e+02 2.35292e+02 2.62350e+02 1.87841e+02 1.96464e+02 2.35414e+02 2.47853e+02 2.57374e+02
2.42855e+01 8.24313e+01 1.64719e+02 2.34910e+02 2.62284e+02 1.87107e+02 1.95780e+02 2.34912e+02 2.47479e+02 2.57148e+02
2.42131e+01 8.21170e+01 1.64236e+02 2.34553e+02 2.62222e+02 1.86412e+02 1.95133e+02 2.34438e+02 2.47126e+02 2.56935e+02
