2.70000e+02 2.70000e+02 2.70000e+02 2.70555e+02 2.68074e+02 2.71928e+02 2.71933e+02 2.71924e+02 2.71851e+02 2.71696e+02
2.70000e+02 2.70000e+02 2.70000e+02 2.70555e+02 2.68074e+02 2.71928e+02 2.71933e+02 2.71924e+02 2.71851e+02 2.71696e+02
5.00000e+01 1.50000e+02 2.50000e+02 2.70404e+02 2.68066e+02 2.70983e+02 2.70846e+02 2.71892e+02 2.71823e+02 2.71640e+02
4.04076e+01 1.50000e+02 2.46209e+02 2.70073e+02 2.68034e+02 2.67467e+02 2.67163e+02 2.71721e+02 2.71763e+02 2.71591e+02
3.75193e+01 1.50000e+02 2.41733e+02 2.69511e+02 2.67971e+02 2.62519e+02 2.62402e+02 2.71219e+02 2.71609e+02 2.71501e+02
3.53815e+01 1.41502e+02 2.36992e+02 2.68637e+02 2.67866e+02 2.57146e+02 2.57544e+02 2.70330e+02 2.71283e+02 2.71320e+02
3.38923e+01 1.34949e+02 2.31742e+02 2.67441e+02 2.67711e+02 2.51794e+02 2.52882e+02 2.69116e+02 2.70754e+02 2.71021e+02
3.27697e+01 1.28939e+02 2.26170e+02 2.65975e+02 2.67506e+02 2.46663e+02 2.48495e+02 2.67669e+02 2.70032e+02 2.70596e+02
3.18794e+01 1.23663e+02 2.20691e+02 2.64316e+02 2.67263e+02 2.41844e+02 2.44402e+02 2.66069e+02 2.69150e+02 2.70058e+02
3.11502e+01 1.19068e+02 2.15503e+02 2.62542e+02 2.66993e+02 2.37370e+02 2.40600e+02 2.64381e+02 2.68145e+02 2.69427e+02
3.05397e+01 1.15063e+02 2.10683e+02 2.60720e+02 2.66708e+02 2.33243e+02 2.37077e+02 2.62652e+02 2.67054e+02 2.68727e+02
3.00203e+01 1.11556e+02 2.06252e+02 2.58900e+02 2.66418e+02 2.29447e+02 2.33815e+02 2.60916e+02 2.65909e+02 2.67978e+02
2.95730e+01 1.08471e+02 2.02202e+02 2.57118e+02 2.66129e+02 2.25961e+02 2.30798e+02 2.59201e+02 2.64736e+02 2.67202e+02
2.91537e+01 1.05745e+02 1.98511e+02 2.55397e+02 2.65848e+02 2.22759e+02 2.28004e+02 2.57524e+02 2.63557e+02 2.66414e+02
2.86869e+01 1.03309e+02 1.95154e+02 2.53754e+02 2.65576e+02 2.19815e+02 2.25415e+02 2.55900e+02 2.62389e+02 2.65628e+02
2.82638e+01 1.01118e+02 1.92100e+02 2.52196e+02 2.65318e+02 2.17104e+02 2.23013e+02 2.54337e+02 2.61245e+02 2.64854e+02
2.78842e+01 9.91468e+01 1.89321e+02 2.50727e+02 2.65073e+02 2.14602e+02 2.20781e+02 2.52841e+02 2.60135e+02 2.64099e+02
2.75429e+01 9.73709e+01 1.86791e+02 2.49348e+02 2.64843e+02 2.12289e+02 2.18703e+02 2.51415e+02 2.59064e+02 2.63369e+02
2.72351e+01 9.57688e+01 1.84486e+02 2.48058e+02 2.64627e+02 2.10146e+02 2.16768e+02 2.50061e+02 2.58038e+02 2.62669e+02
2.69565e+01 9.43213e+01 1.82384e+02 2.46853e+02 2.64424e+02 2.08156e+02 2.14962e+02 2.48778e+02 2.57059e+02 2.62000e+02
2.67035e+01 9.30111e+01 1.80467e+02 2.45730e+02 2.64236e+02 2.06306e+02 2.13276e+02 2.47565e+02 2.56129e+02 2.61363e+02
2.64730e+01 9.18233e+01 1.78716e+02 2.44685e+02 2.64060e+02 2.04583e+02 2.11700e+02 2.46420e+02 2.55247e+02 2.60760e+02
2.62624e+01 9.07447e+01 1.77118e+02 2.43713e+02 2.63896e+02 2.02976e+02 2.10226e+02 2.45342e+02 2.54414e+02 2.60189e+02
2.60694e+01 8.97637e+01 1.75656e+02 2.42810e+02 2.63744e+02 2.01474e+02 2.08845e+02 2.44327e+02 2.53627e+02 2.59651e+02
2.58922e+01 8.88701e+01 1.74318e+02 2.41971e+02 2.63602e+02 2.00070e+02 2.07551e+02 2.43372e+02 2.52886e+02 2.59145e+02
2.57290e+01 8.80551e+01 1.73093e+02 2.41191e+02 2.63471e+02 1.98754e+02 2.06337e+02 2.42475e+02 2.52189e+02 2.58668e+02
2.55786e+01 8.73105e+01 1.71971e+02 2.40468e+02 2.63349e+02 1.97521e+02 2.05197e+02 2.41632e+02 2.51534e+02 2.58221e+02
2.54396e+01 8.66296e+01 1.70941e+02 2.39797e+02 2.63235e+02 1.96363e+02 2.04126e+02 2.40840e+02 2.50919e+02 2.57802e+02
2.53109e+01 8.60059e+01 1.69996e+02 2.39173e+02 2.63130e+02 1.95276e+02 2.03120e+02 2.40097e+02 2.50342e+02 2.57408e+02
2.51916e+01 8.54340e+01 1.69128e+02 2.38594e+02 2.63032e+02 1.94253e+02 2.02173e+02 2.39399e+02 2.49800e+02 2.57039e+02
2.50808e+01 8.49090e+01 1.68329e+02 2.38056e+02 2.62941e+02 1.93291e+02 2.01281e+02 2.38744e+02 2.49291e+02 2.56694e+02
2.49778e+01 8.44264e+01 1.67594e+02 2.37557e+02 2.62857e+02 1.92385e+02 2.00441e+02 2.38129e+02 2.48815e+02 2.56370e+02
2.48819e+01 8.39824e+01 1.66917e+02 2.37092e+02 2.62779e+02 1.91531e+02 1.99650e+02 2.37552e+02 2.48367e+02 2.56067e+02
2.47926e+01 8.35733e+01 1.66293e+02 2.36660e+02 2.62706e+02 1.90725e+02 1.98904e+02 2.37009e+02 2.47948e+02 2.55783e+02
2.47093e+01 8.31962e+01 1.65717e+02 2.36259e+02 2.62638e+02 1.89965e+02 1.98200e+02 2.36500e+02 2.47554e+02 2.55517e+02
2.46314e+01 8.28480e+01 1.65185e+02 2.35885e+02 2.62575e+02 1.89247e+02 1.97536e+02 2.36021e+02 2.47185e+02 2.55268e+02
2.45587e+01 8.25264e+01 1.64694e+02 2.35537e+02 2.62516e+02 1.88569e+02 1.96908e+02 2.35570e+02 2.46839e+02 2.55035e+02
2.44906e+01 8.22289e+01 1.64239e+02 2.35213e+02 2.62462e+02 1.87928e+02 1.96315e+02 2.35147e+02 2.46513e+02 2.54816e+02
