2.70000e+02 2.70000e+02 2.70000e+02 2.70030e+02 2.67992e+02 2.71405e+02 2.71375e+02 2.71213e+02 2.71205e+02 2.71251e+02
2.70000e+02 2.70000e+02 2.70000e+02 2.70030e+02 2.67992e+02 2.71405e+02 2.71375e+02 2.71213e+02 2.71205e+02 2.71251e+02
5.00000e+01 1.50000e+02 2.50000e+02 2.69941e+02 2.67988e+02 2.70674e+02 2.70347e+02 2.71201e+02 2.71207e+02 2.71264e+02
3.99632e+01 1.50000e+02 2.46103e+02 2.69656e+02 2.67963e+02 2.67633e+02 2.66792e+02 2.71061e+02 2.71189e+02 2.71258e+02
3.70261e+01 1.50000e+02 2.41590e+02 2.69132e+02 2.67905e+02 2.63029e+02 2.62103e+02 2.70597e+02 2.71086e+02 2.71199e+02
3.49487e+01 1.41347e+02 2.36858e+02 2.68297e+02 2.67803e+02 2.57824e+02 2.57259e+02 2.69739e+02 2.70820e+02 2.71045e+02
3.35046e+01 1.34806e+02 2.31641e+02 2.67140e+02 2.67649e+02 2.52519e+02 2.52582e+02 2.68544e+02 2.70355e+02 2.70769e+02
3.24134e+01 1.28832e+02 2.26119e+02 2.65711e+02 2.67444e+02 2.47364e+02 2.48166e+02 2.67098e+02 2.69695e+02 2.70369e+02
3.15454e+01 1.23598e+02 2.20700e+02 2.64084e+02 2.67200e+02 2.42481e+02 2.44039e+02 2.65482e+02 2.68866e+02 2.69855e+02
3.08322e+01 1.19043e+02 2.15573e+02 2.62336e+02 2.66927e+02 2.37921e+02 2.40199e+02 2.63759e+02 2.67901e+02 2.69248e+02
3.02332e+01 1.15073e+02 2.10812e+02 2.60532e+02 2.66639e+02 2.33696e+02 2.36635e+02 2.61976e+02 2.66835e+02 2.68569e+02
2.97220e+01 1.11597e+02 2.06435e+02 2.58722e+02 2.66343e+02 2.29799e+02 2.33330e+02 2.60170e+02 2.65698e+02 2.67838e+02
2.92660e+01 1.08538e+02 2.02431e+02 2.56941e+02 2.66048e+02 2.26211e+02 2.30264e+02 2.58366e+02 2.64516e+02 2.67073e+02
2.87449e+01 1.05818e+02 1.98778e+02 2.55214e+02 2.65759e+02 2.22907e+02 2.27418e+02 2.56584e+02 2.63311e+02 2.66290e+02
2.82705e+01 1.03377e+02 1.95449e+02 2.53556e+02 2.65480e+02 2.19862e+02 2.24769e+02 2.54838e+02 2.62099e+02 2.65501e+02
2.78460e+01 1.01183e+02 1.92415e+02 2.51976e+02 2.65212e+02 2.17049e+02 2.22301e+02 2.53139e+02 2.60896e+02 2.64716e+02
2.74654e+01 9.92104e+01 1.89646e+02 2.50478e+02 2.64957e+02 2.14446e+02 2.19996e+02 2.51493e+02 2.59711e+02 2.63943e+02
2.71229e+01 9.74320e+01 1.87119e+02 2.49062e+02 2.64716e+02 2.12031e+02 2.17840e+02 2.49905e+02 2.58553e+02 2.63187e+02
2.68134e+01 9.58258e+01 1.84809e+02 2.47729e+02 2.64488e+02 2.09785e+02 2.15820e+02 2.48377e+02 2.57427e+02 2.62453e+02
2.65326e+01 9.43722e+01 1.82698e+02 2.46476e+02 2.64273e+02 2.07692e+02 2.13924e+02 2.46912e+02 2.56337e+02 2.61743e+02
2.62768e+01 9.30538e+01 1.80765e+02 2.45299e+02 2.64071e+02 2.05736e+02 2.12141e+02 2.45510e+02 2.55287e+02 2.61060e+02
2.60430e+01 9.18557e+01 1.78995e+02 2.44195e+02 2.63881e+02 2.03906e+02 2.10464e+02 2.44169e+02 2.54278e+02 2.60404e+02
2.58287e+01 9.07648e+01 1.77371e+02 2.43160e+02 2.63704e+02 2.02189e+02 2.08883e+02 2.42890e+02 2.53311e+02 2.59776e+02
2.56315e+01 8.97696e+01 1.75880e+02 2.42190e+02 2.63537e+02 2.00576e+02 2.07391e+02 2.41671e+02 2.52385e+02 2.59176e+02
2.54496e+01 8.88601e+01 1.74509e+02 2.41282e+02 2.63381e+02 1.99058e+02 2.05981e+02 2.40510e+02 2.51501e+02 2.58604e+02
2.52813e+01 8.80273e+01 1.73248e+02 2.40431e+02 2.63234e+02 1.97626e+02 2.04648e+02 2.39404e+02 2.50658e+02 2.58059e+02
2.51254e+01 8.72635e+01 1.72086e+02 2.39633e+02 2.63097e+02 1.96275e+02 2.03386e+02 2.38353e+02 2.49855e+02 2.57541e+02
2.49804e+01 8.65618e+01 1.71014e+02 2.38885e+02 2.62969e+02 1.94998e+02 2.02190e+02 2.37353e+02 2.49091e+02 2.57049e+02
2.48455e+01 8.59160e+01 1.70024e+02 2.38185e+02 2.62848e+02 1.93789e+02 2.01057e+02 2.36402e+02 2.48363e+02 2.56582e+02
2.47196e+01 8.53208e+01 1.69108e+02 2.37527e+02 2.62735e+02 1.92643e+02 1.99981e+02 2.35498e+02 2.47672e+02 2.56138e+02
2.46019e+01 8.47714e+01 1.68261e+02 2.36911e+02 2.62629e+02 1.91557e+02 1.98959e+02 2.34640e+02 2.47015e+02 2.55717e+02
2.44917e+01 8.42634e+01 1.67476e+02 2.36332e+02 2.62530e+02 1.90526e+02 1.97989e+02 2.33824e+02 2.46390e+02 2.55318e+02
2.43885e+01 8.37931e+01 1.66747e+02 2.35788e+02 2.62436e+02 1.89547e+02 1.97066e+02 2.33048e+02 2.45797e+02 2.54939e+02
2.42915e+01 8.33570e+01 1.66070e+02 2.35277e+02 2.62348e+02 1.88616e+02 1.96189e+02 2.32311e+02 2.45234e+02 2.54580e+02
2.42003e+01 8.29521e+01 1.65440e+02 2.34797e+02 2.62266e+02 1.87730e+02 1.95354e+02 2.31611e+02 2.44698e+02 2.54240e+02
2.41146e+01 8.25757e+01 1.64854e+02 2.34345e+02 2.62188e+02 1.86887e+02 1.94558e+02 2.30945e+02 2.44190e+02 2.53917e+02
2.40337e+01 8.22253e+01 1.64307e+02 2.33919e+02 2.62115e+02 1.86085e+02 1.93801e+02 2.30312e+02 2.43707e+02 2.53611e+02
2.39575e+01 8.18988e+01 1.63798e+02 2.33519e+02 2.62047e+02 1.85320e+02 1.93080e+02 2.29710e+02 2.43248e+02 2.53320e+02
