2.70000e+02 2.70000e+02 2.70000e+02 2.70030e+02 2.68024e+02 2.71052e+02 2.71099e+02 2.71278e+02 2.71296e+02 2.71257e+02
2.70000e+02 2.70000e+02 2.70000e+02 2.70030e+02 2.68024e+02 2.71052e+02 2.71099e+02 2.71278e+02 2.71296e+02 2.71257e+02
5.00000e+01 1.50000e+02 2.50000e+02 2.69945e+02 2.68020e+02 2.70337e+02 2.70144e+02 2.71278e+02 2.71303e+02 2.71265e+02
3.99778e+01 1.50000e+02 2.46101e+02 2.69664e+02 2.67993e+02 2.67276e+02 2.66687e+02 2.71153e+02 2.71288e+02 2.71257e+02
3.70220e+01 1.50000e+02 2.41586e+02 2.69142e+02 2.67931e+02 2.62663e+02 2.62075e+02 2.70707e+02 2.71177e+02 2.71198e+02
3.49397e+01 1.41328e+02 2.36848e+02 2.68305e+02 2.67821e+02 2.57460e+02 2.57277e+02 2.69870e+02 2.70893e+02 2.71044e+02
3.34955e+01 1.34762e+02 2.31615e+02 2.67145e+02 2.67653e+02 2.52160e+02 2.52617e+02 2.68696e+02 2.70403e+02 2.70769e+02
3.24049e+01 1.28764e+02 2.26070e+02 2.65711e+02 2.67431e+02 2.47004e+02 2.48198e+02 2.67275e+02 2.69717e+02 2.70369e+02
3.15374e+01 1.23510e+02 2.20625e+02 2.64079e+02 2.67166e+02 2.42112e+02 2.44051e+02 2.65690e+02 2.68868e+02 2.69857e+02
3.08242e+01 1.18937e+02 2.15472e+02 2.62327e+02 2.66871e+02 2.37534e+02 2.40182e+02 2.64007e+02 2.67892e+02 2.69253e+02
3.02249e+01 1.14952e+02 2.10686e+02 2.60521e+02 2.66558e+02 2.33287e+02 2.36584e+02 2.62275e+02 2.66825e+02 2.68579e+02
2.97132e+01 1.11462e+02 2.06286e+02 2.58711e+02 2.66238e+02 2.29363e+02 2.33245e+02 2.60530e+02 2.65700e+02 2.67857e+02
2.92567e+01 1.08391e+02 2.02262e+02 2.56934e+02 2.65920e+02 2.25748e+02 2.30149e+02 2.58800e+02 2.64542e+02 2.67104e+02
2.87348e+01 1.05660e+02 1.98593e+02 2.55214e+02 2.65609e+02 2.22418e+02 2.27277e+02 2.57103e+02 2.63373e+02 2.66338e+02
2.82592e+01 1.03210e+02 1.95250e+02 2.53567e+02 2.65308e+02 2.19351e+02 2.24611e+02 2.55454e+02 2.62209e+02 2.65570e+02
2.78337e+01 1.01010e+02 1.92205e+02 2.52001e+02 2.65021e+02 2.16522e+02 2.22134e+02 2.53863e+02 2.61065e+02 2.64810e+02
2.74522e+01 9.90305e+01 1.89429e+02 2.50521e+02 2.64748e+02 2.13909e+02 2.19830e+02 2.52335e+02 2.59949e+02 2.64067e+02
2.71091e+01 9.72473e+01 1.86898e+02 2.49128e+02 2.64491e+02 2.11491e+02 2.17684e+02 2.50874e+02 2.58869e+02 2.63345e+02
2.67993e+01 9.56377e+01 1.84588e+02 2.47821e+02 2.64249e+02 2.09250e+02 2.15685e+02 2.49482e+02 2.57829e+02 2.62649e+02
2.65187e+01 9.41820e+01 1.82479e+02 2.46596e+02 2.64022e+02 2.07171e+02 2.13819e+02 2.48160e+02 2.56833e+02 2.61982e+02
2.62635e+01 9.28630e+01 1.80551e+02 2.45452e+02 2.63809e+02 2.05238e+02 2.12076e+02 2.46906e+02 2.55883e+02 2.61344e+02
2.60308e+01 9.16656e+01 1.78789e+02 2.44384e+02 2.63611e+02 2.03438e+02 2.10446e+02 2.45720e+02 2.54979e+02 2.60737e+02
2.58180e+01 9.05769e+01 1.77175e+02 2.43388e+02 2.63425e+02 2.01759e+02 2.08922e+02 2.44599e+02 2.54121e+02 2.60161e+02
2.56229e+01 8.95853e+01 1.75698e+02 2.42460e+02 2.63252e+02 2.00192e+02 2.07493e+02 2.43541e+02 2.53308e+02 2.59615e+02
2.54436e+01 8.86807e+01 1.74343e+02 2.41596e+02 2.63091e+02 1.98726e+02 2.06154e+02 2.42544e+02 2.52540e+02 2.59100e+02
2.52785e+01 8.78543e+01 1.73100e+02 2.40791e+02 2.62941e+02 1.97355e+02 2.04898e+02 2.41604e+02 2.51815e+02 2.58613e+02
2.51261e+01 8.70982e+01 1.71958e+02 2.40041e+02 2.62801e+02 1.96069e+02 2.03719e+02 2.40719e+02 2.51131e+02 2.58154e+02
2.49851e+01 8.64055e+01 1.70909e+02 2.39344e+02 2.62671e+02 1.94863e+02 2.02610e+02 2.39885e+02 2.50487e+02 2.57722e+02
2.48546e+01 8.57700e+01 1.69944e+02 2.38694e+02 2.62550e+02 1.93730e+02 2.01568e+02 2.39101e+02 2.49880e+02 2.57315e+02
2.47335e+01 8.51863e+01 1.69055e+02 2.38089e+02 2.62437e+02 1.92665e+02 2.00587e+02 2.38364e+02 2.49309e+02 2.56933e+02
2.46210e+01 8.46495e+01 1.68236e+02 2.37526e+02 2.62332e+02 1.91663e+02 1.99664e+02 2.37669e+02 2.48771e+02 2.56574e+02
2.45164e+01 8.41553e+01 1.67480e+02 2.37002e+02 2.62234e+02 1.90720e+02 1.98794e+02 2.37016e+02 2.48266e+02 2.56236e+02
2.44190e+01 8.36998e+01 1.66782e+02 2.36513e+02 2.62143e+02 1.89831e+02 1.97974e+02 2.36402e+02 2.47791e+02 2.55919e+02
2.43281e+01 8.32794e+01 1.66138e+02 2.36057e+02 2.62058e+02 1.88992e+02 1.97201e+02 2.35823e+02 2.47343e+02 2.55621e+02
2.42433e+01 8.28911e+01 1.65542e+02 2.35633e+02 2.61979e+02 1.88201e+02 1.96471e+02 2.35279e+02 2.46923e+02 2.55340e+02
2.41640e+01 8.25320e+01 1.64991e+02 2.35236e+02 2.61905e+02 1.87455e+02 1.95782e+02 2.34766e+02 2.46527e+02 2.55077e+02
2.40899e+01 8.21997e+01 1.64480e+02 2.34866e+02 2.61836e+02 1.86749e+02 1.95130e+02 2.34283e+02 2.46155e+02 2.54830e+02
2.40205e+01 8.18918e+01 1.64006e+02 2.34521e+02 2.61772e+02 1.86082e+02 1.94515e+02 2.33829e+02 2.45805e+02 2.54598e+02
