2.70000e+02 2.70000e+02 2.70000e+02 2.71004e+02 2.68199e+02 2.72486e+02 2.72502e+02 2.72483e+02 2.72338e+02 2.72018e+02
2.70000e+02 2.70000e+02 2.70000e+02 2.71004e+02 2.68199e+02 2.72486e+02 2.72502e+02 2.72483e+02 2.72338e+02 2.72018e+02
5.00000e+01 1.50000e+02 2.50000e+02 2.70798e+02 2.68184e+02 2.71592e+02 2.71460e+02 2.72413e+02 2.72273e+02 2.71932e+02
4.04705e+01 1.50000e+02 2.46301e+02 2.70424e+02 2.68140e+02 2.68154e+02 2.67797e+02 2.72206e+02 2.72175e+02 2.71858e+02
3.75750e+01 1.50000e+02 2.41870e+02 2.69815e+02 2.68062e+02 2.63194e+02 2.62933e+02 2.71660e+02 2.71982e+02 2.71745e+02
3.54159e+01 1.41593e+02 2.37155e+02 2.68888e+02 2.67935e+02 2.57717e+02 2.57890e+02 2.70711e+02 2.71615e+02 2.71545e+02
3.39088e+01 1.35074e+02 2.31929e+02 2.67631e+02 2.67751e+02 2.52196e+02 2.53005e+02 2.69421e+02 2.71042e+02 2.71230e+02
3.27699e+01 1.29081e+02 2.26373e+02 2.66097e+02 2.67512e+02 2.46858e+02 2.48383e+02 2.67887e+02 2.70275e+02 2.70794e+02
3.18639e+01 1.23809e+02 2.20899e+02 2.64366e+02 2.67228e+02 2.41808e+02 2.44053e+02 2.66196e+02 2.69347e+02 2.70250e+02
3.11192e+01 1.19209e+02 2.15705e+02 2.62518e+02 2.66915e+02 2.37091e+02 2.40017e+02 2.64413e+02 2.68298e+02 2.69617e+02
3.04935e+01 1.15191e+02 2.10869e+02 2.60621e+02 2.66584e+02 2.32714e+02 2.36267e+02 2.62589e+02 2.67164e+02 2.68917e+02
2.99593e+01 1.11667e+02 2.06414e+02 2.58725e+02 2.66248e+02 2.28670e+02 2.32787e+02 2.60760e+02 2.65976e+02 2.68171e+02
2.94975e+01 1.08560e+02 2.02333e+02 2.56868e+02 2.65914e+02 2.24940e+02 2.29559e+02 2.58952e+02 2.64760e+02 2.67397e+02
2.90211e+01 1.05806e+02 1.98606e+02 2.55075e+02 2.65588e+02 2.21501e+02 2.26566e+02 2.57184e+02 2.63538e+02 2.66611e+02
2.85305e+01 1.03333e+02 1.95207e+02 2.53359e+02 2.65275e+02 2.18331e+02 2.23788e+02 2.55470e+02 2.62326e+02 2.65825e+02
2.80885e+01 1.01106e+02 1.92109e+02 2.51731e+02 2.64975e+02 2.15403e+02 2.21207e+02 2.53819e+02 2.61138e+02 2.65050e+02
2.76916e+01 9.90981e+01 1.89282e+02 2.50193e+02 2.64691e+02 2.12695e+02 2.18805e+02 2.52236e+02 2.59982e+02 2.64293e+02
2.73341e+01 9.72862e+01 1.86703e+02 2.48748e+02 2.64423e+02 2.10188e+02 2.16568e+02 2.50725e+02 2.58865e+02 2.63558e+02
2.70111e+01 9.56484e+01 1.84347e+02 2.47393e+02 2.64172e+02 2.07862e+02 2.14483e+02 2.49287e+02 2.57791e+02 2.62851e+02
2.67182e+01 9.41656e+01 1.82195e+02 2.46125e+02 2.63936e+02 2.05702e+02 2.12537e+02 2.47922e+02 2.56764e+02 2.62173e+02
2.64519e+01 9.28208e+01 1.80227e+02 2.44941e+02 2.63715e+02 2.03693e+02 2.10720e+02 2.46628e+02 2.55785e+02 2.61526e+02
2.62088e+01 9.15990e+01 1.78426e+02 2.43836e+02 2.63509e+02 2.01821e+02 2.09021e+02 2.45406e+02 2.54854e+02 2.60910e+02
2.59865e+01 9.04873e+01 1.76777e+02 2.42806e+02 2.63317e+02 2.00074e+02 2.07431e+02 2.44251e+02 2.53972e+02 2.60326e+02
2.57825e+01 8.94741e+01 1.75267e+02 2.41847e+02 2.63138e+02 1.98443e+02 2.05941e+02 2.43162e+02 2.53137e+02 2.59773e+02
2.55951e+01 8.85494e+01 1.73881e+02 2.40954e+02 2.62971e+02 1.96918e+02 2.04545e+02 2.42136e+02 2.52348e+02 2.59251e+02
2.54223e+01 8.77041e+01 1.72610e+02 2.40123e+02 2.62816e+02 1.95490e+02 2.03236e+02 2.41169e+02 2.51604e+02 2.58758e+02
2.52629e+01 8.69304e+01 1.71442e+02 2.39350e+02 2.62671e+02 1.94152e+02 2.02007e+02 2.40259e+02 2.50902e+02 2.58294e+02
2.51154e+01 8.62213e+01 1.70368e+02 2.38630e+02 2.62536e+02 1.92896e+02 2.00852e+02 2.39403e+02 2.50242e+02 2.57857e+02
2.49788e+01 8.55705e+01 1.69379e+02 2.37960e+02 2.62411e+02 1.91717e+02 1.99766e+02 2.38598e+02 2.49620e+02 2.57446e+02
2.48521e+01 8.49725e+01 1.68469e+02 2.37337e+02 2.62295e+02 1.90609e+02 1.98745e+02 2.37841e+02 2.49035e+02 2.57060e+02
2.47344e+01 8.44225e+01 1.67630e+02 2.36756e+02 2.62186e+02 1.89567e+02 1.97784e+02 2.37128e+02 2.48484e+02 2.56697e+02
2.46249e+01 8.39159e+01 1.66857e+02 2.36216e+02 2.62085e+02 1.88587e+02 1.96879e+02 2.36459e+02 2.47967e+02 2.56356e+02
2.45229e+01 8.34488e+01 1.66142e+02 2.35712e+02 2.61991e+02 1.87663e+02 1.96026e+02 2.35829e+02 2.47481e+02 2.56035e+02
2.44278e+01 8.30177e+01 1.65482e+02 2.35243e+02 2.61903e+02 1.86792e+02 1.95221e+02 2.35236e+02 2.47024e+02 2.55735e+02
2.43391e+01 8.26194e+01 1.64871e+02 2.34806e+02 2.61821e+02 1.85971e+02 1.94463e+02 2.34678e+02 2.46594e+02 2.55452e+02
2.42562e+01 8.22511e+01 1.64306e+02 2.34398e+02 2.61745e+02 1.85196e+02 1.93747e+02 2.34154e+02 2.46190e+02 2.55187e+02
2.41786e+01 8.19101e+01 1.63783e+02 2.34017e+02 2.61674e+02 1.84464e+02 1.93071e+02 2.33660e+02 2.45810e+02 2.54938e+02
2.41060e+01 8.15942e+01 1.63298e+02 2.33662e+02 2.61608e+02 1.83773e+02 1.92432e+02 2.33195e+02 2.45452e+02 2.54704e+02
