2.70000000e+02
5.00000000e+01
4.03447220e+01
3.74626440e+01
3.53411410e+01
3.38636940e+01
3.27500070e+01
3.18668650e+01
3.11436250e+01
3.05381840e+01
3.00231810e+01
2.95796600e+01
2.91484190e+01
2.86832660e+01
2.82635780e+01
2.78872230e+01
2.75488800e+01
2.72435850e+01
2.69670570e+01
2.67156630e+01
2.64863280e+01
2.62764490e+01
2.60838090e+01
2.59065110e+01
2.57429290e+01
2.55916570e+01
2.54514750e+01
2.53213200e+01
2.52002620e+01
2.50874800e+01
2.49822500e+01
2.48839310e+01
2.47919510e+01
2.47057970e+01
2.46250110e+01
2.45491800e+01
2.44779320e+01
2.70000000e+02
1.50000000e+02
1.50000000e+02
1.50000000e+02
1.41539376e+02
1.35013906e+02
1.29028604e+02
1.23775212e+02
1.19201114e+02
1.15213284e+02
1.11722250e+02
1.08651694e+02
1.05936874e+02
1.03509048e+02
1.01325931e+02
9.93617470e+01
9.75925640e+01
9.59964950e+01
9.45540620e+01
9.32481190e+01
9.20636300e+01
9.09874120e+01
9.00079000e+01
8.91149260e+01
8.82995350e+01
8.75538250e+01
8.68708100e+01
8.62443000e+01
8.56688010e+01
8.51394280e+01
8.46518300e+01
8.42021230e+01
8.37868370e+01
8.34028650e+01
8.30474210e+01
8.27180040e+01
8.24123610e+01
2.70000000e+02
2.50000000e+02
2.46226199e+02
2.41762247e+02
2.37034996e+02
2.31804917e+02
2.26256844e+02
2.20803243e+02
2.15640128e+02
2.10844334e+02
2.06435219e+02
2.02404561e+02
1.98731357e+02
1.95388921e+02
1.92347927e+02
1.89579682e+02
1.87058060e+02
1.84759564e+02
1.82662990e+02
1.80749170e+02
1.79000765e+02
1.77402106e+02
1.75939044e+02
1.74598817e+02
1.73369918e+02
1.72241977e+02
1.71205655e+02
1.70252534e+02
1.69375034e+02
1.68566321e+02
1.67820235e+02
1.67131218e+02
1.66494257e+02
1.65904822e+02
1.65358821e+02
1.64852553e+02
1.64382667e+02
2.70602150e+02
2.70475414e+02
2.70157980e+02
2.69596374e+02
2.68713119e+02
2.67501661e+02
2.66016958e+02
2.64338229e+02
2.62544949e+02
2.60703887e+02
2.58865583e+02
2.57065728e+02
2.55328103e+02
2.53667548e+02
2.52092384e+02
2.50606292e+02
2.49209738e+02
2.47901069e+02
2.46677304e+02
2.45534659e+02
2.44468907e+02
2.43475612e+02
2.42550295e+02
2.41688538e+02
2.40886053e+02
2.40138736e+02
2.39442684e+02
2.38794218e+02
2.38189886e+02
2.37626462e+02
2.37100942e+02
2.36610535e+02
2.36152652e+02
2.35724898e+02
2.35325060e+02
2.34951093e+02
2.34601108e+02
2.68086755e+02
2.68079526e+02
2.68049319e+02
2.67985975e+02
2.67876910e+02
2.67714382e+02
2.67501411e+02
2.67248323e+02
2.66967951e+02
2.66672431e+02
2.66371699e+02
2.66073183e+02
2.65782081e+02
2.65501826e+02
2.65234518e+02
2.64981293e+02
2.64742602e+02
2.64518425e+02
2.64308436e+02
2.64112116e+02
2.63928830e+02
2.63757883e+02
2.63598552e+02
2.63450111e+02
2.63311847e+02
2.63183071e+02
2.63063124e+02
2.62951380e+02
2.62847250e+02
2.62750183e+02
2.62659663e+02
2.62575208e+02
2.62496375e+02
2.62422748e+02
2.62353947e+02
2.62289617e+02
2.62229431e+02
2.72731114e+02
2.71864325e+02
2.68565023e+02
2.63830690e+02
2.58633634e+02
2.53424959e+02
2.48413488e+02
2.43695097e+02
2.39306150e+02
2.35250743e+02
2.31515943e+02
2.28080504e+02
2.24919848e+02
2.22008403e+02
2.19320920e+02
2.16834439e+02
2.14528672e+02
2.12385728e+02
2.10389853e+02
2.08527194e+02
2.06785567e+02
2.05154254e+02
2.03623806e+02
2.02185872e+02
2.00833049e+02
1.99558752e+02
1.98357102e+02
1.97222827e+02
1.96151183e+02
1.95137884e+02
1.94179040e+02
1.93271109e+02
1.92410857e+02
1.91595316e+02
1.90821757e+02
1.90087664e+02
1.89390708e+02
2.72661050e+02
2.71579952e+02
2.67960277e+02
2.63283710e+02
2.58510827e+02
2.53933927e+02
2.49631938e+02
2.45621988e+02
2.41899321e+02
2.38449824e+02
2.35255238e+02
2.32295832e+02
2.29551896e+02
2.27004036e+02
2.24633567e+02
2.22424075e+02
2.20361268e+02
2.18432492e+02
2.16626470e+02
2.14933131e+02
2.13343469e+02
2.11849415e+02
2.10443724e+02
2.09119872e+02
2.07871969e+02
2.06694682e+02
2.05583164e+02
2.04532999e+02
2.03540154e+02
2.02600930e+02
2.01711931e+02
2.00870027e+02
2.00072329e+02
1.99316165e+02
1.98599058e+02
1.97918705e+02
1.97272968e+02
2.72279730e+02
2.72241668e+02
2.72067655e+02
2.71563926e+02
2.70675204e+02
2.69464472e+02
2.68022833e+02
2.66430479e+02
2.64749550e+02
2.63026400e+02
2.61295191e+02
2.59580912e+02
2.57901632e+02
2.56270152e+02
2.54695196e+02
2.53182318e+02
2.51734712e+02
2.50353833e+02
2.49039862e+02
2.47792029e+02
2.46608879e+02
2.45488461e+02
2.44428485e+02
2.43426443e+02
2.42479700e+02
2.41585564e+02
2.40741338e+02
2.39944361e+02
2.39192036e+02
2.38481849e+02
2.37811383e+02
2.37178329e+02
2.36580490e+02
2.36015778e+02
2.35482223e+02
2.34977963e+02
2.34501244e+02
2.72035771e+02
2.72010569e+02
2.71959089e+02
2.71825068e+02
2.71533299e+02
2.71047623e+02
2.70373483e+02
2.69538935e+02
2.68579351e+02
2.67529504e+02
2.66420318e+02
2.65277868e+02
2.64123386e+02
2.62973682e+02
2.61841709e+02
2.60737144e+02
2.59666956e+02
2.58635938e+02
2.57647166e+02
2.56702381e+02
2.55802297e+02
2.54946848e+02
2.54135382e+02
2.53366819e+02
2.52639779e+02
2.51952672e+02
2.51303776e+02
2.50691297e+02
2.50113411e+02
2.49568300e+02
2.49054174e+02
2.48569290e+02
2.48111968e+02
2.47680592e+02
2.47273625e+02
2.46889602e+02
2.46527140e+02
2.71765187e+02
2.71728339e+02
2.71688682e+02
2.71603008e+02
2.71425089e+02
2.71127821e+02
2.70707347e+02
2.70175833e+02
2.69553329e+02
2.68862104e+02
2.68123443e+02
2.67356112e+02
2.66575814e+02
2.65795208e+02
2.65024163e+02
2.64270131e+02
2.63538541e+02
2.62833173e+02
2.62156501e+02
2.61509977e+02
2.60894270e+02
2.60309447e+02
2.59755133e+02
2.59230623e+02
2.58734979e+02
2.58267104e+02
2.57825798e+02
2.57409803e+02
2.57017835e+02
2.56648610e+02
2.56300866e+02
2.55973369e+02
2.55664931e+02
2.55374412e+02
2.55100725e+02
2.54842837e+02
2.54599772e+02
