2.70000e+02 2.70000e+02 2.70000e+02 2.67811e+02 2.67626e+02 2.68508e+02 2.68587e+02 2.68925e+02 2.69181e+02 2.69578e+02
2.70000e+02 2.70000e+02 2.70000e+02 2.67811e+02 2.67626e+02 2.68508e+02 2.68587e+02 2.68925e+02 2.69181e+02 2.69578e+02
5.00000e+01 1.50000e+02 2.50000e+02 2.68080e+02 2.67655e+02 2.67880e+02 2.67718e+02 2.69076e+02 2.69364e+02 2.69836e+02
3.98561e+01 1.50000e+02 2.45404e+02 2.68023e+02 2.67674e+02 2.64932e+02 2.64297e+02 2.69096e+02 2.69534e+02 2.69997e+02
3.68630e+01 1.50000e+02 2.40895e+02 2.67684e+02 2.67649e+02 2.60472e+02 2.59738e+02 2.68766e+02 2.69572e+02 2.70073e+02
3.47889e+01 1.41105e+02 2.36065e+02 2.67004e+02 2.67568e+02 2.55470e+02 2.55045e+02 2.68031e+02 2.69407e+02 2.70033e+02
3.33579e+01 1.34413e+02 2.30758e+02 2.65979e+02 2.67425e+02 2.50408e+02 2.50540e+02 2.66960e+02 2.69018e+02 2.69854e+02
3.22814e+01 1.28342e+02 2.25168e+02 2.64663e+02 2.67224e+02 2.45515e+02 2.46311e+02 2.65652e+02 2.68424e+02 2.69538e+02
3.14281e+01 1.23052e+02 2.19706e+02 2.63134e+02 2.66976e+02 2.40895e+02 2.42376e+02 2.64190e+02 2.67663e+02 2.69098e+02
3.07292e+01 1.18466e+02 2.14554e+02 2.61474e+02 2.66694e+02 2.36593e+02 2.38732e+02 2.62637e+02 2.66772e+02 2.68557e+02
3.01439e+01 1.14481e+02 2.09781e+02 2.59750e+02 2.66393e+02 2.32616e+02 2.35363e+02 2.61041e+02 2.65790e+02 2.67938e+02
2.96458e+01 1.11001e+02 2.05401e+02 2.58016e+02 2.66084e+02 2.28954e+02 2.32250e+02 2.59434e+02 2.64748e+02 2.67265e+02
2.91887e+01 1.07945e+02 2.01402e+02 2.56308e+02 2.65776e+02 2.25588e+02 2.29374e+02 2.57841e+02 2.63671e+02 2.66556e+02
2.86781e+01 1.05231e+02 1.97762e+02 2.54653e+02 2.65473e+02 2.22495e+02 2.26712e+02 2.56280e+02 2.62581e+02 2.65829e+02
2.82183e+01 1.02803e+02 1.94452e+02 2.53066e+02 2.65180e+02 2.19649e+02 2.24246e+02 2.54762e+02 2.61495e+02 2.65097e+02
2.78082e+01 1.00626e+02 1.91440e+02 2.51557e+02 2.64901e+02 2.17025e+02 2.21956e+02 2.53297e+02 2.60424e+02 2.64371e+02
2.74415e+01 9.86722e+01 1.88699e+02 2.50131e+02 2.64635e+02 2.14602e+02 2.19827e+02 2.51890e+02 2.59379e+02 2.63658e+02
2.71125e+01 9.69156e+01 1.86203e+02 2.48789e+02 2.64384e+02 2.12360e+02 2.17844e+02 2.50544e+02 2.58367e+02 2.62965e+02
2.68160e+01 9.53328e+01 1.83928e+02 2.47530e+02 2.64148e+02 2.10280e+02 2.15993e+02 2.49260e+02 2.57391e+02 2.62295e+02
2.65478e+01 9.39039e+01 1.81855e+02 2.46352e+02 2.63927e+02 2.08348e+02 2.14265e+02 2.48039e+02 2.56456e+02 2.61651e+02
2.63043e+01 9.26113e+01 1.79963e+02 2.45252e+02 2.63721e+02 2.06549e+02 2.12647e+02 2.46881e+02 2.55562e+02 2.61035e+02
2.60825e+01 9.14398e+01 1.78235e+02 2.44226e+02 2.63528e+02 2.04870e+02 2.11133e+02 2.45783e+02 2.54711e+02 2.60449e+02
2.58798e+01 9.03762e+01 1.76656e+02 2.43270e+02 2.63347e+02 2.03302e+02 2.09712e+02 2.44745e+02 2.53903e+02 2.59891e+02
2.56940e+01 8.94089e+01 1.75212e+02 2.42379e+02 2.63180e+02 2.01834e+02 2.08378e+02 2.43764e+02 2.53137e+02 2.59363e+02
2.55233e+01 8.85278e+01 1.73890e+02 2.41550e+02 2.63023e+02 2.00457e+02 2.07124e+02 2.42837e+02 2.52412e+02 2.58862e+02
2.53661e+01 8.77239e+01 1.72679e+02 2.40778e+02 2.62878e+02 1.99165e+02 2.05944e+02 2.41963e+02 2.51726e+02 2.58390e+02
2.52210e+01 8.69893e+01 1.71568e+02 2.40060e+02 2.62742e+02 1.97951e+02 2.04833e+02 2.41138e+02 2.51079e+02 2.57944e+02
2.50868e+01 8.63171e+01 1.70548e+02 2.39392e+02 2.62616e+02 1.96807e+02 2.03786e+02 2.40360e+02 2.50469e+02 2.57524e+02
2.49623e+01 8.57011e+01 1.69611e+02 2.38770e+02 2.62499e+02 1.95730e+02 2.02798e+02 2.39626e+02 2.49893e+02 2.57128e+02
2.48468e+01 8.51358e+01 1.68749e+02 2.38192e+02 2.62390e+02 1.94714e+02 2.01865e+02 2.38935e+02 2.49350e+02 2.56755e+02
2.47394e+01 8.46165e+01 1.67955e+02 2.37653e+02 2.62288e+02 1.93755e+02 2.00985e+02 2.38283e+02 2.48839e+02 2.56404e+02
2.46393e+01 8.41387e+01 1.67224e+02 2.37150e+02 2.62193e+02 1.92849e+02 2.00152e+02 2.37668e+02 2.48357e+02 2.56074e+02
2.45460e+01 8.36985e+01 1.66549e+02 2.36683e+02 2.62105e+02 1.91993e+02 1.99364e+02 2.37089e+02 2.47903e+02 2.55764e+02
2.44589e+01 8.32926e+01 1.65926e+02 2.36246e+02 2.62023e+02 1.91182e+02 1.98619e+02 2.36542e+02 2.47475e+02 2.55471e+02
2.43774e+01 8.29179e+01 1.65351e+02 2.35839e+02 2.61946e+02 1.90414e+02 1.97913e+02 2.36026e+02 2.47072e+02 2.55196e+02
2.43011e+01 8.25714e+01 1.64818e+02 2.35459e+02 2.61874e+02 1.89687e+02 1.97245e+02 2.35540e+02 2.46693e+02 2.54938e+02
2.42296e+01 8.22509e+01 1.64325e+02 2.35105e+02 2.61808e+02 1.88998e+02 1.96611e+02 2.35080e+02 2.46335e+02 2.54694e+02
2.41626e+01 8.19539e+01 1.63868e+02 2.34773e+02 2.61745e+02 1.88344e+02 1.96010e+02 2.34647e+02 2.45997e+02 2.54465e+02
