2.70000e+02 2.70000e+02 2.70000e+02 2.69690e+02 2.67935e+02 2.72189e+02 2.72064e+02 2.71448e+02 2.71256e+02 2.71105e+02
2.70000e+02 2.70000e+02 2.70000e+02 2.69690e+02 2.67935e+02 2.72189e+02 2.72064e+02 2.71448e+02 2.71256e+02 2.71105e+02
5.00000e+01 1.50000e+02 2.50000e+02 2.69698e+02 2.67939e+02 2.71390e+02 2.71014e+02 2.71474e+02 2.71299e+02 2.71185e+02
4.00050e+01 1.50000e+02 2.46045e+02 2.69489e+02 2.67927e+02 2.68249e+02 2.67485e+02 2.71368e+02 2.71326e+02 2.71225e+02
3.70603e+01 1.50000e+02 2.41504e+02 2.69023e+02 2.67881e+02 2.63595e+02 2.62846e+02 2.70929e+02 2.71247e+02 2.71203e+02
3.49722e+01 1.41306e+02 2.36751e+02 2.68232e+02 2.67788e+02 2.58380e+02 2.58046e+02 2.70093e+02 2.70985e+02 2.71079e+02
3.35234e+01 1.34719e+02 2.31505e+02 2.67106e+02 2.67640e+02 2.53085e+02 2.53398e+02 2.68919e+02 2.70510e+02 2.70826e+02
3.24303e+01 1.28708e+02 2.25950e+02 2.65700e+02 2.67441e+02 2.47944e+02 2.48997e+02 2.67499e+02 2.69834e+02 2.70443e+02
3.15617e+01 1.23445e+02 2.20498e+02 2.64090e+02 2.67200e+02 2.43073e+02 2.44871e+02 2.65918e+02 2.68993e+02 2.69942e+02
3.08484e+01 1.18869e+02 2.15342e+02 2.62355e+02 2.66930e+02 2.38519e+02 2.41025e+02 2.64241e+02 2.68024e+02 2.69344e+02
3.02494e+01 1.14883e+02 2.10555e+02 2.60563e+02 2.66643e+02 2.34295e+02 2.37450e+02 2.62517e+02 2.66964e+02 2.68674e+02
2.97381e+01 1.11394e+02 2.06155e+02 2.58765e+02 2.66350e+02 2.30395e+02 2.34133e+02 2.60783e+02 2.65847e+02 2.67954e+02
2.92927e+01 1.08326e+02 2.02132e+02 2.56998e+02 2.66057e+02 2.26802e+02 2.31057e+02 2.59066e+02 2.64698e+02 2.67202e+02
2.87759e+01 1.05602e+02 1.98466e+02 2.55287e+02 2.65771e+02 2.23494e+02 2.28204e+02 2.57386e+02 2.63541e+02 2.66437e+02
2.83017e+01 1.03159e+02 1.95127e+02 2.53647e+02 2.65494e+02 2.20446e+02 2.25558e+02 2.55756e+02 2.62391e+02 2.65672e+02
2.78772e+01 1.00964e+02 1.92087e+02 2.52089e+02 2.65230e+02 2.17634e+02 2.23099e+02 2.54186e+02 2.61263e+02 2.64916e+02
2.74966e+01 9.89912e+01 1.89316e+02 2.50617e+02 2.64979e+02 2.15038e+02 2.20812e+02 2.52681e+02 2.60167e+02 2.64179e+02
2.71544e+01 9.72140e+01 1.86791e+02 2.49232e+02 2.64742e+02 2.12636e+02 2.18684e+02 2.51246e+02 2.59108e+02 2.63464e+02
2.68454e+01 9.56103e+01 1.84487e+02 2.47933e+02 2.64519e+02 2.10410e+02 2.16702e+02 2.49882e+02 2.58092e+02 2.62777e+02
2.65656e+01 9.41602e+01 1.82384e+02 2.46718e+02 2.64311e+02 2.08346e+02 2.14854e+02 2.48589e+02 2.57121e+02 2.62120e+02
2.63113e+01 9.28467e+01 1.80463e+02 2.45583e+02 2.64115e+02 2.06427e+02 2.13128e+02 2.47367e+02 2.56198e+02 2.61495e+02
2.60795e+01 9.16547e+01 1.78707e+02 2.44525e+02 2.63933e+02 2.04641e+02 2.11517e+02 2.46213e+02 2.55323e+02 2.60901e+02
2.58676e+01 9.05712e+01 1.77101e+02 2.43540e+02 2.63763e+02 2.02977e+02 2.10010e+02 2.45125e+02 2.54495e+02 2.60339e+02
2.56734e+01 8.95848e+01 1.75631e+02 2.42624e+02 2.63605e+02 2.01424e+02 2.08600e+02 2.44101e+02 2.53713e+02 2.59809e+02
2.54951e+01 8.86853e+01 1.74284e+02 2.41771e+02 2.63458e+02 1.99974e+02 2.07280e+02 2.43138e+02 2.52976e+02 2.59310e+02
2.53309e+01 8.78639e+01 1.73048e+02 2.40979e+02 2.63321e+02 1.98617e+02 2.06043e+02 2.42233e+02 2.52283e+02 2.58840e+02
2.51795e+01 8.71129e+01 1.71915e+02 2.40242e+02 2.63194e+02 1.97347e+02 2.04883e+02 2.41383e+02 2.51631e+02 2.58399e+02
2.50397e+01 8.64252e+01 1.70874e+02 2.39558e+02 2.63076e+02 1.96156e+02 2.03794e+02 2.40585e+02 2.51018e+02 2.57985e+02
2.49103e+01 8.57948e+01 1.69917e+02 2.38922e+02 2.62966e+02 1.95039e+02 2.02772e+02 2.39836e+02 2.50443e+02 2.57597e+02
2.47904e+01 8.52161e+01 1.69037e+02 2.38331e+02 2.62864e+02 1.93990e+02 2.01811e+02 2.39133e+02 2.49904e+02 2.57233e+02
2.46791e+01 8.46844e+01 1.68227e+02 2.37782e+02 2.62769e+02 1.93004e+02 2.00907e+02 2.38472e+02 2.49397e+02 2.56892e+02
2.45757e+01 8.41953e+01 1.67481e+02 2.37272e+02 2.62680e+02 1.92077e+02 2.00057e+02 2.37853e+02 2.48923e+02 2.56572e+02
2.44795e+01 8.37449e+01 1.66792e+02 2.36797e+02 2.62598e+02 1.91204e+02 1.99257e+02 2.37271e+02 2.48477e+02 2.56273e+02
2.43899e+01 8.33298e+01 1.66157e+02 2.36355e+02 2.62522e+02 1.90382e+02 1.98503e+02 2.36725e+02 2.48060e+02 2.55993e+02
2.43064e+01 8.29467e+01 1.65571e+02 2.35945e+02 2.62451e+02 1.89608e+02 1.97793e+02 2.36212e+02 2.47668e+02 2.55730e+02
2.42285e+01 8.25929e+01 1.65029e+02 2.35562e+02 2.62385e+02 1.88878e+02 1.97123e+02 2.35731e+02 2.47300e+02 2.55484e+02
2.41557e+01 8.22658e+01 1.64528e+02 2.35206e+02 2.62324e+02 1.88188e+02 1.96491e+02 2.35278e+02 2.46956e+02 2.55254e+02
2.40876e+01 8.19632e+01 1.64064e+02 2.34874e+02 2.62266e+02 1.87537e+02 1.95894e+02 2.34852e+02 2.46632e+02 2.55038e+02
