2.70000000e+02
5.00000000e+01
4.02239990e+01
3.72984080e+01
3.51799910e+01
3.37065730e+01
3.25939260e+01
3.17092320e+01
3.09825780e+01
3.03724660e+01
2.98519960e+01
2.94025700e+01
2.89195910e+01
2.84408760e+01
2.80110610e+01
2.76257190e+01
2.72793000e+01
2.69668170e+01
2.66840010e+01
2.64272270e+01
2.61934250e+01
2.59799770e+01
2.57846450e+01
2.56055040e+01
2.54408890e+01
2.52893510e+01
2.51496230e+01
2.50205930e+01
2.49012780e+01
2.47908090e+01
2.46884100e+01
2.45933890e+01
2.45051260e+01
2.44230620e+01
2.43466950e+01
2.42755680e+01
2.42092700e+01
2.70000000e+02
1.50000000e+02
1.50000000e+02
1.50000000e+02
1.41372501e+02
1.34785252e+02
1.28763806e+02
1.23487805e+02
1.18897763e+02
1.14897503e+02
1.11395915e+02
1.08315777e+02
1.05587628e+02
1.03141888e+02
1.00943299e+02
9.89654770e+01
9.71838730e+01
9.55763750e+01
9.41234680e+01
9.28080520e+01
9.16151690e+01
9.05317240e+01
8.95462280e+01
8.86485770e+01
8.78298630e+01
8.70822130e+01
8.63986480e+01
8.57729690e+01
8.51996580e+01
8.46737920e+01
8.41909690e+01
8.37472460e+01
8.33390840e+01
8.29633040e+01
8.26170430e+01
8.22977170e+01
8.20029970e+01
2.70000000e+02
2.50000000e+02
2.46132861e+02
2.41627047e+02
2.36880569e+02
2.31630395e+02
2.26065338e+02
2.20600482e+02
2.15429993e+02
2.10629185e+02
2.06216337e+02
2.02182514e+02
1.98506262e+02
1.95160287e+02
1.92114948e+02
1.89341916e+02
1.86815539e+02
1.84512702e+02
1.82412515e+02
1.80496066e+02
1.78746237e+02
1.77147541e+02
1.75685974e+02
1.74348882e+02
1.73124832e+02
1.72003495e+02
1.70975542e+02
1.70032539e+02
1.69166865e+02
1.68371629e+02
1.67640592e+02
1.66968112e+02
1.66349073e+02
1.65778843e+02
1.65253217e+02
1.64768383e+02
1.64320875e+02
2.70149618e+02
2.70076352e+02
2.69799897e+02
2.69275975e+02
2.68430575e+02
2.67256084e+02
2.65805390e+02
2.64156502e+02
2.62388716e+02
2.60569252e+02
2.58749413e+02
2.56965767e+02
2.55242966e+02
2.53596639e+02
2.52035780e+02
2.50564609e+02
2.49184033e+02
2.47892750e+02
2.46688029e+02
2.45566252e+02
2.44523276e+02
2.43554683e+02
2.42655957e+02
2.41822599e+02
2.41050211e+02
2.40334552e+02
2.39671573e+02
2.39057437e+02
2.38488529e+02
2.37961463e+02
2.37473076e+02
2.37020423e+02
2.36600772e+02
2.36211589e+02
2.35850532e+02
2.35515435e+02
2.35204302e+02
2.68035944e+02
2.68033040e+02
2.68009264e+02
2.67950199e+02
2.67842808e+02
2.67678888e+02
2.67461107e+02
2.67199910e+02
2.66908671e+02
2.66600271e+02
2.66285395e+02
2.65972130e+02
2.65666206e+02
2.65371465e+02
2.65090307e+02
2.64824078e+02
2.64573368e+02
2.64338244e+02
2.64118425e+02
2.63913408e+02
2.63722547e+02
2.63545119e+02
2.63380358e+02
2.63227486e+02
2.63085732e+02
2.62954343e+02
2.62832596e+02
2.62719800e+02
2.62615301e+02
2.62518486e+02
2.62428779e+02
2.62345641e+02
2.62268573e+02
2.62197112e+02
2.62130827e+02
2.62069320e+02
2.62012224e+02
2.71705272e+02
2.70796169e+02
2.67308542e+02
2.62313151e+02
2.56826910e+02
2.51323086e+02
2.46022012e+02
2.41025792e+02
2.36374479e+02
2.32074507e+02
2.28114458e+02
2.24474034e+02
2.21129090e+02
2.18053761e+02
2.15222546e+02
2.12612230e+02
2.10201993e+02
2.07973191e+02
2.05909164e+02
2.03995042e+02
2.02217560e+02
2.00564873e+02
1.99026394e+02
1.97592642e+02
1.96255106e+02
1.95006126e+02
1.93838794e+02
1.92746861e+02
1.91724659e+02
1.90767035e+02
1.89869293e+02
1.89027144e+02
1.88236661e+02
1.87494242e+02
1.86796578e+02
1.86140622e+02
1.85523566e+02
2.71704637e+02
2.70678061e+02
2.67062373e+02
2.62280867e+02
2.57331375e+02
2.52542263e+02
2.48013572e+02
2.43774963e+02
2.39829798e+02
2.36169426e+02
2.32779230e+02
2.29641802e+02
2.26738707e+02
2.24050765e+02
2.21559399e+02
2.19248041e+02
2.17101830e+02
2.15107282e+02
2.13252134e+02
2.11525230e+02
2.09916424e+02
2.08416490e+02
2.07017026e+02
2.05710377e+02
2.04489558e+02
2.03348191e+02
2.02280435e+02
2.01280945e+02
2.00344814e+02
1.99467537e+02
1.98644969e+02
1.97873294e+02
1.97148994e+02
1.96468826e+02
1.95829790e+02
1.95229114e+02
1.94664235e+02
2.71661545e+02
2.71656723e+02
2.71521715e+02
2.71056270e+02
2.70194029e+02
2.68994197e+02
2.67551010e+02
2.65949883e+02
2.64257803e+02
2.62524974e+02
2.60788432e+02
2.59075210e+02
2.57404732e+02
2.55790587e+02
2.54241804e+02
2.52763898e+02
2.51359776e+02
2.50030422e+02
2.48775415e+02
2.47593300e+02
2.46481892e+02
2.45438494e+02
2.44460083e+02
2.43543441e+02
2.42685259e+02
2.41882217e+02
2.41131039e+02
2.40428531e+02
2.39771617e+02
2.39157351e+02
2.38582931e+02
2.38045706e+02
2.37543178e+02
2.37072999e+02
2.36632968e+02
2.36221029e+02
2.35835259e+02
2.71592833e+02
2.71596299e+02
2.71573102e+02
2.71445394e+02
2.71134228e+02
2.70611067e+02
2.69891360e+02
2.69010958e+02
2.68010315e+02
2.66927279e+02
2.65794518e+02
2.64638976e+02
2.63482147e+02
2.62340680e+02
2.61227051e+02
2.60150246e+02
2.59116419e+02
2.58129485e+02
2.57191627e+02
2.56303706e+02
2.55465583e+02
2.54676387e+02
2.53934716e+02
2.53238802e+02
2.52586635e+02
2.51976062e+02
2.51404857e+02
2.50870780e+02
2.50371615e+02
2.49905200e+02
2.49469448e+02
2.49062361e+02
2.48682037e+02
2.48326677e+02
2.47994584e+02
2.47684166e+02
2.47393930e+02
2.71446575e+02
2.71446518e+02
2.71434199e+02
2.71371622e+02
2.71213175e+02
2.70932633e+02
2.70527409e+02
2.70011190e+02
2.69405531e+02
2.68733993e+02
2.68018830e+02
2.67279434e+02
2.66531829e+02
2.65788723e+02
2.65059829e+02
2.64352293e+02
2.63671131e+02
2.63019659e+02
2.62399860e+02
2.61812692e+02
2.61258344e+02
2.60736434e+02
2.60246162e+02
2.59786440e+02
2.59355987e+02
2.58953396e+02
2.58577198e+02
2.58225898e+02
2.57898010e+02
2.57592078e+02
2.57306691e+02
2.57040496e+02
2.56792204e+02
2.56560593e+02
2.56344512e+02
2.56142879e+02
2.55954681e+02
