2.70000e+02 2.70000e+02 2.70000e+02 2.71992e+02 2.68318e+02 2.76987e+02 2.76602e+02 2.74655e+02 2.73815e+02 2.73093e+02
2.70000e+02 2.70000e+02 2.70000e+02 2.71992e+02 2.68318e+02 2.76987e+02 2.76602e+02 2.74655e+02 2.73815e+02 2.73093e+02
5.00000e+01 1.50000e+02 2.50000e+02 2.71760e+02 2.68302e+02 2.75902e+02 2.75381e+02 2.74512e+02 2.73689e+02 2.72901e+02
4.01059e+01 1.50000e+02 2.46532e+02 2.71364e+02 2.68258e+02 2.72351e+02 2.71697e+02 2.74230e+02 2.73516e+02 2.72760e+02
3.71977e+01 1.50000e+02 2.42236e+02 2.70741e+02 2.68183e+02 2.67350e+02 2.66889e+02 2.73621e+02 2.73274e+02 2.72594e+02
3.51112e+01 1.41570e+02 2.37613e+02 2.69812e+02 2.68065e+02 2.61865e+02 2.61903e+02 2.72623e+02 2.72884e+02 2.72349e+02
3.36595e+01 1.35147e+02 2.32473e+02 2.68568e+02 2.67895e+02 2.56354e+02 2.57065e+02 2.71298e+02 2.72311e+02 2.71991e+02
3.25618e+01 1.29242e+02 2.26990e+02 2.67057e+02 2.67677e+02 2.51032e+02 2.52475e+02 2.69741e+02 2.71557e+02 2.71514e+02
3.16875e+01 1.24043e+02 2.21578e+02 2.65356e+02 2.67419e+02 2.46001e+02 2.48168e+02 2.68034e+02 2.70653e+02 2.70931e+02
3.09678e+01 1.19503e+02 2.16439e+02 2.63540e+02 2.67135e+02 2.41299e+02 2.44147e+02 2.66244e+02 2.69632e+02 2.70260e+02
3.03622e+01 1.15536e+02 2.11654e+02 2.61675e+02 2.66835e+02 2.36937e+02 2.40406e+02 2.64419e+02 2.68529e+02 2.69524e+02
2.98443e+01 1.12054e+02 2.07244e+02 2.59811e+02 2.66530e+02 2.32904e+02 2.36931e+02 2.62595e+02 2.67376e+02 2.68745e+02
2.93959e+01 1.08984e+02 2.03204e+02 2.57984e+02 2.66227e+02 2.29182e+02 2.33705e+02 2.60797e+02 2.66199e+02 2.67943e+02
2.88986e+01 1.06257e+02 1.99514e+02 2.56218e+02 2.65931e+02 2.25748e+02 2.30711e+02 2.59045e+02 2.65018e+02 2.67133e+02
2.84175e+01 1.03805e+02 1.96147e+02 2.54528e+02 2.65645e+02 2.22580e+02 2.27930e+02 2.57351e+02 2.63850e+02 2.66328e+02
2.79852e+01 1.01598e+02 1.93077e+02 2.52924e+02 2.65373e+02 2.19652e+02 2.25345e+02 2.55725e+02 2.62708e+02 2.65538e+02
2.75968e+01 9.96077e+01 1.90274e+02 2.51409e+02 2.65114e+02 2.16943e+02 2.22940e+02 2.54171e+02 2.61600e+02 2.64770e+02
2.72468e+01 9.78115e+01 1.87716e+02 2.49985e+02 2.64871e+02 2.14433e+02 2.20701e+02 2.52692e+02 2.60534e+02 2.64030e+02
2.69304e+01 9.61874e+01 1.85378e+02 2.48651e+02 2.64642e+02 2.12104e+02 2.18613e+02 2.51290e+02 2.59514e+02 2.63320e+02
2.66433e+01 9.47164e+01 1.83242e+02 2.47403e+02 2.64427e+02 2.09941e+02 2.16666e+02 2.49963e+02 2.58542e+02 2.62644e+02
2.63820e+01 9.33817e+01 1.81289e+02 2.46238e+02 2.64227e+02 2.07928e+02 2.14848e+02 2.48710e+02 2.57619e+02 2.62001e+02
2.61436e+01 9.21687e+01 1.79501e+02 2.45153e+02 2.64040e+02 2.06053e+02 2.13149e+02 2.47530e+02 2.56746e+02 2.61393e+02
2.59253e+01 9.10646e+01 1.77864e+02 2.44143e+02 2.63865e+02 2.04304e+02 2.11561e+02 2.46420e+02 2.55921e+02 2.60819e+02
2.57251e+01 9.00580e+01 1.76364e+02 2.43203e+02 2.63703e+02 2.02671e+02 2.10075e+02 2.45376e+02 2.55144e+02 2.60279e+02
2.55409e+01 8.91390e+01 1.74989e+02 2.42329e+02 2.63552e+02 2.01145e+02 2.08683e+02 2.44395e+02 2.54412e+02 2.59771e+02
2.53713e+01 8.82989e+01 1.73726e+02 2.41518e+02 2.63412e+02 1.99717e+02 2.07379e+02 2.43475e+02 2.53725e+02 2.59294e+02
2.52148e+01 8.75300e+01 1.72567e+02 2.40763e+02 2.63282e+02 1.98379e+02 2.06156e+02 2.42611e+02 2.53080e+02 2.58846e+02
2.50701e+01 8.68253e+01 1.71502e+02 2.40063e+02 2.63161e+02 1.97125e+02 2.05008e+02 2.41801e+02 2.52475e+02 2.58427e+02
2.49361e+01 8.61787e+01 1.70523e+02 2.39412e+02 2.63048e+02 1.95949e+02 2.03930e+02 2.41041e+02 2.51908e+02 2.58034e+02
2.48118e+01 8.55848e+01 1.69622e+02 2.38808e+02 2.62944e+02 1.94844e+02 2.02918e+02 2.40329e+02 2.51377e+02 2.57667e+02
2.46965e+01 8.50387e+01 1.68792e+02 2.38247e+02 2.62847e+02 1.93805e+02 2.01966e+02 2.39660e+02 2.50879e+02 2.57323e+02
2.45893e+01 8.45360e+01 1.68027e+02 2.37725e+02 2.62757e+02 1.92829e+02 2.01071e+02 2.39034e+02 2.50412e+02 2.57001e+02
2.44895e+01 8.40728e+01 1.67321e+02 2.37240e+02 2.62673e+02 1.91910e+02 2.00228e+02 2.38446e+02 2.49975e+02 2.56700e+02
2.43966e+01 8.36457e+01 1.66670e+02 2.36789e+02 2.62595e+02 1.91044e+02 1.99434e+02 2.37895e+02 2.49566e+02 2.56419e+02
2.43099e+01 8.32514e+01 1.66069e+02 2.36370e+02 2.62522e+02 1.90229e+02 1.98687e+02 2.37377e+02 2.49182e+02 2.56155e+02
2.42290e+01 8.28872e+01 1.65513e+02 2.35980e+02 2.62455e+02 1.89460e+02 1.97982e+02 2.36892e+02 2.48823e+02 2.55909e+02
2.41534e+01 8.25503e+01 1.64999e+02 2.35617e+02 2.62392e+02 1.88734e+02 1.97317e+02 2.36435e+02 2.48486e+02 2.55678e+02
2.40828e+01 8.22386e+01 1.64523e+02 2.35279e+02 2.62334e+02 1.88049e+02 1.96689e+02 2.36007e+02 2.48170e+02 2.55462e+02
