2.70000e+02 2.70000e+02 2.70000e+02 2.69212e+02 2.67880e+02 2.72867e+02 2.72594e+02 2.71164e+02 2.70842e+02 2.70796e+02
2.70000e+02 2.70000e+02 2.70000e+02 2.69212e+02 2.67880e+02 2.72867e+02 2.72594e+02 2.71164e+02 2.70842e+02 2.70796e+02
5.00000e+01 1.50000e+02 2.50000e+02 2.69315e+02 2.67893e+02 2.72060e+02 2.71500e+02 2.71230e+02 2.70924e+02 2.70944e+02
4.02803e+01 1.50000e+02 2.45958e+02 2.69172e+02 2.67893e+02 2.68893e+02 2.67824e+02 2.71152e+02 2.71007e+02 2.71031e+02
3.73845e+01 1.50000e+02 2.41381e+02 2.68760e+02 2.67853e+02 2.64198e+02 2.63005e+02 2.70713e+02 2.70986e+02 2.71045e+02
3.52543e+01 1.41439e+02 2.36616e+02 2.68009e+02 2.67759e+02 2.58934e+02 2.58038e+02 2.69855e+02 2.70780e+02 2.70949e+02
3.37665e+01 1.34857e+02 2.31368e+02 2.66913e+02 2.67603e+02 2.53576e+02 2.53240e+02 2.68643e+02 2.70353e+02 2.70718e+02
3.26424e+01 1.28828e+02 2.25812e+02 2.65526e+02 2.67389e+02 2.48362e+02 2.48705e+02 2.67170e+02 2.69711e+02 2.70352e+02
3.17490e+01 1.23542e+02 2.20355e+02 2.63927e+02 2.67127e+02 2.43406e+02 2.44457e+02 2.65517e+02 2.68883e+02 2.69863e+02
3.10158e+01 1.18941e+02 2.15189e+02 2.62196e+02 2.66833e+02 2.38759e+02 2.40496e+02 2.63748e+02 2.67905e+02 2.69272e+02
3.04006e+01 1.14929e+02 2.10387e+02 2.60401e+02 2.66519e+02 2.34438e+02 2.36811e+02 2.61912e+02 2.66814e+02 2.68602e+02
2.98759e+01 1.11416e+02 2.05968e+02 2.58594e+02 2.66197e+02 2.30437e+02 2.33385e+02 2.60046e+02 2.65642e+02 2.67875e+02
2.94229e+01 1.08325e+02 2.01924e+02 2.56812e+02 2.65875e+02 2.26740e+02 2.30200e+02 2.58177e+02 2.64418e+02 2.67110e+02
2.89360e+01 1.05587e+02 1.98234e+02 2.55080e+02 2.65559e+02 2.23326e+02 2.27237e+02 2.56326e+02 2.63165e+02 2.66324e+02
2.84530e+01 1.03130e+02 1.94871e+02 2.53414e+02 2.65252e+02 2.20170e+02 2.24477e+02 2.54509e+02 2.61903e+02 2.65530e+02
2.80188e+01 1.00920e+02 1.91805e+02 2.51823e+02 2.64958e+02 2.17249e+02 2.21902e+02 2.52739e+02 2.60647e+02 2.64739e+02
2.76288e+01 9.89307e+01 1.89008e+02 2.50313e+02 2.64677e+02 2.14540e+02 2.19494e+02 2.51022e+02 2.59409e+02 2.63958e+02
2.72773e+01 9.71366e+01 1.86454e+02 2.48885e+02 2.64411e+02 2.12022e+02 2.17240e+02 2.49364e+02 2.58198e+02 2.63194e+02
2.69594e+01 9.55156e+01 1.84121e+02 2.47538e+02 2.64159e+02 2.09679e+02 2.15128e+02 2.47769e+02 2.57020e+02 2.62452e+02
2.66705e+01 9.40480e+01 1.81987e+02 2.46270e+02 2.63922e+02 2.07493e+02 2.13145e+02 2.46239e+02 2.55881e+02 2.61735e+02
2.64072e+01 9.27165e+01 1.80033e+02 2.45079e+02 2.63699e+02 2.05450e+02 2.11281e+02 2.44775e+02 2.54782e+02 2.61044e+02
2.61663e+01 9.15061e+01 1.78242e+02 2.43960e+02 2.63489e+02 2.03537e+02 2.09527e+02 2.43376e+02 2.53728e+02 2.60382e+02
2.59451e+01 9.04035e+01 1.76599e+02 2.42911e+02 2.63292e+02 2.01743e+02 2.07875e+02 2.42042e+02 2.52717e+02 2.59748e+02
2.57415e+01 8.93971e+01 1.75090e+02 2.41927e+02 2.63108e+02 2.00058e+02 2.06317e+02 2.40771e+02 2.51751e+02 2.59143e+02
2.55535e+01 8.84770e+01 1.73702e+02 2.41004e+02 2.62934e+02 1.98472e+02 2.04847e+02 2.39562e+02 2.50830e+02 2.58567e+02
2.53796e+01 8.76341e+01 1.72424e+02 2.40139e+02 2.62772e+02 1.96979e+02 2.03458e+02 2.38413e+02 2.49952e+02 2.58019e+02
2.52182e+01 8.68606e+01 1.71246e+02 2.39329e+02 2.62620e+02 1.95571e+02 2.02144e+02 2.37321e+02 2.49117e+02 2.57498e+02
2.50682e+01 8.61496e+01 1.70159e+02 2.38569e+02 2.62477e+02 1.94241e+02 2.00902e+02 2.36284e+02 2.48323e+02 2.57004e+02
2.49285e+01 8.54950e+01 1.69155e+02 2.37856e+02 2.62343e+02 1.92984e+02 1.99725e+02 2.35300e+02 2.47569e+02 2.56536e+02
2.47982e+01 8.48914e+01 1.68226e+02 2.37188e+02 2.62217e+02 1.91794e+02 1.98610e+02 2.34366e+02 2.46853e+02 2.56092e+02
2.46763e+01 8.43338e+01 1.67365e+02 2.36561e+02 2.62100e+02 1.90668e+02 1.97553e+02 2.33480e+02 2.46174e+02 2.55671e+02
2.45623e+01 8.38182e+01 1.66568e+02 2.35973e+02 2.61989e+02 1.89601e+02 1.96551e+02 2.32639e+02 2.45529e+02 2.55273e+02
2.44554e+01 8.33405e+01 1.65828e+02 2.35421e+02 2.61885e+02 1.88588e+02 1.95599e+02 2.31841e+02 2.44918e+02 2.54896e+02
2.43551e+01 8.28975e+01 1.65140e+02 2.34902e+02 2.61788e+02 1.87628e+02 1.94696e+02 2.31085e+02 2.44339e+02 2.54539e+02
2.42609e+01 8.24861e+01 1.64500e+02 2.34415e+02 2.61696e+02 1.86715e+02 1.93837e+02 2.30367e+02 2.43790e+02 2.54201e+02
2.41722e+01 8.21036e+01 1.63904e+02 2.33956e+02 2.61610e+02 1.85848e+02 1.93021e+02 2.29686e+02 2.43269e+02 2.53882e+02
2.40887e+01 8.17474e+01 1.63349e+02 2.33525e+02 2.61529e+02 1.85024e+02 1.92245e+02 2.29040e+02 2.42775e+02 2.53579e+02
2.40101e+01 8.14154e+01 1.62831e+02 2.33119e+02 2.61453e+02 1.84240e+02 1.91507e+02 2.28426e+02 2.42307e+02 2.53292e+02
