2.70000e+02 2.70000e+02 2.70000e+02 2.70192e+02 2.68058e+02 2.71729e+02 2.71725e+02 2.71641e+02 2.71556e+02 2.71402e+02
2.70000e+02 2.70000e+02 2.70000e+02 2.70192e+02 2.68058e+02 2.71729e+02 2.71725e+02 2.71641e+02 2.71556e+02 2.71402e+02
5.00000e+01 1.50000e+02 2.50000e+02 2.70101e+02 2.68053e+02 2.70838e+02 2.70714e+02 2.71632e+02 2.71559e+02 2.71417e+02
4.01399e+01 1.50000e+02 2.46137e+02 2.69820e+02 2.68026e+02 2.67432e+02 2.67164e+02 2.71493e+02 2.71534e+02 2.71411e+02
3.72016e+01 1.50000e+02 2.41631e+02 2.69299e+02 2.67963e+02 2.62571e+02 2.62479e+02 2.71024e+02 2.71399e+02 2.71353e+02
3.50885e+01 1.41383e+02 2.36884e+02 2.68459e+02 2.67850e+02 2.57242e+02 2.57641e+02 2.70161e+02 2.71077e+02 2.71199e+02
3.36203e+01 1.34806e+02 2.31631e+02 2.67291e+02 2.67679e+02 2.51898e+02 2.52967e+02 2.68966e+02 2.70543e+02 2.70926e+02
3.25129e+01 1.28789e+02 2.26059e+02 2.65844e+02 2.67453e+02 2.46750e+02 2.48551e+02 2.67533e+02 2.69814e+02 2.70529e+02
3.16334e+01 1.23512e+02 2.20581e+02 2.64196e+02 2.67181e+02 2.41896e+02 2.44421e+02 2.65945e+02 2.68926e+02 2.70022e+02
3.09114e+01 1.18918e+02 2.15393e+02 2.62426e+02 2.66879e+02 2.37375e+02 2.40578e+02 2.64267e+02 2.67918e+02 2.69426e+02
3.03054e+01 1.14912e+02 2.10571e+02 2.60603e+02 2.66559e+02 2.33192e+02 2.37011e+02 2.62546e+02 2.66826e+02 2.68761e+02
2.97885e+01 1.11404e+02 2.06136e+02 2.58777e+02 2.66232e+02 2.29337e+02 2.33706e+02 2.60819e+02 2.65681e+02 2.68051e+02
2.93420e+01 1.08317e+02 2.02079e+02 2.56985e+02 2.65908e+02 2.25789e+02 2.30644e+02 2.59110e+02 2.64510e+02 2.67312e+02
2.88324e+01 1.05577e+02 1.98379e+02 2.55253e+02 2.65590e+02 2.22525e+02 2.27806e+02 2.57438e+02 2.63334e+02 2.66561e+02
2.83547e+01 1.03118e+02 1.95008e+02 2.53596e+02 2.65284e+02 2.19519e+02 2.25174e+02 2.55815e+02 2.62167e+02 2.65810e+02
2.79267e+01 1.00909e+02 1.91939e+02 2.52022e+02 2.64992e+02 2.16746e+02 2.22728e+02 2.54252e+02 2.61023e+02 2.65068e+02
2.75431e+01 9.89206e+01 1.89141e+02 2.50536e+02 2.64715e+02 2.14184e+02 2.20452e+02 2.52753e+02 2.59911e+02 2.64344e+02
2.71981e+01 9.71293e+01 1.86591e+02 2.49139e+02 2.64454e+02 2.11812e+02 2.18332e+02 2.51321e+02 2.58837e+02 2.63643e+02
2.68868e+01 9.55125e+01 1.84264e+02 2.47830e+02 2.64208e+02 2.09612e+02 2.16355e+02 2.49959e+02 2.57805e+02 2.62967e+02
2.66049e+01 9.40505e+01 1.82141e+02 2.46606e+02 2.63978e+02 2.07568e+02 2.14509e+02 2.48665e+02 2.56819e+02 2.62320e+02
2.63486e+01 9.27260e+01 1.80201e+02 2.45463e+02 2.63764e+02 2.05665e+02 2.12782e+02 2.47439e+02 2.55879e+02 2.61703e+02
2.61150e+01 9.15240e+01 1.78429e+02 2.44398e+02 2.63563e+02 2.03891e+02 2.11166e+02 2.46279e+02 2.54986e+02 2.61116e+02
2.59015e+01 9.04314e+01 1.76807e+02 2.43406e+02 2.63376e+02 2.02234e+02 2.09652e+02 2.45184e+02 2.54139e+02 2.60560e+02
2.57057e+01 8.94367e+01 1.75323e+02 2.42482e+02 2.63202e+02 2.00684e+02 2.08232e+02 2.44150e+02 2.53338e+02 2.60034e+02
2.55257e+01 8.85296e+01 1.73963e+02 2.41623e+02 2.63040e+02 1.99232e+02 2.06899e+02 2.43176e+02 2.52582e+02 2.59537e+02
2.53600e+01 8.77013e+01 1.72716e+02 2.40823e+02 2.62889e+02 1.97871e+02 2.05646e+02 2.42258e+02 2.51868e+02 2.59069e+02
2.52070e+01 8.69439e+01 1.71572e+02 2.40080e+02 2.62749e+02 1.96592e+02 2.04468e+02 2.41393e+02 2.51196e+02 2.58628e+02
2.50655e+01 8.62503e+01 1.70521e+02 2.39389e+02 2.62618e+02 1.95390e+02 2.03360e+02 2.40579e+02 2.50562e+02 2.58213e+02
2.49345e+01 8.56143e+01 1.69555e+02 2.38746e+02 2.62497e+02 1.94260e+02 2.02315e+02 2.39813e+02 2.49966e+02 2.57822e+02
2.48129e+01 8.50304e+01 1.68667e+02 2.38147e+02 2.62384e+02 1.93195e+02 2.01331e+02 2.39091e+02 2.49405e+02 2.57456e+02
2.46998e+01 8.44938e+01 1.67848e+02 2.37591e+02 2.62279e+02 1.92191e+02 2.00403e+02 2.38413e+02 2.48877e+02 2.57111e+02
2.45947e+01 8.39999e+01 1.67094e+02 2.37073e+02 2.62181e+02 1.91244e+02 1.99528e+02 2.37774e+02 2.48381e+02 2.56788e+02
2.44966e+01 8.35449e+01 1.66398e+02 2.36590e+02 2.62090e+02 1.90351e+02 1.98701e+02 2.37172e+02 2.47914e+02 2.56484e+02
2.44052e+01 8.31253e+01 1.65756e+02 2.36141e+02 2.62005e+02 1.89506e+02 1.97920e+02 2.36606e+02 2.47475e+02 2.56198e+02
2.43198e+01 8.27378e+01 1.65162e+02 2.35722e+02 2.61926e+02 1.88709e+02 1.97183e+02 2.36072e+02 2.47062e+02 2.55930e+02
2.42399e+01 8.23796e+01 1.64613e+02 2.35332e+02 2.61853e+02 1.87954e+02 1.96485e+02 2.35570e+02 2.46673e+02 2.55678e+02
2.41652e+01 8.20482e+01 1.64105e+02 2.34967e+02 2.61784e+02 1.87240e+02 1.95825e+02 2.35096e+02 2.46308e+02 2.55442e+02
2.40952e+01 8.17414e+01 1.63634e+02 2.34627e+02 2.61720e+02 1.86565e+02 1.95200e+02 2.34650e+02 2.45963e+02 2.55220e+02
