2.70000e+02 2.70000e+02 2.70000e+02 2.69660e+02 2.67930e+02 2.70219e+02 2.70268e+02 2.70465e+02 2.70695e+02 2.71002e+02
2.70000e+02 2.70000e+02 2.70000e+02 2.69660e+02 2.67930e+02 2.70219e+02 2.70268e+02 2.70465e+02 2.70695e+02 2.71002e+02
5.00000e+01 1.50000e+02 2.50000e+02 2.69597e+02 2.67928e+02 2.69404e+02 2.69346e+02 2.70512e+02 2.70734e+02 2.71030e+02
3.99551e+01 1.50000e+02 2.46018e+02 2.69338e+02 2.67907e+02 2.66131e+02 2.65946e+02 2.70434e+02 2.70763e+02 2.71041e+02
3.70012e+01 1.50000e+02 2.41454e+02 2.68837e+02 2.67854e+02 2.61404e+02 2.61410e+02 2.70032e+02 2.70701e+02 2.71002e+02
3.49164e+01 1.41306e+02 2.36685e+02 2.68020e+02 2.67755e+02 2.56185e+02 2.56692e+02 2.69235e+02 2.70472e+02 2.70869e+02
3.34689e+01 1.34723e+02 2.31428e+02 2.66880e+02 2.67604e+02 2.50928e+02 2.52110e+02 2.68093e+02 2.70038e+02 2.70620e+02
3.23761e+01 1.28716e+02 2.25869e+02 2.65468e+02 2.67403e+02 2.45846e+02 2.47763e+02 2.66692e+02 2.69403e+02 2.70252e+02
3.15073e+01 1.23458e+02 2.20417e+02 2.63859e+02 2.67162e+02 2.41042e+02 2.43682e+02 2.65111e+02 2.68593e+02 2.69777e+02
3.07939e+01 1.18885e+02 2.15265e+02 2.62131e+02 2.66892e+02 2.36556e+02 2.39871e+02 2.63414e+02 2.67645e+02 2.69215e+02
3.01949e+01 1.14901e+02 2.10483e+02 2.60348e+02 2.66607e+02 2.32397e+02 2.36322e+02 2.61652e+02 2.66594e+02 2.68587e+02
2.96838e+01 1.11415e+02 2.06089e+02 2.58560e+02 2.66315e+02 2.28557e+02 2.33022e+02 2.59863e+02 2.65473e+02 2.67915e+02
2.92181e+01 1.08349e+02 2.02074e+02 2.56803e+02 2.66024e+02 2.25015e+02 2.29954e+02 2.58076e+02 2.64310e+02 2.67216e+02
2.86936e+01 1.05621e+02 1.98413e+02 2.55101e+02 2.65739e+02 2.21750e+02 2.27100e+02 2.56311e+02 2.63128e+02 2.66504e+02
2.82187e+01 1.03175e+02 1.95080e+02 2.53469e+02 2.65464e+02 2.18735e+02 2.24443e+02 2.54584e+02 2.61944e+02 2.65793e+02
2.77941e+01 1.00980e+02 1.92045e+02 2.51916e+02 2.65201e+02 2.15948e+02 2.21965e+02 2.52907e+02 2.60773e+02 2.65090e+02
2.74136e+01 9.90056e+01 1.89278e+02 2.50446e+02 2.64950e+02 2.13365e+02 2.19651e+02 2.51287e+02 2.59626e+02 2.64403e+02
2.70711e+01 9.72278e+01 1.86755e+02 2.49061e+02 2.64714e+02 2.10968e+02 2.17487e+02 2.49728e+02 2.58510e+02 2.63736e+02
2.67618e+01 9.56234e+01 1.84453e+02 2.47759e+02 2.64491e+02 2.08738e+02 2.15460e+02 2.48234e+02 2.57430e+02 2.63094e+02
2.64812e+01 9.41725e+01 1.82350e+02 2.46538e+02 2.64281e+02 2.06660e+02 2.13561e+02 2.46806e+02 2.56391e+02 2.62478e+02
2.62257e+01 9.28578e+01 1.80428e+02 2.45394e+02 2.64085e+02 2.04719e+02 2.11778e+02 2.45443e+02 2.55394e+02 2.61889e+02
2.59924e+01 9.16643e+01 1.78670e+02 2.44325e+02 2.63901e+02 2.02905e+02 2.10103e+02 2.44145e+02 2.54441e+02 2.61327e+02
2.57787e+01 9.05786e+01 1.77061e+02 2.43326e+02 2.63729e+02 2.01204e+02 2.08527e+02 2.42910e+02 2.53531e+02 2.60794e+02
2.55822e+01 8.95893e+01 1.75585e+02 2.42392e+02 2.63568e+02 1.99609e+02 2.07044e+02 2.41737e+02 2.52664e+02 2.60287e+02
2.54012e+01 8.86863e+01 1.74232e+02 2.41520e+02 2.63418e+02 1.98109e+02 2.05645e+02 2.40623e+02 2.51839e+02 2.59808e+02
2.52340e+01 8.78607e+01 1.72988e+02 2.40706e+02 2.63278e+02 1.96698e+02 2.04326e+02 2.39566e+02 2.51055e+02 2.59353e+02
2.50793e+01 8.71045e+01 1.71845e+02 2.39946e+02 2.63147e+02 1.95369e+02 2.03080e+02 2.38563e+02 2.50311e+02 2.58924e+02
2.49358e+01 8.64110e+01 1.70793e+02 2.39235e+02 2.63025e+02 1.94115e+02 2.01903e+02 2.37612e+02 2.49605e+02 2.58518e+02
2.48024e+01 8.57739e+01 1.69824e+02 2.38572e+02 2.62910e+02 1.92932e+02 2.00790e+02 2.36709e+02 2.48936e+02 2.58134e+02
2.46782e+01 8.51878e+01 1.68929e+02 2.37951e+02 2.62803e+02 1.91813e+02 1.99737e+02 2.35854e+02 2.48301e+02 2.57772e+02
2.45624e+01 8.46478e+01 1.68104e+02 2.37371e+02 2.62704e+02 1.90755e+02 1.98740e+02 2.35042e+02 2.47698e+02 2.57429e+02
2.44542e+01 8.41496e+01 1.67340e+02 2.36828e+02 2.62610e+02 1.89753e+02 1.97795e+02 2.34273e+02 2.47127e+02 2.57106e+02
2.43530e+01 8.36894e+01 1.66634e+02 2.36319e+02 2.62522e+02 1.88805e+02 1.96899e+02 2.33543e+02 2.46586e+02 2.56800e+02
2.42583e+01 8.32637e+01 1.65979e+02 2.35843e+02 2.62441e+02 1.87905e+02 1.96049e+02 2.32850e+02 2.46073e+02 2.56512e+02
2.41695e+01 8.28694e+01 1.65372e+02 2.35396e+02 2.62364e+02 1.87052e+02 1.95243e+02 2.32192e+02 2.45586e+02 2.56239e+02
2.40861e+01 8.25037e+01 1.64808e+02 2.34977e+02 2.62292e+02 1.86242e+02 1.94477e+02 2.31568e+02 2.45124e+02 2.55980e+02
2.40077e+01 8.21641e+01 1.64284e+02 2.34584e+02 2.62224e+02 1.85473e+02 1.93750e+02 2.30975e+02 2.44685e+02 2.55736e+02
2.39340e+01 8.18485e+01 1.63797e+02 2.34215e+02 2.62161e+02 1.84742e+02 1.93058e+02 2.30411e+02 2.44269e+02 2.55505e+02
