2.70000000e+02
5.00000000e+01
4.04305110e+01
3.75481820e+01
3.54023190e+01
3.39047980e+01
3.27754080e+01
3.18800800e+01
3.11473200e+01
3.05343270e+01
3.00132270e+01
2.95647040e+01
2.91293520e+01
2.86595840e+01
2.82358210e+01
2.78559380e+01
2.75145590e+01
2.72066610e+01
2.69279090e+01
2.66746250e+01
2.64436940e+01
2.62324760e+01
2.60387220e+01
2.58605090e+01
2.56961830e+01
2.55443180e+01
2.54036750e+01
2.52731720e+01
2.51518630e+01
2.50389160e+01
2.49335950e+01
2.48352470e+01
2.47432920e+01
2.46572080e+01
2.45765310e+01
2.45008420e+01
2.44297610e+01
2.70000000e+02
1.50000000e+02
1.50000000e+02
1.50000000e+02
1.41493188e+02
1.34910665e+02
1.28875511e+02
1.23580426e+02
1.18969897e+02
1.14949388e+02
1.11428548e+02
1.08330530e+02
1.05590288e+02
1.03138782e+02
1.00933505e+02
9.89486840e+01
9.71603810e+01
9.55466790e+01
9.40880510e+01
9.27672890e+01
9.15692830e+01
9.04807760e+01
8.94901180e+01
8.85870590e+01
8.77625630e+01
8.70086510e+01
8.63182580e+01
8.56851240e+01
8.51036880e+01
8.45690030e+01
8.40766590e+01
8.36227200e+01
8.32036670e+01
8.28163480e+01
8.24579380e+01
8.21258950e+01
8.18179370e+01
2.70000000e+02
2.50000000e+02
2.46069532e+02
2.41513298e+02
2.36723091e+02
2.31431334e+02
2.25825155e+02
2.20316791e+02
2.15100127e+02
2.10251610e+02
2.05790951e+02
2.01710471e+02
1.97989663e+02
1.94602217e+02
1.91519024e+02
1.88711479e+02
1.86153456e+02
1.83821392e+02
1.81693974e+02
1.79751895e+02
1.77977659e+02
1.76355432e+02
1.74870902e+02
1.73511143e+02
1.72264492e+02
1.71120433e+02
1.70069486e+02
1.69103106e+02
1.68213593e+02
1.67394003e+02
1.66638074e+02
1.65940157e+02
1.65295153e+02
1.64698455e+02
1.64145901e+02
1.63633724e+02
1.63158516e+02
2.69958888e+02
2.69841034e+02
2.69539781e+02
2.68991881e+02
2.68115778e+02
2.66903375e+02
2.65410554e+02
2.63718589e+02
2.61909001e+02
2.60050173e+02
2.58193781e+02
2.56376244e+02
2.54621771e+02
2.52945423e+02
2.51355611e+02
2.49856017e+02
2.48447061e+02
2.47127022e+02
2.45892836e+02
2.44740640e+02
2.43666129e+02
2.42664802e+02
2.41732116e+02
2.40863598e+02
2.40054912e+02
2.39301909e+02
2.38600649e+02
2.37947416e+02
2.37338726e+02
2.36771323e+02
2.36242176e+02
2.35748469e+02
2.35287589e+02
2.34857120e+02
2.34454827e+02
2.34078645e+02
2.33726668e+02
2.67992430e+02
2.67985271e+02
2.67955552e+02
2.67891446e+02
2.67778940e+02
2.67609885e+02
2.67387825e+02
2.67123947e+02
2.66831902e+02
2.66524449e+02
2.66211939e+02
2.65902056e+02
2.65600143e+02
2.65309702e+02
2.65032859e+02
2.64770746e+02
2.64523789e+02
2.64291936e+02
2.64074826e+02
2.63871900e+02
2.63682488e+02
2.63505860e+02
2.63341260e+02
2.63187931e+02
2.63045133e+02
2.62912150e+02
2.62788297e+02
2.62672929e+02
2.62565434e+02
2.62465242e+02
2.62371820e+02
2.62284670e+02
2.62203333e+02
2.62127380e+02
2.62056416e+02
2.61990076e+02
2.61928023e+02
2.69639315e+02
2.68998805e+02
2.66072554e+02
2.61631081e+02
2.56617347e+02
2.51508329e+02
2.46539432e+02
2.41827077e+02
2.37422352e+02
2.33339426e+02
2.29572001e+02
2.26103045e+02
2.22910531e+02
2.19970379e+02
2.17258085e+02
2.14750865e+02
2.12428306e+02
2.10272241e+02
2.08266568e+02
2.06397060e+02
2.04651161e+02
2.03017798e+02
2.01487192e+02
2.00050696e+02
1.98700642e+02
1.97430213e+02
1.96233325e+02
1.95104531e+02
1.94038934e+02
1.93032118e+02
1.92080083e+02
1.91179192e+02
1.90326130e+02
1.89517862e+02
1.88751600e+02
1.88024781e+02
1.87335034e+02
2.69835477e+02
2.68885372e+02
2.65327311e+02
2.60648420e+02
2.55854654e+02
2.51256170e+02
2.46936358e+02
2.42913078e+02
2.39181433e+02
2.35726987e+02
2.32531114e+02
2.29573706e+02
2.26834671e+02
2.24294217e+02
2.21933238e+02
2.19734937e+02
2.17684696e+02
2.15769578e+02
2.13978052e+02
2.12299826e+02
2.10725700e+02
2.09247439e+02
2.07857656e+02
2.06549708e+02
2.05317606e+02
2.04155936e+02
2.03059786e+02
2.02024688e+02
2.01046565e+02
2.00121689e+02
1.99246638e+02
1.98418265e+02
1.97633670e+02
1.96890172e+02
1.96185289e+02
1.95516718e+02
1.94882319e+02
2.70766049e+02
2.70763970e+02
2.70621176e+02
2.70129906e+02
2.69235824e+02
2.68011002e+02
2.66553931e+02
2.64948599e+02
2.63258498e+02
2.61530080e+02
2.59797076e+02
2.58083869e+02
2.56407917e+02
2.54781474e+02
2.53212791e+02
2.51707033e+02
2.50267079e+02
2.48894148e+02
2.47588243e+02
2.46348468e+02
2.45173273e+02
2.44060643e+02
2.43008247e+02
2.42013551e+02
2.41073904e+02
2.40186608e+02
2.39348966e+02
2.38558323e+02
2.37812087e+02
2.37107753e+02
2.36442916e+02
2.35815274e+02
2.35222640e+02
2.34662937e+02
2.34134202e+02
2.33634580e+02
2.33162325e+02
2.71016534e+02
2.71019991e+02
2.70994734e+02
2.70864252e+02
2.70549741e+02
2.70022515e+02
2.69297554e+02
2.68409824e+02
2.67398594e+02
2.66300460e+02
2.65146959e+02
2.63964160e+02
2.62772999e+02
2.61589883e+02
2.60427345e+02
2.59294667e+02
2.58198471e+02
2.57143260e+02
2.56131874e+02
2.55165869e+02
2.54245810e+02
2.53371510e+02
2.52542222e+02
2.51756791e+02
2.51013770e+02
2.50311514e+02
2.49648257e+02
2.49022161e+02
2.48431367e+02
2.47874020e+02
2.47348299e+02
2.46852431e+02
2.46384706e+02
2.45943481e+02
2.45527189e+02
2.45134342e+02
2.44763528e+02
2.71138765e+02
2.71130463e+02
2.71110995e+02
2.71039352e+02
2.70866785e+02
2.70565360e+02
2.70132166e+02
2.69581103e+02
2.68933995e+02
2.68214618e+02
2.67445441e+02
2.66646129e+02
2.65833065e+02
2.65019423e+02
2.64215458e+02
2.63428917e+02
2.62665447e+02
2.61928994e+02
2.61222154e+02
2.60546470e+02
2.59902668e+02
2.59290859e+02
2.58710688e+02
2.58161458e+02
2.57642228e+02
2.57151887e+02
2.56689215e+02
2.56252924e+02
2.55841699e+02
2.55454221e+02
2.55089189e+02
2.54745331e+02
2.54421417e+02
2.54116266e+02
2.53828749e+02
2.53557794e+02
2.53302384e+02
