2.70000e+02 2.70000e+02 2.70000e+02 2.70461e+02 2.68064e+02 2.70528e+02 2.70699e+02 2.71437e+02 2.71574e+02 2.71555e+02
2.70000e+02 2.70000e+02 2.70000e+02 2.70461e+02 2.68064e+02 2.70528e+02 2.70699e+02 2.71437e+02 2.71574e+02 2.71555e+02
5.00000e+01 1.50000e+02 2.50000e+02 2.70294e+02 2.68053e+02 2.69688e+02 2.69763e+02 2.71405e+02 2.71545e+02 2.71491e+02
4.01707e+01 1.50000e+02 2.46180e+02 2.69952e+02 2.68018e+02 2.66307e+02 2.66278e+02 2.71245e+02 2.71486e+02 2.71436e+02
3.72428e+01 1.50000e+02 2.41701e+02 2.69374e+02 2.67951e+02 2.61425e+02 2.61603e+02 2.70761e+02 2.71347e+02 2.71340e+02
3.51286e+01 1.41496e+02 2.36981e+02 2.68478e+02 2.67840e+02 2.56045e+02 2.56736e+02 2.69885e+02 2.71053e+02 2.71152e+02
3.36573e+01 1.34986e+02 2.31763e+02 2.67256e+02 2.67675e+02 2.50639e+02 2.52020e+02 2.68672e+02 2.70565e+02 2.70846e+02
3.25455e+01 1.29009e+02 2.26221e+02 2.65759e+02 2.67460e+02 2.45427e+02 2.47558e+02 2.67219e+02 2.69890e+02 2.70418e+02
3.16610e+01 1.23753e+02 2.20762e+02 2.64068e+02 2.67205e+02 2.40512e+02 2.43384e+02 2.65608e+02 2.69055e+02 2.69880e+02
3.09343e+01 1.19169e+02 2.15583e+02 2.62261e+02 2.66922e+02 2.35933e+02 2.39498e+02 2.63906e+02 2.68097e+02 2.69253e+02
3.03239e+01 1.15164e+02 2.10763e+02 2.60404e+02 2.66624e+02 2.31698e+02 2.35891e+02 2.62163e+02 2.67051e+02 2.68559e+02
2.98030e+01 1.11652e+02 2.06324e+02 2.58550e+02 2.66320e+02 2.27793e+02 2.32549e+02 2.60413e+02 2.65947e+02 2.67820e+02
2.93532e+01 1.08558e+02 2.02260e+02 2.56734e+02 2.66018e+02 2.24200e+02 2.29452e+02 2.58683e+02 2.64812e+02 2.67054e+02
2.88397e+01 1.05809e+02 1.98551e+02 2.54981e+02 2.65724e+02 2.20893e+02 2.26582e+02 2.56992e+02 2.63668e+02 2.66277e+02
2.83586e+01 1.03342e+02 1.95170e+02 2.53305e+02 2.65441e+02 2.17848e+02 2.23920e+02 2.55352e+02 2.62530e+02 2.65502e+02
2.79278e+01 1.01123e+02 1.92090e+02 2.51715e+02 2.65171e+02 2.15039e+02 2.21446e+02 2.53773e+02 2.61413e+02 2.64738e+02
2.75417e+01 9.91257e+01 1.89283e+02 2.50215e+02 2.64915e+02 2.12443e+02 2.19145e+02 2.52260e+02 2.60325e+02 2.63993e+02
2.71945e+01 9.73260e+01 1.86723e+02 2.48806e+02 2.64674e+02 2.10040e+02 2.17002e+02 2.50815e+02 2.59273e+02 2.63271e+02
2.68813e+01 9.57013e+01 1.84388e+02 2.47485e+02 2.64447e+02 2.07811e+02 2.15003e+02 2.49441e+02 2.58262e+02 2.62577e+02
2.65975e+01 9.42321e+01 1.82256e+02 2.46251e+02 2.64235e+02 2.05741e+02 2.13138e+02 2.48137e+02 2.57295e+02 2.61913e+02
2.63397e+01 9.29011e+01 1.80309e+02 2.45099e+02 2.64037e+02 2.03815e+02 2.11395e+02 2.46902e+02 2.56373e+02 2.61281e+02
2.61047e+01 9.16932e+01 1.78530e+02 2.44026e+02 2.63852e+02 2.02020e+02 2.09764e+02 2.45735e+02 2.55497e+02 2.60679e+02
2.58898e+01 9.05954e+01 1.76903e+02 2.43026e+02 2.63679e+02 2.00344e+02 2.08236e+02 2.44633e+02 2.54667e+02 2.60110e+02
2.56929e+01 8.95958e+01 1.75413e+02 2.42096e+02 2.63519e+02 1.98778e+02 2.06805e+02 2.43594e+02 2.53882e+02 2.59571e+02
2.55119e+01 8.86845e+01 1.74049e+02 2.41230e+02 2.63370e+02 1.97313e+02 2.05462e+02 2.42615e+02 2.53140e+02 2.59063e+02
2.53452e+01 8.78524e+01 1.72797e+02 2.40426e+02 2.63231e+02 1.95939e+02 2.04202e+02 2.41693e+02 2.52441e+02 2.58585e+02
2.51913e+01 8.70915e+01 1.71649e+02 2.39677e+02 2.63101e+02 1.94651e+02 2.03017e+02 2.40825e+02 2.51782e+02 2.58134e+02
2.50491e+01 8.63947e+01 1.70595e+02 2.38982e+02 2.62981e+02 1.93441e+02 2.01903e+02 2.40008e+02 2.51162e+02 2.57710e+02
2.49174e+01 8.57560e+01 1.69626e+02 2.38335e+02 2.62869e+02 1.92303e+02 2.00855e+02 2.39240e+02 2.50578e+02 2.57312e+02
2.47952e+01 8.51696e+01 1.68734e+02 2.37733e+02 2.62765e+02 1.91233e+02 1.99868e+02 2.38518e+02 2.50029e+02 2.56938e+02
2.46816e+01 8.46307e+01 1.67913e+02 2.37173e+02 2.62669e+02 1.90226e+02 1.98938e+02 2.37838e+02 2.49514e+02 2.56586e+02
2.45760e+01 8.41347e+01 1.67157e+02 2.36652e+02 2.62579e+02 1.89276e+02 1.98061e+02 2.37199e+02 2.49029e+02 2.56257e+02
2.44776e+01 8.36779e+01 1.66459e+02 2.36167e+02 2.62495e+02 1.88380e+02 1.97234e+02 2.36598e+02 2.48573e+02 2.55947e+02
2.43859e+01 8.32565e+01 1.65815e+02 2.35715e+02 2.62417e+02 1.87535e+02 1.96454e+02 2.36032e+02 2.48144e+02 2.55656e+02
2.43002e+01 8.28676e+01 1.65219e+02 2.35294e+02 2.62344e+02 1.86737e+02 1.95717e+02 2.35500e+02 2.47742e+02 2.55383e+02
2.42201e+01 8.25081e+01 1.64669e+02 2.34902e+02 2.62276e+02 1.85984e+02 1.95021e+02 2.34998e+02 2.47363e+02 2.55127e+02
2.41452e+01 8.21755e+01 1.64159e+02 2.34536e+02 2.62213e+02 1.85271e+02 1.94363e+02 2.34526e+02 2.47007e+02 2.54887e+02
2.40751e+01 8.18675e+01 1.63687e+02 2.34194e+02 2.62154e+02 1.84597e+02 1.93740e+02 2.34082e+02 2.46673e+02 2.54661e+02
