2.70000e+02 2.70000e+02 2.70000e+02 2.70415e+02 2.68137e+02 2.72827e+02 2.72719e+02 2.72217e+02 2.71980e+02 2.71690e+02
2.70000e+02 2.70000e+02 2.70000e+02 2.70415e+02 2.68137e+02 2.72827e+02 2.72719e+02 2.72217e+02 2.71980e+02 2.71690e+02
5.00000e+01 1.50000e+02 2.50000e+02 2.70335e+02 2.68132e+02 2.72053e+02 2.71607e+02 2.72178e+02 2.71959e+02 2.71696e+02
4.02470e+01 1.50000e+02 2.46195e+02 2.70056e+02 2.68105e+02 2.68981e+02 2.67916e+02 2.72011e+02 2.71916e+02 2.71681e+02
3.73528e+01 1.50000e+02 2.41731e+02 2.69531e+02 2.68038e+02 2.64359e+02 2.63092e+02 2.71517e+02 2.71776e+02 2.71614e+02
3.52244e+01 1.41511e+02 2.37020e+02 2.68684e+02 2.67917e+02 2.59111e+02 2.58112e+02 2.70633e+02 2.71460e+02 2.71451e+02
3.37341e+01 1.34992e+02 2.31810e+02 2.67505e+02 2.67733e+02 2.53721e+02 2.53289e+02 2.69417e+02 2.70936e+02 2.71164e+02
3.26056e+01 1.29006e+02 2.26276e+02 2.66043e+02 2.67488e+02 2.48438e+02 2.48720e+02 2.67959e+02 2.70216e+02 2.70749e+02
3.17074e+01 1.23742e+02 2.20826e+02 2.64377e+02 2.67194e+02 2.43393e+02 2.44434e+02 2.66341e+02 2.69333e+02 2.70215e+02
3.09695e+01 1.19152e+02 2.15656e+02 2.62584e+02 2.66865e+02 2.38651e+02 2.40438e+02 2.64626e+02 2.68323e+02 2.69584e+02
3.03499e+01 1.15144e+02 2.10843e+02 2.60733e+02 2.66517e+02 2.34235e+02 2.36722e+02 2.62864e+02 2.67224e+02 2.68877e+02
2.98213e+01 1.11629e+02 2.06408e+02 2.58875e+02 2.66160e+02 2.30146e+02 2.33275e+02 2.61090e+02 2.66067e+02 2.68118e+02
2.93648e+01 1.08531e+02 2.02344e+02 2.57048e+02 2.65803e+02 2.26371e+02 2.30080e+02 2.59331e+02 2.64878e+02 2.67325e+02
2.88521e+01 1.05780e+02 1.98631e+02 2.55277e+02 2.65455e+02 2.22893e+02 2.27117e+02 2.57608e+02 2.63678e+02 2.66515e+02
2.83641e+01 1.03309e+02 1.95243e+02 2.53579e+02 2.65117e+02 2.19687e+02 2.24369e+02 2.55934e+02 2.62486e+02 2.65703e+02
2.79266e+01 1.01084e+02 1.92152e+02 2.51962e+02 2.64795e+02 2.16731e+02 2.21817e+02 2.54318e+02 2.61314e+02 2.64899e+02
2.75343e+01 9.90802e+01 1.89329e+02 2.50433e+02 2.64488e+02 2.14000e+02 2.19445e+02 2.52768e+02 2.60172e+02 2.64111e+02
2.71814e+01 9.72718e+01 1.86752e+02 2.48991e+02 2.64198e+02 2.11476e+02 2.17237e+02 2.51287e+02 2.59068e+02 2.63346e+02
2.68627e+01 9.56372e+01 1.84396e+02 2.47638e+02 2.63925e+02 2.09137e+02 2.15180e+02 2.49877e+02 2.58006e+02 2.62607e+02
2.65739e+01 9.41569e+01 1.82242e+02 2.46370e+02 2.63669e+02 2.06969e+02 2.13262e+02 2.48537e+02 2.56989e+02 2.61899e+02
2.63113e+01 9.28140e+01 1.80271e+02 2.45183e+02 2.63429e+02 2.04954e+02 2.11472e+02 2.47268e+02 2.56019e+02 2.61222e+02
2.60717e+01 9.15935e+01 1.78466e+02 2.44076e+02 2.63204e+02 2.03080e+02 2.09800e+02 2.46068e+02 2.55097e+02 2.60578e+02
2.58527e+01 9.04825e+01 1.76813e+02 2.43042e+02 2.62994e+02 2.01334e+02 2.08236e+02 2.44935e+02 2.54223e+02 2.59966e+02
2.56518e+01 8.94695e+01 1.75296e+02 2.42078e+02 2.62799e+02 1.99705e+02 2.06772e+02 2.43867e+02 2.53396e+02 2.59388e+02
2.54671e+01 8.85445e+01 1.73904e+02 2.41180e+02 2.62616e+02 1.98183e+02 2.05400e+02 2.42860e+02 2.52615e+02 2.58841e+02
2.52970e+01 8.76986e+01 1.72626e+02 2.40344e+02 2.62447e+02 1.96760e+02 2.04115e+02 2.41912e+02 2.51878e+02 2.58325e+02
2.51401e+01 8.69240e+01 1.71451e+02 2.39566e+02 2.62288e+02 1.95428e+02 2.02909e+02 2.41020e+02 2.51183e+02 2.57839e+02
2.49949e+01 8.62137e+01 1.70370e+02 2.38841e+02 2.62141e+02 1.94179e+02 2.01777e+02 2.40182e+02 2.50530e+02 2.57381e+02
2.48605e+01 8.55616e+01 1.69375e+02 2.38166e+02 2.62004e+02 1.93008e+02 2.00713e+02 2.39393e+02 2.49915e+02 2.56951e+02
2.47359e+01 8.49622e+01 1.68458e+02 2.37537e+02 2.61876e+02 1.91908e+02 1.99713e+02 2.38652e+02 2.49336e+02 2.56547e+02
2.46201e+01 8.44106e+01 1.67612e+02 2.36952e+02 2.61757e+02 1.90874e+02 1.98773e+02 2.37955e+02 2.48793e+02 2.56167e+02
2.45124e+01 8.39025e+01 1.66832e+02 2.36407e+02 2.61646e+02 1.89902e+02 1.97888e+02 2.37300e+02 2.48282e+02 2.55811e+02
2.44122e+01 8.34338e+01 1.66111e+02 2.35900e+02 2.61543e+02 1.88987e+02 1.97055e+02 2.36685e+02 2.47802e+02 2.55476e+02
2.43188e+01 8.30012e+01 1.65445e+02 2.35427e+02 2.61447e+02 1.88126e+02 1.96270e+02 2.36106e+02 2.47352e+02 2.55162e+02
2.42317e+01 8.26015e+01 1.64829e+02 2.34986e+02 2.61357e+02 1.87314e+02 1.95530e+02 2.35562e+02 2.46928e+02 2.54868e+02
2.41503e+01 8.22318e+01 1.64258e+02 2.34575e+02 2.61274e+02 1.86549e+02 1.94833e+02 2.35051e+02 2.46531e+02 2.54591e+02
2.40742e+01 8.18895e+01 1.63730e+02 2.34192e+02 2.61196e+02 1.85827e+02 1.94175e+02 2.34570e+02 2.46157e+02 2.54331e+02
2.40031e+01 8.15723e+01 1.63240e+02 2.33834e+02 2.61123e+02 1.85146e+02 1.93554e+02 2.34117e+02 2.45806e+02 2.54088e+02
