2.70000e+02 2.70000e+02 2.70000e+02 2.70466e+02 2.68092e+02 2.71930e+02 2.71928e+02 2.71890e+02 2.71775e+02 2.71608e+02
2.70000e+02 2.70000e+02 2.70000e+02 2.70466e+02 2.68092e+02 2.71930e+02 2.71928e+02 2.71890e+02 2.71775e+02 2.71608e+02
5.00000e+01 1.50000e+02 2.50000e+02 2.70343e+02 2.68085e+02 2.70956e+02 2.70831e+02 2.71847e+02 2.71748e+02 2.71572e+02
4.01795e+01 1.50000e+02 2.46199e+02 2.70027e+02 2.68054e+02 2.67377e+02 2.67125e+02 2.71671e+02 2.71694e+02 2.71533e+02
3.72593e+01 1.50000e+02 2.41736e+02 2.69477e+02 2.67989e+02 2.62291e+02 2.62254e+02 2.71159e+02 2.71555e+02 2.71450e+02
3.51485e+01 1.41438e+02 2.37025e+02 2.68615e+02 2.67877e+02 2.56729e+02 2.57229e+02 2.70246e+02 2.71256e+02 2.71276e+02
3.36779e+01 1.34903e+02 2.31812e+02 2.67428e+02 2.67711e+02 2.51169e+02 2.52380e+02 2.68994e+02 2.70759e+02 2.70984e+02
3.25656e+01 1.28912e+02 2.26276e+02 2.65967e+02 2.67490e+02 2.45827e+02 2.47805e+02 2.67499e+02 2.70072e+02 2.70569e+02
3.16799e+01 1.23651e+02 2.20827e+02 2.64306e+02 2.67227e+02 2.40801e+02 2.43531e+02 2.65846e+02 2.69222e+02 2.70042e+02
3.09516e+01 1.19065e+02 2.15662e+02 2.62525e+02 2.66933e+02 2.36129e+02 2.39559e+02 2.64103e+02 2.68247e+02 2.69424e+02
3.03394e+01 1.15062e+02 2.10858e+02 2.60690e+02 2.66622e+02 2.31814e+02 2.35878e+02 2.62318e+02 2.67181e+02 2.68737e+02
2.98168e+01 1.11554e+02 2.06436e+02 2.58851e+02 2.66303e+02 2.27843e+02 2.32472e+02 2.60527e+02 2.66057e+02 2.68002e+02
2.93653e+01 1.08465e+02 2.02388e+02 2.57046e+02 2.65986e+02 2.24196e+02 2.29321e+02 2.58758e+02 2.64900e+02 2.67238e+02
2.88656e+01 1.05723e+02 1.98693e+02 2.55300e+02 2.65676e+02 2.20845e+02 2.26406e+02 2.57028e+02 2.63732e+02 2.66460e+02
2.83831e+01 1.03262e+02 1.95326e+02 2.53628e+02 2.65376e+02 2.17766e+02 2.23707e+02 2.55352e+02 2.62571e+02 2.65683e+02
2.79503e+01 1.01048e+02 1.92257e+02 2.52040e+02 2.65090e+02 2.14930e+02 2.21203e+02 2.53738e+02 2.61430e+02 2.64916e+02
2.75622e+01 9.90551e+01 1.89458e+02 2.50539e+02 2.64818e+02 2.12316e+02 2.18879e+02 2.52191e+02 2.60318e+02 2.64166e+02
2.72133e+01 9.72582e+01 1.86905e+02 2.49127e+02 2.64561e+02 2.09900e+02 2.16718e+02 2.50716e+02 2.59242e+02 2.63439e+02
2.68984e+01 9.56353e+01 1.84575e+02 2.47803e+02 2.64320e+02 2.07665e+02 2.14707e+02 2.49313e+02 2.58209e+02 2.62739e+02
2.66132e+01 9.41672e+01 1.82447e+02 2.46564e+02 2.64094e+02 2.05593e+02 2.12833e+02 2.47982e+02 2.57220e+02 2.62069e+02
2.63541e+01 9.28365e+01 1.80501e+02 2.45406e+02 2.63883e+02 2.03669e+02 2.11086e+02 2.46723e+02 2.56277e+02 2.61430e+02
2.61181e+01 9.16285e+01 1.78722e+02 2.44327e+02 2.63685e+02 2.01880e+02 2.09454e+02 2.45533e+02 2.55382e+02 2.60822e+02
2.59023e+01 9.05299e+01 1.77094e+02 2.43321e+02 2.63501e+02 2.00213e+02 2.07929e+02 2.44411e+02 2.54533e+02 2.60246e+02
2.57046e+01 8.95294e+01 1.75603e+02 2.42385e+02 2.63329e+02 1.98659e+02 2.06503e+02 2.43353e+02 2.53731e+02 2.59702e+02
2.55231e+01 8.86168e+01 1.74236e+02 2.41513e+02 2.63169e+02 1.97207e+02 2.05167e+02 2.42358e+02 2.52973e+02 2.59188e+02
2.53561e+01 8.77832e+01 1.72982e+02 2.40703e+02 2.63021e+02 1.95849e+02 2.03916e+02 2.41421e+02 2.52259e+02 2.58704e+02
2.52020e+01 8.70208e+01 1.71831e+02 2.39949e+02 2.62882e+02 1.94578e+02 2.02742e+02 2.40540e+02 2.51586e+02 2.58248e+02
2.50597e+01 8.63224e+01 1.70773e+02 2.39247e+02 2.62753e+02 1.93387e+02 2.01641e+02 2.39713e+02 2.50953e+02 2.57820e+02
2.49280e+01 8.56821e+01 1.69800e+02 2.38595e+02 2.62634e+02 1.92270e+02 2.00606e+02 2.38935e+02 2.50359e+02 2.57417e+02
2.48060e+01 8.50941e+01 1.68905e+02 2.37989e+02 2.62522e+02 1.91220e+02 1.99634e+02 2.38204e+02 2.49799e+02 2.57039e+02
2.46927e+01 8.45537e+01 1.68081e+02 2.37425e+02 2.62419e+02 1.90234e+02 1.98720e+02 2.37517e+02 2.49274e+02 2.56685e+02
2.45875e+01 8.40564e+01 1.67321e+02 2.36900e+02 2.62322e+02 1.89307e+02 1.97860e+02 2.36872e+02 2.48781e+02 2.56352e+02
2.44895e+01 8.35983e+01 1.66620e+02 2.36411e+02 2.62233e+02 1.88434e+02 1.97050e+02 2.36266e+02 2.48318e+02 2.56039e+02
2.43983e+01 8.31759e+01 1.65972e+02 2.35956e+02 2.62149e+02 1.87612e+02 1.96287e+02 2.35696e+02 2.47883e+02 2.55746e+02
2.43133e+01 8.27860e+01 1.65374e+02 2.35533e+02 2.62071e+02 1.86838e+02 1.95568e+02 2.35161e+02 2.47474e+02 2.55472e+02
2.42339e+01 8.24257e+01 1.64821e+02 2.35138e+02 2.61999e+02 1.86107e+02 1.94890e+02 2.34657e+02 2.47091e+02 2.55214e+02
2.41597e+01 8.20925e+01 1.64310e+02 2.34770e+02 2.61932e+02 1.85418e+02 1.94251e+02 2.34184e+02 2.46731e+02 2.54972e+02
2.40903e+01 8.17841e+01 1.63836e+02 2.34427e+02 2.61869e+02 1.84767e+02 1.93647e+02 2.33739e+02 2.46392e+02 2.54745e+02
