2.70000000e+02
5.00000000e+01
4.02255780e+01
3.72872140e+01
3.51513040e+01
3.36630680e+01
3.25381960e+01
3.16432680e+01
3.09079100e+01
3.02902870e+01
2.97632520e+01
2.93080130e+01
2.87826980e+01
2.82950740e+01
2.78582110e+01
2.74665700e+01
2.71143080e+01
2.67962980e+01
2.65081780e+01
2.62462610e+01
2.60074270e+01
2.57890230e+01
2.55887840e+01
2.54047640e+01
2.52352840e+01
2.50788870e+01
2.49343010e+01
2.48004120e+01
2.46762380e+01
2.45609120e+01
2.44536630e+01
2.43538040e+01
2.42607200e+01
2.41738600e+01
2.40927260e+01
2.40168710e+01
2.39458880e+01
2.70000000e+02
1.50000000e+02
1.50000000e+02
1.50000000e+02
1.41419951e+02
1.34850738e+02
1.28828872e+02
1.23541092e+02
1.18933721e+02
1.14913760e+02
1.11391827e+02
1.08291606e+02
1.05538694e+02
1.03068028e+02
1.00847249e+02
9.88491820e+01
9.70486840e+01
9.54232600e+01
9.39531280e+01
9.26209850e+01
9.14117150e+01
9.03120980e+01
8.93105460e+01
8.83968840e+01
8.75621490e+01
8.67984310e+01
8.60987310e+01
8.54568400e+01
8.48672440e+01
8.43250290e+01
8.38258100e+01
8.33656650e+01
8.29410820e+01
8.25489090e+01
8.21863110e+01
8.18507340e+01
8.15398770e+01
2.70000000e+02
2.50000000e+02
2.46182470e+02
2.41704642e+02
2.36976274e+02
2.31739625e+02
2.26177168e+02
2.20703641e+02
2.15516618e+02
2.10694319e+02
2.06257092e+02
2.02197337e+02
1.98494308e+02
1.95120744e+02
1.92047118e+02
1.89245401e+02
1.86690112e+02
1.84358172e+02
1.82228662e+02
1.80282623e+02
1.78502895e+02
1.76873963e+02
1.75381813e+02
1.74013801e+02
1.72758520e+02
1.71605682e+02
1.70546007e+02
1.69571125e+02
1.68673479e+02
1.67846245e+02
1.67083258e+02
1.66378943e+02
1.65728255e+02
1.65126624e+02
1.64569909e+02
1.64054353e+02
1.63576544e+02
2.70416876e+02
2.70285025e+02
2.69965643e+02
2.69407178e+02
2.68532122e+02
2.67330776e+02
2.65854592e+02
2.64180526e+02
2.62387108e+02
2.60541029e+02
2.58693225e+02
2.56880006e+02
2.55125858e+02
2.53446310e+02
2.51850304e+02
2.50342070e+02
2.48922594e+02
2.47590709e+02
2.46343866e+02
2.45178651e+02
2.44091143e+02
2.43077149e+02
2.42132378e+02
2.41252550e+02
2.40433476e+02
2.39671111e+02
2.38961583e+02
2.38301218e+02
2.37686548e+02
2.37114314e+02
2.36581464e+02
2.36085149e+02
2.35622716e+02
2.35191699e+02
2.34789806e+02
2.34414915e+02
2.34065058e+02
2.68082992e+02
2.68075157e+02
2.68043336e+02
2.67977317e+02
2.67864097e+02
2.67695085e+02
2.67472633e+02
2.67206953e+02
2.66911252e+02
2.66598287e+02
2.66278657e+02
2.65960388e+02
2.65649171e+02
2.65348818e+02
2.65061717e+02
2.64789207e+02
2.64531884e+02
2.64289832e+02
2.64062798e+02
2.63850310e+02
2.63651761e+02
2.63466466e+02
2.63293700e+02
2.63132722e+02
2.62982801e+02
2.62843219e+02
2.62713285e+02
2.62592341e+02
2.62479760e+02
2.62374952e+02
2.62277362e+02
2.62186473e+02
2.62101799e+02
2.62022890e+02
2.61949327e+02
2.61880721e+02
2.61816711e+02
2.71478489e+02
2.70567833e+02
2.67043059e+02
2.61977547e+02
2.56405995e+02
2.50811236e+02
2.45417624e+02
2.40328981e+02
2.35586197e+02
2.31196207e+02
2.27147927e+02
2.23421267e+02
2.19992058e+02
2.16834146e+02
2.13922032e+02
2.11232501e+02
2.08744635e+02
2.06439643e+02
2.04300702e+02
2.02312779e+02
2.00462463e+02
1.98737784e+02
1.97128058e+02
1.95623728e+02
1.94216235e+02
1.92897893e+02
1.91661786e+02
1.90501674e+02
1.89411909e+02
1.88387369e+02
1.87423397e+02
1.86515744e+02
1.85660529e+02
1.84854192e+02
1.84093470e+02
1.83375356e+02
1.82697081e+02
2.71527025e+02
2.70474319e+02
2.66755474e+02
2.61836106e+02
2.56747380e+02
2.51828610e+02
2.47181908e+02
2.42836046e+02
2.38792679e+02
2.35041414e+02
2.31566090e+02
2.28348001e+02
2.25367504e+02
2.22604251e+02
2.20039103e+02
2.17655100e+02
2.15437036e+02
2.13371153e+02
2.11444990e+02
2.09647264e+02
2.07967759e+02
2.06397223e+02
2.04927267e+02
2.03550277e+02
2.02259328e+02
2.01048115e+02
1.99910883e+02
1.98842371e+02
1.97837765e+02
1.96892644e+02
1.96002947e+02
1.95164939e+02
1.94375174e+02
1.93630471e+02
1.92927892e+02
1.92264716e+02
1.91638422e+02
2.71718349e+02
2.71689901e+02
2.71526926e+02
2.71030019e+02
2.70135666e+02
2.68904578e+02
2.67430327e+02
2.65796817e+02
2.64069509e+02
2.62297358e+02
2.60516516e+02
2.58753493e+02
2.57027524e+02
2.55352269e+02
2.53737027e+02
2.52187763e+02
2.50707954e+02
2.49299231e+02
2.47961835e+02
2.46694974e+02
2.45497092e+02
2.44366084e+02
2.43299466e+02
2.42294506e+02
2.41348327e+02
2.40457982e+02
2.39620517e+02
2.38833011e+02
2.38092614e+02
2.37396564e+02
2.36742209e+02
2.36127011e+02
2.35548559e+02
2.35004563e+02
2.34492863e+02
2.34011420e+02
2.33558318e+02
2.71703537e+02
2.71681335e+02
2.71632800e+02
2.71495016e+02
2.71189499e+02
2.70680866e+02
2.69977093e+02
2.69108647e+02
2.68112697e+02
2.67025301e+02
2.65878344e+02
2.64698659e+02
2.63508098e+02
2.62323970e+02
2.61159611e+02
2.60024977e+02
2.58927240e+02
2.57871336e+02
2.56860429e+02
2.55896301e+02
2.54979658e+02
2.54110389e+02
2.53287769e+02
2.52510619e+02
2.51777439e+02
2.51086507e+02
2.50435960e+02
2.49823857e+02
2.49248224e+02
2.48707092e+02
2.48198523e+02
2.47720630e+02
2.47271590e+02
2.46849655e+02
2.46453156e+02
2.46080507e+02
2.45730209e+02
2.71589659e+02
2.71550828e+02
2.71511783e+02
2.71426839e+02
2.71247719e+02
2.70945247e+02
2.70514170e+02
2.69966215e+02
2.69321772e+02
2.68603924e+02
2.67834981e+02
2.67034770e+02
2.66219998e+02
2.65404203e+02
2.64597996e+02
2.63809428e+02
2.63044399e+02
2.62307058e+02
2.61600151e+02
2.60925327e+02
2.60283379e+02
2.59674449e+02
2.59098186e+02
2.58553876e+02
2.58040542e+02
2.57557026e+02
2.57102051e+02
2.56674265e+02
2.56272288e+02
2.55894730e+02
2.55540221e+02
2.55207421e+02
2.54895031e+02
2.54601808e+02
2.54326559e+02
2.54068153e+02
2.53825518e+02
