2.70000e+02 2.70000e+02 2.70000e+02 2.69125e+02 2.67855e+02 2.66256e+02 2.66724e+02 2.69071e+02 2.69823e+02 2.70373e+02
2.70000e+02 2.70000e+02 2.70000e+02 2.69125e+02 2.67855e+02 2.66256e+02 2.66724e+02 2.69071e+02 2.69823e+02 2.70373e+02
5.00000e+01 1.50000e+02 2.50000e+02 2.69052e+02 2.67853e+02 2.65807e+02 2.65977e+02 2.69121e+02 2.69868e+02 2.70417e+02
3.99527e+01 1.50000e+02 2.45692e+02 2.68783e+02 2.67830e+02 2.63248e+02 2.62753e+02 2.69052e+02 2.69900e+02 2.70439e+02
3.69740e+01 1.50000e+02 2.41230e+02 2.68273e+02 2.67772e+02 2.59255e+02 2.58477e+02 2.68672e+02 2.69839e+02 2.70409e+02
3.48818e+01 1.41251e+02 2.36438e+02 2.67449e+02 2.67668e+02 2.54690e+02 2.54084e+02 2.67924e+02 2.69616e+02 2.70286e+02
3.34347e+01 1.34629e+02 2.31159e+02 2.66301e+02 2.67508e+02 2.50000e+02 2.49857e+02 2.66865e+02 2.69198e+02 2.70046e+02
3.23470e+01 1.28596e+02 2.25585e+02 2.64878e+02 2.67295e+02 2.45413e+02 2.45875e+02 2.65580e+02 2.68595e+02 2.69688e+02
3.14863e+01 1.23323e+02 2.20125e+02 2.63257e+02 2.67039e+02 2.41044e+02 2.42156e+02 2.64147e+02 2.67836e+02 2.69223e+02
3.07828e+01 1.18743e+02 2.14967e+02 2.61516e+02 2.66752e+02 2.36948e+02 2.38698e+02 2.62625e+02 2.66956e+02 2.68670e+02
3.01946e+01 1.14757e+02 2.10183e+02 2.59723e+02 2.66449e+02 2.33144e+02 2.35490e+02 2.61057e+02 2.65990e+02 2.68051e+02
2.96949e+01 1.11272e+02 2.05789e+02 2.57929e+02 2.66138e+02 2.29629e+02 2.32518e+02 2.59477e+02 2.64966e+02 2.67386e+02
2.92448e+01 1.08210e+02 2.01776e+02 2.56171e+02 2.65830e+02 2.26388e+02 2.29763e+02 2.57910e+02 2.63910e+02 2.66692e+02
2.87374e+01 1.05491e+02 1.98121e+02 2.54472e+02 2.65528e+02 2.23403e+02 2.27208e+02 2.56371e+02 2.62841e+02 2.65985e+02
2.82787e+01 1.03057e+02 1.94795e+02 2.52848e+02 2.65237e+02 2.20651e+02 2.24834e+02 2.54875e+02 2.61777e+02 2.65276e+02
2.78699e+01 1.00874e+02 1.91770e+02 2.51308e+02 2.64960e+02 2.18109e+02 2.22625e+02 2.53430e+02 2.60729e+02 2.64575e+02
2.75046e+01 9.89138e+01 1.89016e+02 2.49856e+02 2.64697e+02 2.15758e+02 2.20566e+02 2.52041e+02 2.59706e+02 2.63890e+02
2.71770e+01 9.71514e+01 1.86509e+02 2.48492e+02 2.64450e+02 2.13579e+02 2.18645e+02 2.50711e+02 2.58715e+02 2.63224e+02
2.68820e+01 9.55635e+01 1.84225e+02 2.47215e+02 2.64217e+02 2.11554e+02 2.16849e+02 2.49443e+02 2.57760e+02 2.62583e+02
2.66153e+01 9.41299e+01 1.82143e+02 2.46022e+02 2.64000e+02 2.09670e+02 2.15167e+02 2.48237e+02 2.56845e+02 2.61968e+02
2.63732e+01 9.28333e+01 1.80245e+02 2.44910e+02 2.63797e+02 2.07913e+02 2.13592e+02 2.47091e+02 2.55972e+02 2.61380e+02
2.61527e+01 9.16585e+01 1.78512e+02 2.43874e+02 2.63608e+02 2.06271e+02 2.12113e+02 2.46006e+02 2.55140e+02 2.60821e+02
2.59513e+01 9.05922e+01 1.76929e+02 2.42910e+02 2.63431e+02 2.04734e+02 2.10724e+02 2.44978e+02 2.54351e+02 2.60290e+02
2.57668e+01 8.96228e+01 1.75481e+02 2.42013e+02 2.63267e+02 2.03294e+02 2.09417e+02 2.44007e+02 2.53602e+02 2.59788e+02
2.55973e+01 8.87400e+01 1.74157e+02 2.41179e+02 2.63114e+02 2.01941e+02 2.08187e+02 2.43090e+02 2.52894e+02 2.59313e+02
2.54411e+01 8.79349e+01 1.72945e+02 2.40404e+02 2.62972e+02 2.00670e+02 2.07029e+02 2.42224e+02 2.52225e+02 2.58865e+02
2.52970e+01 8.71996e+01 1.71833e+02 2.39683e+02 2.62840e+02 1.99473e+02 2.05936e+02 2.41408e+02 2.51594e+02 2.58442e+02
2.51637e+01 8.65271e+01 1.70813e+02 2.39013e+02 2.62718e+02 1.98345e+02 2.04904e+02 2.40637e+02 2.50999e+02 2.58044e+02
2.50401e+01 8.59111e+01 1.69877e+02 2.38390e+02 2.62603e+02 1.97281e+02 2.03930e+02 2.39911e+02 2.50437e+02 2.57669e+02
2.49254e+01 8.53461e+01 1.69016e+02 2.37811e+02 2.62497e+02 1.96276e+02 2.03010e+02 2.39226e+02 2.49908e+02 2.57317e+02
2.48187e+01 8.48273e+01 1.68224e+02 2.37272e+02 2.62399e+02 1.95327e+02 2.02139e+02 2.38580e+02 2.49410e+02 2.56985e+02
2.47193e+01 8.43502e+01 1.67495e+02 2.36770e+02 2.62307e+02 1.94429e+02 2.01316e+02 2.37971e+02 2.48941e+02 2.56673e+02
2.46266e+01 8.39109e+01 1.66822e+02 2.36303e+02 2.62221e+02 1.93580e+02 2.00536e+02 2.37396e+02 2.48499e+02 2.56380e+02
2.45401e+01 8.35060e+01 1.66202e+02 2.35867e+02 2.62141e+02 1.92775e+02 1.99797e+02 2.36854e+02 2.48083e+02 2.56104e+02
2.44591e+01 8.31323e+01 1.65629e+02 2.35461e+02 2.62067e+02 1.92013e+02 1.99098e+02 2.36343e+02 2.47691e+02 2.55845e+02
2.43833e+01 8.27871e+01 1.65099e+02 2.35083e+02 2.61998e+02 1.91290e+02 1.98434e+02 2.35861e+02 2.47322e+02 2.55601e+02
2.43123e+01 8.24677e+01 1.64609e+02 2.34729e+02 2.61933e+02 1.90605e+02 1.97805e+02 2.35406e+02 2.46974e+02 2.55371e+02
2.42457e+01 8.21720e+01 1.64155e+02 2.34399e+02 2.61873e+02 1.89954e+02 1.97208e+02 2.34976e+02 2.46646e+02 2.55155e+02
