2.70000e+02 2.70000e+02 2.70000e+02 2.71022e+02 2.68190e+02 2.70420e+02 2.70590e+02 2.71579e+02 2.71754e+02 2.71698e+02
2.70000e+02 2.70000e+02 2.70000e+02 2.71022e+02 2.68190e+02 2.70420e+02 2.70590e+02 2.71579e+02 2.71754e+02 2.71698e+02
5.00000e+01 1.50000e+02 2.50000e+02 2.70727e+02 2.68168e+02 2.69724e+02 2.69489e+02 2.71519e+02 2.71694e+02 2.71618e+02
4.02558e+01 1.50000e+02 2.46287e+02 2.70295e+02 2.68115e+02 2.66681e+02 2.65645e+02 2.71317e+02 2.71600e+02 2.71541e+02
3.73688e+01 1.50000e+02 2.41851e+02 2.69654e+02 2.68031e+02 2.62081e+02 2.60689e+02 2.70776e+02 2.71413e+02 2.71428e+02
3.52567e+01 1.41620e+02 2.37147e+02 2.68717e+02 2.67904e+02 2.56876e+02 2.55625e+02 2.69840e+02 2.71055e+02 2.71230e+02
3.37804e+01 1.35158e+02 2.31949e+02 2.67466e+02 2.67725e+02 2.51557e+02 2.50761e+02 2.68574e+02 2.70494e+02 2.70918e+02
3.26629e+01 1.29213e+02 2.26431e+02 2.65948e+02 2.67494e+02 2.46370e+02 2.46184e+02 2.67071e+02 2.69741e+02 2.70484e+02
3.17732e+01 1.23982e+02 2.20999e+02 2.64237e+02 2.67220e+02 2.41440e+02 2.41915e+02 2.65414e+02 2.68827e+02 2.69939e+02
3.10418e+01 1.19417e+02 2.15847e+02 2.62409e+02 2.66918e+02 2.36820e+02 2.37952e+02 2.63667e+02 2.67790e+02 2.69302e+02
3.04272e+01 1.15428e+02 2.11053e+02 2.60530e+02 2.66598e+02 2.32528e+02 2.34280e+02 2.61879e+02 2.66667e+02 2.68594e+02
2.99025e+01 1.11929e+02 2.06636e+02 2.58650e+02 2.66272e+02 2.28560e+02 2.30882e+02 2.60084e+02 2.65487e+02 2.67837e+02
2.94492e+01 1.08845e+02 2.02590e+02 2.56806e+02 2.65948e+02 2.24900e+02 2.27738e+02 2.58308e+02 2.64277e+02 2.67048e+02
2.89432e+01 1.06106e+02 1.98895e+02 2.55021e+02 2.65630e+02 2.21527e+02 2.24827e+02 2.56570e+02 2.63059e+02 2.66245e+02
2.84590e+01 1.03645e+02 1.95524e+02 2.53312e+02 2.65324e+02 2.18417e+02 2.22129e+02 2.54882e+02 2.61847e+02 2.65440e+02
2.80248e+01 1.01430e+02 1.92449e+02 2.51687e+02 2.65031e+02 2.15547e+02 2.19623e+02 2.53253e+02 2.60657e+02 2.64643e+02
2.76353e+01 9.94338e+01 1.89642e+02 2.50151e+02 2.64753e+02 2.12894e+02 2.17293e+02 2.51690e+02 2.59496e+02 2.63862e+02
2.72847e+01 9.76330e+01 1.87079e+02 2.48705e+02 2.64490e+02 2.10438e+02 2.15124e+02 2.50194e+02 2.58371e+02 2.63102e+02
2.69681e+01 9.60054e+01 1.84737e+02 2.47347e+02 2.64243e+02 2.08160e+02 2.13102e+02 2.48768e+02 2.57288e+02 2.62368e+02
2.66810e+01 9.45316e+01 1.82595e+02 2.46074e+02 2.64011e+02 2.06044e+02 2.11215e+02 2.47412e+02 2.56249e+02 2.61662e+02
2.64198e+01 9.31946e+01 1.80636e+02 2.44884e+02 2.63794e+02 2.04075e+02 2.09451e+02 2.46125e+02 2.55255e+02 2.60987e+02
2.61815e+01 9.19795e+01 1.78842e+02 2.43772e+02 2.63590e+02 2.02241e+02 2.07801e+02 2.44905e+02 2.54309e+02 2.60342e+02
2.59634e+01 9.08734e+01 1.77198e+02 2.42733e+02 2.63400e+02 2.00529e+02 2.06256e+02 2.43750e+02 2.53409e+02 2.59728e+02
2.57633e+01 8.98648e+01 1.75691e+02 2.41765e+02 2.63223e+02 1.98929e+02 2.04807e+02 2.42659e+02 2.52555e+02 2.59146e+02
2.55792e+01 8.89437e+01 1.74307e+02 2.40862e+02 2.63058e+02 1.97433e+02 2.03448e+02 2.41628e+02 2.51746e+02 2.58593e+02
2.54094e+01 8.81012e+01 1.73035e+02 2.40020e+02 2.62903e+02 1.96030e+02 2.02171e+02 2.40655e+02 2.50980e+02 2.58071e+02
2.52526e+01 8.73295e+01 1.71866e+02 2.39234e+02 2.62759e+02 1.94715e+02 2.00971e+02 2.39736e+02 2.50256e+02 2.57577e+02
2.51075e+01 8.66216e+01 1.70790e+02 2.38502e+02 2.62625e+02 1.93480e+02 1.99842e+02 2.38870e+02 2.49572e+02 2.57110e+02
2.49730e+01 8.59715e+01 1.69799e+02 2.37820e+02 2.62500e+02 1.92319e+02 1.98779e+02 2.38053e+02 2.48926e+02 2.56669e+02
2.48480e+01 8.53735e+01 1.68885e+02 2.37183e+02 2.62383e+02 1.91227e+02 1.97778e+02 2.37282e+02 2.48317e+02 2.56254e+02
2.47318e+01 8.48229e+01 1.68041e+02 2.36589e+02 2.62274e+02 1.90199e+02 1.96834e+02 2.36556e+02 2.47742e+02 2.55862e+02
2.46236e+01 8.43153e+01 1.67262e+02 2.36035e+02 2.62173e+02 1.89230e+02 1.95944e+02 2.35871e+02 2.47200e+02 2.55493e+02
2.45226e+01 8.38468e+01 1.66541e+02 2.35518e+02 2.62078e+02 1.88316e+02 1.95103e+02 2.35225e+02 2.46689e+02 2.55145e+02
2.44284e+01 8.34138e+01 1.65874e+02 2.35034e+02 2.61990e+02 1.87454e+02 1.94310e+02 2.34616e+02 2.46207e+02 2.54818e+02
2.43404e+01 8.30133e+01 1.65257e+02 2.34583e+02 2.61907e+02 1.86639e+02 1.93560e+02 2.34041e+02 2.45753e+02 2.54509e+02
2.42580e+01 8.26423e+01 1.64684e+02 2.34161e+02 2.61830e+02 1.85870e+02 1.92851e+02 2.33499e+02 2.45325e+02 2.54218e+02
2.41809e+01 8.22985e+01 1.64153e+02 2.33766e+02 2.61757e+02 1.85143e+02 1.92181e+02 2.32988e+02 2.44920e+02 2.53943e+02
2.41086e+01 8.19795e+01 1.63660e+02 2.33397e+02 2.61690e+02 1.84455e+02 1.91546e+02 2.32505e+02 2.44539e+02 2.53685e+02
