2.70000e+02 2.70000e+02 2.70000e+02 2.68248e+02 2.67704e+02 2.75092e+02 2.74465e+02 2.71422e+02 2.70704e+02 2.70440e+02
2.70000e+02 2.70000e+02 2.70000e+02 2.68248e+02 2.67704e+02 2.75092e+02 2.74465e+02 2.71422e+02 2.70704e+02 2.70440e+02
5.00000e+01 1.50000e+02 2.50000e+02 2.68602e+02 2.67740e+02 2.74224e+02 2.73231e+02 2.71578e+02 2.70896e+02 2.70711e+02
4.01944e+01 1.50000e+02 2.45582e+02 2.68638e+02 2.67776e+02 2.71061e+02 2.69448e+02 2.71585e+02 2.71080e+02 2.70891e+02
3.72679e+01 1.50000e+02 2.41139e+02 2.68360e+02 2.67765e+02 2.66371e+02 2.64562e+02 2.71220e+02 2.71122e+02 2.70981e+02
3.51501e+01 1.41308e+02 2.36379e+02 2.67716e+02 2.67693e+02 2.61078e+02 2.59548e+02 2.70428e+02 2.70944e+02 2.70949e+02
3.36767e+01 1.34669e+02 2.31140e+02 2.66707e+02 2.67555e+02 2.55667e+02 2.54719e+02 2.69278e+02 2.70524e+02 2.70775e+02
3.25640e+01 1.28619e+02 2.25607e+02 2.65389e+02 2.67355e+02 2.50385e+02 2.50165e+02 2.67870e+02 2.69884e+02 2.70459e+02
3.16792e+01 1.23334e+02 2.20186e+02 2.63847e+02 2.67106e+02 2.45359e+02 2.45908e+02 2.66291e+02 2.69064e+02 2.70018e+02
3.09524e+01 1.18745e+02 2.15064e+02 2.62162e+02 2.66821e+02 2.40647e+02 2.41948e+02 2.64612e+02 2.68107e+02 2.69475e+02
3.03419e+01 1.14753e+02 2.10311e+02 2.60406e+02 2.66515e+02 2.36268e+02 2.38273e+02 2.62881e+02 2.67053e+02 2.68854e+02
2.98210e+01 1.11263e+02 2.05942e+02 2.58634e+02 2.66200e+02 2.32219e+02 2.34866e+02 2.61137e+02 2.65936e+02 2.68179e+02
2.93710e+01 1.08196e+02 2.01947e+02 2.56884e+02 2.65883e+02 2.28486e+02 2.31710e+02 2.59406e+02 2.64784e+02 2.67469e+02
2.88753e+01 1.05479e+02 1.98305e+02 2.55184e+02 2.65573e+02 2.25048e+02 2.28786e+02 2.57710e+02 2.63620e+02 2.66742e+02
2.83945e+01 1.03043e+02 1.94987e+02 2.53551e+02 2.65272e+02 2.21881e+02 2.26073e+02 2.56062e+02 2.62461e+02 2.66011e+02
2.79629e+01 1.00854e+02 1.91964e+02 2.51995e+02 2.64984e+02 2.18960e+02 2.23553e+02 2.54472e+02 2.61321e+02 2.65286e+02
2.75759e+01 9.88839e+01 1.89208e+02 2.50522e+02 2.64710e+02 2.16262e+02 2.21211e+02 2.52946e+02 2.60211e+02 2.64576e+02
2.72277e+01 9.71087e+01 1.86693e+02 2.49134e+02 2.64450e+02 2.13766e+02 2.19030e+02 2.51489e+02 2.59137e+02 2.63887e+02
2.69133e+01 9.55057e+01 1.84397e+02 2.47830e+02 2.64206e+02 2.11455e+02 2.16997e+02 2.50101e+02 2.58104e+02 2.63222e+02
2.66284e+01 9.40556e+01 1.82300e+02 2.46608e+02 2.63977e+02 2.09309e+02 2.15101e+02 2.48783e+02 2.57116e+02 2.62584e+02
2.63694e+01 9.27412e+01 1.80382e+02 2.45466e+02 2.63762e+02 2.07315e+02 2.13331e+02 2.47535e+02 2.56173e+02 2.61975e+02
2.61333e+01 9.15477e+01 1.78628e+02 2.44400e+02 2.63562e+02 2.05459e+02 2.11676e+02 2.46355e+02 2.55278e+02 2.61395e+02
2.59174e+01 9.04621e+01 1.77022e+02 2.43406e+02 2.63375e+02 2.03729e+02 2.10127e+02 2.45241e+02 2.54430e+02 2.60846e+02
2.57194e+01 8.94730e+01 1.75550e+02 2.42479e+02 2.63200e+02 2.02113e+02 2.08677e+02 2.44191e+02 2.53627e+02 2.60326e+02
2.55374e+01 8.85704e+01 1.74200e+02 2.41616e+02 2.63037e+02 2.00603e+02 2.07318e+02 2.43201e+02 2.52869e+02 2.59835e+02
2.53698e+01 8.77455e+01 1.72961e+02 2.40813e+02 2.62886e+02 1.99189e+02 2.06042e+02 2.42270e+02 2.52154e+02 2.59372e+02
2.52152e+01 8.69907e+01 1.71823e+02 2.40066e+02 2.62745e+02 1.97865e+02 2.04845e+02 2.41393e+02 2.51481e+02 2.58936e+02
2.50722e+01 8.62989e+01 1.70777e+02 2.39370e+02 2.62613e+02 1.96622e+02 2.03720e+02 2.40569e+02 2.50847e+02 2.58526e+02
2.49398e+01 8.56642e+01 1.69814e+02 2.38723e+02 2.62491e+02 1.95456e+02 2.02663e+02 2.39794e+02 2.50251e+02 2.58141e+02
2.48170e+01 8.50811e+01 1.68928e+02 2.38121e+02 2.62378e+02 1.94359e+02 2.01668e+02 2.39065e+02 2.49690e+02 2.57779e+02
2.47029e+01 8.45448e+01 1.68111e+02 2.37561e+02 2.62272e+02 1.93328e+02 2.00731e+02 2.38379e+02 2.49163e+02 2.57439e+02
2.45968e+01 8.40510e+01 1.67358e+02 2.37039e+02 2.62173e+02 1.92356e+02 1.99848e+02 2.37735e+02 2.48668e+02 2.57120e+02
2.44980e+01 8.35958e+01 1.66662e+02 2.36554e+02 2.62082e+02 1.91441e+02 1.99016e+02 2.37129e+02 2.48203e+02 2.56820e+02
2.44059e+01 8.31758e+01 1.66020e+02 2.36101e+02 2.61996e+02 1.90579e+02 1.98232e+02 2.36559e+02 2.47766e+02 2.56539e+02
2.43199e+01 8.27878e+01 1.65426e+02 2.35679e+02 2.61917e+02 1.89765e+02 1.97491e+02 2.36023e+02 2.47355e+02 2.56275e+02
2.42396e+01 8.24291e+01 1.64877e+02 2.35286e+02 2.61843e+02 1.88996e+02 1.96792e+02 2.35518e+02 2.46968e+02 2.56028e+02
2.41645e+01 8.20972e+01 1.64368e+02 2.34920e+02 2.61773e+02 1.88270e+02 1.96132e+02 2.35043e+02 2.46605e+02 2.55795e+02
2.40942e+01 8.17897e+01 1.63896e+02 2.34578e+02 2.61709e+02 1.87584e+02 1.95508e+02 2.34596e+02 2.46264e+02 2.55577e+02
