2.70000e+02 2.70000e+02 2.70000e+02 2.70087e+02 2.68034e+02 2.71727e+02 2.71708e+02 2.71552e+02 2.71456e+02 2.71353e+02
2.70000e+02 2.70000e+02 2.70000e+02 2.70087e+02 2.68034e+02 2.71727e+02 2.71708e+02 2.71552e+02 2.71456e+02 2.71353e+02
5.00000e+01 1.50000e+02 2.50000e+02 2.70007e+02 2.68030e+02 2.70803e+02 2.70660e+02 2.71553e+02 2.71465e+02 2.71364e+02
4.04365e+01 1.50000e+02 2.46120e+02 2.69733e+02 2.68005e+02 2.67267e+02 2.66980e+02 2.71420e+02 2.71455e+02 2.71360e+02
3.75483e+01 1.50000e+02 2.41620e+02 2.69207e+02 2.67943e+02 2.62206e+02 2.62115e+02 2.70947e+02 2.71354e+02 2.71302e+02
3.53898e+01 1.41545e+02 2.36890e+02 2.68349e+02 2.67831e+02 2.56654e+02 2.57088e+02 2.70067e+02 2.71085e+02 2.71144e+02
3.38804e+01 1.35002e+02 2.31664e+02 2.67151e+02 2.67658e+02 2.51092e+02 2.52237e+02 2.68841e+02 2.70611e+02 2.70861e+02
3.27391e+01 1.28987e+02 2.26112e+02 2.65666e+02 2.67429e+02 2.45742e+02 2.47662e+02 2.67367e+02 2.69941e+02 2.70449e+02
3.18316e+01 1.23696e+02 2.20643e+02 2.63976e+02 2.67153e+02 2.40708e+02 2.43389e+02 2.65733e+02 2.69105e+02 2.69922e+02
3.10865e+01 1.19082e+02 2.15453e+02 2.62164e+02 2.66847e+02 2.36026e+02 2.39419e+02 2.64007e+02 2.68142e+02 2.69302e+02
3.04613e+01 1.15052e+02 2.10620e+02 2.60297e+02 2.66523e+02 2.31701e+02 2.35741e+02 2.62238e+02 2.67087e+02 2.68611e+02
2.99283e+01 1.11519e+02 2.06168e+02 2.58430e+02 2.66192e+02 2.27721e+02 2.32336e+02 2.60464e+02 2.65972e+02 2.67872e+02
2.94685e+01 1.08407e+02 2.02091e+02 2.56599e+02 2.65863e+02 2.24064e+02 2.29186e+02 2.58709e+02 2.64825e+02 2.67104e+02
2.89981e+01 1.05649e+02 1.98368e+02 2.54828e+02 2.65542e+02 2.20703e+02 2.26271e+02 2.56995e+02 2.63667e+02 2.66324e+02
2.85114e+01 1.03176e+02 1.94975e+02 2.53136e+02 2.65232e+02 2.17612e+02 2.23571e+02 2.55332e+02 2.62515e+02 2.65542e+02
2.80734e+01 1.00950e+02 1.91883e+02 2.51529e+02 2.64936e+02 2.14765e+02 2.21065e+02 2.53731e+02 2.61382e+02 2.64771e+02
2.76806e+01 9.89444e+01 1.89064e+02 2.50012e+02 2.64656e+02 2.12138e+02 2.18736e+02 2.52196e+02 2.60278e+02 2.64018e+02
2.73275e+01 9.71365e+01 1.86493e+02 2.48587e+02 2.64392e+02 2.09708e+02 2.16569e+02 2.50731e+02 2.59210e+02 2.63287e+02
2.70089e+01 9.55038e+01 1.84147e+02 2.47251e+02 2.64144e+02 2.07456e+02 2.14550e+02 2.49338e+02 2.58183e+02 2.62584e+02
2.67205e+01 9.40269e+01 1.82005e+02 2.46002e+02 2.63912e+02 2.05367e+02 2.12667e+02 2.48015e+02 2.57199e+02 2.61909e+02
2.64585e+01 9.26887e+01 1.80049e+02 2.44836e+02 2.63694e+02 2.03424e+02 2.10907e+02 2.46762e+02 2.56261e+02 2.61266e+02
2.62197e+01 9.14741e+01 1.78260e+02 2.43749e+02 2.63492e+02 2.01615e+02 2.09263e+02 2.45577e+02 2.55369e+02 2.60654e+02
2.60014e+01 9.03699e+01 1.76623e+02 2.42736e+02 2.63302e+02 1.99927e+02 2.07723e+02 2.44458e+02 2.54522e+02 2.60073e+02
2.58014e+01 8.93644e+01 1.75124e+02 2.41793e+02 2.63126e+02 1.98350e+02 2.06280e+02 2.43402e+02 2.53721e+02 2.59523e+02
2.56177e+01 8.84476e+01 1.73751e+02 2.40916e+02 2.62962e+02 1.96874e+02 2.04927e+02 2.42406e+02 2.52964e+02 2.59004e+02
2.54485e+01 8.76103e+01 1.72492e+02 2.40100e+02 2.62810e+02 1.95492e+02 2.03657e+02 2.41469e+02 2.52249e+02 2.58514e+02
2.52924e+01 8.68445e+01 1.71336e+02 2.39341e+02 2.62668e+02 1.94195e+02 2.02464e+02 2.40586e+02 2.51575e+02 2.58053e+02
2.51481e+01 8.61433e+01 1.70274e+02 2.38635e+02 2.62536e+02 1.92978e+02 2.01342e+02 2.39754e+02 2.50940e+02 2.57618e+02
2.50144e+01 8.55003e+01 1.69298e+02 2.37978e+02 2.62413e+02 1.91833e+02 2.00286e+02 2.38972e+02 2.50342e+02 2.57209e+02
2.48905e+01 8.49100e+01 1.68400e+02 2.37367e+02 2.62299e+02 1.90757e+02 1.99291e+02 2.38236e+02 2.49779e+02 2.56825e+02
2.47753e+01 8.43673e+01 1.67572e+02 2.36798e+02 2.62192e+02 1.89743e+02 1.98355e+02 2.37543e+02 2.49249e+02 2.56463e+02
2.46681e+01 8.38679e+01 1.66809e+02 2.36268e+02 2.62093e+02 1.88788e+02 1.97471e+02 2.36891e+02 2.48751e+02 2.56123e+02
2.45683e+01 8.34077e+01 1.66106e+02 2.35775e+02 2.62001e+02 1.87887e+02 1.96638e+02 2.36277e+02 2.48283e+02 2.55804e+02
2.44752e+01 8.29833e+01 1.65456e+02 2.35315e+02 2.61915e+02 1.87037e+02 1.95852e+02 2.35699e+02 2.47842e+02 2.55504e+02
2.43883e+01 8.25914e+01 1.64855e+02 2.34886e+02 2.61835e+02 1.86234e+02 1.95109e+02 2.35155e+02 2.47427e+02 2.55223e+02
2.43071e+01 8.22291e+01 1.64299e+02 2.34487e+02 2.61760e+02 1.85476e+02 1.94408e+02 2.34642e+02 2.47037e+02 2.54958e+02
2.42311e+01 8.18938e+01 1.63785e+02 2.34114e+02 2.61691e+02 1.84759e+02 1.93744e+02 2.34160e+02 2.46670e+02 2.54709e+02
2.41599e+01 8.15834e+01 1.63308e+02 2.33766e+02 2.61626e+02 1.84080e+02 1.93117e+02 2.33705e+02 2.46325e+02 2.54475e+02
