2.70000e+02 2.70000e+02 2.70000e+02 2.68547e+02 2.67757e+02 2.66512e+02 2.66678e+02 2.67518e+02 2.68194e+02 2.69024e+02
2.70000e+02 2.70000e+02 2.70000e+02 2.68547e+02 2.67757e+02 2.66512e+02 2.66678e+02 2.67518e+02 2.68194e+02 2.69024e+02
5.00000e+01 1.50000e+02 2.50000e+02 2.68481e+02 2.67754e+02 2.65801e+02 2.65889e+02 2.67599e+02 2.68251e+02 2.69038e+02
3.98202e+01 1.50000e+02 2.45528e+02 2.68230e+02 2.67731e+02 2.62693e+02 2.62693e+02 2.67566e+02 2.68303e+02 2.69042e+02
3.67954e+01 1.50000e+02 2.40950e+02 2.67748e+02 2.67675e+02 2.58145e+02 2.58352e+02 2.67219e+02 2.68270e+02 2.68990e+02
3.46976e+01 1.41072e+02 2.36006e+02 2.66962e+02 2.67572e+02 2.53095e+02 2.53800e+02 2.66487e+02 2.68069e+02 2.68817e+02
3.32458e+01 1.34348e+02 2.30556e+02 2.65857e+02 2.67413e+02 2.47987e+02 2.49359e+02 2.65414e+02 2.67656e+02 2.68483e+02
3.21515e+01 1.28239e+02 2.24813e+02 2.64479e+02 2.67201e+02 2.43037e+02 2.45134e+02 2.64079e+02 2.67024e+02 2.67979e+02
3.12827e+01 1.22904e+02 2.19194e+02 2.62899e+02 2.66945e+02 2.38348e+02 2.41159e+02 2.62559e+02 2.66197e+02 2.67318e+02
3.05699e+01 1.18269e+02 2.13886e+02 2.61189e+02 2.66657e+02 2.33964e+02 2.37440e+02 2.60915e+02 2.65208e+02 2.66527e+02
2.99719e+01 1.14232e+02 2.08958e+02 2.59414e+02 2.66350e+02 2.29894e+02 2.33970e+02 2.59195e+02 2.64094e+02 2.65634e+02
2.94619e+01 1.10697e+02 2.04426e+02 2.57622e+02 2.66034e+02 2.26130e+02 2.30737e+02 2.57438e+02 2.62890e+02 2.64670e+02
2.89202e+01 1.07581e+02 2.00279e+02 2.55848e+02 2.65718e+02 2.22655e+02 2.27726e+02 2.55670e+02 2.61626e+02 2.63659e+02
2.83862e+01 1.04796e+02 1.96493e+02 2.54119e+02 2.65405e+02 2.19445e+02 2.24919e+02 2.53913e+02 2.60329e+02 2.62625e+02
2.79098e+01 1.02301e+02 1.93037e+02 2.52450e+02 2.65102e+02 2.16476e+02 2.22299e+02 2.52184e+02 2.59018e+02 2.61585e+02
2.74847e+01 1.00060e+02 1.89884e+02 2.50851e+02 2.64809e+02 2.13727e+02 2.19850e+02 2.50494e+02 2.57711e+02 2.60552e+02
2.71039e+01 9.80452e+01 1.87003e+02 2.49328e+02 2.64529e+02 2.11175e+02 2.17557e+02 2.48852e+02 2.56421e+02 2.59537e+02
2.67611e+01 9.62285e+01 1.84370e+02 2.47883e+02 2.64263e+02 2.08803e+02 2.15408e+02 2.47262e+02 2.55156e+02 2.58548e+02
2.64513e+01 9.45868e+01 1.81962e+02 2.46517e+02 2.64011e+02 2.06592e+02 2.13391e+02 2.45730e+02 2.53925e+02 2.57589e+02
2.61700e+01 9.30999e+01 1.79758e+02 2.45227e+02 2.63772e+02 2.04528e+02 2.11496e+02 2.44256e+02 2.52733e+02 2.56666e+02
2.59136e+01 9.17501e+01 1.77737e+02 2.44011e+02 2.63547e+02 2.02598e+02 2.09713e+02 2.42842e+02 2.51582e+02 2.55779e+02
2.56791e+01 9.05222e+01 1.75884e+02 2.42868e+02 2.63334e+02 2.00790e+02 2.08033e+02 2.41488e+02 2.50475e+02 2.54931e+02
2.54638e+01 8.94030e+01 1.74182e+02 2.41792e+02 2.63135e+02 1.99092e+02 2.06448e+02 2.40194e+02 2.49413e+02 2.54121e+02
2.52657e+01 8.83806e+01 1.72617e+02 2.40782e+02 2.62947e+02 1.97496e+02 2.04952e+02 2.38958e+02 2.48396e+02 2.53350e+02
2.50828e+01 8.74451e+01 1.71176e+02 2.39833e+02 2.62771e+02 1.95993e+02 2.03539e+02 2.37779e+02 2.47424e+02 2.52616e+02
2.49135e+01 8.65875e+01 1.69849e+02 2.38942e+02 2.62605e+02 1.94575e+02 2.02202e+02 2.36655e+02 2.46497e+02 2.51919e+02
2.47564e+01 8.57998e+01 1.68624e+02 2.38105e+02 2.62449e+02 1.93238e+02 2.00936e+02 2.35584e+02 2.45612e+02 2.51258e+02
2.46104e+01 8.50752e+01 1.67492e+02 2.37319e+02 2.62303e+02 1.91973e+02 1.99737e+02 2.34563e+02 2.44769e+02 2.50630e+02
2.44743e+01 8.44075e+01 1.66446e+02 2.36581e+02 2.62166e+02 1.90777e+02 1.98601e+02 2.33592e+02 2.43967e+02 2.50036e+02
2.43474e+01 8.37913e+01 1.65477e+02 2.35887e+02 2.62036e+02 1.89643e+02 1.97522e+02 2.32667e+02 2.43203e+02 2.49472e+02
2.42286e+01 8.32217e+01 1.64579e+02 2.35235e+02 2.61915e+02 1.88569e+02 1.96498e+02 2.31786e+02 2.42476e+02 2.48938e+02
2.41175e+01 8.26945e+01 1.63745e+02 2.34622e+02 2.61801e+02 1.87550e+02 1.95526e+02 2.30948e+02 2.41785e+02 2.48432e+02
2.40133e+01 8.22058e+01 1.62971e+02 2.34045e+02 2.61694e+02 1.86583e+02 1.94602e+02 2.30150e+02 2.41127e+02 2.47953e+02
2.39154e+01 8.17521e+01 1.62251e+02 2.33503e+02 2.61593e+02 1.85664e+02 1.93723e+02 2.29391e+02 2.40501e+02 2.47499e+02
2.38234e+01 8.13304e+01 1.61580e+02 2.32992e+02 2.61498e+02 1.84790e+02 1.92887e+02 2.28668e+02 2.39907e+02 2.47069e+02
2.37368e+01 8.09380e+01 1.60955e+02 2.32510e+02 2.61409e+02 1.83959e+02 1.92091e+02 2.27979e+02 2.39341e+02 2.46661e+02
2.36552e+01 8.05723e+01 1.60372e+02 2.32056e+02 2.61324e+02 1.83168e+02 1.91333e+02 2.27323e+02 2.38802e+02 2.46275e+02
2.35782e+01 8.02312e+01 1.59828e+02 2.31628e+02 2.61245e+02 1.82415e+02 1.90612e+02 2.26698e+02 2.38290e+02 2.45909e+02
