2.70000e+02 2.70000e+02 2.70000e+02 2.69961e+02 2.68011e+02 2.68972e+02 2.69243e+02 2.70498e+02 2.70864e+02 2.71055e+02
2.70000e+02 2.70000e+02 2.70000e+02 2.69961e+02 2.68011e+02 2.68972e+02 2.69243e+02 2.70498e+02 2.70864e+02 2.71055e+02
5.00000e+01 1.50000e+02 2.50000e+02 2.69822e+02 2.68002e+02 2.68316e+02 2.68281e+02 2.70485e+02 2.70855e+02 2.71031e+02
4.01790e+01 1.50000e+02 2.46071e+02 2.69505e+02 2.67969e+02 2.65374e+02 2.64739e+02 2.70341e+02 2.70824e+02 2.71005e+02
3.72246e+01 1.50000e+02 2.41528e+02 2.68956e+02 2.67901e+02 2.60929e+02 2.60086e+02 2.69867e+02 2.70710e+02 2.70931e+02
3.50912e+01 1.41361e+02 2.36762e+02 2.68097e+02 2.67786e+02 2.55916e+02 2.55309e+02 2.69001e+02 2.70436e+02 2.70765e+02
3.36088e+01 1.34761e+02 2.31498e+02 2.66916e+02 2.67614e+02 2.50798e+02 2.50711e+02 2.67808e+02 2.69968e+02 2.70478e+02
3.24917e+01 1.28726e+02 2.25922e+02 2.65462e+02 2.67389e+02 2.45802e+02 2.46372e+02 2.66379e+02 2.69309e+02 2.70065e+02
3.16059e+01 1.23437e+02 2.20445e+02 2.63811e+02 2.67120e+02 2.41044e+02 2.42314e+02 2.64797e+02 2.68488e+02 2.69540e+02
3.08802e+01 1.18836e+02 2.15263e+02 2.62041e+02 2.66820e+02 2.36576e+02 2.38533e+02 2.63123e+02 2.67540e+02 2.68921e+02
3.02723e+01 1.14825e+02 2.10449e+02 2.60218e+02 2.66504e+02 2.32418e+02 2.35019e+02 2.61405e+02 2.66500e+02 2.68230e+02
2.97548e+01 1.11314e+02 2.06022e+02 2.58393e+02 2.66181e+02 2.28566e+02 2.31758e+02 2.59676e+02 2.65400e+02 2.67491e+02
2.93086e+01 1.08226e+02 2.01974e+02 2.56603e+02 2.65859e+02 2.25008e+02 2.28732e+02 2.57963e+02 2.64264e+02 2.66720e+02
2.87895e+01 1.05484e+02 1.98283e+02 2.54872e+02 2.65545e+02 2.21724e+02 2.25923e+02 2.56285e+02 2.63116e+02 2.65936e+02
2.83130e+01 1.03025e+02 1.94922e+02 2.53215e+02 2.65242e+02 2.18693e+02 2.23314e+02 2.54653e+02 2.61971e+02 2.65150e+02
2.78867e+01 1.00816e+02 1.91861e+02 2.51642e+02 2.64953e+02 2.15891e+02 2.20886e+02 2.53078e+02 2.60844e+02 2.64373e+02
2.75050e+01 9.88304e+01 1.89072e+02 2.50156e+02 2.64679e+02 2.13299e+02 2.18625e+02 2.51566e+02 2.59744e+02 2.63612e+02
2.71619e+01 9.70417e+01 1.86529e+02 2.48758e+02 2.64420e+02 2.10897e+02 2.16516e+02 2.50119e+02 2.58678e+02 2.62875e+02
2.68523e+01 9.54277e+01 1.84210e+02 2.47447e+02 2.64177e+02 2.08667e+02 2.14548e+02 2.48741e+02 2.57652e+02 2.62163e+02
2.65719e+01 9.39687e+01 1.82093e+02 2.46221e+02 2.63949e+02 2.06595e+02 2.12710e+02 2.47430e+02 2.56668e+02 2.61481e+02
2.63171e+01 9.26473e+01 1.80160e+02 2.45075e+02 2.63735e+02 2.04665e+02 2.10990e+02 2.46188e+02 2.55728e+02 2.60829e+02
2.60848e+01 9.14483e+01 1.78393e+02 2.44007e+02 2.63536e+02 2.02867e+02 2.09380e+02 2.45011e+02 2.54835e+02 2.60208e+02
2.58723e+01 9.03586e+01 1.76776e+02 2.43011e+02 2.63350e+02 2.01187e+02 2.07872e+02 2.43899e+02 2.53986e+02 2.59619e+02
2.56775e+01 8.93666e+01 1.75297e+02 2.42083e+02 2.63177e+02 1.99617e+02 2.06457e+02 2.42849e+02 2.53182e+02 2.59062e+02
2.54984e+01 8.84621e+01 1.73941e+02 2.41219e+02 2.63015e+02 1.98147e+02 2.05130e+02 2.41859e+02 2.52422e+02 2.58535e+02
2.53334e+01 8.76360e+01 1.72697e+02 2.40415e+02 2.62865e+02 1.96770e+02 2.03883e+02 2.40925e+02 2.51705e+02 2.58037e+02
2.51811e+01 8.68807e+01 1.71556e+02 2.39667e+02 2.62725e+02 1.95477e+02 2.02711e+02 2.40045e+02 2.51028e+02 2.57569e+02
2.50402e+01 8.61889e+01 1.70507e+02 2.38970e+02 2.62595e+02 1.94264e+02 2.01608e+02 2.39217e+02 2.50390e+02 2.57127e+02
2.49096e+01 8.55545e+01 1.69543e+02 2.38322e+02 2.62474e+02 1.93123e+02 2.00570e+02 2.38437e+02 2.49789e+02 2.56712e+02
2.47884e+01 8.49720e+01 1.68656e+02 2.37719e+02 2.62361e+02 1.92049e+02 1.99593e+02 2.37703e+02 2.49223e+02 2.56321e+02
2.46758e+01 8.44365e+01 1.67838e+02 2.37157e+02 2.62256e+02 1.91038e+02 1.98671e+02 2.37012e+02 2.48691e+02 2.55954e+02
2.45710e+01 8.39436e+01 1.67085e+02 2.36634e+02 2.62158e+02 1.90086e+02 1.97803e+02 2.36361e+02 2.48190e+02 2.55608e+02
2.44733e+01 8.34894e+01 1.66389e+02 2.36146e+02 2.62067e+02 1.89187e+02 1.96983e+02 2.35749e+02 2.47719e+02 2.55284e+02
2.43822e+01 8.30703e+01 1.65746e+02 2.35692e+02 2.61982e+02 1.88339e+02 1.96209e+02 2.35172e+02 2.47276e+02 2.54979e+02
2.42971e+01 8.26833e+01 1.65152e+02 2.35268e+02 2.61903e+02 1.87538e+02 1.95479e+02 2.34629e+02 2.46859e+02 2.54693e+02
2.42176e+01 8.23255e+01 1.64603e+02 2.34872e+02 2.61829e+02 1.86782e+02 1.94788e+02 2.34118e+02 2.46467e+02 2.54424e+02
2.41431e+01 8.19943e+01 1.64094e+02 2.34503e+02 2.61760e+02 1.86067e+02 1.94135e+02 2.33636e+02 2.46098e+02 2.54171e+02
2.40733e+01 8.16875e+01 1.63622e+02 2.34159e+02 2.61696e+02 1.85390e+02 1.93517e+02 2.33182e+02 2.45751e+02 2.53933e+02
