3.708000e+05
2.603000e+05
4.496000e+05
1.786000e+05
3.603000e+04
1.087000e+06
4.997000e+04
9.724000e+05
4.963000e+05
2.566000e+04
5.504000e+04
1.790000e+05
3.263000e+04
1.487000e+04
2.664000e+04
1.880000e+05
8.508000e+04
1.495000e+05
1.789000e+04
1.845000e+04
9.523000e+04
5.113000e+04
5.731000e+04
2.804000e+04
1.428000e+05
1.246000e+05
1.180000e+06
5.593000e+04
3.767000e+04
1.054000e+05
5.066000e+04
5.531000e+04
2.254000e+05
3.820000e+04
1.569000e+05
1.177000e+05
4.659000e+04
2.625000e+05
1.442000e+05
3.392000e+04
9.642000e+04
3.610000e+04
2.774000e+04
1.311000e+05
5.937000e+04
3.840000e+05
1.218000e+05
1.580000e+05
1.826000e+05
2.378000e+05
1.771000e+04
3.787000e+04
4.124000e+04
5.403000e+04
1.167000e+06
1.695000e+05
6.684000e+05
3.698000e+05
2.398000e+05
6.171000e+05
2.544000e+05
1.130000e+05
6.970000e+04
7.607000e+04
3.154000e+04
6.250000e+05
3.991000e+05
1.848000e+05
4.485000e+04
2.635000e+05
1.735000e+05
6.770000e+04
9.302000e+04
1.380000e+05
1.054000e+05
3.227000e+04
2.065000e+05
1.965000e+05
3.259000e+04
8.659000e+04
1.355000e+05
4.579000e+05
9.735000e+04
1.419000e+05
9.182000e+04
4.171000e+04
1.027000e+05
4.091000e+05
1.247000e+05
3.155000e+05
2.784000e+05
2.775000e+05
1.416000e+05
7.516000e+04
1.397000e+05
5.931000e+04
7.955000e+04
1.424000e+05
5.970000e+04
3.188000e+05
