8.967900e+07
2.269600e+07
1.662100e+08
1.469500e+08
5.186200e+07
6.769200e+07
1.300200e+08
5.508300e+07
1.383300e+08
3.408500e+07
8.604600e+07
1.037700e+08
4.859700e+07
1.063700e+08
5.155500e+07
4.703600e+07
7.540700e+07
3.356100e+07
1.063800e+08
5.048600e+07
1.130600e+08
4.034500e+07
1.202200e+08
1.208300e+08
9.472800e+07
1.395600e+08
1.199900e+08
4.139600e+07
5.457600e+07
6.358300e+07
1.402400e+08
1.421100e+08
1.292600e+08
4.418600e+07
7.585100e+07
1.502500e+07
1.150000e+08
3.158700e+07
1.680300e+08
1.648200e+08
5.583500e+07
5.382500e+07
1.596000e+08
9.043000e+07
9.766500e+07
7.049300e+07
3.873300e+07
7.421400e+07
3.266300e+07
3.699400e+07
1.154400e+08
5.256600e+07
5.441700e+07
6.331100e+07
2.189800e+07
9.175800e+07
1.536200e+08
4.388700e+07
9.984500e+07
7.499700e+07
1.136600e+08
7.571900e+07
5.114100e+07
4.159200e+07
3.757300e+07
8.750800e+07
2.557600e+07
8.037100e+06
1.081700e+08
7.981500e+07
6.794100e+07
8.489600e+07
3.413500e+07
5.729000e+07
5.664800e+07
4.337500e+07
9.391500e+07
1.198700e+08
6.846100e+07
8.512100e+07
6.697400e+07
1.033500e+08
1.352600e+08
8.330600e+07
1.175600e+08
3.876200e+07
3.383100e+07
1.849800e+07
3.365400e+07
6.212600e+07
6.511600e+07
5.303500e+07
5.744800e+07
7.326500e+07
8.748300e+07
6.086900e+07
6.586700e+07
8.467300e+07
1.086500e+08
8.329800e+07
